Season,Phase,Round,Gamecode,NUM_ANOT,TEAM,ID_PLAYER,PLAYER,ID_ACTION,ACTION,POINTS,COORD_X,COORD_Y,ZONE,FASTBREAK,SECOND_CHANCE,POINTS_OFF_TURNOVER,MINUTE,CONSOLE,POINTS_A,POINTS_B,UTC
2007,RS,1,1,2,BAS,PCBX,"PRIGIONI, PABLO",3FGM,Three Pointer,3,515,479,G,,,,1,10:00,0,3,
2007,RS,1,1,4,OLY,PTFV,"WOODS, QYNTEL",2FGA,Missed Two Pointer,0,-2,451,I,,,,1,10:00,0,3,
2007,RS,1,1,8,OLY,PCBV,"MACIJAUSKAS, ARVYDAS",2FGM,Two Pointer,2,-33,17,D,,,,1,10:00,2,3,
2007,RS,1,1,10,BAS,PCBY,"SPLITTER, TIAGO",2FGM,Two Pointer,2,17,33,C,,,,2,09:00,2,5,
2007,RS,1,1,12,OLY,P000126,"JACKSON, MARC",2FGA,Missed Two Pointer,0,43,76,C,,,,2,09:00,2,5,
2007,RS,1,1,14,BAS,PANB,"RAKOCEVIC, IGOR",2FGA,Missed Two Pointer,0,-5,12,D,,,,2,09:00,2,5,
2007,RS,1,1,16,OLY,P000126,"JACKSON, MARC",2FGAB,Missed Two Pointer,0,-17,41,D,,,,2,09:00,2,5,
2007,RS,1,1,22,OLY,PCBV,"MACIJAUSKAS, ARVYDAS",2FGM,Two Pointer,2,-5,48,D,,,,2,09:00,4,5,
2007,RS,1,1,25,BAS,PCBX,"PRIGIONI, PABLO",3FGA,Missed Three Pointer,0,10,676,G,,,,3,08:00,4,5,
2007,RS,1,1,27,OLY,P000126,"JACKSON, MARC",2FGM,Two Pointer,2,15,61,C,,,,3,08:00,6,5,
2007,RS,1,1,32,OLY,PAQU,"BOUROUSIS, IOANNIS",2FGA,Missed Two Pointer,0,-397,212,E,,,,4,07:00,6,5,
2007,RS,1,1,34,OLY,PCRR,"GREER, LYNN TERENCE",3FGA,Missed Three Pointer,0,-43,689,J,,,,4,07:00,6,5,
2007,RS,1,1,35,BAS,PANB,"RAKOCEVIC, IGOR",3FGM,Three Pointer,3,592,323,A,,,,4,07:00,6,8,
2007,RS,1,1,36,OLY,PCBV,"MACIJAUSKAS, ARVYDAS",2FGA,Missed Two Pointer,0,-17,469,I,,,,4,07:00,6,8,
2007,RS,1,1,38,OLY,PTFV,"WOODS, QYNTEL",3FGA,Missed Three Pointer,0,471,533,G,,,,4,07:00,6,8,
2007,RS,1,1,45,OLY,PCBV,"MACIJAUSKAS, ARVYDAS",2FGM,Two Pointer,2,-402,189,E,,,,5,06:00,8,8,
2007,RS,1,1,48,BAS,PANB,"RAKOCEVIC, IGOR",2FGA,Missed Two Pointer,0,-294,264,E,,,,5,06:00,8,8,
2007,RS,1,1,50,OLY,PCRR,"GREER, LYNN TERENCE",2FGA,Missed Two Pointer,0,302,289,B,,,,5,06:00,8,8,
2007,RS,1,1,51,BAS,PJZJ,"TELETOVIC, MIRZA",3FGM,Three Pointer,3,-551,423,F,,,,5,06:00,8,11,
2007,RS,1,1,53,OLY,PTFV,"WOODS, QYNTEL",3FGM,Three Pointer,3,17,669,G,,,,5,06:00,11,11,
2007,RS,1,1,56,BAS,PJZJ,"TELETOVIC, MIRZA",2FGA,Missed Two Pointer,0,0,479,I,,,,6,05:00,11,11,
2007,RS,1,1,58,BAS,PCBY,"SPLITTER, TIAGO",2FGAB,Missed Two Pointer,0,38,41,C,,,,6,05:00,11,11,
2007,RS,1,1,61,BAS,PJWO,"MICKEAL, PETE",3FGA,Missed Three Pointer,0,-479,482,J,,,,6,05:00,11,11,
2007,RS,1,1,63,BAS,PCBY,"SPLITTER, TIAGO",2FGM,Two Pointer,2,-10,456,I,,,,6,05:00,11,13,
2007,RS,1,1,65,OLY,PCRR,"GREER, LYNN TERENCE",2FGM,Two Pointer,2,353,207,B,,,,6,05:00,13,13,
2007,RS,1,1,66,BAS,PJZJ,"TELETOVIC, MIRZA",3FGA,Missed Three Pointer,0,628,276,A,,,,6,05:00,13,13,
2007,RS,1,1,72,OLY,PCBV,"MACIJAUSKAS, ARVYDAS",2FGA,Missed Two Pointer,0,-402,46,E,,,,7,04:00,13,13,
2007,RS,1,1,75,BAS,PJZJ,"TELETOVIC, MIRZA",2FGA,Missed Two Pointer,0,38,35,C,,,,7,04:00,13,13,
2007,RS,1,1,76,BAS,PJZJ,"TELETOVIC, MIRZA",2FGAB,Missed Two Pointer,0,41,23,C,,,,7,04:00,13,13,
2007,RS,1,1,79,BAS,PANB,"RAKOCEVIC, IGOR",2FGA,Missed Two Pointer,0,-2,28,D,,,,7,04:00,13,13,
2007,RS,1,1,81,BAS,PJZJ,"TELETOVIC, MIRZA",2FGA,Missed Two Pointer,0,20,41,C,,,,7,04:00,13,13,
2007,RS,1,1,85,BAS,PJZJ,"TELETOVIC, MIRZA",2FGA,Missed Two Pointer,0,35,25,C,,,,7,04:00,13,13,
2007,RS,1,1,86,BAS,PJWO,"MICKEAL, PETE",2FGA,Missed Two Pointer,0,28,41,C,,,,7,04:00,13,13,
2007,RS,1,1,98,OLY,PCBV,"MACIJAUSKAS, ARVYDAS",FTM,Free Throw In,1,-1,-1, ,,,,8,03:00,14,13,
2007,RS,1,1,103,BAS,PCBY,"SPLITTER, TIAGO",FTM,Free Throw In,1,-1,-1, ,,,,8,03:00,14,14,
2007,RS,1,1,112,OLY,PCRR,"GREER, LYNN TERENCE",FTM,Free Throw In,1,-1,-1, ,,,,8,03:00,15,14,
2007,RS,1,1,113,OLY,PCRR,"GREER, LYNN TERENCE",FTM,Free Throw In,1,-1,-1, ,,,,8,03:00,16,14,
2007,RS,1,1,118,BAS,PJZJ,"TELETOVIC, MIRZA",2FGM,Two Pointer,2,35,38,C,,,,8,03:00,16,16,
2007,RS,1,1,124,OLY,PCRR,"GREER, LYNN TERENCE",FTM,Free Throw In,1,-1,-1, ,,,,9,02:00,17,16,
2007,RS,1,1,125,OLY,PCRR,"GREER, LYNN TERENCE",FTM,Free Throw In,1,-1,-1, ,,,,9,02:00,18,16,
2007,RS,1,1,128,BAS,PANB,"RAKOCEVIC, IGOR",2FGA,Missed Two Pointer,0,20,7,C,,,,9,02:00,18,16,
2007,RS,1,1,129,BAS,PANB,"RAKOCEVIC, IGOR",2FGAB,Missed Two Pointer,0,0,33,D,,,,9,02:00,18,16,
2007,RS,1,1,133,OLY,PAQU,"BOUROUSIS, IOANNIS",3FGM,Three Pointer,3,12,679,G,,,,9,02:00,21,16,
2007,RS,1,1,135,BAS,PAFP,"PLANINIC, ZORAN",2FGA,Missed Two Pointer,0,25,43,C,,,,9,02:00,21,16,
2007,RS,1,1,137,BAS,PCBY,"SPLITTER, TIAGO",2FGM,Two Pointer,2,7,28,C,,,,9,02:00,21,18,
2007,RS,1,1,139,OLY,P000126,"JACKSON, MARC",3FGM,Three Pointer,3,10,674,G,,,,10,01:00,24,18,
2007,RS,1,1,142,BAS,PAFP,"PLANINIC, ZORAN",2FGM,Two Pointer,2,-141,576,I,,,,10,01:00,24,20,
2007,RS,1,1,143,OLY,PCRR,"GREER, LYNN TERENCE",2FGA,Missed Two Pointer,0,5,35,C,,,,10,01:00,24,20,
2007,RS,1,1,149,OLY,P000126,"JACKSON, MARC",FTM,Free Throw In,1,-1,-1, ,,,,10,01:00,25,20,
2007,RS,1,1,150,OLY,P000126,"JACKSON, MARC",FTM,Free Throw In,1,-1,-1, ,,,,10,01:00,26,20,
2007,RS,1,1,155,BAS,PAFP,"PLANINIC, ZORAN",3FGA,Missed Three Pointer,0,-671,-105,F,,,,10,01:00,26,20,
2007,RS,1,1,167,OLY,PCRR,"GREER, LYNN TERENCE",2FGM,Two Pointer,2,-38,30,D,,,,11,10:00,28,20,
2007,RS,1,1,170,OLY,P000126,"JACKSON, MARC",2FGA,Missed Two Pointer,0,10,48,C,,,,11,10:00,28,20,
2007,RS,1,1,177,BAS,PAFP,"PLANINIC, ZORAN",2FGM,Two Pointer,2,138,143,C,,,,12,09:00,28,22,
2007,RS,1,1,179,OLY,P000126,"JACKSON, MARC",2FGA,Missed Two Pointer,0,-5,43,D,,,,12,09:00,28,22,
2007,RS,1,1,181,OLY,PCBV,"MACIJAUSKAS, ARVYDAS",3FGA,Missed Three Pointer,0,-623,197,F,,,,12,09:00,28,22,
2007,RS,1,1,183,OLY,PAQU,"BOUROUSIS, IOANNIS",2FGM,Two Pointer,2,10,48,C,,,,12,09:00,30,22,
2007,RS,1,1,187,OLY,PAQU,"BOUROUSIS, IOANNIS",FTM,Free Throw In,1,-1,-1, ,,,,12,09:00,31,22,
2007,RS,1,1,190,BAS,PAFP,"PLANINIC, ZORAN",2FGM,Two Pointer,2,5,28,C,,,,12,09:00,31,24,
2007,RS,1,1,192,OLY,P000126,"JACKSON, MARC",2FGA,Missed Two Pointer,0,-15,525,I,,,,13,08:00,31,24,
2007,RS,1,1,196,OLY,PTFV,"WOODS, QYNTEL",2FGM,Two Pointer,2,-7,33,D,,,,13,08:00,33,24,
2007,RS,1,1,199,BAS,PAJK,"VIDAL, SERGI",FTM,Free Throw In,1,-1,-1, ,,,,13,08:00,33,25,
2007,RS,1,1,202,OLY,PTFV,"WOODS, QYNTEL",3FGM,Three Pointer,3,-628,312,F,,,,13,08:00,36,25,
2007,RS,1,1,204,BAS,PJTT,"MCDONALD, WILL",2FGM,Two Pointer,2,0,5,D,,,,13,08:00,36,27,
2007,RS,1,1,207,OLY,P000126,"JACKSON, MARC",2FGM,Two Pointer,2,7,61,C,,,,14,07:00,38,27,
2007,RS,1,1,221,OLY,P000126,"JACKSON, MARC",FTM,Free Throw In,1,-1,-1, ,,,,14,07:00,39,27,
2007,RS,1,1,222,OLY,P000126,"JACKSON, MARC",FTM,Free Throw In,1,-1,-1, ,,,,14,07:00,40,27,
2007,RS,1,1,225,BAS,PJTT,"MCDONALD, WILL",2FGAB,Missed Two Pointer,0,30,53,C,,,,14,07:00,40,27,
2007,RS,1,1,236,OLY,PCRR,"GREER, LYNN TERENCE",2FGM,Two Pointer,2,-12,48,D,,,,15,06:00,42,27,
2007,RS,1,1,238,BAS,PCBX,"PRIGIONI, PABLO",3FGA,Missed Three Pointer,0,-594,335,F,,,,15,06:00,42,27,
2007,RS,1,1,240,BAS,PJZJ,"TELETOVIC, MIRZA",3FGA,Missed Three Pointer,0,-664,156,F,,,,15,06:00,42,27,
2007,RS,1,1,242,OLY,P000126,"JACKSON, MARC",2FGM,Two Pointer,2,-2,135,D,,,,15,06:00,44,27,
2007,RS,1,1,243,BAS,PAFP,"PLANINIC, ZORAN",2FGA,Missed Two Pointer,0,2,46,D,,,,15,06:00,44,27,
2007,RS,1,1,248,BAS,PANB,"RAKOCEVIC, IGOR",2FGA,Missed Two Pointer,0,-102,107,D,,,,16,05:00,44,27,
2007,RS,1,1,250,BAS,PJZJ,"TELETOVIC, MIRZA",2FGA,Missed Two Pointer,0,7,41,C,,,,16,05:00,44,27,
2007,RS,1,1,252,BAS,PJZJ,"TELETOVIC, MIRZA",2FGM,Two Pointer,2,12,2,C,,,,16,05:00,44,29,
2007,RS,1,1,255,OLY,PCRR,"GREER, LYNN TERENCE",FTM,Free Throw In,1,-1,-1, ,,,,16,05:00,45,29,
2007,RS,1,1,256,OLY,PCRR,"GREER, LYNN TERENCE",FTM,Free Throw In,1,-1,-1, ,,,,16,05:00,46,29,
2007,RS,1,1,257,BAS,PCBY,"SPLITTER, TIAGO",2FGM,Two Pointer,2,-56,82,D,,,,16,05:00,46,31,
2007,RS,1,1,260,OLY,PCBV,"MACIJAUSKAS, ARVYDAS",2FGA,Missed Two Pointer,0,-23,356,D,,,,17,04:00,46,31,
2007,RS,1,1,262,BAS,PAFP,"PLANINIC, ZORAN",3FGA,Missed Three Pointer,0,-251,633,J,,,,17,04:00,46,31,
2007,RS,1,1,265,BAS,PCBY,"SPLITTER, TIAGO",2FGA,Missed Two Pointer,0,-15,448,I,,,,17,04:00,46,31,
2007,RS,1,1,270,BAS,PANB,"RAKOCEVIC, IGOR",3FGM,Three Pointer,3,338,571,G,,,,17,04:00,46,34,
2007,RS,1,1,273,OLY,P000126,"JACKSON, MARC",2FGM,Two Pointer,2,-25,458,I,,,,18,03:00,48,34,
2007,RS,1,1,274,BAS,PCBX,"PRIGIONI, PABLO",3FGM,Three Pointer,3,576,402,A,,,,18,03:00,48,37,
2007,RS,1,1,276,OLY,PCRR,"GREER, LYNN TERENCE",3FGM,Three Pointer,3,-266,669,J,,,,18,03:00,51,37,
2007,RS,1,1,277,BAS,PAFP,"PLANINIC, ZORAN",2FGAB,Missed Two Pointer,0,0,92,D,,,,18,03:00,51,37,
2007,RS,1,1,286,BAS,PCBX,"PRIGIONI, PABLO",3FGA,Missed Three Pointer,0,658,64,A,,,,19,02:00,51,37,
2007,RS,1,1,288,OLY,PJDR,"TEODOSIC, MILOS",3FGA,Missed Three Pointer,0,292,643,G,,,,19,02:00,51,37,
2007,RS,1,1,291,BAS,PCBX,"PRIGIONI, PABLO",3FGA,Missed Three Pointer,0,356,258,B,,,,19,02:00,51,37,
2007,RS,1,1,294,OLY,PJDR,"TEODOSIC, MILOS",2FGM,Two Pointer,2,10,125,C,,,,20,01:00,53,37,
2007,RS,1,1,301,OLY,PCBV,"MACIJAUSKAS, ARVYDAS",FTM,Free Throw In,1,-1,-1, ,,,,20,01:00,54,37,
2007,RS,1,1,302,OLY,PCBV,"MACIJAUSKAS, ARVYDAS",FTM,Free Throw In,1,-1,-1, ,,,,20,01:00,55,37,
2007,RS,1,1,305,OLY,PCRR,"GREER, LYNN TERENCE",2FGA,Missed Two Pointer,0,-38,51,D,,,,20,01:00,55,37,
2007,RS,1,1,307,BAS,PAFP,"PLANINIC, ZORAN",2FGA,Missed Two Pointer,0,-5,48,D,,,,20,01:00,55,37,
2007,RS,1,1,318,OLY,PCRR,"GREER, LYNN TERENCE",2FGA,Missed Two Pointer,0,2,79,D,,,,20,01:00,55,37,
2007,RS,1,1,334,OLY,P000126,"JACKSON, MARC",3FGM,Three Pointer,3,-51,702,J,,,,21,10:00,58,37,
2007,RS,1,1,336,BAS,PCBX,"PRIGIONI, PABLO",3FGA,Missed Three Pointer,0,-292,638,J,,,,21,10:00,58,37,
2007,RS,1,1,338,BAS,PJZJ,"TELETOVIC, MIRZA",2FGM,Two Pointer,2,-25,35,D,,,,21,10:00,58,39,
2007,RS,1,1,340,OLY,P000126,"JACKSON, MARC",2FGA,Missed Two Pointer,0,292,464,H,,,,22,09:00,58,39,
2007,RS,1,1,345,OLY,PCRR,"GREER, LYNN TERENCE",3FGA,Missed Three Pointer,0,-420,535,J,,,,22,09:00,58,39,
2007,RS,1,1,347,BAS,PAFP,"PLANINIC, ZORAN",3FGM,Three Pointer,3,-246,646,J,,,,22,09:00,58,42,
2007,RS,1,1,349,OLY,PTFV,"WOODS, QYNTEL",2FGM,Two Pointer,2,-351,320,E,,,,22,09:00,60,42,
2007,RS,1,1,352,BAS,PJZJ,"TELETOVIC, MIRZA",3FGM,Three Pointer,3,-7,682,J,,,,22,09:00,60,45,
2007,RS,1,1,358,BAS,PJTT,"MCDONALD, WILL",2FGM,Two Pointer,2,-30,38,D,,,,22,09:00,60,47,
2007,RS,1,1,361,BAS,PJTT,"MCDONALD, WILL",FTM,Free Throw In,1,-1,-1, ,,,,23,08:00,60,48,
2007,RS,1,1,365,BAS,PAFP,"PLANINIC, ZORAN",2FGM,Two Pointer,2,-28,33,D,,,,23,08:00,60,50,
2007,RS,1,1,367,OLY,P000126,"JACKSON, MARC",2FGA,Missed Two Pointer,0,-53,107,D,,,,24,07:00,60,50,
2007,RS,1,1,369,BAS,PJTT,"MCDONALD, WILL",2FGM,Two Pointer,2,-33,51,D,,,,24,07:00,60,52,
2007,RS,1,1,376,OLY,P000126,"JACKSON, MARC",2FGM,Two Pointer,2,261,428,H,,,,25,06:00,62,52,
2007,RS,1,1,379,OLY,P000126,"JACKSON, MARC",FTM,Free Throw In,1,-1,-1, ,,,,25,06:00,63,52,
2007,RS,1,1,380,BAS,PAFP,"PLANINIC, ZORAN",3FGM,Three Pointer,3,-264,620,J,,,,25,06:00,63,55,
2007,RS,1,1,382,OLY,PAQU,"BOUROUSIS, IOANNIS",3FGA,Missed Three Pointer,0,-666,146,F,,,,25,06:00,63,55,
2007,RS,1,1,386,BAS,PJZJ,"TELETOVIC, MIRZA",FTM,Free Throw In,1,-1,-1, ,,,,25,06:00,63,56,
2007,RS,1,1,387,BAS,PJZJ,"TELETOVIC, MIRZA",FTM,Free Throw In,1,-1,-1, ,,,,25,06:00,63,57,
2007,RS,1,1,392,OLY,PTFV,"WOODS, QYNTEL",2FGA,Missed Two Pointer,0,-276,464,I,,,,25,06:00,63,57,
2007,RS,1,1,396,BAS,PCBX,"PRIGIONI, PABLO",FTM,Free Throw In,1,-1,-1, ,,,,25,06:00,63,58,
2007,RS,1,1,397,BAS,PCBX,"PRIGIONI, PABLO",FTM,Free Throw In,1,-1,-1, ,,,,25,06:00,63,59,
2007,RS,1,1,402,OLY,PCRR,"GREER, LYNN TERENCE",3FGA,Missed Three Pointer,0,107,664,G,,,,26,05:00,63,59,
2007,RS,1,1,404,BAS,PAFP,"PLANINIC, ZORAN",3FGM,Three Pointer,3,317,594,G,,,,26,05:00,63,62,
2007,RS,1,1,406,OLY,PAMM,"PRINTEZIS, GEORGIOS",2FGM,Two Pointer,2,5,51,C,,,,27,04:00,65,62,
2007,RS,1,1,408,BAS,PAFP,"PLANINIC, ZORAN",3FGA,Missed Three Pointer,0,-453,571,J,,,,27,04:00,65,62,
2007,RS,1,1,412,OLY,PAMM,"PRINTEZIS, GEORGIOS",2FGA,Missed Two Pointer,0,0,-7,D,,,,27,04:00,65,62,
2007,RS,1,1,418,BAS,PAJK,"VIDAL, SERGI",FTM,Free Throw In,1,-1,-1, ,,,,27,04:00,65,63,
2007,RS,1,1,420,OLY,PTFV,"WOODS, QYNTEL",2FGA,Missed Two Pointer,0,-2,323,D,,,,28,03:00,65,63,
2007,RS,1,1,422,BAS,PJZJ,"TELETOVIC, MIRZA",3FGA,Missed Three Pointer,0,679,71,A,,,,28,03:00,65,63,
2007,RS,1,1,424,OLY,PAMM,"PRINTEZIS, GEORGIOS",2FGA,Missed Two Pointer,0,58,161,C,,,,28,03:00,65,63,
2007,RS,1,1,426,BAS,PANB,"RAKOCEVIC, IGOR",2FGM,Two Pointer,2,-5,58,D,,,,28,03:00,65,65,
2007,RS,1,1,439,BAS,PANB,"RAKOCEVIC, IGOR",2FGAB,Missed Two Pointer,0,-23,43,D,,,,29,02:00,65,65,
2007,RS,1,1,443,OLY,PTFV,"WOODS, QYNTEL",2FGM,Two Pointer,2,38,64,C,,,,29,02:00,67,65,
2007,RS,1,1,448,OLY,PCBV,"MACIJAUSKAS, ARVYDAS",3FGM,Three Pointer,3,384,600,G,,,,30,01:00,70,65,
2007,RS,1,1,450,BAS,PANB,"RAKOCEVIC, IGOR",3FGA,Missed Three Pointer,0,-125,712,J,,,,30,01:00,70,65,
2007,RS,1,1,457,BAS,PANB,"RAKOCEVIC, IGOR",2FGM,Two Pointer,2,0,20,D,,,,31,10:00,70,67,
2007,RS,1,1,458,BAS,PAFP,"PLANINIC, ZORAN",2FGM,Two Pointer,2,-20,43,D,,,,31,10:00,70,69,
2007,RS,1,1,463,BAS,PJWO,"MICKEAL, PETE",2FGM,Two Pointer,2,-15,69,D,,,,31,10:00,70,71,
2007,RS,1,1,471,OLY,PTFV,"WOODS, QYNTEL",FTM,Free Throw In,1,-1,-1, ,,,,32,09:00,71,71,
2007,RS,1,1,472,BAS,PJWO,"MICKEAL, PETE",3FGM,Three Pointer,3,-669,25,F,,,,32,09:00,71,74,
2007,RS,1,1,474,OLY,PTFV,"WOODS, QYNTEL",2FGM,Two Pointer,2,-43,369,D,,,,32,09:00,73,74,
2007,RS,1,1,480,OLY,PCBV,"MACIJAUSKAS, ARVYDAS",2FGM,Two Pointer,2,-274,243,E,,,,32,09:00,75,74,
2007,RS,1,1,482,BAS,PANB,"RAKOCEVIC, IGOR",2FGA,Missed Two Pointer,0,-110,164,D,,,,32,09:00,75,74,
2007,RS,1,1,483,BAS,PJWO,"MICKEAL, PETE",3FGA,Missed Three Pointer,0,69,735,G,,,,32,09:00,75,74,
2007,RS,1,1,490,BAS,PJWO,"MICKEAL, PETE",FTM,Free Throw In,1,-1,-1, ,,,,33,08:00,75,75,
2007,RS,1,1,491,OLY,PTFV,"WOODS, QYNTEL",2FGM,Two Pointer,2,-23,156,D,,,,33,08:00,77,75,
2007,RS,1,1,492,BAS,PCBY,"SPLITTER, TIAGO",2FGM,Two Pointer,2,-12,48,D,,,,33,08:00,77,77,
2007,RS,1,1,494,BAS,PJWO,"MICKEAL, PETE",FTM,Free Throw In,1,-1,-1, ,,,,33,08:00,77,78,
2007,RS,1,1,498,OLY,PAQU,"BOUROUSIS, IOANNIS",2FGA,Missed Two Pointer,0,212,307,B,,,,34,07:00,77,78,
2007,RS,1,1,501,OLY,P000126,"JACKSON, MARC",2FGA,Missed Two Pointer,0,-143,189,D,,,,34,07:00,77,78,
2007,RS,1,1,504,OLY,PAQU,"BOUROUSIS, IOANNIS",FTM,Free Throw In,1,-1,-1, ,,,,34,07:00,78,78,
2007,RS,1,1,505,OLY,PAQU,"BOUROUSIS, IOANNIS",FTM,Free Throw In,1,-1,-1, ,,,,34,07:00,79,78,
2007,RS,1,1,507,BAS,PANB,"RAKOCEVIC, IGOR",3FGA,Missed Three Pointer,0,-589,394,F,,,,35,06:00,79,78,
2007,RS,1,1,509,OLY,PCBV,"MACIJAUSKAS, ARVYDAS",2FGM,Two Pointer,2,156,379,C,,,,35,06:00,81,78,
2007,RS,1,1,517,BAS,PJWO,"MICKEAL, PETE",2FGM,Two Pointer,2,400,176,B,,,,35,06:00,81,80,
2007,RS,1,1,519,OLY,PCRR,"GREER, LYNN TERENCE",2FGA,Missed Two Pointer,0,174,197,C,,,,36,05:00,81,80,
2007,RS,1,1,521,OLY,PTFV,"WOODS, QYNTEL",2FGM,Two Pointer,2,12,17,C,,,,36,05:00,83,80,
2007,RS,1,1,523,BAS,PAFP,"PLANINIC, ZORAN",3FGA,Missed Three Pointer,0,-656,43,F,,,,36,05:00,83,80,
2007,RS,1,1,525,OLY,PAQU,"BOUROUSIS, IOANNIS",2FGM,Two Pointer,2,7,2,C,,,,36,05:00,85,80,
2007,RS,1,1,528,BAS,PJTT,"MCDONALD, WILL",2FGA,Missed Two Pointer,0,-361,194,E,,,,37,04:00,85,80,
2007,RS,1,1,530,OLY,PCRR,"GREER, LYNN TERENCE",3FGM,Three Pointer,3,433,523,G,,,,37,04:00,88,80,
2007,RS,1,1,531,BAS,PCBX,"PRIGIONI, PABLO",3FGA,Missed Three Pointer,0,684,58,A,,,,37,04:00,88,80,
2007,RS,1,1,533,OLY,PAQU,"BOUROUSIS, IOANNIS",3FGA,Missed Three Pointer,0,79,682,G,,,,37,04:00,88,80,
2007,RS,1,1,536,BAS,PAFP,"PLANINIC, ZORAN",3FGA,Missed Three Pointer,0,-671,71,F,,,,38,03:00,88,80,
2007,RS,1,1,538,BAS,PJZJ,"TELETOVIC, MIRZA",2FGM,Two Pointer,2,-58,38,D,,,,38,03:00,88,82,
2007,RS,1,1,539,OLY,PAQU,"BOUROUSIS, IOANNIS",3FGA,Missed Three Pointer,0,-566,456,J,,,,38,03:00,88,82,
2007,RS,1,1,554,BAS,PAJK,"VIDAL, SERGI",3FGM,Three Pointer,3,-656,120,F,,,,39,02:00,88,85,
2007,RS,1,1,556,OLY,PCRR,"GREER, LYNN TERENCE",2FGA,Missed Two Pointer,0,-43,71,D,,,,39,02:00,88,85,
2007,RS,1,1,560,BAS,PJZJ,"TELETOVIC, MIRZA",3FGA,Missed Three Pointer,0,679,102,A,,,,39,02:00,88,85,
2007,RS,1,1,566,OLY,PCRR,"GREER, LYNN TERENCE",FTM,Free Throw In,1,-1,-1, ,,,,40,01:00,89,85,
2007,RS,1,1,567,OLY,PCRR,"GREER, LYNN TERENCE",FTM,Free Throw In,1,-1,-1, ,,,,40,01:00,90,85,
2007,RS,1,1,586,BAS,PJTT,"MCDONALD, WILL",FTM,Free Throw In,1,-1,-1, ,,,,40,01:00,90,86,
2007,RS,1,1,587,BAS,PJTT,"MCDONALD, WILL",FTM,Free Throw In,1,-1,-1, ,,,,40,01:00,90,87,
2007,RS,1,1,590,OLY,PCBV,"MACIJAUSKAS, ARVYDAS",FTM,Free Throw In,1,-1,-1, ,,,,40,01:00,91,87,
2007,RS,1,1,591,OLY,PCBV,"MACIJAUSKAS, ARVYDAS",FTM,Free Throw In,1,-1,-1, ,,,,40,01:00,92,87,
2007,RS,1,1,594,BAS,PJZJ,"TELETOVIC, MIRZA",3FGM,Three Pointer,3,656,82,A,,,,40,01:00,92,90,
2007,RS,1,1,601,OLY,PCBV,"MACIJAUSKAS, ARVYDAS",FTM,Free Throw In,1,-1,-1, ,,,,40,01:00,93,90,
2007,RS,1,1,602,OLY,PCBV,"MACIJAUSKAS, ARVYDAS",2FGM,Two Pointer,2,5,-5,C,,,,40,01:00,95,90,
2007,RS,1,2,2,ZAL,PANY,"SALENGA, DAINIUS",3FGAB,Missed Three Pointer,0,56,707,G,,,,1,10:00,0,0,
2007,RS,1,2,8,ZAL,PBWI,"JANKUNAS, PAULIUS",2FGM,Two Pointer,2,-76,33,D,,,,1,10:00,0,2,
2007,RS,1,2,9,ZAL,PBWI,"JANKUNAS, PAULIUS",FTM,Free Throw In,1,-1,-1, ,,,,1,10:00,0,3,
2007,RS,1,2,10,VIR,PBXA,"GIOVANNONI, GUILHERME",2FGM,Two Pointer,2,238,133,C,,,,1,10:00,2,3,
2007,RS,1,2,11,ZAL,PADX,"ZUKAUSKAS, EURELJUS",2FGAB,Missed Two Pointer,0,410,517,G,,,,1,10:00,2,3,
2007,RS,1,2,13,VIR,PBXA,"GIOVANNONI, GUILHERME",2FGA,Missed Two Pointer,0,-323,302,E,,,,1,10:00,2,3,
2007,RS,1,2,15,ZAL,PBWI,"JANKUNAS, PAULIUS",2FGM,Two Pointer,2,-56,251,D,,,,1,10:00,2,5,
2007,RS,1,2,17,VIR,PTGM,"SPENCER, DEWARICK",2FGAB,Missed Two Pointer,0,302,610,G,,,,1,10:00,2,5,
2007,RS,1,2,19,ZAL,PBWI,"JANKUNAS, PAULIUS",2FGM,Two Pointer,2,269,256,B,,,,1,10:00,2,7,
2007,RS,1,2,20,ZAL,PANY,"SALENGA, DAINIUS",3FGAB,Missed Three Pointer,0,371,961,G,,,,1,10:00,2,7,
2007,RS,1,2,23,VIR,PTGZ,"LESTINI, FEDERICO",3FGAB,Missed Three Pointer,0,410,587,G,,,,1,10:00,2,7,
2007,RS,1,2,31,VIR,PTGM,"SPENCER, DEWARICK",2FGM,Two Pointer,2,320,307,B,,,,3,08:00,4,7,
2007,RS,1,2,35,ZAL,PAHT,"BROWN, MARCUS",3FGM,Three Pointer,3,82,674,G,,,,3,08:00,4,10,
2007,RS,1,2,39,ZAL,PBDB,"COLLINS, DE JUAN",3FGAB,Missed Three Pointer,0,-507,553,J,,,,3,08:00,4,10,
2007,RS,1,2,41,VIR,PTGT,"CONROY, WILL",3FGM,Three Pointer,3,-71,674,J,,,,3,08:00,7,10,
2007,RS,1,2,49,ZAL,PBDB,"COLLINS, DE JUAN",FTM,Free Throw In,1,-1,-1, ,,,,5,06:00,7,11,
2007,RS,1,2,50,ZAL,PBDB,"COLLINS, DE JUAN",FTM,Free Throw In,1,-1,-1, ,,,,5,06:00,7,12,
2007,RS,1,2,51,VIR,PTGM,"SPENCER, DEWARICK",2FGA,Missed Two Pointer,0,-28,387,D,,,,5,06:00,7,12,
2007,RS,1,2,53,ZAL,PAHT,"BROWN, MARCUS",3FGM,Three Pointer,3,82,712,G,,,,5,06:00,7,15,
2007,RS,1,2,58,ZAL,PBWI,"JANKUNAS, PAULIUS",3FGAB,Missed Three Pointer,0,51,689,G,,,,6,05:00,7,15,
2007,RS,1,2,66,VIR,PTGM,"SPENCER, DEWARICK",2FGM,Two Pointer,2,7,7,C,,,,6,05:00,9,15,
2007,RS,1,2,67,ZAL,PAHT,"BROWN, MARCUS",3FGAB,Missed Three Pointer,0,56,679,G,,,,6,05:00,9,15,
2007,RS,1,2,72,ZAL,PANY,"SALENGA, DAINIUS",2FGM,Two Pointer,2,-79,79,D,,,,7,04:00,9,17,
2007,RS,1,2,73,VIR,PTGV,"ANDERSON, ALAN",2FGM,Two Pointer,2,438,164,B,,,,7,04:00,11,17,
2007,RS,1,2,75,ZAL,PANY,"SALENGA, DAINIUS",2FGA,Missed Two Pointer,0,-89,33,D,,,,8,03:00,11,17,
2007,RS,1,2,77,VIR,PTGT,"CONROY, WILL",3FGM,Three Pointer,3,56,51,C,,,,8,03:00,14,17,
2007,RS,1,2,79,ZAL,PBDB,"COLLINS, DE JUAN",2FGM,Two Pointer,2,74,12,C,,,,8,03:00,14,19,
2007,RS,1,2,80,VIR,PBXA,"GIOVANNONI, GUILHERME",2FGM,Two Pointer,2,61,28,C,,,,8,03:00,16,19,
2007,RS,1,2,89,VIR,PTGT,"CONROY, WILL",2FGA,Missed Two Pointer,0,-138,89,D,,,,8,03:00,16,19,
2007,RS,1,2,93,VIR,PBXA,"GIOVANNONI, GUILHERME",2FGA,Missed Two Pointer,0,64,89,C,,,,8,03:00,16,19,
2007,RS,1,2,95,VIR,PTGO,"CROSARIOL, ANDREA",2FGM,Two Pointer,2,15,30,C,,,,8,03:00,18,19,
2007,RS,1,2,104,ZAL,PJCC,"MACIULIS, JONAS",FTM,Free Throw In,1,-1,-1, ,,,,9,02:00,18,20,
2007,RS,1,2,114,VIR,PTGV,"ANDERSON, ALAN",FTM,Free Throw In,1,-1,-1, ,,,,10,01:00,19,20,
2007,RS,1,2,121,ZAL,PBDB,"COLLINS, DE JUAN",FTM,Free Throw In,1,-1,-1, ,,,,10,01:00,19,21,
2007,RS,1,2,550,ZAL,PJCC,"MACIULIS, JONAS",2FGM,Two Pointer,2,0,0,B,,,,11,10:00,19,23,
2007,RS,1,2,134,VIR,PTGM,"SPENCER, DEWARICK",3FGA,Missed Three Pointer,0,-433,558,J,,,,11,10:00,19,23,
2007,RS,1,2,139,ZAL,PBTR,"BEARD, TANOKA",2FGA,Missed Two Pointer,0,-317,271,E,,,,11,10:00,19,23,
2007,RS,1,2,141,VIR,PTGQ,"DI BELLA, FABIO",2FGA,Missed Two Pointer,0,-82,53,D,,,,11,10:00,19,23,
2007,RS,1,2,145,VIR,PTGO,"CROSARIOL, ANDREA",2FGA,Missed Two Pointer,0,-17,456,I,,,,12,09:00,19,23,
2007,RS,1,2,148,VIR,PLHB,"GARRI, LUCA",2FGM,Two Pointer,2,79,71,C,,,,12,09:00,21,23,
2007,RS,1,2,152,VIR,PTGV,"ANDERSON, ALAN",2FGM,Two Pointer,2,-12,382,D,,,,13,08:00,23,23,
2007,RS,1,2,158,ZAL,PJCC,"MACIULIS, JONAS",FTM,Free Throw In,1,-1,-1, ,,,,13,08:00,23,24,
2007,RS,1,2,159,ZAL,PJCC,"MACIULIS, JONAS",FTM,Free Throw In,1,-1,-1, ,,,,13,08:00,23,25,
2007,RS,1,2,160,VIR,PTGV,"ANDERSON, ALAN",3FGM,Three Pointer,3,705,-2,A,,,,13,08:00,26,25,
2007,RS,1,2,161,ZAL,PATP,"POPOVIC, MARKO",3FGM,Three Pointer,3,0,656,J,,,,13,08:00,26,28,
2007,RS,1,2,162,VIR,PTGV,"ANDERSON, ALAN",3FGA,Missed Three Pointer,0,-500,471,J,,,,13,08:00,26,28,
2007,RS,1,2,164,ZAL,PJCC,"MACIULIS, JONAS",2FGA,Missed Two Pointer,0,205,125,C,,,,13,08:00,26,28,
2007,RS,1,2,166,ZAL,PBDE,"JURAK, GORAN",2FGA,Missed Two Pointer,0,105,48,C,,,,13,08:00,26,28,
2007,RS,1,2,168,ZAL,PBDB,"COLLINS, DE JUAN",2FGM,Two Pointer,2,-56,79,D,,,,13,08:00,26,30,
2007,RS,1,2,170,VIR,PLHB,"GARRI, LUCA",2FGA,Missed Two Pointer,0,76,71,C,,,,14,07:00,26,30,
2007,RS,1,2,174,ZAL,PATP,"POPOVIC, MARKO",3FGM,Three Pointer,3,417,525,G,,,,14,07:00,26,33,
2007,RS,1,2,178,VIR,PBEW,"CHIACIG, ROBERTO",2FGA,Missed Two Pointer,0,71,43,C,,,,15,06:00,26,33,
2007,RS,1,2,191,VIR,PBEW,"CHIACIG, ROBERTO",2FGA,Missed Two Pointer,0,-71,38,D,,,,15,06:00,26,33,
2007,RS,1,2,194,VIR,PLHB,"GARRI, LUCA",2FGA,Missed Two Pointer,0,-369,238,E,,,,16,05:00,26,33,
2007,RS,1,2,202,VIR,PTGZ,"LESTINI, FEDERICO",2FGA,Missed Two Pointer,0,-2,17,D,,,,16,05:00,26,33,
2007,RS,1,2,204,ZAL,PATP,"POPOVIC, MARKO",3FGA,Missed Three Pointer,0,153,653,G,,,,16,05:00,26,33,
2007,RS,1,2,207,VIR,PBEW,"CHIACIG, ROBERTO",2FGM,Two Pointer,2,-535,-71,E,,,,16,05:00,28,33,
2007,RS,1,2,216,ZAL,PJCC,"MACIULIS, JONAS",3FGA,Missed Three Pointer,0,641,323,A,,,,17,04:00,28,33,
2007,RS,1,2,224,VIR,PTGZ,"LESTINI, FEDERICO",3FGAB,Missed Three Pointer,0,-151,682,J,,,,17,04:00,28,33,
2007,RS,1,2,228,ZAL,PAHT,"BROWN, MARCUS",3FGA,Missed Three Pointer,0,320,600,G,,,,17,04:00,28,33,
2007,RS,1,2,230,ZAL,PBDE,"JURAK, GORAN",2FGM,Two Pointer,2,66,28,C,,,,17,04:00,28,35,
2007,RS,1,2,231,VIR,PTGQ,"DI BELLA, FABIO",2FGM,Two Pointer,2,-79,115,D,,,,17,04:00,30,35,
2007,RS,1,2,232,ZAL,PBDE,"JURAK, GORAN",2FGA,Missed Two Pointer,0,89,38,C,,,,17,04:00,30,35,
2007,RS,1,2,235,VIR,PTGT,"CONROY, WILL",2FGM,Two Pointer,2,30,105,C,,,,18,03:00,32,35,
2007,RS,1,2,236,ZAL,PBDE,"JURAK, GORAN",2FGM,Two Pointer,2,123,135,C,,,,18,03:00,32,37,
2007,RS,1,2,239,ZAL,PJCC,"MACIULIS, JONAS",2FGM,Two Pointer,2,56,233,C,,,,19,02:00,32,39,
2007,RS,1,2,250,ZAL,PJCC,"MACIULIS, JONAS",3FGA,Missed Three Pointer,0,143,666,G,,,,19,02:00,32,39,
2007,RS,1,2,254,VIR,PTGV,"ANDERSON, ALAN",2FGA,Missed Two Pointer,0,92,25,C,,,,19,02:00,32,39,
2007,RS,1,2,256,VIR,PBEW,"CHIACIG, ROBERTO",2FGA,Missed Two Pointer,0,69,15,C,,,,19,02:00,32,39,
2007,RS,1,2,258,VIR,PTGV,"ANDERSON, ALAN",2FGM,Two Pointer,2,-17,371,D,,,,19,02:00,34,39,
2007,RS,1,2,264,VIR,PBXA,"GIOVANNONI, GUILHERME",3FGM,Three Pointer,3,-674,10,F,,,,20,01:00,37,39,
2007,RS,1,2,275,ZAL,PJCC,"MACIULIS, JONAS",2FGM,Two Pointer,2,-2,97,D,,,,21,10:00,37,41,
2007,RS,1,2,277,VIR,PTGV,"ANDERSON, ALAN",3FGM,Three Pointer,3,0,712,J,,,,21,10:00,40,41,
2007,RS,1,2,278,ZAL,PBDB,"COLLINS, DE JUAN",2FGM,Two Pointer,2,-41,84,D,,,,21,10:00,40,43,
2007,RS,1,2,280,VIR,PBEW,"CHIACIG, ROBERTO",2FGA,Missed Two Pointer,0,-115,102,D,,,,21,10:00,40,43,
2007,RS,1,2,282,VIR,PLHB,"GARRI, LUCA",2FGM,Two Pointer,2,7,92,C,,,,21,10:00,42,43,
2007,RS,1,2,291,VIR,PTGM,"SPENCER, DEWARICK",2FGA,Missed Two Pointer,0,-12,87,D,,,,22,09:00,42,43,
2007,RS,1,2,293,VIR,PBEW,"CHIACIG, ROBERTO",2FGM,Two Pointer,2,12,92,C,,,,22,09:00,44,43,
2007,RS,1,2,294,ZAL,PBWI,"JANKUNAS, PAULIUS",2FGA,Missed Two Pointer,0,0,100,D,,,,22,09:00,44,43,
2007,RS,1,2,296,VIR,PTGV,"ANDERSON, ALAN",2FGM,Two Pointer,2,-20,117,D,,,,22,09:00,46,43,
2007,RS,1,2,298,ZAL,PADX,"ZUKAUSKAS, EURELJUS",2FGM,Two Pointer,2,-23,79,D,,,,23,08:00,46,45,
2007,RS,1,2,299,VIR,PLHB,"GARRI, LUCA",3FGA,Missed Three Pointer,0,-23,694,J,,,,23,08:00,46,45,
2007,RS,1,2,301,ZAL,PBWI,"JANKUNAS, PAULIUS",2FGM,Two Pointer,2,-10,-5,D,,,,23,08:00,46,47,
2007,RS,1,2,303,VIR,PTGT,"CONROY, WILL",2FGM,Two Pointer,2,58,97,C,,,,23,08:00,48,47,
2007,RS,1,2,308,VIR,PTGT,"CONROY, WILL",FTM,Free Throw In,1,-1,-1, ,,,,23,08:00,49,47,
2007,RS,1,2,312,ZAL,PBWI,"JANKUNAS, PAULIUS",2FGM,Two Pointer,2,-10,100,D,,,,24,07:00,49,49,
2007,RS,1,2,314,VIR,PTGV,"ANDERSON, ALAN",3FGM,Three Pointer,3,-382,633,J,,,,24,07:00,52,49,
2007,RS,1,2,321,ZAL,PJCC,"MACIULIS, JONAS",FTM,Free Throw In,1,-1,-1, ,,,,24,07:00,52,50,
2007,RS,1,2,326,VIR,PBEW,"CHIACIG, ROBERTO",2FGM,Two Pointer,2,0,7,D,,,,24,07:00,54,50,
2007,RS,1,2,329,ZAL,PADX,"ZUKAUSKAS, EURELJUS",2FGM,Two Pointer,2,-17,146,D,,,,25,06:00,54,52,
2007,RS,1,2,331,VIR,PBEW,"CHIACIG, ROBERTO",2FGA,Missed Two Pointer,0,-35,102,D,,,,25,06:00,54,52,
2007,RS,1,2,333,VIR,PLHB,"GARRI, LUCA",2FGA,Missed Two Pointer,0,-76,105,D,,,,25,06:00,54,52,
2007,RS,1,2,346,ZAL,PBTR,"BEARD, TANOKA",FTM,Free Throw In,1,-1,-1, ,,,,26,05:00,54,53,
2007,RS,1,2,349,ZAL,PAHT,"BROWN, MARCUS",3FGA,Missed Three Pointer,0,410,646,G,,,,26,05:00,54,53,
2007,RS,1,2,353,ZAL,PBDB,"COLLINS, DE JUAN",3FGA,Missed Three Pointer,0,458,592,G,,,,26,05:00,54,53,
2007,RS,1,2,358,ZAL,PBWI,"JANKUNAS, PAULIUS",2FGM,Two Pointer,2,53,164,C,,,,26,05:00,54,55,
2007,RS,1,2,362,ZAL,PAHT,"BROWN, MARCUS",3FGA,Missed Three Pointer,0,58,738,G,,,,26,05:00,54,55,
2007,RS,1,2,364,ZAL,PBTR,"BEARD, TANOKA",2FGM,Two Pointer,2,-25,128,D,,,,26,05:00,54,57,
2007,RS,1,2,369,VIR,PTGO,"CROSARIOL, ANDREA",2FGM,Two Pointer,2,38,100,C,,,,27,04:00,56,57,
2007,RS,1,2,370,ZAL,PBWI,"JANKUNAS, PAULIUS",2FGM,Two Pointer,2,7,156,C,,,,27,04:00,56,59,
2007,RS,1,2,379,VIR,PBXA,"GIOVANNONI, GUILHERME",3FGA,Missed Three Pointer,0,692,271,A,,,,28,03:00,56,59,
2007,RS,1,2,381,VIR,PTGQ,"DI BELLA, FABIO",3FGA,Missed Three Pointer,0,-656,515,J,,,,28,03:00,56,59,
2007,RS,1,2,385,ZAL,PBDE,"JURAK, GORAN",FTM,Free Throw In,1,-1,-1, ,,,,28,03:00,56,60,
2007,RS,1,2,386,ZAL,PBDE,"JURAK, GORAN",FTM,Free Throw In,1,-1,-1, ,,,,28,03:00,56,61,
2007,RS,1,2,387,VIR,PTGM,"SPENCER, DEWARICK",2FGA,Missed Two Pointer,0,164,125,C,,,,28,03:00,56,61,
2007,RS,1,2,389,ZAL,PBDE,"JURAK, GORAN",3FGA,Missed Three Pointer,0,28,771,G,,,,28,03:00,56,61,
2007,RS,1,2,396,VIR,PTGZ,"LESTINI, FEDERICO",FTM,Free Throw In,1,-1,-1, ,,,,30,01:00,57,61,
2007,RS,1,2,399,ZAL,PBDE,"JURAK, GORAN",3FGA,Missed Three Pointer,0,-58,707,J,,,,30,01:00,57,61,
2007,RS,1,2,407,VIR,PTGO,"CROSARIOL, ANDREA",2FGM,Two Pointer,2,38,84,C,,,,31,10:00,59,61,
2007,RS,1,2,411,VIR,PTGV,"ANDERSON, ALAN",3FGAB,Missed Three Pointer,0,-584,294,F,,,,31,10:00,59,61,
2007,RS,1,2,414,VIR,PTGV,"ANDERSON, ALAN",2FGA,Missed Two Pointer,0,135,102,C,,,,31,10:00,59,61,
2007,RS,1,2,420,ZAL,PJCC,"MACIULIS, JONAS",3FGA,Missed Three Pointer,0,-717,479,J,,,,32,09:00,59,61,
2007,RS,1,2,424,VIR,PTGV,"ANDERSON, ALAN",2FGM,Two Pointer,2,38,153,C,,,,32,09:00,61,61,
2007,RS,1,2,425,ZAL,PJCC,"MACIULIS, JONAS",2FGM,Two Pointer,2,-46,130,D,,,,32,09:00,61,63,
2007,RS,1,2,430,VIR,PTGV,"ANDERSON, ALAN",3FGA,Missed Three Pointer,0,476,600,G,,,,33,08:00,61,63,
2007,RS,1,2,432,ZAL,PBDB,"COLLINS, DE JUAN",2FGM,Two Pointer,2,-7,107,D,,,,33,08:00,61,65,
2007,RS,1,2,433,VIR,PTGQ,"DI BELLA, FABIO",2FGM,Two Pointer,2,74,89,C,,,,33,08:00,63,65,
2007,RS,1,2,434,ZAL,PATP,"POPOVIC, MARKO",3FGA,Missed Three Pointer,0,-284,794,J,,,,33,08:00,63,65,
2007,RS,1,2,436,VIR,PTGV,"ANDERSON, ALAN",2FGA,Missed Two Pointer,0,179,120,C,,,,33,08:00,63,65,
2007,RS,1,2,438,ZAL,PBDB,"COLLINS, DE JUAN",3FGA,Missed Three Pointer,0,-394,715,J,,,,33,08:00,63,65,
2007,RS,1,2,441,VIR,PBXA,"GIOVANNONI, GUILHERME",2FGM,Two Pointer,2,-12,0,D,,,,33,08:00,65,65,
2007,RS,1,2,447,ZAL,PBTR,"BEARD, TANOKA",3FGA,Missed Three Pointer,0,-33,717,J,,,,35,06:00,65,65,
2007,RS,1,2,455,VIR,PTGV,"ANDERSON, ALAN",FTM,Free Throw In,1,-1,-1, ,,,,35,06:00,66,65,
2007,RS,1,2,456,VIR,PTGV,"ANDERSON, ALAN",FTM,Free Throw In,1,-1,-1, ,,,,35,06:00,67,65,
2007,RS,1,2,459,VIR,PTGQ,"DI BELLA, FABIO",2FGM,Two Pointer,2,35,153,C,,,,35,06:00,69,65,
2007,RS,1,2,461,ZAL,PAHT,"BROWN, MARCUS",3FGA,Missed Three Pointer,0,-515,625,J,,,,36,05:00,69,65,
2007,RS,1,2,463,VIR,PBXA,"GIOVANNONI, GUILHERME",3FGA,Missed Three Pointer,0,574,476,G,,,,36,05:00,69,65,
2007,RS,1,2,473,ZAL,PBTR,"BEARD, TANOKA",FTM,Free Throw In,1,-1,-1, ,,,,36,05:00,69,66,
2007,RS,1,2,476,VIR,PTGT,"CONROY, WILL",3FGA,Missed Three Pointer,0,610,384,A,,,,36,05:00,69,66,
2007,RS,1,2,481,ZAL,PBWI,"JANKUNAS, PAULIUS",3FGA,Missed Three Pointer,0,-530,600,J,,,,37,04:00,69,66,
2007,RS,1,2,483,VIR,PBXA,"GIOVANNONI, GUILHERME",2FGA,Missed Two Pointer,0,125,161,C,,,,37,04:00,69,66,
2007,RS,1,2,485,ZAL,PANY,"SALENGA, DAINIUS",3FGM,Three Pointer,3,512,528,G,,,,37,04:00,69,69,
2007,RS,1,2,488,VIR,PTGO,"CROSARIOL, ANDREA",2FGM,Two Pointer,2,-2,17,D,,,,38,03:00,71,69,
2007,RS,1,2,495,ZAL,PBTR,"BEARD, TANOKA",2FGA,Missed Two Pointer,0,-92,171,D,,,,38,03:00,71,69,
2007,RS,1,2,500,VIR,PTGM,"SPENCER, DEWARICK",2FGM,Two Pointer,2,38,110,C,,,,38,03:00,73,69,
2007,RS,1,2,501,ZAL,PATP,"POPOVIC, MARKO",3FGA,Missed Three Pointer,0,-338,715,J,,,,38,03:00,73,69,
2007,RS,1,2,504,VIR,PTGV,"ANDERSON, ALAN",2FGM,Two Pointer,2,417,164,B,,,,39,02:00,75,69,
2007,RS,1,2,510,ZAL,PBDB,"COLLINS, DE JUAN",2FGA,Missed Two Pointer,0,-12,220,D,,,,39,02:00,75,69,
2007,RS,1,2,515,ZAL,PATP,"POPOVIC, MARKO",3FGM,Three Pointer,3,566,482,G,,,,39,02:00,75,72,
2007,RS,1,2,522,ZAL,PBTR,"BEARD, TANOKA",FTM,Free Throw In,1,-1,-1, ,,,,40,01:00,75,73,
2007,RS,1,2,523,VIR,PTGM,"SPENCER, DEWARICK",2FGM,Two Pointer,2,89,79,C,,,,40,01:00,77,73,
2007,RS,1,2,525,ZAL,PBDB,"COLLINS, DE JUAN",3FGA,Missed Three Pointer,0,-530,723,J,,,,40,01:00,77,73,
2007,RS,1,2,531,VIR,PTGV,"ANDERSON, ALAN",FTM,Free Throw In,1,-1,-1, ,,,,40,01:00,78,73,
2007,RS,1,2,532,VIR,PTGV,"ANDERSON, ALAN",FTM,Free Throw In,1,-1,-1, ,,,,40,01:00,79,73,
2007,RS,1,2,534,ZAL,PATP,"POPOVIC, MARKO",2FGA,Missed Two Pointer,0,-35,182,D,,,,40,01:00,79,73,
2007,RS,1,2,537,ZAL,PBTR,"BEARD, TANOKA",2FGM,Two Pointer,2,35,146,C,,,,40,01:00,79,75,
2007,RS,1,2,541,VIR,PTGV,"ANDERSON, ALAN",FTM,Free Throw In,1,-1,-1, ,,,,40,01:00,80,75,
2007,RS,1,2,542,VIR,PTGV,"ANDERSON, ALAN",FTM,Free Throw In,1,-1,-1, ,,,,40,01:00,81,75,
2007,RS,1,2,548,VIR,PBXA,"GIOVANNONI, GUILHERME",2FGA,Missed Two Pointer,0,25,187,C,,,,40,01:00,81,75,
2007,RS,1,3,3,SOP,PABC,"GUROVIC, MILAN",3FGA,Missed Three Pointer,0,-417,548,J,,,,1,10:00,0,0,
2007,RS,1,3,5,CSK,PAQO,"HOLDEN, JON ROBERT",3FGA,Missed Three Pointer,0,-356,617,J,,,,1,10:00,0,0,
2007,RS,1,3,7,SOP,PKVL,"BEST, TRAVIS",3FGA,Missed Three Pointer,0,-394,566,J,,,,1,10:00,0,0,
2007,RS,1,3,8,SOP,PTGA,"WAGNER, DAJUAN",2FGA,Missed Two Pointer,0,-284,187,E,,,,1,10:00,0,0,
2007,RS,1,3,11,CSK,PAQO,"HOLDEN, JON ROBERT",2FGM,Two Pointer,2,325,497,H,,,,2,09:00,0,2,
2007,RS,1,3,12,SOP,PABC,"GUROVIC, MILAN",2FGA,Missed Two Pointer,0,-84,23,D,,,,2,09:00,0,2,
2007,RS,1,3,15,SOP,PTGA,"WAGNER, DAJUAN",2FGM,Two Pointer,2,-15,553,I,,,,2,09:00,2,2,
2007,RS,1,3,21,SOP,PKVL,"BEST, TRAVIS",3FGA,Missed Three Pointer,0,-107,682,J,,,,3,08:00,2,2,
2007,RS,1,3,23,CSK,PALC,"SMODIS, MATJAZ",2FGM,Two Pointer,2,505,56,B,,,,3,08:00,2,4,
2007,RS,1,3,27,SOP,PABC,"GUROVIC, MILAN",FTM,Free Throw In,1,-1,-1, ,,,,4,07:00,3,4,
2007,RS,1,3,28,SOP,PABC,"GUROVIC, MILAN",FTM,Free Throw In,1,-1,-1, ,,,,4,07:00,4,4,
2007,RS,1,3,29,CSK,PJMM,"SISKAUSKAS, RAMUNAS",3FGA,Missed Three Pointer,0,-89,697,J,,,,4,07:00,4,4,
2007,RS,1,3,31,SOP,PABC,"GUROVIC, MILAN",3FGM,Three Pointer,3,-502,497,J,,,,4,07:00,7,4,
2007,RS,1,3,34,SOP,PTGA,"WAGNER, DAJUAN",2FGA,Missed Two Pointer,0,-282,392,E,,,,4,07:00,7,4,
2007,RS,1,3,39,CSK,PBEB,"LANGDON, TRAJAN",2FGA,Missed Two Pointer,0,5,487,H,,,,5,06:00,7,4,
2007,RS,1,3,41,CSK,PALC,"SMODIS, MATJAZ",3FGAB,Missed Three Pointer,0,-94,653,J,,,,5,06:00,7,4,
2007,RS,1,3,44,CSK,PAQO,"HOLDEN, JON ROBERT",3FGA,Missed Three Pointer,0,105,694,G,,,,5,06:00,7,4,
2007,RS,1,3,46,SOP,PASG,"VAN DEN SPIEGEL, TOMAS",2FGM,Two Pointer,2,-84,17,D,,,,5,06:00,9,4,
2007,RS,1,3,48,CSK,PALC,"SMODIS, MATJAZ",2FGM,Two Pointer,2,141,51,C,,,,5,06:00,9,6,
2007,RS,1,3,50,SOP,PTGA,"WAGNER, DAJUAN",2FGM,Two Pointer,2,-189,30,D,,,,6,05:00,11,6,
2007,RS,1,3,59,CSK,PAKT,"ANDERSEN, DAVID",3FGM,Three Pointer,3,-133,682,J,,,,6,05:00,11,9,
2007,RS,1,3,66,SOP,PABC,"GUROVIC, MILAN",3FGM,Three Pointer,3,51,676,G,,,,7,04:00,14,9,
2007,RS,1,3,68,CSK,PAKT,"ANDERSEN, DAVID",3FGA,Missed Three Pointer,0,166,664,G,,,,7,04:00,14,9,
2007,RS,1,3,73,CSK,PAKT,"ANDERSEN, DAVID",2FGA,Missed Two Pointer,0,-302,135,E,,,,8,03:00,14,9,
2007,RS,1,3,81,SOP,PTGA,"WAGNER, DAJUAN",FTM,Free Throw In,1,-1,-1, ,,,,8,03:00,15,9,
2007,RS,1,3,82,SOP,PTGA,"WAGNER, DAJUAN",FTM,Free Throw In,1,-1,-1, ,,,,8,03:00,16,9,
2007,RS,1,3,83,CSK,PATW,"PAPALOUKAS, THEODOROS",2FGA,Missed Two Pointer,0,148,23,C,,,,8,03:00,16,9,
2007,RS,1,3,85,SOP,PABC,"GUROVIC, MILAN",2FGA,Missed Two Pointer,0,-87,156,D,,,,8,03:00,16,9,
2007,RS,1,3,92,CSK,PAKT,"ANDERSEN, DAVID",2FGA,Missed Two Pointer,0,-135,123,D,,,,9,02:00,16,9,
2007,RS,1,3,95,CSK,PATW,"PAPALOUKAS, THEODOROS",3FGA,Missed Three Pointer,0,-258,669,J,,,,9,02:00,16,9,
2007,RS,1,3,97,CSK,PAKT,"ANDERSEN, DAVID",2FGA,Missed Two Pointer,0,325,107,B,,,,9,02:00,16,9,
2007,RS,1,3,99,CSK,PATW,"PAPALOUKAS, THEODOROS",2FGAB,Missed Two Pointer,0,-79,74,D,,,,9,02:00,16,9,
2007,RS,1,3,107,CSK,PABN,"ZISIS, NIKOLAOS",2FGM,Two Pointer,2,-79,115,D,,,,10,01:00,16,11,
2007,RS,1,3,111,CSK,PABN,"ZISIS, NIKOLAOS",2FGM,Two Pointer,2,-133,120,D,,,,10,01:00,16,13,
2007,RS,1,3,115,CSK,PABN,"ZISIS, NIKOLAOS",2FGM,Two Pointer,2,69,135,C,,,,11,10:00,16,15,
2007,RS,1,3,118,CSK,PABN,"ZISIS, NIKOLAOS",FTM,Free Throw In,1,-1,-1, ,,,,11,10:00,16,16,
2007,RS,1,3,123,CSK,PABN,"ZISIS, NIKOLAOS",3FGM,Three Pointer,3,479,489,G,,,,11,10:00,16,19,
2007,RS,1,3,125,SOP,PABC,"GUROVIC, MILAN",3FGM,Three Pointer,3,407,538,G,,,,11,10:00,19,19,
2007,RS,1,3,128,CSK,PATW,"PAPALOUKAS, THEODOROS",3FGM,Three Pointer,3,-217,646,J,,,,12,09:00,19,22,
2007,RS,1,3,129,SOP,PABC,"GUROVIC, MILAN",2FGA,Missed Two Pointer,0,105,102,C,,,,12,09:00,19,22,
2007,RS,1,3,131,CSK,PBEB,"LANGDON, TRAJAN",2FGM,Two Pointer,2,-117,369,D,,,,12,09:00,19,24,
2007,RS,1,3,141,SOP,PABC,"GUROVIC, MILAN",2FGM,Two Pointer,2,-248,410,E,,,,13,08:00,21,24,
2007,RS,1,3,142,CSK,PALC,"SMODIS, MATJAZ",2FGA,Missed Two Pointer,0,-53,200,D,,,,13,08:00,21,24,
2007,RS,1,3,144,SOP,PACY,"SLANINA, DONATAS",3FGA,Missed Three Pointer,0,469,515,G,,,,13,08:00,21,24,
2007,RS,1,3,147,CSK,PATW,"PAPALOUKAS, THEODOROS",2FGM,Two Pointer,2,-330,133,E,,,,14,07:00,21,26,
2007,RS,1,3,149,SOP,PABC,"GUROVIC, MILAN",2FGM,Two Pointer,2,-51,56,D,,,,14,07:00,23,26,
2007,RS,1,3,157,CSK,PALR,"SAVRASENKO, ALEKSEY",FTM,Free Throw In,1,-1,-1, ,,,,14,07:00,23,27,
2007,RS,1,3,158,CSK,PALR,"SAVRASENKO, ALEKSEY",FTM,Free Throw In,1,-1,-1, ,,,,14,07:00,23,28,
2007,RS,1,3,159,SOP,PACY,"SLANINA, DONATAS",2FGM,Two Pointer,2,-56,115,D,,,,14,07:00,25,28,
2007,RS,1,3,161,CSK,PALR,"SAVRASENKO, ALEKSEY",2FGM,Two Pointer,2,71,43,C,,,,15,06:00,25,30,
2007,RS,1,3,168,CSK,PALR,"SAVRASENKO, ALEKSEY",2FGM,Two Pointer,2,102,94,C,,,,15,06:00,25,32,
2007,RS,1,3,172,CSK,PALC,"SMODIS, MATJAZ",2FGA,Missed Two Pointer,0,579,156,B,,,,16,05:00,25,32,
2007,RS,1,3,180,SOP,PACY,"SLANINA, DONATAS",2FGM,Two Pointer,2,-305,510,I,,,,16,05:00,27,32,
2007,RS,1,3,187,SOP,PBCM,"HARISSIS, CHRISTOS",3FGM,Three Pointer,3,256,620,G,,,,17,04:00,30,32,
2007,RS,1,3,188,CSK,PABN,"ZISIS, NIKOLAOS",3FGM,Three Pointer,3,-330,584,J,,,,17,04:00,30,35,
2007,RS,1,3,194,CSK,PALC,"SMODIS, MATJAZ",2FGM,Two Pointer,2,92,148,C,,,,18,03:00,30,37,
2007,RS,1,3,196,SOP,PTFZ,"ROSZYK, KRZYSZTOF",2FGA,Missed Two Pointer,0,87,12,C,,,,18,03:00,30,37,
2007,RS,1,3,198,CSK,PJMM,"SISKAUSKAS, RAMUNAS",3FGM,Three Pointer,3,-312,620,J,,,,18,03:00,30,40,
2007,RS,1,3,201,SOP,PBCM,"HARISSIS, CHRISTOS",3FGA,Missed Three Pointer,0,376,582,G,,,,19,02:00,30,40,
2007,RS,1,3,205,CSK,PJMM,"SISKAUSKAS, RAMUNAS",2FGM,Two Pointer,2,79,82,C,,,,19,02:00,30,42,
2007,RS,1,3,212,CSK,PALR,"SAVRASENKO, ALEKSEY",2FGAB,Missed Two Pointer,0,61,66,C,,,,20,01:00,30,42,
2007,RS,1,3,215,SOP,PASG,"VAN DEN SPIEGEL, TOMAS",2FGM,Two Pointer,2,-171,271,D,,,,20,01:00,32,42,
2007,RS,1,3,219,CSK,PJMM,"SISKAUSKAS, RAMUNAS",FTM,Free Throw In,1,-1,-1, ,,,,20,01:00,32,43,
2007,RS,1,3,220,CSK,PAQO,"HOLDEN, JON ROBERT",2FGM,Two Pointer,2,5,94,C,,,,20,01:00,32,45,
2007,RS,1,3,229,SOP,PABC,"GUROVIC, MILAN",2FGM,Two Pointer,2,82,220,C,,,,21,10:00,34,45,
2007,RS,1,3,231,CSK,PALR,"SAVRASENKO, ALEKSEY",2FGM,Two Pointer,2,82,92,C,,,,21,10:00,34,47,
2007,RS,1,3,237,SOP,PACX,"MASIULIS, TOMAS",FTM,Free Throw In,1,-1,-1, ,,,,21,10:00,35,47,
2007,RS,1,3,238,SOP,PACX,"MASIULIS, TOMAS",FTM,Free Throw In,1,-1,-1, ,,,,21,10:00,36,47,
2007,RS,1,3,241,CSK,PAQO,"HOLDEN, JON ROBERT",2FGM,Two Pointer,2,-300,256,E,,,,22,09:00,36,49,
2007,RS,1,3,244,SOP,PTGA,"WAGNER, DAJUAN",2FGA,Missed Two Pointer,0,-292,402,E,,,,22,09:00,36,49,
2007,RS,1,3,248,SOP,PASG,"VAN DEN SPIEGEL, TOMAS",2FGA,Missed Two Pointer,0,-17,158,D,,,,22,09:00,36,49,
2007,RS,1,3,250,CSK,PALR,"SAVRASENKO, ALEKSEY",2FGAB,Missed Two Pointer,0,5,115,C,,,,22,09:00,36,49,
2007,RS,1,3,254,SOP,PTGA,"WAGNER, DAJUAN",2FGM,Two Pointer,2,-97,182,D,,,,22,09:00,38,49,
2007,RS,1,3,258,CSK,PBEB,"LANGDON, TRAJAN",3FGA,Missed Three Pointer,0,-233,630,J,,,,23,08:00,38,49,
2007,RS,1,3,260,SOP,PTGA,"WAGNER, DAJUAN",2FGA,Missed Two Pointer,0,-197,69,D,,,,23,08:00,38,49,
2007,RS,1,3,266,SOP,PTGA,"WAGNER, DAJUAN",2FGA,Missed Two Pointer,0,-94,69,D,,,,24,07:00,38,49,
2007,RS,1,3,268,SOP,PKVL,"BEST, TRAVIS",2FGM,Two Pointer,2,-289,333,E,,,,24,07:00,40,49,
2007,RS,1,3,271,CSK,PAKT,"ANDERSEN, DAVID",2FGM,Two Pointer,2,366,92,B,,,,24,07:00,40,51,
2007,RS,1,3,274,SOP,PABC,"GUROVIC, MILAN",3FGA,Missed Three Pointer,0,-2,723,J,,,,25,06:00,40,51,
2007,RS,1,3,281,SOP,PABC,"GUROVIC, MILAN",2FGA,Missed Two Pointer,0,66,333,C,,,,25,06:00,40,51,
2007,RS,1,3,287,CSK,PAKT,"ANDERSEN, DAVID",2FGM,Two Pointer,2,-228,271,E,,,,25,06:00,40,53,
2007,RS,1,3,291,SOP,PABC,"GUROVIC, MILAN",3FGA,Missed Three Pointer,0,-151,687,J,,,,26,05:00,40,53,
2007,RS,1,3,293,CSK,PAQO,"HOLDEN, JON ROBERT",2FGA,Missed Two Pointer,0,-58,584,I,,,,27,04:00,40,53,
2007,RS,1,3,297,SOP,PABC,"GUROVIC, MILAN",FTM,Free Throw In,1,-1,-1, ,,,,27,04:00,41,53,
2007,RS,1,3,298,SOP,PABC,"GUROVIC, MILAN",FTM,Free Throw In,1,-1,-1, ,,,,27,04:00,42,53,
2007,RS,1,3,306,CSK,PATW,"PAPALOUKAS, THEODOROS",FTM,Free Throw In,1,-1,-1, ,,,,27,04:00,42,54,
2007,RS,1,3,307,SOP,PABC,"GUROVIC, MILAN",3FGA,Missed Three Pointer,0,-684,25,F,,,,27,04:00,42,54,
2007,RS,1,3,309,CSK,PAKT,"ANDERSEN, DAVID",3FGM,Three Pointer,3,-279,630,J,,,,27,04:00,42,57,
2007,RS,1,3,315,SOP,PTGA,"WAGNER, DAJUAN",3FGA,Missed Three Pointer,0,207,669,G,,,,28,03:00,42,57,
2007,RS,1,3,317,SOP,PTGA,"WAGNER, DAJUAN",2FGM,Two Pointer,2,-105,56,D,,,,28,03:00,44,57,
2007,RS,1,3,320,CSK,PJMM,"SISKAUSKAS, RAMUNAS",FTM,Free Throw In,1,-1,-1, ,,,,28,03:00,44,58,
2007,RS,1,3,321,CSK,PJMM,"SISKAUSKAS, RAMUNAS",FTM,Free Throw In,1,-1,-1, ,,,,28,03:00,44,59,
2007,RS,1,3,324,SOP,PTGA,"WAGNER, DAJUAN",2FGA,Missed Two Pointer,0,-41,102,D,,,,28,03:00,44,59,
2007,RS,1,3,326,CSK,PJMM,"SISKAUSKAS, RAMUNAS",3FGM,Three Pointer,3,615,305,A,,,,28,03:00,44,62,
2007,RS,1,3,331,SOP,PACY,"SLANINA, DONATAS",FTM,Free Throw In,1,-1,-1, ,,,,29,02:00,45,62,
2007,RS,1,3,332,SOP,PACY,"SLANINA, DONATAS",FTM,Free Throw In,1,-1,-1, ,,,,29,02:00,46,62,
2007,RS,1,3,337,CSK,PJMM,"SISKAUSKAS, RAMUNAS",FTM,Free Throw In,1,-1,-1, ,,,,29,02:00,46,63,
2007,RS,1,3,338,CSK,PJMM,"SISKAUSKAS, RAMUNAS",FTM,Free Throw In,1,-1,-1, ,,,,29,02:00,46,64,
2007,RS,1,3,343,SOP,PASG,"VAN DEN SPIEGEL, TOMAS",FTM,Free Throw In,1,-1,-1, ,,,,29,02:00,47,64,
2007,RS,1,3,344,SOP,PASG,"VAN DEN SPIEGEL, TOMAS",FTM,Free Throw In,1,-1,-1, ,,,,29,02:00,48,64,
2007,RS,1,3,345,CSK,PALC,"SMODIS, MATJAZ",3FGA,Missed Three Pointer,0,-217,651,J,,,,29,02:00,48,64,
2007,RS,1,3,347,CSK,PATW,"PAPALOUKAS, THEODOROS",2FGM,Two Pointer,2,-84,97,D,,,,29,02:00,48,66,
2007,RS,1,3,348,SOP,PCLQ,"DYLEWICZ, FILIP",2FGM,Two Pointer,2,-92,51,D,,,,29,02:00,50,66,
2007,RS,1,3,349,CSK,PALC,"SMODIS, MATJAZ",3FGM,Three Pointer,3,320,589,G,,,,29,02:00,50,69,
2007,RS,1,3,354,CSK,PAUC,"GOREE, MARCUS",2FGA,Missed Two Pointer,0,400,100,B,,,,31,10:00,50,69,
2007,RS,1,3,356,CSK,PALC,"SMODIS, MATJAZ",2FGM,Two Pointer,2,-48,20,D,,,,31,10:00,50,71,
2007,RS,1,3,357,SOP,PABC,"GUROVIC, MILAN",2FGM,Two Pointer,2,-35,17,D,,,,31,10:00,52,71,
2007,RS,1,3,359,CSK,PATW,"PAPALOUKAS, THEODOROS",2FGA,Missed Two Pointer,0,61,269,C,,,,31,10:00,52,71,
2007,RS,1,3,365,CSK,PALC,"SMODIS, MATJAZ",3FGM,Three Pointer,3,-66,682,J,,,,31,10:00,52,74,
2007,RS,1,3,369,CSK,PAUC,"GOREE, MARCUS",3FGM,Three Pointer,3,451,517,G,,,,32,09:00,52,77,
2007,RS,1,3,371,SOP,PACY,"SLANINA, DONATAS",2FGM,Two Pointer,2,7,543,H,,,,33,08:00,54,77,
2007,RS,1,3,388,SOP,PBCM,"HARISSIS, CHRISTOS",2FGM,Two Pointer,2,-15,179,D,,,,33,08:00,56,77,
2007,RS,1,3,390,CSK,PBEB,"LANGDON, TRAJAN",3FGA,Missed Three Pointer,0,-297,623,J,,,,34,07:00,56,77,
2007,RS,1,3,392,SOP,PTGA,"WAGNER, DAJUAN",2FGA,Missed Two Pointer,0,189,179,C,,,,34,07:00,56,77,
2007,RS,1,3,394,CSK,PALC,"SMODIS, MATJAZ",2FGM,Two Pointer,2,-74,58,D,,,,34,07:00,56,79,
2007,RS,1,3,397,SOP,PABC,"GUROVIC, MILAN",2FGAB,Missed Two Pointer,0,92,35,C,,,,35,06:00,56,79,
2007,RS,1,3,401,CSK,PATW,"PAPALOUKAS, THEODOROS",3FGA,Missed Three Pointer,0,-310,625,J,,,,35,06:00,56,79,
2007,RS,1,3,408,SOP,PBCM,"HARISSIS, CHRISTOS",2FGM,Two Pointer,2,-592,97,E,,,,35,06:00,58,79,
2007,RS,1,3,409,CSK,PALC,"SMODIS, MATJAZ",2FGA,Missed Two Pointer,0,315,66,B,,,,35,06:00,58,79,
2007,RS,1,3,411,SOP,PACX,"MASIULIS, TOMAS",2FGA,Missed Two Pointer,0,-105,51,D,,,,35,06:00,58,79,
2007,RS,1,3,414,CSK,PBEB,"LANGDON, TRAJAN",3FGM,Three Pointer,3,-635,205,F,,,,36,05:00,58,82,
2007,RS,1,3,416,SOP,PTGA,"WAGNER, DAJUAN",2FGA,Missed Two Pointer,0,135,71,C,,,,36,05:00,58,82,
2007,RS,1,3,418,CSK,PBEB,"LANGDON, TRAJAN",2FGM,Two Pointer,2,400,30,B,,,,36,05:00,58,84,
2007,RS,1,3,421,SOP,PABC,"GUROVIC, MILAN",2FGM,Two Pointer,2,-84,41,D,,,,37,04:00,60,84,
2007,RS,1,3,423,CSK,PABN,"ZISIS, NIKOLAOS",2FGM,Two Pointer,2,-361,451,I,,,,37,04:00,60,86,
2007,RS,1,3,424,SOP,PBCE,"WOLKOWYSKY, RUBEN",3FGM,Three Pointer,3,228,633,G,,,,37,04:00,63,86,
2007,RS,1,3,426,CSK,PALC,"SMODIS, MATJAZ",2FGM,Two Pointer,2,-71,100,D,,,,37,04:00,63,88,
2007,RS,1,3,429,SOP,PBCE,"WOLKOWYSKY, RUBEN",3FGA,Missed Three Pointer,0,12,700,G,,,,38,03:00,63,88,
2007,RS,1,3,437,CSK,PAYU,"PASHUTIN, ZAKHAR",2FGA,Missed Two Pointer,0,-151,453,I,,,,38,03:00,63,88,
2007,RS,1,3,439,SOP,PABC,"GUROVIC, MILAN",2FGM,Two Pointer,2,112,35,C,,,,38,03:00,65,88,
2007,RS,1,3,441,CSK,PTFF,"ZABELIN, ARTEM",2FGA,Missed Two Pointer,0,-76,105,D,,,,38,03:00,65,88,
2007,RS,1,3,448,SOP,PACY,"SLANINA, DONATAS",2FGA,Missed Two Pointer,0,-269,371,E,,,,39,02:00,65,88,
2007,RS,1,3,450,SOP,PBCM,"HARISSIS, CHRISTOS",2FGA,Missed Two Pointer,0,-56,161,D,,,,39,02:00,65,88,
2007,RS,1,3,452,SOP,PBCM,"HARISSIS, CHRISTOS",2FGM,Two Pointer,2,-128,46,D,,,,39,02:00,67,88,
2007,RS,1,3,463,SOP,PACY,"SLANINA, DONATAS",2FGM,Two Pointer,2,-71,28,D,,,,40,01:00,69,88,
2007,RS,1,3,464,CSK,PABN,"ZISIS, NIKOLAOS",2FGA,Missed Two Pointer,0,69,100,C,,,,40,01:00,69,88,
2007,RS,1,3,466,SOP,PBCM,"HARISSIS, CHRISTOS",3FGA,Missed Three Pointer,0,235,651,G,,,,40,01:00,69,88,
2007,RS,1,4,6,LJU,PAIV,"MILIC, MARKO",2FGA,Missed Two Pointer,0,-38,189,D,,,,1,10:00,0,0,
2007,RS,1,4,10,SIE,PLMO,"SATO, ROMAIN",2FGM,Two Pointer,2,-5,251,D,,,,1,10:00,2,0,
2007,RS,1,4,11,LJU,PAPY,"HUKIC, JASMIN",2FGA,Missed Two Pointer,0,-74,46,D,,,,1,10:00,2,0,
2007,RS,1,4,13,SIE,PKWI,"MCINTYRE, TERRELL",3FGM,Three Pointer,3,310,600,G,,,,1,10:00,5,0,
2007,RS,1,4,17,LJU,PTGG,"TAYLOR, RONELL",FTM,Free Throw In,1,-1,-1, ,,,,2,09:00,5,1,
2007,RS,1,4,18,LJU,PTGG,"TAYLOR, RONELL",FTM,Free Throw In,1,-1,-1, ,,,,2,09:00,5,2,
2007,RS,1,4,19,SIE,PCCA,"THORNTON, BOOTSY",3FGA,Missed Three Pointer,0,-671,69,F,,,,2,09:00,5,2,
2007,RS,1,4,21,LJU,PAIV,"MILIC, MARKO",2FGM,Two Pointer,2,10,125,C,,,,2,09:00,5,4,
2007,RS,1,4,23,SIE,PCQO,"EZE, BENJAMIN",2FGM,Two Pointer,2,64,12,C,,,,3,08:00,7,4,
2007,RS,1,4,27,LJU,PAIV,"MILIC, MARKO",FTM,Free Throw In,1,-1,-1, ,,,,3,08:00,7,5,
2007,RS,1,4,28,LJU,PAIV,"MILIC, MARKO",FTM,Free Throw In,1,-1,-1, ,,,,3,08:00,7,6,
2007,RS,1,4,29,SIE,PCCA,"THORNTON, BOOTSY",2FGA,Missed Two Pointer,0,-58,289,D,,,,3,08:00,7,6,
2007,RS,1,4,34,LJU,PTHB,"DRAGIC, GORAN",2FGM,Two Pointer,2,-56,-2,D,,,,4,07:00,7,8,
2007,RS,1,4,35,SIE,PJOC,"STONEROOK, SHAUN",3FGM,Three Pointer,3,246,625,G,,,,4,07:00,10,8,
2007,RS,1,4,43,SIE,PCQO,"EZE, BENJAMIN",2FGM,Two Pointer,2,-371,33,E,,,,4,07:00,12,8,
2007,RS,1,4,45,LJU,PTGG,"TAYLOR, RONELL",2FGA,Missed Two Pointer,0,-82,25,D,,,,5,06:00,12,8,
2007,RS,1,4,47,LJU,P000184,"BOOKER, CHRIS",2FGA,Missed Two Pointer,0,53,35,C,,,,5,06:00,12,8,
2007,RS,1,4,53,LJU,PAIV,"MILIC, MARKO",2FGA,Missed Two Pointer,0,20,79,C,,,,5,06:00,12,8,
2007,RS,1,4,55,LJU,PTHB,"DRAGIC, GORAN",2FGA,Missed Two Pointer,0,-43,43,D,,,,5,06:00,12,8,
2007,RS,1,4,58,SIE,PCCA,"THORNTON, BOOTSY",2FGM,Two Pointer,2,-38,20,D,,,,5,06:00,14,8,
2007,RS,1,4,60,LJU,PTGG,"TAYLOR, RONELL",2FGA,Missed Two Pointer,0,56,20,C,,,,6,05:00,14,8,
2007,RS,1,4,63,SIE,PCCA,"THORNTON, BOOTSY",2FGM,Two Pointer,2,-38,38,D,,,,6,05:00,16,8,
2007,RS,1,4,65,LJU,PTGG,"TAYLOR, RONELL",2FGA,Missed Two Pointer,0,-87,202,D,,,,6,05:00,16,8,
2007,RS,1,4,67,SIE,PBJR,"KAUKENAS, RIMANTAS",2FGA,Missed Two Pointer,0,-194,410,E,,,,6,05:00,16,8,
2007,RS,1,4,70,LJU,PTGG,"TAYLOR, RONELL",3FGM,Three Pointer,3,674,94,A,,,,7,04:00,16,11,
2007,RS,1,4,72,SIE,PKWI,"MCINTYRE, TERRELL",2FGA,Missed Two Pointer,0,176,153,C,,,,7,04:00,16,11,
2007,RS,1,4,75,LJU,PAIV,"MILIC, MARKO",2FGM,Two Pointer,2,51,5,C,,,,7,04:00,16,13,
2007,RS,1,4,77,SIE,PBJR,"KAUKENAS, RIMANTAS",2FGA,Missed Two Pointer,0,-112,107,D,,,,8,03:00,16,13,
2007,RS,1,4,79,LJU,PTHB,"DRAGIC, GORAN",2FGM,Two Pointer,2,38,33,C,,,,8,03:00,16,15,
2007,RS,1,4,81,SIE,PCCA,"THORNTON, BOOTSY",2FGM,Two Pointer,2,64,2,C,,,,8,03:00,18,15,
2007,RS,1,4,83,LJU,PAPY,"HUKIC, JASMIN",2FGM,Two Pointer,2,-107,323,D,,,,9,02:00,18,17,
2007,RS,1,4,96,SIE,PBLH,"LAVRINOVIC, KSISTOF",3FGA,Missed Three Pointer,0,-682,-33,F,,,,9,02:00,18,17,
2007,RS,1,4,100,SIE,PKWI,"MCINTYRE, TERRELL",2FGA,Missed Two Pointer,0,-156,525,I,,,,9,02:00,18,17,
2007,RS,1,4,104,SIE,PCCA,"THORNTON, BOOTSY",3FGA,Missed Three Pointer,0,-523,471,J,,,,9,02:00,18,17,
2007,RS,1,4,112,LJU,PTGK,"BAILEY, MAURICE",FTM,Free Throw In,1,-1,-1, ,,,,9,02:00,18,18,
2007,RS,1,4,118,SIE,PBLH,"LAVRINOVIC, KSISTOF",FTM,Free Throw In,1,-1,-1, ,,,,10,01:00,19,18,
2007,RS,1,4,119,SIE,PBLH,"LAVRINOVIC, KSISTOF",FTM,Free Throw In,1,-1,-1, ,,,,10,01:00,20,18,
2007,RS,1,4,124,LJU,PTGK,"BAILEY, MAURICE",2FGA,Missed Two Pointer,0,-12,256,D,,,,10,01:00,20,18,
2007,RS,1,4,134,SIE,PBJR,"KAUKENAS, RIMANTAS",FTM,Free Throw In,1,-1,-1, ,,,,11,10:00,21,18,
2007,RS,1,4,135,SIE,PBJR,"KAUKENAS, RIMANTAS",FTM,Free Throw In,1,-1,-1, ,,,,11,10:00,22,18,
2007,RS,1,4,136,LJU,PTHB,"DRAGIC, GORAN",2FGA,Missed Two Pointer,0,-235,264,E,,,,11,10:00,22,18,
2007,RS,1,4,138,SIE,PLMK,"CARRARETTO, MARCO",2FGM,Two Pointer,2,-53,12,D,,,,11,10:00,24,18,
2007,RS,1,4,143,SIE,PBLH,"LAVRINOVIC, KSISTOF",2FGM,Two Pointer,2,143,20,C,,,,12,09:00,26,18,
2007,RS,1,4,150,SIE,PBLH,"LAVRINOVIC, KSISTOF",FTM,Free Throw In,1,-1,-1, ,,,,12,09:00,27,18,
2007,RS,1,4,157,LJU,PAIV,"MILIC, MARKO",FTM,Free Throw In,1,-1,-1, ,,,,12,09:00,27,19,
2007,RS,1,4,158,LJU,PAIV,"MILIC, MARKO",FTM,Free Throw In,1,-1,-1, ,,,,12,09:00,27,20,
2007,RS,1,4,159,SIE,PBLH,"LAVRINOVIC, KSISTOF",3FGM,Three Pointer,3,-684,-48,F,,,,12,09:00,30,20,
2007,RS,1,4,162,LJU,PAIV,"MILIC, MARKO",2FGM,Two Pointer,2,58,-7,C,,,,13,08:00,30,22,
2007,RS,1,4,170,SIE,PBLH,"LAVRINOVIC, KSISTOF",2FGA,Missed Two Pointer,0,302,151,B,,,,13,08:00,30,22,
2007,RS,1,4,172,SIE,PJHL,"RESS, TOMAS",2FGA,Missed Two Pointer,0,-66,10,D,,,,13,08:00,30,22,
2007,RS,1,4,175,LJU,P000183,"ANDERSON, LUKE BURKETT",2FGA,Missed Two Pointer,0,310,164,B,,,,14,07:00,30,22,
2007,RS,1,4,177,LJU,PAIV,"MILIC, MARKO",2FGA,Missed Two Pointer,0,169,-7,C,,,,14,07:00,30,22,
2007,RS,1,4,179,LJU,P000184,"BOOKER, CHRIS",2FGM,Two Pointer,2,2,187,D,,,,14,07:00,30,24,
2007,RS,1,4,180,SIE,PBLH,"LAVRINOVIC, KSISTOF",3FGM,Three Pointer,3,-182,653,J,,,,14,07:00,33,24,
2007,RS,1,4,190,SIE,PBJR,"KAUKENAS, RIMANTAS",2FGM,Two Pointer,2,-100,384,D,,,,15,06:00,35,24,
2007,RS,1,4,191,LJU,PAIV,"MILIC, MARKO",2FGA,Missed Two Pointer,0,189,30,C,,,,15,06:00,35,24,
2007,RS,1,4,193,SIE,PKWI,"MCINTYRE, TERRELL",3FGA,Missed Three Pointer,0,-407,553,J,,,,15,06:00,35,24,
2007,RS,1,4,197,LJU,P000184,"BOOKER, CHRIS",2FGA,Missed Two Pointer,0,341,-5,B,,,,15,06:00,35,24,
2007,RS,1,4,200,SIE,PBJR,"KAUKENAS, RIMANTAS",2FGM,Two Pointer,2,-76,12,D,,,,16,05:00,37,24,
2007,RS,1,4,204,SIE,PBJR,"KAUKENAS, RIMANTAS",2FGM,Two Pointer,2,43,43,C,,,,16,05:00,39,24,
2007,RS,1,4,206,LJU,P000184,"BOOKER, CHRIS",3FGA,Missed Three Pointer,0,10,687,G,,,,16,05:00,39,24,
2007,RS,1,4,209,SIE,PJHL,"RESS, TOMAS",2FGA,Missed Two Pointer,0,335,41,B,,,,17,04:00,39,24,
2007,RS,1,4,217,SIE,PBLH,"LAVRINOVIC, KSISTOF",3FGM,Three Pointer,3,-171,641,J,,,,17,04:00,42,24,
2007,RS,1,4,224,SIE,PBLH,"LAVRINOVIC, KSISTOF",3FGA,Missed Three Pointer,0,-679,-33,F,,,,18,03:00,42,24,
2007,RS,1,4,229,SIE,PCQO,"EZE, BENJAMIN",2FGA,Missed Two Pointer,0,43,2,C,,,,18,03:00,42,24,
2007,RS,1,4,244,SIE,PKWI,"MCINTYRE, TERRELL",FTM,Free Throw In,1,-1,-1, ,,,,18,03:00,43,24,
2007,RS,1,4,245,SIE,PKWI,"MCINTYRE, TERRELL",3FGA,Missed Three Pointer,0,-282,666,J,,,,18,03:00,43,24,
2007,RS,1,4,249,LJU,PAPY,"HUKIC, JASMIN",FTM,Free Throw In,1,-1,-1, ,,,,18,03:00,43,25,
2007,RS,1,4,250,LJU,PAPY,"HUKIC, JASMIN",FTM,Free Throw In,1,-1,-1, ,,,,18,03:00,43,26,
2007,RS,1,4,252,SIE,PBJR,"KAUKENAS, RIMANTAS",3FGM,Three Pointer,3,-343,589,J,,,,19,02:00,46,26,
2007,RS,1,4,253,LJU,PTGG,"TAYLOR, RONELL",2FGA,Missed Two Pointer,0,456,-5,B,,,,19,02:00,46,26,
2007,RS,1,4,255,SIE,PBJR,"KAUKENAS, RIMANTAS",2FGM,Two Pointer,2,-71,23,D,,,,19,02:00,48,26,
2007,RS,1,4,257,LJU,PAPY,"HUKIC, JASMIN",2FGA,Missed Two Pointer,0,333,282,B,,,,20,01:00,48,26,
2007,RS,1,4,259,SIE,PAPS,"ILIEVSKI, VLADO",2FGM,Two Pointer,2,64,17,C,,,,20,01:00,50,26,
2007,RS,1,4,261,LJU,PTHB,"DRAGIC, GORAN",3FGA,Missed Three Pointer,0,-700,-51,F,,,,20,01:00,50,26,
2007,RS,1,4,264,SIE,PKWI,"MCINTYRE, TERRELL",2FGAB,Missed Two Pointer,0,141,20,C,,,,20,01:00,50,26,
2007,RS,1,4,274,LJU,PAIV,"MILIC, MARKO",2FGA,Missed Two Pointer,0,87,17,C,,,,21,10:00,50,26,
2007,RS,1,4,276,SIE,PJOC,"STONEROOK, SHAUN",3FGA,Missed Three Pointer,0,82,669,G,,,,21,10:00,50,26,
2007,RS,1,4,278,LJU,PAPY,"HUKIC, JASMIN",3FGA,Missed Three Pointer,0,-97,669,J,,,,21,10:00,50,26,
2007,RS,1,4,280,LJU,PTGG,"TAYLOR, RONELL",2FGAB,Missed Two Pointer,0,156,69,C,,,,21,10:00,50,26,
2007,RS,1,4,283,LJU,PAPY,"HUKIC, JASMIN",3FGM,Three Pointer,3,-666,43,F,,,,21,10:00,50,29,
2007,RS,1,4,289,SIE,PJOC,"STONEROOK, SHAUN",3FGA,Missed Three Pointer,0,502,584,G,,,,22,09:00,50,29,
2007,RS,1,4,294,SIE,PLMO,"SATO, ROMAIN",2FGA,Missed Two Pointer,0,289,-10,B,,,,23,08:00,50,29,
2007,RS,1,4,298,LJU,PTHB,"DRAGIC, GORAN",2FGA,Missed Two Pointer,0,-69,35,D,,,,23,08:00,50,29,
2007,RS,1,4,300,LJU,PAIV,"MILIC, MARKO",2FGM,Two Pointer,2,61,10,C,,,,23,08:00,50,31,
2007,RS,1,4,301,SIE,PCCA,"THORNTON, BOOTSY",2FGM,Two Pointer,2,56,7,C,,,,23,08:00,52,31,
2007,RS,1,4,304,LJU,PAIV,"MILIC, MARKO",2FGA,Missed Two Pointer,0,110,74,C,,,,24,07:00,52,31,
2007,RS,1,4,310,LJU,PTHB,"DRAGIC, GORAN",2FGAB,Missed Two Pointer,0,107,102,C,,,,24,07:00,52,31,
2007,RS,1,4,313,LJU,PLHD,"ZUPAN, MIHA",2FGA,Missed Two Pointer,0,-379,330,E,,,,24,07:00,52,31,
2007,RS,1,4,318,SIE,PKWI,"MCINTYRE, TERRELL",2FGM,Two Pointer,2,-43,7,D,,,,24,07:00,54,31,
2007,RS,1,4,326,LJU,PAPY,"HUKIC, JASMIN",2FGM,Two Pointer,2,456,15,B,,,,25,06:00,54,33,
2007,RS,1,4,327,SIE,PCCA,"THORNTON, BOOTSY",2FGAB,Missed Two Pointer,0,230,2,C,,,,25,06:00,54,33,
2007,RS,1,4,331,SIE,PKWI,"MCINTYRE, TERRELL",3FGM,Three Pointer,3,479,458,G,,,,25,06:00,57,33,
2007,RS,1,4,334,LJU,P000184,"BOOKER, CHRIS",2FGM,Two Pointer,2,-2,5,D,,,,25,06:00,57,35,
2007,RS,1,4,336,SIE,PKWI,"MCINTYRE, TERRELL",3FGA,Missed Three Pointer,0,-392,564,J,,,,26,05:00,57,35,
2007,RS,1,4,338,LJU,PLHD,"ZUPAN, MIHA",3FGA,Missed Three Pointer,0,-210,635,J,,,,26,05:00,57,35,
2007,RS,1,4,340,SIE,PLMO,"SATO, ROMAIN",2FGA,Missed Two Pointer,0,-182,158,D,,,,26,05:00,57,35,
2007,RS,1,4,354,LJU,PTGK,"BAILEY, MAURICE",2FGAB,Missed Two Pointer,0,171,87,C,,,,27,04:00,57,35,
2007,RS,1,4,360,SIE,PCQO,"EZE, BENJAMIN",2FGM,Two Pointer,2,5,-7,C,,,,27,04:00,59,35,
2007,RS,1,4,363,LJU,PAPY,"HUKIC, JASMIN",3FGM,Three Pointer,3,-617,305,F,,,,27,04:00,59,38,
2007,RS,1,4,373,SIE,PAPS,"ILIEVSKI, VLADO",3FGA,Missed Three Pointer,0,-441,523,J,,,,28,03:00,59,38,
2007,RS,1,4,376,LJU,PLHD,"ZUPAN, MIHA",2FGM,Two Pointer,2,-5,2,D,,,,28,03:00,59,40,
2007,RS,1,4,379,SIE,PBLH,"LAVRINOVIC, KSISTOF",2FGA,Missed Two Pointer,0,-12,43,D,,,,29,02:00,59,40,
2007,RS,1,4,384,LJU,P000184,"BOOKER, CHRIS",FTM,Free Throw In,1,-1,-1, ,,,,29,02:00,59,41,
2007,RS,1,4,386,SIE,PBJR,"KAUKENAS, RIMANTAS",3FGA,Missed Three Pointer,0,525,453,G,,,,30,01:00,59,41,
2007,RS,1,4,388,SIE,PCQO,"EZE, BENJAMIN",2FGA,Missed Two Pointer,0,-192,133,D,,,,30,01:00,59,41,
2007,RS,1,4,390,LJU,PLHD,"ZUPAN, MIHA",3FGA,Missed Three Pointer,0,-223,623,J,,,,30,01:00,59,41,
2007,RS,1,4,392,SIE,PBJR,"KAUKENAS, RIMANTAS",3FGA,Missed Three Pointer,0,538,420,A,,,,30,01:00,59,41,
2007,RS,1,4,398,SIE,PBLH,"LAVRINOVIC, KSISTOF",3FGM,Three Pointer,3,-689,-53,F,,,,31,10:00,62,41,
2007,RS,1,4,399,LJU,PTGK,"BAILEY, MAURICE",3FGA,Missed Three Pointer,0,564,384,A,,,,31,10:00,62,41,
2007,RS,1,4,401,SIE,PBJR,"KAUKENAS, RIMANTAS",3FGM,Three Pointer,3,684,-38,A,,,,31,10:00,65,41,
2007,RS,1,4,403,LJU,PLHD,"ZUPAN, MIHA",3FGM,Three Pointer,3,2,669,G,,,,31,10:00,65,44,
2007,RS,1,4,423,SIE,PBLH,"LAVRINOVIC, KSISTOF",2FGM,Two Pointer,2,51,5,C,,,,33,08:00,67,44,
2007,RS,1,4,425,LJU,PTGG,"TAYLOR, RONELL",2FGA,Missed Two Pointer,0,551,-15,B,,,,33,08:00,67,44,
2007,RS,1,4,436,SIE,PAPS,"ILIEVSKI, VLADO",FTM,Free Throw In,1,-1,-1, ,,,,33,08:00,68,44,
2007,RS,1,4,448,SIE,PAPS,"ILIEVSKI, VLADO",2FGA,Missed Two Pointer,0,58,74,C,,,,34,07:00,68,44,
2007,RS,1,4,450,SIE,PKWI,"MCINTYRE, TERRELL",3FGM,Three Pointer,3,5,671,G,,,,34,07:00,71,44,
2007,RS,1,4,458,SIE,PBJR,"KAUKENAS, RIMANTAS",3FGM,Three Pointer,3,684,-58,A,,,,35,06:00,74,44,
2007,RS,1,4,460,LJU,PTHB,"DRAGIC, GORAN",2FGM,Two Pointer,2,-76,315,D,,,,35,06:00,74,46,
2007,RS,1,4,461,SIE,PJHL,"RESS, TOMAS",3FGA,Missed Three Pointer,0,661,-41,A,,,,35,06:00,74,46,
2007,RS,1,4,463,LJU,PAIV,"MILIC, MARKO",2FGM,Two Pointer,2,-156,48,D,,,,35,06:00,74,48,
2007,RS,1,4,466,SIE,PBJR,"KAUKENAS, RIMANTAS",3FGA,Missed Three Pointer,0,-366,561,J,,,,36,05:00,74,48,
2007,RS,1,4,469,SIE,PKWI,"MCINTYRE, TERRELL",2FGA,Missed Two Pointer,0,-125,130,D,,,,36,05:00,74,48,
2007,RS,1,4,471,LJU,PAPY,"HUKIC, JASMIN",2FGM,Two Pointer,2,-61,-2,D,,,,36,05:00,74,50,
2007,RS,1,4,479,SIE,PBJR,"KAUKENAS, RIMANTAS",FTM,Free Throw In,1,-1,-1, ,,,,37,04:00,75,50,
2007,RS,1,4,480,LJU,PJBJ,"BEGIC, MIRZA",2FGAB,Missed Two Pointer,0,92,15,C,,,,37,04:00,75,50,
2007,RS,1,4,484,SIE,PBLH,"LAVRINOVIC, KSISTOF",2FGM,Two Pointer,2,-58,5,D,,,,37,04:00,77,50,
2007,RS,1,4,486,LJU,PAIV,"MILIC, MARKO",2FGM,Two Pointer,2,-61,12,D,,,,37,04:00,77,52,
2007,RS,1,4,488,SIE,PKWI,"MCINTYRE, TERRELL",3FGA,Missed Three Pointer,0,2,679,G,,,,38,03:00,77,52,
2007,RS,1,4,490,LJU,PTGK,"BAILEY, MAURICE",3FGA,Missed Three Pointer,0,-466,512,J,,,,38,03:00,77,52,
2007,RS,1,4,492,SIE,PBJR,"KAUKENAS, RIMANTAS",2FGM,Two Pointer,2,-43,5,D,,,,38,03:00,79,52,
2007,RS,1,4,495,LJU,PTGK,"BAILEY, MAURICE",3FGA,Missed Three Pointer,0,623,271,A,,,,39,02:00,79,52,
2007,RS,1,4,497,SIE,PCCA,"THORNTON, BOOTSY",3FGA,Missed Three Pointer,0,-533,461,J,,,,39,02:00,79,52,
2007,RS,1,4,510,SIE,PAPS,"ILIEVSKI, VLADO",FTM,Free Throw In,1,-1,-1, ,,,,40,01:00,80,52,
2007,RS,1,4,513,LJU,PAPY,"HUKIC, JASMIN",3FGA,Missed Three Pointer,0,551,389,A,,,,40,01:00,80,52,
2007,RS,1,4,515,SIE,PAPS,"ILIEVSKI, VLADO",3FGA,Missed Three Pointer,0,546,425,A,,,,40,01:00,80,52,
2007,RS,1,5,4,ARI,PLGM,"TSALDARIS, DIMITRIOS",3FGM,Three Pointer,3,402,574,G,,,,1,10:00,3,0,
2007,RS,1,5,6,MAL,PAAS,"JIMENEZ, CARLOS",2FGM,Two Pointer,2,7,61,C,,,,1,10:00,3,2,
2007,RS,1,5,11,ARI,PTEM,"WRIGHT, BRACEY",2FGM,Two Pointer,2,-494,479,J,,,,1,10:00,5,2,
2007,RS,1,5,15,MAL,PTGE,"N'DONG, BONIFACE",2FGAB,Missed Two Pointer,0,-28,38,D,,,,1,10:00,5,2,
2007,RS,1,5,18,MAL,PTGE,"N'DONG, BONIFACE",2FGM,Two Pointer,2,-74,43,D,,,,1,10:00,5,4,
2007,RS,1,5,22,ARI,PLGV,"MASSEY, JEREMIAH",FTM,Free Throw In,1,-1,-1, ,,,,2,09:00,6,4,
2007,RS,1,5,23,ARI,PLGV,"MASSEY, JEREMIAH",FTM,Free Throw In,1,-1,-1, ,,,,2,09:00,7,4,
2007,RS,1,5,24,MAL,PAAS,"JIMENEZ, CARLOS",3FGA,Missed Three Pointer,0,-507,476,J,,,,2,09:00,7,4,
2007,RS,1,5,26,MAL,PTGE,"N'DONG, BONIFACE",2FGM,Two Pointer,2,-51,61,D,,,,2,09:00,7,6,
2007,RS,1,5,32,MAL,PTGE,"N'DONG, BONIFACE",FTM,Free Throw In,1,-1,-1, ,,,,3,08:00,7,7,
2007,RS,1,5,38,MAL,PTGE,"N'DONG, BONIFACE",2FGM,Two Pointer,2,-23,53,D,,,,3,08:00,7,9,
2007,RS,1,5,40,ARI,PLGV,"MASSEY, JEREMIAH",2FGM,Two Pointer,2,0,56,D,,,,3,08:00,9,9,
2007,RS,1,5,46,MAL,PAFJ,"KUS, DAVOR",2FGM,Two Pointer,2,-71,35,D,,,,4,07:00,9,11,
2007,RS,1,5,48,ARI,PLGM,"TSALDARIS, DIMITRIOS",3FGM,Three Pointer,3,453,512,G,,,,4,07:00,12,11,
2007,RS,1,5,52,MAL,PKMV,"HAISLIP, MARCUS",FTM,Free Throw In,1,-1,-1, ,,,,4,07:00,12,12,
2007,RS,1,5,53,MAL,PKMV,"HAISLIP, MARCUS",FTM,Free Throw In,1,-1,-1, ,,,,4,07:00,12,13,
2007,RS,1,5,54,ARI,PLGM,"TSALDARIS, DIMITRIOS",3FGM,Three Pointer,3,174,638,G,,,,4,07:00,15,13,
2007,RS,1,5,63,ARI,PTEM,"WRIGHT, BRACEY",FTM,Free Throw In,1,-1,-1, ,,,,5,06:00,16,13,
2007,RS,1,5,65,MAL,PKMV,"HAISLIP, MARCUS",3FGM,Three Pointer,3,-689,-25,F,,,,5,06:00,16,16,
2007,RS,1,5,73,MAL,PKMV,"HAISLIP, MARCUS",2FGM,Two Pointer,2,-320,164,E,,,,6,05:00,16,18,
2007,RS,1,5,74,ARI,PTEM,"WRIGHT, BRACEY",2FGA,Missed Two Pointer,0,179,82,C,,,,6,05:00,16,18,
2007,RS,1,5,82,MAL,PAGQ,"WELSCH, JIRI",FTM,Free Throw In,1,-1,-1, ,,,,6,05:00,16,19,
2007,RS,1,5,85,ARI,PTEO,"TERRY, REYSHAWN",3FGA,Missed Three Pointer,0,5,684,G,,,,6,05:00,16,19,
2007,RS,1,5,93,ARI,PTEO,"TERRY, REYSHAWN",FTM,Free Throw In,1,-1,-1, ,,,,7,04:00,17,19,
2007,RS,1,5,94,ARI,PTEO,"TERRY, REYSHAWN",FTM,Free Throw In,1,-1,-1, ,,,,7,04:00,18,19,
2007,RS,1,5,95,MAL,PAWS,"RODRIGUEZ, BERNI",2FGA,Missed Two Pointer,0,-120,23,D,,,,7,04:00,18,19,
2007,RS,1,5,97,MAL,PTGE,"N'DONG, BONIFACE",2FGA,Missed Two Pointer,0,-33,28,D,,,,7,04:00,18,19,
2007,RS,1,5,100,ARI,PTEO,"TERRY, REYSHAWN",2FGM,Two Pointer,2,46,12,C,,,,7,04:00,20,19,
2007,RS,1,5,106,ARI,PTEO,"TERRY, REYSHAWN",FTM,Free Throw In,1,-1,-1, ,,,,7,04:00,21,19,
2007,RS,1,5,108,MAL,PAGQ,"WELSCH, JIRI",2FGA,Missed Two Pointer,0,-102,20,D,,,,8,03:00,21,19,
2007,RS,1,5,112,MAL,PTGE,"N'DONG, BONIFACE",FTM,Free Throw In,1,-1,-1, ,,,,8,03:00,21,20,
2007,RS,1,5,113,MAL,PTGE,"N'DONG, BONIFACE",FTM,Free Throw In,1,-1,-1, ,,,,8,03:00,21,21,
2007,RS,1,5,114,ARI,PTEM,"WRIGHT, BRACEY",2FGA,Missed Two Pointer,0,-15,407,D,,,,8,03:00,21,21,
2007,RS,1,5,116,MAL,PTGE,"N'DONG, BONIFACE",2FGM,Two Pointer,2,-30,48,D,,,,8,03:00,21,23,
2007,RS,1,5,119,ARI,PJIX,"AGADAKOS, LAZAROS",3FGM,Three Pointer,3,-10,666,J,,,,9,02:00,24,23,
2007,RS,1,5,123,MAL,PTGE,"N'DONG, BONIFACE",2FGAB,Missed Two Pointer,0,-71,41,D,,,,9,02:00,24,23,
2007,RS,1,5,139,MAL,PAGQ,"WELSCH, JIRI",3FGA,Missed Three Pointer,0,376,605,G,,,,10,01:00,24,23,
2007,RS,1,5,148,MAL,PAWX,"CABEZAS, CARLOS",2FGAB,Missed Two Pointer,0,-92,35,D,,,,10,01:00,24,23,
2007,RS,1,5,168,MAL,PKML,"SANTIAGO, DANIEL",2FGA,Missed Two Pointer,0,-17,58,D,,,,11,10:00,24,23,
2007,RS,1,5,178,ARI,PTEO,"TERRY, REYSHAWN",FTM,Free Throw In,1,-1,-1, ,,,,12,09:00,25,23,
2007,RS,1,5,180,ARI,PTEO,"TERRY, REYSHAWN",FTM,Free Throw In,1,-1,-1, ,,,,12,09:00,26,23,
2007,RS,1,5,184,ARI,PBDH,"MOTTOLA, HANNO",3FGM,Three Pointer,3,-25,669,J,,,,13,08:00,29,23,
2007,RS,1,5,190,MAL,PAGQ,"WELSCH, JIRI",3FGA,Missed Three Pointer,0,674,38,A,,,,13,08:00,29,23,
2007,RS,1,5,193,MAL,PAWX,"CABEZAS, CARLOS",2FGA,Missed Two Pointer,0,-82,30,D,,,,14,07:00,29,23,
2007,RS,1,5,199,ARI,PKRF,"ILIADIS, SAVVAS",FTM,Free Throw In,1,-1,-1, ,,,,14,07:00,30,23,
2007,RS,1,5,200,ARI,PKRF,"ILIADIS, SAVVAS",FTM,Free Throw In,1,-1,-1, ,,,,14,07:00,31,23,
2007,RS,1,5,202,MAL,PBOV,"POPOVIC, BOJAN",2FGAB,Missed Two Pointer,0,-123,148,D,,,,14,07:00,31,23,
2007,RS,1,5,205,MAL,PBIM,"GABRIEL, GERMAN",3FGA,Missed Three Pointer,0,-587,282,F,,,,14,07:00,31,23,
2007,RS,1,5,207,MAL,PBIM,"GABRIEL, GERMAN",3FGM,Three Pointer,3,589,338,A,,,,14,07:00,31,26,
2007,RS,1,5,212,ARI,PBDH,"MOTTOLA, HANNO",3FGA,Missed Three Pointer,0,-20,664,J,,,,14,07:00,31,26,
2007,RS,1,5,216,MAL,PKML,"SANTIAGO, DANIEL",FTM,Free Throw In,1,-1,-1, ,,,,14,07:00,31,27,
2007,RS,1,5,220,ARI,PKRF,"ILIADIS, SAVVAS",3FGA,Missed Three Pointer,0,343,576,G,,,,15,06:00,31,27,
2007,RS,1,5,229,MAL,PKML,"SANTIAGO, DANIEL",2FGA,Missed Two Pointer,0,-5,79,D,,,,16,05:00,31,27,
2007,RS,1,5,231,ARI,PLGM,"TSALDARIS, DIMITRIOS",2FGA,Missed Two Pointer,0,307,274,B,,,,16,05:00,31,27,
2007,RS,1,5,237,ARI,PTEO,"TERRY, REYSHAWN",FTM,Free Throw In,1,-1,-1, ,,,,16,05:00,32,27,
2007,RS,1,5,238,ARI,PTEO,"TERRY, REYSHAWN",FTM,Free Throw In,1,-1,-1, ,,,,16,05:00,33,27,
2007,RS,1,5,239,MAL,PBOV,"POPOVIC, BOJAN",2FGAB,Missed Two Pointer,0,-66,46,D,,,,16,05:00,33,27,
2007,RS,1,5,243,MAL,PKML,"SANTIAGO, DANIEL",2FGM,Two Pointer,2,-48,35,D,,,,16,05:00,33,29,
2007,RS,1,5,250,ARI,PJXV,"CASTLE, TERREL",2FGM,Two Pointer,2,58,2,C,,,,17,04:00,35,29,
2007,RS,1,5,251,MAL,PAWS,"RODRIGUEZ, BERNI",3FGM,Three Pointer,3,-697,15,F,,,,17,04:00,35,32,
2007,RS,1,5,254,ARI,PLGV,"MASSEY, JEREMIAH",2FGA,Missed Two Pointer,0,82,38,C,,,,18,03:00,35,32,
2007,RS,1,5,256,MAL,PKML,"SANTIAGO, DANIEL",2FGM,Two Pointer,2,-5,51,D,,,,18,03:00,35,34,
2007,RS,1,5,262,ARI,PTEO,"TERRY, REYSHAWN",FTM,Free Throw In,1,-1,-1, ,,,,18,03:00,36,34,
2007,RS,1,5,263,ARI,PTEO,"TERRY, REYSHAWN",FTM,Free Throw In,1,-1,-1, ,,,,18,03:00,37,34,
2007,RS,1,5,266,MAL,PAWX,"CABEZAS, CARLOS",FTM,Free Throw In,1,-1,-1, ,,,,18,03:00,37,35,
2007,RS,1,5,267,MAL,PAWX,"CABEZAS, CARLOS",FTM,Free Throw In,1,-1,-1, ,,,,18,03:00,37,36,
2007,RS,1,5,275,ARI,PTEO,"TERRY, REYSHAWN",2FGA,Missed Two Pointer,0,-23,558,I,,,,19,02:00,37,36,
2007,RS,1,5,279,MAL,PAWX,"CABEZAS, CARLOS",3FGM,Three Pointer,3,-494,520,J,,,,19,02:00,37,39,
2007,RS,1,5,282,ARI,PBDH,"MOTTOLA, HANNO",2FGA,Missed Two Pointer,0,253,184,B,,,,19,02:00,37,39,
2007,RS,1,5,284,ARI,PAPI,"KALAITZIS, GEORGIOS",2FGM,Two Pointer,2,-107,53,D,,,,19,02:00,39,39,
2007,RS,1,5,286,MAL,PAWX,"CABEZAS, CARLOS",3FGA,Missed Three Pointer,0,-171,679,J,,,,20,01:00,39,39,
2007,RS,1,5,288,MAL,PAWS,"RODRIGUEZ, BERNI",2FGA,Missed Two Pointer,0,-143,43,D,,,,20,01:00,39,39,
2007,RS,1,5,298,ARI,PAPI,"KALAITZIS, GEORGIOS",FTM,Free Throw In,1,-1,-1, ,,,,20,01:00,40,39,
2007,RS,1,5,313,MAL,PAFJ,"KUS, DAVOR",2FGM,Two Pointer,2,-333,48,E,,,,21,10:00,40,41,
2007,RS,1,5,320,MAL,PAFJ,"KUS, DAVOR",2FGM,Two Pointer,2,10,474,H,,,,21,10:00,40,43,
2007,RS,1,5,327,ARI,PTEM,"WRIGHT, BRACEY",FTM,Free Throw In,1,-1,-1, ,,,,21,10:00,41,43,
2007,RS,1,5,328,ARI,PTEM,"WRIGHT, BRACEY",FTM,Free Throw In,1,-1,-1, ,,,,21,10:00,42,43,
2007,RS,1,5,331,ARI,PTEM,"WRIGHT, BRACEY",2FGAB,Missed Two Pointer,0,-76,20,D,,,,22,09:00,42,43,
2007,RS,1,5,335,MAL,PAFJ,"KUS, DAVOR",3FGM,Three Pointer,3,602,397,A,,,,22,09:00,42,46,
2007,RS,1,5,339,ARI,PTEM,"WRIGHT, BRACEY",2FGA,Missed Two Pointer,0,212,123,C,,,,23,08:00,42,46,
2007,RS,1,5,341,ARI,PLGV,"MASSEY, JEREMIAH",2FGA,Missed Two Pointer,0,-82,28,D,,,,23,08:00,42,46,
2007,RS,1,5,343,ARI,PJIX,"AGADAKOS, LAZAROS",2FGM,Two Pointer,2,-46,28,D,,,,23,08:00,44,46,
2007,RS,1,5,344,MAL,PAFJ,"KUS, DAVOR",2FGM,Two Pointer,2,87,51,C,,,,23,08:00,44,48,
2007,RS,1,5,354,MAL,PAFJ,"KUS, DAVOR",3FGA,Missed Three Pointer,0,682,41,A,,,,23,08:00,44,48,
2007,RS,1,5,356,ARI,PTEO,"TERRY, REYSHAWN",2FGA,Missed Two Pointer,0,74,38,C,,,,23,08:00,44,48,
2007,RS,1,5,358,MAL,PAGQ,"WELSCH, JIRI",2FGM,Two Pointer,2,71,46,C,,,,23,08:00,44,50,
2007,RS,1,5,364,MAL,PAGQ,"WELSCH, JIRI",FTM,Free Throw In,1,-1,-1, ,,,,23,08:00,44,51,
2007,RS,1,5,365,ARI,PTEM,"WRIGHT, BRACEY",2FGA,Missed Two Pointer,0,-307,187,E,,,,23,08:00,44,51,
2007,RS,1,5,371,ARI,PLGV,"MASSEY, JEREMIAH",FTM,Free Throw In,1,-1,-1, ,,,,24,07:00,45,51,
2007,RS,1,5,372,ARI,PLGV,"MASSEY, JEREMIAH",FTM,Free Throw In,1,-1,-1, ,,,,24,07:00,46,51,
2007,RS,1,5,377,ARI,PTEM,"WRIGHT, BRACEY",2FGM,Two Pointer,2,71,10,C,,,,25,06:00,48,51,
2007,RS,1,5,378,MAL,PKMV,"HAISLIP, MARCUS",3FGA,Missed Three Pointer,0,-458,589,J,,,,25,06:00,48,51,
2007,RS,1,5,380,ARI,PTEO,"TERRY, REYSHAWN",2FGA,Missed Two Pointer,0,-64,53,D,,,,25,06:00,48,51,
2007,RS,1,5,382,ARI,PLGV,"MASSEY, JEREMIAH",2FGM,Two Pointer,2,-7,25,D,,,,25,06:00,50,51,
2007,RS,1,5,386,MAL,PAGQ,"WELSCH, JIRI",FTM,Free Throw In,1,-1,-1, ,,,,26,05:00,50,52,
2007,RS,1,5,387,MAL,PAGQ,"WELSCH, JIRI",FTM,Free Throw In,1,-1,-1, ,,,,26,05:00,50,53,
2007,RS,1,5,388,ARI,PJXV,"CASTLE, TERREL",2FGA,Missed Two Pointer,0,-405,169,E,,,,26,05:00,50,53,
2007,RS,1,5,390,MAL,PTGE,"N'DONG, BONIFACE",2FGM,Two Pointer,2,-41,69,D,,,,26,05:00,50,55,
2007,RS,1,5,397,ARI,PJXV,"CASTLE, TERREL",FTM,Free Throw In,1,-1,-1, ,,,,26,05:00,51,55,
2007,RS,1,5,399,MAL,PAFJ,"KUS, DAVOR",2FGM,Two Pointer,2,-307,117,E,,,,27,04:00,51,57,
2007,RS,1,5,405,MAL,PAWX,"CABEZAS, CARLOS",3FGA,Missed Three Pointer,0,-366,635,J,,,,27,04:00,51,57,
2007,RS,1,5,408,MAL,PAFJ,"KUS, DAVOR",2FGAB,Missed Two Pointer,0,-112,48,D,,,,28,03:00,51,57,
2007,RS,1,5,412,ARI,PJXV,"CASTLE, TERREL",2FGA,Missed Two Pointer,0,-128,17,D,,,,28,03:00,51,57,
2007,RS,1,5,419,MAL,PAWX,"CABEZAS, CARLOS",2FGA,Missed Two Pointer,0,7,561,H,,,,28,03:00,51,57,
2007,RS,1,5,421,ARI,PTEM,"WRIGHT, BRACEY",2FGA,Missed Two Pointer,0,53,41,C,,,,28,03:00,51,57,
2007,RS,1,5,425,ARI,PTEM,"WRIGHT, BRACEY",2FGM,Two Pointer,2,-48,30,D,,,,28,03:00,53,57,
2007,RS,1,5,428,MAL,PAFJ,"KUS, DAVOR",FTM,Free Throw In,1,-1,-1, ,,,,28,03:00,53,58,
2007,RS,1,5,429,MAL,PAFJ,"KUS, DAVOR",FTM,Free Throw In,1,-1,-1, ,,,,28,03:00,53,59,
2007,RS,1,5,432,MAL,PAFJ,"KUS, DAVOR",2FGM,Two Pointer,2,-53,30,D,,,,29,02:00,53,61,
2007,RS,1,5,436,ARI,PTEM,"WRIGHT, BRACEY",FTM,Free Throw In,1,-1,-1, ,,,,29,02:00,54,61,
2007,RS,1,5,437,ARI,PTEM,"WRIGHT, BRACEY",FTM,Free Throw In,1,-1,-1, ,,,,29,02:00,55,61,
2007,RS,1,5,442,MAL,PAWS,"RODRIGUEZ, BERNI",FTM,Free Throw In,1,-1,-1, ,,,,29,02:00,55,62,
2007,RS,1,5,443,MAL,PAWS,"RODRIGUEZ, BERNI",FTM,Free Throw In,1,-1,-1, ,,,,29,02:00,55,63,
2007,RS,1,5,448,ARI,PLGV,"MASSEY, JEREMIAH",2FGM,Two Pointer,2,-125,35,D,,,,30,01:00,57,63,
2007,RS,1,5,455,MAL,PAWS,"RODRIGUEZ, BERNI",FTM,Free Throw In,1,-1,-1, ,,,,30,01:00,57,64,
2007,RS,1,5,456,MAL,PAWS,"RODRIGUEZ, BERNI",FTM,Free Throw In,1,-1,-1, ,,,,30,01:00,57,65,
2007,RS,1,5,457,ARI,PTEM,"WRIGHT, BRACEY",2FGA,Missed Two Pointer,0,-71,28,D,,,,30,01:00,57,65,
2007,RS,1,5,459,ARI,PLGV,"MASSEY, JEREMIAH",2FGM,Two Pointer,2,61,30,C,,,,30,01:00,59,65,
2007,RS,1,5,466,ARI,PKRF,"ILIADIS, SAVVAS",2FGM,Two Pointer,2,61,25,C,,,,31,10:00,61,65,
2007,RS,1,5,469,ARI,PKRF,"ILIADIS, SAVVAS",FTM,Free Throw In,1,-1,-1, ,,,,31,10:00,62,65,
2007,RS,1,5,470,MAL,PAFJ,"KUS, DAVOR",3FGA,Missed Three Pointer,0,451,635,G,,,,31,10:00,62,65,
2007,RS,1,5,474,MAL,PAFJ,"KUS, DAVOR",2FGA,Missed Two Pointer,0,305,446,H,,,,31,10:00,62,65,
2007,RS,1,5,479,ARI,PBDH,"MOTTOLA, HANNO",FTM,Free Throw In,1,-1,-1, ,,,,32,09:00,63,65,
2007,RS,1,5,480,ARI,PBDH,"MOTTOLA, HANNO",FTM,Free Throw In,1,-1,-1, ,,,,32,09:00,64,65,
2007,RS,1,5,486,ARI,PBDH,"MOTTOLA, HANNO",2FGM,Two Pointer,2,274,171,B,,,,32,09:00,66,65,
2007,RS,1,5,500,MAL,PAAS,"JIMENEZ, CARLOS",FTM,Free Throw In,1,-1,-1, ,,,,33,08:00,66,66,
2007,RS,1,5,501,MAL,PAAS,"JIMENEZ, CARLOS",FTM,Free Throw In,1,-1,-1, ,,,,33,08:00,66,67,
2007,RS,1,5,502,ARI,PLGV,"MASSEY, JEREMIAH",2FGA,Missed Two Pointer,0,41,46,C,,,,33,08:00,66,67,
2007,RS,1,5,504,ARI,PLGV,"MASSEY, JEREMIAH",3FGA,Missed Three Pointer,0,17,669,G,,,,33,08:00,66,67,
2007,RS,1,5,506,ARI,PBDH,"MOTTOLA, HANNO",2FGM,Two Pointer,2,-305,115,E,,,,33,08:00,68,67,
2007,RS,1,5,508,MAL,PAAS,"JIMENEZ, CARLOS",2FGA,Missed Two Pointer,0,-330,69,E,,,,34,07:00,68,67,
2007,RS,1,5,510,ARI,PBDH,"MOTTOLA, HANNO",3FGA,Missed Three Pointer,0,-317,579,J,,,,34,07:00,68,67,
2007,RS,1,5,513,MAL,PAWX,"CABEZAS, CARLOS",2FGA,Missed Two Pointer,0,107,20,C,,,,35,06:00,68,67,
2007,RS,1,5,515,MAL,PKML,"SANTIAGO, DANIEL",2FGA,Missed Two Pointer,0,-43,38,D,,,,35,06:00,68,67,
2007,RS,1,5,517,MAL,PKML,"SANTIAGO, DANIEL",2FGM,Two Pointer,2,-74,61,D,,,,35,06:00,68,69,
2007,RS,1,5,523,ARI,PLGV,"MASSEY, JEREMIAH",2FGM,Two Pointer,2,-48,38,D,,,,35,06:00,70,69,
2007,RS,1,5,530,MAL,PTGE,"N'DONG, BONIFACE",FTM,Free Throw In,1,-1,-1, ,,,,35,06:00,70,70,
2007,RS,1,5,531,ARI,PTEO,"TERRY, REYSHAWN",3FGM,Three Pointer,3,-235,641,J,,,,35,06:00,73,70,
2007,RS,1,5,535,MAL,PAWX,"CABEZAS, CARLOS",2FGM,Two Pointer,2,-2,107,D,,,,36,05:00,73,72,
2007,RS,1,5,538,ARI,PLGV,"MASSEY, JEREMIAH",2FGM,Two Pointer,2,151,25,C,,,,36,05:00,75,72,
2007,RS,1,5,539,MAL,PTGE,"N'DONG, BONIFACE",2FGM,Two Pointer,2,-41,25,D,,,,36,05:00,75,74,
2007,RS,1,5,545,ARI,PTEO,"TERRY, REYSHAWN",FTM,Free Throw In,1,-1,-1, ,,,,37,04:00,76,74,
2007,RS,1,5,546,ARI,PTEO,"TERRY, REYSHAWN",FTM,Free Throw In,1,-1,-1, ,,,,37,04:00,77,74,
2007,RS,1,5,552,ARI,PLGV,"MASSEY, JEREMIAH",FTM,Free Throw In,1,-1,-1, ,,,,37,04:00,78,74,
2007,RS,1,5,554,ARI,PLGV,"MASSEY, JEREMIAH",FTM,Free Throw In,1,-1,-1, ,,,,37,04:00,79,74,
2007,RS,1,5,561,MAL,PKMV,"HAISLIP, MARCUS",FTM,Free Throw In,1,-1,-1, ,,,,37,04:00,79,75,
2007,RS,1,5,562,MAL,PKMV,"HAISLIP, MARCUS",FTM,Free Throw In,1,-1,-1, ,,,,37,04:00,79,76,
2007,RS,1,5,564,ARI,PTEM,"WRIGHT, BRACEY",2FGA,Missed Two Pointer,0,25,66,C,,,,38,03:00,79,76,
2007,RS,1,5,566,ARI,PLGV,"MASSEY, JEREMIAH",2FGM,Two Pointer,2,28,53,C,,,,38,03:00,81,76,
2007,RS,1,5,570,ARI,PTEO,"TERRY, REYSHAWN",2FGM,Two Pointer,2,25,64,C,,,,39,02:00,83,76,
2007,RS,1,5,578,MAL,PAGQ,"WELSCH, JIRI",FTM,Free Throw In,1,-1,-1, ,,,,39,02:00,83,77,
2007,RS,1,5,582,ARI,PTEM,"WRIGHT, BRACEY",3FGA,Missed Three Pointer,0,-12,669,J,,,,39,02:00,83,77,
2007,RS,1,5,586,MAL,PKMV,"HAISLIP, MARCUS",3FGM,Three Pointer,3,684,5,A,,,,39,02:00,83,80,
2007,RS,1,5,589,ARI,PTEM,"WRIGHT, BRACEY",2FGAB,Missed Two Pointer,0,-71,23,D,,,,40,01:00,83,80,
2007,RS,1,5,595,ARI,PLGM,"TSALDARIS, DIMITRIOS",2FGM,Two Pointer,2,48,23,C,,,,40,01:00,85,80,
2007,RS,1,5,596,MAL,PAWS,"RODRIGUEZ, BERNI",3FGA,Missed Three Pointer,0,-269,633,J,,,,40,01:00,85,80,
2007,RS,1,5,598,ARI,PTEM,"WRIGHT, BRACEY",2FGM,Two Pointer,2,64,5,C,,,,40,01:00,87,80,
2007,RS,1,5,600,MAL,PAWX,"CABEZAS, CARLOS",3FGM,Three Pointer,3,23,697,G,,,,40,01:00,87,83,
2007,RS,1,6,3,IST,PKCH,"HUTSON, ANDRE",2FGM,Two Pointer,2,-100,94,D,,,,1,10:00,0,2,
2007,RS,1,6,5,CIB,PJDQ,"ANDRIC, LUKSA",2FGM,Two Pointer,2,-82,82,D,,,,1,10:00,2,2,
2007,RS,1,6,10,IST,PTFG,"WOODS, LOREN",2FGM,Two Pointer,2,-76,43,D,,,,1,10:00,2,4,
2007,RS,1,6,12,CIB,PJDQ,"ANDRIC, LUKSA",2FGA,Missed Two Pointer,0,-405,105,E,,,,2,09:00,2,4,
2007,RS,1,6,14,IST,PKCH,"HUTSON, ANDRE",2FGA,Missed Two Pointer,0,35,228,C,,,,2,09:00,2,4,
2007,RS,1,6,19,IST,PKCH,"HUTSON, ANDRE",FTM,Free Throw In,1,-1,-1, ,,,,2,09:00,2,5,
2007,RS,1,6,20,IST,PKCH,"HUTSON, ANDRE",FTM,Free Throw In,1,-1,-1, ,,,,2,09:00,2,6,
2007,RS,1,6,22,CIB,PKXF,"AYUSO, LARRY",3FGM,Three Pointer,3,223,630,G,,,,3,08:00,5,6,
2007,RS,1,6,25,CIB,PKXF,"AYUSO, LARRY",3FGA,Missed Three Pointer,0,-289,600,J,,,,3,08:00,5,6,
2007,RS,1,6,27,IST,PKOJ,"GREGORY, KENNY",2FGM,Two Pointer,2,-248,87,D,,,,3,08:00,5,8,
2007,RS,1,6,28,CIB,PJDQ,"ANDRIC, LUKSA",3FGM,Three Pointer,3,46,664,G,,,,3,08:00,8,8,
2007,RS,1,6,39,IST,PARN,"ARSLAN, ENDER",3FGM,Three Pointer,3,-648,141,F,,,,4,07:00,8,11,
2007,RS,1,6,40,CIB,PLCC,"WARREN, CHRIS",2FGA,Missed Two Pointer,0,33,435,H,,,,4,07:00,8,11,
2007,RS,1,6,49,IST,PKCH,"HUTSON, ANDRE",FTM,Free Throw In,1,-1,-1, ,,,,5,06:00,8,12,
2007,RS,1,6,50,IST,PKCH,"HUTSON, ANDRE",FTM,Free Throw In,1,-1,-1, ,,,,5,06:00,8,13,
2007,RS,1,6,51,CIB,PJDQ,"ANDRIC, LUKSA",2FGM,Two Pointer,2,-2,7,D,,,,5,06:00,10,13,
2007,RS,1,6,59,IST,PBDQ,"ERDOGAN, SERKAN",FTM,Free Throw In,1,-1,-1, ,,,,5,06:00,10,14,
2007,RS,1,6,60,IST,PBDQ,"ERDOGAN, SERKAN",FTM,Free Throw In,1,-1,-1, ,,,,5,06:00,10,15,
2007,RS,1,6,61,CIB,PAON,"KRASIC, BARISA",2FGA,Missed Two Pointer,0,-28,112,D,,,,5,06:00,10,15,
2007,RS,1,6,66,CIB,PJDQ,"ANDRIC, LUKSA",2FGA,Missed Two Pointer,0,287,79,B,,,,6,05:00,10,15,
2007,RS,1,6,70,CIB,P000092,"PRINC, VEDRAN",2FGM,Two Pointer,2,-5,87,D,,,,6,05:00,12,15,
2007,RS,1,6,72,CIB,PAON,"KRASIC, BARISA",2FGA,Missed Two Pointer,0,64,94,C,,,,6,05:00,12,15,
2007,RS,1,6,75,IST,PKCH,"HUTSON, ANDRE",2FGA,Missed Two Pointer,0,84,74,C,,,,7,04:00,12,15,
2007,RS,1,6,77,CIB,PJDQ,"ANDRIC, LUKSA",3FGA,Missed Three Pointer,0,651,66,A,,,,7,04:00,12,15,
2007,RS,1,6,79,CIB,PAON,"KRASIC, BARISA",2FGA,Missed Two Pointer,0,84,17,C,,,,7,04:00,12,15,
2007,RS,1,6,87,CIB,PKXF,"AYUSO, LARRY",2FGM,Two Pointer,2,-56,89,D,,,,7,04:00,14,15,
2007,RS,1,6,91,IST,PKCH,"HUTSON, ANDRE",FTM,Free Throw In,1,-1,-1, ,,,,8,03:00,14,16,
2007,RS,1,6,92,IST,PKCH,"HUTSON, ANDRE",FTM,Free Throw In,1,-1,-1, ,,,,8,03:00,14,17,
2007,RS,1,6,99,CIB,PKXF,"AYUSO, LARRY",FTM,Free Throw In,1,-1,-1, ,,,,8,03:00,15,17,
2007,RS,1,6,100,CIB,PKXF,"AYUSO, LARRY",FTM,Free Throw In,1,-1,-1, ,,,,8,03:00,16,17,
2007,RS,1,6,101,IST,PBKM,"KUQO, ERMAL",3FGM,Three Pointer,3,110,648,G,,,,8,03:00,16,20,
2007,RS,1,6,103,CIB,PLCC,"WARREN, CHRIS",3FGA,Missed Three Pointer,0,225,633,G,,,,8,03:00,16,20,
2007,RS,1,6,105,IST,PKOJ,"GREGORY, KENNY",2FGM,Two Pointer,2,38,46,C,,,,8,03:00,16,22,
2007,RS,1,6,107,CIB,PKXF,"AYUSO, LARRY",3FGA,Missed Three Pointer,0,69,679,G,,,,9,02:00,16,22,
2007,RS,1,6,109,IST,PKOJ,"GREGORY, KENNY",2FGA,Missed Two Pointer,0,41,200,C,,,,9,02:00,16,22,
2007,RS,1,6,111,IST,PBDQ,"ERDOGAN, SERKAN",3FGM,Three Pointer,3,492,474,G,,,,9,02:00,16,25,
2007,RS,1,6,118,CIB,PJDQ,"ANDRIC, LUKSA",FTM,Free Throw In,1,-1,-1, ,,,,9,02:00,17,25,
2007,RS,1,6,119,CIB,PJDQ,"ANDRIC, LUKSA",FTM,Free Throw In,1,-1,-1, ,,,,9,02:00,18,25,
2007,RS,1,6,120,IST,PKOJ,"GREGORY, KENNY",2FGM,Two Pointer,2,-58,61,D,,,,9,02:00,18,27,
2007,RS,1,6,124,IST,PKOJ,"GREGORY, KENNY",FTM,Free Throw In,1,-1,-1, ,,,,9,02:00,18,28,
2007,RS,1,6,126,CIB,PJJV,"ROZIC, MARIN",2FGM,Two Pointer,2,5,12,C,,,,10,01:00,20,28,
2007,RS,1,6,131,CIB,PJJV,"ROZIC, MARIN",FTM,Free Throw In,1,-1,-1, ,,,,10,01:00,21,28,
2007,RS,1,6,134,CIB,PJJV,"ROZIC, MARIN",2FGA,Missed Two Pointer,0,48,33,C,,,,10,01:00,21,28,
2007,RS,1,6,136,CIB,PKXF,"AYUSO, LARRY",2FGA,Missed Two Pointer,0,-51,46,D,,,,10,01:00,21,28,
2007,RS,1,6,144,CIB,PJDQ,"ANDRIC, LUKSA",2FGM,Two Pointer,2,48,17,C,,,,11,10:00,23,28,
2007,RS,1,6,146,IST,PAWN,"GONLUM, KEREM",2FGM,Two Pointer,2,38,15,C,,,,11,10:00,23,30,
2007,RS,1,6,147,CIB,PKXF,"AYUSO, LARRY",2FGA,Missed Two Pointer,0,-69,69,D,,,,11,10:00,23,30,
2007,RS,1,6,149,IST,PARN,"ARSLAN, ENDER",2FGM,Two Pointer,2,-33,46,D,,,,11,10:00,23,32,
2007,RS,1,6,152,CIB,PTFE,"KELLEY, TRE",2FGM,Two Pointer,2,-48,46,D,,,,12,09:00,25,32,
2007,RS,1,6,154,CIB,PJDQ,"ANDRIC, LUKSA",2FGM,Two Pointer,2,48,43,C,,,,12,09:00,27,32,
2007,RS,1,6,164,IST,PKNG,"NICHOLAS, ANDREW",3FGA,Missed Three Pointer,0,361,566,G,,,,13,08:00,27,32,
2007,RS,1,6,169,CIB,PTFE,"KELLEY, TRE",FTM,Free Throw In,1,-1,-1, ,,,,13,08:00,28,32,
2007,RS,1,6,170,IST,PTFG,"WOODS, LOREN",2FGM,Two Pointer,2,-43,53,D,,,,13,08:00,28,34,
2007,RS,1,6,174,IST,PTFG,"WOODS, LOREN",FTM,Free Throw In,1,-1,-1, ,,,,13,08:00,28,35,
2007,RS,1,6,178,IST,PKNG,"NICHOLAS, ANDREW",3FGM,Three Pointer,3,-658,112,F,,,,14,07:00,28,38,
2007,RS,1,6,180,CIB,PJDQ,"ANDRIC, LUKSA",2FGM,Two Pointer,2,2,-2,D,,,,14,07:00,30,38,
2007,RS,1,6,181,IST,PKNG,"NICHOLAS, ANDREW",2FGM,Two Pointer,2,202,217,C,,,,14,07:00,30,40,
2007,RS,1,6,183,CIB,PJJV,"ROZIC, MARIN",2FGA,Missed Two Pointer,0,-92,33,D,,,,15,06:00,30,40,
2007,RS,1,6,185,CIB,PJJV,"ROZIC, MARIN",2FGM,Two Pointer,2,51,35,C,,,,15,06:00,32,40,
2007,RS,1,6,186,IST,PTFG,"WOODS, LOREN",2FGM,Two Pointer,2,0,451,I,,,,15,06:00,32,42,
2007,RS,1,6,189,CIB,PLCC,"WARREN, CHRIS",3FGA,Missed Three Pointer,0,-543,358,F,,,,16,05:00,32,42,
2007,RS,1,6,191,IST,PKOJ,"GREGORY, KENNY",2FGM,Two Pointer,2,-2,2,D,,,,16,05:00,32,44,
2007,RS,1,6,193,CIB,PLCC,"WARREN, CHRIS",2FGM,Two Pointer,2,12,23,C,,,,16,05:00,34,44,
2007,RS,1,6,195,IST,PARN,"ARSLAN, ENDER",3FGA,Missed Three Pointer,0,-30,674,J,,,,16,05:00,34,44,
2007,RS,1,6,198,CIB,PJJV,"ROZIC, MARIN",2FGA,Missed Two Pointer,0,-10,112,D,,,,17,04:00,34,44,
2007,RS,1,6,200,CIB,PTFE,"KELLEY, TRE",2FGM,Two Pointer,2,23,25,C,,,,17,04:00,36,44,
2007,RS,1,6,214,CIB,PAPL,"MULAOMEROVIC, DAMIR",3FGM,Three Pointer,3,264,623,G,,,,18,03:00,39,44,
2007,RS,1,6,217,CIB,PAPL,"MULAOMEROVIC, DAMIR",FTM,Free Throw In,1,-1,-1, ,,,,18,03:00,40,44,
2007,RS,1,6,224,CIB,PJJV,"ROZIC, MARIN",2FGM,Two Pointer,2,53,43,C,,,,18,03:00,42,44,
2007,RS,1,6,226,IST,PBXD,"PENN, JAMES",3FGM,Three Pointer,3,571,348,A,,,,18,03:00,42,47,
2007,RS,1,6,231,CIB,PJJV,"ROZIC, MARIN",2FGM,Two Pointer,2,-56,53,D,,,,19,02:00,44,47,
2007,RS,1,6,233,IST,PBDQ,"ERDOGAN, SERKAN",3FGM,Three Pointer,3,-594,294,F,,,,19,02:00,44,50,
2007,RS,1,6,235,CIB,PTFE,"KELLEY, TRE",2FGAB,Missed Two Pointer,0,-125,69,D,,,,19,02:00,44,50,
2007,RS,1,6,241,CIB,PTFD,"VUKUSIC, VEDRAN",2FGA,Missed Two Pointer,0,-120,100,D,,,,19,02:00,44,50,
2007,RS,1,6,244,IST,PTFG,"WOODS, LOREN",2FGM,Two Pointer,2,7,7,C,,,,20,01:00,44,52,
2007,RS,1,6,246,CIB,PAPL,"MULAOMEROVIC, DAMIR",3FGM,Three Pointer,3,-38,648,J,,,,20,01:00,47,52,
2007,RS,1,6,248,IST,PKOJ,"GREGORY, KENNY",2FGM,Two Pointer,2,-115,115,D,,,,20,01:00,47,54,
2007,RS,1,6,255,IST,PARN,"ARSLAN, ENDER",2FGA,Missed Two Pointer,0,-41,117,D,,,,21,10:00,47,54,
2007,RS,1,6,257,CIB,PAPL,"MULAOMEROVIC, DAMIR",3FGA,Missed Three Pointer,0,371,553,G,,,,21,10:00,47,54,
2007,RS,1,6,259,IST,PARN,"ARSLAN, ENDER",2FGM,Two Pointer,2,-28,38,D,,,,21,10:00,47,56,
2007,RS,1,6,260,CIB,PAON,"KRASIC, BARISA",2FGA,Missed Two Pointer,0,-151,241,D,,,,21,10:00,47,56,
2007,RS,1,6,271,CIB,PCJE,"KASTROPIL, FRANKO",FTM,Free Throw In,1,-1,-1, ,,,,22,09:00,48,56,
2007,RS,1,6,272,CIB,PCJE,"KASTROPIL, FRANKO",2FGM,Two Pointer,2,-5,41,D,,,,22,09:00,50,56,
2007,RS,1,6,273,IST,PKCH,"HUTSON, ANDRE",2FGA,Missed Two Pointer,0,100,215,C,,,,22,09:00,50,56,
2007,RS,1,6,276,CIB,PAON,"KRASIC, BARISA",3FGA,Missed Three Pointer,0,120,658,G,,,,23,08:00,50,56,
2007,RS,1,6,278,IST,PKOJ,"GREGORY, KENNY",3FGA,Missed Three Pointer,0,682,105,A,,,,23,08:00,50,56,
2007,RS,1,6,282,CIB,PJJV,"ROZIC, MARIN",2FGM,Two Pointer,2,10,58,C,,,,23,08:00,52,56,
2007,RS,1,6,284,IST,PKCH,"HUTSON, ANDRE",2FGM,Two Pointer,2,-89,128,D,,,,23,08:00,52,58,
2007,RS,1,6,285,CIB,PJJV,"ROZIC, MARIN",2FGA,Missed Two Pointer,0,471,-5,B,,,,23,08:00,52,58,
2007,RS,1,6,287,IST,PKNG,"NICHOLAS, ANDREW",3FGM,Three Pointer,3,612,235,A,,,,23,08:00,52,61,
2007,RS,1,6,291,IST,PKNG,"NICHOLAS, ANDREW",2FGM,Two Pointer,2,-58,28,D,,,,24,07:00,52,63,
2007,RS,1,6,301,CIB,PAPL,"MULAOMEROVIC, DAMIR",2FGA,Missed Two Pointer,0,15,430,H,,,,25,06:00,52,63,
2007,RS,1,6,303,CIB,PLCC,"WARREN, CHRIS",2FGA,Missed Two Pointer,0,66,61,C,,,,25,06:00,52,63,
2007,RS,1,6,305,IST,PKOJ,"GREGORY, KENNY",2FGM,Two Pointer,2,51,51,C,,,,25,06:00,52,65,
2007,RS,1,6,307,CIB,PTFE,"KELLEY, TRE",3FGM,Three Pointer,3,-566,348,F,,,,25,06:00,55,65,
2007,RS,1,6,314,IST,PKNG,"NICHOLAS, ANDREW",3FGM,Three Pointer,3,479,610,G,,,,26,05:00,55,68,
2007,RS,1,6,316,CIB,PAON,"KRASIC, BARISA",2FGA,Missed Two Pointer,0,-456,130,E,,,,26,05:00,55,68,
2007,RS,1,6,324,CIB,PLCC,"WARREN, CHRIS",3FGM,Three Pointer,3,433,530,G,,,,26,05:00,58,68,
2007,RS,1,6,326,IST,PKOJ,"GREGORY, KENNY",2FGA,Missed Two Pointer,0,-58,38,D,,,,27,04:00,58,68,
2007,RS,1,6,330,CIB,PLCC,"WARREN, CHRIS",2FGM,Two Pointer,2,256,30,C,,,,27,04:00,60,68,
2007,RS,1,6,333,CIB,PLCC,"WARREN, CHRIS",FTM,Free Throw In,1,-1,-1, ,,,,27,04:00,61,68,
2007,RS,1,6,334,IST,PKCH,"HUTSON, ANDRE",2FGA,Missed Two Pointer,0,-302,435,I,,,,27,04:00,61,68,
2007,RS,1,6,337,CIB,PKXF,"AYUSO, LARRY",3FGM,Three Pointer,3,-407,589,J,,,,28,03:00,64,68,
2007,RS,1,6,343,IST,PBKM,"KUQO, ERMAL",2FGM,Two Pointer,2,12,110,C,,,,28,03:00,64,70,
2007,RS,1,6,344,CIB,PLCC,"WARREN, CHRIS",2FGA,Missed Two Pointer,0,-297,302,E,,,,28,03:00,64,70,
2007,RS,1,6,347,IST,PBDQ,"ERDOGAN, SERKAN",3FGA,Missed Three Pointer,0,274,620,G,,,,29,02:00,64,70,
2007,RS,1,6,349,CIB,PTFE,"KELLEY, TRE",2FGM,Two Pointer,2,-58,64,D,,,,29,02:00,66,70,
2007,RS,1,6,354,CIB,PTFE,"KELLEY, TRE",FTM,Free Throw In,1,-1,-1, ,,,,29,02:00,67,70,
2007,RS,1,6,355,IST,PBKM,"KUQO, ERMAL",2FGA,Missed Two Pointer,0,110,89,C,,,,29,02:00,67,70,
2007,RS,1,6,358,CIB,PKXF,"AYUSO, LARRY",2FGA,Missed Two Pointer,0,-225,348,E,,,,29,02:00,67,70,
2007,RS,1,6,362,CIB,PLCC,"WARREN, CHRIS",FTM,Free Throw In,1,-1,-1, ,,,,29,02:00,68,70,
2007,RS,1,6,363,CIB,PLCC,"WARREN, CHRIS",FTM,Free Throw In,1,-1,-1, ,,,,29,02:00,69,70,
2007,RS,1,6,369,IST,PBDQ,"ERDOGAN, SERKAN",3FGA,Missed Three Pointer,0,-456,507,J,,,,30,01:00,69,70,
2007,RS,1,6,373,CIB,PAON,"KRASIC, BARISA",3FGM,Three Pointer,3,-492,451,J,,,,30,01:00,72,70,
2007,RS,1,6,376,IST,PTFG,"WOODS, LOREN",2FGAB,Missed Two Pointer,0,-43,64,D,,,,30,01:00,72,70,
2007,RS,1,6,379,CIB,PKXF,"AYUSO, LARRY",3FGM,Three Pointer,3,-276,610,J,,,,30,01:00,75,70,
2007,RS,1,6,391,CIB,PAON,"KRASIC, BARISA",3FGM,Three Pointer,3,-623,205,F,,,,31,10:00,78,70,
2007,RS,1,6,396,CIB,PAON,"KRASIC, BARISA",3FGA,Missed Three Pointer,0,541,446,G,,,,32,09:00,78,70,
2007,RS,1,6,405,IST,PKCH,"HUTSON, ANDRE",FTM,Free Throw In,1,-1,-1, ,,,,32,09:00,78,71,
2007,RS,1,6,406,IST,PKCH,"HUTSON, ANDRE",FTM,Free Throw In,1,-1,-1, ,,,,32,09:00,78,72,
2007,RS,1,6,409,CIB,PJJV,"ROZIC, MARIN",3FGA,Missed Three Pointer,0,379,561,G,,,,32,09:00,78,72,
2007,RS,1,6,411,IST,PARN,"ARSLAN, ENDER",2FGA,Missed Two Pointer,0,133,48,C,,,,32,09:00,78,72,
2007,RS,1,6,413,IST,PKCH,"HUTSON, ANDRE",2FGM,Two Pointer,2,-41,35,D,,,,32,09:00,78,74,
2007,RS,1,6,415,CIB,PLCC,"WARREN, CHRIS",2FGM,Two Pointer,2,-471,384,E,,,,33,08:00,80,74,
2007,RS,1,6,416,IST,PKNG,"NICHOLAS, ANDREW",3FGA,Missed Three Pointer,0,-484,615,J,,,,33,08:00,80,74,
2007,RS,1,6,419,CIB,PJJV,"ROZIC, MARIN",3FGA,Missed Three Pointer,0,-676,-51,F,,,,34,07:00,80,74,
2007,RS,1,6,427,IST,PBDQ,"ERDOGAN, SERKAN",FTM,Free Throw In,1,-1,-1, ,,,,34,07:00,80,75,
2007,RS,1,6,437,IST,PBDQ,"ERDOGAN, SERKAN",2FGM,Two Pointer,2,-76,46,D,,,,35,06:00,80,77,
2007,RS,1,6,438,CIB,PTFE,"KELLEY, TRE",3FGM,Three Pointer,3,-438,523,J,,,,35,06:00,83,77,
2007,RS,1,6,439,IST,PBDQ,"ERDOGAN, SERKAN",3FGA,Missed Three Pointer,0,-389,582,J,,,,35,06:00,83,77,
2007,RS,1,6,447,CIB,PJDQ,"ANDRIC, LUKSA",2FGM,Two Pointer,2,51,125,C,,,,35,06:00,85,77,
2007,RS,1,6,448,IST,PBDQ,"ERDOGAN, SERKAN",3FGM,Three Pointer,3,620,292,A,,,,35,06:00,85,80,
2007,RS,1,6,457,IST,PBXD,"PENN, JAMES",FTM,Free Throw In,1,-1,-1, ,,,,37,04:00,85,81,
2007,RS,1,6,460,CIB,PKXF,"AYUSO, LARRY",2FGM,Two Pointer,2,-41,46,D,,,,37,04:00,87,81,
2007,RS,1,6,461,IST,PKCH,"HUTSON, ANDRE",2FGM,Two Pointer,2,69,58,C,,,,37,04:00,87,83,
2007,RS,1,6,467,CIB,PKXF,"AYUSO, LARRY",3FGA,Missed Three Pointer,0,-564,361,F,,,,38,03:00,87,83,
2007,RS,1,6,469,CIB,PKXF,"AYUSO, LARRY",2FGM,Two Pointer,2,43,43,C,,,,38,03:00,89,83,
2007,RS,1,6,474,IST,PKCH,"HUTSON, ANDRE",FTM,Free Throw In,1,-1,-1, ,,,,39,02:00,89,84,
2007,RS,1,6,475,IST,PKCH,"HUTSON, ANDRE",FTM,Free Throw In,1,-1,-1, ,,,,39,02:00,89,85,
2007,RS,1,6,478,CIB,PJDQ,"ANDRIC, LUKSA",2FGM,Two Pointer,2,46,20,C,,,,39,02:00,91,85,
2007,RS,1,6,481,IST,PBDQ,"ERDOGAN, SERKAN",3FGA,Missed Three Pointer,0,253,643,G,,,,39,02:00,91,85,
2007,RS,1,6,488,IST,PKNG,"NICHOLAS, ANDREW",3FGA,Missed Three Pointer,0,-387,582,J,,,,40,01:00,91,85,
2007,RS,1,6,490,IST,PKNG,"NICHOLAS, ANDREW",3FGA,Missed Three Pointer,0,448,502,G,,,,40,01:00,91,85,
2007,RS,1,6,495,CIB,PLCC,"WARREN, CHRIS",FTM,Free Throw In,1,-1,-1, ,,,,40,01:00,92,85,
2007,RS,1,6,496,CIB,PLCC,"WARREN, CHRIS",FTM,Free Throw In,1,-1,-1, ,,,,40,01:00,93,85,
2007,RS,1,6,497,IST,PKNG,"NICHOLAS, ANDREW",2FGA,Missed Two Pointer,0,-64,51,D,,,,40,01:00,93,85,
2007,RS,1,7,30,MIL,PAHU,"BULLERI, MASSIMO",2FGM,Two Pointer,2,-235,384,E,,,,1,10:00,2,0,
2007,RS,1,7,31,LIE,PJZN,"PETRAVICIUS, MARIJONAS",2FGM,Two Pointer,2,123,146,C,,,,1,10:00,2,2,
2007,RS,1,7,38,MIL,PTEP,"GAINES, REECE",3FGM,Three Pointer,3,-561,366,F,,,,1,10:00,5,2,
2007,RS,1,7,43,LIE,PJRD,"NIELSEN, MATT",2FGM,Two Pointer,2,405,143,B,,,,1,10:00,5,4,
2007,RS,1,7,44,MIL,PTEP,"GAINES, REECE",2FGA,Missed Two Pointer,0,-148,79,D,,,,1,10:00,5,4,
2007,RS,1,7,51,LIE,PKNS,"JOMANTAS, ARTURAS",3FGA,Missed Three Pointer,0,579,410,A,,,,1,10:00,5,4,
2007,RS,1,7,53,LIE,PJZN,"PETRAVICIUS, MARIJONAS",2FGM,Two Pointer,2,82,46,C,,,,1,10:00,5,6,
2007,RS,1,7,54,MIL,PTEP,"GAINES, REECE",2FGA,Missed Two Pointer,0,-71,69,D,,,,1,10:00,5,6,
2007,RS,1,7,56,MIL,PAUT,"VUKCEVIC, DUSAN",2FGA,Missed Two Pointer,0,-279,269,E,,,,1,10:00,5,6,
2007,RS,1,7,60,LIE,PCOH,"PRICE, HOLLIS",3FGM,Three Pointer,3,-689,0,F,,,,1,10:00,5,9,
2007,RS,1,7,65,MIL,PAUT,"VUKCEVIC, DUSAN",2FGM,Two Pointer,2,-76,10,D,,,,5,06:00,7,9,
2007,RS,1,7,66,LIE,PBUU,"LUKAUSKIS, MINDAUGAS",2FGM,Two Pointer,2,-71,43,D,,,,5,06:00,7,11,
2007,RS,1,7,70,LIE,PKNS,"JOMANTAS, ARTURAS",2FGM,Two Pointer,2,-20,74,D,,,,5,06:00,7,13,
2007,RS,1,7,72,MIL,PLGS,"SESAY, ANSU",3FGA,Missed Three Pointer,0,-389,576,J,,,,6,05:00,7,13,
2007,RS,1,7,73,MIL,PAHU,"BULLERI, MASSIMO",2FGM,Two Pointer,2,-82,35,D,,,,6,05:00,9,13,
2007,RS,1,7,78,MIL,PAUT,"VUKCEVIC, DUSAN",3FGA,Missed Three Pointer,0,384,566,G,,,,6,05:00,9,13,
2007,RS,1,7,80,LIE,PBUU,"LUKAUSKIS, MINDAUGAS",2FGA,Missed Two Pointer,0,-2,82,D,,,,6,05:00,9,13,
2007,RS,1,7,88,LIE,PJRD,"NIELSEN, MATT",FTM,Free Throw In,1,-1,-1, ,,,,7,04:00,9,14,
2007,RS,1,7,89,LIE,PJRD,"NIELSEN, MATT",FTM,Free Throw In,1,-1,-1, ,,,,7,04:00,9,15,
2007,RS,1,7,90,MIL,PAHU,"BULLERI, MASSIMO",2FGA,Missed Two Pointer,0,-451,-10,E,,,,7,04:00,9,15,
2007,RS,1,7,96,MIL,PKNZ,"WATSON, TRAVIS",2FGM,Two Pointer,2,61,28,C,,,,7,04:00,11,15,
2007,RS,1,7,97,LIE,PJZN,"PETRAVICIUS, MARIJONAS",2FGM,Two Pointer,2,-48,43,D,,,,7,04:00,11,17,
2007,RS,1,7,100,MIL,PAUT,"VUKCEVIC, DUSAN",3FGA,Missed Three Pointer,0,-69,671,J,,,,8,03:00,11,17,
2007,RS,1,7,102,LIE,PJZN,"PETRAVICIUS, MARIJONAS",2FGM,Two Pointer,2,12,82,C,,,,8,03:00,11,19,
2007,RS,1,7,110,MIL,PTEP,"GAINES, REECE",FTM,Free Throw In,1,-1,-1, ,,,,8,03:00,12,19,
2007,RS,1,7,111,MIL,PTEP,"GAINES, REECE",FTM,Free Throw In,1,-1,-1, ,,,,8,03:00,13,19,
2007,RS,1,7,112,LIE,PCOH,"PRICE, HOLLIS",3FGA,Missed Three Pointer,0,-287,600,J,,,,8,03:00,13,19,
2007,RS,1,7,117,LIE,PCOH,"PRICE, HOLLIS",3FGA,Missed Three Pointer,0,-415,548,J,,,,9,02:00,13,19,
2007,RS,1,7,121,LIE,PJZN,"PETRAVICIUS, MARIJONAS",FTM,Free Throw In,1,-1,-1, ,,,,9,02:00,13,20,
2007,RS,1,7,122,LIE,PJZN,"PETRAVICIUS, MARIJONAS",FTM,Free Throw In,1,-1,-1, ,,,,9,02:00,13,21,
2007,RS,1,7,130,MIL,PTEP,"GAINES, REECE",FTM,Free Throw In,1,-1,-1, ,,,,9,02:00,14,21,
2007,RS,1,7,132,LIE,PJZN,"PETRAVICIUS, MARIJONAS",2FGM,Two Pointer,2,-56,43,D,,,,10,01:00,14,23,
2007,RS,1,7,134,MIL,PCUG,"SHAW, JOSEPH CASEY",2FGA,Missed Two Pointer,0,-15,87,D,,,,10,01:00,14,23,
2007,RS,1,7,136,LIE,PLTT,"GECEVICIUS, MARTYNAS",3FGM,Three Pointer,3,-233,628,J,,,,10,01:00,14,26,
2007,RS,1,7,137,MIL,PBAP,"TOURE, HERVE",2FGM,Two Pointer,2,-202,469,I,,,,10,01:00,16,26,
2007,RS,1,7,144,LIE,PTFL,"BAJRAMOVIC, KENAN",2FGM,Two Pointer,2,41,46,C,,,,11,10:00,16,28,
2007,RS,1,7,148,LIE,PCOH,"PRICE, HOLLIS",2FGM,Two Pointer,2,38,128,C,,,,11,10:00,16,30,
2007,RS,1,7,149,MIL,PBAP,"TOURE, HERVE",2FGA,Missed Two Pointer,0,-305,297,E,,,,11,10:00,16,30,
2007,RS,1,7,158,MIL,PTES,"GADSON, CHEYNE",2FGM,Two Pointer,2,51,17,C,,,,12,09:00,18,30,
2007,RS,1,7,164,MIL,PAHU,"BULLERI, MASSIMO",2FGA,Missed Two Pointer,0,-376,217,E,,,,13,08:00,18,30,
2007,RS,1,7,166,LIE,PJZN,"PETRAVICIUS, MARIJONAS",2FGM,Two Pointer,2,53,89,C,,,,13,08:00,18,32,
2007,RS,1,7,169,MIL,PTES,"GADSON, CHEYNE",2FGM,Two Pointer,2,48,25,C,,,,14,07:00,20,32,
2007,RS,1,7,170,LIE,PTFL,"BAJRAMOVIC, KENAN",2FGA,Missed Two Pointer,0,-369,361,E,,,,14,07:00,20,32,
2007,RS,1,7,172,MIL,PBAP,"TOURE, HERVE",2FGA,Missed Two Pointer,0,466,-7,B,,,,14,07:00,20,32,
2007,RS,1,7,175,LIE,PTFL,"BAJRAMOVIC, KENAN",2FGA,Missed Two Pointer,0,-12,94,D,,,,15,06:00,20,32,
2007,RS,1,7,177,LIE,PTFL,"BAJRAMOVIC, KENAN",2FGA,Missed Two Pointer,0,-30,92,D,,,,15,06:00,20,32,
2007,RS,1,7,185,MIL,PAHU,"BULLERI, MASSIMO",2FGA,Missed Two Pointer,0,110,120,C,,,,15,06:00,20,32,
2007,RS,1,7,187,MIL,PKNZ,"WATSON, TRAVIS",2FGM,Two Pointer,2,-23,82,D,,,,15,06:00,22,32,
2007,RS,1,7,190,LIE,PJRD,"NIELSEN, MATT",2FGM,Two Pointer,2,-82,35,D,,,,15,06:00,22,34,
2007,RS,1,7,192,MIL,PAUT,"VUKCEVIC, DUSAN",2FGA,Missed Two Pointer,0,-133,38,D,,,,16,05:00,22,34,
2007,RS,1,7,194,LIE,PLTT,"GECEVICIUS, MARTYNAS",3FGA,Missed Three Pointer,0,-125,666,J,,,,16,05:00,22,34,
2007,RS,1,7,202,MIL,PTES,"GADSON, CHEYNE",3FGA,Missed Three Pointer,0,143,656,G,,,,16,05:00,22,34,
2007,RS,1,7,204,LIE,PBUU,"LUKAUSKIS, MINDAUGAS",3FGA,Missed Three Pointer,0,-656,161,F,,,,16,05:00,22,34,
2007,RS,1,7,208,MIL,PAHU,"BULLERI, MASSIMO",2FGA,Missed Two Pointer,0,-112,28,D,,,,16,05:00,22,34,
2007,RS,1,7,210,LIE,PTFL,"BAJRAMOVIC, KENAN",2FGM,Two Pointer,2,0,7,D,,,,16,05:00,22,36,
2007,RS,1,7,217,LIE,PLTT,"GECEVICIUS, MARTYNAS",3FGM,Three Pointer,3,-666,-71,F,,,,17,04:00,22,39,
2007,RS,1,7,224,MIL,PTES,"GADSON, CHEYNE",FTM,Free Throw In,1,-1,-1, ,,,,18,03:00,23,39,
2007,RS,1,7,225,MIL,PTES,"GADSON, CHEYNE",FTM,Free Throw In,1,-1,-1, ,,,,18,03:00,24,39,
2007,RS,1,7,226,LIE,PBUU,"LUKAUSKIS, MINDAUGAS",3FGM,Three Pointer,3,666,141,A,,,,18,03:00,24,42,
2007,RS,1,7,235,MIL,PAUT,"VUKCEVIC, DUSAN",FTM,Free Throw In,1,-1,-1, ,,,,19,02:00,25,42,
2007,RS,1,7,236,MIL,PAUT,"VUKCEVIC, DUSAN",FTM,Free Throw In,1,-1,-1, ,,,,19,02:00,26,42,
2007,RS,1,7,241,MIL,PAHU,"BULLERI, MASSIMO",3FGM,Three Pointer,3,-684,135,F,,,,19,02:00,29,42,
2007,RS,1,7,244,LIE,PJZN,"PETRAVICIUS, MARIJONAS",2FGA,Missed Two Pointer,0,382,23,B,,,,19,02:00,29,42,
2007,RS,1,7,251,LIE,PJZN,"PETRAVICIUS, MARIJONAS",2FGM,Two Pointer,2,-61,7,D,,,,20,01:00,29,44,
2007,RS,1,7,253,MIL,PAHU,"BULLERI, MASSIMO",3FGA,Missed Three Pointer,0,-323,633,J,,,,20,01:00,29,44,
2007,RS,1,7,265,MIL,PLGS,"SESAY, ANSU",2FGM,Two Pointer,2,425,-7,B,,,,21,10:00,31,44,
2007,RS,1,7,268,LIE,PKNS,"JOMANTAS, ARTURAS",2FGA,Missed Two Pointer,0,269,202,B,,,,21,10:00,31,44,
2007,RS,1,7,270,MIL,PLGS,"SESAY, ANSU",3FGM,Three Pointer,3,-423,556,J,,,,21,10:00,34,44,
2007,RS,1,7,275,LIE,PBUU,"LUKAUSKIS, MINDAUGAS",FTM,Free Throw In,1,-1,-1, ,,,,21,10:00,34,45,
2007,RS,1,7,276,LIE,PBUU,"LUKAUSKIS, MINDAUGAS",FTM,Free Throw In,1,-1,-1, ,,,,21,10:00,34,46,
2007,RS,1,7,280,MIL,PLGS,"SESAY, ANSU",2FGA,Missed Two Pointer,0,-338,348,E,,,,22,09:00,34,46,
2007,RS,1,7,282,LIE,PCOH,"PRICE, HOLLIS",2FGM,Two Pointer,2,-112,23,D,,,,22,09:00,34,48,
2007,RS,1,7,286,MIL,PTEP,"GAINES, REECE",3FGM,Three Pointer,3,-376,551,J,,,,23,08:00,37,48,
2007,RS,1,7,287,LIE,PBUU,"LUKAUSKIS, MINDAUGAS",3FGA,Missed Three Pointer,0,679,74,A,,,,23,08:00,37,48,
2007,RS,1,7,289,LIE,PJZN,"PETRAVICIUS, MARIJONAS",2FGM,Two Pointer,2,92,25,C,,,,23,08:00,37,50,
2007,RS,1,7,297,LIE,PCOH,"PRICE, HOLLIS",2FGA,Missed Two Pointer,0,58,46,C,,,,24,07:00,37,50,
2007,RS,1,7,299,MIL,PLGS,"SESAY, ANSU",2FGM,Two Pointer,2,241,15,C,,,,24,07:00,39,50,
2007,RS,1,7,301,LIE,PJRD,"NIELSEN, MATT",2FGM,Two Pointer,2,-97,17,D,,,,25,06:00,39,52,
2007,RS,1,7,310,MIL,PAUT,"VUKCEVIC, DUSAN",2FGM,Two Pointer,2,-58,20,D,,,,25,06:00,41,52,
2007,RS,1,7,314,LIE,PJZN,"PETRAVICIUS, MARIJONAS",FTM,Free Throw In,1,-1,-1, ,,,,25,06:00,41,53,
2007,RS,1,7,317,LIE,PJRD,"NIELSEN, MATT",2FGA,Missed Two Pointer,0,146,56,C,,,,25,06:00,41,53,
2007,RS,1,7,328,MIL,PTEP,"GAINES, REECE",FTM,Free Throw In,1,-1,-1, ,,,,26,05:00,42,53,
2007,RS,1,7,331,LIE,PTFL,"BAJRAMOVIC, KENAN",2FGM,Two Pointer,2,-89,25,D,,,,26,05:00,42,55,
2007,RS,1,7,333,MIL,PAUT,"VUKCEVIC, DUSAN",2FGAB,Missed Two Pointer,0,369,241,B,,,,27,04:00,42,55,
2007,RS,1,7,344,MIL,PLGS,"SESAY, ANSU",3FGM,Three Pointer,3,684,148,A,,,,27,04:00,45,55,
2007,RS,1,7,347,LIE,PJZN,"PETRAVICIUS, MARIJONAS",2FGM,Two Pointer,2,0,74,D,,,,28,03:00,45,57,
2007,RS,1,7,354,LIE,PCOH,"PRICE, HOLLIS",FTM,Free Throw In,1,-1,-1, ,,,,28,03:00,45,58,
2007,RS,1,7,355,LIE,PCOH,"PRICE, HOLLIS",FTM,Free Throw In,1,-1,-1, ,,,,28,03:00,45,59,
2007,RS,1,7,356,MIL,PTES,"GADSON, CHEYNE",2FGA,Missed Two Pointer,0,-292,392,E,,,,28,03:00,45,59,
2007,RS,1,7,361,MIL,PTEP,"GAINES, REECE",3FGM,Three Pointer,3,-412,533,J,,,,29,02:00,48,59,
2007,RS,1,7,362,LIE,PCOH,"PRICE, HOLLIS",3FGA,Missed Three Pointer,0,-405,546,J,,,,29,02:00,48,59,
2007,RS,1,7,364,MIL,PTEP,"GAINES, REECE",3FGM,Three Pointer,3,-556,582,J,,,,29,02:00,51,59,
2007,RS,1,7,369,LIE,PTFL,"BAJRAMOVIC, KENAN",3FGA,Missed Three Pointer,0,379,564,G,,,,30,01:00,51,59,
2007,RS,1,7,373,LIE,PJZN,"PETRAVICIUS, MARIJONAS",FTM,Free Throw In,1,-1,-1, ,,,,30,01:00,51,60,
2007,RS,1,7,374,LIE,PJZN,"PETRAVICIUS, MARIJONAS",FTM,Free Throw In,1,-1,-1, ,,,,30,01:00,51,61,
2007,RS,1,7,379,LIE,PCOH,"PRICE, HOLLIS",3FGA,Missed Three Pointer,0,384,987,G,,,,30,01:00,51,61,
2007,RS,1,7,387,MIL,PTES,"GADSON, CHEYNE",2FGM,Two Pointer,2,-20,64,D,,,,31,10:00,53,61,
2007,RS,1,7,394,MIL,PTES,"GADSON, CHEYNE",FTM,Free Throw In,1,-1,-1, ,,,,31,10:00,54,61,
2007,RS,1,7,395,LIE,PBUU,"LUKAUSKIS, MINDAUGAS",3FGA,Missed Three Pointer,0,-417,607,J,,,,31,10:00,54,61,
2007,RS,1,7,397,LIE,PLTT,"GECEVICIUS, MARTYNAS",2FGAB,Missed Two Pointer,0,107,23,C,,,,31,10:00,54,61,
2007,RS,1,7,412,LIE,PJZN,"PETRAVICIUS, MARIJONAS",FTM,Free Throw In,1,-1,-1, ,,,,32,09:00,54,62,
2007,RS,1,7,413,LIE,PJZN,"PETRAVICIUS, MARIJONAS",FTM,Free Throw In,1,-1,-1, ,,,,32,09:00,54,63,
2007,RS,1,7,418,MIL,PTEP,"GAINES, REECE",3FGM,Three Pointer,3,10,771,G,,,,32,09:00,57,63,
2007,RS,1,7,421,LIE,PBUU,"LUKAUSKIS, MINDAUGAS",3FGM,Three Pointer,3,-430,505,J,,,,32,09:00,57,66,
2007,RS,1,7,426,MIL,PLGS,"SESAY, ANSU",FTM,Free Throw In,1,-1,-1, ,,,,33,08:00,58,66,
2007,RS,1,7,433,LIE,PJZN,"PETRAVICIUS, MARIJONAS",FTM,Free Throw In,1,-1,-1, ,,,,33,08:00,58,67,
2007,RS,1,7,436,LIE,PJZN,"PETRAVICIUS, MARIJONAS",2FGA,Missed Two Pointer,0,89,146,C,,,,33,08:00,58,67,
2007,RS,1,7,438,MIL,PTES,"GADSON, CHEYNE",3FGA,Missed Three Pointer,0,-289,602,J,,,,33,08:00,58,67,
2007,RS,1,7,440,LIE,PTFL,"BAJRAMOVIC, KENAN",3FGA,Missed Three Pointer,0,446,500,G,,,,33,08:00,58,67,
2007,RS,1,7,443,MIL,PAUT,"VUKCEVIC, DUSAN",3FGM,Three Pointer,3,-679,-30,F,,,,34,07:00,61,67,
2007,RS,1,7,445,LIE,PBUU,"LUKAUSKIS, MINDAUGAS",3FGA,Missed Three Pointer,0,612,343,A,,,,34,07:00,61,67,
2007,RS,1,7,454,LIE,PTFL,"BAJRAMOVIC, KENAN",3FGM,Three Pointer,3,58,666,G,,,,35,06:00,61,70,
2007,RS,1,7,456,MIL,PAUT,"VUKCEVIC, DUSAN",2FGM,Two Pointer,2,207,217,C,,,,35,06:00,63,70,
2007,RS,1,7,458,LIE,PCOH,"PRICE, HOLLIS",3FGM,Three Pointer,3,551,389,A,,,,36,05:00,63,73,
2007,RS,1,7,463,MIL,PTEP,"GAINES, REECE",2FGA,Missed Two Pointer,0,-171,41,D,,,,36,05:00,63,73,
2007,RS,1,7,465,LIE,PTFL,"BAJRAMOVIC, KENAN",3FGA,Missed Three Pointer,0,-305,607,J,,,,36,05:00,63,73,
2007,RS,1,7,469,LIE,PLTT,"GECEVICIUS, MARTYNAS",3FGA,Missed Three Pointer,0,700,25,A,,,,36,05:00,63,73,
2007,RS,1,7,471,MIL,PAUT,"VUKCEVIC, DUSAN",3FGA,Missed Three Pointer,0,171,653,G,,,,36,05:00,63,73,
2007,RS,1,7,478,MIL,PAHU,"BULLERI, MASSIMO",FTM,Free Throw In,1,-1,-1, ,,,,37,04:00,64,73,
2007,RS,1,7,479,MIL,PAHU,"BULLERI, MASSIMO",FTM,Free Throw In,1,-1,-1, ,,,,37,04:00,65,73,
2007,RS,1,7,480,LIE,PCOH,"PRICE, HOLLIS",3FGA,Missed Three Pointer,0,-628,361,F,,,,37,04:00,65,73,
2007,RS,1,7,484,LIE,PTFL,"BAJRAMOVIC, KENAN",2FGA,Missed Two Pointer,0,-584,-33,E,,,,37,04:00,65,73,
2007,RS,1,7,491,MIL,PKNZ,"WATSON, TRAVIS",FTM,Free Throw In,1,-1,-1, ,,,,38,03:00,66,73,
2007,RS,1,7,492,MIL,PKNZ,"WATSON, TRAVIS",FTM,Free Throw In,1,-1,-1, ,,,,38,03:00,67,73,
2007,RS,1,7,493,LIE,PBUU,"LUKAUSKIS, MINDAUGAS",2FGA,Missed Two Pointer,0,-61,153,D,,,,38,03:00,67,73,
2007,RS,1,7,495,LIE,PJZN,"PETRAVICIUS, MARIJONAS",2FGM,Two Pointer,2,-46,20,D,,,,38,03:00,67,75,
2007,RS,1,7,499,MIL,PAHU,"BULLERI, MASSIMO",FTM,Free Throw In,1,-1,-1, ,,,,38,03:00,68,75,
2007,RS,1,7,502,LIE,PCOH,"PRICE, HOLLIS",FTM,Free Throw In,1,-1,-1, ,,,,38,03:00,68,76,
2007,RS,1,7,503,LIE,PCOH,"PRICE, HOLLIS",FTM,Free Throw In,1,-1,-1, ,,,,38,03:00,68,77,
2007,RS,1,7,504,MIL,PTEP,"GAINES, REECE",2FGM,Two Pointer,2,2,5,D,,,,38,03:00,70,77,
2007,RS,1,7,509,MIL,PTEP,"GAINES, REECE",FTM,Free Throw In,1,-1,-1, ,,,,38,03:00,71,77,
2007,RS,1,7,511,LIE,PLTT,"GECEVICIUS, MARTYNAS",3FGAB,Missed Three Pointer,0,-76,671,J,,,,39,02:00,71,77,
2007,RS,1,7,515,MIL,PTEP,"GAINES, REECE",3FGA,Missed Three Pointer,0,492,502,G,,,,39,02:00,71,77,
2007,RS,1,7,524,MIL,PKNZ,"WATSON, TRAVIS",FTM,Free Throw In,1,-1,-1, ,,,,39,02:00,72,77,
2007,RS,1,7,525,MIL,PKNZ,"WATSON, TRAVIS",FTM,Free Throw In,1,-1,-1, ,,,,39,02:00,73,77,
2007,RS,1,7,527,LIE,PBUU,"LUKAUSKIS, MINDAUGAS",3FGM,Three Pointer,3,382,569,G,,,,40,01:00,73,80,
2007,RS,1,7,533,MIL,PAHU,"BULLERI, MASSIMO",FTM,Free Throw In,1,-1,-1, ,,,,40,01:00,74,80,
2007,RS,1,7,541,LIE,PLTT,"GECEVICIUS, MARTYNAS",FTM,Free Throw In,1,-1,-1, ,,,,40,01:00,74,81,
2007,RS,1,7,542,LIE,PLTT,"GECEVICIUS, MARTYNAS",FTM,Free Throw In,1,-1,-1, ,,,,40,01:00,74,82,
2007,RS,1,7,543,MIL,PTES,"GADSON, CHEYNE",3FGA,Missed Three Pointer,0,-646,246,F,,,,40,01:00,74,82,
2007,RS,1,7,545,MIL,PAHU,"BULLERI, MASSIMO",2FGM,Two Pointer,2,92,110,C,,,,40,01:00,76,82,
2007,RS,1,7,552,LIE,PCOH,"PRICE, HOLLIS",FTM,Free Throw In,1,-1,-1, ,,,,40,01:00,76,83,
2007,RS,1,8,2,TEL,PCQD,"CUMMINGS, VONTEEGO",2FGA,Missed Two Pointer,0,5,435,H,,,,1,10:00,0,0,
2007,RS,1,8,4,LEM,PKOH,"BATUM, NICOLAS",2FGM,Two Pointer,2,169,-23,C,,,,1,10:00,0,2,
2007,RS,1,8,5,TEL,PBES,"BLUTHENTHAL, DAVID",2FGA,Missed Two Pointer,0,-28,435,I,,,,1,10:00,0,2,
2007,RS,1,8,7,TEL,PBES,"BLUTHENTHAL, DAVID",3FGA,Missed Three Pointer,0,366,574,G,,,,1,10:00,0,2,
2007,RS,1,8,9,LEM,PKZD,"CLANCY, SAMUEL",2FGM,Two Pointer,2,133,-51,C,,,,1,10:00,0,4,
2007,RS,1,8,14,TEL,PBES,"BLUTHENTHAL, DAVID",2FGA,Missed Two Pointer,0,48,171,C,,,,2,09:00,0,4,
2007,RS,1,8,16,LEM,PCHZ,"BOGDANOVIC, LUKA",3FGA,Missed Three Pointer,0,-374,548,J,,,,2,09:00,0,4,
2007,RS,1,8,19,TEL,PBES,"BLUTHENTHAL, DAVID",2FGA,Missed Two Pointer,0,69,56,C,,,,2,09:00,0,4,
2007,RS,1,8,21,LEM,PCOC,"BOKOLO, YANNICK",3FGA,Missed Three Pointer,0,-489,510,J,,,,2,09:00,0,4,
2007,RS,1,8,23,LEM,PCOC,"BOKOLO, YANNICK",2FGA,Missed Two Pointer,0,-74,-10,D,,,,2,09:00,0,4,
2007,RS,1,8,25,LEM,PKZD,"CLANCY, SAMUEL",2FGM,Two Pointer,2,-35,5,D,,,,2,09:00,0,6,
2007,RS,1,8,26,TEL,PTFS,"FIZER, MARCUS",2FGA,Missed Two Pointer,0,15,82,C,,,,2,09:00,0,6,
2007,RS,1,8,28,LEM,PKZD,"CLANCY, SAMUEL",2FGA,Missed Two Pointer,0,-28,66,D,,,,2,09:00,0,6,
2007,RS,1,8,30,LEM,PCOB,"KOFFI, ALAIN",2FGA,Missed Two Pointer,0,-66,-43,D,,,,2,09:00,0,6,
2007,RS,1,8,32,TEL,PAOZ,"HALPERIN, YOTAM",3FGM,Three Pointer,3,543,448,G,,,,2,09:00,3,6,
2007,RS,1,8,38,LEM,PCHZ,"BOGDANOVIC, LUKA",FTM,Free Throw In,1,-1,-1, ,,,,4,07:00,3,7,
2007,RS,1,8,39,LEM,PCHZ,"BOGDANOVIC, LUKA",FTM,Free Throw In,1,-1,-1, ,,,,4,07:00,3,8,
2007,RS,1,8,40,TEL,PAPB,"VUJCIC, NIKOLA",2FGM,Two Pointer,2,89,33,C,,,,4,07:00,5,8,
2007,RS,1,8,42,LEM,PKZD,"CLANCY, SAMUEL",2FGM,Two Pointer,2,-69,10,D,,,,4,07:00,5,10,
2007,RS,1,8,44,TEL,PAPB,"VUJCIC, NIKOLA",2FGM,Two Pointer,2,269,194,B,,,,4,07:00,7,10,
2007,RS,1,8,45,LEM,PKOH,"BATUM, NICOLAS",2FGA,Missed Two Pointer,0,-25,171,D,,,,4,07:00,7,10,
2007,RS,1,8,52,LEM,PKZD,"CLANCY, SAMUEL",FTM,Free Throw In,1,-1,-1, ,,,,4,07:00,7,11,
2007,RS,1,8,53,LEM,PKZD,"CLANCY, SAMUEL",FTM,Free Throw In,1,-1,-1, ,,,,4,07:00,7,12,
2007,RS,1,8,54,TEL,PAOZ,"HALPERIN, YOTAM",3FGA,Missed Three Pointer,0,476,541,G,,,,4,07:00,7,12,
2007,RS,1,8,57,LEM,PCHZ,"BOGDANOVIC, LUKA",2FGM,Two Pointer,2,-7,512,I,,,,5,06:00,7,14,
2007,RS,1,8,59,TEL,PAOZ,"HALPERIN, YOTAM",2FGM,Two Pointer,2,146,28,C,,,,5,06:00,9,14,
2007,RS,1,8,70,TEL,PAOZ,"HALPERIN, YOTAM",2FGM,Two Pointer,2,76,56,C,,,,6,05:00,11,14,
2007,RS,1,8,77,TEL,PAOZ,"HALPERIN, YOTAM",FTM,Free Throw In,1,-1,-1, ,,,,6,05:00,12,14,
2007,RS,1,8,78,LEM,PKZD,"CLANCY, SAMUEL",2FGA,Missed Two Pointer,0,-112,58,D,,,,6,05:00,12,14,
2007,RS,1,8,79,LEM,PKZD,"CLANCY, SAMUEL",2FGAB,Missed Two Pointer,0,-89,23,D,,,,6,05:00,12,14,
2007,RS,1,8,83,LEM,PTFJ,"RICCI, PHILIP",2FGM,Two Pointer,2,-105,64,D,,,,6,05:00,12,16,
2007,RS,1,8,85,TEL,PTFS,"FIZER, MARCUS",2FGM,Two Pointer,2,2,248,D,,,,6,05:00,14,16,
2007,RS,1,8,87,LEM,PDID,"LIMONAD, RAVIV",2FGA,Missed Two Pointer,0,-461,148,E,,,,7,04:00,14,16,
2007,RS,1,8,93,LEM,PDID,"LIMONAD, RAVIV",2FGA,Missed Two Pointer,0,-443,287,E,,,,7,04:00,14,16,
2007,RS,1,8,95,TEL,PCQD,"CUMMINGS, VONTEEGO",2FGM,Two Pointer,2,76,82,C,,,,7,04:00,16,16,
2007,RS,1,8,98,LEM,PTFJ,"RICCI, PHILIP",2FGM,Two Pointer,2,-138,84,D,,,,7,04:00,16,18,
2007,RS,1,8,104,LEM,PKZD,"CLANCY, SAMUEL",2FGA,Missed Two Pointer,0,-56,17,D,,,,7,04:00,16,18,
2007,RS,1,8,113,TEL,PAOU,"SHARP, DERRICK",FTM,Free Throw In,1,-1,-1, ,,,,8,03:00,17,18,
2007,RS,1,8,114,TEL,PAOU,"SHARP, DERRICK",FTM,Free Throw In,1,-1,-1, ,,,,8,03:00,18,18,
2007,RS,1,8,116,LEM,PJMH,"BOGAVAC, NEBOJSA",3FGM,Three Pointer,3,-687,89,F,,,,8,03:00,18,21,
2007,RS,1,8,119,TEL,PLTS,"MORRIS, TERENCE",2FGM,Two Pointer,2,471,51,B,,,,8,03:00,20,21,
2007,RS,1,8,121,LEM,PTFJ,"RICCI, PHILIP",2FGM,Two Pointer,2,-174,38,D,,,,8,03:00,20,23,
2007,RS,1,8,123,TEL,PAOZ,"HALPERIN, YOTAM",2FGM,Two Pointer,2,112,-17,C,,,,8,03:00,22,23,
2007,RS,1,8,127,TEL,PAOZ,"HALPERIN, YOTAM",FTM,Free Throw In,1,-1,-1, ,,,,8,03:00,23,23,
2007,RS,1,8,140,TEL,PAOZ,"HALPERIN, YOTAM",2FGM,Two Pointer,2,105,10,C,,,,9,02:00,25,23,
2007,RS,1,8,143,TEL,PAOU,"SHARP, DERRICK",2FGA,Missed Two Pointer,0,89,23,C,,,,9,02:00,25,23,
2007,RS,1,8,155,TEL,PBES,"BLUTHENTHAL, DAVID",2FGM,Two Pointer,2,87,84,C,,,,12,09:00,27,23,
2007,RS,1,8,160,LEM,PDID,"LIMONAD, RAVIV",FTM,Free Throw In,1,-1,-1, ,,,,12,09:00,27,24,
2007,RS,1,8,161,LEM,PDID,"LIMONAD, RAVIV",FTM,Free Throw In,1,-1,-1, ,,,,12,09:00,27,25,
2007,RS,1,8,165,TEL,PLGD,"ELIYAHU, LIOR",FTM,Free Throw In,1,-1,-1, ,,,,12,09:00,28,25,
2007,RS,1,8,171,LEM,PCHZ,"BOGDANOVIC, LUKA",3FGA,Missed Three Pointer,0,-530,484,J,,,,12,09:00,28,25,
2007,RS,1,8,186,LEM,PJMH,"BOGAVAC, NEBOJSA",3FGA,Missed Three Pointer,0,-587,346,F,,,,13,08:00,28,25,
2007,RS,1,8,188,LEM,PKZD,"CLANCY, SAMUEL",2FGM,Two Pointer,2,-64,20,D,,,,13,08:00,28,27,
2007,RS,1,8,190,TEL,PAPB,"VUJCIC, NIKOLA",2FGM,Two Pointer,2,76,41,C,,,,13,08:00,30,27,
2007,RS,1,8,193,LEM,PCHZ,"BOGDANOVIC, LUKA",2FGA,Missed Two Pointer,0,-112,12,D,,,,13,08:00,30,27,
2007,RS,1,8,202,TEL,PAOZ,"HALPERIN, YOTAM",FTM,Free Throw In,1,-1,-1, ,,,,14,07:00,31,27,
2007,RS,1,8,203,TEL,PAOZ,"HALPERIN, YOTAM",FTM,Free Throw In,1,-1,-1, ,,,,14,07:00,32,27,
2007,RS,1,8,206,LEM,PJMH,"BOGAVAC, NEBOJSA",3FGA,Missed Three Pointer,0,361,589,G,,,,14,07:00,32,27,
2007,RS,1,8,209,TEL,PBES,"BLUTHENTHAL, DAVID",3FGM,Three Pointer,3,66,666,G,,,,15,06:00,35,27,
2007,RS,1,8,217,TEL,PAOU,"SHARP, DERRICK",3FGA,Missed Three Pointer,0,600,276,A,,,,15,06:00,35,27,
2007,RS,1,8,222,LEM,PCHZ,"BOGDANOVIC, LUKA",2FGA,Missed Two Pointer,0,-441,53,E,,,,15,06:00,35,27,
2007,RS,1,8,226,LEM,PCOB,"KOFFI, ALAIN",FTM,Free Throw In,1,-1,-1, ,,,,15,06:00,35,28,
2007,RS,1,8,227,LEM,PCOB,"KOFFI, ALAIN",FTM,Free Throw In,1,-1,-1, ,,,,15,06:00,35,29,
2007,RS,1,8,228,TEL,PTFS,"FIZER, MARCUS",2FGA,Missed Two Pointer,0,35,76,C,,,,15,06:00,35,29,
2007,RS,1,8,234,LEM,PCOB,"KOFFI, ALAIN",2FGM,Two Pointer,2,-56,79,D,,,,15,06:00,35,31,
2007,RS,1,8,239,LEM,PKOH,"BATUM, NICOLAS",2FGM,Two Pointer,2,-30,46,D,,,,15,06:00,35,33,
2007,RS,1,8,247,TEL,PAPB,"VUJCIC, NIKOLA",FTM,Free Throw In,1,-1,-1, ,,,,17,04:00,36,33,
2007,RS,1,8,248,LEM,PCHZ,"BOGDANOVIC, LUKA",3FGA,Missed Three Pointer,0,25,671,G,,,,17,04:00,36,33,
2007,RS,1,8,250,TEL,PAPB,"VUJCIC, NIKOLA",2FGAB,Missed Two Pointer,0,58,125,C,,,,17,04:00,36,33,
2007,RS,1,8,253,TEL,PAOZ,"HALPERIN, YOTAM",2FGA,Missed Two Pointer,0,330,148,B,,,,17,04:00,36,33,
2007,RS,1,8,254,LEM,PCHZ,"BOGDANOVIC, LUKA",3FGM,Three Pointer,3,-653,146,F,,,,17,04:00,36,36,
2007,RS,1,8,266,LEM,PJMH,"BOGAVAC, NEBOJSA",FTM,Free Throw In,1,-1,-1, ,,,,18,03:00,36,37,
2007,RS,1,8,267,LEM,PJMH,"BOGAVAC, NEBOJSA",FTM,Free Throw In,1,-1,-1, ,,,,18,03:00,36,38,
2007,RS,1,8,268,TEL,PAPB,"VUJCIC, NIKOLA",2FGM,Two Pointer,2,69,5,C,,,,18,03:00,38,38,
2007,RS,1,8,272,LEM,PJMH,"BOGAVAC, NEBOJSA",FTM,Free Throw In,1,-1,-1, ,,,,18,03:00,38,39,
2007,RS,1,8,273,LEM,PJMH,"BOGAVAC, NEBOJSA",FTM,Free Throw In,1,-1,-1, ,,,,18,03:00,38,40,
2007,RS,1,8,274,TEL,PAOU,"SHARP, DERRICK",3FGA,Missed Three Pointer,0,464,530,G,,,,18,03:00,38,40,
2007,RS,1,8,277,LEM,PTFK,"DIOT, ANTOINE",2FGAB,Missed Two Pointer,0,-100,48,D,,,,18,03:00,38,40,
2007,RS,1,8,280,TEL,PAOU,"SHARP, DERRICK",3FGM,Three Pointer,3,658,33,A,,,,18,03:00,41,40,
2007,RS,1,8,282,LEM,PCOC,"BOKOLO, YANNICK",2FGA,Missed Two Pointer,0,-166,371,D,,,,18,03:00,41,40,
2007,RS,1,8,284,TEL,PLGD,"ELIYAHU, LIOR",2FGA,Missed Two Pointer,0,100,64,C,,,,18,03:00,41,40,
2007,RS,1,8,287,LEM,PTFK,"DIOT, ANTOINE",2FGM,Two Pointer,2,-48,84,D,,,,18,03:00,41,42,
2007,RS,1,8,292,TEL,PBES,"BLUTHENTHAL, DAVID",3FGA,Missed Three Pointer,0,687,-30,A,,,,18,03:00,41,42,
2007,RS,1,8,303,TEL,PAOZ,"HALPERIN, YOTAM",2FGA,Missed Two Pointer,0,435,151,B,,,,21,10:00,41,42,
2007,RS,1,8,305,LEM,PCOB,"KOFFI, ALAIN",2FGA,Missed Two Pointer,0,-456,135,E,,,,21,10:00,41,42,
2007,RS,1,8,307,LEM,PKZD,"CLANCY, SAMUEL",2FGM,Two Pointer,2,-148,-7,D,,,,21,10:00,41,44,
2007,RS,1,8,311,TEL,PBES,"BLUTHENTHAL, DAVID",3FGM,Three Pointer,3,610,266,A,,,,21,10:00,44,44,
2007,RS,1,8,315,TEL,PAOU,"SHARP, DERRICK",2FGM,Two Pointer,2,469,43,B,,,,21,10:00,46,44,
2007,RS,1,8,318,LEM,PKOH,"BATUM, NICOLAS",3FGM,Three Pointer,3,676,-79,A,,,,22,09:00,46,47,
2007,RS,1,8,324,TEL,PLTS,"MORRIS, TERENCE",2FGAB,Missed Two Pointer,0,-64,-38,D,,,,22,09:00,46,47,
2007,RS,1,8,329,LEM,PKZD,"CLANCY, SAMUEL",2FGM,Two Pointer,2,-84,25,D,,,,23,08:00,46,49,
2007,RS,1,8,338,TEL,PBES,"BLUTHENTHAL, DAVID",2FGM,Two Pointer,2,28,56,C,,,,24,07:00,48,49,
2007,RS,1,8,340,LEM,PKZD,"CLANCY, SAMUEL",2FGA,Missed Two Pointer,0,-420,56,E,,,,24,07:00,48,49,
2007,RS,1,8,343,LEM,PKOH,"BATUM, NICOLAS",3FGA,Missed Three Pointer,0,664,38,A,,,,25,06:00,48,49,
2007,RS,1,8,351,LEM,PJMH,"BOGAVAC, NEBOJSA",FTM,Free Throw In,1,-1,-1, ,,,,25,06:00,48,50,
2007,RS,1,8,352,LEM,PJMH,"BOGAVAC, NEBOJSA",FTM,Free Throw In,1,-1,-1, ,,,,25,06:00,48,51,
2007,RS,1,8,355,LEM,PKZD,"CLANCY, SAMUEL",2FGM,Two Pointer,2,-189,143,D,,,,25,06:00,48,53,
2007,RS,1,8,357,TEL,PAOZ,"HALPERIN, YOTAM",3FGA,Missed Three Pointer,0,556,430,G,,,,25,06:00,48,53,
2007,RS,1,8,361,LEM,PJMH,"BOGAVAC, NEBOJSA",3FGM,Three Pointer,3,-28,705,J,,,,25,06:00,48,56,
2007,RS,1,8,362,TEL,PTFS,"FIZER, MARCUS",2FGA,Missed Two Pointer,0,-66,43,D,,,,25,06:00,48,56,
2007,RS,1,8,364,LEM,PJMH,"BOGAVAC, NEBOJSA",3FGA,Missed Three Pointer,0,679,61,A,,,,25,06:00,48,56,
2007,RS,1,8,369,TEL,PAOU,"SHARP, DERRICK",2FGM,Two Pointer,2,-353,74,E,,,,26,05:00,50,56,
2007,RS,1,8,373,TEL,PAOU,"SHARP, DERRICK",3FGA,Missed Three Pointer,0,-58,676,J,,,,26,05:00,50,56,
2007,RS,1,8,380,LEM,PDID,"LIMONAD, RAVIV",2FGA,Missed Two Pointer,0,-151,210,D,,,,27,04:00,50,56,
2007,RS,1,8,382,LEM,PKZD,"CLANCY, SAMUEL",2FGA,Missed Two Pointer,0,28,84,C,,,,27,04:00,50,56,
2007,RS,1,8,384,LEM,PCOB,"KOFFI, ALAIN",2FGM,Two Pointer,2,-10,79,D,,,,27,04:00,50,58,
2007,RS,1,8,387,TEL,PBES,"BLUTHENTHAL, DAVID",3FGA,Missed Three Pointer,0,-625,279,F,,,,27,04:00,50,58,
2007,RS,1,8,389,LEM,PCOB,"KOFFI, ALAIN",2FGM,Two Pointer,2,-474,233,E,,,,27,04:00,50,60,
2007,RS,1,8,390,TEL,PLTS,"MORRIS, TERENCE",2FGM,Two Pointer,2,-141,112,D,,,,27,04:00,52,60,
2007,RS,1,8,394,LEM,PKOH,"BATUM, NICOLAS",2FGA,Missed Two Pointer,0,-46,74,D,,,,29,02:00,52,60,
2007,RS,1,8,396,LEM,PCOB,"KOFFI, ALAIN",2FGAB,Missed Two Pointer,0,-12,58,D,,,,29,02:00,52,60,
2007,RS,1,8,406,LEM,PKOH,"BATUM, NICOLAS",2FGM,Two Pointer,2,-46,38,D,,,,29,02:00,52,62,
2007,RS,1,8,407,TEL,PCQD,"CUMMINGS, VONTEEGO",2FGA,Missed Two Pointer,0,64,28,C,,,,29,02:00,52,62,
2007,RS,1,8,413,TEL,PCQD,"CUMMINGS, VONTEEGO",2FGA,Missed Two Pointer,0,-215,258,D,,,,29,02:00,52,62,
2007,RS,1,8,415,LEM,PCOB,"KOFFI, ALAIN",2FGA,Missed Two Pointer,0,-12,176,D,,,,29,02:00,52,62,
2007,RS,1,8,425,TEL,PCQD,"CUMMINGS, VONTEEGO",2FGA,Missed Two Pointer,0,-266,79,E,,,,30,01:00,52,62,
2007,RS,1,8,429,TEL,PLGD,"ELIYAHU, LIOR",FTM,Free Throw In,1,-1,-1, ,,,,30,01:00,53,62,
2007,RS,1,8,430,TEL,PLGD,"ELIYAHU, LIOR",FTM,Free Throw In,1,-1,-1, ,,,,30,01:00,54,62,
2007,RS,1,8,434,TEL,PAOU,"SHARP, DERRICK",2FGM,Two Pointer,2,-402,269,E,,,,30,01:00,56,62,
2007,RS,1,8,441,TEL,PCQD,"CUMMINGS, VONTEEGO",3FGA,Missed Three Pointer,0,684,-17,A,,,,31,10:00,56,62,
2007,RS,1,8,443,LEM,PKOH,"BATUM, NICOLAS",3FGA,Missed Three Pointer,0,25,689,G,,,,31,10:00,56,62,
2007,RS,1,8,454,TEL,PAOU,"SHARP, DERRICK",3FGA,Missed Three Pointer,0,712,38,A,,,,31,10:00,56,62,
2007,RS,1,8,466,TEL,PLGD,"ELIYAHU, LIOR",2FGA,Missed Two Pointer,0,82,100,C,,,,33,08:00,56,62,
2007,RS,1,8,467,TEL,PLGD,"ELIYAHU, LIOR",2FGAB,Missed Two Pointer,0,30,58,C,,,,33,08:00,56,62,
2007,RS,1,8,471,TEL,PAOU,"SHARP, DERRICK",2FGAB,Missed Two Pointer,0,53,89,C,,,,33,08:00,56,62,
2007,RS,1,8,473,LEM,PCHZ,"BOGDANOVIC, LUKA",3FGM,Three Pointer,3,-676,0,F,,,,33,08:00,56,65,
2007,RS,1,8,475,TEL,PLGD,"ELIYAHU, LIOR",2FGM,Two Pointer,2,28,97,C,,,,33,08:00,58,65,
2007,RS,1,8,483,TEL,PBES,"BLUTHENTHAL, DAVID",2FGM,Two Pointer,2,-528,-35,E,,,,33,08:00,60,65,
2007,RS,1,8,487,LEM,PCHZ,"BOGDANOVIC, LUKA",3FGA,Missed Three Pointer,0,-43,674,J,,,,33,08:00,60,65,
2007,RS,1,8,491,TEL,PCQD,"CUMMINGS, VONTEEGO",2FGA,Missed Two Pointer,0,33,430,H,,,,34,07:00,60,65,
2007,RS,1,8,493,LEM,PKZD,"CLANCY, SAMUEL",2FGM,Two Pointer,2,-38,79,D,,,,34,07:00,60,67,
2007,RS,1,8,496,TEL,PAPB,"VUJCIC, NIKOLA",2FGM,Two Pointer,2,25,25,C,,,,35,06:00,62,67,
2007,RS,1,8,497,LEM,PTFJ,"RICCI, PHILIP",2FGA,Missed Two Pointer,0,48,284,C,,,,35,06:00,62,67,
2007,RS,1,8,500,TEL,PLGD,"ELIYAHU, LIOR",2FGM,Two Pointer,2,61,28,C,,,,35,06:00,64,67,
2007,RS,1,8,504,TEL,PAPB,"VUJCIC, NIKOLA",3FGM,Three Pointer,3,15,671,G,,,,36,05:00,67,67,
2007,RS,1,8,511,LEM,PJMH,"BOGAVAC, NEBOJSA",3FGA,Missed Three Pointer,0,666,112,A,,,,36,05:00,67,67,
2007,RS,1,8,513,LEM,PDID,"LIMONAD, RAVIV",2FGM,Two Pointer,2,-48,58,D,,,,36,05:00,67,69,
2007,RS,1,8,518,LEM,PCHZ,"BOGDANOVIC, LUKA",2FGA,Missed Two Pointer,0,-510,51,E,,,,36,05:00,67,69,
2007,RS,1,8,520,TEL,PLGD,"ELIYAHU, LIOR",2FGM,Two Pointer,2,38,28,C,,,,36,05:00,69,69,
2007,RS,1,8,524,LEM,PDID,"LIMONAD, RAVIV",2FGA,Missed Two Pointer,0,-97,15,D,,,,38,03:00,69,69,
2007,RS,1,8,533,TEL,PAOZ,"HALPERIN, YOTAM",FTM,Free Throw In,1,-1,-1, ,,,,38,03:00,70,69,
2007,RS,1,8,534,TEL,PAOZ,"HALPERIN, YOTAM",FTM,Free Throw In,1,-1,-1, ,,,,38,03:00,71,69,
2007,RS,1,8,535,LEM,PKZD,"CLANCY, SAMUEL",2FGA,Missed Two Pointer,0,-87,-17,D,,,,38,03:00,71,69,
2007,RS,1,8,544,LEM,PJMH,"BOGAVAC, NEBOJSA",2FGA,Missed Two Pointer,0,-69,38,D,,,,39,02:00,71,69,
2007,RS,1,8,546,TEL,PBES,"BLUTHENTHAL, DAVID",3FGA,Missed Three Pointer,0,476,505,G,,,,39,02:00,71,69,
2007,RS,1,8,548,LEM,PKOH,"BATUM, NICOLAS",3FGA,Missed Three Pointer,0,-515,441,J,,,,39,02:00,71,69,
2007,RS,1,8,550,LEM,PKZD,"CLANCY, SAMUEL",2FGM,Two Pointer,2,-33,61,D,,,,39,02:00,71,71,
2007,RS,1,8,558,TEL,PLTS,"MORRIS, TERENCE",2FGM,Two Pointer,2,0,79,D,,,,39,02:00,73,71,
2007,RS,1,8,567,TEL,PAOZ,"HALPERIN, YOTAM",FTM,Free Throw In,1,-1,-1, ,,,,40,01:00,74,71,
2007,RS,1,9,8,MAD,PCRF,"HERVELLE, AXEL",FTM,Free Throw In,1,-1,-1, ,,,,1,10:00,0,1,
2007,RS,1,9,9,MAD,PCRF,"HERVELLE, AXEL",FTM,Free Throw In,1,-1,-1, ,,,,1,10:00,0,2,
2007,RS,1,9,10,ULK,PTFI,"VIDMAR, GASPER",2FGM,Two Pointer,2,-53,25,D,,,,1,10:00,2,2,
2007,RS,1,9,13,MAD,PCRF,"HERVELLE, AXEL",2FGA,Missed Two Pointer,0,-71,48,D,,,,2,09:00,2,2,
2007,RS,1,9,21,MAD,PAJO,"BULLOCK, LOUIS",3FGM,Three Pointer,3,389,520,G,,,,2,09:00,2,5,
2007,RS,1,9,22,ULK,PAYR,"TURKCAN, MIRSAD",2FGA,Missed Two Pointer,0,-28,97,D,,,,2,09:00,2,5,
2007,RS,1,9,25,ULK,PTFI,"VIDMAR, GASPER",2FGM,Two Pointer,2,-2,2,D,,,,2,09:00,4,5,
2007,RS,1,9,29,ULK,PTFI,"VIDMAR, GASPER",FTM,Free Throw In,1,-1,-1, ,,,,3,08:00,5,5,
2007,RS,1,9,32,MAD,PAPP,"PAPADOPOULOS, LAZAROS",FTM,Free Throw In,1,-1,-1, ,,,,3,08:00,5,6,
2007,RS,1,9,37,MAD,PAJO,"BULLOCK, LOUIS",2FGM,Two Pointer,2,-51,43,D,,,,3,08:00,5,8,
2007,RS,1,9,43,MAD,PCTN,"SMITH, CHARLES",2FGM,Two Pointer,2,-7,-2,D,,,,3,08:00,5,10,
2007,RS,1,9,50,ULK,PLGA,"KAAN, DAMIR",3FGA,Missed Three Pointer,0,-430,533,J,,,,4,07:00,5,10,
2007,RS,1,9,56,MAD,PCRF,"HERVELLE, AXEL",3FGM,Three Pointer,3,-617,251,F,,,,4,07:00,5,13,
2007,RS,1,9,59,ULK,PABI,"KUTLUAY, IBRAHIM",3FGM,Three Pointer,3,48,658,G,,,,5,06:00,8,13,
2007,RS,1,9,60,MAD,PCTN,"SMITH, CHARLES",2FGA,Missed Two Pointer,0,-35,43,D,,,,5,06:00,8,13,
2007,RS,1,9,65,MAD,PCRF,"HERVELLE, AXEL",2FGM,Two Pointer,2,-58,33,D,,,,6,05:00,8,15,
2007,RS,1,9,70,ULK,PAYR,"TURKCAN, MIRSAD",2FGM,Two Pointer,2,-33,20,D,,,,6,05:00,10,15,
2007,RS,1,9,71,MAD,PCRF,"HERVELLE, AXEL",3FGM,Three Pointer,3,25,658,G,,,,6,05:00,10,18,
2007,RS,1,9,74,ULK,PABI,"KUTLUAY, IBRAHIM",2FGA,Missed Two Pointer,0,-25,143,D,,,,7,04:00,10,18,
2007,RS,1,9,76,MAD,PCTN,"SMITH, CHARLES",3FGM,Three Pointer,3,-628,238,F,,,,7,04:00,10,21,
2007,RS,1,9,79,ULK,PAYR,"TURKCAN, MIRSAD",3FGA,Missed Three Pointer,0,246,641,G,,,,7,04:00,10,21,
2007,RS,1,9,89,MAD,PCTN,"SMITH, CHARLES",3FGA,Missed Three Pointer,0,189,666,G,,,,7,04:00,10,21,
2007,RS,1,9,95,MAD,PAPP,"PAPADOPOULOS, LAZAROS",2FGM,Two Pointer,2,-7,94,D,,,,8,03:00,10,23,
2007,RS,1,9,99,MAD,PAPP,"PAPADOPOULOS, LAZAROS",2FGA,Missed Two Pointer,0,-7,79,D,,,,8,03:00,10,23,
2007,RS,1,9,105,MAD,PAPP,"PAPADOPOULOS, LAZAROS",2FGM,Two Pointer,2,-64,23,D,,,,9,02:00,10,25,
2007,RS,1,9,108,MAD,PAPP,"PAPADOPOULOS, LAZAROS",FTM,Free Throw In,1,-1,-1, ,,,,9,02:00,10,26,
2007,RS,1,9,119,MAD,PCTN,"SMITH, CHARLES",3FGM,Three Pointer,3,428,538,G,,,,9,02:00,10,29,
2007,RS,1,9,120,ULK,PJPF,"SAVAS, OGUZ",2FGA,Missed Two Pointer,0,-69,146,D,,,,9,02:00,10,29,
2007,RS,1,9,122,MAD,PJUH,"HAMILTON, VENSON",2FGA,Missed Two Pointer,0,20,51,C,,,,9,02:00,10,29,
2007,RS,1,9,126,MAD,PBFJ,"MUMBRU, ALEX",2FGA,Missed Two Pointer,0,-51,125,D,,,,9,02:00,10,29,
2007,RS,1,9,131,MAD,PBFJ,"MUMBRU, ALEX",FTM,Free Throw In,1,-1,-1, ,,,,10,01:00,10,30,
2007,RS,1,9,132,ULK,PLGA,"KAAN, DAMIR",3FGA,Missed Three Pointer,0,-317,576,J,,,,10,01:00,10,30,
2007,RS,1,9,138,ULK,PTFH,"PRELDZIC, EMIR",2FGM,Two Pointer,2,248,-17,C,,,,11,10:00,12,30,
2007,RS,1,9,145,MAD,PJUH,"HAMILTON, VENSON",FTM,Free Throw In,1,-1,-1, ,,,,11,10:00,12,31,
2007,RS,1,9,146,MAD,PJUH,"HAMILTON, VENSON",FTM,Free Throw In,1,-1,-1, ,,,,11,10:00,12,32,
2007,RS,1,9,152,ULK,PLGA,"KAAN, DAMIR",3FGM,Three Pointer,3,71,664,G,,,,11,10:00,15,32,
2007,RS,1,9,155,MAD,PBFJ,"MUMBRU, ALEX",2FGA,Missed Two Pointer,0,-53,158,D,,,,12,09:00,15,32,
2007,RS,1,9,157,MAD,PJUH,"HAMILTON, VENSON",2FGA,Missed Two Pointer,0,-23,97,D,,,,12,09:00,15,32,
2007,RS,1,9,159,ULK,PLGA,"KAAN, DAMIR",3FGA,Missed Three Pointer,0,502,476,G,,,,12,09:00,15,32,
2007,RS,1,9,162,MAD,PJUH,"HAMILTON, VENSON",2FGA,Missed Two Pointer,0,-187,43,D,,,,12,09:00,15,32,
2007,RS,1,9,167,ULK,PJPF,"SAVAS, OGUZ",2FGAB,Missed Two Pointer,0,-33,130,D,,,,12,09:00,15,32,
2007,RS,1,9,175,MAD,PCRF,"HERVELLE, AXEL",3FGM,Three Pointer,3,682,-38,A,,,,13,08:00,15,35,
2007,RS,1,9,180,MAD,PAFB,"SEKULIC, BLAGOTA",2FGM,Two Pointer,2,61,48,C,,,,13,08:00,15,37,
2007,RS,1,9,184,MAD,PACK,"PELEKANOS, MICHALIS",2FGM,Two Pointer,2,-69,5,D,,,,13,08:00,15,39,
2007,RS,1,9,194,ULK,PTFI,"VIDMAR, GASPER",2FGM,Two Pointer,2,-66,107,D,,,,14,07:00,17,39,
2007,RS,1,9,196,ULK,PAYR,"TURKCAN, MIRSAD",2FGM,Two Pointer,2,-369,-20,E,,,,14,07:00,19,39,
2007,RS,1,9,201,MAD,PAIT,"LOPEZ, RAUL",2FGM,Two Pointer,2,-212,548,I,,,,15,06:00,19,41,
2007,RS,1,9,202,ULK,PARO,"ONAN, OMER",2FGM,Two Pointer,2,-84,74,D,,,,15,06:00,21,41,
2007,RS,1,9,204,MAD,PCRF,"HERVELLE, AXEL",3FGA,Missed Three Pointer,0,-161,625,J,,,,15,06:00,21,41,
2007,RS,1,9,220,ULK,PABI,"KUTLUAY, IBRAHIM",3FGM,Three Pointer,3,664,128,A,,,,16,05:00,24,41,
2007,RS,1,9,222,MAD,PCTN,"SMITH, CHARLES",2FGA,Missed Two Pointer,0,-151,74,D,,,,16,05:00,24,41,
2007,RS,1,9,224,MAD,PCRF,"HERVELLE, AXEL",2FGA,Missed Two Pointer,0,-125,61,D,,,,16,05:00,24,41,
2007,RS,1,9,226,ULK,PARO,"ONAN, OMER",3FGA,Missed Three Pointer,0,530,423,A,,,,16,05:00,24,41,
2007,RS,1,9,228,ULK,PTFI,"VIDMAR, GASPER",2FGA,Missed Two Pointer,0,-33,117,D,,,,16,05:00,24,41,
2007,RS,1,9,231,MAD,PCRF,"HERVELLE, AXEL",3FGM,Three Pointer,3,341,569,G,,,,17,04:00,24,44,
2007,RS,1,9,233,ULK,PLFV,"DEMIREL, HAKAN",2FGA,Missed Two Pointer,0,-292,282,E,,,,17,04:00,24,44,
2007,RS,1,9,239,MAD,PBFJ,"MUMBRU, ALEX",FTM,Free Throw In,1,-1,-1, ,,,,18,03:00,24,45,
2007,RS,1,9,240,MAD,PBFJ,"MUMBRU, ALEX",FTM,Free Throw In,1,-1,-1, ,,,,18,03:00,24,46,
2007,RS,1,9,245,ULK,PLGA,"KAAN, DAMIR",2FGM,Two Pointer,2,10,100,C,,,,18,03:00,26,46,
2007,RS,1,9,249,MAD,PAFB,"SEKULIC, BLAGOTA",2FGM,Two Pointer,2,-89,112,D,,,,19,02:00,26,48,
2007,RS,1,9,251,ULK,PTFI,"VIDMAR, GASPER",2FGM,Two Pointer,2,-61,102,D,,,,19,02:00,28,48,
2007,RS,1,9,256,MAD,PARR,"TUNCERI, KEREM",3FGA,Missed Three Pointer,0,-584,341,F,,,,19,02:00,28,48,
2007,RS,1,9,257,ULK,PJPF,"SAVAS, OGUZ",2FGM,Two Pointer,2,-169,235,D,,,,19,02:00,30,48,
2007,RS,1,9,258,MAD,PARR,"TUNCERI, KEREM",2FGA,Missed Two Pointer,0,-176,194,D,,,,19,02:00,30,48,
2007,RS,1,9,266,MAD,PARR,"TUNCERI, KEREM",3FGA,Missed Three Pointer,0,-135,666,J,,,,20,01:00,30,48,
2007,RS,1,9,273,ULK,PARO,"ONAN, OMER",2FGA,Missed Two Pointer,0,-146,328,D,,,,20,01:00,30,48,
2007,RS,1,9,277,ULK,PJPF,"SAVAS, OGUZ",FTM,Free Throw In,1,-1,-1, ,,,,20,01:00,31,48,
2007,RS,1,9,279,MAD,PTGB,"LLULL, SERGIO",2FGA,Missed Two Pointer,0,-110,61,D,,,,20,01:00,31,48,
2007,RS,1,9,281,ULK,PARO,"ONAN, OMER",3FGA,Missed Three Pointer,0,353,569,G,,,,20,01:00,31,48,
2007,RS,1,9,296,MAD,PAPP,"PAPADOPOULOS, LAZAROS",2FGAB,Missed Two Pointer,0,10,120,C,,,,21,10:00,31,48,
2007,RS,1,9,300,ULK,PJYB,"ERDEN, SEMIH",2FGA,Missed Two Pointer,0,20,120,C,,,,21,10:00,31,48,
2007,RS,1,9,301,MAD,PCRF,"HERVELLE, AXEL",3FGM,Three Pointer,3,466,484,G,,,,21,10:00,31,51,
2007,RS,1,9,303,ULK,PTFH,"PRELDZIC, EMIR",2FGA,Missed Two Pointer,0,-12,146,D,,,,21,10:00,31,51,
2007,RS,1,9,308,MAD,PBFJ,"MUMBRU, ALEX",2FGA,Missed Two Pointer,0,-33,143,D,,,,22,09:00,31,51,
2007,RS,1,9,310,ULK,PTFH,"PRELDZIC, EMIR",3FGA,Missed Three Pointer,0,10,689,G,,,,22,09:00,31,51,
2007,RS,1,9,314,MAD,PCTN,"SMITH, CHARLES",3FGM,Three Pointer,3,556,420,A,,,,23,08:00,31,54,
2007,RS,1,9,315,ULK,PAYR,"TURKCAN, MIRSAD",2FGM,Two Pointer,2,107,38,C,,,,23,08:00,33,54,
2007,RS,1,9,321,ULK,PAYR,"TURKCAN, MIRSAD",FTM,Free Throw In,1,-1,-1, ,,,,23,08:00,34,54,
2007,RS,1,9,322,MAD,PCTN,"SMITH, CHARLES",2FGA,Missed Two Pointer,0,135,89,C,,,,23,08:00,34,54,
2007,RS,1,9,324,MAD,PCRF,"HERVELLE, AXEL",2FGM,Two Pointer,2,-2,10,D,,,,23,08:00,34,56,
2007,RS,1,9,326,ULK,PAYR,"TURKCAN, MIRSAD",2FGM,Two Pointer,2,-46,15,D,,,,24,07:00,36,56,
2007,RS,1,9,327,MAD,PAPP,"PAPADOPOULOS, LAZAROS",2FGA,Missed Two Pointer,0,58,130,C,,,,24,07:00,36,56,
2007,RS,1,9,330,ULK,PJPF,"SAVAS, OGUZ",2FGM,Two Pointer,2,-56,64,D,,,,25,06:00,38,56,
2007,RS,1,9,332,MAD,PARR,"TUNCERI, KEREM",3FGA,Missed Three Pointer,0,535,430,G,,,,25,06:00,38,56,
2007,RS,1,9,334,MAD,PCRF,"HERVELLE, AXEL",2FGM,Two Pointer,2,-25,64,D,,,,25,06:00,38,58,
2007,RS,1,9,335,ULK,PLGA,"KAAN, DAMIR",3FGM,Three Pointer,3,169,648,G,,,,25,06:00,41,58,
2007,RS,1,9,336,MAD,PCTN,"SMITH, CHARLES",3FGM,Three Pointer,3,176,630,G,,,,25,06:00,41,61,
2007,RS,1,9,337,ULK,PTFH,"PRELDZIC, EMIR",2FGM,Two Pointer,2,-12,105,D,,,,25,06:00,43,61,
2007,RS,1,9,338,MAD,PBFJ,"MUMBRU, ALEX",2FGM,Two Pointer,2,-46,61,D,,,,25,06:00,43,63,
2007,RS,1,9,341,ULK,PTFH,"PRELDZIC, EMIR",2FGA,Missed Two Pointer,0,-438,228,E,,,,26,05:00,43,63,
2007,RS,1,9,343,MAD,PBFJ,"MUMBRU, ALEX",2FGM,Two Pointer,2,-87,82,D,,,,26,05:00,43,65,
2007,RS,1,9,345,ULK,PAYR,"TURKCAN, MIRSAD",3FGA,Missed Three Pointer,0,612,343,A,,,,26,05:00,43,65,
2007,RS,1,9,347,ULK,PLGA,"KAAN, DAMIR",3FGM,Three Pointer,3,223,620,G,,,,26,05:00,46,65,
2007,RS,1,9,349,MAD,PBFJ,"MUMBRU, ALEX",3FGA,Missed Three Pointer,0,446,505,G,,,,27,04:00,46,65,
2007,RS,1,9,358,ULK,PARO,"ONAN, OMER",3FGA,Missed Three Pointer,0,638,271,A,,,,27,04:00,46,65,
2007,RS,1,9,360,MAD,PAPP,"PAPADOPOULOS, LAZAROS",2FGA,Missed Two Pointer,0,41,128,C,,,,27,04:00,46,65,
2007,RS,1,9,362,ULK,PLGA,"KAAN, DAMIR",3FGM,Three Pointer,3,317,579,G,,,,27,04:00,49,65,
2007,RS,1,9,365,MAD,PBFJ,"MUMBRU, ALEX",3FGA,Missed Three Pointer,0,-443,556,J,,,,28,03:00,49,65,
2007,RS,1,9,367,ULK,PABI,"KUTLUAY, IBRAHIM",3FGM,Three Pointer,3,-269,617,J,,,,28,03:00,52,65,
2007,RS,1,9,374,MAD,PAFB,"SEKULIC, BLAGOTA",2FGA,Missed Two Pointer,0,-153,110,D,,,,29,02:00,52,65,
2007,RS,1,9,376,ULK,PAYR,"TURKCAN, MIRSAD",2FGM,Two Pointer,2,112,30,C,,,,29,02:00,54,65,
2007,RS,1,9,378,MAD,PAFB,"SEKULIC, BLAGOTA",2FGA,Missed Two Pointer,0,-87,166,D,,,,29,02:00,54,65,
2007,RS,1,9,382,MAD,PAFB,"SEKULIC, BLAGOTA",2FGAB,Missed Two Pointer,0,-105,105,D,,,,29,02:00,54,65,
2007,RS,1,9,385,ULK,PLGA,"KAAN, DAMIR",3FGM,Three Pointer,3,207,635,G,,,,29,02:00,57,65,
2007,RS,1,9,388,MAD,PCTN,"SMITH, CHARLES",3FGM,Three Pointer,3,-461,471,J,,,,30,01:00,57,68,
2007,RS,1,9,393,ULK,PABI,"KUTLUAY, IBRAHIM",2FGA,Missed Two Pointer,0,269,497,H,,,,30,01:00,57,68,
2007,RS,1,9,399,MAD,PAPP,"PAPADOPOULOS, LAZAROS",2FGA,Missed Two Pointer,0,112,392,C,,,,30,01:00,57,68,
2007,RS,1,9,404,ULK,PAYR,"TURKCAN, MIRSAD",2FGM,Two Pointer,2,94,53,C,,,,32,09:00,59,68,
2007,RS,1,9,405,MAD,PAPP,"PAPADOPOULOS, LAZAROS",2FGA,Missed Two Pointer,0,5,135,C,,,,32,09:00,59,68,
2007,RS,1,9,407,ULK,PAYR,"TURKCAN, MIRSAD",3FGM,Three Pointer,3,546,425,A,,,,32,09:00,62,68,
2007,RS,1,9,409,MAD,PCRF,"HERVELLE, AXEL",3FGA,Missed Three Pointer,0,110,661,G,,,,32,09:00,62,68,
2007,RS,1,9,420,ULK,PABI,"KUTLUAY, IBRAHIM",2FGM,Two Pointer,2,-2,58,D,,,,32,09:00,64,68,
2007,RS,1,9,426,MAD,PBFJ,"MUMBRU, ALEX",2FGA,Missed Two Pointer,0,17,235,C,,,,33,08:00,64,68,
2007,RS,1,9,428,ULK,PAYR,"TURKCAN, MIRSAD",3FGA,Missed Three Pointer,0,-597,400,F,,,,33,08:00,64,68,
2007,RS,1,9,430,MAD,PBFJ,"MUMBRU, ALEX",3FGM,Three Pointer,3,-564,541,J,,,,33,08:00,64,71,
2007,RS,1,9,438,MAD,PARR,"TUNCERI, KEREM",2FGM,Two Pointer,2,82,38,C,,,,33,08:00,64,73,
2007,RS,1,9,440,ULK,PTFH,"PRELDZIC, EMIR",3FGA,Missed Three Pointer,0,-523,425,F,,,,34,07:00,64,73,
2007,RS,1,9,442,MAD,PAIT,"LOPEZ, RAUL",3FGA,Missed Three Pointer,0,-210,648,J,,,,34,07:00,64,73,
2007,RS,1,9,444,ULK,PJYB,"ERDEN, SEMIH",2FGM,Two Pointer,2,-5,0,D,,,,35,06:00,66,73,
2007,RS,1,9,446,MAD,PAIT,"LOPEZ, RAUL",2FGM,Two Pointer,2,48,69,C,,,,35,06:00,66,75,
2007,RS,1,9,454,ULK,PARO,"ONAN, OMER",3FGAB,Missed Three Pointer,0,658,-43,A,,,,35,06:00,66,75,
2007,RS,1,9,459,MAD,PAIT,"LOPEZ, RAUL",2FGM,Two Pointer,2,-53,87,D,,,,35,06:00,66,77,
2007,RS,1,9,466,ULK,PAYR,"TURKCAN, MIRSAD",2FGM,Two Pointer,2,-48,30,D,,,,36,05:00,68,77,
2007,RS,1,9,471,MAD,PAIT,"LOPEZ, RAUL",3FGA,Missed Three Pointer,0,692,5,A,,,,37,04:00,68,77,
2007,RS,1,9,472,ULK,PJPF,"SAVAS, OGUZ",2FGA,Missed Two Pointer,0,102,46,C,,,,37,04:00,68,77,
2007,RS,1,9,476,MAD,PCRF,"HERVELLE, AXEL",2FGA,Missed Two Pointer,0,-46,100,D,,,,37,04:00,68,77,
2007,RS,1,9,480,MAD,PARR,"TUNCERI, KEREM",3FGA,Missed Three Pointer,0,-207,653,J,,,,38,03:00,68,77,
2007,RS,1,9,486,ULK,PJPF,"SAVAS, OGUZ",FTM,Free Throw In,1,-1,-1, ,,,,38,03:00,69,77,
2007,RS,1,9,488,MAD,PARR,"TUNCERI, KEREM",3FGM,Three Pointer,3,-530,412,F,,,,39,02:00,69,80,
2007,RS,1,9,493,ULK,PJPF,"SAVAS, OGUZ",2FGA,Missed Two Pointer,0,123,115,C,,,,39,02:00,69,80,
2007,RS,1,9,495,MAD,PBFJ,"MUMBRU, ALEX",2FGA,Missed Two Pointer,0,92,507,H,,,,39,02:00,69,80,
2007,RS,1,9,502,ULK,PABI,"KUTLUAY, IBRAHIM",3FGM,Three Pointer,3,-500,461,J,,,,40,01:00,72,80,
2007,RS,1,9,503,MAD,PARR,"TUNCERI, KEREM",3FGA,Missed Three Pointer,0,376,548,G,,,,40,01:00,72,80,
2007,RS,1,9,504,ULK,PABI,"KUTLUAY, IBRAHIM",3FGA,Missed Three Pointer,0,-576,310,F,,,,40,01:00,72,80,
2007,RS,1,10,3,ROM,PBWL,"LORBEK, ERAZEM",2FGA,Missed Two Pointer,0,48,69,C,,,,1,10:00,0,0,
2007,RS,1,10,6,PAN,PACN,"TSARTSARIS, KOSTAS",2FGAB,Missed Two Pointer,0,-115,66,D,,,,1,10:00,0,0,
2007,RS,1,10,10,ROM,PKZA,"HAWKINS, DAVID",2FGM,Two Pointer,2,100,25,C,,,,1,10:00,0,2,
2007,RS,1,10,14,PAN,PTFY,"WINSTON, KENNEDY",2FGM,Two Pointer,2,-448,-110,E,,,,1,10:00,2,2,
2007,RS,1,10,17,ROM,PBWL,"LORBEK, ERAZEM",2FGM,Two Pointer,2,53,-12,C,,,,1,10:00,2,4,
2007,RS,1,10,19,ROM,PBWL,"LORBEK, ERAZEM",FTM,Free Throw In,1,-1,-1, ,,,,2,09:00,2,5,
2007,RS,1,10,23,PAN,PACN,"TSARTSARIS, KOSTAS",2FGA,Missed Two Pointer,0,-53,28,D,,,,2,09:00,2,5,
2007,RS,1,10,25,PAN,PAJV,"BATISTE, MICHAEL",2FGM,Two Pointer,2,12,41,C,,,,2,09:00,4,5,
2007,RS,1,10,29,ROM,PJKN,"GABINI, ROBERTO",3FGM,Three Pointer,3,-664,210,F,,,,3,08:00,4,8,
2007,RS,1,10,31,PAN,PAGG,"BECIROVIC, SANI",3FGM,Three Pointer,3,-676,169,F,,,,3,08:00,7,8,
2007,RS,1,10,33,ROM,PTFR,"RAY, ALLAN",2FGM,Two Pointer,2,48,20,C,,,,3,08:00,7,10,
2007,RS,1,10,34,PAN,PAJV,"BATISTE, MICHAEL",2FGA,Missed Two Pointer,0,25,20,C,,,,3,08:00,7,10,
2007,RS,1,10,36,ROM,PKZA,"HAWKINS, DAVID",3FGM,Three Pointer,3,-715,115,F,,,,3,08:00,7,13,
2007,RS,1,10,38,PAN,PAGG,"BECIROVIC, SANI",2FGM,Two Pointer,2,-48,43,D,,,,4,07:00,9,13,
2007,RS,1,10,40,ROM,PBWL,"LORBEK, ERAZEM",2FGA,Missed Two Pointer,0,79,79,C,,,,4,07:00,9,13,
2007,RS,1,10,42,PAN,PAJV,"BATISTE, MICHAEL",2FGA,Missed Two Pointer,0,120,130,C,,,,4,07:00,9,13,
2007,RS,1,10,43,ROM,PBWL,"LORBEK, ERAZEM",2FGA,Missed Two Pointer,0,58,17,C,,,,4,07:00,9,13,
2007,RS,1,10,53,PAN,PAGG,"BECIROVIC, SANI",FTM,Free Throw In,1,-1,-1, ,,,,5,06:00,10,13,
2007,RS,1,10,54,PAN,PAGG,"BECIROVIC, SANI",FTM,Free Throw In,1,-1,-1, ,,,,5,06:00,11,13,
2007,RS,1,10,58,PAN,PTFY,"WINSTON, KENNEDY",2FGA,Missed Two Pointer,0,-120,174,D,,,,6,05:00,11,13,
2007,RS,1,10,60,ROM,PTFR,"RAY, ALLAN",2FGM,Two Pointer,2,433,30,B,,,,6,05:00,11,15,
2007,RS,1,10,61,PAN,PTFY,"WINSTON, KENNEDY",3FGA,Missed Three Pointer,0,-648,287,F,,,,6,05:00,11,15,
2007,RS,1,10,63,ROM,PTFR,"RAY, ALLAN",2FGA,Missed Two Pointer,0,-94,28,D,,,,6,05:00,11,15,
2007,RS,1,10,65,PAN,PACN,"TSARTSARIS, KOSTAS",2FGM,Two Pointer,2,-28,2,D,,,,6,05:00,13,15,
2007,RS,1,10,67,ROM,PCJA,"UKIC, ROKO-LENI",3FGA,Missed Three Pointer,0,274,607,G,,,,7,04:00,13,15,
2007,RS,1,10,77,PAN,PACN,"TSARTSARIS, KOSTAS",3FGM,Three Pointer,3,-528,453,J,,,,7,04:00,16,15,
2007,RS,1,10,79,ROM,PADP,"FUCKA, GREGOR",2FGA,Missed Two Pointer,0,-502,5,E,,,,7,04:00,16,15,
2007,RS,1,10,83,ROM,PLUK,"STEFANSSON, JON",2FGA,Missed Two Pointer,0,28,43,C,,,,7,04:00,16,15,
2007,RS,1,10,92,ROM,PBWL,"LORBEK, ERAZEM",2FGM,Two Pointer,2,58,15,C,,,,8,03:00,16,17,
2007,RS,1,10,95,ROM,PBWL,"LORBEK, ERAZEM",2FGM,Two Pointer,2,-5,451,I,,,,8,03:00,16,19,
2007,RS,1,10,97,PAN,PBCS,"HATZIVRETTAS, NIKOS",3FGA,Missed Three Pointer,0,525,476,G,,,,8,03:00,16,19,
2007,RS,1,10,112,PAN,PJUO,"SPANOULIS, VASSILIS",FTM,Free Throw In,1,-1,-1, ,,,,9,02:00,17,19,
2007,RS,1,10,113,PAN,PJUO,"SPANOULIS, VASSILIS",FTM,Free Throw In,1,-1,-1, ,,,,9,02:00,18,19,
2007,RS,1,10,114,ROM,PLUK,"STEFANSSON, JON",2FGA,Missed Two Pointer,0,35,51,C,,,,9,02:00,18,19,
2007,RS,1,10,117,ROM,PADP,"FUCKA, GREGOR",2FGA,Missed Two Pointer,0,384,51,B,,,,9,02:00,18,19,
2007,RS,1,10,119,PAN,PJUO,"SPANOULIS, VASSILIS",2FGAB,Missed Two Pointer,0,97,43,C,,,,9,02:00,18,19,
2007,RS,1,10,127,ROM,PLUK,"STEFANSSON, JON",FTM,Free Throw In,1,-1,-1, ,,,,10,01:00,18,20,
2007,RS,1,10,128,ROM,PLUK,"STEFANSSON, JON",FTM,Free Throw In,1,-1,-1, ,,,,10,01:00,18,21,
2007,RS,1,10,131,PAN,PBXE,"ZIZIC, ANDRIJA",FTM,Free Throw In,1,-1,-1, ,,,,10,01:00,19,21,
2007,RS,1,10,132,PAN,PBXE,"ZIZIC, ANDRIJA",FTM,Free Throw In,1,-1,-1, ,,,,10,01:00,20,21,
2007,RS,1,10,139,ROM,PADP,"FUCKA, GREGOR",2FGM,Two Pointer,2,-7,-15,D,,,,10,01:00,20,23,
2007,RS,1,10,144,ROM,PLUK,"STEFANSSON, JON",FTM,Free Throw In,1,-1,-1, ,,,,10,01:00,20,24,
2007,RS,1,10,148,ROM,PLUK,"STEFANSSON, JON",3FGA,Missed Three Pointer,0,-541,505,J,,,,10,01:00,20,24,
2007,RS,1,10,150,ROM,PADP,"FUCKA, GREGOR",2FGA,Missed Two Pointer,0,-194,53,D,,,,10,01:00,20,24,
2007,RS,1,10,152,ROM,PKZA,"HAWKINS, DAVID",2FGM,Two Pointer,2,-2,48,D,,,,10,01:00,20,26,
2007,RS,1,10,166,ROM,PLUK,"STEFANSSON, JON",3FGA,Missed Three Pointer,0,689,48,A,,,,11,10:00,20,26,
2007,RS,1,10,168,ROM,PKZA,"HAWKINS, DAVID",2FGA,Missed Two Pointer,0,87,41,C,,,,11,10:00,20,26,
2007,RS,1,10,169,PAN,PAGG,"BECIROVIC, SANI",3FGA,Missed Three Pointer,0,735,2,A,,,,11,10:00,20,26,
2007,RS,1,10,180,ROM,PKZA,"HAWKINS, DAVID",2FGA,Missed Two Pointer,0,102,58,C,,,,12,09:00,20,26,
2007,RS,1,10,183,PAN,PJKO,"DIAMANTIDIS, DIMITRIOS",FTM,Free Throw In,1,-1,-1, ,,,,12,09:00,21,26,
2007,RS,1,10,184,PAN,PJKO,"DIAMANTIDIS, DIMITRIOS",FTM,Free Throw In,1,-1,-1, ,,,,12,09:00,22,26,
2007,RS,1,10,185,ROM,PTFR,"RAY, ALLAN",2FGM,Two Pointer,2,-2,107,D,,,,12,09:00,22,28,
2007,RS,1,10,193,PAN,PADG,"JASIKEVICIUS, SARUNAS",3FGA,Missed Three Pointer,0,353,607,G,,,,13,08:00,22,28,
2007,RS,1,10,199,PAN,PAJV,"BATISTE, MICHAEL",FTM,Free Throw In,1,-1,-1, ,,,,13,08:00,23,28,
2007,RS,1,10,202,PAN,PADG,"JASIKEVICIUS, SARUNAS",2FGM,Two Pointer,2,-61,-2,D,,,,14,07:00,25,28,
2007,RS,1,10,203,PAN,PBXE,"ZIZIC, ANDRIJA",2FGM,Two Pointer,2,-12,146,D,,,,14,07:00,27,28,
2007,RS,1,10,204,ROM,PLUK,"STEFANSSON, JON",3FGM,Three Pointer,3,-694,102,F,,,,14,07:00,27,31,
2007,RS,1,10,206,ROM,PCJA,"UKIC, ROKO-LENI",3FGA,Missed Three Pointer,0,664,92,A,,,,14,07:00,27,31,
2007,RS,1,10,208,ROM,PLUK,"STEFANSSON, JON",2FGM,Two Pointer,2,400,200,B,,,,14,07:00,27,33,
2007,RS,1,10,214,PAN,PTFY,"WINSTON, KENNEDY",2FGA,Missed Two Pointer,0,28,48,C,,,,15,06:00,27,33,
2007,RS,1,10,225,ROM,PBWL,"LORBEK, ERAZEM",2FGM,Two Pointer,2,-2,64,D,,,,15,06:00,27,35,
2007,RS,1,10,240,ROM,PBWL,"LORBEK, ERAZEM",2FGM,Two Pointer,2,-5,10,D,,,,16,05:00,27,37,
2007,RS,1,10,247,PAN,PAUP,"VUJANIC, MILOS",FTM,Free Throw In,1,-1,-1, ,,,,17,04:00,28,37,
2007,RS,1,10,250,ROM,PLUK,"STEFANSSON, JON",3FGM,Three Pointer,3,-576,407,F,,,,17,04:00,28,40,
2007,RS,1,10,252,PAN,PACN,"TSARTSARIS, KOSTAS",2FGM,Two Pointer,2,-12,28,D,,,,17,04:00,30,40,
2007,RS,1,10,254,ROM,PCCI,"TONOLLI, ALESSANDRO",3FGA,Missed Three Pointer,0,-592,441,J,,,,18,03:00,30,40,
2007,RS,1,10,261,ROM,PCCI,"TONOLLI, ALESSANDRO",3FGA,Missed Three Pointer,0,671,48,A,,,,18,03:00,30,40,
2007,RS,1,10,268,PAN,PABB,"DIKOUDIS, DEMOS",FTM,Free Throw In,1,-1,-1, ,,,,18,03:00,31,40,
2007,RS,1,10,272,ROM,PADP,"FUCKA, GREGOR",2FGA,Missed Two Pointer,0,33,46,C,,,,19,02:00,31,40,
2007,RS,1,10,274,PAN,PTFY,"WINSTON, KENNEDY",2FGM,Two Pointer,2,-5,5,D,,,,19,02:00,33,40,
2007,RS,1,10,275,ROM,PBWL,"LORBEK, ERAZEM",3FGM,Three Pointer,3,138,641,G,,,,19,02:00,33,43,
2007,RS,1,10,287,PAN,PJUO,"SPANOULIS, VASSILIS",2FGA,Missed Two Pointer,0,-94,17,D,,,,20,01:00,33,43,
2007,RS,1,10,289,PAN,PAGG,"BECIROVIC, SANI",3FGA,Missed Three Pointer,0,-179,648,J,,,,20,01:00,33,43,
2007,RS,1,10,291,ROM,PBWL,"LORBEK, ERAZEM",2FGM,Two Pointer,2,43,84,C,,,,20,01:00,33,45,
2007,RS,1,10,298,PAN,PAGG,"BECIROVIC, SANI",FTM,Free Throw In,1,-1,-1, ,,,,20,01:00,34,45,
2007,RS,1,10,299,PAN,PAGG,"BECIROVIC, SANI",FTM,Free Throw In,1,-1,-1, ,,,,20,01:00,35,45,
2007,RS,1,10,300,ROM,PLUK,"STEFANSSON, JON",3FGA,Missed Three Pointer,0,-466,1156,J,,,,20,01:00,35,45,
2007,RS,1,10,314,ROM,PLUK,"STEFANSSON, JON",3FGA,Missed Three Pointer,0,487,538,G,,,,21,10:00,35,45,
2007,RS,1,10,316,PAN,PAJV,"BATISTE, MICHAEL",2FGM,Two Pointer,2,15,97,C,,,,21,10:00,37,45,
2007,RS,1,10,321,PAN,PJUO,"SPANOULIS, VASSILIS",3FGM,Three Pointer,3,694,15,A,,,,22,09:00,40,45,
2007,RS,1,10,327,ROM,PJKN,"GABINI, ROBERTO",FTM,Free Throw In,1,-1,-1, ,,,,22,09:00,40,46,
2007,RS,1,10,328,ROM,PJKN,"GABINI, ROBERTO",FTM,Free Throw In,1,-1,-1, ,,,,22,09:00,40,47,
2007,RS,1,10,329,ROM,PADP,"FUCKA, GREGOR",2FGM,Two Pointer,2,453,46,B,,,,22,09:00,40,49,
2007,RS,1,10,334,PAN,PJUO,"SPANOULIS, VASSILIS",2FGM,Two Pointer,2,-12,56,D,,,,23,08:00,42,49,
2007,RS,1,10,335,ROM,PCJA,"UKIC, ROKO-LENI",2FGM,Two Pointer,2,-120,69,D,,,,23,08:00,42,51,
2007,RS,1,10,336,PAN,PJUO,"SPANOULIS, VASSILIS",2FGM,Two Pointer,2,61,35,C,,,,23,08:00,44,51,
2007,RS,1,10,337,ROM,PCJA,"UKIC, ROKO-LENI",3FGM,Three Pointer,3,-251,605,J,,,,23,08:00,44,54,
2007,RS,1,10,344,PAN,PJKO,"DIAMANTIDIS, DIMITRIOS",FTM,Free Throw In,1,-1,-1, ,,,,24,07:00,45,54,
2007,RS,1,10,345,PAN,PJKO,"DIAMANTIDIS, DIMITRIOS",FTM,Free Throw In,1,-1,-1, ,,,,24,07:00,46,54,
2007,RS,1,10,346,ROM,PBWL,"LORBEK, ERAZEM",2FGM,Two Pointer,2,-76,58,D,,,,24,07:00,46,56,
2007,RS,1,10,352,PAN,PJUO,"SPANOULIS, VASSILIS",2FGM,Two Pointer,2,-94,30,D,,,,25,06:00,48,56,
2007,RS,1,10,368,PAN,PBXE,"ZIZIC, ANDRIJA",FTM,Free Throw In,1,-1,-1, ,,,,26,05:00,49,56,
2007,RS,1,10,369,PAN,PBXE,"ZIZIC, ANDRIJA",FTM,Free Throw In,1,-1,-1, ,,,,26,05:00,50,56,
2007,RS,1,10,376,PAN,PBXE,"ZIZIC, ANDRIJA",2FGAB,Missed Two Pointer,0,23,58,C,,,,26,05:00,50,56,
2007,RS,1,10,384,ROM,PCJA,"UKIC, ROKO-LENI",3FGAB,Missed Three Pointer,0,-46,661,J,,,,27,04:00,50,56,
2007,RS,1,10,387,PAN,PBCS,"HATZIVRETTAS, NIKOS",2FGM,Two Pointer,2,-100,12,D,,,,27,04:00,52,56,
2007,RS,1,10,390,PAN,PTFY,"WINSTON, KENNEDY",3FGM,Three Pointer,3,671,128,A,,,,27,04:00,55,56,
2007,RS,1,10,397,ROM,PTFR,"RAY, ALLAN",2FGA,Missed Two Pointer,0,-10,38,D,,,,27,04:00,55,56,
2007,RS,1,10,399,ROM,PBWL,"LORBEK, ERAZEM",2FGA,Missed Two Pointer,0,12,64,C,,,,27,04:00,55,56,
2007,RS,1,10,401,PAN,PJUO,"SPANOULIS, VASSILIS",2FGM,Two Pointer,2,246,320,B,,,,27,04:00,57,56,
2007,RS,1,10,403,ROM,PLUK,"STEFANSSON, JON",2FGA,Missed Two Pointer,0,210,2,C,,,,28,03:00,57,56,
2007,RS,1,10,405,PAN,PJUO,"SPANOULIS, VASSILIS",2FGAB,Missed Two Pointer,0,-105,74,D,,,,28,03:00,57,56,
2007,RS,1,10,409,PAN,PJUO,"SPANOULIS, VASSILIS",3FGA,Missed Three Pointer,0,153,656,G,,,,28,03:00,57,56,
2007,RS,1,10,412,ROM,PTFR,"RAY, ALLAN",2FGA,Missed Two Pointer,0,69,112,C,,,,29,02:00,57,56,
2007,RS,1,10,420,PAN,PBXE,"ZIZIC, ANDRIJA",FTM,Free Throw In,1,-1,-1, ,,,,29,02:00,58,56,
2007,RS,1,10,421,PAN,PBXE,"ZIZIC, ANDRIJA",FTM,Free Throw In,1,-1,-1, ,,,,29,02:00,59,56,
2007,RS,1,10,432,PAN,PTFY,"WINSTON, KENNEDY",FTM,Free Throw In,1,-1,-1, ,,,,29,02:00,60,56,
2007,RS,1,10,434,ROM,PDIK,"DREJER, CHRISTIAN",3FGA,Missed Three Pointer,0,-674,69,F,,,,30,01:00,60,56,
2007,RS,1,10,438,ROM,PTFR,"RAY, ALLAN",2FGM,Two Pointer,2,41,20,C,,,,30,01:00,60,58,
2007,RS,1,10,439,PAN,PJUO,"SPANOULIS, VASSILIS",2FGM,Two Pointer,2,153,71,C,,,,30,01:00,62,58,
2007,RS,1,10,444,PAN,PAJV,"BATISTE, MICHAEL",2FGM,Two Pointer,2,-10,64,D,,,,31,10:00,64,58,
2007,RS,1,10,449,PAN,PAJV,"BATISTE, MICHAEL",2FGM,Two Pointer,2,56,92,C,,,,31,10:00,66,58,
2007,RS,1,10,451,ROM,PKZA,"HAWKINS, DAVID",2FGM,Two Pointer,2,76,46,C,,,,32,09:00,66,60,
2007,RS,1,10,452,PAN,PJKO,"DIAMANTIDIS, DIMITRIOS",3FGM,Three Pointer,3,-58,669,J,,,,32,09:00,69,60,
2007,RS,1,10,454,ROM,PCJA,"UKIC, ROKO-LENI",2FGM,Two Pointer,2,92,97,C,,,,32,09:00,69,62,
2007,RS,1,10,455,PAN,PJUO,"SPANOULIS, VASSILIS",3FGA,Missed Three Pointer,0,-684,61,F,,,,32,09:00,69,62,
2007,RS,1,10,457,ROM,PLUK,"STEFANSSON, JON",3FGM,Three Pointer,3,-679,179,F,,,,32,09:00,69,65,
2007,RS,1,10,465,PAN,PAJV,"BATISTE, MICHAEL",FTM,Free Throw In,1,-1,-1, ,,,,33,08:00,70,65,
2007,RS,1,10,469,PAN,PJKO,"DIAMANTIDIS, DIMITRIOS",3FGM,Three Pointer,3,651,210,A,,,,33,08:00,73,65,
2007,RS,1,10,471,ROM,PLUK,"STEFANSSON, JON",3FGA,Missed Three Pointer,0,397,589,G,,,,33,08:00,73,65,
2007,RS,1,10,473,PAN,PAGG,"BECIROVIC, SANI",3FGA,Missed Three Pointer,0,-651,310,F,,,,33,08:00,73,65,
2007,RS,1,10,481,ROM,PLUK,"STEFANSSON, JON",FTM,Free Throw In,1,-1,-1, ,,,,34,07:00,73,66,
2007,RS,1,10,484,ROM,PKZA,"HAWKINS, DAVID",3FGM,Three Pointer,3,-505,446,J,,,,34,07:00,73,69,
2007,RS,1,10,491,ROM,PKZA,"HAWKINS, DAVID",2FGM,Two Pointer,2,-100,41,D,,,,35,06:00,73,71,
2007,RS,1,10,496,PAN,PADG,"JASIKEVICIUS, SARUNAS",3FGA,Missed Three Pointer,0,15,682,G,,,,36,05:00,73,71,
2007,RS,1,10,498,ROM,PLUK,"STEFANSSON, JON",3FGM,Three Pointer,3,512,471,G,,,,36,05:00,73,74,
2007,RS,1,10,510,PAN,PJKO,"DIAMANTIDIS, DIMITRIOS",FTM,Free Throw In,1,-1,-1, ,,,,37,04:00,74,74,
2007,RS,1,10,511,PAN,PJKO,"DIAMANTIDIS, DIMITRIOS",FTM,Free Throw In,1,-1,-1, ,,,,37,04:00,75,74,
2007,RS,1,10,516,ROM,PKZA,"HAWKINS, DAVID",2FGA,Missed Two Pointer,0,-325,182,E,,,,37,04:00,75,74,
2007,RS,1,10,522,ROM,PKZA,"HAWKINS, DAVID",3FGA,Missed Three Pointer,0,438,546,G,,,,37,04:00,75,74,
2007,RS,1,10,525,PAN,PACN,"TSARTSARIS, KOSTAS",3FGA,Missed Three Pointer,0,-674,356,F,,,,38,03:00,75,74,
2007,RS,1,10,527,ROM,PADP,"FUCKA, GREGOR",2FGM,Two Pointer,2,43,30,C,,,,38,03:00,75,76,
2007,RS,1,10,528,PAN,PJUO,"SPANOULIS, VASSILIS",2FGA,Missed Two Pointer,0,-169,410,D,,,,38,03:00,75,76,
2007,RS,1,10,533,ROM,PLUK,"STEFANSSON, JON",3FGM,Three Pointer,3,656,269,A,,,,39,02:00,75,79,
2007,RS,1,10,538,PAN,PADG,"JASIKEVICIUS, SARUNAS",3FGM,Three Pointer,3,682,38,A,,,,39,02:00,78,79,
2007,RS,1,10,540,ROM,PLUK,"STEFANSSON, JON",3FGA,Missed Three Pointer,0,-117,658,J,,,,39,02:00,78,79,
2007,RS,1,10,547,PAN,PADG,"JASIKEVICIUS, SARUNAS",FTM,Free Throw In,1,-1,-1, ,,,,39,02:00,79,79,
2007,RS,1,10,548,PAN,PADG,"JASIKEVICIUS, SARUNAS",FTM,Free Throw In,1,-1,-1, ,,,,39,02:00,80,79,
2007,RS,1,10,550,ROM,PKZA,"HAWKINS, DAVID",2FGA,Missed Two Pointer,0,-392,189,E,,,,40,01:00,80,79,
2007,RS,1,10,554,PAN,PADG,"JASIKEVICIUS, SARUNAS",FTM,Free Throw In,1,-1,-1, ,,,,40,01:00,81,79,
2007,RS,1,10,555,PAN,PADG,"JASIKEVICIUS, SARUNAS",FTM,Free Throw In,1,-1,-1, ,,,,40,01:00,82,79,
2007,RS,1,10,561,ROM,PLUK,"STEFANSSON, JON",FTM,Free Throw In,1,-1,-1, ,,,,40,01:00,82,80,
2007,RS,1,10,562,ROM,PLUK,"STEFANSSON, JON",FTM,Free Throw In,1,-1,-1, ,,,,40,01:00,82,81,
2007,RS,1,10,567,PAN,PJKO,"DIAMANTIDIS, DIMITRIOS",FTM,Free Throw In,1,-1,-1, ,,,,40,01:00,83,81,
2007,RS,1,10,568,PAN,PJKO,"DIAMANTIDIS, DIMITRIOS",FTM,Free Throw In,1,-1,-1, ,,,,40,01:00,84,81,
2007,RS,1,10,571,ROM,PLUK,"STEFANSSON, JON",FTM,Free Throw In,1,-1,-1, ,,,,40,01:00,84,82,
2007,RS,1,10,572,ROM,PLUK,"STEFANSSON, JON",FTM,Free Throw In,1,-1,-1, ,,,,40,01:00,84,83,
2007,RS,1,10,575,PAN,PADG,"JASIKEVICIUS, SARUNAS",FTM,Free Throw In,1,-1,-1, ,,,,40,01:00,85,83,
2007,RS,1,10,576,PAN,PADG,"JASIKEVICIUS, SARUNAS",FTM,Free Throw In,1,-1,-1, ,,,,40,01:00,86,83,
2007,RS,1,11,3,BAM,PASB,"OKULAJA, ADEMOLA",3FGM,Three Pointer,3,451,502,G,,,,1,10:00,3,0,
2007,RS,1,11,5,ROA,PTEU,"SALYERS, MARC",3FGA,Missed Three Pointer,0,-87,676,J,,,,1,10:00,3,0,
2007,RS,1,11,14,ROA,PTEX,"PELLIN, MARC-ANTOINE",2FGA,Missed Two Pointer,0,-51,61,D,,,,2,09:00,3,0,
2007,RS,1,11,21,ROA,PTEZ,"RUSH, BRION",3FGM,Three Pointer,3,-233,751,J,,,,2,09:00,3,3,
2007,RS,1,11,22,BAM,PLPI,"FENN, DARREN",2FGA,Missed Two Pointer,0,-56,7,D,,,,2,09:00,3,3,
2007,RS,1,11,24,ROA,PTEU,"SALYERS, MARC",2FGM,Two Pointer,2,-33,76,D,,,,2,09:00,3,5,
2007,RS,1,11,27,BAM,PJSS,"HAMANN, STEFFEN",2FGM,Two Pointer,2,-38,5,D,,,,3,08:00,5,5,
2007,RS,1,11,28,ROA,PTEZ,"RUSH, BRION",3FGM,Three Pointer,3,5,674,G,,,,3,08:00,5,8,
2007,RS,1,11,29,BAM,PJSS,"HAMANN, STEFFEN",2FGA,Missed Two Pointer,0,94,25,C,,,,3,08:00,5,8,
2007,RS,1,11,32,ROA,PTEZ,"RUSH, BRION",3FGM,Three Pointer,3,2,702,G,,,,4,07:00,5,11,
2007,RS,1,11,35,ROA,PTEZ,"RUSH, BRION",2FGA,Missed Two Pointer,0,-56,28,D,,,,4,07:00,5,11,
2007,RS,1,11,37,BAM,PASB,"OKULAJA, ADEMOLA",3FGA,Missed Three Pointer,0,-497,446,J,,,,4,07:00,5,11,
2007,RS,1,11,39,BAM,PJSS,"HAMANN, STEFFEN",3FGA,Missed Three Pointer,0,-453,500,J,,,,4,07:00,5,11,
2007,RS,1,11,40,ROA,PTEY,"BADIANE, PAPE",2FGA,Missed Two Pointer,0,-35,56,D,,,,4,07:00,5,11,
2007,RS,1,11,42,BAM,PASB,"OKULAJA, ADEMOLA",2FGA,Missed Two Pointer,0,-107,48,D,,,,4,07:00,5,11,
2007,RS,1,11,44,ROA,PTEU,"SALYERS, MARC",3FGM,Three Pointer,3,12,676,G,,,,4,07:00,5,14,
2007,RS,1,11,48,BAM,PKOO,"GREENE, DEMOND",3FGM,Three Pointer,3,-605,287,F,,,,5,06:00,8,14,
2007,RS,1,11,53,ROA,PTEU,"SALYERS, MARC",2FGA,Missed Two Pointer,0,23,289,C,,,,6,05:00,8,14,
2007,RS,1,11,63,BAM,PJSS,"HAMANN, STEFFEN",2FGM,Two Pointer,2,-61,23,D,,,,7,04:00,10,14,
2007,RS,1,11,64,ROA,PTEX,"PELLIN, MARC-ANTOINE",2FGM,Two Pointer,2,-28,571,I,,,,7,04:00,10,16,
2007,RS,1,11,71,BAM,PKOO,"GREENE, DEMOND",2FGA,Missed Two Pointer,0,-328,284,E,,,,7,04:00,10,16,
2007,RS,1,11,81,ROA,PJSU,"NOLAN, NORMAN",2FGA,Missed Two Pointer,0,-87,158,D,,,,8,03:00,10,16,
2007,RS,1,11,85,ROA,PJSU,"NOLAN, NORMAN",2FGA,Missed Two Pointer,0,-76,33,D,,,,9,02:00,10,16,
2007,RS,1,11,89,ROA,PTEZ,"RUSH, BRION",2FGA,Missed Two Pointer,0,335,-15,B,,,,9,02:00,10,16,
2007,RS,1,11,95,ROA,PJSU,"NOLAN, NORMAN",2FGA,Missed Two Pointer,0,76,210,C,,,,9,02:00,10,16,
2007,RS,1,11,97,ROA,PTFA,"CAZALON, LAURENT",2FGA,Missed Two Pointer,0,-48,12,D,,,,9,02:00,10,16,
2007,RS,1,11,105,ROA,PJSU,"NOLAN, NORMAN",2FGA,Missed Two Pointer,0,-2,48,D,,,,10,01:00,10,16,
2007,RS,1,11,108,ROA,PTEZ,"RUSH, BRION",3FGM,Three Pointer,3,107,666,G,,,,10,01:00,10,19,
2007,RS,1,11,123,ROA,PTFC,"POUPET, PIERRIC",3FGA,Missed Three Pointer,0,623,525,G,,,,11,10:00,10,19,
2007,RS,1,11,127,ROA,PTEV,"HESS, ADAM",2FGA,Missed Two Pointer,0,512,0,B,,,,11,10:00,10,19,
2007,RS,1,11,129,BAM,PBOF,"GARRETT, ROBERT",3FGA,Missed Three Pointer,0,551,387,A,,,,11,10:00,10,19,
2007,RS,1,11,133,BAM,PLPI,"FENN, DARREN",3FGA,Missed Three Pointer,0,446,489,G,,,,11,10:00,10,19,
2007,RS,1,11,138,BAM,PJSR,"ENSMINGER, CHRIS",FTM,Free Throw In,1,-1,-1, ,,,,12,09:00,11,19,
2007,RS,1,11,141,ROA,PTEZ,"RUSH, BRION",2FGAB,Missed Two Pointer,0,-82,48,D,,,,12,09:00,11,19,
2007,RS,1,11,151,ROA,PTEY,"BADIANE, PAPE",2FGA,Missed Two Pointer,0,-35,469,I,,,,12,09:00,11,19,
2007,RS,1,11,155,ROA,PTEY,"BADIANE, PAPE",2FGM,Two Pointer,2,-41,51,D,,,,12,09:00,11,21,
2007,RS,1,11,162,ROA,PTEV,"HESS, ADAM",3FGM,Three Pointer,3,-228,638,J,,,,14,07:00,11,24,
2007,RS,1,11,170,BAM,PJJZ,"SUPUT, PREDRAG",2FGM,Two Pointer,2,87,58,C,,,,14,07:00,13,24,
2007,RS,1,11,171,ROA,PTEY,"BADIANE, PAPE",2FGA,Missed Two Pointer,0,494,102,B,,,,14,07:00,13,24,
2007,RS,1,11,175,ROA,PTFA,"CAZALON, LAURENT",2FGAB,Missed Two Pointer,0,-51,25,D,,,,14,07:00,13,24,
2007,RS,1,11,179,ROA,PTEZ,"RUSH, BRION",2FGA,Missed Two Pointer,0,-356,394,E,,,,14,07:00,13,24,
2007,RS,1,11,187,ROA,PTEZ,"RUSH, BRION",3FGA,Missed Three Pointer,0,-343,576,J,,,,15,06:00,13,24,
2007,RS,1,11,193,ROA,PTFA,"CAZALON, LAURENT",FTM,Free Throw In,1,-1,-1, ,,,,15,06:00,13,25,
2007,RS,1,11,194,ROA,PTFA,"CAZALON, LAURENT",FTM,Free Throw In,1,-1,-1, ,,,,15,06:00,13,26,
2007,RS,1,11,202,BAM,PJJZ,"SUPUT, PREDRAG",3FGM,Three Pointer,3,-33,664,J,,,,16,05:00,16,26,
2007,RS,1,11,205,BAM,PLPI,"FENN, DARREN",2FGA,Missed Two Pointer,0,-323,10,E,,,,16,05:00,16,26,
2007,RS,1,11,207,ROA,PJSU,"NOLAN, NORMAN",2FGM,Two Pointer,2,-66,46,D,,,,16,05:00,16,28,
2007,RS,1,11,211,ROA,PJSU,"NOLAN, NORMAN",FTM,Free Throw In,1,-1,-1, ,,,,16,05:00,16,29,
2007,RS,1,11,216,BAM,PASB,"OKULAJA, ADEMOLA",2FGM,Two Pointer,2,125,212,C,,,,17,04:00,18,29,
2007,RS,1,11,217,ROA,PTFC,"POUPET, PIERRIC",3FGA,Missed Three Pointer,0,579,348,A,,,,17,04:00,18,29,
2007,RS,1,11,219,BAM,PASB,"OKULAJA, ADEMOLA",2FGM,Two Pointer,2,392,330,B,,,,17,04:00,20,29,
2007,RS,1,11,220,ROA,PTEV,"HESS, ADAM",3FGA,Missed Three Pointer,0,535,458,G,,,,17,04:00,20,29,
2007,RS,1,11,223,BAM,PJSS,"HAMANN, STEFFEN",2FGM,Two Pointer,2,51,23,C,,,,18,03:00,22,29,
2007,RS,1,11,235,BAM,PKOO,"GREENE, DEMOND",FTM,Free Throw In,1,-1,-1, ,,,,19,02:00,23,29,
2007,RS,1,11,236,BAM,PKOO,"GREENE, DEMOND",FTM,Free Throw In,1,-1,-1, ,,,,19,02:00,24,29,
2007,RS,1,11,237,ROA,PTFB,"SOLIMAN, WILLIAMS",2FGA,Missed Two Pointer,0,-35,141,D,,,,19,02:00,24,29,
2007,RS,1,11,245,BAM,PJSS,"HAMANN, STEFFEN",FTM,Free Throw In,1,-1,-1, ,,,,20,01:00,25,29,
2007,RS,1,11,257,BAM,PKOO,"GREENE, DEMOND",3FGA,Missed Three Pointer,0,-328,592,J,,,,21,10:00,25,29,
2007,RS,1,11,259,BAM,PKOO,"GREENE, DEMOND",2FGM,Two Pointer,2,-66,28,D,,,,21,10:00,27,29,
2007,RS,1,11,260,ROA,PTEU,"SALYERS, MARC",3FGA,Missed Three Pointer,0,233,674,G,,,,21,10:00,27,29,
2007,RS,1,11,263,BAM,PJSS,"HAMANN, STEFFEN",2FGA,Missed Two Pointer,0,48,5,C,,,,22,09:00,27,29,
2007,RS,1,11,267,ROA,PTEU,"SALYERS, MARC",FTM,Free Throw In,1,-1,-1, ,,,,22,09:00,27,30,
2007,RS,1,11,268,ROA,PTEU,"SALYERS, MARC",FTM,Free Throw In,1,-1,-1, ,,,,22,09:00,27,31,
2007,RS,1,11,270,ROA,PTEY,"BADIANE, PAPE",2FGM,Two Pointer,2,-2,105,D,,,,22,09:00,27,33,
2007,RS,1,11,271,BAM,PASB,"OKULAJA, ADEMOLA",2FGA,Missed Two Pointer,0,-164,92,D,,,,22,09:00,27,33,
2007,RS,1,11,279,ROA,PTEU,"SALYERS, MARC",2FGA,Missed Two Pointer,0,-110,156,D,,,,23,08:00,27,33,
2007,RS,1,11,282,BAM,PLPI,"FENN, DARREN",3FGM,Three Pointer,3,138,687,G,,,,23,08:00,30,33,
2007,RS,1,11,284,ROA,PTEV,"HESS, ADAM",3FGA,Missed Three Pointer,0,-89,866,J,,,,23,08:00,30,33,
2007,RS,1,11,288,ROA,PTEY,"BADIANE, PAPE",FTM,Free Throw In,1,-1,-1, ,,,,23,08:00,30,34,
2007,RS,1,11,298,ROA,PTFA,"CAZALON, LAURENT",3FGA,Missed Three Pointer,0,461,538,G,,,,24,07:00,30,34,
2007,RS,1,11,305,ROA,PTEU,"SALYERS, MARC",2FGM,Two Pointer,2,-25,56,D,,,,25,06:00,30,36,
2007,RS,1,11,306,BAM,PASB,"OKULAJA, ADEMOLA",2FGM,Two Pointer,2,-38,7,D,,,,25,06:00,32,36,
2007,RS,1,11,307,ROA,PTEZ,"RUSH, BRION",3FGA,Missed Three Pointer,0,-353,617,J,,,,25,06:00,32,36,
2007,RS,1,11,309,ROA,PTEU,"SALYERS, MARC",2FGM,Two Pointer,2,-33,38,D,,,,25,06:00,32,38,
2007,RS,1,11,311,BAM,PASB,"OKULAJA, ADEMOLA",2FGM,Two Pointer,2,471,335,B,,,,26,05:00,34,38,
2007,RS,1,11,312,ROA,PTEZ,"RUSH, BRION",2FGM,Two Pointer,2,-48,46,D,,,,26,05:00,34,40,
2007,RS,1,11,316,ROA,PTFA,"CAZALON, LAURENT",2FGM,Two Pointer,2,-46,48,D,,,,26,05:00,34,42,
2007,RS,1,11,331,BAM,PJSR,"ENSMINGER, CHRIS",2FGM,Two Pointer,2,-184,17,D,,,,27,04:00,36,42,
2007,RS,1,11,334,ROA,PTEZ,"RUSH, BRION",FTM,Free Throw In,1,-1,-1, ,,,,27,04:00,36,43,
2007,RS,1,11,335,ROA,PTEZ,"RUSH, BRION",FTM,Free Throw In,1,-1,-1, ,,,,27,04:00,36,44,
2007,RS,1,11,336,BAM,PBOF,"GARRETT, ROBERT",2FGA,Missed Two Pointer,0,548,74,B,,,,27,04:00,36,44,
2007,RS,1,11,343,ROA,PTEZ,"RUSH, BRION",2FGM,Two Pointer,2,-466,261,E,,,,28,03:00,36,46,
2007,RS,1,11,346,ROA,PTEZ,"RUSH, BRION",3FGA,Missed Three Pointer,0,-558,379,F,,,,28,03:00,36,46,
2007,RS,1,11,348,BAM,PLKE,"DICKEL, MARK",3FGA,Missed Three Pointer,0,-448,564,J,,,,28,03:00,36,46,
2007,RS,1,11,356,BAM,PJSS,"HAMANN, STEFFEN",2FGA,Missed Two Pointer,0,-66,94,D,,,,29,02:00,36,46,
2007,RS,1,11,357,ROA,PTEU,"SALYERS, MARC",2FGM,Two Pointer,2,-138,143,D,,,,29,02:00,36,48,
2007,RS,1,11,358,BAM,PLPK,"OHLBRECHT, TIM",2FGM,Two Pointer,2,-92,41,D,,,,29,02:00,38,48,
2007,RS,1,11,360,ROA,PJSU,"NOLAN, NORMAN",2FGM,Two Pointer,2,-56,25,D,,,,29,02:00,38,50,
2007,RS,1,11,366,BAM,PJSS,"HAMANN, STEFFEN",FTM,Free Throw In,1,-1,-1, ,,,,30,01:00,39,50,
2007,RS,1,11,367,ROA,PJSU,"NOLAN, NORMAN",2FGA,Missed Two Pointer,0,-56,10,D,,,,30,01:00,39,50,
2007,RS,1,11,379,ROA,PTEV,"HESS, ADAM",3FGM,Three Pointer,3,325,607,G,,,,31,10:00,39,53,
2007,RS,1,11,382,ROA,PTEZ,"RUSH, BRION",2FGAB,Missed Two Pointer,0,53,71,C,,,,31,10:00,39,53,
2007,RS,1,11,388,ROA,PJSU,"NOLAN, NORMAN",2FGM,Two Pointer,2,235,415,B,,,,31,10:00,39,55,
2007,RS,1,11,390,BAM,PLKE,"DICKEL, MARK",3FGM,Three Pointer,3,674,33,A,,,,31,10:00,42,55,
2007,RS,1,11,396,BAM,PLPI,"FENN, DARREN",2FGM,Two Pointer,2,2,66,D,,,,32,09:00,44,55,
2007,RS,1,11,403,ROA,PJSU,"NOLAN, NORMAN",2FGA,Missed Two Pointer,0,-51,53,D,,,,33,08:00,44,55,
2007,RS,1,11,405,BAM,PJJZ,"SUPUT, PREDRAG",2FGAB,Missed Two Pointer,0,-7,74,D,,,,33,08:00,44,55,
2007,RS,1,11,411,BAM,PLKE,"DICKEL, MARK",2FGM,Two Pointer,2,-28,53,D,,,,33,08:00,46,55,
2007,RS,1,11,415,ROA,PTEY,"BADIANE, PAPE",2FGA,Missed Two Pointer,0,-41,502,I,,,,34,07:00,46,55,
2007,RS,1,11,420,BAM,PKOO,"GREENE, DEMOND",FTM,Free Throw In,1,-1,-1, ,,,,34,07:00,47,55,
2007,RS,1,11,421,BAM,PKOO,"GREENE, DEMOND",FTM,Free Throw In,1,-1,-1, ,,,,34,07:00,48,55,
2007,RS,1,11,422,BAM,PKOO,"GREENE, DEMOND",FTM,Free Throw In,1,-1,-1, ,,,,34,07:00,49,55,
2007,RS,1,11,431,ROA,PTEY,"BADIANE, PAPE",2FGM,Two Pointer,2,7,107,C,,,,35,06:00,49,57,
2007,RS,1,11,433,BAM,PJSS,"HAMANN, STEFFEN",3FGM,Three Pointer,3,-323,648,J,,,,36,05:00,52,57,
2007,RS,1,11,439,BAM,PLKE,"DICKEL, MARK",3FGA,Missed Three Pointer,0,305,676,G,,,,36,05:00,52,57,
2007,RS,1,11,441,ROA,PTEZ,"RUSH, BRION",2FGA,Missed Two Pointer,0,-505,58,E,,,,36,05:00,52,57,
2007,RS,1,11,443,BAM,PKOO,"GREENE, DEMOND",3FGM,Three Pointer,3,671,74,A,,,,36,05:00,55,57,
2007,RS,1,11,449,ROA,PTEV,"HESS, ADAM",FTM,Free Throw In,1,-1,-1, ,,,,36,05:00,55,58,
2007,RS,1,11,451,BAM,PJJZ,"SUPUT, PREDRAG",2FGA,Missed Two Pointer,0,58,92,C,,,,36,05:00,55,58,
2007,RS,1,11,453,BAM,PASB,"OKULAJA, ADEMOLA",2FGA,Missed Two Pointer,0,15,28,C,,,,36,05:00,55,58,
2007,RS,1,11,464,BAM,PASB,"OKULAJA, ADEMOLA",2FGM,Two Pointer,2,-74,48,D,,,,38,03:00,57,58,
2007,RS,1,11,466,ROA,PTEU,"SALYERS, MARC",2FGA,Missed Two Pointer,0,66,110,C,,,,39,02:00,57,58,
2007,RS,1,11,468,BAM,PASB,"OKULAJA, ADEMOLA",3FGA,Missed Three Pointer,0,-64,715,J,,,,39,02:00,57,58,
2007,RS,1,11,470,ROA,PTEY,"BADIANE, PAPE",2FGM,Two Pointer,2,-17,30,D,,,,39,02:00,57,60,
2007,RS,1,11,472,BAM,PASB,"OKULAJA, ADEMOLA",2FGM,Two Pointer,2,-48,66,D,,,,39,02:00,59,60,
2007,RS,1,11,478,ROA,PTEU,"SALYERS, MARC",FTM,Free Throw In,1,-1,-1, ,,,,40,01:00,59,61,
2007,RS,1,11,482,BAM,PASB,"OKULAJA, ADEMOLA",2FGM,Two Pointer,2,-69,30,D,,,,40,01:00,61,61,
2007,RS,1,11,484,ROA,PTEZ,"RUSH, BRION",3FGM,Three Pointer,3,-435,558,J,,,,40,01:00,61,64,
2007,RS,1,12,2,BAR,PATA,"LAKOVIC, JAKA",2FGA,Missed Two Pointer,0,0,312,D,,,,1,10:00,0,0,
2007,RS,1,12,7,BAR,PJOB,"MORANDAIS, MICHEL",3FGM,Three Pointer,3,12,661,G,,,,2,09:00,0,3,
2007,RS,1,12,9,BAR,PBOD,"KASUN, MARIO",2FGM,Two Pointer,2,2,5,D,,,,2,09:00,0,5,
2007,RS,1,12,13,BAR,PBOD,"KASUN, MARIO",FTM,Free Throw In,1,-1,-1, ,,,,2,09:00,0,6,
2007,RS,1,12,19,PAR,PLGH,"TEPIC, MILENKO",2FGM,Two Pointer,2,117,84,C,,,,3,08:00,2,6,
2007,RS,1,12,20,BAR,PJJF,"TRIAS, JORDI",2FGA,Missed Two Pointer,0,169,53,C,,,,3,08:00,2,6,
2007,RS,1,12,26,BAR,PBOD,"KASUN, MARIO",FTM,Free Throw In,1,-1,-1, ,,,,3,08:00,2,7,
2007,RS,1,12,27,BAR,PBOD,"KASUN, MARIO",FTM,Free Throw In,1,-1,-1, ,,,,3,08:00,2,8,
2007,RS,1,12,29,PAR,PTGU,"PALACIO, MILT",2FGM,Two Pointer,2,-310,64,E,,,,4,07:00,4,8,
2007,RS,1,12,32,BAR,PATA,"LAKOVIC, JAKA",3FGM,Three Pointer,3,194,630,G,,,,4,07:00,4,11,
2007,RS,1,12,40,BAR,PBOD,"KASUN, MARIO",2FGM,Two Pointer,2,-28,71,D,,,,5,06:00,4,13,
2007,RS,1,12,49,PAR,PKNN,"PEKOVIC, NIKOLA",2FGM,Two Pointer,2,33,79,C,,,,6,05:00,6,13,
2007,RS,1,12,50,BAR,PJOB,"MORANDAIS, MICHEL",3FGA,Missed Three Pointer,0,-23,656,J,,,,6,05:00,6,13,
2007,RS,1,12,52,PAR,PKNN,"PEKOVIC, NIKOLA",2FGM,Two Pointer,2,38,82,C,,,,6,05:00,8,13,
2007,RS,1,12,58,BAR,PJOB,"MORANDAIS, MICHEL",2FGA,Missed Two Pointer,0,-292,325,E,,,,6,05:00,8,13,
2007,RS,1,12,60,PAR,PJNN,"VELICKOVIC, NOVICA",2FGA,Missed Two Pointer,0,-56,174,D,,,,6,05:00,8,13,
2007,RS,1,12,65,PAR,PLGH,"TEPIC, MILENKO",2FGM,Two Pointer,2,-61,41,D,,,,7,04:00,10,13,
2007,RS,1,12,67,BAR,PBOD,"KASUN, MARIO",2FGM,Two Pointer,2,-53,46,D,,,,7,04:00,10,15,
2007,RS,1,12,68,PAR,PJNN,"VELICKOVIC, NOVICA",3FGA,Missed Three Pointer,0,-625,205,F,,,,7,04:00,10,15,
2007,RS,1,12,70,PAR,PLGH,"TEPIC, MILENKO",2FGM,Two Pointer,2,-61,38,D,,,,7,04:00,12,15,
2007,RS,1,12,79,PAR,PBFE,"KECMAN, DUSAN",3FGA,Missed Three Pointer,0,358,546,G,,,,8,03:00,12,15,
2007,RS,1,12,83,BAR,PAHW,"MARCONATO, DENIS",2FGA,Missed Two Pointer,0,-38,76,D,,,,8,03:00,12,15,
2007,RS,1,12,91,PAR,PKNN,"PEKOVIC, NIKOLA",FTM,Free Throw In,1,-1,-1, ,,,,8,03:00,13,15,
2007,RS,1,12,92,PAR,PKNN,"PEKOVIC, NIKOLA",FTM,Free Throw In,1,-1,-1, ,,,,8,03:00,14,15,
2007,RS,1,12,95,BAR,PAXC,"VAZQUEZ, FRAN",FTM,Free Throw In,1,-1,-1, ,,,,8,03:00,14,16,
2007,RS,1,12,96,BAR,PAXC,"VAZQUEZ, FRAN",FTM,Free Throw In,1,-1,-1, ,,,,8,03:00,14,17,
2007,RS,1,12,103,PAR,PBFE,"KECMAN, DUSAN",FTM,Free Throw In,1,-1,-1, ,,,,9,02:00,15,17,
2007,RS,1,12,108,PAR,PTGU,"PALACIO, MILT",2FGA,Missed Two Pointer,0,-174,89,D,,,,9,02:00,15,17,
2007,RS,1,12,110,BAR,PJKP,"ILYASOVA, ERSAN",3FGA,Missed Three Pointer,0,-174,633,J,,,,9,02:00,15,17,
2007,RS,1,12,116,BAR,PJOB,"MORANDAIS, MICHEL",FTM,Free Throw In,1,-1,-1, ,,,,10,01:00,15,18,
2007,RS,1,12,120,PAR,PBFB,"TRIPKOVIC, UROS",3FGA,Missed Three Pointer,0,276,594,G,,,,10,01:00,15,18,
2007,RS,1,12,122,BAR,PAZU,"SANCHEZ, PEPE",2FGM,Two Pointer,2,210,141,C,,,,10,01:00,15,20,
2007,RS,1,12,129,PAR,PBFE,"KECMAN, DUSAN",2FGA,Missed Two Pointer,0,-51,10,D,,,,11,10:00,15,20,
2007,RS,1,12,130,PAR,PKNN,"PEKOVIC, NIKOLA",2FGM,Two Pointer,2,179,23,C,,,,11,10:00,17,20,
2007,RS,1,12,132,BAR,PLGC,"ACKER, ALEX",2FGA,Missed Two Pointer,0,405,107,B,,,,11,10:00,17,20,
2007,RS,1,12,136,PAR,PTGU,"PALACIO, MILT",2FGA,Missed Two Pointer,0,-164,553,I,,,,11,10:00,17,20,
2007,RS,1,12,138,PAR,PKNN,"PEKOVIC, NIKOLA",2FGM,Two Pointer,2,117,97,C,,,,11,10:00,19,20,
2007,RS,1,12,143,BAR,PJKP,"ILYASOVA, ERSAN",2FGA,Missed Two Pointer,0,-502,2,E,,,,12,09:00,19,20,
2007,RS,1,12,145,PAR,PBFB,"TRIPKOVIC, UROS",3FGA,Missed Three Pointer,0,651,-33,A,,,,12,09:00,19,20,
2007,RS,1,12,160,BAR,PATA,"LAKOVIC, JAKA",3FGM,Three Pointer,3,361,653,G,,,,13,08:00,19,23,
2007,RS,1,12,166,PAR,PJNN,"VELICKOVIC, NOVICA",2FGM,Two Pointer,2,64,66,C,,,,13,08:00,21,23,
2007,RS,1,12,171,PAR,PJNN,"VELICKOVIC, NOVICA",FTM,Free Throw In,1,-1,-1, ,,,,13,08:00,22,23,
2007,RS,1,12,173,BAR,PATA,"LAKOVIC, JAKA",2FGM,Two Pointer,2,169,102,C,,,,14,07:00,22,25,
2007,RS,1,12,174,PAR,PTGU,"PALACIO, MILT",2FGA,Missed Two Pointer,0,179,53,C,,,,14,07:00,22,25,
2007,RS,1,12,176,PAR,PKNN,"PEKOVIC, NIKOLA",2FGM,Two Pointer,2,-38,82,D,,,,14,07:00,24,25,
2007,RS,1,12,177,BAR,PAXC,"VAZQUEZ, FRAN",2FGA,Missed Two Pointer,0,123,341,C,,,,14,07:00,24,25,
2007,RS,1,12,187,PAR,PBXO,"VITKOVAC, CEDOMIR",FTM,Free Throw In,1,-1,-1, ,,,,15,06:00,25,25,
2007,RS,1,12,188,BAR,PJJF,"TRIAS, JORDI",2FGA,Missed Two Pointer,0,69,107,C,,,,15,06:00,25,25,
2007,RS,1,12,192,BAR,PJCL,"MONCASI, ALBERT",2FGM,Two Pointer,2,-89,82,D,,,,15,06:00,25,27,
2007,RS,1,12,194,PAR,PBXO,"VITKOVAC, CEDOMIR",3FGM,Three Pointer,3,-358,553,J,,,,15,06:00,28,27,
2007,RS,1,12,197,BAR,PAXC,"VAZQUEZ, FRAN",2FGM,Two Pointer,2,0,2,D,,,,16,05:00,28,29,
2007,RS,1,12,199,PAR,PJNN,"VELICKOVIC, NOVICA",2FGM,Two Pointer,2,166,46,C,,,,16,05:00,30,29,
2007,RS,1,12,200,BAR,PJCL,"MONCASI, ALBERT",2FGA,Missed Two Pointer,0,-533,153,E,,,,16,05:00,30,29,
2007,RS,1,12,202,PAR,PJNN,"VELICKOVIC, NOVICA",3FGA,Missed Three Pointer,0,-505,415,F,,,,16,05:00,30,29,
2007,RS,1,12,204,BAR,PAZU,"SANCHEZ, PEPE",2FGM,Two Pointer,2,161,158,C,,,,16,05:00,30,31,
2007,RS,1,12,206,PAR,PBGJ,"VRANES, SLAVKO",2FGM,Two Pointer,2,58,12,C,,,,17,04:00,32,31,
2007,RS,1,12,209,BAR,PJJF,"TRIAS, JORDI",FTM,Free Throw In,1,-1,-1, ,,,,17,04:00,32,32,
2007,RS,1,12,210,BAR,PJJF,"TRIAS, JORDI",FTM,Free Throw In,1,-1,-1, ,,,,17,04:00,32,33,
2007,RS,1,12,213,PAR,PBXO,"VITKOVAC, CEDOMIR",3FGA,Missed Three Pointer,0,-38,664,J,,,,17,04:00,32,33,
2007,RS,1,12,215,PAR,PKNN,"PEKOVIC, NIKOLA",2FGM,Two Pointer,2,-61,33,D,,,,17,04:00,34,33,
2007,RS,1,12,220,BAR,PATA,"LAKOVIC, JAKA",FTM,Free Throw In,1,-1,-1, ,,,,18,03:00,34,34,
2007,RS,1,12,221,BAR,PATA,"LAKOVIC, JAKA",FTM,Free Throw In,1,-1,-1, ,,,,18,03:00,34,35,
2007,RS,1,12,222,PAR,PTGU,"PALACIO, MILT",2FGM,Two Pointer,2,84,17,C,,,,18,03:00,36,35,
2007,RS,1,12,224,BAR,PATA,"LAKOVIC, JAKA",3FGA,Missed Three Pointer,0,17,661,G,,,,18,03:00,36,35,
2007,RS,1,12,226,PAR,PTGU,"PALACIO, MILT",3FGA,Missed Three Pointer,0,648,12,A,,,,18,03:00,36,35,
2007,RS,1,12,229,BAR,PAZU,"SANCHEZ, PEPE",3FGM,Three Pointer,3,12,651,G,,,,19,02:00,36,38,
2007,RS,1,12,236,PAR,PLGH,"TEPIC, MILENKO",2FGM,Two Pointer,2,-338,79,E,,,,19,02:00,38,38,
2007,RS,1,12,240,BAR,PATA,"LAKOVIC, JAKA",FTM,Free Throw In,1,-1,-1, ,,,,19,02:00,38,39,
2007,RS,1,12,242,PAR,PLGH,"TEPIC, MILENKO",3FGM,Three Pointer,3,176,641,G,,,,20,01:00,41,39,
2007,RS,1,12,254,PAR,PKNN,"PEKOVIC, NIKOLA",FTM,Free Throw In,1,-1,-1, ,,,,20,01:00,42,39,
2007,RS,1,12,263,BAR,PATA,"LAKOVIC, JAKA",FTM,Free Throw In,1,-1,-1, ,,,,20,01:00,42,40,
2007,RS,1,12,264,BAR,PATA,"LAKOVIC, JAKA",FTM,Free Throw In,1,-1,-1, ,,,,20,01:00,42,41,
2007,RS,1,12,265,PAR,PTGU,"PALACIO, MILT",2FGA,Missed Two Pointer,0,-194,82,D,,,,20,01:00,42,41,
2007,RS,1,12,274,BAR,PBOD,"KASUN, MARIO",2FGM,Two Pointer,2,33,92,C,,,,21,10:00,42,43,
2007,RS,1,12,276,PAR,PBFE,"KECMAN, DUSAN",2FGM,Two Pointer,2,-17,148,D,,,,21,10:00,44,43,
2007,RS,1,12,279,PAR,PBXO,"VITKOVAC, CEDOMIR",2FGM,Two Pointer,2,-23,205,D,,,,22,09:00,46,43,
2007,RS,1,12,280,BAR,PAZU,"SANCHEZ, PEPE",2FGA,Missed Two Pointer,0,220,74,C,,,,22,09:00,46,43,
2007,RS,1,12,282,BAR,PBOD,"KASUN, MARIO",2FGM,Two Pointer,2,0,2,D,,,,22,09:00,46,45,
2007,RS,1,12,283,PAR,PKNN,"PEKOVIC, NIKOLA",2FGM,Two Pointer,2,-46,84,D,,,,22,09:00,48,45,
2007,RS,1,12,286,BAR,PJCL,"MONCASI, ALBERT",2FGA,Missed Two Pointer,0,28,102,C,,,,23,08:00,48,45,
2007,RS,1,12,291,PAR,PBXO,"VITKOVAC, CEDOMIR",2FGAB,Missed Two Pointer,0,15,110,C,,,,23,08:00,48,45,
2007,RS,1,12,294,BAR,PATA,"LAKOVIC, JAKA",2FGM,Two Pointer,2,-56,25,D,,,,23,08:00,48,47,
2007,RS,1,12,296,PAR,PBFE,"KECMAN, DUSAN",3FGA,Missed Three Pointer,0,656,41,A,,,,24,07:00,48,47,
2007,RS,1,12,298,PAR,PBXO,"VITKOVAC, CEDOMIR",2FGM,Two Pointer,2,7,102,C,,,,24,07:00,50,47,
2007,RS,1,12,299,BAR,PAZU,"SANCHEZ, PEPE",3FGA,Missed Three Pointer,0,-448,487,J,,,,24,07:00,50,47,
2007,RS,1,12,301,PAR,PKNN,"PEKOVIC, NIKOLA",2FGM,Two Pointer,2,7,5,C,,,,24,07:00,52,47,
2007,RS,1,12,307,BAR,PAZU,"SANCHEZ, PEPE",2FGAB,Missed Two Pointer,0,10,92,C,,,,24,07:00,52,47,
2007,RS,1,12,310,BAR,PATA,"LAKOVIC, JAKA",3FGA,Missed Three Pointer,0,-10,817,J,,,,25,06:00,52,47,
2007,RS,1,12,312,PAR,PKNN,"PEKOVIC, NIKOLA",2FGM,Two Pointer,2,112,66,C,,,,25,06:00,54,47,
2007,RS,1,12,315,BAR,PLGC,"ACKER, ALEX",3FGA,Missed Three Pointer,0,-492,438,J,,,,25,06:00,54,47,
2007,RS,1,12,317,PAR,PTGU,"PALACIO, MILT",2FGM,Two Pointer,2,-51,35,D,,,,25,06:00,56,47,
2007,RS,1,12,321,BAR,PJJF,"TRIAS, JORDI",2FGM,Two Pointer,2,184,20,C,,,,26,05:00,56,49,
2007,RS,1,12,323,PAR,PLGH,"TEPIC, MILENKO",3FGA,Missed Three Pointer,0,123,653,G,,,,26,05:00,56,49,
2007,RS,1,12,325,PAR,PTGU,"PALACIO, MILT",3FGA,Missed Three Pointer,0,51,674,G,,,,26,05:00,56,49,
2007,RS,1,12,334,PAR,PLGH,"TEPIC, MILENKO",3FGM,Three Pointer,3,-433,476,J,,,,27,04:00,59,49,
2007,RS,1,12,341,BAR,P000007,"DEDOVIC, NIHAD",FTM,Free Throw In,1,-1,-1, ,,,,27,04:00,59,50,
2007,RS,1,12,344,PAR,PTGU,"PALACIO, MILT",2FGA,Missed Two Pointer,0,-82,51,D,,,,27,04:00,59,50,
2007,RS,1,12,347,BAR,PATA,"LAKOVIC, JAKA",3FGA,Missed Three Pointer,0,-264,594,J,,,,28,03:00,59,50,
2007,RS,1,12,351,BAR,PATA,"LAKOVIC, JAKA",3FGA,Missed Three Pointer,0,-294,592,J,,,,28,03:00,59,50,
2007,RS,1,12,353,BAR,PBOD,"KASUN, MARIO",2FGA,Missed Two Pointer,0,420,48,B,,,,28,03:00,59,50,
2007,RS,1,12,364,BAR,PATA,"LAKOVIC, JAKA",2FGAB,Missed Two Pointer,0,2,151,D,,,,28,03:00,59,50,
2007,RS,1,12,368,BAR,PJKP,"ILYASOVA, ERSAN",3FGA,Missed Three Pointer,0,2,658,G,,,,29,02:00,59,50,
2007,RS,1,12,375,BAR,PAHW,"MARCONATO, DENIS",FTM,Free Throw In,1,-1,-1, ,,,,29,02:00,59,51,
2007,RS,1,12,376,BAR,PAHW,"MARCONATO, DENIS",FTM,Free Throw In,1,-1,-1, ,,,,29,02:00,59,52,
2007,RS,1,12,377,PAR,PBFE,"KECMAN, DUSAN",2FGA,Missed Two Pointer,0,148,43,C,,,,29,02:00,59,52,
2007,RS,1,12,382,PAR,PBGJ,"VRANES, SLAVKO",FTM,Free Throw In,1,-1,-1, ,,,,29,02:00,60,52,
2007,RS,1,12,384,BAR,PATA,"LAKOVIC, JAKA",2FGAB,Missed Two Pointer,0,66,56,C,,,,29,02:00,60,52,
2007,RS,1,12,390,BAR,PAZU,"SANCHEZ, PEPE",2FGA,Missed Two Pointer,0,379,248,B,,,,30,01:00,60,52,
2007,RS,1,12,392,PAR,PBFB,"TRIPKOVIC, UROS",2FGM,Two Pointer,2,87,48,C,,,,30,01:00,62,52,
2007,RS,1,12,397,BAR,PATA,"LAKOVIC, JAKA",FTM,Free Throw In,1,-1,-1, ,,,,30,01:00,62,53,
2007,RS,1,12,398,BAR,PATA,"LAKOVIC, JAKA",FTM,Free Throw In,1,-1,-1, ,,,,30,01:00,62,54,
2007,RS,1,12,404,PAR,PKNN,"PEKOVIC, NIKOLA",2FGAB,Missed Two Pointer,0,-76,143,D,,,,31,10:00,62,54,
2007,RS,1,12,413,BAR,PAHW,"MARCONATO, DENIS",2FGM,Two Pointer,2,-241,251,E,,,,31,10:00,62,56,
2007,RS,1,12,415,PAR,PJNN,"VELICKOVIC, NOVICA",3FGA,Missed Three Pointer,0,664,2,A,,,,31,10:00,62,56,
2007,RS,1,12,418,BAR,PATA,"LAKOVIC, JAKA",3FGA,Missed Three Pointer,0,-153,635,J,,,,32,09:00,62,56,
2007,RS,1,12,422,PAR,PTGU,"PALACIO, MILT",2FGA,Missed Two Pointer,0,97,115,C,,,,32,09:00,62,56,
2007,RS,1,12,430,PAR,PBXO,"VITKOVAC, CEDOMIR",FTM,Free Throw In,1,-1,-1, ,,,,32,09:00,63,56,
2007,RS,1,12,431,PAR,PBXO,"VITKOVAC, CEDOMIR",FTM,Free Throw In,1,-1,-1, ,,,,32,09:00,64,56,
2007,RS,1,12,435,PAR,PBXO,"VITKOVAC, CEDOMIR",3FGA,Missed Three Pointer,0,-325,571,J,,,,33,08:00,64,56,
2007,RS,1,12,437,BAR,PAHW,"MARCONATO, DENIS",2FGM,Two Pointer,2,-7,571,I,,,,33,08:00,64,58,
2007,RS,1,12,439,PAR,PTGU,"PALACIO, MILT",3FGM,Three Pointer,3,148,630,G,,,,33,08:00,67,58,
2007,RS,1,12,441,BAR,PAHW,"MARCONATO, DENIS",2FGA,Missed Two Pointer,0,-146,223,D,,,,34,07:00,67,58,
2007,RS,1,12,449,PAR,PTGU,"PALACIO, MILT",FTM,Free Throw In,1,-1,-1, ,,,,34,07:00,68,58,
2007,RS,1,12,452,PAR,PLGH,"TEPIC, MILENKO",3FGA,Missed Three Pointer,0,161,646,G,,,,34,07:00,68,58,
2007,RS,1,12,457,PAR,PKNN,"PEKOVIC, NIKOLA",2FGM,Two Pointer,2,5,189,C,,,,35,06:00,70,58,
2007,RS,1,12,465,BAR,PJKP,"ILYASOVA, ERSAN",2FGM,Two Pointer,2,112,46,C,,,,35,06:00,70,60,
2007,RS,1,12,468,BAR,PJKP,"ILYASOVA, ERSAN",FTM,Free Throw In,1,-1,-1, ,,,,35,06:00,70,61,
2007,RS,1,12,470,BAR,PAXC,"VAZQUEZ, FRAN",2FGA,Missed Two Pointer,0,143,369,C,,,,35,06:00,70,61,
2007,RS,1,12,472,BAR,PAZU,"SANCHEZ, PEPE",3FGA,Missed Three Pointer,0,-84,651,J,,,,35,06:00,70,61,
2007,RS,1,12,475,PAR,PTGU,"PALACIO, MILT",3FGA,Missed Three Pointer,0,-217,617,J,,,,36,05:00,70,61,
2007,RS,1,12,482,BAR,PAXC,"VAZQUEZ, FRAN",2FGM,Two Pointer,2,92,10,C,,,,36,05:00,70,63,
2007,RS,1,12,485,PAR,PKNN,"PEKOVIC, NIKOLA",2FGM,Two Pointer,2,-66,7,D,,,,37,04:00,72,63,
2007,RS,1,12,487,BAR,PJKP,"ILYASOVA, ERSAN",3FGM,Three Pointer,3,287,584,G,,,,37,04:00,72,66,
2007,RS,1,12,501,PAR,PTGU,"PALACIO, MILT",FTM,Free Throw In,1,-1,-1, ,,,,37,04:00,73,66,
2007,RS,1,12,505,BAR,PAXC,"VAZQUEZ, FRAN",2FGM,Two Pointer,2,-5,7,D,,,,38,03:00,73,68,
2007,RS,1,12,511,PAR,PBFE,"KECMAN, DUSAN",3FGA,Missed Three Pointer,0,-338,558,J,,,,38,03:00,73,68,
2007,RS,1,12,518,BAR,PATA,"LAKOVIC, JAKA",3FGM,Three Pointer,3,328,561,G,,,,38,03:00,73,71,
2007,RS,1,12,523,BAR,PJCL,"MONCASI, ALBERT",2FGM,Two Pointer,2,-2,0,D,,,,39,02:00,73,73,
2007,RS,1,12,525,PAR,PJNN,"VELICKOVIC, NOVICA",3FGA,Missed Three Pointer,0,656,30,A,,,,39,02:00,73,73,
2007,RS,1,12,527,PAR,PKNN,"PEKOVIC, NIKOLA",2FGM,Two Pointer,2,-76,33,D,,,,39,02:00,75,73,
2007,RS,1,12,528,BAR,PAXC,"VAZQUEZ, FRAN",2FGM,Two Pointer,2,238,192,B,,,,39,02:00,75,75,
2007,RS,1,12,533,PAR,PKNN,"PEKOVIC, NIKOLA",2FGM,Two Pointer,2,-76,23,D,,,,40,01:00,77,75,
2007,RS,1,12,535,BAR,PAXC,"VAZQUEZ, FRAN",2FGA,Missed Two Pointer,0,225,369,B,,,,40,01:00,77,75,
2007,RS,1,12,541,BAR,PJCL,"MONCASI, ALBERT",FTM,Free Throw In,1,-1,-1, ,,,,40,01:00,77,76,
2007,RS,1,12,542,BAR,PJCL,"MONCASI, ALBERT",FTM,Free Throw In,1,-1,-1, ,,,,40,01:00,77,77,
2007,RS,1,12,545,PAR,PTGU,"PALACIO, MILT",FTM,Free Throw In,1,-1,-1, ,,,,40,01:00,78,77,
2007,RS,1,12,546,PAR,PTGU,"PALACIO, MILT",FTM,Free Throw In,1,-1,-1, ,,,,40,01:00,79,77,
2007,RS,1,12,554,BAR,PATA,"LAKOVIC, JAKA",FTM,Free Throw In,1,-1,-1, ,,,,40,01:00,79,78,
2007,RS,1,12,559,PAR,PBXO,"VITKOVAC, CEDOMIR",FTM,Free Throw In,1,-1,-1, ,,,,40,01:00,80,78,
2007,RS,1,12,560,PAR,PBXO,"VITKOVAC, CEDOMIR",FTM,Free Throw In,1,-1,-1, ,,,,40,01:00,81,78,
2007,RS,1,12,561,BAR,PAZU,"SANCHEZ, PEPE",3FGA,Missed Three Pointer,0,484,1194,G,,,,40,01:00,81,78,
2007,RS,2,13,2,OLY,PAMM,"PRINTEZIS, GEORGIOS",2FGM,Two Pointer,2,-243,425,E,,,,1,10:00,0,2,
2007,RS,2,13,3,LJU,PAIV,"MILIC, MARKO",2FGA,Missed Two Pointer,0,-374,66,E,,,,1,10:00,0,2,
2007,RS,2,13,4,OLY,PTFV,"WOODS, QYNTEL",2FGM,Two Pointer,2,53,41,C,,,,1,10:00,0,4,
2007,RS,2,13,5,LJU,PAIV,"MILIC, MARKO",2FGM,Two Pointer,2,43,25,C,,,,1,10:00,2,4,
2007,RS,2,13,10,LJU,PAPY,"HUKIC, JASMIN",3FGA,Missed Three Pointer,0,492,556,G,,,,2,09:00,2,4,
2007,RS,2,13,12,OLY,PTFV,"WOODS, QYNTEL",3FGA,Missed Three Pointer,0,-382,576,J,,,,2,09:00,2,4,
2007,RS,2,13,15,LJU,PTGG,"TAYLOR, RONELL",2FGA,Missed Two Pointer,0,97,46,C,,,,2,09:00,2,4,
2007,RS,2,13,18,LJU,PJBJ,"BEGIC, MIRZA",2FGM,Two Pointer,2,0,15,D,,,,2,09:00,4,4,
2007,RS,2,13,20,OLY,PAMM,"PRINTEZIS, GEORGIOS",2FGM,Two Pointer,2,-46,30,D,,,,3,08:00,4,6,
2007,RS,2,13,26,LJU,PJBJ,"BEGIC, MIRZA",2FGM,Two Pointer,2,10,2,C,,,,3,08:00,6,6,
2007,RS,2,13,28,OLY,PCBV,"MACIJAUSKAS, ARVYDAS",2FGM,Two Pointer,2,-487,79,E,,,,4,07:00,6,8,
2007,RS,2,13,30,LJU,PAIV,"MILIC, MARKO",2FGM,Two Pointer,2,130,38,C,,,,4,07:00,8,8,
2007,RS,2,13,31,OLY,PCRR,"GREER, LYNN TERENCE",2FGM,Two Pointer,2,-284,284,E,,,,4,07:00,8,10,
2007,RS,2,13,33,LJU,PTGG,"TAYLOR, RONELL",2FGA,Missed Two Pointer,0,33,517,H,,,,5,06:00,8,10,
2007,RS,2,13,40,OLY,PAMM,"PRINTEZIS, GEORGIOS",2FGM,Two Pointer,2,-92,51,D,,,,5,06:00,8,12,
2007,RS,2,13,46,OLY,P000126,"JACKSON, MARC",2FGM,Two Pointer,2,-51,35,D,,,,6,05:00,8,14,
2007,RS,2,13,47,LJU,PAPY,"HUKIC, JASMIN",3FGA,Missed Three Pointer,0,-200,702,J,,,,6,05:00,8,14,
2007,RS,2,13,59,LJU,PTGG,"TAYLOR, RONELL",FTM,Free Throw In,1,-1,-1, ,,,,7,04:00,9,14,
2007,RS,2,13,60,LJU,PTGG,"TAYLOR, RONELL",FTM,Free Throw In,1,-1,-1, ,,,,7,04:00,10,14,
2007,RS,2,13,61,OLY,PCRR,"GREER, LYNN TERENCE",2FGA,Missed Two Pointer,0,-64,25,D,,,,7,04:00,10,14,
2007,RS,2,13,63,LJU,PAIV,"MILIC, MARKO",2FGA,Missed Two Pointer,0,56,92,C,,,,7,04:00,10,14,
2007,RS,2,13,70,LJU,PTHB,"DRAGIC, GORAN",3FGA,Missed Three Pointer,0,482,553,G,,,,8,03:00,10,14,
2007,RS,2,13,71,LJU,PJYE,"RIZVIC, HASAN",2FGM,Two Pointer,2,-302,312,E,,,,8,03:00,12,14,
2007,RS,2,13,73,OLY,P000126,"JACKSON, MARC",2FGM,Two Pointer,2,-53,56,D,,,,8,03:00,12,16,
2007,RS,2,13,74,LJU,PTHB,"DRAGIC, GORAN",2FGA,Missed Two Pointer,0,53,74,C,,,,8,03:00,12,16,
2007,RS,2,13,81,LJU,PTGG,"TAYLOR, RONELL",2FGA,Missed Two Pointer,0,-28,94,D,,,,9,02:00,12,16,
2007,RS,2,13,83,LJU,PAIV,"MILIC, MARKO",2FGM,Two Pointer,2,69,58,C,,,,9,02:00,14,16,
2007,RS,2,13,84,OLY,PAMM,"PRINTEZIS, GEORGIOS",3FGA,Missed Three Pointer,0,666,123,A,,,,9,02:00,14,16,
2007,RS,2,13,90,LJU,P000183,"ANDERSON, LUKE",3FGA,Missed Three Pointer,0,-671,146,F,,,,9,02:00,14,16,
2007,RS,2,13,92,OLY,P000126,"JACKSON, MARC",3FGM,Three Pointer,3,20,682,G,,,,9,02:00,14,19,
2007,RS,2,13,94,LJU,PTHB,"DRAGIC, GORAN",3FGA,Missed Three Pointer,0,-633,382,F,,,,9,02:00,14,19,
2007,RS,2,13,98,LJU,P000183,"ANDERSON, LUKE",3FGA,Missed Three Pointer,0,-669,102,F,,,,10,01:00,14,19,
2007,RS,2,13,105,OLY,PCBV,"MACIJAUSKAS, ARVYDAS",2FGM,Two Pointer,2,-192,428,I,,,,10,01:00,14,21,
2007,RS,2,13,112,LJU,PAIV,"MILIC, MARKO",2FGA,Missed Two Pointer,0,56,74,C,,,,11,10:00,14,21,
2007,RS,2,13,117,LJU,PAIV,"MILIC, MARKO",2FGM,Two Pointer,2,100,20,C,,,,11,10:00,16,21,
2007,RS,2,13,120,LJU,PTHB,"DRAGIC, GORAN",2FGM,Two Pointer,2,64,48,C,,,,11,10:00,18,21,
2007,RS,2,13,124,LJU,PTGG,"TAYLOR, RONELL",2FGM,Two Pointer,2,28,30,C,,,,12,09:00,20,21,
2007,RS,2,13,125,OLY,PALG,"VASILIADIS, KOSTAS",3FGM,Three Pointer,3,148,679,G,,,,12,09:00,20,24,
2007,RS,2,13,126,LJU,PAPY,"HUKIC, JASMIN",3FGA,Missed Three Pointer,0,569,417,A,,,,12,09:00,20,24,
2007,RS,2,13,141,OLY,PCRR,"GREER, LYNN TERENCE",3FGM,Three Pointer,3,235,638,G,,,,13,08:00,20,27,
2007,RS,2,13,142,LJU,PTHB,"DRAGIC, GORAN",3FGA,Missed Three Pointer,0,69,730,G,,,,13,08:00,20,27,
2007,RS,2,13,144,LJU,PTGG,"TAYLOR, RONELL",2FGM,Two Pointer,2,25,51,C,,,,13,08:00,22,27,
2007,RS,2,13,148,LJU,PTHB,"DRAGIC, GORAN",2FGM,Two Pointer,2,41,76,C,,,,14,07:00,24,27,
2007,RS,2,13,154,LJU,PTGG,"TAYLOR, RONELL",3FGA,Missed Three Pointer,0,330,597,G,,,,14,07:00,24,27,
2007,RS,2,13,160,LJU,PLHD,"ZUPAN, MIHA",3FGA,Missed Three Pointer,0,-689,189,F,,,,15,06:00,24,27,
2007,RS,2,13,167,OLY,PCRR,"GREER, LYNN TERENCE",2FGA,Missed Two Pointer,0,-207,241,D,,,,15,06:00,24,27,
2007,RS,2,13,169,OLY,PAQU,"BOUROUSIS, IOANNIS",2FGM,Two Pointer,2,-69,12,D,,,,15,06:00,24,29,
2007,RS,2,13,172,LJU,PLHD,"ZUPAN, MIHA",2FGM,Two Pointer,2,-38,64,D,,,,16,05:00,26,29,
2007,RS,2,13,175,LJU,PTGI,"DONCIC, SASA",3FGA,Missed Three Pointer,0,571,456,G,,,,16,05:00,26,29,
2007,RS,2,13,186,LJU,PLHD,"ZUPAN, MIHA",2FGM,Two Pointer,2,17,115,C,,,,17,04:00,28,29,
2007,RS,2,13,188,OLY,PTFV,"WOODS, QYNTEL",2FGA,Missed Two Pointer,0,-76,241,D,,,,18,03:00,28,29,
2007,RS,2,13,191,LJU,PLHD,"ZUPAN, MIHA",2FGM,Two Pointer,2,12,94,C,,,,18,03:00,30,29,
2007,RS,2,13,195,OLY,P000126,"JACKSON, MARC",2FGM,Two Pointer,2,302,469,H,,,,18,03:00,30,31,
2007,RS,2,13,198,LJU,PLHD,"ZUPAN, MIHA",3FGM,Three Pointer,3,210,679,G,,,,18,03:00,33,31,
2007,RS,2,13,200,OLY,PCRR,"GREER, LYNN TERENCE",3FGA,Missed Three Pointer,0,-512,561,J,,,,19,02:00,33,31,
2007,RS,2,13,206,LJU,PTGG,"TAYLOR, RONELL",FTM,Free Throw In,1,-1,-1, ,,,,19,02:00,34,31,
2007,RS,2,13,207,LJU,PTGG,"TAYLOR, RONELL",FTM,Free Throw In,1,-1,-1, ,,,,19,02:00,35,31,
2007,RS,2,13,221,OLY,PCBV,"MACIJAUSKAS, ARVYDAS",3FGM,Three Pointer,3,-692,151,F,,,,20,01:00,35,34,
2007,RS,2,13,222,LJU,PTGI,"DONCIC, SASA",3FGA,Missed Three Pointer,0,-338,628,J,,,,20,01:00,35,34,
2007,RS,2,13,224,LJU,P000184,"BOOKER, CHRIS",2FGM,Two Pointer,2,100,474,H,,,,20,01:00,37,34,
2007,RS,2,13,242,OLY,PBFY,"BLAKNEY, RODERICK",3FGM,Three Pointer,3,-310,635,J,,,,21,10:00,37,37,
2007,RS,2,13,244,LJU,PAIV,"MILIC, MARKO",2FGM,Two Pointer,2,-20,64,D,,,,22,09:00,39,37,
2007,RS,2,13,245,OLY,PAMM,"PRINTEZIS, GEORGIOS",2FGM,Two Pointer,2,-128,582,I,,,,22,09:00,39,39,
2007,RS,2,13,246,LJU,PLHD,"ZUPAN, MIHA",2FGM,Two Pointer,2,-2,15,D,,,,22,09:00,41,39,
2007,RS,2,13,249,LJU,PLHD,"ZUPAN, MIHA",FTM,Free Throw In,1,-1,-1, ,,,,22,09:00,42,39,
2007,RS,2,13,251,OLY,PCRR,"GREER, LYNN TERENCE",2FGA,Missed Two Pointer,0,-297,292,E,,,,23,08:00,42,39,
2007,RS,2,13,253,LJU,PTGG,"TAYLOR, RONELL",3FGA,Missed Three Pointer,0,-564,420,F,,,,23,08:00,42,39,
2007,RS,2,13,255,LJU,PTGJ,"MOCNIK, JAN",3FGM,Three Pointer,3,325,625,G,,,,23,08:00,45,39,
2007,RS,2,13,257,OLY,P000126,"JACKSON, MARC",2FGM,Two Pointer,2,84,30,C,,,,23,08:00,45,41,
2007,RS,2,13,263,LJU,PAPY,"HUKIC, JASMIN",2FGM,Two Pointer,2,-361,64,E,,,,24,07:00,47,41,
2007,RS,2,13,267,OLY,P000126,"JACKSON, MARC",FTM,Free Throw In,1,-1,-1, ,,,,24,07:00,47,42,
2007,RS,2,13,268,LJU,PTGJ,"MOCNIK, JAN",3FGA,Missed Three Pointer,0,-561,471,J,,,,24,07:00,47,42,
2007,RS,2,13,270,LJU,PAIV,"MILIC, MARKO",2FGA,Missed Two Pointer,0,-115,-30,D,,,,24,07:00,47,42,
2007,RS,2,13,272,LJU,PAPY,"HUKIC, JASMIN",3FGA,Missed Three Pointer,0,448,569,G,,,,24,07:00,47,42,
2007,RS,2,13,275,OLY,PBFY,"BLAKNEY, RODERICK",3FGM,Three Pointer,3,258,623,G,,,,25,06:00,47,45,
2007,RS,2,13,277,LJU,PTGG,"TAYLOR, RONELL",2FGM,Two Pointer,2,28,7,C,,,,25,06:00,49,45,
2007,RS,2,13,284,LJU,PTGG,"TAYLOR, RONELL",FTM,Free Throw In,1,-1,-1, ,,,,25,06:00,50,45,
2007,RS,2,13,285,OLY,PACJ,"PAPAMAKARIOS, MANOLIS",3FGA,Missed Three Pointer,0,-607,312,F,,,,25,06:00,50,45,
2007,RS,2,13,288,LJU,PAPY,"HUKIC, JASMIN",3FGA,Missed Three Pointer,0,692,-7,A,,,,26,05:00,50,45,
2007,RS,2,13,289,OLY,PALG,"VASILIADIS, KOSTAS",3FGA,Missed Three Pointer,0,-476,492,J,,,,26,05:00,50,45,
2007,RS,2,13,322,OLY,PCRR,"GREER, LYNN TERENCE",2FGM,Two Pointer,2,-151,556,I,,,,28,03:00,50,47,
2007,RS,2,13,324,LJU,PTGG,"TAYLOR, RONELL",3FGM,Three Pointer,3,492,507,G,,,,28,03:00,53,47,
2007,RS,2,13,328,OLY,PCRR,"GREER, LYNN TERENCE",FTM,Free Throw In,1,-1,-1, ,,,,29,02:00,53,48,
2007,RS,2,13,329,OLY,PCRR,"GREER, LYNN TERENCE",FTM,Free Throw In,1,-1,-1, ,,,,29,02:00,53,49,
2007,RS,2,13,333,LJU,PTGJ,"MOCNIK, JAN",3FGM,Three Pointer,3,-694,89,F,,,,29,02:00,56,49,
2007,RS,2,13,353,OLY,PCRR,"GREER, LYNN TERENCE",FTM,Free Throw In,1,-1,-1, ,,,,30,01:00,56,50,
2007,RS,2,13,354,OLY,PCRR,"GREER, LYNN TERENCE",FTM,Free Throw In,1,-1,-1, ,,,,30,01:00,56,51,
2007,RS,2,13,362,OLY,PCRR,"GREER, LYNN TERENCE",FTM,Free Throw In,1,-1,-1, ,,,,30,01:00,56,52,
2007,RS,2,13,363,OLY,PCRR,"GREER, LYNN TERENCE",FTM,Free Throw In,1,-1,-1, ,,,,30,01:00,56,53,
2007,RS,2,13,370,LJU,PTGI,"DONCIC, SASA",3FGA,Missed Three Pointer,0,433,561,G,,,,31,10:00,56,53,
2007,RS,2,13,372,LJU,PLHD,"ZUPAN, MIHA",2FGM,Two Pointer,2,125,66,C,,,,31,10:00,58,53,
2007,RS,2,13,373,OLY,PCRR,"GREER, LYNN TERENCE",2FGA,Missed Two Pointer,0,15,325,C,,,,31,10:00,58,53,
2007,RS,2,13,376,LJU,PTGJ,"MOCNIK, JAN",3FGA,Missed Three Pointer,0,-371,589,J,,,,32,09:00,58,53,
2007,RS,2,13,378,LJU,PTGG,"TAYLOR, RONELL",2FGA,Missed Two Pointer,0,-346,7,E,,,,32,09:00,58,53,
2007,RS,2,13,388,OLY,P000126,"JACKSON, MARC",FTM,Free Throw In,1,-1,-1, ,,,,32,09:00,58,54,
2007,RS,2,13,389,OLY,P000126,"JACKSON, MARC",FTM,Free Throw In,1,-1,-1, ,,,,32,09:00,58,55,
2007,RS,2,13,390,LJU,PTHB,"DRAGIC, GORAN",3FGA,Missed Three Pointer,0,105,676,G,,,,32,09:00,58,55,
2007,RS,2,13,396,LJU,PAPY,"HUKIC, JASMIN",FTM,Free Throw In,1,-1,-1, ,,,,32,09:00,59,55,
2007,RS,2,13,397,LJU,PAPY,"HUKIC, JASMIN",FTM,Free Throw In,1,-1,-1, ,,,,32,09:00,60,55,
2007,RS,2,13,398,OLY,P000126,"JACKSON, MARC",2FGA,Missed Two Pointer,0,20,230,C,,,,32,09:00,60,55,
2007,RS,2,13,401,LJU,PTGG,"TAYLOR, RONELL",2FGM,Two Pointer,2,-15,-2,D,,,,32,09:00,62,55,
2007,RS,2,13,404,OLY,PCRR,"GREER, LYNN TERENCE",2FGA,Missed Two Pointer,0,174,148,C,,,,33,08:00,62,55,
2007,RS,2,13,411,OLY,P000126,"JACKSON, MARC",FTM,Free Throw In,1,-1,-1, ,,,,33,08:00,62,56,
2007,RS,2,13,412,LJU,P000184,"BOOKER, CHRIS",2FGM,Two Pointer,2,194,241,C,,,,33,08:00,64,56,
2007,RS,2,13,413,OLY,P000126,"JACKSON, MARC",3FGM,Three Pointer,3,0,661,J,,,,33,08:00,64,59,
2007,RS,2,13,419,LJU,PTHB,"DRAGIC, GORAN",2FGM,Two Pointer,2,-56,0,D,,,,34,07:00,66,59,
2007,RS,2,13,428,LJU,PAPY,"HUKIC, JASMIN",2FGM,Two Pointer,2,-48,0,D,,,,35,06:00,68,59,
2007,RS,2,13,437,OLY,PCBV,"MACIJAUSKAS, ARVYDAS",FTM,Free Throw In,1,-1,-1, ,,,,35,06:00,68,60,
2007,RS,2,13,438,OLY,PCBV,"MACIJAUSKAS, ARVYDAS",FTM,Free Throw In,1,-1,-1, ,,,,35,06:00,68,61,
2007,RS,2,13,439,LJU,P000184,"BOOKER, CHRIS",2FGA,Missed Two Pointer,0,-471,23,E,,,,35,06:00,68,61,
2007,RS,2,13,441,LJU,PAPY,"HUKIC, JASMIN",2FGM,Two Pointer,2,-82,33,D,,,,35,06:00,70,61,
2007,RS,2,13,445,OLY,P000126,"JACKSON, MARC",FTM,Free Throw In,1,-1,-1, ,,,,36,05:00,70,62,
2007,RS,2,13,446,OLY,P000126,"JACKSON, MARC",FTM,Free Throw In,1,-1,-1, ,,,,36,05:00,70,63,
2007,RS,2,13,448,LJU,PAIV,"MILIC, MARKO",2FGM,Two Pointer,2,-5,20,D,,,,36,05:00,72,63,
2007,RS,2,13,449,OLY,PCRR,"GREER, LYNN TERENCE",2FGA,Missed Two Pointer,0,-266,223,E,,,,36,05:00,72,63,
2007,RS,2,13,451,OLY,PCRR,"GREER, LYNN TERENCE",2FGM,Two Pointer,2,-51,12,D,,,,36,05:00,72,65,
2007,RS,2,13,453,LJU,PAPY,"HUKIC, JASMIN",3FGA,Missed Three Pointer,0,-269,658,J,,,,37,04:00,72,65,
2007,RS,2,13,460,LJU,P000184,"BOOKER, CHRIS",FTM,Free Throw In,1,-1,-1, ,,,,37,04:00,73,65,
2007,RS,2,13,465,LJU,PAPY,"HUKIC, JASMIN",FTM,Free Throw In,1,-1,-1, ,,,,37,04:00,74,65,
2007,RS,2,13,466,LJU,PAPY,"HUKIC, JASMIN",FTM,Free Throw In,1,-1,-1, ,,,,37,04:00,75,65,
2007,RS,2,13,467,LJU,PTGG,"TAYLOR, RONELL",3FGA,Missed Three Pointer,0,-364,558,J,,,,37,04:00,75,65,
2007,RS,2,13,468,OLY,PAMM,"PRINTEZIS, GEORGIOS",3FGA,Missed Three Pointer,0,-300,643,J,,,,37,04:00,75,65,
2007,RS,2,13,470,OLY,P000126,"JACKSON, MARC",2FGA,Missed Two Pointer,0,69,25,C,,,,37,04:00,75,65,
2007,RS,2,13,476,OLY,PCBV,"MACIJAUSKAS, ARVYDAS",FTM,Free Throw In,1,-1,-1, ,,,,38,03:00,75,66,
2007,RS,2,13,477,OLY,PCBV,"MACIJAUSKAS, ARVYDAS",FTM,Free Throw In,1,-1,-1, ,,,,38,03:00,75,67,
2007,RS,2,13,478,LJU,PTHB,"DRAGIC, GORAN",2FGA,Missed Two Pointer,0,66,7,C,,,,38,03:00,75,67,
2007,RS,2,13,480,OLY,PCRR,"GREER, LYNN TERENCE",3FGA,Missed Three Pointer,0,71,702,G,,,,38,03:00,75,67,
2007,RS,2,13,486,LJU,PTHB,"DRAGIC, GORAN",FTM,Free Throw In,1,-1,-1, ,,,,39,02:00,76,67,
2007,RS,2,13,487,LJU,PTHB,"DRAGIC, GORAN",FTM,Free Throw In,1,-1,-1, ,,,,39,02:00,77,67,
2007,RS,2,13,490,OLY,PCRR,"GREER, LYNN TERENCE",2FGAB,Missed Two Pointer,0,97,53,C,,,,39,02:00,77,67,
2007,RS,2,13,494,OLY,PBFY,"BLAKNEY, RODERICK",3FGA,Missed Three Pointer,0,-284,728,J,,,,39,02:00,77,67,
2007,RS,2,13,495,LJU,PAIV,"MILIC, MARKO",2FGM,Two Pointer,2,48,28,C,,,,39,02:00,79,67,
2007,RS,2,13,503,LJU,PAIV,"MILIC, MARKO",FTM,Free Throw In,1,-1,-1, ,,,,39,02:00,80,67,
2007,RS,2,13,504,LJU,PAIV,"MILIC, MARKO",FTM,Free Throw In,1,-1,-1, ,,,,39,02:00,81,67,
2007,RS,2,13,505,OLY,PAMM,"PRINTEZIS, GEORGIOS",2FGA,Missed Two Pointer,0,-43,115,D,,,,39,02:00,81,67,
2007,RS,2,13,507,OLY,PAMM,"PRINTEZIS, GEORGIOS",2FGM,Two Pointer,2,97,28,C,,,,39,02:00,81,69,
2007,RS,2,13,508,LJU,PTHB,"DRAGIC, GORAN",2FGM,Two Pointer,2,-5,15,D,,,,39,02:00,83,69,
2007,RS,2,13,509,OLY,PCBV,"MACIJAUSKAS, ARVYDAS",2FGM,Two Pointer,2,76,46,C,,,,39,02:00,83,71,
2007,RS,2,13,511,LJU,PTGJ,"MOCNIK, JAN",3FGA,Missed Three Pointer,0,84,674,G,,,,40,01:00,83,71,
2007,RS,2,13,516,OLY,PCBV,"MACIJAUSKAS, ARVYDAS",FTM,Free Throw In,1,-1,-1, ,,,,40,01:00,83,72,
2007,RS,2,13,517,OLY,PCBV,"MACIJAUSKAS, ARVYDAS",FTM,Free Throw In,1,-1,-1, ,,,,40,01:00,83,73,
2007,RS,2,13,522,LJU,PTHB,"DRAGIC, GORAN",FTM,Free Throw In,1,-1,-1, ,,,,40,01:00,84,73,
2007,RS,2,13,523,LJU,PTHB,"DRAGIC, GORAN",FTM,Free Throw In,1,-1,-1, ,,,,40,01:00,85,73,
2007,RS,2,13,524,OLY,PAMM,"PRINTEZIS, GEORGIOS",2FGM,Two Pointer,2,-94,7,D,,,,40,01:00,85,75,
2007,RS,2,13,528,OLY,PAMM,"PRINTEZIS, GEORGIOS",FTM,Free Throw In,1,-1,-1, ,,,,40,01:00,85,76,
2007,RS,2,13,535,OLY,PTFV,"WOODS, QYNTEL",FTM,Free Throw In,1,-1,-1, ,,,,40,01:00,85,77,
2007,RS,2,13,536,OLY,PTFV,"WOODS, QYNTEL",FTM,Free Throw In,1,-1,-1, ,,,,40,01:00,85,78,
2007,RS,2,13,537,LJU,PTGJ,"MOCNIK, JAN",2FGM,Two Pointer,2,-17,48,D,,,,40,01:00,87,78,
2007,RS,2,14,4,CSK,PALR,"SAVRASENKO, ALEKSEY",2FGM,Two Pointer,2,48,15,C,,,,1,10:00,2,0,
2007,RS,2,14,6,SIE,PBLH,"LAVRINOVIC, KSISTOF",3FGM,Three Pointer,3,-5,661,J,,,,1,10:00,2,3,
2007,RS,2,14,7,CSK,PALR,"SAVRASENKO, ALEKSEY",2FGM,Two Pointer,2,51,35,C,,,,1,10:00,4,3,
2007,RS,2,14,14,CSK,PALR,"SAVRASENKO, ALEKSEY",2FGA,Missed Two Pointer,0,-69,20,D,,,,2,09:00,4,3,
2007,RS,2,14,17,SIE,PBLH,"LAVRINOVIC, KSISTOF",3FGM,Three Pointer,3,207,612,G,,,,2,09:00,4,6,
2007,RS,2,14,18,CSK,PAQO,"HOLDEN, JON ROBERT",3FGA,Missed Three Pointer,0,-430,500,J,,,,2,09:00,4,6,
2007,RS,2,14,29,SIE,PBLH,"LAVRINOVIC, KSISTOF",FTM,Free Throw In,1,-1,-1, ,,,,3,08:00,4,7,
2007,RS,2,14,32,SIE,PBJR,"KAUKENAS, RIMANTAS",2FGA,Missed Two Pointer,0,-353,407,E,,,,3,08:00,4,7,
2007,RS,2,14,35,CSK,PAKT,"ANDERSEN, DAVID",3FGM,Three Pointer,3,141,653,G,,,,3,08:00,7,7,
2007,RS,2,14,37,SIE,PJOC,"STONEROOK, SHAUN",3FGA,Missed Three Pointer,0,-28,702,J,,,,4,07:00,7,7,
2007,RS,2,14,41,CSK,PAKT,"ANDERSEN, DAVID",2FGA,Missed Two Pointer,0,64,25,C,,,,4,07:00,7,7,
2007,RS,2,14,43,SIE,PKWI,"MCINTYRE, TERRELL",2FGM,Two Pointer,2,53,0,C,,,,4,07:00,7,9,
2007,RS,2,14,46,SIE,PKWI,"MCINTYRE, TERRELL",3FGA,Missed Three Pointer,0,-428,520,J,,,,5,06:00,7,9,
2007,RS,2,14,51,SIE,PBJR,"KAUKENAS, RIMANTAS",FTM,Free Throw In,1,-1,-1, ,,,,5,06:00,7,10,
2007,RS,2,14,54,CSK,PALC,"SMODIS, MATJAZ",2FGA,Missed Two Pointer,0,51,20,C,,,,5,06:00,7,10,
2007,RS,2,14,56,SIE,PBLH,"LAVRINOVIC, KSISTOF",2FGA,Missed Two Pointer,0,271,51,B,,,,5,06:00,7,10,
2007,RS,2,14,60,SIE,PBJR,"KAUKENAS, RIMANTAS",FTM,Free Throw In,1,-1,-1, ,,,,5,06:00,7,11,
2007,RS,2,14,61,SIE,PBJR,"KAUKENAS, RIMANTAS",FTM,Free Throw In,1,-1,-1, ,,,,5,06:00,7,12,
2007,RS,2,14,65,CSK,PALC,"SMODIS, MATJAZ",2FGM,Two Pointer,2,-15,341,D,,,,6,05:00,9,12,
2007,RS,2,14,70,SIE,PJOC,"STONEROOK, SHAUN",FTM,Free Throw In,1,-1,-1, ,,,,6,05:00,9,13,
2007,RS,2,14,76,CSK,PAUC,"GOREE, MARCUS",2FGM,Two Pointer,2,-71,35,D,,,,6,05:00,11,13,
2007,RS,2,14,78,SIE,PBLH,"LAVRINOVIC, KSISTOF",3FGM,Three Pointer,3,-502,441,J,,,,6,05:00,11,16,
2007,RS,2,14,80,CSK,PAQO,"HOLDEN, JON ROBERT",3FGA,Missed Three Pointer,0,656,61,A,,,,7,04:00,11,16,
2007,RS,2,14,88,CSK,PAUC,"GOREE, MARCUS",2FGM,Two Pointer,2,-48,15,D,,,,7,04:00,13,16,
2007,RS,2,14,89,SIE,PKWI,"MCINTYRE, TERRELL",3FGA,Missed Three Pointer,0,212,620,G,,,,7,04:00,13,16,
2007,RS,2,14,93,CSK,PATW,"PAPALOUKAS, THEODOROS",2FGM,Two Pointer,2,53,20,C,,,,7,04:00,15,16,
2007,RS,2,14,94,SIE,PBJR,"KAUKENAS, RIMANTAS",3FGA,Missed Three Pointer,0,-423,528,J,,,,7,04:00,15,16,
2007,RS,2,14,96,CSK,PJMM,"SISKAUSKAS, RAMUNAS",3FGM,Three Pointer,3,307,579,G,,,,7,04:00,18,16,
2007,RS,2,14,101,SIE,PLMO,"SATO, ROMAIN",2FGA,Missed Two Pointer,0,-443,176,E,,,,8,03:00,18,16,
2007,RS,2,14,104,CSK,PJMM,"SISKAUSKAS, RAMUNAS",3FGA,Missed Three Pointer,0,-305,612,J,,,,9,02:00,18,16,
2007,RS,2,14,106,SIE,PKWI,"MCINTYRE, TERRELL",2FGA,Missed Two Pointer,0,-348,451,I,,,,9,02:00,18,16,
2007,RS,2,14,108,SIE,PBJR,"KAUKENAS, RIMANTAS",2FGA,Missed Two Pointer,0,-33,28,D,,,,9,02:00,18,16,
2007,RS,2,14,110,SIE,PCQO,"EZE, BENJAMIN",2FGM,Two Pointer,2,-51,15,D,,,,9,02:00,18,18,
2007,RS,2,14,111,CSK,PATW,"PAPALOUKAS, THEODOROS",2FGM,Two Pointer,2,46,33,C,,,,9,02:00,20,18,
2007,RS,2,14,113,SIE,PCQO,"EZE, BENJAMIN",2FGA,Missed Two Pointer,0,-74,69,D,,,,10,01:00,20,18,
2007,RS,2,14,123,SIE,PKWI,"MCINTYRE, TERRELL",2FGA,Missed Two Pointer,0,-71,41,D,,,,10,01:00,20,18,
2007,RS,2,14,135,CSK,PBEB,"LANGDON, TRAJAN",3FGA,Missed Three Pointer,0,264,612,G,,,,11,10:00,20,18,
2007,RS,2,14,138,SIE,PAPS,"ILIEVSKI, VLADO",2FGA,Missed Two Pointer,0,-79,17,D,,,,12,09:00,20,18,
2007,RS,2,14,142,CSK,PATW,"PAPALOUKAS, THEODOROS",2FGM,Two Pointer,2,71,230,C,,,,12,09:00,22,18,
2007,RS,2,14,143,SIE,PAPS,"ILIEVSKI, VLADO",2FGA,Missed Two Pointer,0,84,-5,C,,,,12,09:00,22,18,
2007,RS,2,14,145,CSK,PATW,"PAPALOUKAS, THEODOROS",2FGAB,Missed Two Pointer,0,-41,28,D,,,,12,09:00,22,18,
2007,RS,2,14,150,CSK,PAKT,"ANDERSEN, DAVID",2FGM,Two Pointer,2,66,25,C,,,,12,09:00,24,18,
2007,RS,2,14,152,SIE,PCQO,"EZE, BENJAMIN",2FGM,Two Pointer,2,110,105,C,,,,13,08:00,24,20,
2007,RS,2,14,156,SIE,PAPS,"ILIEVSKI, VLADO",2FGA,Missed Two Pointer,0,-89,-5,D,,,,14,07:00,24,20,
2007,RS,2,14,164,SIE,PCQO,"EZE, BENJAMIN",2FGA,Missed Two Pointer,0,333,10,B,,,,15,06:00,24,20,
2007,RS,2,14,166,CSK,PALC,"SMODIS, MATJAZ",3FGA,Missed Three Pointer,0,-205,661,J,,,,15,06:00,24,20,
2007,RS,2,14,176,SIE,PAPS,"ILIEVSKI, VLADO",2FGA,Missed Two Pointer,0,110,20,C,,,,15,06:00,24,20,
2007,RS,2,14,179,SIE,PBJR,"KAUKENAS, RIMANTAS",2FGAB,Missed Two Pointer,0,-79,76,D,,,,15,06:00,24,20,
2007,RS,2,14,184,CSK,PABN,"ZISIS, NIKOLAOS",3FGM,Three Pointer,3,641,158,A,,,,15,06:00,27,20,
2007,RS,2,14,195,SIE,PAPS,"ILIEVSKI, VLADO",2FGM,Two Pointer,2,43,-5,C,,,,16,05:00,27,22,
2007,RS,2,14,196,CSK,PBEB,"LANGDON, TRAJAN",2FGA,Missed Two Pointer,0,-387,156,E,,,,16,05:00,27,22,
2007,RS,2,14,199,SIE,PJOC,"STONEROOK, SHAUN",3FGM,Three Pointer,3,-484,515,J,,,,17,04:00,27,25,
2007,RS,2,14,201,CSK,PAUC,"GOREE, MARCUS",2FGM,Two Pointer,2,-530,0,E,,,,17,04:00,29,25,
2007,RS,2,14,202,SIE,PBJR,"KAUKENAS, RIMANTAS",2FGA,Missed Two Pointer,0,-171,100,D,,,,17,04:00,29,25,
2007,RS,2,14,206,CSK,PAUC,"GOREE, MARCUS",3FGM,Three Pointer,3,-20,658,J,,,,18,03:00,32,25,
2007,RS,2,14,207,SIE,PBJR,"KAUKENAS, RIMANTAS",3FGA,Missed Three Pointer,0,-274,605,J,,,,18,03:00,32,25,
2007,RS,2,14,209,CSK,PBEB,"LANGDON, TRAJAN",2FGM,Two Pointer,2,158,61,C,,,,18,03:00,34,25,
2007,RS,2,14,210,SIE,PAPS,"ILIEVSKI, VLADO",3FGA,Missed Three Pointer,0,-410,543,J,,,,18,03:00,34,25,
2007,RS,2,14,213,CSK,PABN,"ZISIS, NIKOLAOS",2FGM,Two Pointer,2,-56,25,D,,,,19,02:00,36,25,
2007,RS,2,14,214,SIE,PBJR,"KAUKENAS, RIMANTAS",3FGM,Three Pointer,3,-492,512,J,,,,19,02:00,36,28,
2007,RS,2,14,215,CSK,PALR,"SAVRASENKO, ALEKSEY",2FGAB,Missed Two Pointer,0,-46,5,D,,,,19,02:00,36,28,
2007,RS,2,14,230,SIE,PBLH,"LAVRINOVIC, KSISTOF",2FGM,Two Pointer,2,48,15,C,,,,19,02:00,36,30,
2007,RS,2,14,233,SIE,PBLH,"LAVRINOVIC, KSISTOF",FTM,Free Throw In,1,-1,-1, ,,,,19,02:00,36,31,
2007,RS,2,14,235,CSK,PJMM,"SISKAUSKAS, RAMUNAS",3FGA,Missed Three Pointer,0,297,605,G,,,,20,01:00,36,31,
2007,RS,2,14,239,SIE,PKWI,"MCINTYRE, TERRELL",FTM,Free Throw In,1,-1,-1, ,,,,20,01:00,36,32,
2007,RS,2,14,240,SIE,PKWI,"MCINTYRE, TERRELL",FTM,Free Throw In,1,-1,-1, ,,,,20,01:00,36,33,
2007,RS,2,14,241,CSK,PJMM,"SISKAUSKAS, RAMUNAS",2FGA,Missed Two Pointer,0,-76,71,D,,,,20,01:00,36,33,
2007,RS,2,14,253,CSK,PALC,"SMODIS, MATJAZ",2FGM,Two Pointer,2,284,64,B,,,,21,10:00,38,33,
2007,RS,2,14,254,SIE,PJOC,"STONEROOK, SHAUN",3FGA,Missed Three Pointer,0,430,515,G,,,,21,10:00,38,33,
2007,RS,2,14,262,CSK,PJMM,"SISKAUSKAS, RAMUNAS",FTM,Free Throw In,1,-1,-1, ,,,,22,09:00,39,33,
2007,RS,2,14,263,CSK,PJMM,"SISKAUSKAS, RAMUNAS",FTM,Free Throw In,1,-1,-1, ,,,,22,09:00,40,33,
2007,RS,2,14,264,SIE,PLMO,"SATO, ROMAIN",2FGA,Missed Two Pointer,0,-192,58,D,,,,22,09:00,40,33,
2007,RS,2,14,268,CSK,PALC,"SMODIS, MATJAZ",2FGM,Two Pointer,2,-5,92,D,,,,22,09:00,42,33,
2007,RS,2,14,270,SIE,PCCA,"THORNTON, BOOTSY",3FGA,Missed Three Pointer,0,297,610,G,,,,23,08:00,42,33,
2007,RS,2,14,276,SIE,PCCA,"THORNTON, BOOTSY",2FGM,Two Pointer,2,-87,12,D,,,,23,08:00,42,35,
2007,RS,2,14,277,CSK,PAKT,"ANDERSEN, DAVID",2FGM,Two Pointer,2,-48,51,D,,,,23,08:00,44,35,
2007,RS,2,14,284,SIE,PBLH,"LAVRINOVIC, KSISTOF",FTM,Free Throw In,1,-1,-1, ,,,,24,07:00,44,36,
2007,RS,2,14,289,CSK,PAKT,"ANDERSEN, DAVID",FTM,Free Throw In,1,-1,-1, ,,,,24,07:00,45,36,
2007,RS,2,14,290,CSK,PAKT,"ANDERSEN, DAVID",FTM,Free Throw In,1,-1,-1, ,,,,24,07:00,46,36,
2007,RS,2,14,291,SIE,PBJR,"KAUKENAS, RIMANTAS",2FGA,Missed Two Pointer,0,-92,20,D,,,,24,07:00,46,36,
2007,RS,2,14,293,CSK,PAQO,"HOLDEN, JON ROBERT",2FGA,Missed Two Pointer,0,-87,548,I,,,,24,07:00,46,36,
2007,RS,2,14,295,SIE,PKWI,"MCINTYRE, TERRELL",3FGA,Missed Three Pointer,0,94,653,G,,,,24,07:00,46,36,
2007,RS,2,14,299,CSK,PALC,"SMODIS, MATJAZ",FTM,Free Throw In,1,-1,-1, ,,,,24,07:00,47,36,
2007,RS,2,14,300,CSK,PALC,"SMODIS, MATJAZ",FTM,Free Throw In,1,-1,-1, ,,,,24,07:00,48,36,
2007,RS,2,14,303,SIE,PJHL,"RESS, TOMAS",2FGM,Two Pointer,2,353,323,B,,,,25,06:00,48,38,
2007,RS,2,14,304,CSK,PALC,"SMODIS, MATJAZ",2FGA,Missed Two Pointer,0,-171,153,D,,,,25,06:00,48,38,
2007,RS,2,14,306,SIE,PCCA,"THORNTON, BOOTSY",2FGM,Two Pointer,2,269,284,B,,,,25,06:00,48,40,
2007,RS,2,14,311,CSK,PJMM,"SISKAUSKAS, RAMUNAS",FTM,Free Throw In,1,-1,-1, ,,,,25,06:00,49,40,
2007,RS,2,14,312,CSK,PJMM,"SISKAUSKAS, RAMUNAS",FTM,Free Throw In,1,-1,-1, ,,,,25,06:00,50,40,
2007,RS,2,14,318,SIE,PKWI,"MCINTYRE, TERRELL",3FGA,Missed Three Pointer,0,143,635,G,,,,26,05:00,50,40,
2007,RS,2,14,324,CSK,PJMM,"SISKAUSKAS, RAMUNAS",FTM,Free Throw In,1,-1,-1, ,,,,26,05:00,51,40,
2007,RS,2,14,325,CSK,PJMM,"SISKAUSKAS, RAMUNAS",FTM,Free Throw In,1,-1,-1, ,,,,26,05:00,52,40,
2007,RS,2,14,327,SIE,PCCA,"THORNTON, BOOTSY",2FGM,Two Pointer,2,69,25,C,,,,26,05:00,52,42,
2007,RS,2,14,328,CSK,PJMM,"SISKAUSKAS, RAMUNAS",3FGA,Missed Three Pointer,0,658,35,A,,,,26,05:00,52,42,
2007,RS,2,14,331,SIE,PBJR,"KAUKENAS, RIMANTAS",2FGM,Two Pointer,2,51,33,C,,,,26,05:00,52,44,
2007,RS,2,14,337,CSK,PATW,"PAPALOUKAS, THEODOROS",FTM,Free Throw In,1,-1,-1, ,,,,27,04:00,53,44,
2007,RS,2,14,338,CSK,PATW,"PAPALOUKAS, THEODOROS",FTM,Free Throw In,1,-1,-1, ,,,,27,04:00,54,44,
2007,RS,2,14,342,SIE,PCCA,"THORNTON, BOOTSY",FTM,Free Throw In,1,-1,-1, ,,,,27,04:00,54,45,
2007,RS,2,14,344,CSK,PATW,"PAPALOUKAS, THEODOROS",2FGM,Two Pointer,2,-64,-17,D,,,,28,03:00,56,45,
2007,RS,2,14,347,SIE,PCCA,"THORNTON, BOOTSY",FTM,Free Throw In,1,-1,-1, ,,,,28,03:00,56,46,
2007,RS,2,14,352,CSK,PABN,"ZISIS, NIKOLAOS",2FGM,Two Pointer,2,38,20,C,,,,28,03:00,58,46,
2007,RS,2,14,353,SIE,PKWI,"MCINTYRE, TERRELL",3FGAB,Missed Three Pointer,0,215,617,G,,,,28,03:00,58,46,
2007,RS,2,14,368,SIE,PBJR,"KAUKENAS, RIMANTAS",FTM,Free Throw In,1,-1,-1, ,,,,29,02:00,58,47,
2007,RS,2,14,369,SIE,PBJR,"KAUKENAS, RIMANTAS",FTM,Free Throw In,1,-1,-1, ,,,,29,02:00,58,48,
2007,RS,2,14,370,CSK,PBEB,"LANGDON, TRAJAN",2FGA,Missed Two Pointer,0,333,507,H,,,,29,02:00,58,48,
2007,RS,2,14,376,CSK,PATW,"PAPALOUKAS, THEODOROS",2FGA,Missed Two Pointer,0,-64,46,D,,,,30,01:00,58,48,
2007,RS,2,14,380,SIE,PBLH,"LAVRINOVIC, KSISTOF",FTM,Free Throw In,1,-1,-1, ,,,,30,01:00,58,49,
2007,RS,2,14,381,SIE,PBLH,"LAVRINOVIC, KSISTOF",FTM,Free Throw In,1,-1,-1, ,,,,30,01:00,58,50,
2007,RS,2,14,386,CSK,PJMM,"SISKAUSKAS, RAMUNAS",2FGM,Two Pointer,2,-400,5,E,,,,30,01:00,60,50,
2007,RS,2,14,387,SIE,PAPS,"ILIEVSKI, VLADO",2FGM,Two Pointer,2,56,25,C,,,,30,01:00,60,52,
2007,RS,2,14,388,CSK,PAQO,"HOLDEN, JON ROBERT",2FGA,Missed Two Pointer,0,-546,87,E,,,,30,01:00,60,52,
2007,RS,2,14,395,SIE,PAPS,"ILIEVSKI, VLADO",3FGA,Missed Three Pointer,0,212,630,G,,,,31,10:00,60,52,
2007,RS,2,14,398,CSK,PALC,"SMODIS, MATJAZ",3FGM,Three Pointer,3,-25,653,J,,,,31,10:00,63,52,
2007,RS,2,14,405,SIE,PCQO,"EZE, BENJAMIN",2FGA,Missed Two Pointer,0,-61,30,D,,,,31,10:00,63,52,
2007,RS,2,14,407,SIE,PCQO,"EZE, BENJAMIN",2FGM,Two Pointer,2,-43,10,D,,,,31,10:00,63,54,
2007,RS,2,14,409,CSK,PAQO,"HOLDEN, JON ROBERT",2FGA,Missed Two Pointer,0,335,315,B,,,,32,09:00,63,54,
2007,RS,2,14,413,CSK,PBEB,"LANGDON, TRAJAN",3FGA,Missed Three Pointer,0,-571,317,F,,,,32,09:00,63,54,
2007,RS,2,14,416,SIE,PLMO,"SATO, ROMAIN",2FGM,Two Pointer,2,-520,-15,E,,,,33,08:00,63,56,
2007,RS,2,14,418,CSK,PATW,"PAPALOUKAS, THEODOROS",2FGM,Two Pointer,2,48,0,C,,,,33,08:00,65,56,
2007,RS,2,14,419,SIE,PBJR,"KAUKENAS, RIMANTAS",2FGM,Two Pointer,2,79,20,C,,,,33,08:00,65,58,
2007,RS,2,14,422,SIE,PBJR,"KAUKENAS, RIMANTAS",2FGM,Two Pointer,2,-528,284,E,,,,34,07:00,65,60,
2007,RS,2,14,423,CSK,PALC,"SMODIS, MATJAZ",3FGA,Missed Three Pointer,0,5,656,G,,,,34,07:00,65,60,
2007,RS,2,14,427,SIE,PJOC,"STONEROOK, SHAUN",3FGM,Three Pointer,3,520,417,A,,,,35,06:00,65,63,
2007,RS,2,14,441,SIE,PLMO,"SATO, ROMAIN",2FGA,Missed Two Pointer,0,-97,15,D,,,,35,06:00,65,63,
2007,RS,2,14,442,CSK,PABN,"ZISIS, NIKOLAOS",2FGA,Missed Two Pointer,0,-89,10,D,,,,35,06:00,65,63,
2007,RS,2,14,444,SIE,PBJR,"KAUKENAS, RIMANTAS",2FGA,Missed Two Pointer,0,-66,30,D,,,,35,06:00,65,63,
2007,RS,2,14,450,CSK,PAUC,"GOREE, MARCUS",2FGM,Two Pointer,2,323,166,B,,,,35,06:00,67,63,
2007,RS,2,14,452,SIE,PCQO,"EZE, BENJAMIN",2FGM,Two Pointer,2,-17,233,D,,,,36,05:00,67,65,
2007,RS,2,14,458,CSK,PALC,"SMODIS, MATJAZ",3FGA,Missed Three Pointer,0,235,623,G,,,,37,04:00,67,65,
2007,RS,2,14,460,SIE,PLMO,"SATO, ROMAIN",2FGA,Missed Two Pointer,0,343,271,B,,,,37,04:00,67,65,
2007,RS,2,14,477,SIE,PBJR,"KAUKENAS, RIMANTAS",3FGM,Three Pointer,3,-179,633,J,,,,38,03:00,67,68,
2007,RS,2,14,478,CSK,PAUC,"GOREE, MARCUS",3FGA,Missed Three Pointer,0,-541,364,F,,,,38,03:00,67,68,
2007,RS,2,14,481,SIE,PBJR,"KAUKENAS, RIMANTAS",2FGM,Two Pointer,2,-53,2,D,,,,39,02:00,67,70,
2007,RS,2,14,489,CSK,PALC,"SMODIS, MATJAZ",FTM,Free Throw In,1,-1,-1, ,,,,39,02:00,68,70,
2007,RS,2,14,490,CSK,PALC,"SMODIS, MATJAZ",FTM,Free Throw In,1,-1,-1, ,,,,39,02:00,69,70,
2007,RS,2,14,491,SIE,PKWI,"MCINTYRE, TERRELL",3FGA,Missed Three Pointer,0,-276,607,J,,,,39,02:00,69,70,
2007,RS,2,14,493,CSK,PALC,"SMODIS, MATJAZ",2FGM,Two Pointer,2,-17,53,D,,,,39,02:00,71,70,
2007,RS,2,14,508,SIE,PJOC,"STONEROOK, SHAUN",3FGA,Missed Three Pointer,0,438,500,G,,,,40,01:00,71,70,
2007,RS,2,14,515,CSK,PALC,"SMODIS, MATJAZ",FTM,Free Throw In,1,-1,-1, ,,,,40,01:00,72,70,
2007,RS,2,14,521,CSK,PBEB,"LANGDON, TRAJAN",FTM,Free Throw In,1,-1,-1, ,,,,40,01:00,73,70,
2007,RS,2,14,522,CSK,PBEB,"LANGDON, TRAJAN",FTM,Free Throw In,1,-1,-1, ,,,,40,01:00,74,70,
2007,RS,2,14,523,SIE,PLMO,"SATO, ROMAIN",3FGA,Missed Three Pointer,0,658,1117,G,,,,40,01:00,74,70,
2007,RS,2,15,2,ZAL,PADX,"ZUKAUSKAS, EURELJUS",2FGA,Missed Two Pointer,0,-2,135,D,,,,1,10:00,0,0,
2007,RS,2,15,4,SOP,PKVL,"BEST, TRAVIS",2FGM,Two Pointer,2,-41,89,D,,,,1,10:00,0,2,
2007,RS,2,15,7,SOP,PKVL,"BEST, TRAVIS",FTM,Free Throw In,1,-1,-1, ,,,,1,10:00,0,3,
2007,RS,2,15,8,ZAL,PBWI,"JANKUNAS, PAULIUS",2FGA,Missed Two Pointer,0,2,123,D,,,,1,10:00,0,3,
2007,RS,2,15,12,SOP,PKVL,"BEST, TRAVIS",2FGA,Missed Two Pointer,0,284,376,B,,,,1,10:00,0,3,
2007,RS,2,15,17,SOP,PABC,"GUROVIC, MILAN",FTM,Free Throw In,1,-1,-1, ,,,,2,09:00,0,4,
2007,RS,2,15,18,SOP,PABC,"GUROVIC, MILAN",FTM,Free Throw In,1,-1,-1, ,,,,2,09:00,0,5,
2007,RS,2,15,19,ZAL,PBDB,"COLLINS, DE JUAN",2FGA,Missed Two Pointer,0,-348,333,E,,,,2,09:00,0,5,
2007,RS,2,15,21,SOP,PKVL,"BEST, TRAVIS",2FGM,Two Pointer,2,0,515,I,,,,2,09:00,0,7,
2007,RS,2,15,22,ZAL,PBDB,"COLLINS, DE JUAN",2FGM,Two Pointer,2,-474,-33,E,,,,2,09:00,2,7,
2007,RS,2,15,26,SOP,PKVL,"BEST, TRAVIS",3FGA,Missed Three Pointer,0,-520,471,J,,,,3,08:00,2,7,
2007,RS,2,15,28,ZAL,PJCC,"MACIULIS, JONAS",2FGM,Two Pointer,2,-269,405,E,,,,3,08:00,4,7,
2007,RS,2,15,29,SOP,PACY,"SLANINA, DONATAS",3FGA,Missed Three Pointer,0,433,548,G,,,,3,08:00,4,7,
2007,RS,2,15,31,ZAL,PAHT,"BROWN, MARCUS",2FGM,Two Pointer,2,28,102,C,,,,3,08:00,6,7,
2007,RS,2,15,33,SOP,PABC,"GUROVIC, MILAN",3FGM,Three Pointer,3,205,646,G,,,,3,08:00,6,10,
2007,RS,2,15,38,ZAL,PADX,"ZUKAUSKAS, EURELJUS",FTM,Free Throw In,1,-1,-1, ,,,,4,07:00,7,10,
2007,RS,2,15,39,SOP,PABC,"GUROVIC, MILAN",2FGA,Missed Two Pointer,0,287,320,B,,,,4,07:00,7,10,
2007,RS,2,15,43,ZAL,PBDB,"COLLINS, DE JUAN",2FGA,Missed Two Pointer,0,-212,520,I,,,,4,07:00,7,10,
2007,RS,2,15,45,SOP,PABC,"GUROVIC, MILAN",3FGM,Three Pointer,3,382,592,G,,,,4,07:00,7,13,
2007,RS,2,15,48,ZAL,PJCC,"MACIULIS, JONAS",3FGA,Missed Three Pointer,0,-307,656,J,,,,5,06:00,7,13,
2007,RS,2,15,50,SOP,PACX,"MASIULIS, TOMAS",3FGA,Missed Three Pointer,0,-682,53,F,,,,5,06:00,7,13,
2007,RS,2,15,52,SOP,PACY,"SLANINA, DONATAS",2FGM,Two Pointer,2,33,69,C,,,,5,06:00,7,15,
2007,RS,2,15,57,ZAL,PADX,"ZUKAUSKAS, EURELJUS",2FGM,Two Pointer,2,12,100,C,,,,6,05:00,9,15,
2007,RS,2,15,59,SOP,PACY,"SLANINA, DONATAS",3FGM,Three Pointer,3,-276,623,J,,,,6,05:00,9,18,
2007,RS,2,15,61,ZAL,PANY,"SALENGA, DAINIUS",3FGA,Missed Three Pointer,0,-35,782,J,,,,6,05:00,9,18,
2007,RS,2,15,63,ZAL,PBWI,"JANKUNAS, PAULIUS",2FGA,Missed Two Pointer,0,-56,205,D,,,,6,05:00,9,18,
2007,RS,2,15,66,ZAL,PBWI,"JANKUNAS, PAULIUS",2FGAB,Missed Two Pointer,0,33,110,C,,,,6,05:00,9,18,
2007,RS,2,15,72,ZAL,PANY,"SALENGA, DAINIUS",FTM,Free Throw In,1,-1,-1, ,,,,6,05:00,10,18,
2007,RS,2,15,76,SOP,PACY,"SLANINA, DONATAS",3FGM,Three Pointer,3,666,189,A,,,,7,04:00,10,21,
2007,RS,2,15,77,ZAL,PAHT,"BROWN, MARCUS",3FGA,Missed Three Pointer,0,5,717,G,,,,7,04:00,10,21,
2007,RS,2,15,81,SOP,PABC,"GUROVIC, MILAN",FTM,Free Throw In,1,-1,-1, ,,,,7,04:00,10,22,
2007,RS,2,15,82,SOP,PABC,"GUROVIC, MILAN",FTM,Free Throw In,1,-1,-1, ,,,,7,04:00,10,23,
2007,RS,2,15,83,ZAL,PANY,"SALENGA, DAINIUS",3FGA,Missed Three Pointer,0,446,543,G,,,,7,04:00,10,23,
2007,RS,2,15,88,ZAL,PBDE,"JURAK, GORAN",2FGM,Two Pointer,2,38,92,C,,,,8,03:00,12,23,
2007,RS,2,15,89,SOP,PACY,"SLANINA, DONATAS",2FGM,Two Pointer,2,33,464,H,,,,8,03:00,12,25,
2007,RS,2,15,91,ZAL,PAHT,"BROWN, MARCUS",3FGA,Missed Three Pointer,0,292,679,G,,,,9,02:00,12,25,
2007,RS,2,15,93,SOP,PABC,"GUROVIC, MILAN",3FGA,Missed Three Pointer,0,574,415,A,,,,9,02:00,12,25,
2007,RS,2,15,103,SOP,PCLQ,"DYLEWICZ, FILIP",FTM,Free Throw In,1,-1,-1, ,,,,9,02:00,12,26,
2007,RS,2,15,104,SOP,PCLQ,"DYLEWICZ, FILIP",FTM,Free Throw In,1,-1,-1, ,,,,9,02:00,12,27,
2007,RS,2,15,111,SOP,PABC,"GUROVIC, MILAN",2FGM,Two Pointer,2,412,292,B,,,,10,01:00,12,29,
2007,RS,2,15,113,ZAL,PBTR,"BEARD, TANOKA",2FGA,Missed Two Pointer,0,-46,174,D,,,,10,01:00,12,29,
2007,RS,2,15,122,ZAL,PATP,"POPOVIC, MARKO",FTM,Free Throw In,1,-1,-1, ,,,,10,01:00,13,29,
2007,RS,2,15,123,SOP,PKVL,"BEST, TRAVIS",2FGM,Two Pointer,2,-7,89,D,,,,10,01:00,13,31,
2007,RS,2,15,124,ZAL,PBDE,"JURAK, GORAN",3FGM,Three Pointer,3,248,689,G,,,,10,01:00,16,31,
2007,RS,2,15,127,SOP,PASG,"VAN DEN SPIEGEL, TOMAS",2FGA,Missed Two Pointer,0,187,41,C,,,,11,10:00,16,31,
2007,RS,2,15,129,ZAL,PJCC,"MACIULIS, JONAS",2FGM,Two Pointer,2,-38,64,D,,,,11,10:00,18,31,
2007,RS,2,15,133,SOP,PKVL,"BEST, TRAVIS",2FGM,Two Pointer,2,-102,117,D,,,,11,10:00,18,33,
2007,RS,2,15,135,ZAL,PJCC,"MACIULIS, JONAS",2FGA,Missed Two Pointer,0,17,194,C,,,,12,09:00,18,33,
2007,RS,2,15,137,ZAL,PBTR,"BEARD, TANOKA",2FGA,Missed Two Pointer,0,-294,341,E,,,,12,09:00,18,33,
2007,RS,2,15,139,SOP,PCLQ,"DYLEWICZ, FILIP",2FGA,Missed Two Pointer,0,-69,100,D,,,,12,09:00,18,33,
2007,RS,2,15,141,SOP,PCLQ,"DYLEWICZ, FILIP",2FGAB,Missed Two Pointer,0,0,92,D,,,,12,09:00,18,33,
2007,RS,2,15,144,ZAL,PBTR,"BEARD, TANOKA",2FGA,Missed Two Pointer,0,-135,115,D,,,,12,09:00,18,33,
2007,RS,2,15,146,SOP,PKVL,"BEST, TRAVIS",2FGM,Two Pointer,2,15,161,C,,,,12,09:00,18,35,
2007,RS,2,15,147,ZAL,PJBX,"KALNIETIS, MANTAS",2FGM,Two Pointer,2,-33,107,D,,,,12,09:00,20,35,
2007,RS,2,15,149,SOP,PABC,"GUROVIC, MILAN",3FGA,Missed Three Pointer,0,-258,651,J,,,,13,08:00,20,35,
2007,RS,2,15,158,ZAL,PATP,"POPOVIC, MARKO",3FGA,Missed Three Pointer,0,-123,702,J,,,,14,07:00,20,35,
2007,RS,2,15,160,ZAL,PBDE,"JURAK, GORAN",2FGM,Two Pointer,2,-143,117,D,,,,14,07:00,22,35,
2007,RS,2,15,161,SOP,PCLQ,"DYLEWICZ, FILIP",2FGM,Two Pointer,2,-335,312,E,,,,14,07:00,22,37,
2007,RS,2,15,169,SOP,PBCE,"WOLKOWYSKY, RUBEN",3FGA,Missed Three Pointer,0,-453,523,J,,,,15,06:00,22,37,
2007,RS,2,15,171,SOP,PBCE,"WOLKOWYSKY, RUBEN",2FGM,Two Pointer,2,56,82,C,,,,15,06:00,22,39,
2007,RS,2,15,173,ZAL,PBTR,"BEARD, TANOKA",2FGA,Missed Two Pointer,0,10,71,C,,,,15,06:00,22,39,
2007,RS,2,15,175,ZAL,PBWI,"JANKUNAS, PAULIUS",2FGM,Two Pointer,2,-2,79,D,,,,15,06:00,24,39,
2007,RS,2,15,176,SOP,PBCE,"WOLKOWYSKY, RUBEN",2FGM,Two Pointer,2,0,84,D,,,,15,06:00,24,41,
2007,RS,2,15,183,ZAL,PJBX,"KALNIETIS, MANTAS",3FGM,Three Pointer,3,430,592,G,,,,16,05:00,27,41,
2007,RS,2,15,187,SOP,PCLQ,"DYLEWICZ, FILIP",2FGA,Missed Two Pointer,0,302,287,B,,,,16,05:00,27,41,
2007,RS,2,15,189,ZAL,PATP,"POPOVIC, MARKO",3FGA,Missed Three Pointer,0,351,664,G,,,,16,05:00,27,41,
2007,RS,2,15,195,SOP,PBCE,"WOLKOWYSKY, RUBEN",2FGA,Missed Two Pointer,0,66,110,C,,,,17,04:00,27,41,
2007,RS,2,15,197,ZAL,PADX,"ZUKAUSKAS, EURELJUS",2FGA,Missed Two Pointer,0,56,82,C,,,,17,04:00,27,41,
2007,RS,2,15,201,ZAL,PBWI,"JANKUNAS, PAULIUS",3FGA,Missed Three Pointer,0,-564,461,J,,,,17,04:00,27,41,
2007,RS,2,15,203,ZAL,PBWI,"JANKUNAS, PAULIUS",2FGA,Missed Two Pointer,0,0,87,D,,,,17,04:00,27,41,
2007,RS,2,15,205,ZAL,PBWI,"JANKUNAS, PAULIUS",3FGM,Three Pointer,3,-643,276,F,,,,17,04:00,30,41,
2007,RS,2,15,208,SOP,PBCM,"HARISSIS, CHRISTOS",2FGA,Missed Two Pointer,0,156,112,C,,,,18,03:00,30,41,
2007,RS,2,15,217,ZAL,PJBX,"KALNIETIS, MANTAS",FTM,Free Throw In,1,-1,-1, ,,,,18,03:00,31,41,
2007,RS,2,15,220,SOP,PKVL,"BEST, TRAVIS",3FGA,Missed Three Pointer,0,425,564,G,,,,18,03:00,31,41,
2007,RS,2,15,222,ZAL,PJCC,"MACIULIS, JONAS",2FGM,Two Pointer,2,-38,56,D,,,,18,03:00,33,41,
2007,RS,2,15,225,SOP,PBCE,"WOLKOWYSKY, RUBEN",2FGA,Missed Two Pointer,0,76,74,C,,,,19,02:00,33,41,
2007,RS,2,15,227,ZAL,PBWI,"JANKUNAS, PAULIUS",2FGM,Two Pointer,2,43,66,C,,,,19,02:00,35,41,
2007,RS,2,15,229,SOP,PKVL,"BEST, TRAVIS",3FGA,Missed Three Pointer,0,-158,689,J,,,,20,01:00,35,41,
2007,RS,2,15,231,ZAL,PBWI,"JANKUNAS, PAULIUS",2FGA,Missed Two Pointer,0,-197,148,D,,,,20,01:00,35,41,
2007,RS,2,15,238,SOP,PBCM,"HARISSIS, CHRISTOS",FTM,Free Throw In,1,-1,-1, ,,,,20,01:00,35,42,
2007,RS,2,15,239,ZAL,PJCC,"MACIULIS, JONAS",3FGA,Missed Three Pointer,0,423,584,G,,,,20,01:00,35,42,
2007,RS,2,15,254,ZAL,PJCC,"MACIULIS, JONAS",3FGM,Three Pointer,3,-174,687,J,,,,21,10:00,38,42,
2007,RS,2,15,256,SOP,PABC,"GUROVIC, MILAN",2FGAB,Missed Two Pointer,0,71,84,C,,,,21,10:00,38,42,
2007,RS,2,15,259,ZAL,PJCC,"MACIULIS, JONAS",3FGA,Missed Three Pointer,0,-164,687,J,,,,21,10:00,38,42,
2007,RS,2,15,261,ZAL,PADX,"ZUKAUSKAS, EURELJUS",2FGA,Missed Two Pointer,0,-117,158,D,,,,21,10:00,38,42,
2007,RS,2,15,264,SOP,PKVL,"BEST, TRAVIS",2FGM,Two Pointer,2,-84,484,I,,,,22,09:00,38,44,
2007,RS,2,15,267,ZAL,PJCC,"MACIULIS, JONAS",2FGA,Missed Two Pointer,0,-38,89,D,,,,22,09:00,38,44,
2007,RS,2,15,277,ZAL,PJCC,"MACIULIS, JONAS",FTM,Free Throw In,1,-1,-1, ,,,,23,08:00,39,44,
2007,RS,2,15,278,SOP,PACY,"SLANINA, DONATAS",2FGA,Missed Two Pointer,0,-7,107,D,,,,23,08:00,39,44,
2007,RS,2,15,280,ZAL,PJCC,"MACIULIS, JONAS",2FGM,Two Pointer,2,102,56,C,,,,23,08:00,41,44,
2007,RS,2,15,288,ZAL,PBDB,"COLLINS, DE JUAN",FTM,Free Throw In,1,-1,-1, ,,,,24,07:00,42,44,
2007,RS,2,15,289,ZAL,PBDB,"COLLINS, DE JUAN",FTM,Free Throw In,1,-1,-1, ,,,,24,07:00,43,44,
2007,RS,2,15,290,SOP,PKVL,"BEST, TRAVIS",2FGA,Missed Two Pointer,0,41,153,C,,,,24,07:00,43,44,
2007,RS,2,15,292,ZAL,PBWI,"JANKUNAS, PAULIUS",3FGM,Three Pointer,3,-223,666,J,,,,24,07:00,46,44,
2007,RS,2,15,294,SOP,PABC,"GUROVIC, MILAN",3FGA,Missed Three Pointer,0,405,558,G,,,,24,07:00,46,44,
2007,RS,2,15,297,ZAL,PAHT,"BROWN, MARCUS",3FGA,Missed Three Pointer,0,-151,723,J,,,,25,06:00,46,44,
2007,RS,2,15,299,ZAL,PBDB,"COLLINS, DE JUAN",3FGM,Three Pointer,3,-366,584,J,,,,25,06:00,49,44,
2007,RS,2,15,307,SOP,PABC,"GUROVIC, MILAN",2FGAB,Missed Two Pointer,0,58,53,C,,,,25,06:00,49,44,
2007,RS,2,15,315,SOP,PACY,"SLANINA, DONATAS",3FGA,Missed Three Pointer,0,-420,566,J,,,,26,05:00,49,44,
2007,RS,2,15,321,SOP,PASG,"VAN DEN SPIEGEL, TOMAS",FTM,Free Throw In,1,-1,-1, ,,,,26,05:00,49,45,
2007,RS,2,15,322,SOP,PASG,"VAN DEN SPIEGEL, TOMAS",FTM,Free Throw In,1,-1,-1, ,,,,26,05:00,49,46,
2007,RS,2,15,323,ZAL,PBTR,"BEARD, TANOKA",2FGM,Two Pointer,2,30,453,H,,,,26,05:00,51,46,
2007,RS,2,15,331,SOP,PACY,"SLANINA, DONATAS",FTM,Free Throw In,1,-1,-1, ,,,,27,04:00,51,47,
2007,RS,2,15,334,ZAL,PAHT,"BROWN, MARCUS",2FGM,Two Pointer,2,-66,43,D,,,,27,04:00,53,47,
2007,RS,2,15,336,SOP,PKVL,"BEST, TRAVIS",2FGA,Missed Two Pointer,0,123,130,C,,,,27,04:00,53,47,
2007,RS,2,15,341,SOP,PACY,"SLANINA, DONATAS",2FGM,Two Pointer,2,107,276,C,,,,28,03:00,53,49,
2007,RS,2,15,352,SOP,PCLQ,"DYLEWICZ, FILIP",3FGA,Missed Three Pointer,0,374,579,G,,,,29,02:00,53,49,
2007,RS,2,15,354,ZAL,PATP,"POPOVIC, MARKO",3FGM,Three Pointer,3,-441,525,J,,,,29,02:00,56,49,
2007,RS,2,15,356,ZAL,PATP,"POPOVIC, MARKO",3FGA,Missed Three Pointer,0,471,533,G,,,,29,02:00,56,49,
2007,RS,2,15,361,SOP,PBCM,"HARISSIS, CHRISTOS",3FGA,Missed Three Pointer,0,456,530,G,,,,30,01:00,56,49,
2007,RS,2,15,363,ZAL,PBTR,"BEARD, TANOKA",2FGA,Missed Two Pointer,0,169,243,C,,,,30,01:00,56,49,
2007,RS,2,15,368,SOP,PABC,"GUROVIC, MILAN",FTM,Free Throw In,1,-1,-1, ,,,,30,01:00,56,50,
2007,RS,2,15,369,ZAL,PBDB,"COLLINS, DE JUAN",3FGA,Missed Three Pointer,0,661,215,A,,,,30,01:00,56,50,
2007,RS,2,15,371,SOP,PBCM,"HARISSIS, CHRISTOS",3FGA,Missed Three Pointer,0,215,674,G,,,,30,01:00,56,50,
2007,RS,2,15,374,SOP,PBCM,"HARISSIS, CHRISTOS",2FGM,Two Pointer,2,-5,179,D,,,,31,10:00,56,52,
2007,RS,2,15,375,ZAL,PBDE,"JURAK, GORAN",2FGA,Missed Two Pointer,0,-38,100,D,,,,31,10:00,56,52,
2007,RS,2,15,379,ZAL,PATP,"POPOVIC, MARKO",2FGM,Two Pointer,2,-128,51,D,,,,31,10:00,58,52,
2007,RS,2,15,381,SOP,PKVL,"BEST, TRAVIS",3FGM,Three Pointer,3,284,661,G,,,,32,09:00,58,55,
2007,RS,2,15,386,SOP,PBCE,"WOLKOWYSKY, RUBEN",3FGA,Missed Three Pointer,0,179,676,G,,,,32,09:00,58,55,
2007,RS,2,15,388,SOP,PCLQ,"DYLEWICZ, FILIP",2FGA,Missed Two Pointer,0,-43,87,D,,,,32,09:00,58,55,
2007,RS,2,15,399,ZAL,PATP,"POPOVIC, MARKO",3FGM,Three Pointer,3,-371,620,J,,,,33,08:00,61,55,
2007,RS,2,15,401,SOP,PBCE,"WOLKOWYSKY, RUBEN",3FGM,Three Pointer,3,-200,692,J,,,,33,08:00,61,58,
2007,RS,2,15,403,ZAL,PBTR,"BEARD, TANOKA",2FGM,Two Pointer,2,87,33,C,,,,33,08:00,63,58,
2007,RS,2,15,406,SOP,PKVL,"BEST, TRAVIS",2FGM,Two Pointer,2,46,461,H,,,,34,07:00,63,60,
2007,RS,2,15,411,ZAL,PJCC,"MACIULIS, JONAS",FTM,Free Throw In,1,-1,-1, ,,,,34,07:00,64,60,
2007,RS,2,15,412,ZAL,PJCC,"MACIULIS, JONAS",FTM,Free Throw In,1,-1,-1, ,,,,34,07:00,65,60,
2007,RS,2,15,415,SOP,PKVL,"BEST, TRAVIS",2FGM,Two Pointer,2,341,428,H,,,,34,07:00,65,62,
2007,RS,2,15,417,ZAL,PBTR,"BEARD, TANOKA",3FGA,Missed Three Pointer,0,264,658,G,,,,35,06:00,65,62,
2007,RS,2,15,419,SOP,PKVL,"BEST, TRAVIS",3FGA,Missed Three Pointer,0,-238,684,J,,,,35,06:00,65,62,
2007,RS,2,15,421,SOP,PBCE,"WOLKOWYSKY, RUBEN",2FGM,Two Pointer,2,-71,61,D,,,,35,06:00,65,64,
2007,RS,2,15,429,ZAL,PBDB,"COLLINS, DE JUAN",FTM,Free Throw In,1,-1,-1, ,,,,36,05:00,66,64,
2007,RS,2,15,430,ZAL,PBDB,"COLLINS, DE JUAN",FTM,Free Throw In,1,-1,-1, ,,,,36,05:00,67,64,
2007,RS,2,15,433,SOP,PABC,"GUROVIC, MILAN",FTM,Free Throw In,1,-1,-1, ,,,,36,05:00,67,65,
2007,RS,2,15,434,SOP,PABC,"GUROVIC, MILAN",FTM,Free Throw In,1,-1,-1, ,,,,36,05:00,67,66,
2007,RS,2,15,435,SOP,PABC,"GUROVIC, MILAN",FTM,Free Throw In,1,-1,-1, ,,,,36,05:00,67,67,
2007,RS,2,15,436,ZAL,PJCC,"MACIULIS, JONAS",3FGA,Missed Three Pointer,0,689,-74,A,,,,36,05:00,67,67,
2007,RS,2,15,438,ZAL,PBDB,"COLLINS, DE JUAN",2FGM,Two Pointer,2,-102,28,D,,,,36,05:00,69,67,
2007,RS,2,15,444,ZAL,PJCC,"MACIULIS, JONAS",3FGM,Three Pointer,3,-682,130,F,,,,37,04:00,72,67,
2007,RS,2,15,448,SOP,PABC,"GUROVIC, MILAN",FTM,Free Throw In,1,-1,-1, ,,,,37,04:00,72,68,
2007,RS,2,15,452,SOP,PKVL,"BEST, TRAVIS",3FGA,Missed Three Pointer,0,-525,487,J,,,,38,03:00,72,68,
2007,RS,2,15,456,ZAL,PATP,"POPOVIC, MARKO",FTM,Free Throw In,1,-1,-1, ,,,,38,03:00,73,68,
2007,RS,2,15,457,ZAL,PATP,"POPOVIC, MARKO",FTM,Free Throw In,1,-1,-1, ,,,,38,03:00,74,68,
2007,RS,2,15,458,SOP,PABC,"GUROVIC, MILAN",2FGAB,Missed Two Pointer,0,74,53,C,,,,38,03:00,74,68,
2007,RS,2,15,462,ZAL,PBWI,"JANKUNAS, PAULIUS",2FGAB,Missed Two Pointer,0,-23,87,D,,,,38,03:00,74,68,
2007,RS,2,15,466,SOP,PABC,"GUROVIC, MILAN",3FGM,Three Pointer,3,353,628,G,,,,38,03:00,74,71,
2007,RS,2,15,469,ZAL,PATP,"POPOVIC, MARKO",3FGA,Missed Three Pointer,0,448,584,G,,,,39,02:00,74,71,
2007,RS,2,15,471,ZAL,PJCC,"MACIULIS, JONAS",3FGA,Missed Three Pointer,0,-325,633,J,,,,39,02:00,74,71,
2007,RS,2,15,476,SOP,PACY,"SLANINA, DONATAS",FTM,Free Throw In,1,-1,-1, ,,,,39,02:00,74,72,
2007,RS,2,15,483,SOP,PBCE,"WOLKOWYSKY, RUBEN",3FGA,Missed Three Pointer,0,-305,648,J,,,,40,01:00,74,72,
2007,RS,2,15,485,ZAL,PBDB,"COLLINS, DE JUAN",3FGA,Missed Three Pointer,0,-10,717,J,,,,40,01:00,74,72,
2007,RS,2,15,490,ZAL,PATP,"POPOVIC, MARKO",FTM,Free Throw In,1,-1,-1, ,,,,40,01:00,75,72,
2007,RS,2,15,491,ZAL,PATP,"POPOVIC, MARKO",FTM,Free Throw In,1,-1,-1, ,,,,40,01:00,76,72,
2007,RS,2,15,495,ZAL,PATP,"POPOVIC, MARKO",FTM,Free Throw In,1,-1,-1, ,,,,40,01:00,77,72,
2007,RS,2,15,496,ZAL,PATP,"POPOVIC, MARKO",FTM,Free Throw In,1,-1,-1, ,,,,40,01:00,78,72,
2007,RS,2,15,504,ZAL,PBDB,"COLLINS, DE JUAN",FTM,Free Throw In,1,-1,-1, ,,,,40,01:00,79,72,
2007,RS,2,15,505,ZAL,PBDB,"COLLINS, DE JUAN",FTM,Free Throw In,1,-1,-1, ,,,,40,01:00,80,72,
2007,RS,2,15,508,ZAL,PBWI,"JANKUNAS, PAULIUS",2FGM,Two Pointer,2,5,2,C,,,,40,01:00,82,72,
2007,RS,2,16,8,VIR,PTGL,"HOLLAND, DELONTE",2FGAB,Missed Two Pointer,0,-1,-1, ,,,,1,10:00,0,0,
2007,RS,2,16,11,VIR,PTGL,"HOLLAND, DELONTE",2FGAB,Missed Two Pointer,0,246,125,B,,,,1,10:00,0,0,
2007,RS,2,16,14,VIR,PBXA,"GIOVANNONI, GUILHERME",2FGAB,Missed Two Pointer,0,-1,-1, ,,,,1,10:00,0,0,
2007,RS,2,16,16,BAS,PANB,"RAKOCEVIC, IGOR",3FGA,Missed Three Pointer,0,-528,361,F,,,,1,10:00,0,0,
2007,RS,2,16,21,VIR,PBEW,"CHIACIG, ROBERTO",FTM,Free Throw In,1,-1,-1, ,,,,1,10:00,0,1,
2007,RS,2,16,23,BAS,PCBY,"SPLITTER, TIAGO",2FGA,Missed Two Pointer,0,-107,35,D,,,,2,09:00,0,1,
2007,RS,2,16,25,VIR,PBXA,"GIOVANNONI, GUILHERME",2FGM,Two Pointer,2,328,17,B,,,,2,09:00,0,3,
2007,RS,2,16,26,BAS,PANB,"RAKOCEVIC, IGOR",2FGM,Two Pointer,2,-2,405,D,,,,2,09:00,2,3,
2007,RS,2,16,28,VIR,PTGL,"HOLLAND, DELONTE",2FGM,Two Pointer,2,17,405,C,,,,3,08:00,2,5,
2007,RS,2,16,29,BAS,PCBY,"SPLITTER, TIAGO",2FGM,Two Pointer,2,-76,28,D,,,,3,08:00,4,5,
2007,RS,2,16,30,VIR,PTGT,"CONROY, WILL",2FGA,Missed Two Pointer,0,184,246,C,,,,3,08:00,4,5,
2007,RS,2,16,37,BAS,PJZJ,"TELETOVIC, MIRZA",3FGM,Three Pointer,3,-87,648,J,,,,4,07:00,7,5,
2007,RS,2,16,38,VIR,PTGT,"CONROY, WILL",2FGA,Missed Two Pointer,0,492,105,B,,,,4,07:00,7,5,
2007,RS,2,16,47,BAS,PJZJ,"TELETOVIC, MIRZA",2FGM,Two Pointer,2,-58,23,D,,,,5,06:00,9,5,
2007,RS,2,16,49,VIR,PBEW,"CHIACIG, ROBERTO",2FGM,Two Pointer,2,89,15,C,,,,5,06:00,9,7,
2007,RS,2,16,51,BAS,PJZJ,"TELETOVIC, MIRZA",2FGA,Missed Two Pointer,0,-338,33,E,,,,5,06:00,9,7,
2007,RS,2,16,61,BAS,PJZJ,"TELETOVIC, MIRZA",3FGM,Three Pointer,3,-546,364,F,,,,5,06:00,12,7,
2007,RS,2,16,65,VIR,PTGL,"HOLLAND, DELONTE",3FGA,Missed Three Pointer,0,-461,515,J,,,,6,05:00,12,7,
2007,RS,2,16,67,VIR,PTGL,"HOLLAND, DELONTE",2FGM,Two Pointer,2,10,7,C,,,,6,05:00,12,9,
2007,RS,2,16,69,BAS,PAJK,"VIDAL, SERGI",3FGM,Three Pointer,3,-669,-82,F,,,,6,05:00,15,9,
2007,RS,2,16,72,BAS,PANB,"RAKOCEVIC, IGOR",2FGM,Two Pointer,2,-53,46,D,,,,6,05:00,17,9,
2007,RS,2,16,77,VIR,PTGL,"HOLLAND, DELONTE",2FGM,Two Pointer,2,-317,25,E,,,,7,04:00,17,11,
2007,RS,2,16,79,BAS,PANB,"RAKOCEVIC, IGOR",3FGM,Three Pointer,3,148,648,G,,,,7,04:00,20,11,
2007,RS,2,16,84,VIR,PTGV,"ANDERSON, ALAN",FTM,Free Throw In,1,-1,-1, ,,,,7,04:00,20,12,
2007,RS,2,16,91,BAS,PCBY,"SPLITTER, TIAGO",FTM,Free Throw In,1,-1,-1, ,,,,7,04:00,21,12,
2007,RS,2,16,92,BAS,PCBY,"SPLITTER, TIAGO",FTM,Free Throw In,1,-1,-1, ,,,,7,04:00,22,12,
2007,RS,2,16,93,VIR,PTGV,"ANDERSON, ALAN",2FGA,Missed Two Pointer,0,192,58,C,,,,7,04:00,22,12,
2007,RS,2,16,95,BAS,PJWO,"MICKEAL, PETE",3FGA,Missed Three Pointer,0,-600,330,F,,,,7,04:00,22,12,
2007,RS,2,16,98,VIR,PTGL,"HOLLAND, DELONTE",2FGA,Missed Two Pointer,0,-307,51,E,,,,8,03:00,22,12,
2007,RS,2,16,100,VIR,PTGL,"HOLLAND, DELONTE",2FGA,Missed Two Pointer,0,225,105,C,,,,8,03:00,22,12,
2007,RS,2,16,102,BAS,PJZJ,"TELETOVIC, MIRZA",3FGA,Missed Three Pointer,0,-548,366,F,,,,8,03:00,22,12,
2007,RS,2,16,108,BAS,PCBY,"SPLITTER, TIAGO",FTM,Free Throw In,1,-1,-1, ,,,,8,03:00,23,12,
2007,RS,2,16,109,BAS,PCBY,"SPLITTER, TIAGO",FTM,Free Throw In,1,-1,-1, ,,,,8,03:00,24,12,
2007,RS,2,16,112,VIR,PBEW,"CHIACIG, ROBERTO",2FGM,Two Pointer,2,235,158,B,,,,9,02:00,24,14,
2007,RS,2,16,113,BAS,PCBX,"PRIGIONI, PABLO",2FGA,Missed Two Pointer,0,274,56,B,,,,9,02:00,24,14,
2007,RS,2,16,118,BAS,PANB,"RAKOCEVIC, IGOR",2FGM,Two Pointer,2,-48,15,D,,,,9,02:00,26,14,
2007,RS,2,16,127,VIR,PBEW,"CHIACIG, ROBERTO",FTM,Free Throw In,1,-1,-1, ,,,,10,01:00,26,15,
2007,RS,2,16,132,VIR,PTGV,"ANDERSON, ALAN",FTM,Free Throw In,1,-1,-1, ,,,,10,01:00,26,16,
2007,RS,2,16,133,VIR,PTGV,"ANDERSON, ALAN",FTM,Free Throw In,1,-1,-1, ,,,,10,01:00,26,17,
2007,RS,2,16,134,BAS,PJWO,"MICKEAL, PETE",2FGA,Missed Two Pointer,0,-233,89,D,,,,10,01:00,26,17,
2007,RS,2,16,137,VIR,PTGT,"CONROY, WILL",2FGM,Two Pointer,2,-58,15,D,,,,10,01:00,26,19,
2007,RS,2,16,140,VIR,PTGL,"HOLLAND, DELONTE",2FGA,Missed Two Pointer,0,169,192,C,,,,11,10:00,26,19,
2007,RS,2,16,142,BAS,PANB,"RAKOCEVIC, IGOR",3FGM,Three Pointer,3,258,612,G,,,,11,10:00,29,19,
2007,RS,2,16,145,VIR,PTGV,"ANDERSON, ALAN",FTM,Free Throw In,1,-1,-1, ,,,,11,10:00,29,20,
2007,RS,2,16,148,VIR,PLHB,"GARRI, LUCA",2FGA,Missed Two Pointer,0,-87,138,D,,,,11,10:00,29,20,
2007,RS,2,16,150,VIR,PTGV,"ANDERSON, ALAN",3FGA,Missed Three Pointer,0,469,484,G,,,,11,10:00,29,20,
2007,RS,2,16,152,BAS,PJTT,"MCDONALD, WILL",2FGA,Missed Two Pointer,0,-192,89,D,,,,11,10:00,29,20,
2007,RS,2,16,154,VIR,PLHB,"GARRI, LUCA",3FGA,Missed Three Pointer,0,482,500,G,,,,11,10:00,29,20,
2007,RS,2,16,156,BAS,PANB,"RAKOCEVIC, IGOR",3FGA,Missed Three Pointer,0,-571,333,F,,,,11,10:00,29,20,
2007,RS,2,16,165,VIR,PTGV,"ANDERSON, ALAN",2FGA,Missed Two Pointer,0,479,46,B,,,,12,09:00,29,20,
2007,RS,2,16,167,BAS,PJWO,"MICKEAL, PETE",2FGM,Two Pointer,2,-74,2,D,,,,12,09:00,31,20,
2007,RS,2,16,169,VIR,PTGT,"CONROY, WILL",3FGA,Missed Three Pointer,0,74,671,G,,,,13,08:00,31,20,
2007,RS,2,16,172,BAS,PJTT,"MCDONALD, WILL",2FGM,Two Pointer,2,-28,56,D,,,,13,08:00,33,20,
2007,RS,2,16,179,BAS,PAFP,"PLANINIC, ZORAN",2FGM,Two Pointer,2,56,146,C,,,,13,08:00,35,20,
2007,RS,2,16,182,BAS,PAFP,"PLANINIC, ZORAN",FTM,Free Throw In,1,-1,-1, ,,,,13,08:00,36,20,
2007,RS,2,16,188,BAS,PJTT,"MCDONALD, WILL",2FGM,Two Pointer,2,46,64,C,,,,13,08:00,38,20,
2007,RS,2,16,195,VIR,PTGL,"HOLLAND, DELONTE",2FGA,Missed Two Pointer,0,-261,415,E,,,,14,07:00,38,20,
2007,RS,2,16,199,VIR,PTGT,"CONROY, WILL",2FGM,Two Pointer,2,-51,12,D,,,,14,07:00,38,22,
2007,RS,2,16,200,BAS,PJZJ,"TELETOVIC, MIRZA",2FGM,Two Pointer,2,-233,105,D,,,,14,07:00,40,22,
2007,RS,2,16,202,VIR,PTGL,"HOLLAND, DELONTE",2FGA,Missed Two Pointer,0,515,266,B,,,,15,06:00,40,22,
2007,RS,2,16,205,BAS,PAFP,"PLANINIC, ZORAN",2FGAB,Missed Two Pointer,0,-10,102,D,,,,15,06:00,40,22,
2007,RS,2,16,210,VIR,PTGL,"HOLLAND, DELONTE",2FGM,Two Pointer,2,7,2,C,,,,15,06:00,40,24,
2007,RS,2,16,211,BAS,PCBX,"PRIGIONI, PABLO",3FGM,Three Pointer,3,228,643,G,,,,15,06:00,43,24,
2007,RS,2,16,213,VIR,PTGT,"CONROY, WILL",2FGA,Missed Two Pointer,0,76,41,C,,,,16,05:00,43,24,
2007,RS,2,16,219,BAS,PJWO,"MICKEAL, PETE",2FGAB,Missed Two Pointer,0,197,105,C,,,,16,05:00,43,24,
2007,RS,2,16,223,VIR,PTGO,"CROSARIOL, ANDREA",2FGM,Two Pointer,2,-61,56,D,,,,16,05:00,43,26,
2007,RS,2,16,231,BAS,PJTT,"MCDONALD, WILL",2FGA,Missed Two Pointer,0,-58,15,D,,,,17,04:00,43,26,
2007,RS,2,16,236,BAS,PANB,"RAKOCEVIC, IGOR",2FGA,Missed Two Pointer,0,12,117,C,,,,17,04:00,43,26,
2007,RS,2,16,238,BAS,PCBX,"PRIGIONI, PABLO",3FGA,Missed Three Pointer,0,387,535,G,,,,17,04:00,43,26,
2007,RS,2,16,241,VIR,PTGO,"CROSARIOL, ANDREA",2FGM,Two Pointer,2,2,10,D,,,,17,04:00,43,28,
2007,RS,2,16,245,BAS,PJTT,"MCDONALD, WILL",FTM,Free Throw In,1,-1,-1, ,,,,18,03:00,44,28,
2007,RS,2,16,248,BAS,PANB,"RAKOCEVIC, IGOR",2FGM,Two Pointer,2,-12,89,D,,,,18,03:00,46,28,
2007,RS,2,16,260,VIR,PBXA,"GIOVANNONI, GUILHERME",3FGA,Missed Three Pointer,0,-353,561,J,,,,19,02:00,46,28,
2007,RS,2,16,262,VIR,PBXA,"GIOVANNONI, GUILHERME",3FGM,Three Pointer,3,-394,566,J,,,,19,02:00,46,31,
2007,RS,2,16,267,VIR,PBXA,"GIOVANNONI, GUILHERME",3FGM,Three Pointer,3,230,628,G,,,,20,01:00,46,34,
2007,RS,2,16,271,BAS,PANB,"RAKOCEVIC, IGOR",3FGA,Missed Three Pointer,0,289,589,G,,,,20,01:00,46,34,
2007,RS,2,16,276,BAS,PCBX,"PRIGIONI, PABLO",3FGM,Three Pointer,3,-664,-79,F,,,,20,01:00,49,34,
2007,RS,2,16,283,BAS,PAFP,"PLANINIC, ZORAN",2FGA,Missed Two Pointer,0,-141,51,D,,,,21,10:00,49,34,
2007,RS,2,16,285,VIR,PTGO,"CROSARIOL, ANDREA",2FGA,Missed Two Pointer,0,-79,64,D,,,,21,10:00,49,34,
2007,RS,2,16,287,BAS,PCBY,"SPLITTER, TIAGO",2FGM,Two Pointer,2,-61,20,D,,,,21,10:00,51,34,
2007,RS,2,16,288,VIR,PTGL,"HOLLAND, DELONTE",2FGM,Two Pointer,2,-41,17,D,,,,21,10:00,51,36,
2007,RS,2,16,291,BAS,PJZJ,"TELETOVIC, MIRZA",3FGM,Three Pointer,3,0,700,J,,,,22,09:00,54,36,
2007,RS,2,16,292,VIR,PBXA,"GIOVANNONI, GUILHERME",2FGAB,Missed Two Pointer,0,0,346,D,,,,22,09:00,54,36,
2007,RS,2,16,296,BAS,PANB,"RAKOCEVIC, IGOR",3FGA,Missed Three Pointer,0,-246,633,J,,,,22,09:00,54,36,
2007,RS,2,16,306,BAS,PCBY,"SPLITTER, TIAGO",FTM,Free Throw In,1,-1,-1, ,,,,23,08:00,55,36,
2007,RS,2,16,307,BAS,PCBY,"SPLITTER, TIAGO",FTM,Free Throw In,1,-1,-1, ,,,,23,08:00,56,36,
2007,RS,2,16,308,VIR,PTGL,"HOLLAND, DELONTE",2FGA,Missed Two Pointer,0,0,94,D,,,,23,08:00,56,36,
2007,RS,2,16,310,VIR,PBXA,"GIOVANNONI, GUILHERME",2FGM,Two Pointer,2,-61,38,D,,,,23,08:00,56,38,
2007,RS,2,16,312,BAS,PCBY,"SPLITTER, TIAGO",2FGM,Two Pointer,2,-66,46,D,,,,23,08:00,58,38,
2007,RS,2,16,313,VIR,PTGQ,"DI BELLA, FABIO",2FGA,Missed Two Pointer,0,-207,148,D,,,,23,08:00,58,38,
2007,RS,2,16,322,BAS,PANB,"RAKOCEVIC, IGOR",2FGM,Two Pointer,2,87,43,C,,,,24,07:00,60,38,
2007,RS,2,16,323,BAS,PANB,"RAKOCEVIC, IGOR",FTM,Free Throw In,1,-1,-1, ,,,,24,07:00,61,38,
2007,RS,2,16,325,VIR,PBEW,"CHIACIG, ROBERTO",2FGM,Two Pointer,2,-7,12,D,,,,24,07:00,61,40,
2007,RS,2,16,326,BAS,PANB,"RAKOCEVIC, IGOR",2FGM,Two Pointer,2,43,61,C,,,,24,07:00,63,40,
2007,RS,2,16,327,VIR,PTGL,"HOLLAND, DELONTE",3FGA,Missed Three Pointer,0,-315,600,J,,,,24,07:00,63,40,
2007,RS,2,16,329,BAS,PAJK,"VIDAL, SERGI",2FGA,Missed Two Pointer,0,-89,35,D,,,,24,07:00,63,40,
2007,RS,2,16,331,BAS,PJZJ,"TELETOVIC, MIRZA",2FGA,Missed Two Pointer,0,46,51,C,,,,24,07:00,63,40,
2007,RS,2,16,333,BAS,PAJK,"VIDAL, SERGI",2FGA,Missed Two Pointer,0,-323,323,E,,,,24,07:00,63,40,
2007,RS,2,16,335,VIR,PTGT,"CONROY, WILL",2FGA,Missed Two Pointer,0,-120,17,D,,,,24,07:00,63,40,
2007,RS,2,16,337,BAS,PAFP,"PLANINIC, ZORAN",2FGM,Two Pointer,2,-28,107,D,,,,24,07:00,65,40,
2007,RS,2,16,342,VIR,P000079,"CANELO, JEAN CARLOS",2FGA,Missed Two Pointer,0,392,443,H,,,,25,06:00,65,40,
2007,RS,2,16,344,VIR,PTGL,"HOLLAND, DELONTE",2FGA,Missed Two Pointer,0,246,25,C,,,,25,06:00,65,40,
2007,RS,2,16,347,BAS,PJZJ,"TELETOVIC, MIRZA",2FGM,Two Pointer,2,-56,61,D,,,,25,06:00,67,40,
2007,RS,2,16,349,VIR,PTGT,"CONROY, WILL",3FGA,Missed Three Pointer,0,-635,141,F,,,,26,05:00,67,40,
2007,RS,2,16,358,VIR,PTGL,"HOLLAND, DELONTE",FTM,Free Throw In,1,-1,-1, ,,,,27,04:00,67,41,
2007,RS,2,16,359,VIR,PTGL,"HOLLAND, DELONTE",FTM,Free Throw In,1,-1,-1, ,,,,27,04:00,67,42,
2007,RS,2,16,361,BAS,PCBY,"SPLITTER, TIAGO",2FGM,Two Pointer,2,-48,10,D,,,,27,04:00,69,42,
2007,RS,2,16,370,BAS,PAFP,"PLANINIC, ZORAN",FTM,Free Throw In,1,-1,-1, ,,,,27,04:00,70,42,
2007,RS,2,16,381,VIR,PBXA,"GIOVANNONI, GUILHERME",2FGA,Missed Two Pointer,0,5,251,C,,,,28,03:00,70,42,
2007,RS,2,16,386,BAS,PANB,"RAKOCEVIC, IGOR",3FGM,Three Pointer,3,676,-30,A,,,,28,03:00,73,42,
2007,RS,2,16,387,VIR,PTGT,"CONROY, WILL",2FGA,Missed Two Pointer,0,-51,146,D,,,,28,03:00,73,42,
2007,RS,2,16,389,BAS,PJWO,"MICKEAL, PETE",2FGM,Two Pointer,2,92,43,C,,,,28,03:00,75,42,
2007,RS,2,16,396,VIR,PTGL,"HOLLAND, DELONTE",3FGM,Three Pointer,3,-523,400,F,,,,29,02:00,75,45,
2007,RS,2,16,397,BAS,PJTT,"MCDONALD, WILL",2FGA,Missed Two Pointer,0,310,97,B,,,,29,02:00,75,45,
2007,RS,2,16,399,VIR,PTGQ,"DI BELLA, FABIO",2FGM,Two Pointer,2,-107,46,D,,,,29,02:00,75,47,
2007,RS,2,16,403,VIR,PTGL,"HOLLAND, DELONTE",2FGA,Missed Two Pointer,0,102,17,C,,,,30,01:00,75,47,
2007,RS,2,16,405,VIR,PTGL,"HOLLAND, DELONTE",2FGA,Missed Two Pointer,0,69,23,C,,,,30,01:00,75,47,
2007,RS,2,16,410,BAS,PANB,"RAKOCEVIC, IGOR",FTM,Free Throw In,1,-1,-1, ,,,,30,01:00,76,47,
2007,RS,2,16,411,VIR,PTGQ,"DI BELLA, FABIO",2FGAB,Missed Two Pointer,0,79,64,C,,,,30,01:00,76,47,
2007,RS,2,16,416,BAS,PJTT,"MCDONALD, WILL",2FGM,Two Pointer,2,-66,38,D,,,,30,01:00,78,47,
2007,RS,2,16,417,VIR,PTGL,"HOLLAND, DELONTE",3FGA,Missed Three Pointer,0,394,525,G,,,,30,01:00,78,47,
2007,RS,2,16,427,BAS,PJWO,"MICKEAL, PETE",2FGM,Two Pointer,2,10,15,C,,,,31,10:00,80,47,
2007,RS,2,16,432,VIR,PLHB,"GARRI, LUCA",3FGA,Missed Three Pointer,0,-456,507,J,,,,31,10:00,80,47,
2007,RS,2,16,434,VIR,PTGZ,"LESTINI, FEDERICO",2FGA,Missed Two Pointer,0,156,115,C,,,,31,10:00,80,47,
2007,RS,2,16,436,VIR,PTGL,"HOLLAND, DELONTE",2FGM,Two Pointer,2,94,461,H,,,,31,10:00,80,49,
2007,RS,2,16,439,BAS,PCBX,"PRIGIONI, PABLO",3FGM,Three Pointer,3,507,458,G,,,,32,09:00,83,49,
2007,RS,2,16,440,VIR,PTGQ,"DI BELLA, FABIO",3FGA,Missed Three Pointer,0,-200,641,J,,,,32,09:00,83,49,
2007,RS,2,16,443,BAS,PBVC,"JASAITIS, SIMAS",3FGA,Missed Three Pointer,0,656,5,A,,,,32,09:00,83,49,
2007,RS,2,16,450,VIR,PTGQ,"DI BELLA, FABIO",FTM,Free Throw In,1,-1,-1, ,,,,33,08:00,83,50,
2007,RS,2,16,456,BAS,PCBX,"PRIGIONI, PABLO",2FGM,Two Pointer,2,-66,28,D,,,,33,08:00,85,50,
2007,RS,2,16,459,BAS,PCBX,"PRIGIONI, PABLO",2FGM,Two Pointer,2,-71,38,D,,,,33,08:00,87,50,
2007,RS,2,16,470,VIR,PBXA,"GIOVANNONI, GUILHERME",2FGA,Missed Two Pointer,0,-64,35,D,,,,34,07:00,87,50,
2007,RS,2,16,472,VIR,PTGL,"HOLLAND, DELONTE",2FGM,Two Pointer,2,-5,17,D,,,,34,07:00,87,52,
2007,RS,2,16,474,BAS,PJWO,"MICKEAL, PETE",2FGM,Two Pointer,2,-66,25,D,,,,34,07:00,89,52,
2007,RS,2,16,475,VIR,PTGL,"HOLLAND, DELONTE",3FGM,Three Pointer,3,223,620,G,,,,34,07:00,89,55,
2007,RS,2,16,476,BAS,PBVC,"JASAITIS, SIMAS",3FGA,Missed Three Pointer,0,-323,620,J,,,,34,07:00,89,55,
2007,RS,2,16,478,BAS,PJZJ,"TELETOVIC, MIRZA",2FGA,Missed Two Pointer,0,-30,87,D,,,,34,07:00,89,55,
2007,RS,2,16,482,BAS,PJZJ,"TELETOVIC, MIRZA",3FGM,Three Pointer,3,-164,669,J,,,,34,07:00,92,55,
2007,RS,2,16,483,VIR,PBXA,"GIOVANNONI, GUILHERME",3FGM,Three Pointer,3,207,664,G,,,,34,07:00,92,58,
2007,RS,2,16,486,BAS,PJTT,"MCDONALD, WILL",2FGA,Missed Two Pointer,0,-84,71,D,,,,36,05:00,92,58,
2007,RS,2,16,488,VIR,PBXA,"GIOVANNONI, GUILHERME",2FGA,Missed Two Pointer,0,-510,35,E,,,,36,05:00,92,58,
2007,RS,2,16,489,BAS,PBVC,"JASAITIS, SIMAS",2FGA,Missed Two Pointer,0,94,58,C,,,,36,05:00,92,58,
2007,RS,2,16,494,VIR,PBXA,"GIOVANNONI, GUILHERME",3FGA,Missed Three Pointer,0,-307,587,J,,,,36,05:00,92,58,
2007,RS,2,16,499,BAS,PJWO,"MICKEAL, PETE",2FGAB,Missed Two Pointer,0,-28,166,D,,,,37,04:00,92,58,
2007,RS,2,16,511,BAS,PJTT,"MCDONALD, WILL",2FGM,Two Pointer,2,235,76,C,,,,37,04:00,94,58,
2007,RS,2,16,513,VIR,PTGO,"CROSARIOL, ANDREA",2FGM,Two Pointer,2,-2,10,D,,,,37,04:00,94,60,
2007,RS,2,16,519,BAS,PAJK,"VIDAL, SERGI",3FGA,Missed Three Pointer,0,64,689,G,,,,38,03:00,94,60,
2007,RS,2,16,521,VIR,PTGL,"HOLLAND, DELONTE",3FGA,Missed Three Pointer,0,-56,664,J,,,,38,03:00,94,60,
2007,RS,2,16,523,BAS,PAFP,"PLANINIC, ZORAN",2FGAB,Missed Two Pointer,0,-2,166,D,,,,38,03:00,94,60,
2007,RS,2,16,530,BAS,PJTT,"MCDONALD, WILL",FTM,Free Throw In,1,-1,-1, ,,,,38,03:00,95,60,
2007,RS,2,16,535,BAS,PBVC,"JASAITIS, SIMAS",3FGM,Three Pointer,3,-641,243,F,,,,39,02:00,98,60,
2007,RS,2,16,543,VIR,PTGO,"CROSARIOL, ANDREA",2FGM,Two Pointer,2,0,2,D,,,,39,02:00,98,62,
2007,RS,2,16,553,VIR,PTGL,"HOLLAND, DELONTE",3FGM,Three Pointer,3,-443,500,J,,,,39,02:00,98,65,
2007,RS,2,16,558,VIR,PTGT,"CONROY, WILL",2FGA,Missed Two Pointer,0,-112,417,D,,,,40,01:00,98,65,
2007,RS,2,16,560,BAS,PBVC,"JASAITIS, SIMAS",3FGA,Missed Three Pointer,0,671,-69,A,,,,40,01:00,98,65,
2007,RS,2,16,566,VIR,PLHB,"GARRI, LUCA",FTM,Free Throw In,1,-1,-1, ,,,,40,01:00,98,66,
2007,RS,2,16,567,BAS,PTGX,"FERNANDEZ, LUCHO",3FGA,Missed Three Pointer,0,646,153,A,,,,40,01:00,98,66,
2007,RS,2,16,569,VIR,PTGZ,"LESTINI, FEDERICO",3FGM,Three Pointer,3,676,10,A,,,,40,01:00,98,69,
2007,RS,2,16,573,VIR,PTGL,"HOLLAND, DELONTE",2FGM,Two Pointer,2,-53,38,D,,,,40,01:00,98,71,
2007,RS,2,17,2,LEM,PKZD,"CLANCY, SAMUEL",2FGA,Missed Two Pointer,0,33,117,C,,,,1,10:00,0,0,
2007,RS,2,17,4,ARI,PBDH,"MOTTOLA, HANNO",2FGM,Two Pointer,2,61,69,C,,,,1,10:00,0,2,
2007,RS,2,17,5,LEM,PCHZ,"BOGDANOVIC, LUKA",2FGA,Missed Two Pointer,0,-56,84,D,,,,1,10:00,0,2,
2007,RS,2,17,7,ARI,PLGV,"MASSEY, JEREMIAH",2FGM,Two Pointer,2,-53,0,D,,,,1,10:00,0,4,
2007,RS,2,17,10,LEM,PCHZ,"BOGDANOVIC, LUKA",2FGA,Missed Two Pointer,0,-576,-30,E,,,,2,09:00,0,4,
2007,RS,2,17,12,ARI,PLGM,"TSALDARIS, DIMITRIOS",3FGA,Missed Three Pointer,0,-212,630,J,,,,2,09:00,0,4,
2007,RS,2,17,14,LEM,PCOB,"KOFFI, ALAIN",2FGA,Missed Two Pointer,0,348,51,B,,,,2,09:00,0,4,
2007,RS,2,17,19,ARI,PBDH,"MOTTOLA, HANNO",2FGA,Missed Two Pointer,0,-133,246,D,,,,3,08:00,0,4,
2007,RS,2,17,21,LEM,PKZD,"CLANCY, SAMUEL",2FGM,Two Pointer,2,0,5,D,,,,3,08:00,2,4,
2007,RS,2,17,23,ARI,PLGM,"TSALDARIS, DIMITRIOS",3FGM,Three Pointer,3,-335,564,J,,,,3,08:00,2,7,
2007,RS,2,17,29,ARI,PBDH,"MOTTOLA, HANNO",2FGA,Missed Two Pointer,0,-141,28,D,,,,4,07:00,2,7,
2007,RS,2,17,32,LEM,PKOH,"BATUM, NICOLAS",2FGM,Two Pointer,2,-5,10,D,,,,4,07:00,4,7,
2007,RS,2,17,34,ARI,PTEM,"WRIGHT, BRACEY",2FGA,Missed Two Pointer,0,-61,10,D,,,,4,07:00,4,7,
2007,RS,2,17,41,ARI,PLGV,"MASSEY, JEREMIAH",3FGA,Missed Three Pointer,0,-669,28,F,,,,5,06:00,4,7,
2007,RS,2,17,43,LEM,PKOH,"BATUM, NICOLAS",2FGM,Two Pointer,2,-7,261,D,,,,5,06:00,6,7,
2007,RS,2,17,44,ARI,PJXV,"CASTLE, TERREL",3FGA,Missed Three Pointer,0,215,630,G,,,,5,06:00,6,7,
2007,RS,2,17,46,LEM,PKZD,"CLANCY, SAMUEL",2FGM,Two Pointer,2,-215,33,D,,,,5,06:00,8,7,
2007,RS,2,17,53,ARI,PTEM,"WRIGHT, BRACEY",FTM,Free Throw In,1,-1,-1, ,,,,6,05:00,8,8,
2007,RS,2,17,54,ARI,PTEM,"WRIGHT, BRACEY",FTM,Free Throw In,1,-1,-1, ,,,,6,05:00,8,9,
2007,RS,2,17,57,LEM,PTFJ,"RICCI, PHILIP",2FGA,Missed Two Pointer,0,0,61,D,,,,6,05:00,8,9,
2007,RS,2,17,59,LEM,PCHZ,"BOGDANOVIC, LUKA",3FGA,Missed Three Pointer,0,5,656,G,,,,6,05:00,8,9,
2007,RS,2,17,63,LEM,PCHZ,"BOGDANOVIC, LUKA",3FGM,Three Pointer,3,-515,412,F,,,,7,04:00,11,9,
2007,RS,2,17,65,ARI,PLGM,"TSALDARIS, DIMITRIOS",2FGA,Missed Two Pointer,0,-130,20,D,,,,7,04:00,11,9,
2007,RS,2,17,76,LEM,PTFJ,"RICCI, PHILIP",FTM,Free Throw In,1,-1,-1, ,,,,7,04:00,12,9,
2007,RS,2,17,80,ARI,PJXV,"CASTLE, TERREL",2FGM,Two Pointer,2,-43,12,D,,,,7,04:00,12,11,
2007,RS,2,17,88,ARI,PTEO,"TERRY, REYSHAWN",FTM,Free Throw In,1,-1,-1, ,,,,8,03:00,12,12,
2007,RS,2,17,89,ARI,PTEO,"TERRY, REYSHAWN",FTM,Free Throw In,1,-1,-1, ,,,,8,03:00,12,13,
2007,RS,2,17,94,LEM,PCHZ,"BOGDANOVIC, LUKA",3FGM,Three Pointer,3,-589,292,F,,,,8,03:00,15,13,
2007,RS,2,17,96,ARI,PTEO,"TERRY, REYSHAWN",2FGA,Missed Two Pointer,0,87,12,C,,,,8,03:00,15,13,
2007,RS,2,17,98,LEM,PCOC,"BOKOLO, YANNICK",3FGA,Missed Three Pointer,0,-602,292,F,,,,8,03:00,15,13,
2007,RS,2,17,109,LEM,PCOC,"BOKOLO, YANNICK",2FGM,Two Pointer,2,-100,43,D,,,,9,02:00,17,13,
2007,RS,2,17,111,LEM,PKOH,"BATUM, NICOLAS",2FGA,Missed Two Pointer,0,-274,197,E,,,,9,02:00,17,13,
2007,RS,2,17,114,ARI,PAPI,"KALAITZIS, GEORGIOS",3FGM,Three Pointer,3,235,628,G,,,,10,01:00,17,16,
2007,RS,2,17,115,LEM,PKZD,"CLANCY, SAMUEL",2FGA,Missed Two Pointer,0,-28,66,D,,,,10,01:00,17,16,
2007,RS,2,17,117,LEM,PKOH,"BATUM, NICOLAS",2FGM,Two Pointer,2,-58,17,D,,,,10,01:00,19,16,
2007,RS,2,17,118,ARI,PTEO,"TERRY, REYSHAWN",2FGM,Two Pointer,2,56,23,C,,,,10,01:00,19,18,
2007,RS,2,17,127,ARI,PBDH,"MOTTOLA, HANNO",3FGA,Missed Three Pointer,0,-292,594,J,,,,11,10:00,19,18,
2007,RS,2,17,129,LEM,PCOC,"BOKOLO, YANNICK",2FGM,Two Pointer,2,-92,30,D,,,,11,10:00,21,18,
2007,RS,2,17,132,ARI,PTEM,"WRIGHT, BRACEY",FTM,Free Throw In,1,-1,-1, ,,,,11,10:00,21,19,
2007,RS,2,17,133,ARI,PTEM,"WRIGHT, BRACEY",FTM,Free Throw In,1,-1,-1, ,,,,11,10:00,21,20,
2007,RS,2,17,134,LEM,PCHZ,"BOGDANOVIC, LUKA",3FGA,Missed Three Pointer,0,292,635,G,,,,11,10:00,21,20,
2007,RS,2,17,137,ARI,PTEM,"WRIGHT, BRACEY",2FGA,Missed Two Pointer,0,-371,441,I,,,,12,09:00,21,20,
2007,RS,2,17,139,LEM,PCHZ,"BOGDANOVIC, LUKA",2FGA,Missed Two Pointer,0,92,35,C,,,,12,09:00,21,20,
2007,RS,2,17,141,LEM,PKZD,"CLANCY, SAMUEL",2FGA,Missed Two Pointer,0,-56,23,D,,,,12,09:00,21,20,
2007,RS,2,17,143,ARI,PAPI,"KALAITZIS, GEORGIOS",3FGM,Three Pointer,3,-158,646,J,,,,12,09:00,21,23,
2007,RS,2,17,151,LEM,PCOB,"KOFFI, ALAIN",2FGA,Missed Two Pointer,0,-174,125,D,,,,13,08:00,21,23,
2007,RS,2,17,156,ARI,PBDH,"MOTTOLA, HANNO",FTM,Free Throw In,1,-1,-1, ,,,,13,08:00,21,24,
2007,RS,2,17,158,ARI,PBDH,"MOTTOLA, HANNO",FTM,Free Throw In,1,-1,-1, ,,,,13,08:00,21,25,
2007,RS,2,17,159,LEM,PTFJ,"RICCI, PHILIP",2FGM,Two Pointer,2,-97,25,D,,,,13,08:00,23,25,
2007,RS,2,17,160,ARI,PTEM,"WRIGHT, BRACEY",3FGM,Three Pointer,3,438,620,G,,,,13,08:00,23,28,
2007,RS,2,17,166,ARI,PTEO,"TERRY, REYSHAWN",2FGA,Missed Two Pointer,0,-64,5,D,,,,15,06:00,23,28,
2007,RS,2,17,168,LEM,PKOH,"BATUM, NICOLAS",2FGA,Missed Two Pointer,0,-410,382,E,,,,15,06:00,23,28,
2007,RS,2,17,170,ARI,PBDH,"MOTTOLA, HANNO",3FGM,Three Pointer,3,-376,556,J,,,,15,06:00,23,31,
2007,RS,2,17,184,ARI,PTEM,"WRIGHT, BRACEY",2FGA,Missed Two Pointer,0,-41,0,D,,,,16,05:00,23,31,
2007,RS,2,17,192,ARI,PTEM,"WRIGHT, BRACEY",FTM,Free Throw In,1,-1,-1, ,,,,16,05:00,23,32,
2007,RS,2,17,193,ARI,PTEM,"WRIGHT, BRACEY",FTM,Free Throw In,1,-1,-1, ,,,,16,05:00,23,33,
2007,RS,2,17,194,LEM,PJMH,"BOGAVAC, NEBOJSA",3FGA,Missed Three Pointer,0,274,628,G,,,,16,05:00,23,33,
2007,RS,2,17,197,LEM,PKZD,"CLANCY, SAMUEL",2FGA,Missed Two Pointer,0,125,333,C,,,,17,04:00,23,33,
2007,RS,2,17,206,ARI,PJXV,"CASTLE, TERREL",3FGA,Missed Three Pointer,0,-669,53,F,,,,17,04:00,23,33,
2007,RS,2,17,211,ARI,PJIX,"AGADAKOS, LAZAROS",FTM,Free Throw In,1,-1,-1, ,,,,17,04:00,23,34,
2007,RS,2,17,215,LEM,PKZD,"CLANCY, SAMUEL",2FGM,Two Pointer,2,0,0,D,,,,18,03:00,25,34,
2007,RS,2,17,225,ARI,PJXV,"CASTLE, TERREL",3FGM,Three Pointer,3,633,176,A,,,,18,03:00,25,37,
2007,RS,2,17,227,LEM,PCHZ,"BOGDANOVIC, LUKA",3FGA,Missed Three Pointer,0,-623,261,F,,,,18,03:00,25,37,
2007,RS,2,17,229,ARI,PTEM,"WRIGHT, BRACEY",3FGA,Missed Three Pointer,0,-448,510,J,,,,18,03:00,25,37,
2007,RS,2,17,236,ARI,PTEO,"TERRY, REYSHAWN",2FGM,Two Pointer,2,-2,2,D,,,,19,02:00,25,39,
2007,RS,2,17,238,LEM,PKOH,"BATUM, NICOLAS",2FGM,Two Pointer,2,-56,7,D,,,,20,01:00,27,39,
2007,RS,2,17,240,ARI,PTEM,"WRIGHT, BRACEY",2FGA,Missed Two Pointer,0,69,12,C,,,,20,01:00,27,39,
2007,RS,2,17,242,ARI,PLGV,"MASSEY, JEREMIAH",2FGA,Missed Two Pointer,0,5,51,C,,,,20,01:00,27,39,
2007,RS,2,17,249,LEM,PCHZ,"BOGDANOVIC, LUKA",2FGM,Two Pointer,2,58,69,C,,,,21,10:00,29,39,
2007,RS,2,17,251,ARI,PLGV,"MASSEY, JEREMIAH",2FGA,Missed Two Pointer,0,-407,64,E,,,,21,10:00,29,39,
2007,RS,2,17,253,LEM,PCOC,"BOKOLO, YANNICK",2FGM,Two Pointer,2,-64,17,D,,,,21,10:00,31,39,
2007,RS,2,17,255,ARI,PLGV,"MASSEY, JEREMIAH",2FGM,Two Pointer,2,0,5,D,,,,22,09:00,31,41,
2007,RS,2,17,259,ARI,PLGV,"MASSEY, JEREMIAH",FTM,Free Throw In,1,-1,-1, ,,,,22,09:00,31,42,
2007,RS,2,17,260,LEM,PKZD,"CLANCY, SAMUEL",2FGA,Missed Two Pointer,0,-184,23,D,,,,22,09:00,31,42,
2007,RS,2,17,265,LEM,PCHZ,"BOGDANOVIC, LUKA",2FGM,Two Pointer,2,61,12,C,,,,23,08:00,33,42,
2007,RS,2,17,269,LEM,PKOH,"BATUM, NICOLAS",2FGM,Two Pointer,2,2,10,D,,,,23,08:00,35,42,
2007,RS,2,17,273,ARI,PBDH,"MOTTOLA, HANNO",2FGM,Two Pointer,2,-97,297,D,,,,23,08:00,35,44,
2007,RS,2,17,279,LEM,PCHZ,"BOGDANOVIC, LUKA",3FGM,Three Pointer,3,279,610,G,,,,24,07:00,38,44,
2007,RS,2,17,286,LEM,PCHZ,"BOGDANOVIC, LUKA",2FGM,Two Pointer,2,5,0,C,,,,25,06:00,40,44,
2007,RS,2,17,287,ARI,PJXV,"CASTLE, TERREL",2FGM,Two Pointer,2,-235,71,D,,,,25,06:00,40,46,
2007,RS,2,17,290,LEM,PCOC,"BOKOLO, YANNICK",2FGA,Missed Two Pointer,0,-194,566,I,,,,25,06:00,40,46,
2007,RS,2,17,292,LEM,PKZD,"CLANCY, SAMUEL",2FGM,Two Pointer,2,312,110,B,,,,25,06:00,42,46,
2007,RS,2,17,294,ARI,PBDH,"MOTTOLA, HANNO",2FGA,Missed Two Pointer,0,-138,23,D,,,,25,06:00,42,46,
2007,RS,2,17,300,LEM,PCHZ,"BOGDANOVIC, LUKA",3FGA,Missed Three Pointer,0,512,425,A,,,,27,04:00,42,46,
2007,RS,2,17,304,ARI,PTEO,"TERRY, REYSHAWN",FTM,Free Throw In,1,-1,-1, ,,,,27,04:00,42,47,
2007,RS,2,17,305,ARI,PTEO,"TERRY, REYSHAWN",FTM,Free Throw In,1,-1,-1, ,,,,27,04:00,42,48,
2007,RS,2,17,311,ARI,PBDH,"MOTTOLA, HANNO",2FGA,Missed Two Pointer,0,89,89,C,,,,27,04:00,42,48,
2007,RS,2,17,313,ARI,PTEM,"WRIGHT, BRACEY",3FGA,Missed Three Pointer,0,-612,217,F,,,,27,04:00,42,48,
2007,RS,2,17,315,LEM,PDID,"LIMONAD, RAVIV",2FGA,Missed Two Pointer,0,-43,89,D,,,,27,04:00,42,48,
2007,RS,2,17,317,LEM,PKZD,"CLANCY, SAMUEL",2FGM,Two Pointer,2,2,58,D,,,,27,04:00,44,48,
2007,RS,2,17,327,ARI,PTEM,"WRIGHT, BRACEY",3FGA,Missed Three Pointer,0,-617,235,F,,,,29,02:00,44,48,
2007,RS,2,17,337,LEM,PDID,"LIMONAD, RAVIV",FTM,Free Throw In,1,-1,-1, ,,,,29,02:00,45,48,
2007,RS,2,17,338,LEM,PDID,"LIMONAD, RAVIV",FTM,Free Throw In,1,-1,-1, ,,,,29,02:00,46,48,
2007,RS,2,17,339,ARI,PTEM,"WRIGHT, BRACEY",2FGM,Two Pointer,2,-253,384,E,,,,29,02:00,46,50,
2007,RS,2,17,345,LEM,PKOH,"BATUM, NICOLAS",FTM,Free Throw In,1,-1,-1, ,,,,30,01:00,47,50,
2007,RS,2,17,349,ARI,PTEO,"TERRY, REYSHAWN",FTM,Free Throw In,1,-1,-1, ,,,,30,01:00,47,51,
2007,RS,2,17,351,ARI,PTEO,"TERRY, REYSHAWN",FTM,Free Throw In,1,-1,-1, ,,,,30,01:00,47,52,
2007,RS,2,17,356,LEM,PKOH,"BATUM, NICOLAS",3FGA,Missed Three Pointer,0,535,417,A,,,,30,01:00,47,52,
2007,RS,2,17,358,LEM,PDID,"LIMONAD, RAVIV",2FGM,Two Pointer,2,-7,28,D,,,,30,01:00,49,52,
2007,RS,2,17,359,LEM,PDID,"LIMONAD, RAVIV",3FGA,Missed Three Pointer,0,351,1192,G,,,,30,01:00,49,52,
2007,RS,2,17,365,ARI,PBAO,"SERAPINAS, SIMONAS",3FGA,Missed Three Pointer,0,-530,456,J,,,,31,10:00,49,52,
2007,RS,2,17,369,LEM,PKZD,"CLANCY, SAMUEL",2FGM,Two Pointer,2,-64,0,D,,,,31,10:00,51,52,
2007,RS,2,17,375,ARI,PLGM,"TSALDARIS, DIMITRIOS",2FGM,Two Pointer,2,-507,315,E,,,,31,10:00,51,54,
2007,RS,2,17,377,LEM,PDID,"LIMONAD, RAVIV",3FGM,Three Pointer,3,520,415,A,,,,32,09:00,54,54,
2007,RS,2,17,379,ARI,PTEO,"TERRY, REYSHAWN",2FGM,Two Pointer,2,30,2,C,,,,32,09:00,54,56,
2007,RS,2,17,382,ARI,PTEO,"TERRY, REYSHAWN",FTM,Free Throw In,1,-1,-1, ,,,,32,09:00,54,57,
2007,RS,2,17,383,LEM,PCHZ,"BOGDANOVIC, LUKA",2FGA,Missed Two Pointer,0,-320,2,E,,,,32,09:00,54,57,
2007,RS,2,17,386,ARI,PLGV,"MASSEY, JEREMIAH",2FGA,Missed Two Pointer,0,48,41,C,,,,33,08:00,54,57,
2007,RS,2,17,390,LEM,PKZD,"CLANCY, SAMUEL",2FGA,Missed Two Pointer,0,-87,28,D,,,,33,08:00,54,57,
2007,RS,2,17,392,ARI,PTEO,"TERRY, REYSHAWN",3FGA,Missed Three Pointer,0,620,225,A,,,,33,08:00,54,57,
2007,RS,2,17,401,LEM,PTFK,"DIOT, ANTOINE",3FGA,Missed Three Pointer,0,-46,658,J,,,,33,08:00,54,57,
2007,RS,2,17,405,LEM,PCHZ,"BOGDANOVIC, LUKA",FTM,Free Throw In,1,-1,-1, ,,,,33,08:00,55,57,
2007,RS,2,17,409,ARI,PBDH,"MOTTOLA, HANNO",2FGA,Missed Two Pointer,0,66,28,C,,,,34,07:00,55,57,
2007,RS,2,17,411,ARI,PLGV,"MASSEY, JEREMIAH",2FGM,Two Pointer,2,-15,74,D,,,,34,07:00,55,59,
2007,RS,2,17,413,ARI,PBDH,"MOTTOLA, HANNO",3FGA,Missed Three Pointer,0,661,-7,A,,,,34,07:00,55,59,
2007,RS,2,17,422,LEM,PTFK,"DIOT, ANTOINE",FTM,Free Throw In,1,-1,-1, ,,,,35,06:00,56,59,
2007,RS,2,17,425,ARI,PTEM,"WRIGHT, BRACEY",2FGA,Missed Two Pointer,0,53,2,C,,,,35,06:00,56,59,
2007,RS,2,17,427,LEM,PDID,"LIMONAD, RAVIV",3FGA,Missed Three Pointer,0,223,630,G,,,,35,06:00,56,59,
2007,RS,2,17,432,LEM,PDID,"LIMONAD, RAVIV",2FGA,Missed Two Pointer,0,-48,0,D,,,,36,05:00,56,59,
2007,RS,2,17,434,LEM,PCOB,"KOFFI, ALAIN",2FGM,Two Pointer,2,15,48,C,,,,36,05:00,58,59,
2007,RS,2,17,435,ARI,PBDH,"MOTTOLA, HANNO",2FGA,Missed Two Pointer,0,361,184,B,,,,36,05:00,58,59,
2007,RS,2,17,447,ARI,PTEM,"WRIGHT, BRACEY",FTM,Free Throw In,1,-1,-1, ,,,,37,04:00,58,60,
2007,RS,2,17,448,ARI,PTEM,"WRIGHT, BRACEY",FTM,Free Throw In,1,-1,-1, ,,,,37,04:00,58,61,
2007,RS,2,17,451,LEM,PKOH,"BATUM, NICOLAS",FTM,Free Throw In,1,-1,-1, ,,,,37,04:00,59,61,
2007,RS,2,17,452,LEM,PKOH,"BATUM, NICOLAS",FTM,Free Throw In,1,-1,-1, ,,,,37,04:00,60,61,
2007,RS,2,17,453,ARI,PTEO,"TERRY, REYSHAWN",3FGM,Three Pointer,3,276,594,G,,,,37,04:00,60,64,
2007,RS,2,17,464,LEM,PDID,"LIMONAD, RAVIV",2FGM,Two Pointer,2,-46,43,D,,,,38,03:00,62,64,
2007,RS,2,17,468,ARI,PBDH,"MOTTOLA, HANNO",2FGM,Two Pointer,2,220,35,C,,,,39,02:00,62,66,
2007,RS,2,17,473,LEM,PDID,"LIMONAD, RAVIV",FTM,Free Throw In,1,-1,-1, ,,,,39,02:00,63,66,
2007,RS,2,17,474,LEM,PDID,"LIMONAD, RAVIV",FTM,Free Throw In,1,-1,-1, ,,,,39,02:00,64,66,
2007,RS,2,17,476,LEM,PCHZ,"BOGDANOVIC, LUKA",3FGA,Missed Three Pointer,0,333,584,G,,,,39,02:00,64,66,
2007,RS,2,17,483,ARI,PAPI,"KALAITZIS, GEORGIOS",FTM,Free Throw In,1,-1,-1, ,,,,40,01:00,64,67,
2007,RS,2,17,486,ARI,PLGM,"TSALDARIS, DIMITRIOS",2FGA,Missed Two Pointer,0,82,20,C,,,,40,01:00,64,67,
2007,RS,2,17,500,ARI,PTEM,"WRIGHT, BRACEY",FTM,Free Throw In,1,-1,-1, ,,,,40,01:00,64,68,
2007,RS,2,17,501,ARI,PTEM,"WRIGHT, BRACEY",FTM,Free Throw In,1,-1,-1, ,,,,40,01:00,64,69,
2007,RS,2,17,502,LEM,PCOC,"BOKOLO, YANNICK",3FGA,Missed Three Pointer,0,-361,569,J,,,,40,01:00,64,69,
2007,RS,2,17,504,LEM,PCHZ,"BOGDANOVIC, LUKA",2FGM,Two Pointer,2,-30,28,D,,,,40,01:00,66,69,
2007,RS,2,18,2,LIE,PCOH,"PRICE, HOLLIS",3FGA,Missed Three Pointer,0,-207,638,J,,,,1,10:00,0,0,
2007,RS,2,18,4,LIE,PJRD,"NIELSEN, MATT",2FGA,Missed Two Pointer,0,243,-5,C,,,,1,10:00,0,0,
2007,RS,2,18,8,LIE,PKNS,"JOMANTAS, ARTURAS",2FGM,Two Pointer,2,261,205,B,,,,1,10:00,2,0,
2007,RS,2,18,11,TEL,PCQD,"CUMMINGS, VONTEEGO",2FGA,Missed Two Pointer,0,-225,425,E,,,,2,09:00,2,0,
2007,RS,2,18,13,LIE,PCOH,"PRICE, HOLLIS",2FGA,Missed Two Pointer,0,-56,61,D,,,,2,09:00,2,0,
2007,RS,2,18,16,TEL,PBES,"BLUTHENTHAL, DAVID",2FGA,Missed Two Pointer,0,-492,82,E,,,,3,08:00,2,0,
2007,RS,2,18,18,LIE,PJRD,"NIELSEN, MATT",2FGA,Missed Two Pointer,0,-84,84,D,,,,3,08:00,2,0,
2007,RS,2,18,21,LIE,PKNS,"JOMANTAS, ARTURAS",2FGM,Two Pointer,2,41,43,C,,,,3,08:00,4,0,
2007,RS,2,18,22,TEL,PAPB,"VUJCIC, NIKOLA",2FGM,Two Pointer,2,-58,92,D,,,,3,08:00,4,2,
2007,RS,2,18,27,TEL,PBES,"BLUTHENTHAL, DAVID",2FGM,Two Pointer,2,15,530,H,,,,4,07:00,4,4,
2007,RS,2,18,28,LIE,PBUU,"LUKAUSKIS, MINDAUGAS",3FGM,Three Pointer,3,-617,220,F,,,,4,07:00,7,4,
2007,RS,2,18,30,TEL,PCQD,"CUMMINGS, VONTEEGO",3FGA,Missed Three Pointer,0,-682,51,F,,,,4,07:00,7,4,
2007,RS,2,18,33,LIE,PBUU,"LUKAUSKIS, MINDAUGAS",3FGM,Three Pointer,3,-333,610,J,,,,5,06:00,10,4,
2007,RS,2,18,35,TEL,PBES,"BLUTHENTHAL, DAVID",3FGM,Three Pointer,3,-358,582,J,,,,5,06:00,10,7,
2007,RS,2,18,37,LIE,PKNS,"JOMANTAS, ARTURAS",2FGA,Missed Two Pointer,0,-5,448,I,,,,5,06:00,10,7,
2007,RS,2,18,42,LIE,PJRD,"NIELSEN, MATT",3FGA,Missed Three Pointer,0,266,653,G,,,,6,05:00,10,7,
2007,RS,2,18,44,TEL,PAPB,"VUJCIC, NIKOLA",3FGAB,Missed Three Pointer,0,-238,638,J,,,,6,05:00,10,7,
2007,RS,2,18,47,LIE,PJRD,"NIELSEN, MATT",2FGA,Missed Two Pointer,0,7,164,C,,,,6,05:00,10,7,
2007,RS,2,18,49,TEL,PLTS,"MORRIS, TERENCE",2FGM,Two Pointer,2,-5,17,D,,,,6,05:00,10,9,
2007,RS,2,18,52,LIE,PJRD,"NIELSEN, MATT",2FGM,Two Pointer,2,-35,41,D,,,,7,04:00,12,9,
2007,RS,2,18,59,TEL,PTFS,"FIZER, MARCUS",2FGM,Two Pointer,2,-66,17,D,,,,7,04:00,12,11,
2007,RS,2,18,61,LIE,PBUU,"LUKAUSKIS, MINDAUGAS",2FGM,Two Pointer,2,-258,266,E,,,,7,04:00,14,11,
2007,RS,2,18,62,TEL,PBES,"BLUTHENTHAL, DAVID",2FGA,Missed Two Pointer,0,282,225,B,,,,7,04:00,14,11,
2007,RS,2,18,69,LIE,PCOH,"PRICE, HOLLIS",2FGM,Two Pointer,2,566,366,A,,,,8,03:00,16,11,
2007,RS,2,18,71,TEL,PTFS,"FIZER, MARCUS",3FGA,Missed Three Pointer,0,-58,664,J,,,,8,03:00,16,11,
2007,RS,2,18,73,LIE,PCOH,"PRICE, HOLLIS",2FGM,Two Pointer,2,-53,79,D,,,,8,03:00,18,11,
2007,RS,2,18,80,TEL,PLFR,"BYNUM, WILL",FTM,Free Throw In,1,-1,-1, ,,,,9,02:00,18,12,
2007,RS,2,18,81,LIE,PTFL,"BAJRAMOVIC, KENAN",2FGA,Missed Two Pointer,0,207,238,C,,,,9,02:00,18,12,
2007,RS,2,18,83,TEL,PTFS,"FIZER, MARCUS",2FGM,Two Pointer,2,33,15,C,,,,9,02:00,18,14,
2007,RS,2,18,84,LIE,PBUU,"LUKAUSKIS, MINDAUGAS",2FGM,Two Pointer,2,-2,602,I,,,,9,02:00,20,14,
2007,RS,2,18,91,LIE,PLML,"BATISTA, JOAO PAULO",2FGM,Two Pointer,2,2,264,D,,,,10,01:00,22,14,
2007,RS,2,18,93,TEL,PLFR,"BYNUM, WILL",3FGA,Missed Three Pointer,0,215,633,G,,,,10,01:00,22,14,
2007,RS,2,18,101,TEL,PTFS,"FIZER, MARCUS",2FGM,Two Pointer,2,-64,105,D,,,,11,10:00,22,16,
2007,RS,2,18,106,TEL,PTFS,"FIZER, MARCUS",3FGA,Missed Three Pointer,0,-494,476,J,,,,11,10:00,22,16,
2007,RS,2,18,108,LIE,PTFL,"BAJRAMOVIC, KENAN",2FGA,Missed Two Pointer,0,-58,46,D,,,,11,10:00,22,16,
2007,RS,2,18,110,LIE,PTFL,"BAJRAMOVIC, KENAN",2FGM,Two Pointer,2,-23,35,D,,,,11,10:00,24,16,
2007,RS,2,18,112,TEL,PTFS,"FIZER, MARCUS",2FGM,Two Pointer,2,43,61,C,,,,12,09:00,24,18,
2007,RS,2,18,122,LIE,PLML,"BATISTA, JOAO PAULO",2FGAB,Missed Two Pointer,0,53,76,C,,,,12,09:00,24,18,
2007,RS,2,18,128,LIE,PTFL,"BAJRAMOVIC, KENAN",FTM,Free Throw In,1,-1,-1, ,,,,12,09:00,25,18,
2007,RS,2,18,129,LIE,PTFL,"BAJRAMOVIC, KENAN",FTM,Free Throw In,1,-1,-1, ,,,,12,09:00,26,18,
2007,RS,2,18,136,TEL,PCQD,"CUMMINGS, VONTEEGO",2FGA,Missed Two Pointer,0,12,458,H,,,,12,09:00,26,18,
2007,RS,2,18,145,LIE,PKNS,"JOMANTAS, ARTURAS",2FGM,Two Pointer,2,-512,53,E,,,,13,08:00,28,18,
2007,RS,2,18,147,TEL,PLFR,"BYNUM, WILL",2FGM,Two Pointer,2,-133,97,D,,,,13,08:00,28,20,
2007,RS,2,18,148,LIE,P000275,"MITCHELL, DARREL",3FGM,Three Pointer,3,-646,174,F,,,,13,08:00,31,20,
2007,RS,2,18,164,LIE,PKNS,"JOMANTAS, ARTURAS",2FGM,Two Pointer,2,82,56,C,,,,14,07:00,33,20,
2007,RS,2,18,166,TEL,PAPB,"VUJCIC, NIKOLA",2FGM,Two Pointer,2,-41,138,D,,,,15,06:00,33,22,
2007,RS,2,18,168,LIE,PKNS,"JOMANTAS, ARTURAS",2FGA,Missed Two Pointer,0,-46,76,D,,,,15,06:00,33,22,
2007,RS,2,18,179,LIE,PLML,"BATISTA, JOAO PAULO",2FGA,Missed Two Pointer,0,20,312,C,,,,16,05:00,33,22,
2007,RS,2,18,181,TEL,PLFR,"BYNUM, WILL",2FGM,Two Pointer,2,-115,141,D,,,,16,05:00,33,24,
2007,RS,2,18,182,LIE,PLTT,"GECEVICIUS, MARTYNAS",3FGA,Missed Three Pointer,0,-635,133,F,,,,16,05:00,33,24,
2007,RS,2,18,187,LIE,PLTT,"GECEVICIUS, MARTYNAS",2FGM,Two Pointer,2,48,117,C,,,,17,04:00,35,24,
2007,RS,2,18,194,LIE,PLTT,"GECEVICIUS, MARTYNAS",FTM,Free Throw In,1,-1,-1, ,,,,17,04:00,36,24,
2007,RS,2,18,195,TEL,PBES,"BLUTHENTHAL, DAVID",2FGM,Two Pointer,2,-79,58,D,,,,17,04:00,36,26,
2007,RS,2,18,197,LIE,PTFL,"BAJRAMOVIC, KENAN",2FGA,Missed Two Pointer,0,-51,46,D,,,,17,04:00,36,26,
2007,RS,2,18,208,LIE,PTFL,"BAJRAMOVIC, KENAN",3FGM,Three Pointer,3,-648,92,F,,,,18,03:00,39,26,
2007,RS,2,18,210,TEL,PAPB,"VUJCIC, NIKOLA",2FGM,Two Pointer,2,-84,58,D,,,,18,03:00,39,28,
2007,RS,2,18,213,LIE,P000275,"MITCHELL, DARREL",2FGM,Two Pointer,2,-212,651,J,,,,19,02:00,41,28,
2007,RS,2,18,214,TEL,PBES,"BLUTHENTHAL, DAVID",3FGA,Missed Three Pointer,0,215,651,G,,,,19,02:00,41,28,
2007,RS,2,18,220,LIE,PTFL,"BAJRAMOVIC, KENAN",FTM,Free Throw In,1,-1,-1, ,,,,19,02:00,42,28,
2007,RS,2,18,223,LIE,PTFL,"BAJRAMOVIC, KENAN",2FGM,Two Pointer,2,56,112,C,,,,19,02:00,44,28,
2007,RS,2,18,224,TEL,PLFR,"BYNUM, WILL",2FGM,Two Pointer,2,-46,41,D,,,,19,02:00,44,30,
2007,RS,2,18,227,TEL,PLFR,"BYNUM, WILL",FTM,Free Throw In,1,-1,-1, ,,,,19,02:00,44,31,
2007,RS,2,18,229,LIE,PBUU,"LUKAUSKIS, MINDAUGAS",3FGA,Missed Three Pointer,0,-300,612,J,,,,20,01:00,44,31,
2007,RS,2,18,231,LIE,PLTT,"GECEVICIUS, MARTYNAS",3FGA,Missed Three Pointer,0,679,10,A,,,,20,01:00,44,31,
2007,RS,2,18,233,LIE,P000275,"MITCHELL, DARREL",3FGA,Missed Three Pointer,0,-97,697,J,,,,20,01:00,44,31,
2007,RS,2,18,238,LIE,PJZN,"PETRAVICIUS, MARIJONAS",FTM,Free Throw In,1,-1,-1, ,,,,20,01:00,45,31,
2007,RS,2,18,239,LIE,PJZN,"PETRAVICIUS, MARIJONAS",FTM,Free Throw In,1,-1,-1, ,,,,20,01:00,46,31,
2007,RS,2,18,240,TEL,PLTS,"MORRIS, TERENCE",3FGA,Missed Three Pointer,0,-687,-2,F,,,,20,01:00,46,31,
2007,RS,2,18,258,LIE,PJRD,"NIELSEN, MATT",2FGM,Two Pointer,2,0,30,D,,,,21,10:00,48,31,
2007,RS,2,18,260,TEL,PLTS,"MORRIS, TERENCE",2FGA,Missed Two Pointer,0,169,82,C,,,,21,10:00,48,31,
2007,RS,2,18,263,LIE,PJZN,"PETRAVICIUS, MARIJONAS",2FGA,Missed Two Pointer,0,35,17,C,,,,22,09:00,48,31,
2007,RS,2,18,265,LIE,PKNS,"JOMANTAS, ARTURAS",3FGM,Three Pointer,3,-487,489,J,,,,22,09:00,51,31,
2007,RS,2,18,267,TEL,PAOU,"SHARP, DERRICK",2FGM,Two Pointer,2,279,171,B,,,,22,09:00,51,33,
2007,RS,2,18,268,LIE,PBUU,"LUKAUSKIS, MINDAUGAS",3FGA,Missed Three Pointer,0,505,382,A,,,,22,09:00,51,33,
2007,RS,2,18,274,LIE,PJZN,"PETRAVICIUS, MARIJONAS",FTM,Free Throw In,1,-1,-1, ,,,,23,08:00,52,33,
2007,RS,2,18,275,TEL,PBES,"BLUTHENTHAL, DAVID",3FGA,Missed Three Pointer,0,661,-82,A,,,,23,08:00,52,33,
2007,RS,2,18,277,LIE,PCOH,"PRICE, HOLLIS",3FGM,Three Pointer,3,202,615,G,,,,23,08:00,55,33,
2007,RS,2,18,279,TEL,PAPB,"VUJCIC, NIKOLA",2FGM,Two Pointer,2,-25,66,D,,,,23,08:00,55,35,
2007,RS,2,18,282,LIE,PJRD,"NIELSEN, MATT",2FGM,Two Pointer,2,-58,128,D,,,,24,07:00,57,35,
2007,RS,2,18,283,TEL,PLTS,"MORRIS, TERENCE",2FGM,Two Pointer,2,-148,69,D,,,,24,07:00,57,37,
2007,RS,2,18,290,LIE,PJZN,"PETRAVICIUS, MARIJONAS",2FGM,Two Pointer,2,-2,20,D,,,,24,07:00,59,37,
2007,RS,2,18,292,TEL,PLFR,"BYNUM, WILL",2FGM,Two Pointer,2,46,12,C,,,,24,07:00,59,39,
2007,RS,2,18,294,LIE,PKNS,"JOMANTAS, ARTURAS",3FGM,Three Pointer,3,658,35,A,,,,25,06:00,62,39,
2007,RS,2,18,300,TEL,PCQD,"CUMMINGS, VONTEEGO",2FGM,Two Pointer,2,-223,187,D,,,,25,06:00,62,41,
2007,RS,2,18,303,LIE,PBUU,"LUKAUSKIS, MINDAUGAS",3FGM,Three Pointer,3,225,623,G,,,,26,05:00,65,41,
2007,RS,2,18,311,LIE,PJZN,"PETRAVICIUS, MARIJONAS",2FGM,Two Pointer,2,-56,56,D,,,,26,05:00,67,41,
2007,RS,2,18,314,TEL,PLFR,"BYNUM, WILL",3FGA,Missed Three Pointer,0,-243,684,J,,,,27,04:00,67,41,
2007,RS,2,18,316,LIE,PBUU,"LUKAUSKIS, MINDAUGAS",3FGA,Missed Three Pointer,0,658,17,A,,,,27,04:00,67,41,
2007,RS,2,18,331,LIE,PKNS,"JOMANTAS, ARTURAS",FTM,Free Throw In,1,-1,-1, ,,,,27,04:00,68,41,
2007,RS,2,18,333,TEL,PAPB,"VUJCIC, NIKOLA",2FGM,Two Pointer,2,79,146,C,,,,28,03:00,68,43,
2007,RS,2,18,341,LIE,P000275,"MITCHELL, DARREL",2FGA,Missed Two Pointer,0,292,233,B,,,,28,03:00,68,43,
2007,RS,2,18,343,TEL,PCQD,"CUMMINGS, VONTEEGO",2FGA,Missed Two Pointer,0,-61,110,D,,,,28,03:00,68,43,
2007,RS,2,18,347,TEL,PLTS,"MORRIS, TERENCE",FTM,Free Throw In,1,-1,-1, ,,,,28,03:00,68,44,
2007,RS,2,18,353,TEL,PAOZ,"HALPERIN, YOTAM",2FGM,Two Pointer,2,-53,71,D,,,,29,02:00,68,46,
2007,RS,2,18,363,LIE,PKNS,"JOMANTAS, ARTURAS",FTM,Free Throw In,1,-1,-1, ,,,,29,02:00,69,46,
2007,RS,2,18,364,LIE,PKNS,"JOMANTAS, ARTURAS",FTM,Free Throw In,1,-1,-1, ,,,,29,02:00,70,46,
2007,RS,2,18,365,TEL,PAOU,"SHARP, DERRICK",3FGM,Three Pointer,3,-141,658,J,,,,29,02:00,70,49,
2007,RS,2,18,367,LIE,PJRD,"NIELSEN, MATT",2FGA,Missed Two Pointer,0,-66,0,D,,,,30,01:00,70,49,
2007,RS,2,18,369,TEL,PAOU,"SHARP, DERRICK",2FGM,Two Pointer,2,-43,30,D,,,,30,01:00,70,51,
2007,RS,2,18,374,LIE,P000275,"MITCHELL, DARREL",FTM,Free Throw In,1,-1,-1, ,,,,30,01:00,71,51,
2007,RS,2,18,375,LIE,P000275,"MITCHELL, DARREL",FTM,Free Throw In,1,-1,-1, ,,,,30,01:00,72,51,
2007,RS,2,18,386,TEL,PLTS,"MORRIS, TERENCE",FTM,Free Throw In,1,-1,-1, ,,,,30,01:00,72,52,
2007,RS,2,18,387,TEL,PLTS,"MORRIS, TERENCE",FTM,Free Throw In,1,-1,-1, ,,,,30,01:00,72,53,
2007,RS,2,18,402,TEL,PLFR,"BYNUM, WILL",2FGA,Missed Two Pointer,0,156,74,C,,,,31,10:00,72,53,
2007,RS,2,18,404,TEL,PAOU,"SHARP, DERRICK",2FGM,Two Pointer,2,33,125,C,,,,31,10:00,72,55,
2007,RS,2,18,406,LIE,PCOH,"PRICE, HOLLIS",3FGA,Missed Three Pointer,0,-76,653,J,,,,32,09:00,72,55,
2007,RS,2,18,408,TEL,PLFR,"BYNUM, WILL",3FGA,Missed Three Pointer,0,446,512,G,,,,32,09:00,72,55,
2007,RS,2,18,410,TEL,PAPB,"VUJCIC, NIKOLA",2FGM,Two Pointer,2,-58,74,D,,,,32,09:00,72,57,
2007,RS,2,18,417,LIE,PCOH,"PRICE, HOLLIS",3FGA,Missed Three Pointer,0,-243,669,J,,,,32,09:00,72,57,
2007,RS,2,18,423,LIE,PCOH,"PRICE, HOLLIS",3FGA,Missed Three Pointer,0,-271,633,J,,,,32,09:00,72,57,
2007,RS,2,18,430,TEL,PCQD,"CUMMINGS, VONTEEGO",2FGM,Two Pointer,2,-76,46,D,,,,33,08:00,72,59,
2007,RS,2,18,436,TEL,PLTS,"MORRIS, TERENCE",2FGA,Missed Two Pointer,0,-148,-5,D,,,,33,08:00,72,59,
2007,RS,2,18,438,LIE,PCOH,"PRICE, HOLLIS",2FGA,Missed Two Pointer,0,-94,30,D,,,,33,08:00,72,59,
2007,RS,2,18,452,LIE,PBUU,"LUKAUSKIS, MINDAUGAS",3FGM,Three Pointer,3,-679,2,F,,,,34,07:00,75,59,
2007,RS,2,18,454,TEL,PCQD,"CUMMINGS, VONTEEGO",2FGM,Two Pointer,2,130,35,C,,,,34,07:00,75,61,
2007,RS,2,18,457,TEL,PCQD,"CUMMINGS, VONTEEGO",FTM,Free Throw In,1,-1,-1, ,,,,34,07:00,75,62,
2007,RS,2,18,467,TEL,PLTS,"MORRIS, TERENCE",FTM,Free Throw In,1,-1,-1, ,,,,35,06:00,75,63,
2007,RS,2,18,468,TEL,PLTS,"MORRIS, TERENCE",FTM,Free Throw In,1,-1,-1, ,,,,35,06:00,75,64,
2007,RS,2,18,469,LIE,PCOH,"PRICE, HOLLIS",3FGM,Three Pointer,3,248,625,G,,,,35,06:00,78,64,
2007,RS,2,18,478,LIE,PTFL,"BAJRAMOVIC, KENAN",2FGM,Two Pointer,2,-346,305,E,,,,36,05:00,80,64,
2007,RS,2,18,479,TEL,PLFR,"BYNUM, WILL",2FGM,Two Pointer,2,-87,69,D,,,,36,05:00,80,66,
2007,RS,2,18,488,TEL,PLFR,"BYNUM, WILL",FTM,Free Throw In,1,-1,-1, ,,,,36,05:00,80,67,
2007,RS,2,18,489,TEL,PLFR,"BYNUM, WILL",FTM,Free Throw In,1,-1,-1, ,,,,36,05:00,80,68,
2007,RS,2,18,490,LIE,PKNS,"JOMANTAS, ARTURAS",2FGA,Missed Two Pointer,0,171,241,C,,,,36,05:00,80,68,
2007,RS,2,18,493,LIE,PJRD,"NIELSEN, MATT",2FGA,Missed Two Pointer,0,-300,41,E,,,,37,04:00,80,68,
2007,RS,2,18,495,LIE,PCOH,"PRICE, HOLLIS",2FGA,Missed Two Pointer,0,-333,320,E,,,,37,04:00,80,68,
2007,RS,2,18,498,LIE,PCOH,"PRICE, HOLLIS",3FGM,Three Pointer,3,182,651,G,,,,38,03:00,83,68,
2007,RS,2,18,500,TEL,PAOZ,"HALPERIN, YOTAM",3FGA,Missed Three Pointer,0,-446,502,J,,,,38,03:00,83,68,
2007,RS,2,18,502,LIE,PLTT,"GECEVICIUS, MARTYNAS",3FGM,Three Pointer,3,-525,430,J,,,,38,03:00,86,68,
2007,RS,2,18,512,TEL,PBES,"BLUTHENTHAL, DAVID",FTM,Free Throw In,1,-1,-1, ,,,,39,02:00,86,69,
2007,RS,2,18,513,TEL,PBES,"BLUTHENTHAL, DAVID",FTM,Free Throw In,1,-1,-1, ,,,,39,02:00,86,70,
2007,RS,2,18,522,LIE,PKNS,"JOMANTAS, ARTURAS",2FGM,Two Pointer,2,294,207,B,,,,39,02:00,88,70,
2007,RS,2,18,523,TEL,PAOZ,"HALPERIN, YOTAM",2FGA,Missed Two Pointer,0,225,330,B,,,,39,02:00,88,70,
2007,RS,2,18,526,LIE,PJRD,"NIELSEN, MATT",2FGM,Two Pointer,2,-112,151,D,,,,40,01:00,90,70,
2007,RS,2,18,528,TEL,PCQD,"CUMMINGS, VONTEEGO",2FGM,Two Pointer,2,-194,387,E,,,,40,01:00,90,72,
2007,RS,2,18,531,LIE,PCOH,"PRICE, HOLLIS",FTM,Free Throw In,1,-1,-1, ,,,,40,01:00,91,72,
2007,RS,2,18,532,LIE,PCOH,"PRICE, HOLLIS",FTM,Free Throw In,1,-1,-1, ,,,,40,01:00,92,72,
2007,RS,2,18,535,TEL,PAOZ,"HALPERIN, YOTAM",2FGM,Two Pointer,2,371,61,B,,,,40,01:00,92,74,
2007,RS,2,19,4,IST,PBXD,"PENN, JAMES",3FGA,Missed Three Pointer,0,-656,46,F,,,,1,10:00,0,0,
2007,RS,2,19,6,MIL,PKNZ,"WATSON, TRAVIS",2FGM,Two Pointer,2,105,35,C,,,,1,10:00,0,2,
2007,RS,2,19,9,IST,PKNG,"NICHOLAS, ANDREW",3FGA,Missed Three Pointer,0,530,453,G,,,,2,09:00,0,2,
2007,RS,2,19,10,MIL,PAHU,"BULLERI, MASSIMO",3FGM,Three Pointer,3,-392,530,J,,,,2,09:00,0,5,
2007,RS,2,19,13,IST,PKOJ,"GREGORY, KENNY",3FGA,Missed Three Pointer,0,-576,382,F,,,,2,09:00,0,5,
2007,RS,2,19,16,MIL,PAHU,"BULLERI, MASSIMO",2FGM,Two Pointer,2,-274,417,E,,,,3,08:00,0,7,
2007,RS,2,19,17,IST,PKNG,"NICHOLAS, ANDREW",2FGA,Missed Two Pointer,0,-128,128,D,,,,3,08:00,0,7,
2007,RS,2,19,19,IST,PAWN,"GONLUM, KEREM",2FGM,Two Pointer,2,12,94,C,,,,3,08:00,2,7,
2007,RS,2,19,21,IST,PKNG,"NICHOLAS, ANDREW",2FGM,Two Pointer,2,51,25,C,,,,3,08:00,4,7,
2007,RS,2,19,27,MIL,PAUT,"VUKCEVIC, DUSAN",2FGA,Missed Two Pointer,0,-5,200,D,,,,4,07:00,4,7,
2007,RS,2,19,28,IST,PKOJ,"GREGORY, KENNY",2FGM,Two Pointer,2,-5,10,D,,,,4,07:00,6,7,
2007,RS,2,19,33,IST,PAWN,"GONLUM, KEREM",2FGM,Two Pointer,2,-51,51,D,,,,5,06:00,8,7,
2007,RS,2,19,35,MIL,PAUT,"VUKCEVIC, DUSAN",3FGA,Missed Three Pointer,0,-400,543,J,,,,5,06:00,8,7,
2007,RS,2,19,40,IST,PBXD,"PENN, JAMES",3FGA,Missed Three Pointer,0,392,561,G,,,,5,06:00,8,7,
2007,RS,2,19,43,MIL,PAHU,"BULLERI, MASSIMO",2FGM,Two Pointer,2,243,17,C,,,,6,05:00,8,9,
2007,RS,2,19,45,IST,PAWN,"GONLUM, KEREM",2FGM,Two Pointer,2,-28,46,D,,,,6,05:00,10,9,
2007,RS,2,19,46,MIL,PTEP,"GAINES, REECE",3FGA,Missed Three Pointer,0,497,443,G,,,,6,05:00,10,9,
2007,RS,2,19,54,IST,PAWN,"GONLUM, KEREM",FTM,Free Throw In,1,-1,-1, ,,,,6,05:00,11,9,
2007,RS,2,19,56,MIL,PAUT,"VUKCEVIC, DUSAN",2FGM,Two Pointer,2,-148,225,D,,,,7,04:00,11,11,
2007,RS,2,19,57,IST,PARN,"ARSLAN, ENDER",3FGA,Missed Three Pointer,0,-2,717,J,,,,7,04:00,11,11,
2007,RS,2,19,59,MIL,PLGS,"SESAY, ANSU",3FGM,Three Pointer,3,666,-41,A,,,,7,04:00,11,14,
2007,RS,2,19,65,IST,PKOJ,"GREGORY, KENNY",2FGM,Two Pointer,2,-82,33,D,,,,8,03:00,13,14,
2007,RS,2,19,66,MIL,PTEP,"GAINES, REECE",2FGM,Two Pointer,2,-46,38,D,,,,8,03:00,13,16,
2007,RS,2,19,67,IST,PBDQ,"ERDOGAN, SERKAN",3FGA,Missed Three Pointer,0,625,207,A,,,,8,03:00,13,16,
2007,RS,2,19,69,IST,PKCH,"HUTSON, ANDRE",2FGM,Two Pointer,2,76,35,C,,,,8,03:00,15,16,
2007,RS,2,19,74,IST,PKCH,"HUTSON, ANDRE",2FGA,Missed Two Pointer,0,105,15,C,,,,9,02:00,15,16,
2007,RS,2,19,76,MIL,PTEP,"GAINES, REECE",2FGM,Two Pointer,2,133,169,C,,,,9,02:00,15,18,
2007,RS,2,19,83,IST,PKCH,"HUTSON, ANDRE",2FGM,Two Pointer,2,-82,23,D,,,,10,01:00,17,18,
2007,RS,2,19,91,IST,PKCH,"HUTSON, ANDRE",FTM,Free Throw In,1,-1,-1, ,,,,10,01:00,18,18,
2007,RS,2,19,96,IST,PKNG,"NICHOLAS, ANDREW",2FGM,Two Pointer,2,97,405,C,,,,10,01:00,20,18,
2007,RS,2,19,99,MIL,PTEP,"GAINES, REECE",3FGA,Missed Three Pointer,0,-430,566,J,,,,11,10:00,20,18,
2007,RS,2,19,105,IST,PBKM,"KUQO, ERMAL",2FGA,Missed Two Pointer,0,69,64,C,,,,11,10:00,20,18,
2007,RS,2,19,109,IST,PKCH,"HUTSON, ANDRE",FTM,Free Throw In,1,-1,-1, ,,,,11,10:00,21,18,
2007,RS,2,19,110,IST,PKCH,"HUTSON, ANDRE",FTM,Free Throw In,1,-1,-1, ,,,,11,10:00,22,18,
2007,RS,2,19,111,MIL,PLGS,"SESAY, ANSU",2FGA,Missed Two Pointer,0,-171,143,D,,,,11,10:00,22,18,
2007,RS,2,19,114,MIL,PLGS,"SESAY, ANSU",3FGA,Missed Three Pointer,0,-446,502,J,,,,12,09:00,22,18,
2007,RS,2,19,115,IST,PBKM,"KUQO, ERMAL",2FGM,Two Pointer,2,12,141,C,,,,12,09:00,24,18,
2007,RS,2,19,121,IST,PKNG,"NICHOLAS, ANDREW",3FGM,Three Pointer,3,656,105,A,,,,13,08:00,27,18,
2007,RS,2,19,123,MIL,PAHU,"BULLERI, MASSIMO",3FGA,Missed Three Pointer,0,-487,525,J,,,,13,08:00,27,18,
2007,RS,2,19,125,IST,PARN,"ARSLAN, ENDER",2FGM,Two Pointer,2,61,33,C,,,,13,08:00,29,18,
2007,RS,2,19,128,IST,PKNG,"NICHOLAS, ANDREW",2FGAB,Missed Two Pointer,0,-105,71,D,,,,13,08:00,29,18,
2007,RS,2,19,135,IST,PARN,"ARSLAN, ENDER",3FGA,Missed Three Pointer,0,671,28,A,,,,14,07:00,29,18,
2007,RS,2,19,137,IST,PBDQ,"ERDOGAN, SERKAN",3FGA,Missed Three Pointer,0,302,628,G,,,,14,07:00,29,18,
2007,RS,2,19,139,IST,PARN,"ARSLAN, ENDER",2FGA,Missed Two Pointer,0,-7,153,D,,,,14,07:00,29,18,
2007,RS,2,19,143,MIL,PAUT,"VUKCEVIC, DUSAN",3FGA,Missed Three Pointer,0,-117,666,J,,,,15,06:00,29,18,
2007,RS,2,19,149,IST,PBDQ,"ERDOGAN, SERKAN",FTM,Free Throw In,1,-1,-1, ,,,,15,06:00,30,18,
2007,RS,2,19,150,IST,PBDQ,"ERDOGAN, SERKAN",FTM,Free Throw In,1,-1,-1, ,,,,15,06:00,31,18,
2007,RS,2,19,151,MIL,PKNZ,"WATSON, TRAVIS",2FGM,Two Pointer,2,76,43,C,,,,15,06:00,31,20,
2007,RS,2,19,158,IST,PBKM,"KUQO, ERMAL",2FGA,Missed Two Pointer,0,-115,79,D,,,,16,05:00,31,20,
2007,RS,2,19,160,MIL,PTES,"GADSON, CHEYNE",3FGA,Missed Three Pointer,0,684,-33,A,,,,16,05:00,31,20,
2007,RS,2,19,166,MIL,PTES,"GADSON, CHEYNE",2FGM,Two Pointer,2,35,102,C,,,,16,05:00,31,22,
2007,RS,2,19,175,IST,PTFG,"WOODS, LOREN",FTM,Free Throw In,1,-1,-1, ,,,,16,05:00,32,22,
2007,RS,2,19,176,IST,PTFG,"WOODS, LOREN",FTM,Free Throw In,1,-1,-1, ,,,,16,05:00,33,22,
2007,RS,2,19,181,IST,PAWN,"GONLUM, KEREM",2FGM,Two Pointer,2,-25,28,D,,,,16,05:00,35,22,
2007,RS,2,19,187,MIL,PLGS,"SESAY, ANSU",3FGA,Missed Three Pointer,0,653,58,A,,,,17,04:00,35,22,
2007,RS,2,19,192,MIL,PLGS,"SESAY, ANSU",2FGA,Missed Two Pointer,0,100,15,C,,,,17,04:00,35,22,
2007,RS,2,19,196,MIL,PTEP,"GAINES, REECE",3FGA,Missed Three Pointer,0,-415,533,J,,,,17,04:00,35,22,
2007,RS,2,19,199,IST,PBDQ,"ERDOGAN, SERKAN",3FGM,Three Pointer,3,-502,469,J,,,,18,03:00,38,22,
2007,RS,2,19,200,MIL,PAHU,"BULLERI, MASSIMO",2FGM,Two Pointer,2,-43,17,D,,,,18,03:00,38,24,
2007,RS,2,19,204,IST,PBDQ,"ERDOGAN, SERKAN",2FGA,Missed Two Pointer,0,-64,53,D,,,,19,02:00,38,24,
2007,RS,2,19,206,IST,PKOJ,"GREGORY, KENNY",2FGM,Two Pointer,2,-61,48,D,,,,19,02:00,40,24,
2007,RS,2,19,211,IST,PKOJ,"GREGORY, KENNY",2FGM,Two Pointer,2,2,115,D,,,,19,02:00,42,24,
2007,RS,2,19,214,MIL,PAHU,"BULLERI, MASSIMO",2FGM,Two Pointer,2,5,156,C,,,,19,02:00,42,26,
2007,RS,2,19,218,MIL,PAUT,"VUKCEVIC, DUSAN",2FGA,Missed Two Pointer,0,-51,87,D,,,,20,01:00,42,26,
2007,RS,2,19,220,IST,PTFG,"WOODS, LOREN",FTM,Free Throw In,1,-1,-1, ,,,,20,01:00,43,26,
2007,RS,2,19,223,MIL,PTES,"GADSON, CHEYNE",FTM,Free Throw In,1,-1,-1, ,,,,20,01:00,43,27,
2007,RS,2,19,224,MIL,PTES,"GADSON, CHEYNE",FTM,Free Throw In,1,-1,-1, ,,,,20,01:00,43,28,
2007,RS,2,19,225,IST,PAWN,"GONLUM, KEREM",2FGA,Missed Two Pointer,0,-105,66,D,,,,20,01:00,43,28,
2007,RS,2,19,227,MIL,PAUT,"VUKCEVIC, DUSAN",3FGA,Missed Three Pointer,0,176,658,G,,,,20,01:00,43,28,
2007,RS,2,19,229,IST,PKNG,"NICHOLAS, ANDREW",3FGM,Three Pointer,3,433,630,G,,,,20,01:00,46,28,
2007,RS,2,19,238,IST,PBXD,"PENN, JAMES",2FGA,Missed Two Pointer,0,-123,74,D,,,,21,10:00,46,28,
2007,RS,2,19,240,MIL,PTEP,"GAINES, REECE",2FGAB,Missed Two Pointer,0,82,58,C,,,,21,10:00,46,28,
2007,RS,2,19,246,MIL,PKNZ,"WATSON, TRAVIS",2FGM,Two Pointer,2,66,41,C,,,,21,10:00,46,30,
2007,RS,2,19,249,IST,PKNG,"NICHOLAS, ANDREW",3FGM,Three Pointer,3,320,607,G,,,,22,09:00,49,30,
2007,RS,2,19,253,IST,PKNG,"NICHOLAS, ANDREW",FTM,Free Throw In,1,-1,-1, ,,,,22,09:00,50,30,
2007,RS,2,19,254,MIL,PAHU,"BULLERI, MASSIMO",2FGM,Two Pointer,2,412,230,B,,,,22,09:00,50,32,
2007,RS,2,19,255,IST,PKNG,"NICHOLAS, ANDREW",3FGA,Missed Three Pointer,0,607,410,A,,,,22,09:00,50,32,
2007,RS,2,19,261,MIL,PAUT,"VUKCEVIC, DUSAN",2FGA,Missed Two Pointer,0,-200,61,D,,,,22,09:00,50,32,
2007,RS,2,19,264,IST,PTFG,"WOODS, LOREN",2FGM,Two Pointer,2,74,35,C,,,,23,08:00,52,32,
2007,RS,2,19,266,MIL,PLGS,"SESAY, ANSU",2FGA,Missed Two Pointer,0,-174,448,I,,,,23,08:00,52,32,
2007,RS,2,19,271,IST,PAWN,"GONLUM, KEREM",2FGA,Missed Two Pointer,0,-548,148,E,,,,24,07:00,52,32,
2007,RS,2,19,273,MIL,PAHU,"BULLERI, MASSIMO",3FGM,Three Pointer,3,141,661,G,,,,24,07:00,52,35,
2007,RS,2,19,274,IST,PKNG,"NICHOLAS, ANDREW",3FGA,Missed Three Pointer,0,666,-10,A,,,,24,07:00,52,35,
2007,RS,2,19,289,MIL,PTEP,"GAINES, REECE",3FGA,Missed Three Pointer,0,-279,646,J,,,,25,06:00,52,35,
2007,RS,2,19,291,IST,PBDQ,"ERDOGAN, SERKAN",2FGM,Two Pointer,2,-574,74,E,,,,25,06:00,54,35,
2007,RS,2,19,293,MIL,PTEP,"GAINES, REECE",2FGA,Missed Two Pointer,0,269,217,B,,,,26,05:00,54,35,
2007,RS,2,19,295,IST,PKOJ,"GREGORY, KENNY",2FGM,Two Pointer,2,-48,200,D,,,,26,05:00,56,35,
2007,RS,2,19,304,MIL,PTEP,"GAINES, REECE",FTM,Free Throw In,1,-1,-1, ,,,,26,05:00,56,36,
2007,RS,2,19,305,MIL,PTEP,"GAINES, REECE",FTM,Free Throw In,1,-1,-1, ,,,,26,05:00,56,37,
2007,RS,2,19,306,MIL,PTEP,"GAINES, REECE",2FGM,Two Pointer,2,197,138,C,,,,26,05:00,56,39,
2007,RS,2,19,307,IST,PBKM,"KUQO, ERMAL",2FGM,Two Pointer,2,138,105,C,,,,26,05:00,58,39,
2007,RS,2,19,309,MIL,PTEP,"GAINES, REECE",2FGM,Two Pointer,2,33,125,C,,,,27,04:00,58,41,
2007,RS,2,19,310,IST,PKCH,"HUTSON, ANDRE",2FGAB,Missed Two Pointer,0,-92,179,D,,,,27,04:00,58,41,
2007,RS,2,19,315,IST,PBKM,"KUQO, ERMAL",2FGM,Two Pointer,2,-82,56,D,,,,27,04:00,60,41,
2007,RS,2,19,321,MIL,PTEP,"GAINES, REECE",FTM,Free Throw In,1,-1,-1, ,,,,28,03:00,60,42,
2007,RS,2,19,322,MIL,PTEP,"GAINES, REECE",FTM,Free Throw In,1,-1,-1, ,,,,28,03:00,60,43,
2007,RS,2,19,325,MIL,PTES,"GADSON, CHEYNE",2FGA,Missed Two Pointer,0,-64,84,D,,,,28,03:00,60,43,
2007,RS,2,19,327,IST,PBKM,"KUQO, ERMAL",2FGM,Two Pointer,2,-53,56,D,,,,28,03:00,62,43,
2007,RS,2,19,328,MIL,PLGS,"SESAY, ANSU",2FGM,Two Pointer,2,-153,356,D,,,,28,03:00,62,45,
2007,RS,2,19,334,IST,PBKM,"KUQO, ERMAL",FTM,Free Throw In,1,-1,-1, ,,,,29,02:00,63,45,
2007,RS,2,19,335,IST,PBKM,"KUQO, ERMAL",FTM,Free Throw In,1,-1,-1, ,,,,29,02:00,64,45,
2007,RS,2,19,342,IST,PKCH,"HUTSON, ANDRE",2FGA,Missed Two Pointer,0,369,107,B,,,,29,02:00,64,45,
2007,RS,2,19,344,MIL,PTES,"GADSON, CHEYNE",2FGM,Two Pointer,2,94,17,C,,,,29,02:00,64,47,
2007,RS,2,19,346,IST,PKCH,"HUTSON, ANDRE",2FGM,Two Pointer,2,-69,28,D,,,,29,02:00,66,47,
2007,RS,2,19,349,MIL,PBAP,"TOURE, HERVE",2FGM,Two Pointer,2,205,146,C,,,,30,01:00,66,49,
2007,RS,2,19,352,MIL,PBAP,"TOURE, HERVE",FTM,Free Throw In,1,-1,-1, ,,,,30,01:00,66,50,
2007,RS,2,19,353,IST,PBDQ,"ERDOGAN, SERKAN",3FGM,Three Pointer,3,-666,-43,F,,,,30,01:00,69,50,
2007,RS,2,19,355,MIL,PTES,"GADSON, CHEYNE",2FGM,Two Pointer,2,-174,179,D,,,,30,01:00,69,52,
2007,RS,2,19,362,IST,PKCH,"HUTSON, ANDRE",2FGA,Missed Two Pointer,0,-84,123,D,,,,31,10:00,69,52,
2007,RS,2,19,367,IST,PBDQ,"ERDOGAN, SERKAN",FTM,Free Throw In,1,-1,-1, ,,,,31,10:00,70,52,
2007,RS,2,19,368,IST,PBDQ,"ERDOGAN, SERKAN",FTM,Free Throw In,1,-1,-1, ,,,,31,10:00,71,52,
2007,RS,2,19,369,MIL,PBAP,"TOURE, HERVE",3FGM,Three Pointer,3,-648,258,F,,,,31,10:00,71,55,
2007,RS,2,19,370,IST,PBDQ,"ERDOGAN, SERKAN",3FGA,Missed Three Pointer,0,-635,176,F,,,,31,10:00,71,55,
2007,RS,2,19,377,MIL,PTEP,"GAINES, REECE",2FGA,Missed Two Pointer,0,-364,71,E,,,,32,09:00,71,55,
2007,RS,2,19,381,MIL,PTES,"GADSON, CHEYNE",2FGM,Two Pointer,2,87,64,C,,,,32,09:00,71,57,
2007,RS,2,19,383,IST,PBKM,"KUQO, ERMAL",3FGA,Missed Three Pointer,0,443,492,G,,,,32,09:00,71,57,
2007,RS,2,19,394,MIL,PTEP,"GAINES, REECE",FTM,Free Throw In,1,-1,-1, ,,,,33,08:00,71,58,
2007,RS,2,19,396,MIL,PAHU,"BULLERI, MASSIMO",2FGM,Two Pointer,2,89,15,C,,,,33,08:00,71,60,
2007,RS,2,19,402,MIL,PKNZ,"WATSON, TRAVIS",2FGM,Two Pointer,2,-71,12,D,,,,34,07:00,71,62,
2007,RS,2,19,403,IST,PBXD,"PENN, JAMES",2FGA,Missed Two Pointer,0,-30,433,I,,,,34,07:00,71,62,
2007,RS,2,19,405,IST,PBKM,"KUQO, ERMAL",2FGA,Missed Two Pointer,0,133,246,C,,,,34,07:00,71,62,
2007,RS,2,19,416,MIL,PAHU,"BULLERI, MASSIMO",2FGA,Missed Two Pointer,0,282,410,B,,,,35,06:00,71,62,
2007,RS,2,19,418,IST,PBXD,"PENN, JAMES",3FGA,Missed Three Pointer,0,-574,364,F,,,,35,06:00,71,62,
2007,RS,2,19,420,IST,PKCH,"HUTSON, ANDRE",2FGA,Missed Two Pointer,0,-235,97,D,,,,35,06:00,71,62,
2007,RS,2,19,426,IST,PKNG,"NICHOLAS, ANDREW",2FGA,Missed Two Pointer,0,-402,374,E,,,,36,05:00,71,62,
2007,RS,2,19,431,MIL,PTES,"GADSON, CHEYNE",2FGA,Missed Two Pointer,0,197,48,C,,,,36,05:00,71,62,
2007,RS,2,19,433,MIL,PKNZ,"WATSON, TRAVIS",2FGA,Missed Two Pointer,0,141,12,C,,,,36,05:00,71,62,
2007,RS,2,19,436,IST,PKNG,"NICHOLAS, ANDREW",2FGM,Two Pointer,2,-128,76,D,,,,37,04:00,73,62,
2007,RS,2,19,437,MIL,PKNZ,"WATSON, TRAVIS",2FGA,Missed Two Pointer,0,107,53,C,,,,37,04:00,73,62,
2007,RS,2,19,442,IST,PTFG,"WOODS, LOREN",FTM,Free Throw In,1,-1,-1, ,,,,37,04:00,74,62,
2007,RS,2,19,443,IST,PTFG,"WOODS, LOREN",FTM,Free Throw In,1,-1,-1, ,,,,37,04:00,75,62,
2007,RS,2,19,444,MIL,PTES,"GADSON, CHEYNE",2FGAB,Missed Two Pointer,0,51,215,C,,,,37,04:00,75,62,
2007,RS,2,19,449,IST,PKNG,"NICHOLAS, ANDREW",2FGA,Missed Two Pointer,0,17,161,C,,,,38,03:00,75,62,
2007,RS,2,19,451,MIL,PLGS,"SESAY, ANSU",3FGM,Three Pointer,3,71,684,G,,,,38,03:00,75,65,
2007,RS,2,19,461,IST,PKOJ,"GREGORY, KENNY",2FGA,Missed Two Pointer,0,56,371,C,,,,38,03:00,75,65,
2007,RS,2,19,464,MIL,PTEP,"GAINES, REECE",2FGA,Missed Two Pointer,0,123,71,C,,,,39,02:00,75,65,
2007,RS,2,19,466,IST,PKOJ,"GREGORY, KENNY",2FGM,Two Pointer,2,-92,64,D,,,,39,02:00,77,65,
2007,RS,2,19,472,IST,PKOJ,"GREGORY, KENNY",FTM,Free Throw In,1,-1,-1, ,,,,39,02:00,78,65,
2007,RS,2,19,475,MIL,PTES,"GADSON, CHEYNE",2FGA,Missed Two Pointer,0,107,171,C,,,,39,02:00,78,65,
2007,RS,2,19,477,MIL,PCUG,"SHAW, JOSEPH CASEY",2FGAB,Missed Two Pointer,0,17,105,C,,,,39,02:00,78,65,
2007,RS,2,19,480,IST,PKCH,"HUTSON, ANDRE",2FGA,Missed Two Pointer,0,-215,210,D,,,,39,02:00,78,65,
2007,RS,2,19,486,MIL,PCUG,"SHAW, JOSEPH CASEY",FTM,Free Throw In,1,-1,-1, ,,,,39,02:00,78,66,
2007,RS,2,19,487,MIL,PCUG,"SHAW, JOSEPH CASEY",FTM,Free Throw In,1,-1,-1, ,,,,39,02:00,78,67,
2007,RS,2,19,489,MIL,PAHU,"BULLERI, MASSIMO",3FGA,Missed Three Pointer,0,-546,438,J,,,,40,01:00,78,67,
2007,RS,2,19,491,IST,PKCH,"HUTSON, ANDRE",2FGM,Two Pointer,2,384,23,B,,,,40,01:00,80,67,
2007,RS,2,19,493,MIL,PLGS,"SESAY, ANSU",2FGA,Missed Two Pointer,0,-10,330,D,,,,40,01:00,80,67,
2007,RS,2,19,495,IST,PKNG,"NICHOLAS, ANDREW",3FGA,Missed Three Pointer,0,679,82,A,,,,40,01:00,80,67,
2007,RS,2,19,497,MIL,PTES,"GADSON, CHEYNE",2FGA,Missed Two Pointer,0,-115,120,D,,,,40,01:00,80,67,
2007,RS,2,19,499,MIL,PLGS,"SESAY, ANSU",3FGM,Three Pointer,3,653,102,A,,,,40,01:00,80,70,
2007,RS,2,20,6,CIB,PKXF,"AYUSO, LARRY",3FGM,Three Pointer,3,-525,484,J,,,,1,10:00,0,3,
2007,RS,2,20,7,MAL,PKMV,"HAISLIP, MARCUS",2FGM,Two Pointer,2,228,33,C,,,,1,10:00,2,3,
2007,RS,2,20,9,CIB,PLCC,"WARREN, CHRIS",2FGA,Missed Two Pointer,0,494,41,B,,,,2,09:00,2,3,
2007,RS,2,20,12,CIB,PLCC,"WARREN, CHRIS",2FGA,Missed Two Pointer,0,38,58,C,,,,2,09:00,2,3,
2007,RS,2,20,14,MAL,PKMV,"HAISLIP, MARCUS",2FGA,Missed Two Pointer,0,584,107,B,,,,2,09:00,2,3,
2007,RS,2,20,16,CIB,PKXF,"AYUSO, LARRY",2FGM,Two Pointer,2,69,20,C,,,,2,09:00,2,5,
2007,RS,2,20,18,MAL,PKMV,"HAISLIP, MARCUS",2FGA,Missed Two Pointer,0,-210,28,D,,,,3,08:00,2,5,
2007,RS,2,20,20,CIB,PAON,"KRASIC, BARISA",2FGA,Missed Two Pointer,0,-169,23,D,,,,3,08:00,2,5,
2007,RS,2,20,22,MAL,PKML,"SANTIAGO, DANIEL",2FGM,Two Pointer,2,-5,164,D,,,,3,08:00,4,5,
2007,RS,2,20,29,CIB,PTFE,"KELLEY, TRE",2FGM,Two Pointer,2,0,7,D,,,,3,08:00,4,7,
2007,RS,2,20,35,CIB,PJDQ,"ANDRIC, LUKSA",3FGM,Three Pointer,3,-666,25,F,,,,4,07:00,4,10,
2007,RS,2,20,36,MAL,PAAS,"JIMENEZ, CARLOS",3FGAB,Missed Three Pointer,0,674,5,A,,,,4,07:00,4,10,
2007,RS,2,20,40,MAL,PAWS,"RODRIGUEZ, BERNI",3FGA,Missed Three Pointer,0,-641,189,F,,,,4,07:00,4,10,
2007,RS,2,20,42,MAL,PKMV,"HAISLIP, MARCUS",2FGA,Missed Two Pointer,0,-71,48,D,,,,4,07:00,4,10,
2007,RS,2,20,52,MAL,PKML,"SANTIAGO, DANIEL",2FGM,Two Pointer,2,-5,2,D,,,,5,06:00,6,10,
2007,RS,2,20,53,CIB,PLCC,"WARREN, CHRIS",2FGAB,Missed Two Pointer,0,241,17,C,,,,5,06:00,6,10,
2007,RS,2,20,57,MAL,PBOV,"POPOVIC, BOJAN",3FGA,Missed Three Pointer,0,592,297,A,,,,5,06:00,6,10,
2007,RS,2,20,59,MAL,PAAS,"JIMENEZ, CARLOS",2FGM,Two Pointer,2,-51,2,D,,,,5,06:00,8,10,
2007,RS,2,20,61,CIB,PTFE,"KELLEY, TRE",2FGA,Missed Two Pointer,0,79,25,C,,,,6,05:00,8,10,
2007,RS,2,20,63,CIB,PJDQ,"ANDRIC, LUKSA",2FGM,Two Pointer,2,-48,10,D,,,,6,05:00,8,12,
2007,RS,2,20,64,MAL,PBOV,"POPOVIC, BOJAN",2FGA,Missed Two Pointer,0,105,25,C,,,,6,05:00,8,12,
2007,RS,2,20,73,MAL,PAGQ,"WELSCH, JIRI",FTM,Free Throw In,1,-1,-1, ,,,,6,05:00,9,12,
2007,RS,2,20,75,CIB,PLCC,"WARREN, CHRIS",2FGA,Missed Two Pointer,0,-89,17,D,,,,7,04:00,9,12,
2007,RS,2,20,81,MAL,PAWS,"RODRIGUEZ, BERNI",FTM,Free Throw In,1,-1,-1, ,,,,7,04:00,10,12,
2007,RS,2,20,82,MAL,PAWS,"RODRIGUEZ, BERNI",FTM,Free Throw In,1,-1,-1, ,,,,7,04:00,11,12,
2007,RS,2,20,83,CIB,PLCC,"WARREN, CHRIS",2FGM,Two Pointer,2,-358,484,I,,,,7,04:00,11,14,
2007,RS,2,20,87,MAL,PKML,"SANTIAGO, DANIEL",FTM,Free Throw In,1,-1,-1, ,,,,8,03:00,12,14,
2007,RS,2,20,94,CIB,PKXF,"AYUSO, LARRY",3FGA,Missed Three Pointer,0,-192,674,J,,,,8,03:00,12,14,
2007,RS,2,20,100,MAL,PKML,"SANTIAGO, DANIEL",FTM,Free Throw In,1,-1,-1, ,,,,9,02:00,13,14,
2007,RS,2,20,103,CIB,PLUI,"HOSKIN, SAM",2FGA,Missed Two Pointer,0,333,15,B,,,,9,02:00,13,14,
2007,RS,2,20,106,MAL,PKML,"SANTIAGO, DANIEL",2FGM,Two Pointer,2,-7,-2,D,,,,9,02:00,15,14,
2007,RS,2,20,111,CIB,PAON,"KRASIC, BARISA",2FGM,Two Pointer,2,-184,10,D,,,,9,02:00,15,16,
2007,RS,2,20,115,MAL,PAWS,"RODRIGUEZ, BERNI",FTM,Free Throw In,1,-1,-1, ,,,,10,01:00,16,16,
2007,RS,2,20,118,CIB,PLCC,"WARREN, CHRIS",2FGM,Two Pointer,2,66,17,C,,,,10,01:00,16,18,
2007,RS,2,20,120,MAL,PKML,"SANTIAGO, DANIEL",2FGM,Two Pointer,2,-76,15,D,,,,10,01:00,18,18,
2007,RS,2,20,125,MAL,PKML,"SANTIAGO, DANIEL",FTM,Free Throw In,1,-1,-1, ,,,,10,01:00,19,18,
2007,RS,2,20,136,MAL,PAWX,"CABEZAS, CARLOS",2FGM,Two Pointer,2,23,241,C,,,,10,01:00,21,18,
2007,RS,2,20,143,CIB,PKXF,"AYUSO, LARRY",2FGA,Missed Two Pointer,0,-569,58,E,,,,11,10:00,21,18,
2007,RS,2,20,148,CIB,PJDQ,"ANDRIC, LUKSA",2FGA,Missed Two Pointer,0,-461,315,E,,,,11,10:00,21,18,
2007,RS,2,20,151,MAL,PAAS,"JIMENEZ, CARLOS",3FGM,Three Pointer,3,682,12,A,,,,11,10:00,24,18,
2007,RS,2,20,154,CIB,PTFE,"KELLEY, TRE",2FGAB,Missed Two Pointer,0,87,135,C,,,,12,09:00,24,18,
2007,RS,2,20,158,MAL,PAWX,"CABEZAS, CARLOS",2FGA,Missed Two Pointer,0,-225,164,D,,,,12,09:00,24,18,
2007,RS,2,20,164,CIB,PTFE,"KELLEY, TRE",FTM,Free Throw In,1,-1,-1, ,,,,12,09:00,24,19,
2007,RS,2,20,165,CIB,PTFE,"KELLEY, TRE",FTM,Free Throw In,1,-1,-1, ,,,,12,09:00,24,20,
2007,RS,2,20,170,CIB,PLCC,"WARREN, CHRIS",FTM,Free Throw In,1,-1,-1, ,,,,12,09:00,24,21,
2007,RS,2,20,171,CIB,PLCC,"WARREN, CHRIS",FTM,Free Throw In,1,-1,-1, ,,,,12,09:00,24,22,
2007,RS,2,20,176,CIB,PTFE,"KELLEY, TRE",2FGM,Two Pointer,2,69,15,C,,,,13,08:00,24,24,
2007,RS,2,20,177,MAL,PAGQ,"WELSCH, JIRI",2FGA,Missed Two Pointer,0,-456,-10,E,,,,13,08:00,24,24,
2007,RS,2,20,179,MAL,PAGQ,"WELSCH, JIRI",3FGA,Missed Three Pointer,0,-630,217,F,,,,13,08:00,24,24,
2007,RS,2,20,188,MAL,PTGE,"N'DONG, BONIFACE",FTM,Free Throw In,1,-1,-1, ,,,,14,07:00,25,24,
2007,RS,2,20,189,MAL,PTGE,"N'DONG, BONIFACE",FTM,Free Throw In,1,-1,-1, ,,,,14,07:00,26,24,
2007,RS,2,20,190,CIB,PTFE,"KELLEY, TRE",3FGM,Three Pointer,3,625,248,A,,,,14,07:00,26,27,
2007,RS,2,20,192,MAL,PAFJ,"KUS, DAVOR",3FGM,Three Pointer,3,-661,130,F,,,,14,07:00,29,27,
2007,RS,2,20,193,CIB,PTFE,"KELLEY, TRE",3FGA,Missed Three Pointer,0,-335,594,J,,,,14,07:00,29,27,
2007,RS,2,20,197,MAL,PBIM,"GABRIEL, GERMAN",3FGM,Three Pointer,3,148,638,G,,,,15,06:00,32,27,
2007,RS,2,20,198,CIB,PJDQ,"ANDRIC, LUKSA",2FGA,Missed Two Pointer,0,289,364,B,,,,15,06:00,32,27,
2007,RS,2,20,201,MAL,PBIM,"GABRIEL, GERMAN",3FGM,Three Pointer,3,-407,551,J,,,,15,06:00,35,27,
2007,RS,2,20,209,CIB,PAON,"KRASIC, BARISA",3FGA,Missed Three Pointer,0,528,-38,B,,,,15,06:00,35,27,
2007,RS,2,20,212,CIB,PCJE,"KASTROPIL, FRANKO",2FGA,Missed Two Pointer,0,-200,25,D,,,,16,05:00,35,27,
2007,RS,2,20,217,CIB,PAON,"KRASIC, BARISA",2FGM,Two Pointer,2,-76,15,D,,,,16,05:00,35,29,
2007,RS,2,20,223,MAL,PBIM,"GABRIEL, GERMAN",FTM,Free Throw In,1,-1,-1, ,,,,16,05:00,36,29,
2007,RS,2,20,224,MAL,PBIM,"GABRIEL, GERMAN",FTM,Free Throw In,1,-1,-1, ,,,,16,05:00,37,29,
2007,RS,2,20,225,MAL,PBIM,"GABRIEL, GERMAN",FTM,Free Throw In,1,-1,-1, ,,,,16,05:00,38,29,
2007,RS,2,20,227,CIB,PAPL,"MULAOMEROVIC, DAMIR",2FGM,Two Pointer,2,20,112,C,,,,17,04:00,38,31,
2007,RS,2,20,228,MAL,PAWX,"CABEZAS, CARLOS",2FGM,Two Pointer,2,-92,23,D,,,,17,04:00,40,31,
2007,RS,2,20,231,MAL,PAWX,"CABEZAS, CARLOS",FTM,Free Throw In,1,-1,-1, ,,,,17,04:00,41,31,
2007,RS,2,20,235,MAL,PAFJ,"KUS, DAVOR",2FGM,Two Pointer,2,58,5,C,,,,17,04:00,43,31,
2007,RS,2,20,241,CIB,PAON,"KRASIC, BARISA",FTM,Free Throw In,1,-1,-1, ,,,,18,03:00,43,32,
2007,RS,2,20,244,MAL,PAWS,"RODRIGUEZ, BERNI",2FGM,Two Pointer,2,102,38,C,,,,18,03:00,45,32,
2007,RS,2,20,249,MAL,PAWS,"RODRIGUEZ, BERNI",FTM,Free Throw In,1,-1,-1, ,,,,18,03:00,46,32,
2007,RS,2,20,252,CIB,PJJV,"ROZIC, MARIN",3FGA,Missed Three Pointer,0,-238,643,J,,,,18,03:00,46,32,
2007,RS,2,20,264,CIB,PKXF,"AYUSO, LARRY",FTM,Free Throw In,1,-1,-1, ,,,,19,02:00,46,33,
2007,RS,2,20,265,CIB,PKXF,"AYUSO, LARRY",FTM,Free Throw In,1,-1,-1, ,,,,19,02:00,46,34,
2007,RS,2,20,267,MAL,PAGQ,"WELSCH, JIRI",3FGM,Three Pointer,3,-607,297,F,,,,19,02:00,49,34,
2007,RS,2,20,268,CIB,PJJV,"ROZIC, MARIN",2FGAB,Missed Two Pointer,0,-156,5,D,,,,19,02:00,49,34,
2007,RS,2,20,277,MAL,PBOV,"POPOVIC, BOJAN",FTM,Free Throw In,1,-1,-1, ,,,,20,01:00,50,34,
2007,RS,2,20,278,MAL,PBOV,"POPOVIC, BOJAN",FTM,Free Throw In,1,-1,-1, ,,,,20,01:00,51,34,
2007,RS,2,20,279,CIB,PKXF,"AYUSO, LARRY",3FGA,Missed Three Pointer,0,320,617,G,,,,20,01:00,51,34,
2007,RS,2,20,282,MAL,PBIM,"GABRIEL, GERMAN",3FGM,Three Pointer,3,-158,653,J,,,,20,01:00,54,34,
2007,RS,2,20,283,CIB,PAPL,"MULAOMEROVIC, DAMIR",3FGA,Missed Three Pointer,0,369,579,G,,,,20,01:00,54,34,
2007,RS,2,20,285,MAL,PBIM,"GABRIEL, GERMAN",3FGA,Missed Three Pointer,0,664,7,A,,,,20,01:00,54,34,
2007,RS,2,20,296,MAL,PBOV,"POPOVIC, BOJAN",2FGA,Missed Two Pointer,0,217,371,B,,,,21,10:00,54,34,
2007,RS,2,20,298,CIB,PKXF,"AYUSO, LARRY",2FGM,Two Pointer,2,-38,174,D,,,,21,10:00,54,36,
2007,RS,2,20,306,CIB,PTFE,"KELLEY, TRE",FTM,Free Throw In,1,-1,-1, ,,,,22,09:00,54,37,
2007,RS,2,20,307,MAL,PKML,"SANTIAGO, DANIEL",2FGM,Two Pointer,2,94,12,C,,,,22,09:00,56,37,
2007,RS,2,20,310,CIB,PLCC,"WARREN, CHRIS",2FGM,Two Pointer,2,100,12,C,,,,22,09:00,56,39,
2007,RS,2,20,315,MAL,PAFJ,"KUS, DAVOR",3FGM,Three Pointer,3,-458,500,J,,,,23,08:00,59,39,
2007,RS,2,20,316,CIB,PJDQ,"ANDRIC, LUKSA",2FGM,Two Pointer,2,30,123,C,,,,23,08:00,59,41,
2007,RS,2,20,318,MAL,PAFJ,"KUS, DAVOR",2FGA,Missed Two Pointer,0,107,28,C,,,,24,07:00,59,41,
2007,RS,2,20,320,CIB,PKXF,"AYUSO, LARRY",3FGA,Missed Three Pointer,0,-579,335,F,,,,24,07:00,59,41,
2007,RS,2,20,326,CIB,PLCC,"WARREN, CHRIS",2FGAB,Missed Two Pointer,0,125,61,C,,,,24,07:00,59,41,
2007,RS,2,20,331,MAL,PKMV,"HAISLIP, MARCUS",2FGM,Two Pointer,2,-651,166,F,,,,24,07:00,61,41,
2007,RS,2,20,333,CIB,PTFE,"KELLEY, TRE",3FGA,Missed Three Pointer,0,402,535,G,,,,25,06:00,61,41,
2007,RS,2,20,336,CIB,PLCC,"WARREN, CHRIS",2FGA,Missed Two Pointer,0,-76,46,D,,,,25,06:00,61,41,
2007,RS,2,20,343,MAL,PKMV,"HAISLIP, MARCUS",2FGM,Two Pointer,2,-151,28,D,,,,25,06:00,63,41,
2007,RS,2,20,350,CIB,PKXF,"AYUSO, LARRY",3FGA,Missed Three Pointer,0,587,361,A,,,,26,05:00,63,41,
2007,RS,2,20,356,MAL,PAFJ,"KUS, DAVOR",2FGM,Two Pointer,2,-138,256,D,,,,26,05:00,65,41,
2007,RS,2,20,357,CIB,PTFE,"KELLEY, TRE",2FGA,Missed Two Pointer,0,-87,30,D,,,,26,05:00,65,41,
2007,RS,2,20,359,MAL,PAWS,"RODRIGUEZ, BERNI",3FGA,Missed Three Pointer,0,658,92,A,,,,26,05:00,65,41,
2007,RS,2,20,364,CIB,PJDQ,"ANDRIC, LUKSA",FTM,Free Throw In,1,-1,-1, ,,,,26,05:00,65,42,
2007,RS,2,20,365,CIB,PJDQ,"ANDRIC, LUKSA",FTM,Free Throw In,1,-1,-1, ,,,,26,05:00,65,43,
2007,RS,2,20,369,MAL,PAFJ,"KUS, DAVOR",FTM,Free Throw In,1,-1,-1, ,,,,27,04:00,66,43,
2007,RS,2,20,370,MAL,PAFJ,"KUS, DAVOR",FTM,Free Throw In,1,-1,-1, ,,,,27,04:00,67,43,
2007,RS,2,20,374,MAL,PAFJ,"KUS, DAVOR",3FGM,Three Pointer,3,-584,338,F,,,,27,04:00,70,43,
2007,RS,2,20,394,MAL,PKMV,"HAISLIP, MARCUS",3FGA,Missed Three Pointer,0,202,658,G,,,,28,03:00,70,43,
2007,RS,2,20,396,CIB,PJDQ,"ANDRIC, LUKSA",3FGA,Missed Three Pointer,0,694,33,A,,,,28,03:00,70,43,
2007,RS,2,20,399,MAL,PAFJ,"KUS, DAVOR",2FGM,Two Pointer,2,71,30,C,,,,28,03:00,72,43,
2007,RS,2,20,400,CIB,PAPL,"MULAOMEROVIC, DAMIR",3FGM,Three Pointer,3,387,553,G,,,,28,03:00,72,46,
2007,RS,2,20,402,MAL,PAGQ,"WELSCH, JIRI",3FGA,Missed Three Pointer,0,-84,682,J,,,,29,02:00,72,46,
2007,RS,2,20,408,MAL,PKMV,"HAISLIP, MARCUS",3FGM,Three Pointer,3,-176,656,J,,,,29,02:00,75,46,
2007,RS,2,20,409,CIB,PLUI,"HOSKIN, SAM",2FGA,Missed Two Pointer,0,58,533,H,,,,29,02:00,75,46,
2007,RS,2,20,411,MAL,PAFJ,"KUS, DAVOR",3FGM,Three Pointer,3,571,351,A,,,,29,02:00,78,46,
2007,RS,2,20,418,CIB,PTFE,"KELLEY, TRE",2FGM,Two Pointer,2,-76,20,D,,,,30,01:00,78,48,
2007,RS,2,20,419,MAL,PBOV,"POPOVIC, BOJAN",3FGA,Missed Three Pointer,0,-502,1210,J,,,,30,01:00,78,48,
2007,RS,2,20,430,CIB,PLUI,"HOSKIN, SAM",2FGA,Missed Two Pointer,0,-71,15,D,,,,31,10:00,78,48,
2007,RS,2,20,432,MAL,PBIM,"GABRIEL, GERMAN",3FGA,Missed Three Pointer,0,-33,687,J,,,,31,10:00,78,48,
2007,RS,2,20,434,MAL,PTGE,"N'DONG, BONIFACE",2FGM,Two Pointer,2,-141,20,D,,,,31,10:00,80,48,
2007,RS,2,20,436,CIB,PTFE,"KELLEY, TRE",2FGM,Two Pointer,2,-84,153,D,,,,32,09:00,80,50,
2007,RS,2,20,439,CIB,PKXF,"AYUSO, LARRY",2FGM,Two Pointer,2,-58,12,D,,,,32,09:00,80,52,
2007,RS,2,20,440,MAL,PTGE,"N'DONG, BONIFACE",2FGA,Missed Two Pointer,0,125,105,C,,,,32,09:00,80,52,
2007,RS,2,20,444,MAL,PAGQ,"WELSCH, JIRI",3FGA,Missed Three Pointer,0,-676,-56,F,,,,32,09:00,80,52,
2007,RS,2,20,446,MAL,PAWX,"CABEZAS, CARLOS",2FGM,Two Pointer,2,2,182,D,,,,32,09:00,82,52,
2007,RS,2,20,450,MAL,PAFJ,"KUS, DAVOR",3FGM,Three Pointer,3,-405,553,J,,,,32,09:00,85,52,
2007,RS,2,20,451,CIB,PTFE,"KELLEY, TRE",2FGA,Missed Two Pointer,0,412,207,B,,,,32,09:00,85,52,
2007,RS,2,20,465,CIB,PLUI,"HOSKIN, SAM",2FGM,Two Pointer,2,-441,235,E,,,,34,07:00,85,54,
2007,RS,2,20,467,MAL,PTGE,"N'DONG, BONIFACE",2FGM,Two Pointer,2,0,5,D,,,,34,07:00,87,54,
2007,RS,2,20,468,CIB,PLUI,"HOSKIN, SAM",3FGM,Three Pointer,3,-292,612,J,,,,34,07:00,87,57,
2007,RS,2,20,470,MAL,PAAS,"JIMENEZ, CARLOS",2FGM,Two Pointer,2,61,12,C,,,,35,06:00,89,57,
2007,RS,2,20,475,CIB,PKXF,"AYUSO, LARRY",FTM,Free Throw In,1,-1,-1, ,,,,35,06:00,89,58,
2007,RS,2,20,476,CIB,PKXF,"AYUSO, LARRY",FTM,Free Throw In,1,-1,-1, ,,,,35,06:00,89,59,
2007,RS,2,20,479,CIB,PKXF,"AYUSO, LARRY",3FGA,Missed Three Pointer,0,364,564,G,,,,35,06:00,89,59,
2007,RS,2,20,482,MAL,PAGQ,"WELSCH, JIRI",2FGM,Two Pointer,2,-53,17,D,,,,35,06:00,91,59,
2007,RS,2,20,484,CIB,PLUI,"HOSKIN, SAM",2FGA,Missed Two Pointer,0,346,487,H,,,,36,05:00,91,59,
2007,RS,2,20,486,MAL,PBIM,"GABRIEL, GERMAN",3FGA,Missed Three Pointer,0,79,666,G,,,,36,05:00,91,59,
2007,RS,2,20,488,MAL,PAAS,"JIMENEZ, CARLOS",3FGA,Missed Three Pointer,0,-669,35,F,,,,36,05:00,91,59,
2007,RS,2,20,492,CIB,PJDQ,"ANDRIC, LUKSA",2FGA,Missed Two Pointer,0,435,174,B,,,,37,04:00,91,59,
2007,RS,2,20,495,MAL,PTGE,"N'DONG, BONIFACE",2FGM,Two Pointer,2,0,5,D,,,,37,04:00,93,59,
2007,RS,2,20,505,CIB,PTFD,"VUKUSIC, VEDRAN",2FGM,Two Pointer,2,71,58,C,,,,37,04:00,93,61,
2007,RS,2,20,509,CIB,PTFD,"VUKUSIC, VEDRAN",FTM,Free Throw In,1,-1,-1, ,,,,37,04:00,93,62,
2007,RS,2,20,511,MAL,PAAS,"JIMENEZ, CARLOS",2FGA,Missed Two Pointer,0,220,79,C,,,,38,03:00,93,62,
2007,RS,2,20,513,MAL,PTGE,"N'DONG, BONIFACE",2FGM,Two Pointer,2,5,12,C,,,,38,03:00,95,62,
2007,RS,2,20,514,CIB,PJDQ,"ANDRIC, LUKSA",3FGA,Missed Three Pointer,0,-38,679,J,,,,38,03:00,95,62,
2007,RS,2,20,516,MAL,PBIM,"GABRIEL, GERMAN",2FGAB,Missed Two Pointer,0,-189,10,D,,,,38,03:00,95,62,
2007,RS,2,20,520,MAL,PTGE,"N'DONG, BONIFACE",2FGM,Two Pointer,2,-2,169,D,,,,38,03:00,97,62,
2007,RS,2,20,528,MAL,PAAS,"JIMENEZ, CARLOS",2FGA,Missed Two Pointer,0,156,23,C,,,,39,02:00,97,62,
2007,RS,2,20,531,CIB,PTFD,"VUKUSIC, VEDRAN",2FGM,Two Pointer,2,41,38,C,,,,39,02:00,97,64,
2007,RS,2,20,537,MAL,PAGQ,"WELSCH, JIRI",FTM,Free Throw In,1,-1,-1, ,,,,40,01:00,98,64,
2007,RS,2,20,543,MAL,PBIM,"GABRIEL, GERMAN",FTM,Free Throw In,1,-1,-1, ,,,,40,01:00,99,64,
2007,RS,2,20,545,MAL,PBIM,"GABRIEL, GERMAN",FTM,Free Throw In,1,-1,-1, ,,,,40,01:00,100,64,
2007,RS,2,20,549,MAL,PAWX,"CABEZAS, CARLOS",2FGM,Two Pointer,2,-110,20,D,,,,40,01:00,102,64,
2007,RS,2,21,3,BAR,PJOB,"MORANDAIS, MICHEL",2FGA,Missed Two Pointer,0,466,-20,B,,,,1,10:00,0,0,
2007,RS,2,21,5,BAR,PAHW,"MARCONATO, DENIS",2FGM,Two Pointer,2,-5,79,D,,,,1,10:00,2,0,
2007,RS,2,21,7,ULK,PAYR,"TURKCAN, MIRSAD",2FGA,Missed Two Pointer,0,23,215,C,,,,1,10:00,2,0,
2007,RS,2,21,10,BAR,PAHW,"MARCONATO, DENIS",2FGM,Two Pointer,2,-74,64,D,,,,2,09:00,4,0,
2007,RS,2,21,12,ULK,PCOS,"SOLOMON, WILLIE",2FGM,Two Pointer,2,-348,446,I,,,,2,09:00,4,2,
2007,RS,2,21,13,BAR,PAHW,"MARCONATO, DENIS",3FGA,Missed Three Pointer,0,-94,728,J,,,,2,09:00,4,2,
2007,RS,2,21,16,ULK,PTHC,"WHITE, JAMES",3FGM,Three Pointer,3,-223,687,J,,,,3,08:00,4,5,
2007,RS,2,21,17,BAR,PJJF,"TRIAS, JORDI",2FGM,Two Pointer,2,-5,5,D,,,,3,08:00,6,5,
2007,RS,2,21,19,ULK,PCOS,"SOLOMON, WILLIE",3FGM,Three Pointer,3,-5,694,J,,,,3,08:00,6,8,
2007,RS,2,21,26,BAR,PJOB,"MORANDAIS, MICHEL",2FGM,Two Pointer,2,-87,138,D,,,,4,07:00,8,8,
2007,RS,2,21,29,BAR,PJJF,"TRIAS, JORDI",2FGA,Missed Two Pointer,0,-120,225,D,,,,4,07:00,8,8,
2007,RS,2,21,31,BAR,PJKP,"ILYASOVA, ERSAN",2FGM,Two Pointer,2,-84,48,D,,,,4,07:00,10,8,
2007,RS,2,21,33,ULK,PCOS,"SOLOMON, WILLIE",2FGM,Two Pointer,2,166,25,C,,,,5,06:00,10,10,
2007,RS,2,21,34,BAR,PJKP,"ILYASOVA, ERSAN",2FGM,Two Pointer,2,-164,15,D,,,,5,06:00,12,10,
2007,RS,2,21,36,ULK,PTHC,"WHITE, JAMES",2FGA,Missed Two Pointer,0,-358,305,E,,,,5,06:00,12,10,
2007,RS,2,21,41,BAR,PJJF,"TRIAS, JORDI",2FGA,Missed Two Pointer,0,148,35,C,,,,6,05:00,12,10,
2007,RS,2,21,43,ULK,PCOS,"SOLOMON, WILLIE",2FGAB,Missed Two Pointer,0,105,76,C,,,,6,05:00,12,10,
2007,RS,2,21,47,BAR,PATA,"LAKOVIC, JAKA",2FGM,Two Pointer,2,-143,87,D,,,,6,05:00,14,10,
2007,RS,2,21,48,ULK,PARO,"ONAN, OMER",3FGA,Missed Three Pointer,0,148,700,G,,,,6,05:00,14,10,
2007,RS,2,21,50,BAR,PATA,"LAKOVIC, JAKA",3FGA,Missed Three Pointer,0,-587,348,F,,,,6,05:00,14,10,
2007,RS,2,21,59,BAR,PJOB,"MORANDAIS, MICHEL",2FGM,Two Pointer,2,-123,207,D,,,,7,04:00,16,10,
2007,RS,2,21,60,ULK,PJYB,"ERDEN, SEMIH",2FGA,Missed Two Pointer,0,7,146,C,,,,7,04:00,16,10,
2007,RS,2,21,62,BAR,PJOB,"MORANDAIS, MICHEL",2FGA,Missed Two Pointer,0,379,361,B,,,,7,04:00,16,10,
2007,RS,2,21,64,BAR,PJJF,"TRIAS, JORDI",2FGM,Two Pointer,2,-105,43,D,,,,7,04:00,18,10,
2007,RS,2,21,79,BAR,PJKP,"ILYASOVA, ERSAN",3FGM,Three Pointer,3,-625,261,F,,,,8,03:00,21,10,
2007,RS,2,21,82,BAR,PJJF,"TRIAS, JORDI",2FGA,Missed Two Pointer,0,-371,202,E,,,,9,02:00,21,10,
2007,RS,2,21,84,ULK,PTHC,"WHITE, JAMES",2FGA,Missed Two Pointer,0,179,82,C,,,,9,02:00,21,10,
2007,RS,2,21,86,BAR,PJKP,"ILYASOVA, ERSAN",2FGA,Missed Two Pointer,0,-117,20,D,,,,9,02:00,21,10,
2007,RS,2,21,88,ULK,PTFH,"PRELDZIC, EMIR",3FGA,Missed Three Pointer,0,623,412,A,,,,9,02:00,21,10,
2007,RS,2,21,90,BAR,PJJF,"TRIAS, JORDI",2FGM,Two Pointer,2,-2,2,D,,,,9,02:00,23,10,
2007,RS,2,21,98,ULK,PARO,"ONAN, OMER",2FGM,Two Pointer,2,158,69,C,,,,10,01:00,23,12,
2007,RS,2,21,100,BAR,PJKP,"ILYASOVA, ERSAN",3FGM,Three Pointer,3,-653,246,F,,,,10,01:00,26,12,
2007,RS,2,21,107,ULK,PJYB,"ERDEN, SEMIH",FTM,Free Throw In,1,-1,-1, ,,,,10,01:00,26,13,
2007,RS,2,21,112,BAR,PJOB,"MORANDAIS, MICHEL",2FGA,Missed Two Pointer,0,194,69,C,,,,10,01:00,26,13,
2007,RS,2,21,120,ULK,PJPF,"SAVAS, OGUZ",2FGM,Two Pointer,2,-2,156,D,,,,11,10:00,26,15,
2007,RS,2,21,127,BAR,PAXC,"VAZQUEZ, FRAN",2FGAB,Missed Two Pointer,0,151,20,C,,,,11,10:00,26,15,
2007,RS,2,21,134,BAR,PAXC,"VAZQUEZ, FRAN",2FGM,Two Pointer,2,-94,58,D,,,,12,09:00,28,15,
2007,RS,2,21,135,ULK,PTFH,"PRELDZIC, EMIR",3FGA,Missed Three Pointer,0,630,358,A,,,,12,09:00,28,15,
2007,RS,2,21,137,ULK,PARO,"ONAN, OMER",3FGM,Three Pointer,3,-533,407,F,,,,12,09:00,28,18,
2007,RS,2,21,142,ULK,PARO,"ONAN, OMER",3FGA,Missed Three Pointer,0,615,379,A,,,,13,08:00,28,18,
2007,RS,2,21,144,BAR,PBKE,"GRIMAU, ROGER",3FGM,Three Pointer,3,682,97,A,,,,13,08:00,31,18,
2007,RS,2,21,146,ULK,PLGA,"KAAN, DAMIR",3FGA,Missed Three Pointer,0,479,515,G,,,,13,08:00,31,18,
2007,RS,2,21,148,ULK,PJYB,"ERDEN, SEMIH",2FGAB,Missed Two Pointer,0,94,23,C,,,,13,08:00,31,18,
2007,RS,2,21,159,BAR,PAXC,"VAZQUEZ, FRAN",2FGA,Missed Two Pointer,0,28,479,H,,,,14,07:00,31,18,
2007,RS,2,21,161,ULK,PJYB,"ERDEN, SEMIH",2FGA,Missed Two Pointer,0,28,489,H,,,,14,07:00,31,18,
2007,RS,2,21,163,BAR,PBOD,"KASUN, MARIO",2FGM,Two Pointer,2,-120,64,D,,,,14,07:00,33,18,
2007,RS,2,21,165,ULK,PAYR,"TURKCAN, MIRSAD",3FGA,Missed Three Pointer,0,-669,-25,F,,,,14,07:00,33,18,
2007,RS,2,21,168,BAR,PAZU,"SANCHEZ, PEPE",2FGM,Two Pointer,2,5,143,C,,,,15,06:00,35,18,
2007,RS,2,21,175,ULK,PARO,"ONAN, OMER",2FGM,Two Pointer,2,-43,320,D,,,,15,06:00,35,20,
2007,RS,2,21,182,ULK,PJYB,"ERDEN, SEMIH",2FGM,Two Pointer,2,92,53,C,,,,16,05:00,35,22,
2007,RS,2,21,186,ULK,PJYB,"ERDEN, SEMIH",FTM,Free Throw In,1,-1,-1, ,,,,16,05:00,35,23,
2007,RS,2,21,195,BAR,PJOB,"MORANDAIS, MICHEL",3FGA,Missed Three Pointer,0,556,425,A,,,,16,05:00,35,23,
2007,RS,2,21,198,ULK,PAYR,"TURKCAN, MIRSAD",2FGM,Two Pointer,2,156,33,C,,,,17,04:00,35,25,
2007,RS,2,21,200,BAR,PBKE,"GRIMAU, ROGER",2FGM,Two Pointer,2,-143,-33,D,,,,17,04:00,37,25,
2007,RS,2,21,201,ULK,PCOS,"SOLOMON, WILLIE",2FGM,Two Pointer,2,7,405,C,,,,17,04:00,37,27,
2007,RS,2,21,202,BAR,PBOD,"KASUN, MARIO",2FGM,Two Pointer,2,-2,5,D,,,,17,04:00,39,27,
2007,RS,2,21,205,ULK,PAYR,"TURKCAN, MIRSAD",3FGA,Missed Three Pointer,0,-674,97,F,,,,18,03:00,39,27,
2007,RS,2,21,211,BAR,PATA,"LAKOVIC, JAKA",3FGM,Three Pointer,3,-543,425,F,,,,18,03:00,42,27,
2007,RS,2,21,213,ULK,PCOS,"SOLOMON, WILLIE",3FGM,Three Pointer,3,-187,671,J,,,,18,03:00,42,30,
2007,RS,2,21,215,BAR,PATA,"LAKOVIC, JAKA",3FGA,Missed Three Pointer,0,605,356,A,,,,19,02:00,42,30,
2007,RS,2,21,220,ULK,PAYR,"TURKCAN, MIRSAD",FTM,Free Throw In,1,-1,-1, ,,,,19,02:00,42,31,
2007,RS,2,21,221,ULK,PAYR,"TURKCAN, MIRSAD",FTM,Free Throw In,1,-1,-1, ,,,,19,02:00,42,32,
2007,RS,2,21,224,ULK,PARO,"ONAN, OMER",2FGA,Missed Two Pointer,0,-220,417,E,,,,19,02:00,42,32,
2007,RS,2,21,226,ULK,PTFI,"VIDMAR, GASPER",2FGA,Missed Two Pointer,0,-100,97,D,,,,19,02:00,42,32,
2007,RS,2,21,234,ULK,PAYR,"TURKCAN, MIRSAD",FTM,Free Throw In,1,-1,-1, ,,,,19,02:00,42,33,
2007,RS,2,21,236,BAR,PAXC,"VAZQUEZ, FRAN",2FGA,Missed Two Pointer,0,430,202,B,,,,20,01:00,42,33,
2007,RS,2,21,238,ULK,PARO,"ONAN, OMER",3FGA,Missed Three Pointer,0,674,64,A,,,,20,01:00,42,33,
2007,RS,2,21,240,BAR,PATA,"LAKOVIC, JAKA",2FGA,Missed Two Pointer,0,-392,100,E,,,,20,01:00,42,33,
2007,RS,2,21,242,BAR,PAXC,"VAZQUEZ, FRAN",2FGM,Two Pointer,2,89,38,C,,,,20,01:00,44,33,
2007,RS,2,21,243,ULK,PARO,"ONAN, OMER",3FGM,Three Pointer,3,474,538,G,,,,20,01:00,44,36,
2007,RS,2,21,248,BAR,PJOB,"MORANDAIS, MICHEL",3FGA,Missed Three Pointer,0,-12,1200,J,,,,20,01:00,44,36,
2007,RS,2,21,259,BAR,PBOD,"KASUN, MARIO",2FGA,Missed Two Pointer,0,10,341,C,,,,21,10:00,44,36,
2007,RS,2,21,261,ULK,PCOS,"SOLOMON, WILLIE",2FGA,Missed Two Pointer,0,-48,528,I,,,,21,10:00,44,36,
2007,RS,2,21,263,BAR,PJKP,"ILYASOVA, ERSAN",3FGA,Missed Three Pointer,0,248,666,G,,,,21,10:00,44,36,
2007,RS,2,21,265,ULK,PJPF,"SAVAS, OGUZ",2FGM,Two Pointer,2,-482,2,E,,,,21,10:00,44,38,
2007,RS,2,21,268,BAR,PJOB,"MORANDAIS, MICHEL",3FGA,Missed Three Pointer,0,205,682,G,,,,22,09:00,44,38,
2007,RS,2,21,271,BAR,PBOD,"KASUN, MARIO",2FGAB,Missed Two Pointer,0,-115,53,D,,,,22,09:00,44,38,
2007,RS,2,21,275,ULK,PARO,"ONAN, OMER",2FGM,Two Pointer,2,179,-35,C,,,,22,09:00,44,40,
2007,RS,2,21,278,BAR,PJJF,"TRIAS, JORDI",2FGA,Missed Two Pointer,0,389,115,B,,,,23,08:00,44,40,
2007,RS,2,21,285,ULK,PAYR,"TURKCAN, MIRSAD",FTM,Free Throw In,1,-1,-1, ,,,,23,08:00,44,41,
2007,RS,2,21,286,ULK,PAYR,"TURKCAN, MIRSAD",FTM,Free Throw In,1,-1,-1, ,,,,23,08:00,44,42,
2007,RS,2,21,287,BAR,PAHW,"MARCONATO, DENIS",2FGM,Two Pointer,2,400,28,B,,,,23,08:00,46,42,
2007,RS,2,21,289,ULK,PJPF,"SAVAS, OGUZ",2FGM,Two Pointer,2,-2,97,D,,,,23,08:00,46,44,
2007,RS,2,21,297,BAR,PJOB,"MORANDAIS, MICHEL",FTM,Free Throw In,1,-1,-1, ,,,,24,07:00,47,44,
2007,RS,2,21,304,ULK,PCOS,"SOLOMON, WILLIE",3FGA,Missed Three Pointer,0,23,666,G,,,,24,07:00,47,44,
2007,RS,2,21,306,BAR,PAHW,"MARCONATO, DENIS",2FGM,Two Pointer,2,15,125,C,,,,24,07:00,49,44,
2007,RS,2,21,310,BAR,PBKE,"GRIMAU, ROGER",2FGA,Missed Two Pointer,0,-205,125,D,,,,24,07:00,49,44,
2007,RS,2,21,313,BAR,PAHW,"MARCONATO, DENIS",2FGA,Missed Two Pointer,0,-356,307,E,,,,25,06:00,49,44,
2007,RS,2,21,315,ULK,PARO,"ONAN, OMER",2FGA,Missed Two Pointer,0,-23,264,D,,,,25,06:00,49,44,
2007,RS,2,21,319,BAR,PJJF,"TRIAS, JORDI",2FGM,Two Pointer,2,84,112,C,,,,25,06:00,51,44,
2007,RS,2,21,322,ULK,PJYB,"ERDEN, SEMIH",2FGM,Two Pointer,2,-2,7,D,,,,26,05:00,51,46,
2007,RS,2,21,330,BAR,PADS,"BASILE, GIANLUCA",3FGM,Three Pointer,3,323,648,G,,,,26,05:00,54,46,
2007,RS,2,21,335,ULK,PCOS,"SOLOMON, WILLIE",2FGA,Missed Two Pointer,0,112,43,C,,,,27,04:00,54,46,
2007,RS,2,21,337,BAR,PADS,"BASILE, GIANLUCA",2FGA,Missed Two Pointer,0,-448,261,E,,,,27,04:00,54,46,
2007,RS,2,21,347,ULK,PJYB,"ERDEN, SEMIH",2FGA,Missed Two Pointer,0,141,25,C,,,,28,03:00,54,46,
2007,RS,2,21,349,BAR,PAZU,"SANCHEZ, PEPE",2FGM,Two Pointer,2,271,125,B,,,,28,03:00,56,46,
2007,RS,2,21,355,ULK,PLGA,"KAAN, DAMIR",3FGA,Missed Three Pointer,0,679,-7,A,,,,29,02:00,56,46,
2007,RS,2,21,357,BAR,PATA,"LAKOVIC, JAKA",2FGA,Missed Two Pointer,0,92,56,C,,,,29,02:00,56,46,
2007,RS,2,21,366,BAR,PATA,"LAKOVIC, JAKA",FTM,Free Throw In,1,-1,-1, ,,,,29,02:00,57,46,
2007,RS,2,21,367,ULK,PTFH,"PRELDZIC, EMIR",3FGM,Three Pointer,3,-497,451,J,,,,29,02:00,57,49,
2007,RS,2,21,370,BAR,PJJF,"TRIAS, JORDI",2FGM,Two Pointer,2,-279,253,E,,,,30,01:00,59,49,
2007,RS,2,21,372,ULK,PLGA,"KAAN, DAMIR",3FGA,Missed Three Pointer,0,-56,712,J,,,,30,01:00,59,49,
2007,RS,2,21,374,BAR,PADS,"BASILE, GIANLUCA",3FGA,Missed Three Pointer,0,-566,412,F,,,,30,01:00,59,49,
2007,RS,2,21,376,ULK,PCOS,"SOLOMON, WILLIE",3FGM,Three Pointer,3,-46,669,J,,,,30,01:00,59,52,
2007,RS,2,21,382,BAR,PATA,"LAKOVIC, JAKA",2FGM,Two Pointer,2,28,351,C,,,,31,10:00,61,52,
2007,RS,2,21,383,ULK,PJYB,"ERDEN, SEMIH",2FGM,Two Pointer,2,-2,2,D,,,,31,10:00,61,54,
2007,RS,2,21,389,BAR,PAHW,"MARCONATO, DENIS",2FGM,Two Pointer,2,-74,23,D,,,,32,09:00,63,54,
2007,RS,2,21,391,ULK,PCOS,"SOLOMON, WILLIE",3FGA,Missed Three Pointer,0,-392,579,J,,,,32,09:00,63,54,
2007,RS,2,21,398,BAR,PATA,"LAKOVIC, JAKA",3FGM,Three Pointer,3,-664,61,F,,,,33,08:00,66,54,
2007,RS,2,21,400,ULK,PAYR,"TURKCAN, MIRSAD",2FGM,Two Pointer,2,-371,305,E,,,,33,08:00,66,56,
2007,RS,2,21,401,BAR,PADS,"BASILE, GIANLUCA",3FGA,Missed Three Pointer,0,-335,612,J,,,,33,08:00,66,56,
2007,RS,2,21,406,ULK,PTFH,"PRELDZIC, EMIR",2FGM,Two Pointer,2,-89,7,D,,,,34,07:00,66,58,
2007,RS,2,21,407,BAR,PATA,"LAKOVIC, JAKA",3FGA,Missed Three Pointer,0,412,617,G,,,,34,07:00,66,58,
2007,RS,2,21,414,BAR,PJJF,"TRIAS, JORDI",FTM,Free Throw In,1,-1,-1, ,,,,34,07:00,67,58,
2007,RS,2,21,415,BAR,PJJF,"TRIAS, JORDI",FTM,Free Throw In,1,-1,-1, ,,,,34,07:00,68,58,
2007,RS,2,21,430,BAR,PBKE,"GRIMAU, ROGER",2FGM,Two Pointer,2,-135,105,D,,,,35,06:00,70,58,
2007,RS,2,21,432,ULK,PAYR,"TURKCAN, MIRSAD",3FGA,Missed Three Pointer,0,-438,541,J,,,,35,06:00,70,58,
2007,RS,2,21,434,BAR,PBKE,"GRIMAU, ROGER",2FGA,Missed Two Pointer,0,-115,74,D,,,,35,06:00,70,58,
2007,RS,2,21,437,ULK,PCOS,"SOLOMON, WILLIE",2FGM,Two Pointer,2,100,15,C,,,,36,05:00,70,60,
2007,RS,2,21,438,BAR,PATA,"LAKOVIC, JAKA",2FGA,Missed Two Pointer,0,-115,323,D,,,,36,05:00,70,60,
2007,RS,2,21,440,ULK,PAYR,"TURKCAN, MIRSAD",2FGA,Missed Two Pointer,0,-361,156,E,,,,36,05:00,70,60,
2007,RS,2,21,448,BAR,PATA,"LAKOVIC, JAKA",FTM,Free Throw In,1,-1,-1, ,,,,36,05:00,71,60,
2007,RS,2,21,449,BAR,PATA,"LAKOVIC, JAKA",FTM,Free Throw In,1,-1,-1, ,,,,36,05:00,72,60,
2007,RS,2,21,451,ULK,PJPF,"SAVAS, OGUZ",2FGAB,Missed Two Pointer,0,0,153,D,,,,37,04:00,72,60,
2007,RS,2,21,455,BAR,PBOD,"KASUN, MARIO",2FGM,Two Pointer,2,5,10,C,,,,37,04:00,74,60,
2007,RS,2,21,461,ULK,PTHC,"WHITE, JAMES",2FGM,Two Pointer,2,-112,33,D,,,,37,04:00,74,62,
2007,RS,2,21,464,BAR,PAZU,"SANCHEZ, PEPE",2FGM,Two Pointer,2,592,-25,B,,,,38,03:00,76,62,
2007,RS,2,21,468,BAR,PBKE,"GRIMAU, ROGER",2FGM,Two Pointer,2,251,41,C,,,,38,03:00,78,62,
2007,RS,2,21,470,ULK,PTHC,"WHITE, JAMES",2FGA,Missed Two Pointer,0,-123,25,D,,,,38,03:00,78,62,
2007,RS,2,21,472,BAR,PBKE,"GRIMAU, ROGER",3FGA,Missed Three Pointer,0,653,200,A,,,,38,03:00,78,62,
2007,RS,2,21,481,ULK,PCOS,"SOLOMON, WILLIE",2FGM,Two Pointer,2,361,448,H,,,,39,02:00,78,64,
2007,RS,2,21,482,BAR,PAZU,"SANCHEZ, PEPE",2FGA,Missed Two Pointer,0,200,566,H,,,,39,02:00,78,64,
2007,RS,2,21,485,BAR,PBOD,"KASUN, MARIO",2FGA,Missed Two Pointer,0,-117,110,D,,,,40,01:00,78,64,
2007,RS,2,21,489,ULK,PCOS,"SOLOMON, WILLIE",2FGA,Missed Two Pointer,0,-64,33,D,,,,40,01:00,78,64,
2007,RS,2,21,491,BAR,PBKE,"GRIMAU, ROGER",2FGM,Two Pointer,2,100,33,C,,,,40,01:00,80,64,
2007,RS,2,21,492,ULK,PTHC,"WHITE, JAMES",3FGM,Three Pointer,3,441,548,G,,,,40,01:00,80,67,
2007,RS,2,21,494,BAR,PJJF,"TRIAS, JORDI",2FGM,Two Pointer,2,312,141,B,,,,40,01:00,82,67,
2007,RS,2,22,6,ROA,PTEU,"SALYERS, MARC",2FGA,Missed Two Pointer,0,-438,89,E,,,,1,10:00,0,0,
2007,RS,2,22,8,ROA,PTEU,"SALYERS, MARC",2FGM,Two Pointer,2,97,10,C,,,,1,10:00,2,0,
2007,RS,2,22,9,PAR,PKNN,"PEKOVIC, NIKOLA",2FGM,Two Pointer,2,125,130,C,,,,1,10:00,2,2,
2007,RS,2,22,11,ROA,PTEY,"BADIANE, PAPE",2FGM,Two Pointer,2,69,43,C,,,,2,09:00,4,2,
2007,RS,2,22,15,PAR,PJNN,"VELICKOVIC, NOVICA",2FGA,Missed Two Pointer,0,543,94,B,,,,2,09:00,4,2,
2007,RS,2,22,17,PAR,PBXO,"VITKOVAC, CEDOMIR",2FGM,Two Pointer,2,100,56,C,,,,2,09:00,4,4,
2007,RS,2,22,18,ROA,PTEY,"BADIANE, PAPE",2FGA,Missed Two Pointer,0,138,20,C,,,,2,09:00,4,4,
2007,RS,2,22,21,ROA,PTEZ,"RUSH, BRION",2FGM,Two Pointer,2,120,82,C,,,,2,09:00,6,4,
2007,RS,2,22,22,PAR,PKNN,"PEKOVIC, NIKOLA",2FGM,Two Pointer,2,105,153,C,,,,2,09:00,6,6,
2007,RS,2,22,28,PAR,PTGU,"PALACIO, MILT",2FGM,Two Pointer,2,92,66,C,,,,2,09:00,6,8,
2007,RS,2,22,30,ROA,PTEU,"SALYERS, MARC",2FGA,Missed Two Pointer,0,-15,143,D,,,,3,08:00,6,8,
2007,RS,2,22,32,ROA,PTEV,"HESS, ADAM",3FGM,Three Pointer,3,-356,574,J,,,,3,08:00,9,8,
2007,RS,2,22,35,PAR,PBXO,"VITKOVAC, CEDOMIR",2FGM,Two Pointer,2,-315,151,E,,,,4,07:00,9,10,
2007,RS,2,22,38,ROA,PTEU,"SALYERS, MARC",3FGA,Missed Three Pointer,0,400,635,G,,,,4,07:00,9,10,
2007,RS,2,22,40,ROA,PTEV,"HESS, ADAM",2FGM,Two Pointer,2,92,28,C,,,,4,07:00,11,10,
2007,RS,2,22,41,PAR,PJNN,"VELICKOVIC, NOVICA",3FGA,Missed Three Pointer,0,251,661,G,,,,4,07:00,11,10,
2007,RS,2,22,43,ROA,PTEZ,"RUSH, BRION",2FGA,Missed Two Pointer,0,305,438,H,,,,4,07:00,11,10,
2007,RS,2,22,46,PAR,PKNN,"PEKOVIC, NIKOLA",2FGM,Two Pointer,2,-71,12,D,,,,4,07:00,11,12,
2007,RS,2,22,63,ROA,PTEU,"SALYERS, MARC",FTM,Free Throw In,1,-1,-1, ,,,,5,06:00,12,12,
2007,RS,2,22,69,PAR,PTGU,"PALACIO, MILT",2FGAB,Missed Two Pointer,0,-79,30,D,,,,6,05:00,12,12,
2007,RS,2,22,71,PAR,PTGU,"PALACIO, MILT",2FGAB,Missed Two Pointer,0,-79,53,D,,,,6,05:00,12,12,
2007,RS,2,22,74,PAR,PTGU,"PALACIO, MILT",2FGA,Missed Two Pointer,0,-328,141,E,,,,6,05:00,12,12,
2007,RS,2,22,80,PAR,PKNN,"PEKOVIC, NIKOLA",FTM,Free Throw In,1,-1,-1, ,,,,6,05:00,12,13,
2007,RS,2,22,81,PAR,PKNN,"PEKOVIC, NIKOLA",FTM,Free Throw In,1,-1,-1, ,,,,6,05:00,12,14,
2007,RS,2,22,87,ROA,PJSU,"NOLAN, NORMAN",FTM,Free Throw In,1,-1,-1, ,,,,7,04:00,13,14,
2007,RS,2,22,88,ROA,PJSU,"NOLAN, NORMAN",FTM,Free Throw In,1,-1,-1, ,,,,7,04:00,14,14,
2007,RS,2,22,91,PAR,PBFB,"TRIPKOVIC, UROS",3FGM,Three Pointer,3,-658,33,F,,,,7,04:00,14,17,
2007,RS,2,22,93,PAR,PTGU,"PALACIO, MILT",2FGM,Two Pointer,2,120,38,C,,,,7,04:00,14,19,
2007,RS,2,22,94,ROA,PJSU,"NOLAN, NORMAN",3FGA,Missed Three Pointer,0,-305,635,J,,,,7,04:00,14,19,
2007,RS,2,22,98,PAR,PKNN,"PEKOVIC, NIKOLA",2FGM,Two Pointer,2,151,89,C,,,,8,03:00,14,21,
2007,RS,2,22,100,ROA,PTEZ,"RUSH, BRION",3FGA,Missed Three Pointer,0,492,476,G,,,,8,03:00,14,21,
2007,RS,2,22,102,ROA,PJSU,"NOLAN, NORMAN",2FGAB,Missed Two Pointer,0,-135,25,D,,,,8,03:00,14,21,
2007,RS,2,22,106,ROA,PTEZ,"RUSH, BRION",3FGM,Three Pointer,3,-653,138,F,,,,8,03:00,17,21,
2007,RS,2,22,117,ROA,PTFC,"POUPET, PIERRIC",FTM,Free Throw In,1,-1,-1, ,,,,8,03:00,18,21,
2007,RS,2,22,118,ROA,PTFC,"POUPET, PIERRIC",FTM,Free Throw In,1,-1,-1, ,,,,8,03:00,19,21,
2007,RS,2,22,123,ROA,PJSU,"NOLAN, NORMAN",2FGA,Missed Two Pointer,0,-7,466,I,,,,9,02:00,19,21,
2007,RS,2,22,126,PAR,PBFE,"KECMAN, DUSAN",FTM,Free Throw In,1,-1,-1, ,,,,9,02:00,19,22,
2007,RS,2,22,127,PAR,PBFE,"KECMAN, DUSAN",FTM,Free Throw In,1,-1,-1, ,,,,9,02:00,19,23,
2007,RS,2,22,130,ROA,PTFC,"POUPET, PIERRIC",FTM,Free Throw In,1,-1,-1, ,,,,9,02:00,20,23,
2007,RS,2,22,131,ROA,PTFC,"POUPET, PIERRIC",FTM,Free Throw In,1,-1,-1, ,,,,9,02:00,21,23,
2007,RS,2,22,135,ROA,PTEV,"HESS, ADAM",2FGA,Missed Two Pointer,0,92,125,C,,,,10,01:00,21,23,
2007,RS,2,22,139,ROA,PTEZ,"RUSH, BRION",FTM,Free Throw In,1,-1,-1, ,,,,10,01:00,22,23,
2007,RS,2,22,140,ROA,PTEZ,"RUSH, BRION",FTM,Free Throw In,1,-1,-1, ,,,,10,01:00,23,23,
2007,RS,2,22,143,ROA,PTEZ,"RUSH, BRION",2FGAB,Missed Two Pointer,0,-146,169,D,,,,10,01:00,23,23,
2007,RS,2,22,147,ROA,PTEZ,"RUSH, BRION",2FGAB,Missed Two Pointer,0,-107,125,D,,,,10,01:00,23,23,
2007,RS,2,22,152,ROA,PTEU,"SALYERS, MARC",3FGA,Missed Three Pointer,0,-561,371,F,,,,10,01:00,23,23,
2007,RS,2,22,167,PAR,PLGH,"TEPIC, MILENKO",FTM,Free Throw In,1,-1,-1, ,,,,11,10:00,23,24,
2007,RS,2,22,168,PAR,PLGH,"TEPIC, MILENKO",FTM,Free Throw In,1,-1,-1, ,,,,11,10:00,23,25,
2007,RS,2,22,172,ROA,PTEY,"BADIANE, PAPE",FTM,Free Throw In,1,-1,-1, ,,,,11,10:00,24,25,
2007,RS,2,22,175,ROA,PTFA,"CAZALON, LAURENT",3FGA,Missed Three Pointer,0,-146,697,J,,,,11,10:00,24,25,
2007,RS,2,22,182,PAR,PTGU,"PALACIO, MILT",3FGA,Missed Three Pointer,0,597,353,A,,,,12,09:00,24,25,
2007,RS,2,22,188,PAR,PJNN,"VELICKOVIC, NOVICA",FTM,Free Throw In,1,-1,-1, ,,,,12,09:00,24,26,
2007,RS,2,22,189,PAR,PJNN,"VELICKOVIC, NOVICA",FTM,Free Throw In,1,-1,-1, ,,,,12,09:00,24,27,
2007,RS,2,22,193,PAR,PBXO,"VITKOVAC, CEDOMIR",3FGA,Missed Three Pointer,0,664,100,A,,,,12,09:00,24,27,
2007,RS,2,22,200,ROA,PTEU,"SALYERS, MARC",2FGA,Missed Two Pointer,0,-105,161,D,,,,13,08:00,24,27,
2007,RS,2,22,202,ROA,PTEU,"SALYERS, MARC",2FGM,Two Pointer,2,-53,87,D,,,,13,08:00,26,27,
2007,RS,2,22,217,PAR,PLGH,"TEPIC, MILENKO",2FGA,Missed Two Pointer,0,146,35,C,,,,13,08:00,26,27,
2007,RS,2,22,219,PAR,PKNN,"PEKOVIC, NIKOLA",2FGA,Missed Two Pointer,0,97,25,C,,,,13,08:00,26,27,
2007,RS,2,22,221,PAR,PLGH,"TEPIC, MILENKO",2FGM,Two Pointer,2,107,15,C,,,,13,08:00,26,29,
2007,RS,2,22,223,ROA,PTEV,"HESS, ADAM",3FGM,Three Pointer,3,-97,479,I,,,,14,07:00,29,29,
2007,RS,2,22,225,PAR,PBFB,"TRIPKOVIC, UROS",3FGM,Three Pointer,3,682,120,A,,,,14,07:00,29,32,
2007,RS,2,22,230,ROA,PTEY,"BADIANE, PAPE",2FGA,Missed Two Pointer,0,-415,323,E,,,,15,06:00,29,32,
2007,RS,2,22,232,PAR,PLGH,"TEPIC, MILENKO",3FGA,Missed Three Pointer,0,-582,371,F,,,,15,06:00,29,32,
2007,RS,2,22,238,PAR,PBXO,"VITKOVAC, CEDOMIR",2FGM,Two Pointer,2,58,38,C,,,,15,06:00,29,34,
2007,RS,2,22,241,ROA,PTEY,"BADIANE, PAPE",2FGA,Missed Two Pointer,0,-151,141,D,,,,16,05:00,29,34,
2007,RS,2,22,252,ROA,PTFA,"CAZALON, LAURENT",3FGA,Missed Three Pointer,0,-400,551,J,,,,17,04:00,29,34,
2007,RS,2,22,256,PAR,PTGU,"PALACIO, MILT",2FGM,Two Pointer,2,79,56,C,,,,17,04:00,29,36,
2007,RS,2,22,259,PAR,PTGU,"PALACIO, MILT",FTM,Free Throw In,1,-1,-1, ,,,,17,04:00,29,37,
2007,RS,2,22,260,ROA,PTEU,"SALYERS, MARC",3FGA,Missed Three Pointer,0,538,407,A,,,,17,04:00,29,37,
2007,RS,2,22,262,PAR,PKNN,"PEKOVIC, NIKOLA",2FGM,Two Pointer,2,102,94,C,,,,17,04:00,29,39,
2007,RS,2,22,264,ROA,PTFA,"CAZALON, LAURENT",2FGM,Two Pointer,2,-20,161,D,,,,17,04:00,31,39,
2007,RS,2,22,266,PAR,PKNN,"PEKOVIC, NIKOLA",2FGM,Two Pointer,2,197,58,C,,,,17,04:00,31,41,
2007,RS,2,22,268,ROA,PTFA,"CAZALON, LAURENT",3FGM,Three Pointer,3,507,471,G,,,,18,03:00,34,41,
2007,RS,2,22,270,PAR,PKNN,"PEKOVIC, NIKOLA",2FGAB,Missed Two Pointer,0,110,30,C,,,,18,03:00,34,41,
2007,RS,2,22,274,PAR,PKNN,"PEKOVIC, NIKOLA",2FGM,Two Pointer,2,110,46,C,,,,18,03:00,34,43,
2007,RS,2,22,275,ROA,PTFA,"CAZALON, LAURENT",2FGA,Missed Two Pointer,0,-371,353,E,,,,18,03:00,34,43,
2007,RS,2,22,277,ROA,PTEU,"SALYERS, MARC",2FGA,Missed Two Pointer,0,56,66,C,,,,18,03:00,34,43,
2007,RS,2,22,279,ROA,PTEU,"SALYERS, MARC",2FGA,Missed Two Pointer,0,58,10,C,,,,18,03:00,34,43,
2007,RS,2,22,280,PAR,PTGU,"PALACIO, MILT",3FGA,Missed Three Pointer,0,602,315,A,,,,18,03:00,34,43,
2007,RS,2,22,288,ROA,PTFA,"CAZALON, LAURENT",FTM,Free Throw In,1,-1,-1, ,,,,19,02:00,35,43,
2007,RS,2,22,289,PAR,PBFB,"TRIPKOVIC, UROS",3FGA,Missed Three Pointer,0,-523,492,J,,,,19,02:00,35,43,
2007,RS,2,22,292,PAR,PBXO,"VITKOVAC, CEDOMIR",3FGA,Missed Three Pointer,0,587,338,A,,,,20,01:00,35,43,
2007,RS,2,22,294,ROA,PTEV,"HESS, ADAM",3FGA,Missed Three Pointer,0,610,400,A,,,,20,01:00,35,43,
2007,RS,2,22,308,PAR,PTGU,"PALACIO, MILT",FTM,Free Throw In,1,-1,-1, ,,,,20,01:00,35,44,
2007,RS,2,22,309,ROA,PTEX,"PELLIN, MARC-ANTOINE",3FGA,Missed Three Pointer,0,-464,715,J,,,,20,01:00,35,44,
2007,RS,2,22,325,PAR,PLGH,"TEPIC, MILENKO",2FGM,Two Pointer,2,5,346,C,,,,21,10:00,35,46,
2007,RS,2,22,326,ROA,PTEZ,"RUSH, BRION",3FGM,Three Pointer,3,-300,638,J,,,,21,10:00,38,46,
2007,RS,2,22,329,PAR,PBFE,"KECMAN, DUSAN",FTM,Free Throw In,1,-1,-1, ,,,,21,10:00,38,47,
2007,RS,2,22,330,PAR,PBFE,"KECMAN, DUSAN",FTM,Free Throw In,1,-1,-1, ,,,,21,10:00,38,48,
2007,RS,2,22,334,PAR,PLGH,"TEPIC, MILENKO",FTM,Free Throw In,1,-1,-1, ,,,,21,10:00,38,49,
2007,RS,2,22,335,PAR,PLGH,"TEPIC, MILENKO",FTM,Free Throw In,1,-1,-1, ,,,,21,10:00,38,50,
2007,RS,2,22,342,ROA,PTEZ,"RUSH, BRION",2FGM,Two Pointer,2,-79,112,D,,,,21,10:00,40,50,
2007,RS,2,22,343,PAR,PBXO,"VITKOVAC, CEDOMIR",2FGM,Two Pointer,2,-146,120,D,,,,21,10:00,40,52,
2007,RS,2,22,345,ROA,PTEV,"HESS, ADAM",3FGM,Three Pointer,3,330,620,G,,,,22,09:00,43,52,
2007,RS,2,22,348,PAR,PBFE,"KECMAN, DUSAN",2FGM,Two Pointer,2,-138,133,D,,,,23,08:00,43,54,
2007,RS,2,22,350,ROA,PTEZ,"RUSH, BRION",2FGAB,Missed Two Pointer,0,107,33,C,,,,23,08:00,43,54,
2007,RS,2,22,354,ROA,PTEU,"SALYERS, MARC",2FGM,Two Pointer,2,107,69,C,,,,23,08:00,45,54,
2007,RS,2,22,355,PAR,PTGU,"PALACIO, MILT",2FGA,Missed Two Pointer,0,-125,71,D,,,,23,08:00,45,54,
2007,RS,2,22,357,ROA,PTEX,"PELLIN, MARC-ANTOINE",2FGM,Two Pointer,2,143,100,C,,,,23,08:00,47,54,
2007,RS,2,22,359,PAR,PBXO,"VITKOVAC, CEDOMIR",3FGM,Three Pointer,3,5,674,G,,,,24,07:00,47,57,
2007,RS,2,22,361,ROA,PTEX,"PELLIN, MARC-ANTOINE",3FGA,Missed Three Pointer,0,471,525,G,,,,24,07:00,47,57,
2007,RS,2,22,363,PAR,PKNN,"PEKOVIC, NIKOLA",2FGAB,Missed Two Pointer,0,-112,64,D,,,,24,07:00,47,57,
2007,RS,2,22,371,ROA,PTEU,"SALYERS, MARC",FTM,Free Throw In,1,-1,-1, ,,,,24,07:00,48,57,
2007,RS,2,22,376,ROA,PTEY,"BADIANE, PAPE",2FGA,Missed Two Pointer,0,153,189,C,,,,25,06:00,48,57,
2007,RS,2,22,378,ROA,PTEU,"SALYERS, MARC",2FGM,Two Pointer,2,92,115,C,,,,25,06:00,50,57,
2007,RS,2,22,379,PAR,PJNN,"VELICKOVIC, NOVICA",3FGA,Missed Three Pointer,0,410,510,G,,,,25,06:00,50,57,
2007,RS,2,22,381,PAR,PLGH,"TEPIC, MILENKO",2FGM,Two Pointer,2,123,12,C,,,,25,06:00,50,59,
2007,RS,2,22,391,ROA,PJSU,"NOLAN, NORMAN",2FGM,Two Pointer,2,-302,430,I,,,,26,05:00,52,59,
2007,RS,2,22,395,ROA,PTEU,"SALYERS, MARC",2FGM,Two Pointer,2,0,7,D,,,,26,05:00,54,59,
2007,RS,2,22,399,PAR,PLGH,"TEPIC, MILENKO",2FGM,Two Pointer,2,-128,87,D,,,,26,05:00,54,61,
2007,RS,2,22,400,ROA,PJSU,"NOLAN, NORMAN",2FGA,Missed Two Pointer,0,261,379,B,,,,26,05:00,54,61,
2007,RS,2,22,402,ROA,PTEU,"SALYERS, MARC",2FGM,Two Pointer,2,97,133,C,,,,26,05:00,56,61,
2007,RS,2,22,412,PAR,PBFE,"KECMAN, DUSAN",2FGA,Missed Two Pointer,0,-341,338,E,,,,27,04:00,56,61,
2007,RS,2,22,415,PAR,PJNL,"BOROVNJAK, DEJAN",2FGA,Missed Two Pointer,0,-389,361,E,,,,27,04:00,56,61,
2007,RS,2,22,418,PAR,PLGH,"TEPIC, MILENKO",3FGA,Missed Three Pointer,0,-500,487,J,,,,28,03:00,56,61,
2007,RS,2,22,432,ROA,PTEZ,"RUSH, BRION",FTM,Free Throw In,1,-1,-1, ,,,,28,03:00,57,61,
2007,RS,2,22,434,ROA,PTEZ,"RUSH, BRION",FTM,Free Throw In,1,-1,-1, ,,,,28,03:00,58,61,
2007,RS,2,22,437,PAR,PTGU,"PALACIO, MILT",2FGA,Missed Two Pointer,0,-146,69,D,,,,28,03:00,58,61,
2007,RS,2,22,442,PAR,PJNL,"BOROVNJAK, DEJAN",2FGM,Two Pointer,2,-61,446,I,,,,29,02:00,58,63,
2007,RS,2,22,444,ROA,PTEZ,"RUSH, BRION",3FGA,Missed Three Pointer,0,566,387,A,,,,29,02:00,58,63,
2007,RS,2,22,447,PAR,PKNN,"PEKOVIC, NIKOLA",2FGM,Two Pointer,2,-130,107,D,,,,30,01:00,58,65,
2007,RS,2,22,449,ROA,PTEU,"SALYERS, MARC",3FGA,Missed Three Pointer,0,546,433,G,,,,30,01:00,58,65,
2007,RS,2,22,455,ROA,PTEZ,"RUSH, BRION",FTM,Free Throw In,1,-1,-1, ,,,,30,01:00,59,65,
2007,RS,2,22,456,ROA,PTEZ,"RUSH, BRION",FTM,Free Throw In,1,-1,-1, ,,,,30,01:00,60,65,
2007,RS,2,22,458,PAR,PBFE,"KECMAN, DUSAN",2FGM,Two Pointer,2,-130,89,D,,,,30,01:00,60,67,
2007,RS,2,22,459,ROA,PTEU,"SALYERS, MARC",3FGM,Three Pointer,3,682,130,A,,,,30,01:00,63,67,
2007,RS,2,22,461,PAR,PBFB,"TRIPKOVIC, UROS",3FGM,Three Pointer,3,505,500,G,,,,30,01:00,63,70,
2007,RS,2,22,468,ROA,PTEU,"SALYERS, MARC",2FGM,Two Pointer,2,100,58,C,,,,31,10:00,65,70,
2007,RS,2,22,473,PAR,PBFE,"KECMAN, DUSAN",2FGA,Missed Two Pointer,0,-112,117,D,,,,31,10:00,65,70,
2007,RS,2,22,475,ROA,PTEU,"SALYERS, MARC",2FGA,Missed Two Pointer,0,84,76,C,,,,31,10:00,65,70,
2007,RS,2,22,477,ROA,PJSU,"NOLAN, NORMAN",2FGA,Missed Two Pointer,0,76,76,C,,,,31,10:00,65,70,
2007,RS,2,22,479,ROA,PJSU,"NOLAN, NORMAN",2FGAB,Missed Two Pointer,0,84,61,C,,,,31,10:00,65,70,
2007,RS,2,22,483,PAR,PBFB,"TRIPKOVIC, UROS",2FGM,Two Pointer,2,394,33,B,,,,31,10:00,65,72,
2007,RS,2,22,487,ROA,PTEZ,"RUSH, BRION",3FGA,Missed Three Pointer,0,-428,556,J,,,,32,09:00,65,72,
2007,RS,2,22,490,PAR,PKNN,"PEKOVIC, NIKOLA",2FGM,Two Pointer,2,-71,141,D,,,,32,09:00,65,74,
2007,RS,2,22,495,ROA,PTFC,"POUPET, PIERRIC",FTM,Free Throw In,1,-1,-1, ,,,,32,09:00,66,74,
2007,RS,2,22,496,PAR,PKNN,"PEKOVIC, NIKOLA",2FGM,Two Pointer,2,-115,110,D,,,,32,09:00,66,76,
2007,RS,2,22,504,PAR,PBFB,"TRIPKOVIC, UROS",3FGA,Missed Three Pointer,0,-400,602,J,,,,33,08:00,66,76,
2007,RS,2,22,506,ROA,PTEZ,"RUSH, BRION",2FGM,Two Pointer,2,-97,38,D,,,,33,08:00,68,76,
2007,RS,2,22,508,PAR,PJNN,"VELICKOVIC, NOVICA",3FGA,Missed Three Pointer,0,-574,461,J,,,,33,08:00,68,76,
2007,RS,2,22,520,ROA,PTEZ,"RUSH, BRION",FTM,Free Throw In,1,-1,-1, ,,,,33,08:00,69,76,
2007,RS,2,22,523,ROA,PTEZ,"RUSH, BRION",3FGA,Missed Three Pointer,0,-197,669,J,,,,34,07:00,69,76,
2007,RS,2,22,525,ROA,PTEU,"SALYERS, MARC",2FGA,Missed Two Pointer,0,146,261,C,,,,34,07:00,69,76,
2007,RS,2,22,531,ROA,PTEU,"SALYERS, MARC",FTM,Free Throw In,1,-1,-1, ,,,,34,07:00,70,76,
2007,RS,2,22,542,ROA,PTEU,"SALYERS, MARC",2FGA,Missed Two Pointer,0,-520,107,E,,,,35,06:00,70,76,
2007,RS,2,22,544,PAR,PTGU,"PALACIO, MILT",3FGM,Three Pointer,3,689,-23,A,,,,35,06:00,70,79,
2007,RS,2,22,549,ROA,PJSU,"NOLAN, NORMAN",3FGM,Three Pointer,3,297,658,G,,,,35,06:00,73,79,
2007,RS,2,22,551,PAR,PJNL,"BOROVNJAK, DEJAN",3FGA,Missed Three Pointer,0,174,635,G,,,,35,06:00,73,79,
2007,RS,2,22,558,ROA,PTEZ,"RUSH, BRION",FTM,Free Throw In,1,-1,-1, ,,,,36,05:00,74,79,
2007,RS,2,22,559,ROA,PTEZ,"RUSH, BRION",FTM,Free Throw In,1,-1,-1, ,,,,36,05:00,75,79,
2007,RS,2,22,560,PAR,PLGH,"TEPIC, MILENKO",3FGA,Missed Three Pointer,0,-164,648,J,,,,36,05:00,75,79,
2007,RS,2,22,565,PAR,PBFE,"KECMAN, DUSAN",2FGM,Two Pointer,2,69,-5,C,,,,36,05:00,75,81,
2007,RS,2,22,569,PAR,PLGH,"TEPIC, MILENKO",2FGM,Two Pointer,2,-48,69,D,,,,37,04:00,75,83,
2007,RS,2,22,573,ROA,PTEZ,"RUSH, BRION",FTM,Free Throw In,1,-1,-1, ,,,,37,04:00,76,83,
2007,RS,2,22,574,ROA,PTEZ,"RUSH, BRION",2FGM,Two Pointer,2,-76,56,D,,,,37,04:00,78,83,
2007,RS,2,22,577,PAR,PBXO,"VITKOVAC, CEDOMIR",2FGA,Missed Two Pointer,0,-423,228,E,,,,38,03:00,78,83,
2007,RS,2,22,579,PAR,PKNN,"PEKOVIC, NIKOLA",2FGA,Missed Two Pointer,0,300,374,B,,,,38,03:00,78,83,
2007,RS,2,22,581,ROA,PJSU,"NOLAN, NORMAN",2FGM,Two Pointer,2,-10,258,D,,,,38,03:00,80,83,
2007,RS,2,22,585,PAR,PTGU,"PALACIO, MILT",2FGM,Two Pointer,2,-102,76,D,,,,38,03:00,80,85,
2007,RS,2,22,587,ROA,PTEZ,"RUSH, BRION",2FGM,Two Pointer,2,-82,30,D,,,,39,02:00,82,85,
2007,RS,2,22,588,PAR,PBFB,"TRIPKOVIC, UROS",3FGA,Missed Three Pointer,0,646,123,A,,,,39,02:00,82,85,
2007,RS,2,22,590,ROA,PTEZ,"RUSH, BRION",2FGA,Missed Two Pointer,0,353,107,B,,,,39,02:00,82,85,
2007,RS,2,22,592,PAR,PTGU,"PALACIO, MILT",2FGAB,Missed Two Pointer,0,-74,89,D,,,,39,02:00,82,85,
2007,RS,2,22,595,ROA,PTEX,"PELLIN, MARC-ANTOINE",2FGM,Two Pointer,2,-71,264,D,,,,39,02:00,84,85,
2007,RS,2,22,600,ROA,PTEZ,"RUSH, BRION",3FGM,Three Pointer,3,-474,564,J,,,,40,01:00,87,85,
2007,RS,2,22,605,PAR,PKNN,"PEKOVIC, NIKOLA",2FGM,Two Pointer,2,-100,100,D,,,,40,01:00,87,87,
2007,RS,2,22,610,PAR,PKNN,"PEKOVIC, NIKOLA",FTM,Free Throw In,1,-1,-1, ,,,,40,01:00,87,88,
2007,RS,2,22,613,ROA,PTEV,"HESS, ADAM",3FGA,Missed Three Pointer,0,-600,305,F,,,,40,01:00,87,88,
2007,RS,2,23,7,BAM,PJSS,"HAMANN, STEFFEN",2FGAB,Missed Two Pointer,0,-71,69,D,,,,1,10:00,0,0,
2007,RS,2,23,9,PAN,PABB,"DIKOUDIS, DEMOS",3FGA,Missed Three Pointer,0,-664,174,F,,,,1,10:00,0,0,
2007,RS,2,23,14,PAN,PJUO,"SPANOULIS, VASSILIS",FTM,Free Throw In,1,-1,-1, ,,,,2,09:00,1,0,
2007,RS,2,23,15,PAN,PJUO,"SPANOULIS, VASSILIS",FTM,Free Throw In,1,-1,-1, ,,,,2,09:00,2,0,
2007,RS,2,23,16,BAM,PJJZ,"SUPUT, PREDRAG",2FGA,Missed Two Pointer,0,184,56,C,,,,2,09:00,2,0,
2007,RS,2,23,18,BAM,PJSS,"HAMANN, STEFFEN",2FGM,Two Pointer,2,71,25,C,,,,2,09:00,2,2,
2007,RS,2,23,20,PAN,PABB,"DIKOUDIS, DEMOS",2FGA,Missed Two Pointer,0,-56,23,D,,,,3,08:00,2,2,
2007,RS,2,23,22,PAN,PABB,"DIKOUDIS, DEMOS",2FGM,Two Pointer,2,0,7,D,,,,3,08:00,4,2,
2007,RS,2,23,42,BAM,PLPI,"FENN, DARREN",2FGM,Two Pointer,2,-182,38,D,,,,4,07:00,4,4,
2007,RS,2,23,44,PAN,PJUO,"SPANOULIS, VASSILIS",3FGA,Missed Three Pointer,0,700,-2,A,,,,4,07:00,4,4,
2007,RS,2,23,46,BAM,PJJZ,"SUPUT, PREDRAG",3FGA,Missed Three Pointer,0,-5,674,J,,,,4,07:00,4,4,
2007,RS,2,23,49,PAN,PABB,"DIKOUDIS, DEMOS",2FGM,Two Pointer,2,79,17,C,,,,5,06:00,6,4,
2007,RS,2,23,50,BAM,PJJZ,"SUPUT, PREDRAG",2FGM,Two Pointer,2,87,66,C,,,,5,06:00,6,6,
2007,RS,2,23,52,PAN,PAFC,"TOMASEVIC, DEJAN",2FGM,Two Pointer,2,-5,51,D,,,,5,06:00,8,6,
2007,RS,2,23,55,BAM,PJJZ,"SUPUT, PREDRAG",3FGM,Three Pointer,3,448,520,G,,,,6,05:00,8,9,
2007,RS,2,23,57,PAN,PJKO,"DIAMANTIDIS, DIMITRIOS",3FGM,Three Pointer,3,120,656,G,,,,6,05:00,11,9,
2007,RS,2,23,59,BAM,PLPI,"FENN, DARREN",3FGA,Missed Three Pointer,0,-438,587,J,,,,6,05:00,11,9,
2007,RS,2,23,61,PAN,PABB,"DIKOUDIS, DEMOS",2FGM,Two Pointer,2,-35,64,D,,,,6,05:00,13,9,
2007,RS,2,23,76,PAN,PADG,"JASIKEVICIUS, SARUNAS",2FGA,Missed Two Pointer,0,-128,89,D,,,,7,04:00,13,9,
2007,RS,2,23,82,BAM,PASB,"OKULAJA, ADEMOLA",2FGA,Missed Two Pointer,0,-128,30,D,,,,7,04:00,13,9,
2007,RS,2,23,84,BAM,PASB,"OKULAJA, ADEMOLA",2FGM,Two Pointer,2,-61,20,D,,,,7,04:00,13,11,
2007,RS,2,23,88,PAN,PAJV,"BATISTE, MICHAEL",FTM,Free Throw In,1,-1,-1, ,,,,8,03:00,14,11,
2007,RS,2,23,89,PAN,PAJV,"BATISTE, MICHAEL",FTM,Free Throw In,1,-1,-1, ,,,,8,03:00,15,11,
2007,RS,2,23,90,BAM,PBOF,"GARRETT, ROBERT",3FGM,Three Pointer,3,671,38,A,,,,8,03:00,15,14,
2007,RS,2,23,93,PAN,PAJV,"BATISTE, MICHAEL",2FGM,Two Pointer,2,-58,30,D,,,,9,02:00,17,14,
2007,RS,2,23,95,BAM,PBOF,"GARRETT, ROBERT",3FGM,Three Pointer,3,-125,666,J,,,,9,02:00,17,17,
2007,RS,2,23,105,PAN,PADG,"JASIKEVICIUS, SARUNAS",FTM,Free Throw In,1,-1,-1, ,,,,9,02:00,18,17,
2007,RS,2,23,106,PAN,PADG,"JASIKEVICIUS, SARUNAS",FTM,Free Throw In,1,-1,-1, ,,,,9,02:00,19,17,
2007,RS,2,23,113,PAN,PBCS,"HATZIVRETTAS, NIKOS",FTM,Free Throw In,1,-1,-1, ,,,,10,01:00,20,17,
2007,RS,2,23,117,PAN,PKRH,"PERPEROGLOU, EFSTRATIOS",3FGA,Missed Three Pointer,0,-641,202,F,,,,10,01:00,20,17,
2007,RS,2,23,121,BAM,PLPK,"OHLBRECHT, TIM",2FGA,Missed Two Pointer,0,76,48,C,,,,10,01:00,20,17,
2007,RS,2,23,125,BAM,PBOF,"GARRETT, ROBERT",3FGA,Missed Three Pointer,0,-261,625,J,,,,11,10:00,20,17,
2007,RS,2,23,129,BAM,PJJZ,"SUPUT, PREDRAG",2FGM,Two Pointer,2,356,71,B,,,,11,10:00,20,19,
2007,RS,2,23,137,PAN,PADG,"JASIKEVICIUS, SARUNAS",3FGA,Missed Three Pointer,0,292,610,G,,,,12,09:00,20,19,
2007,RS,2,23,143,PAN,PTFY,"WINSTON, KENNEDY",2FGA,Missed Two Pointer,0,307,320,B,,,,12,09:00,20,19,
2007,RS,2,23,146,BAM,PJSS,"HAMANN, STEFFEN",2FGA,Missed Two Pointer,0,-415,69,E,,,,13,08:00,20,19,
2007,RS,2,23,153,PAN,PBCS,"HATZIVRETTAS, NIKOS",2FGM,Two Pointer,2,297,500,H,,,,14,07:00,22,19,
2007,RS,2,23,154,BAM,PLPI,"FENN, DARREN",3FGA,Missed Three Pointer,0,89,671,G,,,,14,07:00,22,19,
2007,RS,2,23,160,PAN,PADG,"JASIKEVICIUS, SARUNAS",2FGM,Two Pointer,2,-220,358,E,,,,14,07:00,24,19,
2007,RS,2,23,163,PAN,PAPH,"ALVERTIS, FRAGISKOS",3FGA,Missed Three Pointer,0,682,-23,A,,,,15,06:00,24,19,
2007,RS,2,23,165,BAM,PJJZ,"SUPUT, PREDRAG",3FGA,Missed Three Pointer,0,-702,17,F,,,,15,06:00,24,19,
2007,RS,2,23,167,PAN,PAPH,"ALVERTIS, FRAGISKOS",3FGA,Missed Three Pointer,0,-664,35,F,,,,15,06:00,24,19,
2007,RS,2,23,171,BAM,PLPI,"FENN, DARREN",3FGA,Missed Three Pointer,0,-310,597,J,,,,15,06:00,24,19,
2007,RS,2,23,174,PAN,PADG,"JASIKEVICIUS, SARUNAS",3FGA,Missed Three Pointer,0,107,641,G,,,,16,05:00,24,19,
2007,RS,2,23,181,BAM,PJJZ,"SUPUT, PREDRAG",3FGA,Missed Three Pointer,0,505,458,G,,,,16,05:00,24,19,
2007,RS,2,23,185,BAM,PLPI,"FENN, DARREN",3FGA,Missed Three Pointer,0,212,656,G,,,,16,05:00,24,19,
2007,RS,2,23,189,BAM,PKOO,"GREENE, DEMOND",3FGA,Missed Three Pointer,0,164,666,G,,,,17,04:00,24,19,
2007,RS,2,23,191,BAM,PASB,"OKULAJA, ADEMOLA",2FGA,Missed Two Pointer,0,48,64,C,,,,17,04:00,24,19,
2007,RS,2,23,193,BAM,PASB,"OKULAJA, ADEMOLA",2FGAB,Missed Two Pointer,0,48,33,C,,,,17,04:00,24,19,
2007,RS,2,23,195,PAN,PAJV,"BATISTE, MICHAEL",2FGA,Missed Two Pointer,0,-35,38,D,,,,17,04:00,24,19,
2007,RS,2,23,197,BAM,PKOO,"GREENE, DEMOND",3FGM,Three Pointer,3,392,558,G,,,,17,04:00,24,22,
2007,RS,2,23,200,PAN,PJUO,"SPANOULIS, VASSILIS",2FGAB,Missed Two Pointer,0,-48,41,D,,,,18,03:00,24,22,
2007,RS,2,23,202,PAN,PJUO,"SPANOULIS, VASSILIS",2FGA,Missed Two Pointer,0,-43,33,D,,,,18,03:00,24,22,
2007,RS,2,23,205,PAN,PAJV,"BATISTE, MICHAEL",2FGA,Missed Two Pointer,0,-212,261,D,,,,18,03:00,24,22,
2007,RS,2,23,209,BAM,PJSR,"ENSMINGER, CHRIS",2FGM,Two Pointer,2,-61,5,D,,,,18,03:00,24,24,
2007,RS,2,23,211,PAN,PJKO,"DIAMANTIDIS, DIMITRIOS",2FGM,Two Pointer,2,-97,115,D,,,,18,03:00,26,24,
2007,RS,2,23,214,PAN,PJKO,"DIAMANTIDIS, DIMITRIOS",FTM,Free Throw In,1,-1,-1, ,,,,18,03:00,27,24,
2007,RS,2,23,217,BAM,PKOO,"GREENE, DEMOND",3FGA,Missed Three Pointer,0,515,438,G,,,,18,03:00,27,24,
2007,RS,2,23,221,PAN,PAPH,"ALVERTIS, FRAGISKOS",3FGM,Three Pointer,3,153,653,G,,,,18,03:00,30,24,
2007,RS,2,23,223,BAM,PJSS,"HAMANN, STEFFEN",3FGM,Three Pointer,3,-469,538,J,,,,18,03:00,30,27,
2007,RS,2,23,234,PAN,PJKO,"DIAMANTIDIS, DIMITRIOS",FTM,Free Throw In,1,-1,-1, ,,,,19,02:00,31,27,
2007,RS,2,23,235,PAN,PJKO,"DIAMANTIDIS, DIMITRIOS",FTM,Free Throw In,1,-1,-1, ,,,,19,02:00,32,27,
2007,RS,2,23,237,BAM,PJSR,"ENSMINGER, CHRIS",2FGM,Two Pointer,2,15,25,C,,,,20,01:00,32,29,
2007,RS,2,23,241,PAN,PJUO,"SPANOULIS, VASSILIS",FTM,Free Throw In,1,-1,-1, ,,,,20,01:00,33,29,
2007,RS,2,23,242,BAM,PBOF,"GARRETT, ROBERT",3FGA,Missed Three Pointer,0,-335,610,J,,,,20,01:00,33,29,
2007,RS,2,23,247,PAN,PBCS,"HATZIVRETTAS, NIKOS",2FGA,Missed Two Pointer,0,-74,38,D,,,,20,01:00,33,29,
2007,RS,2,23,249,PAN,PBCS,"HATZIVRETTAS, NIKOS",2FGAB,Missed Two Pointer,0,-76,71,D,,,,20,01:00,33,29,
2007,RS,2,23,263,PAN,PABB,"DIKOUDIS, DEMOS",2FGM,Two Pointer,2,87,33,C,,,,21,10:00,35,29,
2007,RS,2,23,269,PAN,PJUO,"SPANOULIS, VASSILIS",2FGM,Two Pointer,2,-128,25,D,,,,21,10:00,37,29,
2007,RS,2,23,271,BAM,PLPI,"FENN, DARREN",2FGA,Missed Two Pointer,0,-292,-2,E,,,,22,09:00,37,29,
2007,RS,2,23,273,PAN,PJUO,"SPANOULIS, VASSILIS",2FGA,Missed Two Pointer,0,-153,92,D,,,,22,09:00,37,29,
2007,RS,2,23,275,BAM,PJSS,"HAMANN, STEFFEN",3FGA,Missed Three Pointer,0,-566,394,F,,,,22,09:00,37,29,
2007,RS,2,23,277,PAN,PBCS,"HATZIVRETTAS, NIKOS",2FGM,Two Pointer,2,-489,371,E,,,,22,09:00,39,29,
2007,RS,2,23,281,BAM,PLPI,"FENN, DARREN",2FGM,Two Pointer,2,-53,64,D,,,,23,08:00,39,31,
2007,RS,2,23,283,PAN,PABB,"DIKOUDIS, DEMOS",2FGA,Missed Two Pointer,0,-117,28,D,,,,23,08:00,39,31,
2007,RS,2,23,285,BAM,PJJZ,"SUPUT, PREDRAG",2FGA,Missed Two Pointer,0,374,15,B,,,,23,08:00,39,31,
2007,RS,2,23,287,PAN,PJUO,"SPANOULIS, VASSILIS",3FGA,Missed Three Pointer,0,-356,607,J,,,,23,08:00,39,31,
2007,RS,2,23,297,BAM,PASB,"OKULAJA, ADEMOLA",3FGA,Missed Three Pointer,0,-469,510,J,,,,24,07:00,39,31,
2007,RS,2,23,299,PAN,PJUO,"SPANOULIS, VASSILIS",2FGM,Two Pointer,2,-76,20,D,,,,24,07:00,41,31,
2007,RS,2,23,301,BAM,PJJZ,"SUPUT, PREDRAG",2FGM,Two Pointer,2,-128,17,D,,,,24,07:00,41,33,
2007,RS,2,23,307,BAM,PJJZ,"SUPUT, PREDRAG",FTM,Free Throw In,1,-1,-1, ,,,,25,06:00,41,34,
2007,RS,2,23,309,PAN,PBXE,"ZIZIC, ANDRIJA",2FGM,Two Pointer,2,-225,28,D,,,,25,06:00,43,34,
2007,RS,2,23,310,BAM,PJSS,"HAMANN, STEFFEN",3FGM,Three Pointer,3,-512,448,J,,,,25,06:00,43,37,
2007,RS,2,23,317,PAN,PTFY,"WINSTON, KENNEDY",2FGA,Missed Two Pointer,0,-461,69,E,,,,26,05:00,43,37,
2007,RS,2,23,319,BAM,PJJZ,"SUPUT, PREDRAG",2FGA,Missed Two Pointer,0,464,215,B,,,,26,05:00,43,37,
2007,RS,2,23,321,PAN,PBXE,"ZIZIC, ANDRIJA",2FGA,Missed Two Pointer,0,-10,89,D,,,,26,05:00,43,37,
2007,RS,2,23,330,BAM,PASB,"OKULAJA, ADEMOLA",FTM,Free Throw In,1,-1,-1, ,,,,27,04:00,43,38,
2007,RS,2,23,333,PAN,PTFY,"WINSTON, KENNEDY",2FGM,Two Pointer,2,151,182,C,,,,27,04:00,45,38,
2007,RS,2,23,334,BAM,PJSR,"ENSMINGER, CHRIS",2FGA,Missed Two Pointer,0,133,66,C,,,,27,04:00,45,38,
2007,RS,2,23,337,PAN,PAUP,"VUJANIC, MILOS",2FGM,Two Pointer,2,343,20,B,,,,28,03:00,47,38,
2007,RS,2,23,345,PAN,PTFY,"WINSTON, KENNEDY",3FGA,Missed Three Pointer,0,-692,94,F,,,,28,03:00,47,38,
2007,RS,2,23,357,PAN,PAUP,"VUJANIC, MILOS",3FGM,Three Pointer,3,612,317,A,,,,29,02:00,50,38,
2007,RS,2,23,359,BAM,PJSR,"ENSMINGER, CHRIS",3FGM,Three Pointer,3,-582,376,F,,,,29,02:00,50,41,
2007,RS,2,23,364,PAN,PBXE,"ZIZIC, ANDRIJA",FTM,Free Throw In,1,-1,-1, ,,,,29,02:00,51,41,
2007,RS,2,23,369,BAM,PJJZ,"SUPUT, PREDRAG",2FGM,Two Pointer,2,315,33,B,,,,30,01:00,51,43,
2007,RS,2,23,370,PAN,PADG,"JASIKEVICIUS, SARUNAS",3FGM,Three Pointer,3,-648,300,F,,,,30,01:00,54,43,
2007,RS,2,23,374,BAM,PJSR,"ENSMINGER, CHRIS",FTM,Free Throw In,1,-1,-1, ,,,,30,01:00,54,44,
2007,RS,2,23,375,BAM,PJSR,"ENSMINGER, CHRIS",FTM,Free Throw In,1,-1,-1, ,,,,30,01:00,54,45,
2007,RS,2,23,376,PAN,PAUP,"VUJANIC, MILOS",2FGA,Missed Two Pointer,0,82,71,C,,,,30,01:00,54,45,
2007,RS,2,23,381,BAM,PJSR,"ENSMINGER, CHRIS",2FGA,Missed Two Pointer,0,-289,53,E,,,,31,10:00,54,45,
2007,RS,2,23,386,PAN,PADG,"JASIKEVICIUS, SARUNAS",2FGM,Two Pointer,2,-35,279,D,,,,31,10:00,56,45,
2007,RS,2,23,387,BAM,PASB,"OKULAJA, ADEMOLA",2FGA,Missed Two Pointer,0,205,405,B,,,,31,10:00,56,45,
2007,RS,2,23,390,PAN,PTFY,"WINSTON, KENNEDY",2FGA,Missed Two Pointer,0,38,66,C,,,,32,09:00,56,45,
2007,RS,2,23,395,BAM,PJSR,"ENSMINGER, CHRIS",2FGM,Two Pointer,2,-294,92,E,,,,32,09:00,56,47,
2007,RS,2,23,408,BAM,PJJZ,"SUPUT, PREDRAG",2FGM,Two Pointer,2,-56,48,D,,,,33,08:00,56,49,
2007,RS,2,23,409,PAN,PAJV,"BATISTE, MICHAEL",2FGA,Missed Two Pointer,0,15,82,C,,,,33,08:00,56,49,
2007,RS,2,23,411,BAM,PLPI,"FENN, DARREN",3FGA,Missed Three Pointer,0,679,25,A,,,,33,08:00,56,49,
2007,RS,2,23,414,PAN,PTFY,"WINSTON, KENNEDY",2FGM,Two Pointer,2,-2,7,D,,,,34,07:00,58,49,
2007,RS,2,23,416,BAM,PJSS,"HAMANN, STEFFEN",2FGM,Two Pointer,2,212,23,C,,,,34,07:00,58,51,
2007,RS,2,23,417,PAN,PAPH,"ALVERTIS, FRAGISKOS",3FGA,Missed Three Pointer,0,258,628,G,,,,34,07:00,58,51,
2007,RS,2,23,420,BAM,PJJZ,"SUPUT, PREDRAG",2FGM,Two Pointer,2,248,128,B,,,,35,06:00,58,53,
2007,RS,2,23,421,PAN,PAJV,"BATISTE, MICHAEL",2FGM,Two Pointer,2,69,41,C,,,,35,06:00,60,53,
2007,RS,2,23,424,BAM,PASB,"OKULAJA, ADEMOLA",2FGM,Two Pointer,2,238,533,H,,,,36,05:00,60,55,
2007,RS,2,23,426,PAN,PAPH,"ALVERTIS, FRAGISKOS",3FGA,Missed Three Pointer,0,-676,110,F,,,,36,05:00,60,55,
2007,RS,2,23,436,BAM,PBOF,"GARRETT, ROBERT",3FGA,Missed Three Pointer,0,705,61,A,,,,36,05:00,60,55,
2007,RS,2,23,438,PAN,PTFY,"WINSTON, KENNEDY",2FGM,Two Pointer,2,-56,43,D,,,,36,05:00,62,55,
2007,RS,2,23,441,BAM,PASB,"OKULAJA, ADEMOLA",3FGA,Missed Three Pointer,0,-538,428,J,,,,37,04:00,62,55,
2007,RS,2,23,443,PAN,PADG,"JASIKEVICIUS, SARUNAS",3FGA,Missed Three Pointer,0,658,35,A,,,,37,04:00,62,55,
2007,RS,2,23,445,BAM,PASB,"OKULAJA, ADEMOLA",2FGM,Two Pointer,2,28,48,C,,,,37,04:00,62,57,
2007,RS,2,23,449,PAN,PJUO,"SPANOULIS, VASSILIS",2FGA,Missed Two Pointer,0,438,17,B,,,,37,04:00,62,57,
2007,RS,2,23,452,BAM,PBOF,"GARRETT, ROBERT",3FGM,Three Pointer,3,697,-10,A,,,,38,03:00,62,60,
2007,RS,2,23,461,BAM,PLPI,"FENN, DARREN",FTM,Free Throw In,1,-1,-1, ,,,,38,03:00,62,61,
2007,RS,2,23,463,PAN,PJUO,"SPANOULIS, VASSILIS",2FGA,Missed Two Pointer,0,-2,202,D,,,,39,02:00,62,61,
2007,RS,2,23,468,PAN,PADG,"JASIKEVICIUS, SARUNAS",3FGA,Missed Three Pointer,0,-48,679,J,,,,39,02:00,62,61,
2007,RS,2,23,470,BAM,PASB,"OKULAJA, ADEMOLA",3FGA,Missed Three Pointer,0,-82,666,J,,,,39,02:00,62,61,
2007,RS,2,23,478,PAN,PADG,"JASIKEVICIUS, SARUNAS",FTM,Free Throw In,1,-1,-1, ,,,,40,01:00,63,61,
2007,RS,2,23,479,PAN,PADG,"JASIKEVICIUS, SARUNAS",FTM,Free Throw In,1,-1,-1, ,,,,40,01:00,64,61,
2007,RS,2,23,483,BAM,PJJZ,"SUPUT, PREDRAG",3FGA,Missed Three Pointer,0,-79,664,J,,,,40,01:00,64,61,
2007,RS,2,23,491,PAN,PJUO,"SPANOULIS, VASSILIS",FTM,Free Throw In,1,-1,-1, ,,,,40,01:00,65,61,
2007,RS,2,23,492,PAN,PJUO,"SPANOULIS, VASSILIS",FTM,Free Throw In,1,-1,-1, ,,,,40,01:00,66,61,
2007,RS,2,23,496,BAM,PBOF,"GARRETT, ROBERT",2FGA,Missed Two Pointer,0,184,66,C,,,,40,01:00,66,61,
2007,RS,2,24,4,ROM,PKZA,"HAWKINS, DAVID",2FGA,Missed Two Pointer,0,-441,5,E,,,,1,10:00,0,0,
2007,RS,2,24,7,MAD,PAPP,"PAPADOPOULOS, LAZAROS",2FGM,Two Pointer,2,20,66,C,,,,2,09:00,2,0,
2007,RS,2,24,8,ROM,PJKN,"GABINI, ROBERTO",2FGM,Two Pointer,2,41,82,C,,,,2,09:00,2,2,
2007,RS,2,24,11,MAD,PCTN,"SMITH, CHARLES",3FGA,Missed Three Pointer,0,-558,384,F,,,,2,09:00,2,2,
2007,RS,2,24,15,MAD,PCRF,"HERVELLE, AXEL",2FGM,Two Pointer,2,-46,46,D,,,,3,08:00,4,2,
2007,RS,2,24,19,MAD,PBFJ,"MUMBRU, ALEX",2FGM,Two Pointer,2,-46,48,D,,,,3,08:00,6,2,
2007,RS,2,24,20,ROM,PKZA,"HAWKINS, DAVID",3FGA,Missed Three Pointer,0,-523,451,J,,,,3,08:00,6,2,
2007,RS,2,24,24,MAD,PBFJ,"MUMBRU, ALEX",FTM,Free Throw In,1,-1,-1, ,,,,3,08:00,7,2,
2007,RS,2,24,25,MAD,PBFJ,"MUMBRU, ALEX",FTM,Free Throw In,1,-1,-1, ,,,,3,08:00,8,2,
2007,RS,2,24,30,ROM,PJKN,"GABINI, ROBERTO",3FGM,Three Pointer,3,669,-15,A,,,,4,07:00,8,5,
2007,RS,2,24,31,MAD,PAPP,"PAPADOPOULOS, LAZAROS",2FGM,Two Pointer,2,-248,64,D,,,,4,07:00,10,5,
2007,RS,2,24,35,MAD,PCTN,"SMITH, CHARLES",2FGM,Two Pointer,2,0,2,D,,,,4,07:00,12,5,
2007,RS,2,24,39,ROM,PCJA,"UKIC, ROKO-LENI",2FGM,Two Pointer,2,48,74,C,,,,5,06:00,12,7,
2007,RS,2,24,43,MAD,PCTN,"SMITH, CHARLES",3FGM,Three Pointer,3,-610,294,F,,,,5,06:00,15,7,
2007,RS,2,24,48,MAD,PCTN,"SMITH, CHARLES",3FGM,Three Pointer,3,-623,256,F,,,,6,05:00,18,7,
2007,RS,2,24,49,ROM,PTFR,"RAY, ALLAN",3FGA,Missed Three Pointer,0,-456,515,J,,,,6,05:00,18,7,
2007,RS,2,24,52,MAD,PCRF,"HERVELLE, AXEL",2FGM,Two Pointer,2,64,74,C,,,,6,05:00,20,7,
2007,RS,2,24,54,ROM,PCJA,"UKIC, ROKO-LENI",3FGM,Three Pointer,3,-120,689,J,,,,7,04:00,20,10,
2007,RS,2,24,59,MAD,PCTN,"SMITH, CHARLES",2FGM,Two Pointer,2,-79,56,D,,,,7,04:00,22,10,
2007,RS,2,24,60,ROM,PKZA,"HAWKINS, DAVID",3FGA,Missed Three Pointer,0,676,-17,A,,,,7,04:00,22,10,
2007,RS,2,24,62,MAD,PBFJ,"MUMBRU, ALEX",2FGA,Missed Two Pointer,0,-107,48,D,,,,7,04:00,22,10,
2007,RS,2,24,70,MAD,PAPP,"PAPADOPOULOS, LAZAROS",FTM,Free Throw In,1,-1,-1, ,,,,8,03:00,23,10,
2007,RS,2,24,74,MAD,PBFJ,"MUMBRU, ALEX",2FGM,Two Pointer,2,-28,58,D,,,,8,03:00,25,10,
2007,RS,2,24,82,ROM,PLUK,"STEFANSSON, JON",2FGM,Two Pointer,2,41,82,C,,,,8,03:00,25,12,
2007,RS,2,24,89,MAD,PCTN,"SMITH, CHARLES",FTM,Free Throw In,1,-1,-1, ,,,,9,02:00,26,12,
2007,RS,2,24,90,MAD,PCTN,"SMITH, CHARLES",FTM,Free Throw In,1,-1,-1, ,,,,9,02:00,27,12,
2007,RS,2,24,93,ROM,PADP,"FUCKA, GREGOR",2FGA,Missed Two Pointer,0,43,84,C,,,,9,02:00,27,12,
2007,RS,2,24,102,ROM,PKZA,"HAWKINS, DAVID",3FGM,Three Pointer,3,684,-23,A,,,,9,02:00,27,15,
2007,RS,2,24,104,MAD,PAIT,"LOPEZ, RAUL",2FGA,Missed Two Pointer,0,430,43,B,,,,10,01:00,27,15,
2007,RS,2,24,106,ROM,PTFR,"RAY, ALLAN",3FGA,Missed Three Pointer,0,-64,692,J,,,,10,01:00,27,15,
2007,RS,2,24,108,MAD,PAAX,"REYES, FELIPE",2FGM,Two Pointer,2,-5,517,I,,,,10,01:00,29,15,
2007,RS,2,24,109,ROM,PCJA,"UKIC, ROKO-LENI",2FGM,Two Pointer,2,-66,258,D,,,,10,01:00,29,17,
2007,RS,2,24,118,ROM,PTFR,"RAY, ALLAN",3FGA,Missed Three Pointer,0,-469,494,J,,,,11,10:00,29,17,
2007,RS,2,24,120,MAD,PAAX,"REYES, FELIPE",2FGA,Missed Two Pointer,0,30,69,C,,,,11,10:00,29,17,
2007,RS,2,24,121,MAD,PAAX,"REYES, FELIPE",2FGAB,Missed Two Pointer,0,0,69,D,,,,11,10:00,29,17,
2007,RS,2,24,125,ROM,PBWL,"LORBEK, ERAZEM",2FGA,Missed Two Pointer,0,-61,97,D,,,,11,10:00,29,17,
2007,RS,2,24,127,MAD,PCTN,"SMITH, CHARLES",2FGA,Missed Two Pointer,0,35,92,C,,,,11,10:00,29,17,
2007,RS,2,24,134,MAD,PAFB,"SEKULIC, BLAGOTA",FTM,Free Throw In,1,-1,-1, ,,,,12,09:00,30,17,
2007,RS,2,24,136,ROM,PBWL,"LORBEK, ERAZEM",2FGM,Two Pointer,2,-23,66,D,,,,12,09:00,30,19,
2007,RS,2,24,137,MAD,PTGB,"LLULL, SERGIO",2FGM,Two Pointer,2,-69,64,D,,,,12,09:00,32,19,
2007,RS,2,24,140,MAD,PTGB,"LLULL, SERGIO",FTM,Free Throw In,1,-1,-1, ,,,,12,09:00,33,19,
2007,RS,2,24,143,ROM,PCCI,"TONOLLI, ALESSANDRO",3FGA,Missed Three Pointer,0,-433,571,J,,,,12,09:00,33,19,
2007,RS,2,24,148,ROM,PKZA,"HAWKINS, DAVID",2FGM,Two Pointer,2,20,92,C,,,,13,08:00,33,21,
2007,RS,2,24,152,ROM,PKZA,"HAWKINS, DAVID",FTM,Free Throw In,1,-1,-1, ,,,,13,08:00,33,22,
2007,RS,2,24,153,MAD,PTGB,"LLULL, SERGIO",2FGA,Missed Two Pointer,0,235,84,C,,,,13,08:00,33,22,
2007,RS,2,24,155,ROM,PBWL,"LORBEK, ERAZEM",2FGM,Two Pointer,2,-2,130,D,,,,13,08:00,33,24,
2007,RS,2,24,172,MAD,PCRF,"HERVELLE, AXEL",2FGM,Two Pointer,2,-66,51,D,,,,14,07:00,35,24,
2007,RS,2,24,174,ROM,PBWL,"LORBEK, ERAZEM",2FGM,Two Pointer,2,33,71,C,,,,14,07:00,35,26,
2007,RS,2,24,176,MAD,PCTN,"SMITH, CHARLES",3FGA,Missed Three Pointer,0,-615,264,F,,,,15,06:00,35,26,
2007,RS,2,24,178,ROM,PBWL,"LORBEK, ERAZEM",2FGM,Two Pointer,2,43,112,C,,,,15,06:00,35,28,
2007,RS,2,24,179,MAD,PCTN,"SMITH, CHARLES",3FGA,Missed Three Pointer,0,689,0,A,,,,15,06:00,35,28,
2007,RS,2,24,182,ROM,PKXO,"GIACHETTI, JACOPO",2FGA,Missed Two Pointer,0,-12,89,D,,,,15,06:00,35,28,
2007,RS,2,24,183,ROM,PKXO,"GIACHETTI, JACOPO",2FGAB,Missed Two Pointer,0,28,74,C,,,,15,06:00,35,28,
2007,RS,2,24,197,ROM,PADP,"FUCKA, GREGOR",2FGM,Two Pointer,2,61,176,C,,,,16,05:00,35,30,
2007,RS,2,24,198,MAD,PBFJ,"MUMBRU, ALEX",3FGA,Missed Three Pointer,0,-669,135,F,,,,16,05:00,35,30,
2007,RS,2,24,200,ROM,PKXO,"GIACHETTI, JACOPO",2FGM,Two Pointer,2,71,130,C,,,,16,05:00,35,32,
2007,RS,2,24,202,MAD,PACK,"PELEKANOS, MICHALIS",3FGA,Missed Three Pointer,0,676,41,A,,,,17,04:00,35,32,
2007,RS,2,24,204,MAD,PAIT,"LOPEZ, RAUL",3FGA,Missed Three Pointer,0,125,661,G,,,,17,04:00,35,32,
2007,RS,2,24,210,MAD,PACK,"PELEKANOS, MICHALIS",2FGA,Missed Two Pointer,0,10,84,C,,,,17,04:00,35,32,
2007,RS,2,24,212,MAD,PBFJ,"MUMBRU, ALEX",2FGM,Two Pointer,2,-10,56,D,,,,17,04:00,37,32,
2007,RS,2,24,220,MAD,PAIT,"LOPEZ, RAUL",3FGM,Three Pointer,3,-43,679,J,,,,18,03:00,40,32,
2007,RS,2,24,223,ROM,PKZA,"HAWKINS, DAVID",3FGM,Three Pointer,3,679,-28,A,,,,19,02:00,40,35,
2007,RS,2,24,224,MAD,PAPP,"PAPADOPOULOS, LAZAROS",2FGA,Missed Two Pointer,0,205,48,C,,,,19,02:00,40,35,
2007,RS,2,24,226,MAD,PAPP,"PAPADOPOULOS, LAZAROS",2FGM,Two Pointer,2,-5,130,D,,,,19,02:00,42,35,
2007,RS,2,24,233,MAD,PCRF,"HERVELLE, AXEL",3FGA,Missed Three Pointer,0,20,679,G,,,,19,02:00,42,35,
2007,RS,2,24,236,ROM,PBWL,"LORBEK, ERAZEM",2FGM,Two Pointer,2,-5,2,D,,,,19,02:00,42,37,
2007,RS,2,24,240,MAD,PBFJ,"MUMBRU, ALEX",3FGA,Missed Three Pointer,0,-446,492,J,,,,20,01:00,42,37,
2007,RS,2,24,242,ROM,PKXO,"GIACHETTI, JACOPO",2FGM,Two Pointer,2,-33,87,D,,,,20,01:00,42,39,
2007,RS,2,24,247,MAD,PAIT,"LOPEZ, RAUL",3FGM,Three Pointer,3,156,651,G,,,,20,01:00,45,39,
2007,RS,2,24,249,ROM,PBWL,"LORBEK, ERAZEM",3FGM,Three Pointer,3,-564,358,F,,,,20,01:00,45,42,
2007,RS,2,24,264,MAD,PAAX,"REYES, FELIPE",2FGA,Missed Two Pointer,0,76,569,H,,,,22,09:00,45,42,
2007,RS,2,24,266,MAD,PCTN,"SMITH, CHARLES",3FGA,Missed Three Pointer,0,-684,241,F,,,,22,09:00,45,42,
2007,RS,2,24,268,MAD,PAAX,"REYES, FELIPE",2FGA,Missed Two Pointer,0,-10,92,D,,,,22,09:00,45,42,
2007,RS,2,24,270,ROM,PJKN,"GABINI, ROBERTO",2FGA,Missed Two Pointer,0,15,171,C,,,,22,09:00,45,42,
2007,RS,2,24,277,MAD,PCRF,"HERVELLE, AXEL",FTM,Free Throw In,1,-1,-1, ,,,,22,09:00,46,42,
2007,RS,2,24,278,MAD,PCRF,"HERVELLE, AXEL",FTM,Free Throw In,1,-1,-1, ,,,,22,09:00,47,42,
2007,RS,2,24,279,ROM,PJKN,"GABINI, ROBERTO",3FGA,Missed Three Pointer,0,215,676,G,,,,22,09:00,47,42,
2007,RS,2,24,281,MAD,PCRF,"HERVELLE, AXEL",3FGA,Missed Three Pointer,0,-174,707,J,,,,22,09:00,47,42,
2007,RS,2,24,283,ROM,PKZA,"HAWKINS, DAVID",3FGA,Missed Three Pointer,0,592,333,A,,,,22,09:00,47,42,
2007,RS,2,24,289,MAD,PAIT,"LOPEZ, RAUL",3FGA,Missed Three Pointer,0,-466,520,J,,,,22,09:00,47,42,
2007,RS,2,24,300,ROM,PBWL,"LORBEK, ERAZEM",2FGM,Two Pointer,2,89,53,C,,,,23,08:00,47,44,
2007,RS,2,24,303,MAD,PCTN,"SMITH, CHARLES",3FGA,Missed Three Pointer,0,-538,461,J,,,,23,08:00,47,44,
2007,RS,2,24,305,MAD,PAAX,"REYES, FELIPE",2FGM,Two Pointer,2,-43,87,D,,,,23,08:00,49,44,
2007,RS,2,24,307,ROM,PJKN,"GABINI, ROBERTO",3FGA,Missed Three Pointer,0,-71,674,J,,,,24,07:00,49,44,
2007,RS,2,24,309,MAD,PAAX,"REYES, FELIPE",2FGM,Two Pointer,2,117,53,C,,,,24,07:00,51,44,
2007,RS,2,24,317,MAD,PBFJ,"MUMBRU, ALEX",2FGM,Two Pointer,2,-35,74,D,,,,24,07:00,53,44,
2007,RS,2,24,321,ROM,PCJA,"UKIC, ROKO-LENI",3FGM,Three Pointer,3,-20,666,J,,,,25,06:00,53,47,
2007,RS,2,24,324,ROM,PBWL,"LORBEK, ERAZEM",2FGM,Two Pointer,2,41,51,C,,,,25,06:00,53,49,
2007,RS,2,24,333,ROM,PBWL,"LORBEK, ERAZEM",3FGM,Three Pointer,3,-135,682,J,,,,26,05:00,53,52,
2007,RS,2,24,338,MAD,PBFJ,"MUMBRU, ALEX",FTM,Free Throw In,1,-1,-1, ,,,,26,05:00,54,52,
2007,RS,2,24,339,MAD,PBFJ,"MUMBRU, ALEX",FTM,Free Throw In,1,-1,-1, ,,,,26,05:00,55,52,
2007,RS,2,24,340,ROM,PJKN,"GABINI, ROBERTO",2FGA,Missed Two Pointer,0,-15,133,D,,,,26,05:00,55,52,
2007,RS,2,24,353,ROM,PLUK,"STEFANSSON, JON",3FGM,Three Pointer,3,674,64,A,,,,27,04:00,55,55,
2007,RS,2,24,354,MAD,PAAX,"REYES, FELIPE",2FGA,Missed Two Pointer,0,-12,130,D,,,,27,04:00,55,55,
2007,RS,2,24,356,ROM,PKXO,"GIACHETTI, JACOPO",2FGM,Two Pointer,2,15,105,C,,,,27,04:00,55,57,
2007,RS,2,24,362,MAD,PBFJ,"MUMBRU, ALEX",FTM,Free Throw In,1,-1,-1, ,,,,28,03:00,56,57,
2007,RS,2,24,363,MAD,PBFJ,"MUMBRU, ALEX",FTM,Free Throw In,1,-1,-1, ,,,,28,03:00,57,57,
2007,RS,2,24,364,ROM,PLUK,"STEFANSSON, JON",2FGA,Missed Two Pointer,0,379,135,B,,,,28,03:00,57,57,
2007,RS,2,24,366,MAD,PAPP,"PAPADOPOULOS, LAZAROS",2FGM,Two Pointer,2,228,64,C,,,,28,03:00,59,57,
2007,RS,2,24,374,ROM,PKXO,"GIACHETTI, JACOPO",FTM,Free Throw In,1,-1,-1, ,,,,28,03:00,59,58,
2007,RS,2,24,375,ROM,PKXO,"GIACHETTI, JACOPO",FTM,Free Throw In,1,-1,-1, ,,,,28,03:00,59,59,
2007,RS,2,24,380,MAD,PTGB,"LLULL, SERGIO",FTM,Free Throw In,1,-1,-1, ,,,,29,02:00,60,59,
2007,RS,2,24,382,MAD,PCTN,"SMITH, CHARLES",2FGM,Two Pointer,2,-74,117,D,,,,29,02:00,62,59,
2007,RS,2,24,384,ROM,PLUK,"STEFANSSON, JON",3FGM,Three Pointer,3,512,487,G,,,,29,02:00,62,62,
2007,RS,2,24,385,MAD,PCTN,"SMITH, CHARLES",2FGM,Two Pointer,2,2,84,D,,,,29,02:00,64,62,
2007,RS,2,24,391,ROM,PCJA,"UKIC, ROKO-LENI",FTM,Free Throw In,1,-1,-1, ,,,,30,01:00,64,63,
2007,RS,2,24,392,ROM,PCJA,"UKIC, ROKO-LENI",FTM,Free Throw In,1,-1,-1, ,,,,30,01:00,64,64,
2007,RS,2,24,393,MAD,PCTN,"SMITH, CHARLES",2FGM,Two Pointer,2,-66,58,D,,,,30,01:00,66,64,
2007,RS,2,24,396,MAD,PCTN,"SMITH, CHARLES",3FGA,Missed Three Pointer,0,676,41,A,,,,30,01:00,66,64,
2007,RS,2,24,401,MAD,PARR,"TUNCERI, KEREM",3FGA,Missed Three Pointer,0,-630,302,F,,,,30,01:00,66,64,
2007,RS,2,24,408,MAD,PAPP,"PAPADOPOULOS, LAZAROS",2FGM,Two Pointer,2,-23,69,D,,,,31,10:00,68,64,
2007,RS,2,24,409,ROM,PCJA,"UKIC, ROKO-LENI",3FGA,Missed Three Pointer,0,158,697,G,,,,31,10:00,68,64,
2007,RS,2,24,412,MAD,PCTN,"SMITH, CHARLES",2FGM,Two Pointer,2,-7,82,D,,,,32,09:00,70,64,
2007,RS,2,24,419,MAD,PCTN,"SMITH, CHARLES",2FGA,Missed Two Pointer,0,-53,92,D,,,,32,09:00,70,64,
2007,RS,2,24,420,MAD,PCTN,"SMITH, CHARLES",2FGAB,Missed Two Pointer,0,-17,61,D,,,,32,09:00,70,64,
2007,RS,2,24,425,MAD,PARR,"TUNCERI, KEREM",3FGM,Three Pointer,3,623,292,A,,,,32,09:00,73,64,
2007,RS,2,24,434,ROM,PLUK,"STEFANSSON, JON",2FGM,Two Pointer,2,-441,46,E,,,,33,08:00,73,66,
2007,RS,2,24,436,MAD,PCTN,"SMITH, CHARLES",3FGM,Three Pointer,3,692,71,A,,,,33,08:00,76,66,
2007,RS,2,24,437,ROM,PLUK,"STEFANSSON, JON",3FGA,Missed Three Pointer,0,-615,315,F,,,,33,08:00,76,66,
2007,RS,2,24,448,ROM,PCJA,"UKIC, ROKO-LENI",3FGM,Three Pointer,3,215,656,G,,,,34,07:00,76,69,
2007,RS,2,24,455,MAD,PCRF,"HERVELLE, AXEL",2FGM,Two Pointer,2,0,2,D,,,,35,06:00,78,69,
2007,RS,2,24,456,ROM,PBWL,"LORBEK, ERAZEM",2FGA,Missed Two Pointer,0,-12,79,D,,,,35,06:00,78,69,
2007,RS,2,24,458,ROM,PBWL,"LORBEK, ERAZEM",2FGM,Two Pointer,2,-5,58,D,,,,35,06:00,78,71,
2007,RS,2,24,460,MAD,PTGB,"LLULL, SERGIO",2FGA,Missed Two Pointer,0,392,53,B,,,,36,05:00,78,71,
2007,RS,2,24,464,ROM,PBWL,"LORBEK, ERAZEM",2FGA,Missed Two Pointer,0,-48,89,D,,,,36,05:00,78,71,
2007,RS,2,24,466,MAD,PAIT,"LOPEZ, RAUL",3FGA,Missed Three Pointer,0,607,358,A,,,,36,05:00,78,71,
2007,RS,2,24,468,ROM,PADP,"FUCKA, GREGOR",2FGM,Two Pointer,2,-23,61,D,,,,36,05:00,78,73,
2007,RS,2,24,479,ROM,PCJA,"UKIC, ROKO-LENI",2FGM,Two Pointer,2,33,61,C,,,,37,04:00,78,75,
2007,RS,2,24,481,MAD,PBFJ,"MUMBRU, ALEX",3FGM,Three Pointer,3,561,405,A,,,,37,04:00,81,75,
2007,RS,2,24,486,ROM,PLUK,"STEFANSSON, JON",FTM,Free Throw In,1,-1,-1, ,,,,38,03:00,81,76,
2007,RS,2,24,487,ROM,PLUK,"STEFANSSON, JON",FTM,Free Throw In,1,-1,-1, ,,,,38,03:00,81,77,
2007,RS,2,24,496,ROM,PBWL,"LORBEK, ERAZEM",FTM,Free Throw In,1,-1,-1, ,,,,38,03:00,81,78,
2007,RS,2,24,497,ROM,PBWL,"LORBEK, ERAZEM",FTM,Free Throw In,1,-1,-1, ,,,,38,03:00,81,79,
2007,RS,2,24,503,ROM,PCJA,"UKIC, ROKO-LENI",2FGM,Two Pointer,2,-46,69,D,,,,39,02:00,81,81,
2007,RS,2,24,504,MAD,PAIT,"LOPEZ, RAUL",3FGM,Three Pointer,3,564,428,G,,,,39,02:00,84,81,
2007,RS,2,24,505,ROM,PKZA,"HAWKINS, DAVID",3FGA,Missed Three Pointer,0,392,620,G,,,,39,02:00,84,81,
2007,RS,2,24,510,MAD,PAAX,"REYES, FELIPE",2FGA,Missed Two Pointer,0,-146,179,D,,,,40,01:00,84,81,
2007,RS,2,24,512,ROM,PKZA,"HAWKINS, DAVID",3FGA,Missed Three Pointer,0,661,200,A,,,,40,01:00,84,81,
2007,RS,2,24,519,MAD,PAAX,"REYES, FELIPE",FTM,Free Throw In,1,-1,-1, ,,,,40,01:00,85,81,
2007,RS,2,24,528,MAD,PARR,"TUNCERI, KEREM",FTM,Free Throw In,1,-1,-1, ,,,,40,01:00,86,81,
2007,RS,2,24,529,MAD,PARR,"TUNCERI, KEREM",FTM,Free Throw In,1,-1,-1, ,,,,40,01:00,87,81,
2007,RS,2,24,530,ROM,PLUK,"STEFANSSON, JON",2FGM,Two Pointer,2,-79,74,D,,,,40,01:00,87,83,
2007,RS,2,24,533,MAD,PAIT,"LOPEZ, RAUL",FTM,Free Throw In,1,-1,-1, ,,,,40,01:00,88,83,
2007,RS,2,24,534,MAD,PAIT,"LOPEZ, RAUL",FTM,Free Throw In,1,-1,-1, ,,,,40,01:00,89,83,
2007,RS,2,24,537,ROM,PCJA,"UKIC, ROKO-LENI",2FGA,Missed Two Pointer,0,48,97,C,,,,40,01:00,89,83,
2007,RS,2,24,538,ROM,PCJA,"UKIC, ROKO-LENI",2FGAB,Missed Two Pointer,0,28,74,C,,,,40,01:00,89,83,
2007,RS,3,25,577,OLY,PCBV,"MACIJAUSKAS, ARVYDAS",FTM,Free Throw In,1,-1,-1, ,,,,1,10:00,1,0,
2007,RS,3,25,580,VIR,PTGM,"SPENCER, DEWARICK",3FGM,Three Pointer,3,-651,217,F,,,,1,10:00,1,3,
2007,RS,3,25,584,OLY,PCBV,"MACIJAUSKAS, ARVYDAS",FTM,Free Throw In,1,-1,-1, ,,,,1,10:00,2,3,
2007,RS,3,25,585,OLY,PCBV,"MACIJAUSKAS, ARVYDAS",FTM,Free Throw In,1,-1,-1, ,,,,1,10:00,3,3,
2007,RS,3,25,586,VIR,PLHB,"GARRI, LUCA",2FGA,Missed Two Pointer,0,-23,25,D,,,,1,10:00,3,3,
2007,RS,3,25,587,VIR,PLHB,"GARRI, LUCA",2FGAB,Missed Two Pointer,0,-38,30,D,,,,1,10:00,3,3,
2007,RS,3,25,591,OLY,P000126,"JACKSON, MARC",2FGM,Two Pointer,2,-110,71,D,,,,1,10:00,5,3,
2007,RS,3,25,596,OLY,P000126,"JACKSON, MARC",2FGA,Missed Two Pointer,0,282,194,B,,,,2,09:00,5,3,
2007,RS,3,25,599,VIR,PBXA,"GIOVANNONI, GUILHERME",3FGA,Missed Three Pointer,0,-446,528,J,,,,3,08:00,5,3,
2007,RS,3,25,602,VIR,PTGL,"HOLLAND, DELONTE",3FGA,Missed Three Pointer,0,392,571,G,,,,3,08:00,5,3,
2007,RS,3,25,604,OLY,PCBV,"MACIJAUSKAS, ARVYDAS",3FGA,Missed Three Pointer,0,638,266,A,,,,3,08:00,5,3,
2007,RS,3,25,607,VIR,PTGM,"SPENCER, DEWARICK",3FGA,Missed Three Pointer,0,0,684,J,,,,3,08:00,5,3,
2007,RS,3,25,609,OLY,PCBV,"MACIJAUSKAS, ARVYDAS",2FGM,Two Pointer,2,66,74,C,,,,3,08:00,7,3,
2007,RS,3,25,613,VIR,PBXA,"GIOVANNONI, GUILHERME",3FGA,Missed Three Pointer,0,-120,661,J,,,,4,07:00,7,3,
2007,RS,3,25,619,OLY,PJRF,"VASILOPOULOS, PANAGIOTIS",2FGA,Missed Two Pointer,0,-358,138,E,,,,4,07:00,7,3,
2007,RS,3,25,621,VIR,PLHB,"GARRI, LUCA",3FGM,Three Pointer,3,-12,723,J,,,,4,07:00,7,6,
2007,RS,3,25,632,OLY,PCBV,"MACIJAUSKAS, ARVYDAS",2FGM,Two Pointer,2,51,41,C,,,,5,06:00,9,6,
2007,RS,3,25,633,VIR,PBXA,"GIOVANNONI, GUILHERME",2FGM,Two Pointer,2,-41,30,D,,,,5,06:00,9,8,
2007,RS,3,25,640,OLY,PCBV,"MACIJAUSKAS, ARVYDAS",3FGA,Missed Three Pointer,0,682,71,A,,,,6,05:00,9,8,
2007,RS,3,25,642,VIR,PTGL,"HOLLAND, DELONTE",2FGA,Missed Two Pointer,0,-35,53,D,,,,6,05:00,9,8,
2007,RS,3,25,644,OLY,PJRF,"VASILOPOULOS, PANAGIOTIS",3FGA,Missed Three Pointer,0,382,548,G,,,,6,05:00,9,8,
2007,RS,3,25,653,VIR,PTGL,"HOLLAND, DELONTE",FTM,Free Throw In,1,-1,-1, ,,,,6,05:00,9,9,
2007,RS,3,25,655,OLY,PBFY,"BLAKNEY, RODERICK",2FGA,Missed Two Pointer,0,-20,20,D,,,,7,04:00,9,9,
2007,RS,3,25,657,VIR,PTGL,"HOLLAND, DELONTE",2FGA,Missed Two Pointer,0,30,30,C,,,,7,04:00,9,9,
2007,RS,3,25,659,OLY,P000126,"JACKSON, MARC",2FGM,Two Pointer,2,25,71,C,,,,7,04:00,11,9,
2007,RS,3,25,663,OLY,P000126,"JACKSON, MARC",FTM,Free Throw In,1,-1,-1, ,,,,7,04:00,12,9,
2007,RS,3,25,664,VIR,PTGM,"SPENCER, DEWARICK",3FGA,Missed Three Pointer,0,338,582,G,,,,7,04:00,12,9,
2007,RS,3,25,666,VIR,P000079,"CANELO, JEAN CARLOS",2FGA,Missed Two Pointer,0,153,48,C,,,,7,04:00,12,9,
2007,RS,3,25,668,OLY,PCBV,"MACIJAUSKAS, ARVYDAS",2FGM,Two Pointer,2,61,51,C,,,,7,04:00,14,9,
2007,RS,3,25,670,VIR,PTGM,"SPENCER, DEWARICK",2FGA,Missed Two Pointer,0,35,64,C,,,,7,04:00,14,9,
2007,RS,3,25,673,OLY,PCBV,"MACIJAUSKAS, ARVYDAS",2FGM,Two Pointer,2,84,76,C,,,,8,03:00,16,9,
2007,RS,3,25,675,VIR,PTGL,"HOLLAND, DELONTE",2FGA,Missed Two Pointer,0,-294,300,E,,,,8,03:00,16,9,
2007,RS,3,25,679,VIR,PTGL,"HOLLAND, DELONTE",2FGA,Missed Two Pointer,0,20,87,C,,,,8,03:00,16,9,
2007,RS,3,25,682,VIR,PLHB,"GARRI, LUCA",2FGA,Missed Two Pointer,0,582,79,B,,,,9,02:00,16,9,
2007,RS,3,25,690,OLY,PCBV,"MACIJAUSKAS, ARVYDAS",FTM,Free Throw In,1,-1,-1, ,,,,9,02:00,17,9,
2007,RS,3,25,691,OLY,PCBV,"MACIJAUSKAS, ARVYDAS",FTM,Free Throw In,1,-1,-1, ,,,,9,02:00,18,9,
2007,RS,3,25,694,VIR,PBXA,"GIOVANNONI, GUILHERME",2FGAB,Missed Two Pointer,0,-84,82,D,,,,9,02:00,18,9,
2007,RS,3,25,700,OLY,PAMM,"PRINTEZIS, GEORGIOS",2FGAB,Missed Two Pointer,0,48,74,C,,,,9,02:00,18,9,
2007,RS,3,25,704,OLY,PCRR,"GREER, LYNN",3FGA,Missed Three Pointer,0,656,256,A,,,,10,01:00,18,9,
2007,RS,3,25,706,VIR,P000079,"CANELO, JEAN CARLOS",2FGM,Two Pointer,2,41,76,C,,,,10,01:00,18,11,
2007,RS,3,25,708,OLY,PCRR,"GREER, LYNN",2FGA,Missed Two Pointer,0,107,94,C,,,,10,01:00,18,11,
2007,RS,3,25,709,VIR,PTGM,"SPENCER, DEWARICK",3FGA,Missed Three Pointer,0,-610,343,F,,,,10,01:00,18,11,
2007,RS,3,25,718,OLY,PTFV,"WOODS, QYNTEL",FTM,Free Throw In,1,-1,-1, ,,,,10,01:00,19,11,
2007,RS,3,25,719,OLY,PTFV,"WOODS, QYNTEL",FTM,Free Throw In,1,-1,-1, ,,,,10,01:00,20,11,
2007,RS,3,25,720,OLY,PCRR,"GREER, LYNN",2FGM,Two Pointer,2,110,105,C,,,,10,01:00,22,11,
2007,RS,3,25,727,VIR,PTGO,"CROSARIOL, ANDREA",2FGM,Two Pointer,2,84,48,C,,,,11,10:00,22,13,
2007,RS,3,25,729,OLY,PTFV,"WOODS, QYNTEL",3FGA,Missed Three Pointer,0,-679,112,F,,,,11,10:00,22,13,
2007,RS,3,25,730,VIR,PTGV,"ANDERSON, ALAN",2FGA,Missed Two Pointer,0,43,66,C,,,,11,10:00,22,13,
2007,RS,3,25,732,VIR,PBXA,"GIOVANNONI, GUILHERME",2FGA,Missed Two Pointer,0,51,74,C,,,,11,10:00,22,13,
2007,RS,3,25,735,VIR,PTGT,"CONROY, WILL",3FGA,Missed Three Pointer,0,100,694,G,,,,11,10:00,22,13,
2007,RS,3,25,737,VIR,P000079,"CANELO, JEAN CARLOS",2FGM,Two Pointer,2,112,156,C,,,,11,10:00,22,15,
2007,RS,3,25,739,OLY,PCBV,"MACIJAUSKAS, ARVYDAS",2FGM,Two Pointer,2,110,120,C,,,,12,09:00,24,15,
2007,RS,3,25,740,VIR,P000079,"CANELO, JEAN CARLOS",2FGA,Missed Two Pointer,0,64,110,C,,,,12,09:00,24,15,
2007,RS,3,25,742,OLY,P000126,"JACKSON, MARC",2FGM,Two Pointer,2,-30,17,D,,,,12,09:00,26,15,
2007,RS,3,25,749,VIR,PTGV,"ANDERSON, ALAN",FTM,Free Throw In,1,-1,-1, ,,,,13,08:00,26,16,
2007,RS,3,25,750,VIR,PTGV,"ANDERSON, ALAN",FTM,Free Throw In,1,-1,-1, ,,,,13,08:00,26,17,
2007,RS,3,25,753,OLY,P000126,"JACKSON, MARC",FTM,Free Throw In,1,-1,-1, ,,,,13,08:00,27,17,
2007,RS,3,25,754,OLY,P000126,"JACKSON, MARC",FTM,Free Throw In,1,-1,-1, ,,,,13,08:00,28,17,
2007,RS,3,25,756,OLY,P000126,"JACKSON, MARC",2FGM,Two Pointer,2,43,38,C,,,,13,08:00,30,17,
2007,RS,3,25,760,VIR,PTGT,"CONROY, WILL",2FGM,Two Pointer,2,53,115,C,,,,13,08:00,30,19,
2007,RS,3,25,761,OLY,PAQU,"BOUROUSIS, IOANNIS",3FGA,Missed Three Pointer,0,12,679,G,,,,13,08:00,30,19,
2007,RS,3,25,763,VIR,PTGO,"CROSARIOL, ANDREA",2FGA,Missed Two Pointer,0,58,107,C,,,,13,08:00,30,19,
2007,RS,3,25,770,OLY,PTFV,"WOODS, QYNTEL",FTM,Free Throw In,1,-1,-1, ,,,,14,07:00,31,19,
2007,RS,3,25,771,OLY,PTFV,"WOODS, QYNTEL",FTM,Free Throw In,1,-1,-1, ,,,,14,07:00,32,19,
2007,RS,3,25,774,VIR,PTGV,"ANDERSON, ALAN",2FGM,Two Pointer,2,-61,64,D,,,,14,07:00,32,21,
2007,RS,3,25,776,OLY,PTFV,"WOODS, QYNTEL",3FGM,Three Pointer,3,-658,102,F,,,,15,06:00,35,21,
2007,RS,3,25,778,VIR,PTGV,"ANDERSON, ALAN",2FGA,Missed Two Pointer,0,430,346,B,,,,15,06:00,35,21,
2007,RS,3,25,780,VIR,PTGO,"CROSARIOL, ANDREA",2FGA,Missed Two Pointer,0,58,76,C,,,,15,06:00,35,21,
2007,RS,3,25,782,VIR,PTGL,"HOLLAND, DELONTE",2FGM,Two Pointer,2,15,38,C,,,,15,06:00,35,23,
2007,RS,3,25,789,VIR,PTGL,"HOLLAND, DELONTE",2FGA,Missed Two Pointer,0,-64,20,D,,,,16,05:00,35,23,
2007,RS,3,25,793,OLY,PTFV,"WOODS, QYNTEL",3FGM,Three Pointer,3,-684,87,F,,,,16,05:00,38,23,
2007,RS,3,25,795,VIR,PTGM,"SPENCER, DEWARICK",2FGA,Missed Two Pointer,0,-76,30,D,,,,16,05:00,38,23,
2007,RS,3,25,802,VIR,PTGV,"ANDERSON, ALAN",3FGA,Missed Three Pointer,0,-171,669,J,,,,17,04:00,38,23,
2007,RS,3,25,804,OLY,P000126,"JACKSON, MARC",2FGM,Two Pointer,2,51,56,C,,,,17,04:00,40,23,
2007,RS,3,25,813,VIR,PTGT,"CONROY, WILL",FTM,Free Throw In,1,-1,-1, ,,,,17,04:00,40,24,
2007,RS,3,25,814,OLY,PJRF,"VASILOPOULOS, PANAGIOTIS",2FGAB,Missed Two Pointer,0,35,35,C,,,,17,04:00,40,24,
2007,RS,3,25,817,OLY,PTFV,"WOODS, QYNTEL",2FGM,Two Pointer,2,7,7,C,,,,17,04:00,42,24,
2007,RS,3,25,818,VIR,PTGL,"HOLLAND, DELONTE",2FGA,Missed Two Pointer,0,100,100,C,,,,17,04:00,42,24,
2007,RS,3,25,824,VIR,PLHB,"GARRI, LUCA",FTM,Free Throw In,1,-1,-1, ,,,,17,04:00,42,25,
2007,RS,3,25,827,VIR,PLHB,"GARRI, LUCA",FTM,Free Throw In,1,-1,-1, ,,,,17,04:00,42,26,
2007,RS,3,25,829,OLY,P000126,"JACKSON, MARC",2FGA,Missed Two Pointer,0,-105,161,D,,,,18,03:00,42,26,
2007,RS,3,25,831,VIR,PTGM,"SPENCER, DEWARICK",3FGM,Three Pointer,3,282,633,G,,,,18,03:00,42,29,
2007,RS,3,25,833,OLY,PJRF,"VASILOPOULOS, PANAGIOTIS",2FGM,Two Pointer,2,489,325,B,,,,18,03:00,44,29,
2007,RS,3,25,837,VIR,PBXA,"GIOVANNONI, GUILHERME",FTM,Free Throw In,1,-1,-1, ,,,,19,02:00,44,30,
2007,RS,3,25,838,VIR,PBXA,"GIOVANNONI, GUILHERME",FTM,Free Throw In,1,-1,-1, ,,,,19,02:00,44,31,
2007,RS,3,25,845,OLY,PTFV,"WOODS, QYNTEL",FTM,Free Throw In,1,-1,-1, ,,,,19,02:00,45,31,
2007,RS,3,25,846,OLY,PTFV,"WOODS, QYNTEL",FTM,Free Throw In,1,-1,-1, ,,,,19,02:00,46,31,
2007,RS,3,25,849,VIR,PTGM,"SPENCER, DEWARICK",FTM,Free Throw In,1,-1,-1, ,,,,19,02:00,46,32,
2007,RS,3,25,850,VIR,PTGM,"SPENCER, DEWARICK",FTM,Free Throw In,1,-1,-1, ,,,,19,02:00,46,33,
2007,RS,3,25,851,OLY,PCRR,"GREER, LYNN",3FGA,Missed Three Pointer,0,679,28,A,,,,19,02:00,46,33,
2007,RS,3,25,853,OLY,PCBV,"MACIJAUSKAS, ARVYDAS",3FGA,Missed Three Pointer,0,48,684,G,,,,19,02:00,46,33,
2007,RS,3,25,855,VIR,PTGM,"SPENCER, DEWARICK",3FGA,Missed Three Pointer,0,666,120,A,,,,19,02:00,46,33,
2007,RS,3,25,869,VIR,PTGL,"HOLLAND, DELONTE",FTM,Free Throw In,1,-1,-1, ,,,,20,01:00,46,34,
2007,RS,3,25,870,OLY,PCRR,"GREER, LYNN",2FGA,Missed Two Pointer,0,-66,89,D,,,,20,01:00,46,34,
2007,RS,3,25,872,VIR,P000079,"CANELO, JEAN CARLOS",3FGA,Missed Three Pointer,0,610,310,A,,,,20,01:00,46,34,
2007,RS,3,25,874,VIR,PLHB,"GARRI, LUCA",2FGA,Missed Two Pointer,0,28,53,C,,,,20,01:00,46,34,
2007,RS,3,25,876,VIR,PTGL,"HOLLAND, DELONTE",2FGM,Two Pointer,2,28,23,C,,,,20,01:00,46,36,
2007,RS,3,25,887,OLY,PAMM,"PRINTEZIS, GEORGIOS",2FGM,Two Pointer,2,-38,61,D,,,,21,10:00,48,36,
2007,RS,3,25,888,VIR,PBEW,"CHIACIG, ROBERTO",2FGA,Missed Two Pointer,0,41,53,C,,,,21,10:00,48,36,
2007,RS,3,25,890,VIR,PBEW,"CHIACIG, ROBERTO",2FGM,Two Pointer,2,12,38,C,,,,21,10:00,48,38,
2007,RS,3,25,891,OLY,P000126,"JACKSON, MARC",3FGA,Missed Three Pointer,0,-397,602,J,,,,21,10:00,48,38,
2007,RS,3,25,896,VIR,PTGL,"HOLLAND, DELONTE",2FGM,Two Pointer,2,25,46,C,,,,22,09:00,48,40,
2007,RS,3,25,898,OLY,PCBV,"MACIJAUSKAS, ARVYDAS",2FGM,Two Pointer,2,-87,94,D,,,,22,09:00,50,40,
2007,RS,3,25,899,VIR,PBEW,"CHIACIG, ROBERTO",2FGA,Missed Two Pointer,0,43,97,C,,,,22,09:00,50,40,
2007,RS,3,25,901,VIR,PBEW,"CHIACIG, ROBERTO",2FGAB,Missed Two Pointer,0,-23,56,D,,,,22,09:00,50,40,
2007,RS,3,25,903,VIR,PTGL,"HOLLAND, DELONTE",2FGM,Two Pointer,2,-146,146,D,,,,22,09:00,50,42,
2007,RS,3,25,906,OLY,PCRR,"GREER, LYNN",2FGA,Missed Two Pointer,0,-30,84,D,,,,22,09:00,50,42,
2007,RS,3,25,911,OLY,P000126,"JACKSON, MARC",FTM,Free Throw In,1,-1,-1, ,,,,23,08:00,51,42,
2007,RS,3,25,912,OLY,P000126,"JACKSON, MARC",FTM,Free Throw In,1,-1,-1, ,,,,23,08:00,52,42,
2007,RS,3,25,913,VIR,PBXA,"GIOVANNONI, GUILHERME",2FGM,Two Pointer,2,-58,25,D,,,,23,08:00,52,44,
2007,RS,3,25,915,OLY,PTFV,"WOODS, QYNTEL",2FGM,Two Pointer,2,-7,0,D,,,,23,08:00,54,44,
2007,RS,3,25,916,VIR,PBXA,"GIOVANNONI, GUILHERME",2FGA,Missed Two Pointer,0,-138,117,D,,,,23,08:00,54,44,
2007,RS,3,25,918,OLY,PCBV,"MACIJAUSKAS, ARVYDAS",2FGM,Two Pointer,2,-48,66,D,,,,23,08:00,56,44,
2007,RS,3,25,921,VIR,PTGT,"CONROY, WILL",3FGA,Missed Three Pointer,0,697,25,A,,,,24,07:00,56,44,
2007,RS,3,25,923,OLY,PCRR,"GREER, LYNN",2FGM,Two Pointer,2,-84,56,D,,,,24,07:00,58,44,
2007,RS,3,25,925,VIR,PTGM,"SPENCER, DEWARICK",3FGM,Three Pointer,3,-623,228,F,,,,24,07:00,58,47,
2007,RS,3,25,935,OLY,PCBV,"MACIJAUSKAS, ARVYDAS",3FGA,Missed Three Pointer,0,-505,482,J,,,,25,06:00,58,47,
2007,RS,3,25,939,OLY,PTFV,"WOODS, QYNTEL",2FGM,Two Pointer,2,-56,41,D,,,,25,06:00,60,47,
2007,RS,3,25,940,VIR,PTGT,"CONROY, WILL",3FGM,Three Pointer,3,387,569,G,,,,25,06:00,60,50,
2007,RS,3,25,942,OLY,PCRR,"GREER, LYNN",3FGA,Missed Three Pointer,0,-482,528,J,,,,26,05:00,60,50,
2007,RS,3,25,944,OLY,PTFV,"WOODS, QYNTEL",3FGM,Three Pointer,3,-353,571,J,,,,26,05:00,63,50,
2007,RS,3,25,945,VIR,PTGV,"ANDERSON, ALAN",2FGM,Two Pointer,2,5,41,C,,,,26,05:00,63,52,
2007,RS,3,25,951,VIR,PTGL,"HOLLAND, DELONTE",2FGM,Two Pointer,2,15,41,C,,,,26,05:00,63,54,
2007,RS,3,25,957,OLY,PTFV,"WOODS, QYNTEL",3FGA,Missed Three Pointer,0,333,617,G,,,,27,04:00,63,54,
2007,RS,3,25,959,OLY,PTFV,"WOODS, QYNTEL",2FGA,Missed Two Pointer,0,-43,74,D,,,,27,04:00,63,54,
2007,RS,3,25,961,VIR,PTGM,"SPENCER, DEWARICK",3FGM,Three Pointer,3,-643,207,F,,,,27,04:00,63,57,
2007,RS,3,25,963,OLY,P000126,"JACKSON, MARC",3FGA,Missed Three Pointer,0,-689,287,F,,,,28,03:00,63,57,
2007,RS,3,25,965,OLY,PCRR,"GREER, LYNN",3FGM,Three Pointer,3,-341,584,J,,,,28,03:00,66,57,
2007,RS,3,25,967,VIR,PTGM,"SPENCER, DEWARICK",3FGM,Three Pointer,3,497,500,G,,,,28,03:00,66,60,
2007,RS,3,25,968,OLY,P000126,"JACKSON, MARC",3FGM,Three Pointer,3,-7,705,J,,,,28,03:00,69,60,
2007,RS,3,25,971,VIR,PBEW,"CHIACIG, ROBERTO",2FGA,Missed Two Pointer,0,7,435,H,,,,29,02:00,69,60,
2007,RS,3,25,980,VIR,PTGV,"ANDERSON, ALAN",2FGAB,Missed Two Pointer,0,2,71,D,,,,29,02:00,69,60,
2007,RS,3,25,989,OLY,PALG,"VASILIADIS, KOSTAS",3FGM,Three Pointer,3,674,205,A,,,,29,02:00,72,60,
2007,RS,3,25,993,OLY,PALG,"VASILIADIS, KOSTAS",3FGM,Three Pointer,3,617,320,A,,,,30,01:00,75,60,
2007,RS,3,25,995,VIR,PTGL,"HOLLAND, DELONTE",2FGM,Two Pointer,2,23,43,C,,,,30,01:00,75,62,
2007,RS,3,25,996,OLY,PBFY,"BLAKNEY, RODERICK",3FGM,Three Pointer,3,-30,674,J,,,,30,01:00,78,62,
2007,RS,3,25,1002,VIR,PTGO,"CROSARIOL, ANDREA",2FGM,Two Pointer,2,5,0,C,,,,31,10:00,78,64,
2007,RS,3,25,1003,OLY,P000126,"JACKSON, MARC",2FGM,Two Pointer,2,-394,376,E,,,,31,10:00,80,64,
2007,RS,3,25,1006,VIR,PTGV,"ANDERSON, ALAN",2FGA,Missed Two Pointer,0,-517,97,E,,,,32,09:00,80,64,
2007,RS,3,25,1010,OLY,PAMM,"PRINTEZIS, GEORGIOS",2FGA,Missed Two Pointer,0,69,33,C,,,,32,09:00,80,64,
2007,RS,3,25,1012,OLY,P000126,"JACKSON, MARC",2FGM,Two Pointer,2,-35,10,D,,,,32,09:00,82,64,
2007,RS,3,25,1013,VIR,PTGT,"CONROY, WILL",2FGM,Two Pointer,2,-20,0,D,,,,32,09:00,82,66,
2007,RS,3,25,1014,OLY,PAMM,"PRINTEZIS, GEORGIOS",2FGM,Two Pointer,2,-53,56,D,,,,32,09:00,84,66,
2007,RS,3,25,1016,VIR,PTGV,"ANDERSON, ALAN",2FGM,Two Pointer,2,-2,10,D,,,,32,09:00,84,68,
2007,RS,3,25,1018,OLY,PALG,"VASILIADIS, KOSTAS",3FGA,Missed Three Pointer,0,630,225,A,,,,33,08:00,84,68,
2007,RS,3,25,1020,OLY,PAMM,"PRINTEZIS, GEORGIOS",2FGM,Two Pointer,2,120,28,C,,,,33,08:00,86,68,
2007,RS,3,25,1031,VIR,PTGT,"CONROY, WILL",FTM,Free Throw In,1,-1,-1, ,,,,34,07:00,86,69,
2007,RS,3,25,1037,OLY,PCBV,"MACIJAUSKAS, ARVYDAS",2FGM,Two Pointer,2,-38,2,D,,,,34,07:00,88,69,
2007,RS,3,25,1039,OLY,PCBV,"MACIJAUSKAS, ARVYDAS",FTM,Free Throw In,1,-1,-1, ,,,,34,07:00,89,69,
2007,RS,3,25,1040,VIR,P000079,"CANELO, JEAN CARLOS",2FGA,Missed Two Pointer,0,574,56,B,,,,34,07:00,89,69,
2007,RS,3,25,1050,OLY,P000126,"JACKSON, MARC",FTM,Free Throw In,1,-1,-1, ,,,,35,06:00,90,69,
2007,RS,3,25,1052,OLY,PCRR,"GREER, LYNN",2FGM,Two Pointer,2,17,7,C,,,,35,06:00,92,69,
2007,RS,3,25,1056,VIR,PLHB,"GARRI, LUCA",3FGA,Missed Three Pointer,0,256,661,G,,,,36,05:00,92,69,
2007,RS,3,25,1060,VIR,PTGL,"HOLLAND, DELONTE",2FGM,Two Pointer,2,-41,25,D,,,,36,05:00,92,71,
2007,RS,3,25,1065,OLY,PCBV,"MACIJAUSKAS, ARVYDAS",FTM,Free Throw In,1,-1,-1, ,,,,36,05:00,93,71,
2007,RS,3,25,1066,OLY,PCBV,"MACIJAUSKAS, ARVYDAS",FTM,Free Throw In,1,-1,-1, ,,,,36,05:00,94,71,
2007,RS,3,25,1069,VIR,PLHB,"GARRI, LUCA",3FGA,Missed Three Pointer,0,635,225,A,,,,36,05:00,94,71,
2007,RS,3,25,1074,OLY,PBFY,"BLAKNEY, RODERICK",3FGA,Missed Three Pointer,0,-528,523,J,,,,37,04:00,94,71,
2007,RS,3,25,1076,VIR,PTGL,"HOLLAND, DELONTE",2FGM,Two Pointer,2,497,156,B,,,,37,04:00,94,73,
2007,RS,3,25,1078,OLY,P000126,"JACKSON, MARC",2FGA,Missed Two Pointer,0,-20,25,D,,,,37,04:00,94,73,
2007,RS,3,25,1085,OLY,P000126,"JACKSON, MARC",FTM,Free Throw In,1,-1,-1, ,,,,38,03:00,95,73,
2007,RS,3,25,1088,VIR,PTGV,"ANDERSON, ALAN",3FGA,Missed Three Pointer,0,669,207,A,,,,38,03:00,95,73,
2007,RS,3,25,1091,VIR,PTGM,"SPENCER, DEWARICK",3FGM,Three Pointer,3,435,538,G,,,,38,03:00,95,76,
2007,RS,3,25,1094,OLY,PCRR,"GREER, LYNN",3FGA,Missed Three Pointer,0,-389,594,J,,,,38,03:00,95,76,
2007,RS,3,25,1096,VIR,PTGL,"HOLLAND, DELONTE",2FGA,Missed Two Pointer,0,264,212,B,,,,38,03:00,95,76,
2007,RS,3,25,1102,VIR,PTGM,"SPENCER, DEWARICK",3FGA,Missed Three Pointer,0,-5,671,J,,,,39,02:00,95,76,
2007,RS,3,25,1113,OLY,PTFV,"WOODS, QYNTEL",FTM,Free Throw In,1,-1,-1, ,,,,39,02:00,96,76,
2007,RS,3,25,1114,OLY,PTFV,"WOODS, QYNTEL",FTM,Free Throw In,1,-1,-1, ,,,,39,02:00,97,76,
2007,RS,3,25,1118,OLY,PTFV,"WOODS, QYNTEL",2FGAB,Missed Two Pointer,0,-56,112,D,,,,40,01:00,97,76,
2007,RS,3,25,1123,OLY,PTFW,"TSAKALIDIS, JAKE",2FGM,Two Pointer,2,-10,7,D,,,,40,01:00,99,76,
2007,RS,3,25,1129,OLY,PALG,"VASILIADIS, KOSTAS",FTM,Free Throw In,1,-1,-1, ,,,,40,01:00,100,76,
2007,RS,3,25,1130,OLY,PALG,"VASILIADIS, KOSTAS",FTM,Free Throw In,1,-1,-1, ,,,,40,01:00,101,76,
2007,RS,3,25,1131,OLY,PALG,"VASILIADIS, KOSTAS",3FGM,Three Pointer,3,-448,566,J,,,,40,01:00,104,76,
2007,RS,3,25,1133,VIR,P000079,"CANELO, JEAN CARLOS",3FGA,Missed Three Pointer,0,-33,692,J,,,,40,01:00,104,76,
2007,RS,3,26,2,SOP,PACX,"MASIULIS, TOMAS",3FGM,Three Pointer,3,353,592,G,,,,1,10:00,3,0,
2007,RS,3,26,5,SOP,PACY,"SLANINA, DONATAS",3FGA,Missed Three Pointer,0,335,648,G,,,,1,10:00,3,0,
2007,RS,3,26,9,SOP,PASG,"VAN DEN SPIEGEL, TOMAS",2FGA,Missed Two Pointer,0,-66,138,D,,,,2,09:00,3,0,
2007,RS,3,26,11,SOP,PABC,"GUROVIC, MILAN",3FGA,Missed Three Pointer,0,-674,-41,F,,,,2,09:00,3,0,
2007,RS,3,26,13,BAS,PANB,"RAKOCEVIC, IGOR",2FGM,Two Pointer,2,-107,100,D,,,,2,09:00,3,2,
2007,RS,3,26,20,BAS,PCBY,"SPLITTER, TIAGO",2FGA,Missed Two Pointer,0,-43,123,D,,,,3,08:00,3,2,
2007,RS,3,26,24,SOP,PASG,"VAN DEN SPIEGEL, TOMAS",2FGA,Missed Two Pointer,0,115,84,C,,,,3,08:00,3,2,
2007,RS,3,26,26,BAS,PJZJ,"TELETOVIC, MIRZA",3FGM,Three Pointer,3,-358,574,J,,,,3,08:00,3,5,
2007,RS,3,26,28,SOP,PKVL,"BEST, TRAVIS",3FGA,Missed Three Pointer,0,25,676,G,,,,3,08:00,3,5,
2007,RS,3,26,36,SOP,PASG,"VAN DEN SPIEGEL, TOMAS",FTM,Free Throw In,1,-1,-1, ,,,,4,07:00,4,5,
2007,RS,3,26,41,BAS,PCBY,"SPLITTER, TIAGO",FTM,Free Throw In,1,-1,-1, ,,,,4,07:00,4,6,
2007,RS,3,26,47,BAS,PJZJ,"TELETOVIC, MIRZA",2FGM,Two Pointer,2,-115,15,D,,,,5,06:00,4,8,
2007,RS,3,26,54,BAS,PAFP,"PLANINIC, ZORAN",FTM,Free Throw In,1,-1,-1, ,,,,5,06:00,4,9,
2007,RS,3,26,55,SOP,PACY,"SLANINA, DONATAS",2FGM,Two Pointer,2,-320,223,E,,,,5,06:00,6,9,
2007,RS,3,26,57,BAS,PAFP,"PLANINIC, ZORAN",2FGM,Two Pointer,2,-305,510,I,,,,6,05:00,6,11,
2007,RS,3,26,58,SOP,PABC,"GUROVIC, MILAN",2FGM,Two Pointer,2,412,38,B,,,,6,05:00,8,11,
2007,RS,3,26,59,BAS,PJWO,"MICKEAL, PETE",2FGM,Two Pointer,2,156,41,C,,,,6,05:00,8,13,
2007,RS,3,26,62,BAS,PJWO,"MICKEAL, PETE",2FGAB,Missed Two Pointer,0,-66,82,D,,,,6,05:00,8,13,
2007,RS,3,26,66,BAS,PANB,"RAKOCEVIC, IGOR",2FGM,Two Pointer,2,125,71,C,,,,6,05:00,8,15,
2007,RS,3,26,70,SOP,PASG,"VAN DEN SPIEGEL, TOMAS",2FGM,Two Pointer,2,-51,66,D,,,,7,04:00,10,15,
2007,RS,3,26,73,BAS,PAFP,"PLANINIC, ZORAN",2FGM,Two Pointer,2,-66,266,D,,,,8,03:00,10,17,
2007,RS,3,26,74,SOP,PKVL,"BEST, TRAVIS",2FGM,Two Pointer,2,-287,369,E,,,,8,03:00,12,17,
2007,RS,3,26,75,BAS,PCBY,"SPLITTER, TIAGO",2FGA,Missed Two Pointer,0,123,74,C,,,,8,03:00,12,17,
2007,RS,3,26,77,SOP,PKVL,"BEST, TRAVIS",2FGM,Two Pointer,2,-182,320,D,,,,8,03:00,14,17,
2007,RS,3,26,79,BAS,PAFP,"PLANINIC, ZORAN",2FGM,Two Pointer,2,130,151,C,,,,9,02:00,14,19,
2007,RS,3,26,80,SOP,PACY,"SLANINA, DONATAS",2FGA,Missed Two Pointer,0,-189,348,D,,,,9,02:00,14,19,
2007,RS,3,26,82,BAS,PJWO,"MICKEAL, PETE",2FGM,Two Pointer,2,-130,112,D,,,,9,02:00,14,21,
2007,RS,3,26,92,SOP,PASG,"VAN DEN SPIEGEL, TOMAS",FTM,Free Throw In,1,-1,-1, ,,,,10,01:00,15,21,
2007,RS,3,26,93,SOP,PASG,"VAN DEN SPIEGEL, TOMAS",FTM,Free Throw In,1,-1,-1, ,,,,10,01:00,16,21,
2007,RS,3,26,94,BAS,PCBX,"PRIGIONI, PABLO",3FGA,Missed Three Pointer,0,41,710,G,,,,10,01:00,16,21,
2007,RS,3,26,100,SOP,PACY,"SLANINA, DONATAS",3FGM,Three Pointer,3,-341,592,J,,,,10,01:00,19,21,
2007,RS,3,26,102,BAS,PCBY,"SPLITTER, TIAGO",2FGAB,Missed Two Pointer,0,-56,79,D,,,,10,01:00,19,21,
2007,RS,3,26,110,BAS,PANB,"RAKOCEVIC, IGOR",2FGM,Two Pointer,2,-476,128,E,,,,11,10:00,19,23,
2007,RS,3,26,112,SOP,PASG,"VAN DEN SPIEGEL, TOMAS",2FGM,Two Pointer,2,2,7,D,,,,11,10:00,21,23,
2007,RS,3,26,114,BAS,PJZJ,"TELETOVIC, MIRZA",3FGA,Missed Three Pointer,0,123,669,G,,,,11,10:00,21,23,
2007,RS,3,26,124,BAS,PANB,"RAKOCEVIC, IGOR",2FGAB,Missed Two Pointer,0,-143,66,D,,,,12,09:00,21,23,
2007,RS,3,26,127,BAS,PCBX,"PRIGIONI, PABLO",3FGM,Three Pointer,3,-341,633,J,,,,12,09:00,21,26,
2007,RS,3,26,132,BAS,PCBX,"PRIGIONI, PABLO",3FGM,Three Pointer,3,-66,674,J,,,,12,09:00,21,29,
2007,RS,3,26,135,SOP,PABC,"GUROVIC, MILAN",3FGA,Missed Three Pointer,0,435,535,G,,,,13,08:00,21,29,
2007,RS,3,26,147,BAS,PJWO,"MICKEAL, PETE",2FGA,Missed Two Pointer,0,-233,-10,D,,,,13,08:00,21,29,
2007,RS,3,26,149,SOP,PBCE,"WOLKOWYSKY, RUBEN",2FGM,Two Pointer,2,-89,317,D,,,,13,08:00,23,29,
2007,RS,3,26,151,BAS,PJZJ,"TELETOVIC, MIRZA",2FGA,Missed Two Pointer,0,-5,164,D,,,,13,08:00,23,29,
2007,RS,3,26,153,BAS,PJZJ,"TELETOVIC, MIRZA",2FGA,Missed Two Pointer,0,71,89,C,,,,13,08:00,23,29,
2007,RS,3,26,160,BAS,PJZJ,"TELETOVIC, MIRZA",FTM,Free Throw In,1,-1,-1, ,,,,14,07:00,23,30,
2007,RS,3,26,161,BAS,PJZJ,"TELETOVIC, MIRZA",FTM,Free Throw In,1,-1,-1, ,,,,14,07:00,23,31,
2007,RS,3,26,162,SOP,PABC,"GUROVIC, MILAN",3FGA,Missed Three Pointer,0,-679,94,F,,,,14,07:00,23,31,
2007,RS,3,26,164,BAS,PAJK,"VIDAL, SERGI",3FGM,Three Pointer,3,597,300,A,,,,14,07:00,23,34,
2007,RS,3,26,166,SOP,PBCE,"WOLKOWYSKY, RUBEN",3FGM,Three Pointer,3,417,558,G,,,,14,07:00,26,34,
2007,RS,3,26,169,BAS,PJWO,"MICKEAL, PETE",3FGA,Missed Three Pointer,0,-648,210,F,,,,15,06:00,26,34,
2007,RS,3,26,174,SOP,PTGA,"WAGNER, DAJUAN",3FGA,Missed Three Pointer,0,-476,653,J,,,,15,06:00,26,34,
2007,RS,3,26,180,BAS,PJTT,"MCDONALD, WILL",FTM,Free Throw In,1,-1,-1, ,,,,16,05:00,26,35,
2007,RS,3,26,181,SOP,PABC,"GUROVIC, MILAN",2FGM,Two Pointer,2,-74,51,D,,,,16,05:00,28,35,
2007,RS,3,26,182,BAS,PJTT,"MCDONALD, WILL",2FGM,Two Pointer,2,92,20,C,,,,16,05:00,28,37,
2007,RS,3,26,184,SOP,PABC,"GUROVIC, MILAN",2FGM,Two Pointer,2,-202,66,D,,,,16,05:00,30,37,
2007,RS,3,26,189,BAS,PAJK,"VIDAL, SERGI",FTM,Free Throw In,1,-1,-1, ,,,,17,04:00,30,38,
2007,RS,3,26,196,SOP,PBCM,"HARISSIS, CHRISTOS",3FGM,Three Pointer,3,25,671,G,,,,18,03:00,33,38,
2007,RS,3,26,197,BAS,PJTT,"MCDONALD, WILL",2FGM,Two Pointer,2,-48,10,D,,,,18,03:00,33,40,
2007,RS,3,26,205,SOP,PCLQ,"DYLEWICZ, FILIP",2FGM,Two Pointer,2,-69,5,D,,,,18,03:00,35,40,
2007,RS,3,26,211,SOP,PBCE,"WOLKOWYSKY, RUBEN",2FGA,Missed Two Pointer,0,128,261,C,,,,18,03:00,35,40,
2007,RS,3,26,213,BAS,PBVC,"JASAITIS, SIMAS",3FGA,Missed Three Pointer,0,664,28,A,,,,18,03:00,35,40,
2007,RS,3,26,214,BAS,PCBX,"PRIGIONI, PABLO",3FGM,Three Pointer,3,-246,633,J,,,,18,03:00,35,43,
2007,RS,3,26,220,SOP,PABC,"GUROVIC, MILAN",FTM,Free Throw In,1,-1,-1, ,,,,19,02:00,36,43,
2007,RS,3,26,221,BAS,PJTT,"MCDONALD, WILL",2FGA,Missed Two Pointer,0,117,23,C,,,,19,02:00,36,43,
2007,RS,3,26,223,SOP,PACY,"SLANINA, DONATAS",3FGA,Missed Three Pointer,0,-653,84,F,,,,19,02:00,36,43,
2007,RS,3,26,225,SOP,PABC,"GUROVIC, MILAN",2FGA,Missed Two Pointer,0,156,141,C,,,,19,02:00,36,43,
2007,RS,3,26,230,BAS,PJTT,"MCDONALD, WILL",FTM,Free Throw In,1,-1,-1, ,,,,20,01:00,36,44,
2007,RS,3,26,251,SOP,PABC,"GUROVIC, MILAN",2FGA,Missed Two Pointer,0,571,48,B,,,,21,10:00,36,44,
2007,RS,3,26,253,BAS,PANB,"RAKOCEVIC, IGOR",2FGA,Missed Two Pointer,0,253,389,B,,,,21,10:00,36,44,
2007,RS,3,26,255,BAS,PCBY,"SPLITTER, TIAGO",2FGA,Missed Two Pointer,0,64,20,C,,,,21,10:00,36,44,
2007,RS,3,26,257,SOP,PBCE,"WOLKOWYSKY, RUBEN",2FGA,Missed Two Pointer,0,182,276,C,,,,21,10:00,36,44,
2007,RS,3,26,261,BAS,PAFP,"PLANINIC, ZORAN",FTM,Free Throw In,1,-1,-1, ,,,,21,10:00,36,45,
2007,RS,3,26,262,BAS,PAFP,"PLANINIC, ZORAN",FTM,Free Throw In,1,-1,-1, ,,,,21,10:00,36,46,
2007,RS,3,26,264,BAS,PCBY,"SPLITTER, TIAGO",2FGM,Two Pointer,2,-97,28,D,,,,22,09:00,36,48,
2007,RS,3,26,267,BAS,PJWO,"MICKEAL, PETE",2FGM,Two Pointer,2,-241,482,I,,,,22,09:00,36,50,
2007,RS,3,26,269,SOP,PBCE,"WOLKOWYSKY, RUBEN",2FGA,Missed Two Pointer,0,112,48,C,,,,23,08:00,36,50,
2007,RS,3,26,275,BAS,PANB,"RAKOCEVIC, IGOR",FTM,Free Throw In,1,-1,-1, ,,,,23,08:00,36,51,
2007,RS,3,26,276,BAS,PANB,"RAKOCEVIC, IGOR",FTM,Free Throw In,1,-1,-1, ,,,,23,08:00,36,52,
2007,RS,3,26,277,SOP,PBCM,"HARISSIS, CHRISTOS",3FGA,Missed Three Pointer,0,317,617,G,,,,23,08:00,36,52,
2007,RS,3,26,279,BAS,PANB,"RAKOCEVIC, IGOR",3FGA,Missed Three Pointer,0,294,600,G,,,,23,08:00,36,52,
2007,RS,3,26,281,BAS,PCBY,"SPLITTER, TIAGO",2FGM,Two Pointer,2,146,171,C,,,,23,08:00,36,54,
2007,RS,3,26,286,SOP,PACY,"SLANINA, DONATAS",3FGA,Missed Three Pointer,0,-561,425,F,,,,24,07:00,36,54,
2007,RS,3,26,287,BAS,PANB,"RAKOCEVIC, IGOR",3FGA,Missed Three Pointer,0,356,597,G,,,,24,07:00,36,54,
2007,RS,3,26,292,BAS,PCBY,"SPLITTER, TIAGO",FTM,Free Throw In,1,-1,-1, ,,,,24,07:00,36,55,
2007,RS,3,26,294,SOP,PABC,"GUROVIC, MILAN",3FGA,Missed Three Pointer,0,-669,-30,F,,,,25,06:00,36,55,
2007,RS,3,26,296,BAS,PJZJ,"TELETOVIC, MIRZA",3FGM,Three Pointer,3,-46,669,J,,,,25,06:00,36,58,
2007,RS,3,26,302,SOP,PKVL,"BEST, TRAVIS",3FGA,Missed Three Pointer,0,323,615,G,,,,25,06:00,36,58,
2007,RS,3,26,304,BAS,PJZJ,"TELETOVIC, MIRZA",3FGA,Missed Three Pointer,0,666,135,A,,,,25,06:00,36,58,
2007,RS,3,26,306,SOP,PTFZ,"ROSZYK, KRZYSZTOF",2FGM,Two Pointer,2,-107,23,D,,,,25,06:00,38,58,
2007,RS,3,26,308,BAS,PANB,"RAKOCEVIC, IGOR",2FGM,Two Pointer,2,194,248,C,,,,25,06:00,38,60,
2007,RS,3,26,310,SOP,PTFZ,"ROSZYK, KRZYSZTOF",2FGA,Missed Two Pointer,0,-97,56,D,,,,26,05:00,38,60,
2007,RS,3,26,312,SOP,PASG,"VAN DEN SPIEGEL, TOMAS",2FGA,Missed Two Pointer,0,97,105,C,,,,26,05:00,38,60,
2007,RS,3,26,314,BAS,PCBY,"SPLITTER, TIAGO",2FGM,Two Pointer,2,-66,135,D,,,,27,04:00,38,62,
2007,RS,3,26,318,BAS,PAFP,"PLANINIC, ZORAN",2FGM,Two Pointer,2,35,10,C,,,,27,04:00,38,64,
2007,RS,3,26,319,SOP,PACX,"MASIULIS, TOMAS",2FGA,Missed Two Pointer,0,189,25,C,,,,27,04:00,38,64,
2007,RS,3,26,321,BAS,PCBY,"SPLITTER, TIAGO",2FGM,Two Pointer,2,-61,110,D,,,,27,04:00,38,66,
2007,RS,3,26,329,SOP,PKVL,"BEST, TRAVIS",2FGM,Two Pointer,2,94,71,C,,,,28,03:00,40,66,
2007,RS,3,26,330,BAS,PCBY,"SPLITTER, TIAGO",2FGM,Two Pointer,2,-130,58,D,,,,28,03:00,40,68,
2007,RS,3,26,338,BAS,PAFP,"PLANINIC, ZORAN",FTM,Free Throw In,1,-1,-1, ,,,,29,02:00,40,69,
2007,RS,3,26,343,SOP,PKVL,"BEST, TRAVIS",2FGA,Missed Two Pointer,0,100,479,H,,,,29,02:00,40,69,
2007,RS,3,26,350,SOP,PASG,"VAN DEN SPIEGEL, TOMAS",2FGM,Two Pointer,2,123,292,C,,,,29,02:00,42,69,
2007,RS,3,26,352,BAS,PANB,"RAKOCEVIC, IGOR",3FGA,Missed Three Pointer,0,358,584,G,,,,30,01:00,42,69,
2007,RS,3,26,358,SOP,PABC,"GUROVIC, MILAN",3FGA,Missed Three Pointer,0,-61,682,J,,,,30,01:00,42,69,
2007,RS,3,26,360,BAS,PJTT,"MCDONALD, WILL",2FGA,Missed Two Pointer,0,361,112,B,,,,30,01:00,42,69,
2007,RS,3,26,364,BAS,PJTT,"MCDONALD, WILL",2FGA,Missed Two Pointer,0,156,146,C,,,,30,01:00,42,69,
2007,RS,3,26,374,SOP,PTFZ,"ROSZYK, KRZYSZTOF",FTM,Free Throw In,1,-1,-1, ,,,,31,10:00,43,69,
2007,RS,3,26,375,SOP,PTFZ,"ROSZYK, KRZYSZTOF",FTM,Free Throw In,1,-1,-1, ,,,,31,10:00,44,69,
2007,RS,3,26,376,BAS,PANB,"RAKOCEVIC, IGOR",2FGM,Two Pointer,2,-43,153,D,,,,31,10:00,44,71,
2007,RS,3,26,384,BAS,PANB,"RAKOCEVIC, IGOR",3FGA,Missed Three Pointer,0,-369,592,J,,,,31,10:00,44,71,
2007,RS,3,26,386,BAS,PJZJ,"TELETOVIC, MIRZA",2FGA,Missed Two Pointer,0,141,189,C,,,,31,10:00,44,71,
2007,RS,3,26,392,BAS,PAFP,"PLANINIC, ZORAN",2FGA,Missed Two Pointer,0,-117,446,I,,,,32,09:00,44,71,
2007,RS,3,26,394,SOP,PASG,"VAN DEN SPIEGEL, TOMAS",2FGA,Missed Two Pointer,0,-23,115,D,,,,32,09:00,44,71,
2007,RS,3,26,396,SOP,PTFZ,"ROSZYK, KRZYSZTOF",2FGA,Missed Two Pointer,0,-15,135,D,,,,32,09:00,44,71,
2007,RS,3,26,398,BAS,PJTT,"MCDONALD, WILL",2FGA,Missed Two Pointer,0,123,187,C,,,,32,09:00,44,71,
2007,RS,3,26,400,BAS,PJZJ,"TELETOVIC, MIRZA",2FGA,Missed Two Pointer,0,87,69,C,,,,32,09:00,44,71,
2007,RS,3,26,405,SOP,PABC,"GUROVIC, MILAN",FTM,Free Throw In,1,-1,-1, ,,,,32,09:00,45,71,
2007,RS,3,26,406,SOP,PABC,"GUROVIC, MILAN",FTM,Free Throw In,1,-1,-1, ,,,,32,09:00,46,71,
2007,RS,3,26,411,SOP,PTFZ,"ROSZYK, KRZYSZTOF",2FGA,Missed Two Pointer,0,84,200,C,,,,33,08:00,46,71,
2007,RS,3,26,413,SOP,PABC,"GUROVIC, MILAN",2FGM,Two Pointer,2,-123,179,D,,,,33,08:00,48,71,
2007,RS,3,26,417,SOP,PCLQ,"DYLEWICZ, FILIP",2FGM,Two Pointer,2,2,5,D,,,,33,08:00,50,71,
2007,RS,3,26,422,BAS,PJZJ,"TELETOVIC, MIRZA",2FGM,Two Pointer,2,-205,23,D,,,,34,07:00,50,73,
2007,RS,3,26,424,SOP,PBCM,"HARISSIS, CHRISTOS",2FGA,Missed Two Pointer,0,-20,112,D,,,,35,06:00,50,73,
2007,RS,3,26,426,SOP,PABC,"GUROVIC, MILAN",2FGM,Two Pointer,2,-110,184,D,,,,35,06:00,52,73,
2007,RS,3,26,427,BAS,PJZJ,"TELETOVIC, MIRZA",2FGA,Missed Two Pointer,0,-538,61,E,,,,35,06:00,52,73,
2007,RS,3,26,429,SOP,PBCM,"HARISSIS, CHRISTOS",3FGA,Missed Three Pointer,0,228,679,G,,,,35,06:00,52,73,
2007,RS,3,26,431,BAS,PAFP,"PLANINIC, ZORAN",2FGA,Missed Two Pointer,0,-135,251,D,,,,35,06:00,52,73,
2007,RS,3,26,433,SOP,PASG,"VAN DEN SPIEGEL, TOMAS",2FGM,Two Pointer,2,2,5,D,,,,35,06:00,54,73,
2007,RS,3,26,439,SOP,PABC,"GUROVIC, MILAN",3FGAB,Missed Three Pointer,0,-566,387,F,,,,36,05:00,54,73,
2007,RS,3,26,443,SOP,PASG,"VAN DEN SPIEGEL, TOMAS",2FGM,Two Pointer,2,33,161,C,,,,36,05:00,56,73,
2007,RS,3,26,446,SOP,PASG,"VAN DEN SPIEGEL, TOMAS",FTM,Free Throw In,1,-1,-1, ,,,,36,05:00,57,73,
2007,RS,3,26,453,SOP,PABC,"GUROVIC, MILAN",2FGA,Missed Two Pointer,0,76,120,C,,,,37,04:00,57,73,
2007,RS,3,26,455,SOP,PASG,"VAN DEN SPIEGEL, TOMAS",2FGM,Two Pointer,2,48,46,C,,,,37,04:00,59,73,
2007,RS,3,26,456,BAS,PCBY,"SPLITTER, TIAGO",2FGA,Missed Two Pointer,0,197,197,C,,,,37,04:00,59,73,
2007,RS,3,26,462,SOP,PASG,"VAN DEN SPIEGEL, TOMAS",FTM,Free Throw In,1,-1,-1, ,,,,37,04:00,60,73,
2007,RS,3,26,466,BAS,PBVC,"JASAITIS, SIMAS",2FGA,Missed Two Pointer,0,-215,141,D,,,,38,03:00,60,73,
2007,RS,3,26,468,SOP,PCLQ,"DYLEWICZ, FILIP",2FGM,Two Pointer,2,200,182,C,,,,38,03:00,62,73,
2007,RS,3,26,469,BAS,PCBX,"PRIGIONI, PABLO",3FGA,Missed Three Pointer,0,230,741,G,,,,38,03:00,62,73,
2007,RS,3,26,471,SOP,PABC,"GUROVIC, MILAN",2FGM,Two Pointer,2,-64,30,D,,,,38,03:00,64,73,
2007,RS,3,26,473,BAS,PCBX,"PRIGIONI, PABLO",3FGM,Three Pointer,3,-671,41,F,,,,38,03:00,64,76,
2007,RS,3,26,475,SOP,PABC,"GUROVIC, MILAN",3FGA,Missed Three Pointer,0,-420,525,J,,,,39,02:00,64,76,
2007,RS,3,26,483,SOP,PASG,"VAN DEN SPIEGEL, TOMAS",2FGA,Missed Two Pointer,0,125,141,C,,,,39,02:00,64,76,
2007,RS,3,26,484,BAS,PANB,"RAKOCEVIC, IGOR",3FGM,Three Pointer,3,628,248,A,,,,39,02:00,64,79,
2007,RS,3,26,488,SOP,PABC,"GUROVIC, MILAN",FTM,Free Throw In,1,-1,-1, ,,,,40,01:00,65,79,
2007,RS,3,26,489,SOP,PABC,"GUROVIC, MILAN",FTM,Free Throw In,1,-1,-1, ,,,,40,01:00,66,79,
2007,RS,3,26,492,BAS,PCBX,"PRIGIONI, PABLO",3FGM,Three Pointer,3,7,669,G,,,,40,01:00,66,82,
2007,RS,3,26,498,SOP,PCLQ,"DYLEWICZ, FILIP",2FGA,Missed Two Pointer,0,-187,164,D,,,,40,01:00,66,82,
2007,RS,3,27,14,SIE,PBJR,"KAUKENAS, RIMANTAS",2FGA,Missed Two Pointer,0,264,146,B,,,,1,10:00,0,0,
2007,RS,3,27,18,ZAL,PJCC,"MACIULIS, JONAS",3FGA,Missed Three Pointer,0,141,651,G,,,,1,10:00,0,0,
2007,RS,3,27,21,SIE,PJOC,"STONEROOK, SHAUN",3FGM,Three Pointer,3,456,502,G,,,,2,09:00,3,0,
2007,RS,3,27,23,ZAL,PJCC,"MACIULIS, JONAS",2FGM,Two Pointer,2,-46,10,D,,,,2,09:00,3,2,
2007,RS,3,27,24,SIE,PCQO,"EZE, BENJAMIN",2FGA,Missed Two Pointer,0,107,69,C,,,,2,09:00,3,2,
2007,RS,3,27,29,ZAL,PBWI,"JANKUNAS, PAULIUS",FTM,Free Throw In,1,-1,-1, ,,,,3,08:00,3,3,
2007,RS,3,27,30,ZAL,PBWI,"JANKUNAS, PAULIUS",FTM,Free Throw In,1,-1,-1, ,,,,3,08:00,3,4,
2007,RS,3,27,31,SIE,PCQO,"EZE, BENJAMIN",2FGA,Missed Two Pointer,0,64,61,C,,,,3,08:00,3,4,
2007,RS,3,27,33,ZAL,PAHT,"BROWN, MARCUS",2FGM,Two Pointer,2,7,320,C,,,,3,08:00,3,6,
2007,RS,3,27,35,SIE,PLMO,"SATO, ROMAIN",2FGA,Missed Two Pointer,0,-323,82,E,,,,3,08:00,3,6,
2007,RS,3,27,40,SIE,PKWI,"MCINTYRE, TERRELL",2FGA,Missed Two Pointer,0,-35,561,I,,,,4,07:00,3,6,
2007,RS,3,27,44,SIE,PBJR,"KAUKENAS, RIMANTAS",3FGA,Missed Three Pointer,0,700,-17,A,,,,4,07:00,3,6,
2007,RS,3,27,49,SIE,PKWI,"MCINTYRE, TERRELL",2FGM,Two Pointer,2,61,12,C,,,,5,06:00,5,6,
2007,RS,3,27,62,SIE,PLMO,"SATO, ROMAIN",FTM,Free Throw In,1,-1,-1, ,,,,6,05:00,6,6,
2007,RS,3,27,63,ZAL,PAHT,"BROWN, MARCUS",2FGA,Missed Two Pointer,0,-176,435,I,,,,6,05:00,6,6,
2007,RS,3,27,67,SIE,PBJR,"KAUKENAS, RIMANTAS",2FGM,Two Pointer,2,-61,0,D,,,,6,05:00,8,6,
2007,RS,3,27,77,SIE,PKWI,"MCINTYRE, TERRELL",3FGM,Three Pointer,3,548,387,A,,,,7,04:00,11,6,
2007,RS,3,27,85,SIE,PLMO,"SATO, ROMAIN",3FGM,Three Pointer,3,692,-58,A,,,,7,04:00,14,6,
2007,RS,3,27,97,SIE,PKWI,"MCINTYRE, TERRELL",3FGM,Three Pointer,3,682,-46,A,,,,8,03:00,17,6,
2007,RS,3,27,112,SIE,PLMO,"SATO, ROMAIN",3FGA,Missed Three Pointer,0,-697,43,F,,,,9,02:00,17,6,
2007,RS,3,27,114,ZAL,PBDE,"JURAK, GORAN",2FGA,Missed Two Pointer,0,-38,51,D,,,,9,02:00,17,6,
2007,RS,3,27,120,SIE,PJOC,"STONEROOK, SHAUN",FTM,Free Throw In,1,-1,-1, ,,,,9,02:00,18,6,
2007,RS,3,27,128,SIE,PBLH,"LAVRINOVIC, KSISTOF",FTM,Free Throw In,1,-1,-1, ,,,,9,02:00,19,6,
2007,RS,3,27,129,ZAL,PBWI,"JANKUNAS, PAULIUS",2FGA,Missed Two Pointer,0,-76,2,D,,,,9,02:00,19,6,
2007,RS,3,27,131,ZAL,PBDE,"JURAK, GORAN",2FGM,Two Pointer,2,56,33,C,,,,9,02:00,19,8,
2007,RS,3,27,132,SIE,PBJR,"KAUKENAS, RIMANTAS",2FGA,Missed Two Pointer,0,92,41,C,,,,9,02:00,19,8,
2007,RS,3,27,135,ZAL,PBDE,"JURAK, GORAN",2FGM,Two Pointer,2,-58,61,D,,,,10,01:00,19,10,
2007,RS,3,27,142,ZAL,PBWI,"JANKUNAS, PAULIUS",3FGA,Missed Three Pointer,0,153,671,G,,,,10,01:00,19,10,
2007,RS,3,27,144,SIE,PKWI,"MCINTYRE, TERRELL",3FGA,Missed Three Pointer,0,-364,566,J,,,,10,01:00,19,10,
2007,RS,3,27,148,SIE,PBLH,"LAVRINOVIC, KSISTOF",FTM,Free Throw In,1,-1,-1, ,,,,10,01:00,20,10,
2007,RS,3,27,149,SIE,PBLH,"LAVRINOVIC, KSISTOF",FTM,Free Throw In,1,-1,-1, ,,,,10,01:00,21,10,
2007,RS,3,27,156,SIE,PCCA,"THORNTON, BOOTSY",2FGM,Two Pointer,2,284,92,B,,,,11,10:00,23,10,
2007,RS,3,27,157,ZAL,PJBX,"KALNIETIS, MANTAS",2FGM,Two Pointer,2,-41,5,D,,,,11,10:00,23,12,
2007,RS,3,27,160,SIE,PAPS,"ILIEVSKI, VLADO",FTM,Free Throw In,1,-1,-1, ,,,,11,10:00,24,12,
2007,RS,3,27,163,ZAL,PJCC,"MACIULIS, JONAS",3FGA,Missed Three Pointer,0,-300,607,J,,,,11,10:00,24,12,
2007,RS,3,27,165,SIE,PAPS,"ILIEVSKI, VLADO",3FGM,Three Pointer,3,-212,641,J,,,,11,10:00,27,12,
2007,RS,3,27,172,SIE,PBLH,"LAVRINOVIC, KSISTOF",2FGA,Missed Two Pointer,0,-102,51,D,,,,12,09:00,27,12,
2007,RS,3,27,174,ZAL,PATP,"POPOVIC, MARKO",2FGA,Missed Two Pointer,0,-189,484,I,,,,12,09:00,27,12,
2007,RS,3,27,176,ZAL,PANY,"SALENGA, DAINIUS",3FGM,Three Pointer,3,700,-23,A,,,,12,09:00,27,15,
2007,RS,3,27,179,SIE,PCCA,"THORNTON, BOOTSY",2FGA,Missed Two Pointer,0,241,38,C,,,,13,08:00,27,15,
2007,RS,3,27,188,SIE,PAPS,"ILIEVSKI, VLADO",2FGA,Missed Two Pointer,0,-76,38,D,,,,13,08:00,27,15,
2007,RS,3,27,190,SIE,PAPS,"ILIEVSKI, VLADO",3FGA,Missed Three Pointer,0,510,482,G,,,,13,08:00,27,15,
2007,RS,3,27,193,SIE,PBLH,"LAVRINOVIC, KSISTOF",3FGA,Missed Three Pointer,0,187,664,G,,,,14,07:00,27,15,
2007,RS,3,27,197,ZAL,PJBX,"KALNIETIS, MANTAS",3FGA,Missed Three Pointer,0,-694,-61,F,,,,14,07:00,27,15,
2007,RS,3,27,204,ZAL,PATP,"POPOVIC, MARKO",3FGM,Three Pointer,3,589,305,A,,,,15,06:00,27,18,
2007,RS,3,27,207,SIE,PJHL,"RESS, TOMAS",3FGM,Three Pointer,3,-705,-33,F,,,,15,06:00,30,18,
2007,RS,3,27,209,ZAL,PJBX,"KALNIETIS, MANTAS",2FGA,Missed Two Pointer,0,-102,17,D,,,,15,06:00,30,18,
2007,RS,3,27,211,ZAL,PADX,"ZUKAUSKAS, EURELJUS",2FGA,Missed Two Pointer,0,51,58,C,,,,15,06:00,30,18,
2007,RS,3,27,213,SIE,PLMO,"SATO, ROMAIN",2FGA,Missed Two Pointer,0,-23,102,D,,,,15,06:00,30,18,
2007,RS,3,27,215,ZAL,PATP,"POPOVIC, MARKO",3FGM,Three Pointer,3,28,710,G,,,,15,06:00,30,21,
2007,RS,3,27,217,SIE,PBLH,"LAVRINOVIC, KSISTOF",2FGM,Two Pointer,2,58,7,C,,,,16,05:00,32,21,
2007,RS,3,27,219,ZAL,PADX,"ZUKAUSKAS, EURELJUS",2FGAB,Missed Two Pointer,0,205,53,C,,,,16,05:00,32,21,
2007,RS,3,27,223,SIE,PJHL,"RESS, TOMAS",2FGM,Two Pointer,2,2,2,D,,,,16,05:00,34,21,
2007,RS,3,27,226,ZAL,PBDE,"JURAK, GORAN",3FGA,Missed Three Pointer,0,558,541,G,,,,17,04:00,34,21,
2007,RS,3,27,238,ZAL,PBDE,"JURAK, GORAN",FTM,Free Throw In,1,-1,-1, ,,,,17,04:00,34,22,
2007,RS,3,27,239,ZAL,PBDE,"JURAK, GORAN",FTM,Free Throw In,1,-1,-1, ,,,,17,04:00,34,23,
2007,RS,3,27,240,SIE,PCCA,"THORNTON, BOOTSY",2FGM,Two Pointer,2,38,0,C,,,,17,04:00,36,23,
2007,RS,3,27,244,ZAL,PANY,"SALENGA, DAINIUS",2FGA,Missed Two Pointer,0,117,141,C,,,,18,03:00,36,23,
2007,RS,3,27,246,ZAL,PBWI,"JANKUNAS, PAULIUS",2FGA,Missed Two Pointer,0,76,97,C,,,,18,03:00,36,23,
2007,RS,3,27,248,ZAL,PBWI,"JANKUNAS, PAULIUS",2FGM,Two Pointer,2,51,43,C,,,,18,03:00,36,25,
2007,RS,3,27,254,SIE,PAPS,"ILIEVSKI, VLADO",FTM,Free Throw In,1,-1,-1, ,,,,18,03:00,37,25,
2007,RS,3,27,255,ZAL,PANY,"SALENGA, DAINIUS",3FGA,Missed Three Pointer,0,-405,551,J,,,,18,03:00,37,25,
2007,RS,3,27,258,ZAL,PBDB,"COLLINS, DE JUAN",2FGAB,Missed Two Pointer,0,-94,25,D,,,,19,02:00,37,25,
2007,RS,3,27,262,SIE,PAPS,"ILIEVSKI, VLADO",2FGM,Two Pointer,2,94,17,C,,,,19,02:00,39,25,
2007,RS,3,27,265,ZAL,PBDE,"JURAK, GORAN",2FGM,Two Pointer,2,33,0,C,,,,19,02:00,39,27,
2007,RS,3,27,272,SIE,PCCA,"THORNTON, BOOTSY",FTM,Free Throw In,1,-1,-1, ,,,,19,02:00,40,27,
2007,RS,3,27,276,ZAL,PJCC,"MACIULIS, JONAS",2FGA,Missed Two Pointer,0,-79,25,D,,,,20,01:00,40,27,
2007,RS,3,27,278,SIE,PCCA,"THORNTON, BOOTSY",3FGM,Three Pointer,3,-710,-35,F,,,,20,01:00,43,27,
2007,RS,3,27,280,ZAL,PBDB,"COLLINS, DE JUAN",2FGA,Missed Two Pointer,0,123,58,C,,,,20,01:00,43,27,
2007,RS,3,27,282,SIE,PAPS,"ILIEVSKI, VLADO",3FGA,Missed Three Pointer,0,-151,658,J,,,,20,01:00,43,27,
2007,RS,3,27,284,ZAL,PAHT,"BROWN, MARCUS",3FGA,Missed Three Pointer,0,505,489,G,,,,20,01:00,43,27,
2007,RS,3,27,287,ZAL,PBDB,"COLLINS, DE JUAN",2FGM,Two Pointer,2,392,443,H,,,,20,01:00,43,29,
2007,RS,3,27,296,ZAL,PADX,"ZUKAUSKAS, EURELJUS",2FGM,Two Pointer,2,107,33,C,,,,21,10:00,43,31,
2007,RS,3,27,297,SIE,PCCA,"THORNTON, BOOTSY",3FGA,Missed Three Pointer,0,-551,479,J,,,,21,10:00,43,31,
2007,RS,3,27,299,ZAL,PBDE,"JURAK, GORAN",2FGM,Two Pointer,2,69,35,C,,,,21,10:00,43,33,
2007,RS,3,27,302,SIE,PKWI,"MCINTYRE, TERRELL",3FGM,Three Pointer,3,-371,635,J,,,,22,09:00,46,33,
2007,RS,3,27,303,ZAL,PBDE,"JURAK, GORAN",2FGM,Two Pointer,2,33,46,C,,,,22,09:00,46,35,
2007,RS,3,27,308,ZAL,PBDE,"JURAK, GORAN",FTM,Free Throw In,1,-1,-1, ,,,,22,09:00,46,36,
2007,RS,3,27,309,SIE,PJOC,"STONEROOK, SHAUN",3FGM,Three Pointer,3,-489,507,J,,,,22,09:00,49,36,
2007,RS,3,27,316,SIE,PKWI,"MCINTYRE, TERRELL",3FGA,Missed Three Pointer,0,-151,707,J,,,,23,08:00,49,36,
2007,RS,3,27,326,SIE,PCCA,"THORNTON, BOOTSY",3FGA,Missed Three Pointer,0,-687,228,F,,,,23,08:00,49,36,
2007,RS,3,27,330,ZAL,PBDE,"JURAK, GORAN",2FGM,Two Pointer,2,74,25,C,,,,23,08:00,49,38,
2007,RS,3,27,336,ZAL,PJCC,"MACIULIS, JONAS",3FGM,Three Pointer,3,-241,717,J,,,,24,07:00,49,41,
2007,RS,3,27,338,SIE,PJOC,"STONEROOK, SHAUN",3FGA,Missed Three Pointer,0,-328,641,J,,,,24,07:00,49,41,
2007,RS,3,27,341,ZAL,PAHT,"BROWN, MARCUS",3FGA,Missed Three Pointer,0,-458,561,J,,,,25,06:00,49,41,
2007,RS,3,27,343,SIE,PCQO,"EZE, BENJAMIN",2FGM,Two Pointer,2,-2,10,D,,,,25,06:00,51,41,
2007,RS,3,27,345,ZAL,PBDE,"JURAK, GORAN",3FGA,Missed Three Pointer,0,-548,500,J,,,,25,06:00,51,41,
2007,RS,3,27,347,SIE,PBJR,"KAUKENAS, RIMANTAS",2FGA,Missed Two Pointer,0,-61,189,D,,,,25,06:00,51,41,
2007,RS,3,27,350,ZAL,PJCC,"MACIULIS, JONAS",3FGM,Three Pointer,3,-497,500,J,,,,26,05:00,51,44,
2007,RS,3,27,352,SIE,PCCA,"THORNTON, BOOTSY",2FGA,Missed Two Pointer,0,87,110,C,,,,26,05:00,51,44,
2007,RS,3,27,354,ZAL,PBDB,"COLLINS, DE JUAN",2FGM,Two Pointer,2,74,48,C,,,,26,05:00,51,46,
2007,RS,3,27,362,SIE,PJOC,"STONEROOK, SHAUN",FTM,Free Throw In,1,-1,-1, ,,,,26,05:00,52,46,
2007,RS,3,27,363,SIE,PJOC,"STONEROOK, SHAUN",FTM,Free Throw In,1,-1,-1, ,,,,26,05:00,53,46,
2007,RS,3,27,364,ZAL,PLCZ,"MOTIEJUNAS, DONATAS",2FGM,Two Pointer,2,-179,110,D,,,,26,05:00,53,48,
2007,RS,3,27,367,SIE,PBJR,"KAUKENAS, RIMANTAS",2FGM,Two Pointer,2,171,74,C,,,,27,04:00,55,48,
2007,RS,3,27,368,ZAL,PBDB,"COLLINS, DE JUAN",2FGM,Two Pointer,2,-10,169,D,,,,27,04:00,55,50,
2007,RS,3,27,377,ZAL,PBDB,"COLLINS, DE JUAN",FTM,Free Throw In,1,-1,-1, ,,,,27,04:00,55,51,
2007,RS,3,27,378,SIE,PBLH,"LAVRINOVIC, KSISTOF",3FGA,Missed Three Pointer,0,-2,702,J,,,,27,04:00,55,51,
2007,RS,3,27,388,ZAL,PBDB,"COLLINS, DE JUAN",3FGA,Missed Three Pointer,0,-184,653,J,,,,27,04:00,55,51,
2007,RS,3,27,390,ZAL,PLCZ,"MOTIEJUNAS, DONATAS",3FGA,Missed Three Pointer,0,-669,171,F,,,,27,04:00,55,51,
2007,RS,3,27,392,SIE,PJHL,"RESS, TOMAS",2FGM,Two Pointer,2,71,64,C,,,,27,04:00,57,51,
2007,RS,3,27,395,ZAL,PBDE,"JURAK, GORAN",2FGM,Two Pointer,2,10,69,C,,,,28,03:00,57,53,
2007,RS,3,27,399,SIE,PLMO,"SATO, ROMAIN",2FGA,Missed Two Pointer,0,102,192,C,,,,28,03:00,57,53,
2007,RS,3,27,401,SIE,PBJR,"KAUKENAS, RIMANTAS",2FGM,Two Pointer,2,120,51,C,,,,28,03:00,59,53,
2007,RS,3,27,409,SIE,PBLH,"LAVRINOVIC, KSISTOF",FTM,Free Throw In,1,-1,-1, ,,,,29,02:00,60,53,
2007,RS,3,27,412,ZAL,PJCC,"MACIULIS, JONAS",2FGA,Missed Two Pointer,0,-69,151,D,,,,29,02:00,60,53,
2007,RS,3,27,416,ZAL,PLCZ,"MOTIEJUNAS, DONATAS",FTM,Free Throw In,1,-1,-1, ,,,,29,02:00,60,54,
2007,RS,3,27,417,ZAL,PLCZ,"MOTIEJUNAS, DONATAS",FTM,Free Throw In,1,-1,-1, ,,,,29,02:00,60,55,
2007,RS,3,27,422,SIE,PBJR,"KAUKENAS, RIMANTAS",2FGM,Two Pointer,2,161,-5,C,,,,29,02:00,62,55,
2007,RS,3,27,426,SIE,PLMO,"SATO, ROMAIN",2FGM,Two Pointer,2,71,35,C,,,,30,01:00,64,55,
2007,RS,3,27,430,SIE,PBJR,"KAUKENAS, RIMANTAS",2FGM,Two Pointer,2,-102,51,D,,,,30,01:00,66,55,
2007,RS,3,27,435,SIE,PLMO,"SATO, ROMAIN",2FGA,Missed Two Pointer,0,0,153,D,,,,31,10:00,66,55,
2007,RS,3,27,443,SIE,PBJR,"KAUKENAS, RIMANTAS",2FGM,Two Pointer,2,97,89,C,,,,31,10:00,68,55,
2007,RS,3,27,447,SIE,PLMO,"SATO, ROMAIN",2FGM,Two Pointer,2,-61,74,D,,,,32,09:00,70,55,
2007,RS,3,27,452,ZAL,PADX,"ZUKAUSKAS, EURELJUS",2FGA,Missed Two Pointer,0,174,46,C,,,,32,09:00,70,55,
2007,RS,3,27,454,SIE,PLMO,"SATO, ROMAIN",2FGM,Two Pointer,2,-79,51,D,,,,32,09:00,72,55,
2007,RS,3,27,458,ZAL,PANY,"SALENGA, DAINIUS",3FGA,Missed Three Pointer,0,679,15,A,,,,32,09:00,72,55,
2007,RS,3,27,460,ZAL,PBWI,"JANKUNAS, PAULIUS",2FGA,Missed Two Pointer,0,94,41,C,,,,32,09:00,72,55,
2007,RS,3,27,463,ZAL,PATP,"POPOVIC, MARKO",3FGA,Missed Three Pointer,0,676,200,A,,,,33,08:00,72,55,
2007,RS,3,27,465,SIE,PJHL,"RESS, TOMAS",2FGM,Two Pointer,2,-117,87,D,,,,33,08:00,74,55,
2007,RS,3,27,466,ZAL,PADX,"ZUKAUSKAS, EURELJUS",2FGM,Two Pointer,2,71,33,C,,,,33,08:00,74,57,
2007,RS,3,27,468,SIE,PAPS,"ILIEVSKI, VLADO",2FGM,Two Pointer,2,105,79,C,,,,34,07:00,76,57,
2007,RS,3,27,469,ZAL,PAHT,"BROWN, MARCUS",2FGA,Missed Two Pointer,0,225,433,H,,,,34,07:00,76,57,
2007,RS,3,27,477,SIE,PJHL,"RESS, TOMAS",3FGA,Missed Three Pointer,0,-602,430,J,,,,34,07:00,76,57,
2007,RS,3,27,480,ZAL,PATP,"POPOVIC, MARKO",2FGA,Missed Two Pointer,0,502,-43,B,,,,35,06:00,76,57,
2007,RS,3,27,482,SIE,PLMO,"SATO, ROMAIN",2FGA,Missed Two Pointer,0,-225,82,D,,,,35,06:00,76,57,
2007,RS,3,27,493,SIE,PAPS,"ILIEVSKI, VLADO",3FGA,Missed Three Pointer,0,-428,587,J,,,,36,05:00,76,57,
2007,RS,3,27,497,SIE,PJHL,"RESS, TOMAS",3FGM,Three Pointer,3,-520,492,J,,,,36,05:00,79,57,
2007,RS,3,27,500,ZAL,PBDE,"JURAK, GORAN",3FGA,Missed Three Pointer,0,689,-43,A,,,,37,04:00,79,57,
2007,RS,3,27,513,SIE,PJHL,"RESS, TOMAS",FTM,Free Throw In,1,-1,-1, ,,,,37,04:00,80,57,
2007,RS,3,27,514,SIE,PLMO,"SATO, ROMAIN",3FGA,Missed Three Pointer,0,661,279,A,,,,37,04:00,80,57,
2007,RS,3,27,516,ZAL,PLCZ,"MOTIEJUNAS, DONATAS",2FGA,Missed Two Pointer,0,-35,23,D,,,,37,04:00,80,57,
2007,RS,3,27,518,SIE,PBLH,"LAVRINOVIC, KSISTOF",2FGM,Two Pointer,2,-123,23,D,,,,37,04:00,82,57,
2007,RS,3,27,521,ZAL,PJBX,"KALNIETIS, MANTAS",2FGAB,Missed Two Pointer,0,10,105,C,,,,38,03:00,82,57,
2007,RS,3,27,525,SIE,PKWI,"MCINTYRE, TERRELL",2FGM,Two Pointer,2,-133,56,D,,,,38,03:00,84,57,
2007,RS,3,27,526,ZAL,PATP,"POPOVIC, MARKO",3FGM,Three Pointer,3,-30,697,J,,,,38,03:00,84,60,
2007,RS,3,27,528,SIE,PBLH,"LAVRINOVIC, KSISTOF",2FGM,Two Pointer,2,-12,64,D,,,,38,03:00,86,60,
2007,RS,3,27,530,ZAL,PATP,"POPOVIC, MARKO",3FGA,Missed Three Pointer,0,700,-56,A,,,,39,02:00,86,60,
2007,RS,3,27,532,SIE,PJHL,"RESS, TOMAS",3FGM,Three Pointer,3,700,-10,A,,,,39,02:00,89,60,
2007,RS,3,27,534,ZAL,PJCC,"MACIULIS, JONAS",3FGA,Missed Three Pointer,0,-630,379,F,,,,39,02:00,89,60,
2007,RS,3,27,536,ZAL,PBDE,"JURAK, GORAN",2FGM,Two Pointer,2,-58,123,D,,,,39,02:00,89,62,
2007,RS,3,27,542,ZAL,PATP,"POPOVIC, MARKO",FTM,Free Throw In,1,-1,-1, ,,,,40,01:00,89,63,
2007,RS,3,27,543,ZAL,PATP,"POPOVIC, MARKO",FTM,Free Throw In,1,-1,-1, ,,,,40,01:00,89,64,
2007,RS,3,27,544,SIE,PAPS,"ILIEVSKI, VLADO",2FGA,Missed Two Pointer,0,-297,238,E,,,,40,01:00,89,64,
2007,RS,3,27,547,ZAL,PLCZ,"MOTIEJUNAS, DONATAS",2FGA,Missed Two Pointer,0,502,69,B,,,,40,01:00,89,64,
2007,RS,3,27,548,ZAL,PATP,"POPOVIC, MARKO",3FGA,Missed Three Pointer,0,310,630,G,,,,40,01:00,89,64,
2007,RS,3,28,2,LJU,PAIV,"MILIC, MARKO",2FGA,Missed Two Pointer,0,87,28,C,,,,1,10:00,0,0,
2007,RS,3,28,3,LJU,PAPY,"HUKIC, JASMIN",3FGM,Three Pointer,3,482,538,G,,,,1,10:00,3,0,
2007,RS,3,28,6,CSK,PAQO,"HOLDEN, JON ROBERT",2FGM,Two Pointer,2,-566,12,E,,,,1,10:00,3,2,
2007,RS,3,28,7,LJU,PTHB,"DRAGIC, GORAN",3FGA,Missed Three Pointer,0,-666,179,F,,,,1,10:00,3,2,
2007,RS,3,28,10,CSK,PJMM,"SISKAUSKAS, RAMUNAS",2FGM,Two Pointer,2,-23,74,D,,,,2,09:00,3,4,
2007,RS,3,28,13,LJU,PAPY,"HUKIC, JASMIN",3FGM,Three Pointer,3,464,561,G,,,,2,09:00,6,4,
2007,RS,3,28,17,CSK,PAQO,"HOLDEN, JON ROBERT",FTM,Free Throw In,1,-1,-1, ,,,,3,08:00,6,5,
2007,RS,3,28,18,CSK,PAQO,"HOLDEN, JON ROBERT",FTM,Free Throw In,1,-1,-1, ,,,,3,08:00,6,6,
2007,RS,3,28,20,LJU,PJBJ,"BEGIC, MIRZA",2FGM,Two Pointer,2,5,2,C,,,,3,08:00,8,6,
2007,RS,3,28,21,CSK,PJMM,"SISKAUSKAS, RAMUNAS",2FGA,Missed Two Pointer,0,-343,125,E,,,,3,08:00,8,6,
2007,RS,3,28,24,CSK,PBEB,"LANGDON, TRAJAN",2FGM,Two Pointer,2,-71,48,D,,,,3,08:00,8,8,
2007,RS,3,28,26,LJU,PTHB,"DRAGIC, GORAN",3FGA,Missed Three Pointer,0,2,728,G,,,,4,07:00,8,8,
2007,RS,3,28,32,LJU,PAIV,"MILIC, MARKO",FTM,Free Throw In,1,-1,-1, ,,,,4,07:00,9,8,
2007,RS,3,28,33,LJU,PAIV,"MILIC, MARKO",FTM,Free Throw In,1,-1,-1, ,,,,4,07:00,10,8,
2007,RS,3,28,39,CSK,PAKT,"ANDERSEN, DAVID",2FGA,Missed Two Pointer,0,-456,53,E,,,,5,06:00,10,8,
2007,RS,3,28,42,LJU,PAIV,"MILIC, MARKO",2FGM,Two Pointer,2,56,56,C,,,,5,06:00,12,8,
2007,RS,3,28,44,CSK,PAKT,"ANDERSEN, DAVID",2FGM,Two Pointer,2,-61,64,D,,,,5,06:00,12,10,
2007,RS,3,28,51,CSK,PAKT,"ANDERSEN, DAVID",FTM,Free Throw In,1,-1,-1, ,,,,5,06:00,12,11,
2007,RS,3,28,52,CSK,PJMM,"SISKAUSKAS, RAMUNAS",2FGA,Missed Two Pointer,0,51,46,C,,,,5,06:00,12,11,
2007,RS,3,28,56,LJU,PAPY,"HUKIC, JASMIN",3FGA,Missed Three Pointer,0,-525,566,J,,,,5,06:00,12,11,
2007,RS,3,28,58,LJU,PTHB,"DRAGIC, GORAN",2FGM,Two Pointer,2,38,58,C,,,,5,06:00,14,11,
2007,RS,3,28,61,CSK,PABN,"ZISIS, NIKOLAOS",2FGM,Two Pointer,2,84,123,C,,,,6,05:00,14,13,
2007,RS,3,28,63,LJU,PTHB,"DRAGIC, GORAN",2FGA,Missed Two Pointer,0,41,105,C,,,,7,04:00,14,13,
2007,RS,3,28,65,LJU,PAIV,"MILIC, MARKO",2FGA,Missed Two Pointer,0,-15,71,D,,,,7,04:00,14,13,
2007,RS,3,28,67,CSK,PABN,"ZISIS, NIKOLAOS",2FGA,Missed Two Pointer,0,-138,82,D,,,,7,04:00,14,13,
2007,RS,3,28,70,CSK,PJMM,"SISKAUSKAS, RAMUNAS",3FGM,Three Pointer,3,-392,607,J,,,,7,04:00,14,16,
2007,RS,3,28,73,LJU,P000184,"BOOKER, CHRIS",2FGM,Two Pointer,2,28,100,C,,,,8,03:00,16,16,
2007,RS,3,28,74,CSK,PATW,"PAPALOUKAS, THEODOROS",3FGA,Missed Three Pointer,0,289,646,G,,,,8,03:00,16,16,
2007,RS,3,28,77,LJU,PAPY,"HUKIC, JASMIN",3FGM,Three Pointer,3,405,620,G,,,,8,03:00,19,16,
2007,RS,3,28,85,CSK,PALC,"SMODIS, MATJAZ",FTM,Free Throw In,1,-1,-1, ,,,,8,03:00,19,17,
2007,RS,3,28,86,CSK,PALC,"SMODIS, MATJAZ",FTM,Free Throw In,1,-1,-1, ,,,,8,03:00,19,18,
2007,RS,3,28,91,CSK,PAUC,"GOREE, MARCUS",2FGM,Two Pointer,2,420,389,B,,,,9,02:00,19,20,
2007,RS,3,28,94,LJU,PTGG,"TAYLOR, RONELL",2FGA,Missed Two Pointer,0,-205,169,D,,,,9,02:00,19,20,
2007,RS,3,28,99,LJU,PAIV,"MILIC, MARKO",2FGM,Two Pointer,2,-184,53,D,,,,10,01:00,21,20,
2007,RS,3,28,100,CSK,PABN,"ZISIS, NIKOLAOS",2FGAB,Missed Two Pointer,0,-87,41,D,,,,10,01:00,21,20,
2007,RS,3,28,103,LJU,PTGJ,"MOCNIK, JAN",2FGM,Two Pointer,2,-2,33,D,,,,10,01:00,23,20,
2007,RS,3,28,105,CSK,PATW,"PAPALOUKAS, THEODOROS",2FGM,Two Pointer,2,38,64,C,,,,10,01:00,23,22,
2007,RS,3,28,112,CSK,PBEB,"LANGDON, TRAJAN",3FGA,Missed Three Pointer,0,512,502,G,,,,11,10:00,23,22,
2007,RS,3,28,115,LJU,PAPY,"HUKIC, JASMIN",3FGM,Three Pointer,3,451,525,G,,,,11,10:00,26,22,
2007,RS,3,28,120,CSK,PABN,"ZISIS, NIKOLAOS",3FGA,Missed Three Pointer,0,-687,135,F,,,,11,10:00,26,22,
2007,RS,3,28,122,CSK,PAUC,"GOREE, MARCUS",2FGM,Two Pointer,2,-79,41,D,,,,11,10:00,26,24,
2007,RS,3,28,128,LJU,P000184,"BOOKER, CHRIS",2FGA,Missed Two Pointer,0,-325,171,E,,,,12,09:00,26,24,
2007,RS,3,28,134,LJU,PAPY,"HUKIC, JASMIN",2FGAB,Missed Two Pointer,0,261,402,B,,,,12,09:00,26,24,
2007,RS,3,28,140,CSK,PAUC,"GOREE, MARCUS",3FGA,Missed Three Pointer,0,66,689,G,,,,12,09:00,26,24,
2007,RS,3,28,145,CSK,PATW,"PAPALOUKAS, THEODOROS",3FGM,Three Pointer,3,-541,541,J,,,,12,09:00,26,27,
2007,RS,3,28,147,LJU,PTGJ,"MOCNIK, JAN",3FGA,Missed Three Pointer,0,-338,592,J,,,,13,08:00,26,27,
2007,RS,3,28,158,LJU,PTGI,"DONCIC, SASA",2FGM,Two Pointer,2,-7,428,I,,,,13,08:00,28,27,
2007,RS,3,28,160,CSK,PBEB,"LANGDON, TRAJAN",2FGA,Missed Two Pointer,0,-143,100,D,,,,14,07:00,28,27,
2007,RS,3,28,172,CSK,PALR,"SAVRASENKO, ALEKSEY",FTM,Free Throw In,1,-1,-1, ,,,,14,07:00,28,28,
2007,RS,3,28,173,CSK,PALR,"SAVRASENKO, ALEKSEY",FTM,Free Throw In,1,-1,-1, ,,,,14,07:00,28,29,
2007,RS,3,28,174,LJU,PTHB,"DRAGIC, GORAN",2FGM,Two Pointer,2,79,84,C,,,,14,07:00,30,29,
2007,RS,3,28,181,LJU,PTHB,"DRAGIC, GORAN",3FGA,Missed Three Pointer,0,266,664,G,,,,15,06:00,30,29,
2007,RS,3,28,183,LJU,PJBJ,"BEGIC, MIRZA",2FGM,Two Pointer,2,12,10,C,,,,15,06:00,32,29,
2007,RS,3,28,186,CSK,PJMM,"SISKAUSKAS, RAMUNAS",FTM,Free Throw In,1,-1,-1, ,,,,15,06:00,32,30,
2007,RS,3,28,187,CSK,PJMM,"SISKAUSKAS, RAMUNAS",FTM,Free Throw In,1,-1,-1, ,,,,15,06:00,32,31,
2007,RS,3,28,196,LJU,PTGI,"DONCIC, SASA",FTM,Free Throw In,1,-1,-1, ,,,,16,05:00,33,31,
2007,RS,3,28,197,CSK,PALC,"SMODIS, MATJAZ",2FGM,Two Pointer,2,92,112,C,,,,16,05:00,33,33,
2007,RS,3,28,198,LJU,PJBJ,"BEGIC, MIRZA",2FGM,Two Pointer,2,-120,33,D,,,,16,05:00,35,33,
2007,RS,3,28,200,CSK,PALC,"SMODIS, MATJAZ",2FGA,Missed Two Pointer,0,-158,17,D,,,,17,04:00,35,33,
2007,RS,3,28,202,LJU,PTHB,"DRAGIC, GORAN",2FGM,Two Pointer,2,-66,20,D,,,,17,04:00,37,33,
2007,RS,3,28,210,CSK,PALC,"SMODIS, MATJAZ",FTM,Free Throw In,1,-1,-1, ,,,,17,04:00,37,34,
2007,RS,3,28,214,CSK,PAQO,"HOLDEN, JON ROBERT",3FGM,Three Pointer,3,605,341,A,,,,18,03:00,37,37,
2007,RS,3,28,218,LJU,PJBJ,"BEGIC, MIRZA",FTM,Free Throw In,1,-1,-1, ,,,,18,03:00,38,37,
2007,RS,3,28,219,CSK,PATW,"PAPALOUKAS, THEODOROS",2FGA,Missed Two Pointer,0,-102,89,D,,,,18,03:00,38,37,
2007,RS,3,28,226,LJU,PAIV,"MILIC, MARKO",3FGAB,Missed Three Pointer,0,533,456,G,,,,19,02:00,38,37,
2007,RS,3,28,231,LJU,PTGI,"DONCIC, SASA",3FGA,Missed Three Pointer,0,-615,251,F,,,,19,02:00,38,37,
2007,RS,3,28,232,CSK,PALC,"SMODIS, MATJAZ",2FGM,Two Pointer,2,-46,38,D,,,,19,02:00,38,39,
2007,RS,3,28,238,CSK,PALC,"SMODIS, MATJAZ",FTM,Free Throw In,1,-1,-1, ,,,,19,02:00,38,40,
2007,RS,3,28,242,LJU,PAPY,"HUKIC, JASMIN",FTM,Free Throw In,1,-1,-1, ,,,,20,01:00,39,40,
2007,RS,3,28,243,LJU,PAPY,"HUKIC, JASMIN",FTM,Free Throw In,1,-1,-1, ,,,,20,01:00,40,40,
2007,RS,3,28,244,CSK,PALC,"SMODIS, MATJAZ",3FGA,Missed Three Pointer,0,148,664,G,,,,20,01:00,40,40,
2007,RS,3,28,248,CSK,PALC,"SMODIS, MATJAZ",3FGM,Three Pointer,3,-228,653,J,,,,20,01:00,40,43,
2007,RS,3,28,255,LJU,PJBJ,"BEGIC, MIRZA",2FGA,Missed Two Pointer,0,-56,17,D,,,,21,10:00,40,43,
2007,RS,3,28,258,CSK,PBEB,"LANGDON, TRAJAN",3FGA,Missed Three Pointer,0,-133,661,J,,,,21,10:00,40,43,
2007,RS,3,28,260,LJU,PTHB,"DRAGIC, GORAN",2FGAB,Missed Two Pointer,0,-7,12,D,,,,21,10:00,40,43,
2007,RS,3,28,264,LJU,PTGG,"TAYLOR, RONELL",2FGA,Missed Two Pointer,0,17,138,C,,,,21,10:00,40,43,
2007,RS,3,28,266,CSK,PJMM,"SISKAUSKAS, RAMUNAS",3FGA,Missed Three Pointer,0,197,666,G,,,,21,10:00,40,43,
2007,RS,3,28,269,LJU,PJBJ,"BEGIC, MIRZA",2FGA,Missed Two Pointer,0,-64,182,D,,,,22,09:00,40,43,
2007,RS,3,28,277,CSK,PAUC,"GOREE, MARCUS",2FGA,Missed Two Pointer,0,-300,192,E,,,,23,08:00,40,43,
2007,RS,3,28,279,LJU,PAIV,"MILIC, MARKO",2FGA,Missed Two Pointer,0,-410,84,E,,,,23,08:00,40,43,
2007,RS,3,28,280,CSK,PBEB,"LANGDON, TRAJAN",3FGA,Missed Three Pointer,0,-574,384,F,,,,23,08:00,40,43,
2007,RS,3,28,281,LJU,PAIV,"MILIC, MARKO",2FGAB,Missed Two Pointer,0,-164,133,D,,,,23,08:00,40,43,
2007,RS,3,28,285,CSK,PBEB,"LANGDON, TRAJAN",2FGA,Missed Two Pointer,0,-115,161,D,,,,23,08:00,40,43,
2007,RS,3,28,290,LJU,PAPY,"HUKIC, JASMIN",3FGM,Three Pointer,3,517,466,G,,,,24,07:00,43,43,
2007,RS,3,28,291,CSK,PAQO,"HOLDEN, JON ROBERT",2FGA,Missed Two Pointer,0,312,276,B,,,,24,07:00,43,43,
2007,RS,3,28,293,LJU,PTGG,"TAYLOR, RONELL",2FGA,Missed Two Pointer,0,-5,82,D,,,,24,07:00,43,43,
2007,RS,3,28,302,CSK,PALC,"SMODIS, MATJAZ",FTM,Free Throw In,1,-1,-1, ,,,,25,06:00,43,44,
2007,RS,3,28,305,LJU,PTHB,"DRAGIC, GORAN",2FGA,Missed Two Pointer,0,184,76,C,,,,25,06:00,43,44,
2007,RS,3,28,307,CSK,PAUC,"GOREE, MARCUS",2FGA,Missed Two Pointer,0,-410,-7,E,,,,25,06:00,43,44,
2007,RS,3,28,310,LJU,PTGG,"TAYLOR, RONELL",3FGA,Missed Three Pointer,0,-664,238,F,,,,26,05:00,43,44,
2007,RS,3,28,322,CSK,PAKT,"ANDERSEN, DAVID",3FGM,Three Pointer,3,-7,687,J,,,,26,05:00,43,47,
2007,RS,3,28,327,CSK,PALC,"SMODIS, MATJAZ",2FGAB,Missed Two Pointer,0,53,58,C,,,,27,04:00,43,47,
2007,RS,3,28,330,LJU,PLHD,"ZUPAN, MIHA",3FGA,Missed Three Pointer,0,-353,623,J,,,,27,04:00,43,47,
2007,RS,3,28,337,CSK,PABN,"ZISIS, NIKOLAOS",FTM,Free Throw In,1,-1,-1, ,,,,27,04:00,43,48,
2007,RS,3,28,338,LJU,PAPY,"HUKIC, JASMIN",3FGA,Missed Three Pointer,0,674,20,A,,,,27,04:00,43,48,
2007,RS,3,28,341,LJU,PLHD,"ZUPAN, MIHA",3FGM,Three Pointer,3,-674,130,F,,,,28,03:00,46,48,
2007,RS,3,28,343,CSK,PAKT,"ANDERSEN, DAVID",2FGM,Two Pointer,2,-200,169,D,,,,28,03:00,46,50,
2007,RS,3,28,345,LJU,P000184,"BOOKER, CHRIS",2FGM,Two Pointer,2,341,120,B,,,,29,02:00,48,50,
2007,RS,3,28,346,CSK,PABN,"ZISIS, NIKOLAOS",2FGM,Two Pointer,2,-71,35,D,,,,29,02:00,48,52,
2007,RS,3,28,358,LJU,PAPY,"HUKIC, JASMIN",FTM,Free Throw In,1,-1,-1, ,,,,29,02:00,49,52,
2007,RS,3,28,362,LJU,PLHD,"ZUPAN, MIHA",3FGM,Three Pointer,3,676,141,A,,,,30,01:00,52,52,
2007,RS,3,28,363,CSK,PBEB,"LANGDON, TRAJAN",3FGM,Three Pointer,3,-671,38,F,,,,30,01:00,52,55,
2007,RS,3,28,364,LJU,PTGG,"TAYLOR, RONELL",2FGM,Two Pointer,2,82,376,C,,,,30,01:00,54,55,
2007,RS,3,28,371,CSK,PBEB,"LANGDON, TRAJAN",2FGM,Two Pointer,2,-61,12,D,,,,31,10:00,54,57,
2007,RS,3,28,373,CSK,PAKT,"ANDERSEN, DAVID",2FGAB,Missed Two Pointer,0,-28,107,D,,,,31,10:00,54,57,
2007,RS,3,28,377,LJU,PLHD,"ZUPAN, MIHA",2FGA,Missed Two Pointer,0,112,20,C,,,,31,10:00,54,57,
2007,RS,3,28,383,LJU,PLHD,"ZUPAN, MIHA",2FGA,Missed Two Pointer,0,-261,197,E,,,,32,09:00,54,57,
2007,RS,3,28,391,CSK,PABN,"ZISIS, NIKOLAOS",2FGA,Missed Two Pointer,0,-228,376,E,,,,32,09:00,54,57,
2007,RS,3,28,399,CSK,PALC,"SMODIS, MATJAZ",3FGM,Three Pointer,3,661,243,A,,,,33,08:00,54,60,
2007,RS,3,28,400,LJU,PAPY,"HUKIC, JASMIN",3FGA,Missed Three Pointer,0,417,523,G,,,,33,08:00,54,60,
2007,RS,3,28,403,CSK,PAUC,"GOREE, MARCUS",2FGM,Two Pointer,2,0,12,D,,,,33,08:00,54,62,
2007,RS,3,28,405,LJU,PTHB,"DRAGIC, GORAN",3FGA,Missed Three Pointer,0,92,687,G,,,,34,07:00,54,62,
2007,RS,3,28,407,LJU,PTHB,"DRAGIC, GORAN",3FGM,Three Pointer,3,-323,602,J,,,,34,07:00,57,62,
2007,RS,3,28,408,CSK,PAUC,"GOREE, MARCUS",3FGA,Missed Three Pointer,0,638,633,G,,,,34,07:00,57,62,
2007,RS,3,28,410,CSK,PBEB,"LANGDON, TRAJAN",2FGM,Two Pointer,2,330,5,B,,,,34,07:00,57,64,
2007,RS,3,28,414,LJU,PTHB,"DRAGIC, GORAN",2FGM,Two Pointer,2,-15,64,D,,,,35,06:00,59,64,
2007,RS,3,28,421,CSK,PATW,"PAPALOUKAS, THEODOROS",FTM,Free Throw In,1,-1,-1, ,,,,36,05:00,59,65,
2007,RS,3,28,428,LJU,PAIV,"MILIC, MARKO",2FGA,Missed Two Pointer,0,-164,102,D,,,,36,05:00,59,65,
2007,RS,3,28,430,CSK,PAKT,"ANDERSEN, DAVID",3FGA,Missed Three Pointer,0,676,79,A,,,,36,05:00,59,65,
2007,RS,3,28,433,LJU,PAIV,"MILIC, MARKO",2FGM,Two Pointer,2,-53,33,D,,,,36,05:00,61,65,
2007,RS,3,28,443,CSK,PAKT,"ANDERSEN, DAVID",FTM,Free Throw In,1,-1,-1, ,,,,37,04:00,61,66,
2007,RS,3,28,444,CSK,PAKT,"ANDERSEN, DAVID",FTM,Free Throw In,1,-1,-1, ,,,,37,04:00,61,67,
2007,RS,3,28,445,LJU,PAIV,"MILIC, MARKO",2FGM,Two Pointer,2,46,30,C,,,,37,04:00,63,67,
2007,RS,3,28,448,CSK,PAKT,"ANDERSEN, DAVID",2FGA,Missed Two Pointer,0,-369,71,E,,,,38,03:00,63,67,
2007,RS,3,28,454,LJU,PLHD,"ZUPAN, MIHA",2FGA,Missed Two Pointer,0,-376,35,E,,,,38,03:00,63,67,
2007,RS,3,28,464,CSK,PALC,"SMODIS, MATJAZ",FTM,Free Throw In,1,-1,-1, ,,,,38,03:00,63,68,
2007,RS,3,28,469,LJU,PAPY,"HUKIC, JASMIN",FTM,Free Throw In,1,-1,-1, ,,,,38,03:00,64,68,
2007,RS,3,28,470,LJU,PAPY,"HUKIC, JASMIN",FTM,Free Throw In,1,-1,-1, ,,,,38,03:00,65,68,
2007,RS,3,28,471,CSK,PBEB,"LANGDON, TRAJAN",3FGA,Missed Three Pointer,0,-410,556,J,,,,38,03:00,65,68,
2007,RS,3,28,473,LJU,PAPY,"HUKIC, JASMIN",3FGM,Three Pointer,3,-443,520,J,,,,38,03:00,68,68,
2007,RS,3,28,475,CSK,PATW,"PAPALOUKAS, THEODOROS",2FGA,Missed Two Pointer,0,120,5,C,,,,39,02:00,68,68,
2007,RS,3,28,477,LJU,PAPY,"HUKIC, JASMIN",3FGA,Missed Three Pointer,0,41,702,G,,,,39,02:00,68,68,
2007,RS,3,28,482,LJU,PTGI,"DONCIC, SASA",FTM,Free Throw In,1,-1,-1, ,,,,39,02:00,69,68,
2007,RS,3,28,483,LJU,PTGI,"DONCIC, SASA",FTM,Free Throw In,1,-1,-1, ,,,,39,02:00,70,68,
2007,RS,3,28,487,CSK,PALC,"SMODIS, MATJAZ",FTM,Free Throw In,1,-1,-1, ,,,,40,01:00,70,69,
2007,RS,3,28,488,CSK,PALC,"SMODIS, MATJAZ",FTM,Free Throw In,1,-1,-1, ,,,,40,01:00,70,70,
2007,RS,3,28,489,LJU,PAIV,"MILIC, MARKO",2FGM,Two Pointer,2,-105,33,D,,,,40,01:00,72,70,
2007,RS,3,28,492,CSK,PAQO,"HOLDEN, JON ROBERT",FTM,Free Throw In,1,-1,-1, ,,,,40,01:00,72,71,
2007,RS,3,28,493,CSK,PAQO,"HOLDEN, JON ROBERT",FTM,Free Throw In,1,-1,-1, ,,,,40,01:00,72,72,
2007,RS,3,28,495,LJU,PAIV,"MILIC, MARKO",2FGM,Two Pointer,2,-123,20,D,,,,40,01:00,74,72,
2007,RS,3,28,496,CSK,PJMM,"SISKAUSKAS, RAMUNAS",3FGA,Missed Three Pointer,0,-458,964,J,,,,40,01:00,74,72,
2007,RS,3,29,3,ARI,PLGV,"MASSEY, JEREMIAH",2FGM,Two Pointer,2,315,141,B,,,,1,10:00,2,0,
2007,RS,3,29,5,CIB,PJJV,"ROZIC, MARIN",2FGA,Missed Two Pointer,0,-425,579,J,,,,1,10:00,2,0,
2007,RS,3,29,7,ARI,PTEM,"WRIGHT, BRACEY",3FGM,Three Pointer,3,505,451,G,,,,1,10:00,5,0,
2007,RS,3,29,9,CIB,PKXF,"AYUSO, LARRY",3FGM,Three Pointer,3,-7,702,J,,,,1,10:00,5,3,
2007,RS,3,29,11,ARI,PTEM,"WRIGHT, BRACEY",2FGA,Missed Two Pointer,0,-46,523,I,,,,1,10:00,5,3,
2007,RS,3,29,15,CIB,PLUI,"HOSKIN, SAM",2FGM,Two Pointer,2,-71,23,D,,,,3,08:00,5,5,
2007,RS,3,29,17,ARI,PLGM,"TSALDARIS, DIMITRIOS",2FGM,Two Pointer,2,-333,120,E,,,,3,08:00,7,5,
2007,RS,3,29,18,CIB,PTFE,"KELLEY, TRE",2FGM,Two Pointer,2,-82,35,D,,,,3,08:00,7,7,
2007,RS,3,29,22,ARI,PBDH,"MOTTOLA, HANNO",3FGA,Missed Three Pointer,0,-464,543,J,,,,4,07:00,7,7,
2007,RS,3,29,25,ARI,PLGV,"MASSEY, JEREMIAH",2FGM,Two Pointer,2,-92,7,D,,,,4,07:00,9,7,
2007,RS,3,29,28,ARI,PTEM,"WRIGHT, BRACEY",3FGA,Missed Three Pointer,0,-656,205,F,,,,5,06:00,9,7,
2007,RS,3,29,30,CIB,PKXF,"AYUSO, LARRY",3FGA,Missed Three Pointer,0,-164,717,J,,,,5,06:00,9,7,
2007,RS,3,29,32,CIB,PLUI,"HOSKIN, SAM",2FGA,Missed Two Pointer,0,458,333,B,,,,5,06:00,9,7,
2007,RS,3,29,34,ARI,PJXV,"CASTLE, TERREL",3FGA,Missed Three Pointer,0,-658,228,F,,,,5,06:00,9,7,
2007,RS,3,29,37,CIB,PKXF,"AYUSO, LARRY",2FGA,Missed Two Pointer,0,-92,35,D,,,,6,05:00,9,7,
2007,RS,3,29,43,ARI,PLGM,"TSALDARIS, DIMITRIOS",2FGA,Missed Two Pointer,0,-258,376,E,,,,6,05:00,9,7,
2007,RS,3,29,49,ARI,PBDH,"MOTTOLA, HANNO",FTM,Free Throw In,1,-1,-1, ,,,,7,04:00,10,7,
2007,RS,3,29,50,ARI,PBDH,"MOTTOLA, HANNO",FTM,Free Throw In,1,-1,-1, ,,,,7,04:00,11,7,
2007,RS,3,29,51,CIB,PTFE,"KELLEY, TRE",3FGM,Three Pointer,3,-423,571,J,,,,7,04:00,11,10,
2007,RS,3,29,56,ARI,PJXV,"CASTLE, TERREL",FTM,Free Throw In,1,-1,-1, ,,,,7,04:00,12,10,
2007,RS,3,29,57,CIB,PTFE,"KELLEY, TRE",2FGM,Two Pointer,2,71,25,C,,,,7,04:00,12,12,
2007,RS,3,29,59,ARI,PTEM,"WRIGHT, BRACEY",2FGAB,Missed Two Pointer,0,-89,12,D,,,,7,04:00,12,12,
2007,RS,3,29,62,ARI,PLGV,"MASSEY, JEREMIAH",2FGM,Two Pointer,2,-92,41,D,,,,7,04:00,14,12,
2007,RS,3,29,64,CIB,PKXF,"AYUSO, LARRY",2FGM,Two Pointer,2,10,176,C,,,,8,03:00,14,14,
2007,RS,3,29,70,ARI,PTEM,"WRIGHT, BRACEY",FTM,Free Throw In,1,-1,-1, ,,,,8,03:00,15,14,
2007,RS,3,29,73,CIB,PKXF,"AYUSO, LARRY",3FGM,Three Pointer,3,-415,574,J,,,,8,03:00,15,17,
2007,RS,3,29,75,ARI,PLGV,"MASSEY, JEREMIAH",2FGA,Missed Two Pointer,0,-102,53,D,,,,8,03:00,15,17,
2007,RS,3,29,77,ARI,PBDH,"MOTTOLA, HANNO",2FGM,Two Pointer,2,-74,38,D,,,,8,03:00,17,17,
2007,RS,3,29,83,CIB,PTFE,"KELLEY, TRE",2FGM,Two Pointer,2,-20,76,D,,,,9,02:00,17,19,
2007,RS,3,29,84,ARI,PJXV,"CASTLE, TERREL",2FGA,Missed Two Pointer,0,46,43,C,,,,9,02:00,17,19,
2007,RS,3,29,86,ARI,PTEO,"TERRY, REYSHAWN",2FGM,Two Pointer,2,-369,15,E,,,,9,02:00,19,19,
2007,RS,3,29,90,CIB,PKXF,"AYUSO, LARRY",3FGA,Missed Three Pointer,0,587,412,A,,,,10,01:00,19,19,
2007,RS,3,29,92,ARI,PTEO,"TERRY, REYSHAWN",2FGM,Two Pointer,2,-76,56,D,,,,10,01:00,21,19,
2007,RS,3,29,100,CIB,PTFE,"KELLEY, TRE",2FGM,Two Pointer,2,-79,43,D,,,,10,01:00,21,21,
2007,RS,3,29,115,ARI,PAPI,"KALAITZIS, GEORGIOS",2FGM,Two Pointer,2,-69,51,D,,,,11,10:00,23,21,
2007,RS,3,29,119,CIB,PLCC,"WARREN, CHRIS",2FGA,Missed Two Pointer,0,-394,53,E,,,,11,10:00,23,21,
2007,RS,3,29,124,ARI,PJIX,"AGADAKOS, LAZAROS",2FGA,Missed Two Pointer,0,-30,87,D,,,,12,09:00,23,21,
2007,RS,3,29,129,ARI,PBAO,"SERAPINAS, SIMONAS",3FGA,Missed Three Pointer,0,-666,94,F,,,,12,09:00,23,21,
2007,RS,3,29,135,CIB,PJJV,"ROZIC, MARIN",2FGAB,Missed Two Pointer,0,-74,48,D,,,,13,08:00,23,21,
2007,RS,3,29,138,CIB,PKXF,"AYUSO, LARRY",3FGM,Three Pointer,3,-433,533,J,,,,13,08:00,23,24,
2007,RS,3,29,139,ARI,PBAO,"SERAPINAS, SIMONAS",2FGM,Two Pointer,2,-148,51,D,,,,13,08:00,25,24,
2007,RS,3,29,140,CIB,PJJV,"ROZIC, MARIN",2FGA,Missed Two Pointer,0,-425,15,E,,,,13,08:00,25,24,
2007,RS,3,29,148,CIB,PLCC,"WARREN, CHRIS",FTM,Free Throw In,1,-1,-1, ,,,,14,07:00,25,25,
2007,RS,3,29,149,CIB,PLCC,"WARREN, CHRIS",FTM,Free Throw In,1,-1,-1, ,,,,14,07:00,25,26,
2007,RS,3,29,150,CIB,PLCC,"WARREN, CHRIS",FTM,Free Throw In,1,-1,-1, ,,,,14,07:00,25,27,
2007,RS,3,29,155,ARI,PLGV,"MASSEY, JEREMIAH",FTM,Free Throw In,1,-1,-1, ,,,,14,07:00,26,27,
2007,RS,3,29,158,CIB,PAPL,"MULAOMEROVIC, DAMIR",2FGA,Missed Two Pointer,0,-141,17,D,,,,14,07:00,26,27,
2007,RS,3,29,160,CIB,PKXF,"AYUSO, LARRY",3FGA,Missed Three Pointer,0,-174,717,J,,,,14,07:00,26,27,
2007,RS,3,29,185,CIB,PLCC,"WARREN, CHRIS",FTM,Free Throw In,1,-1,-1, ,,,,16,05:00,26,28,
2007,RS,3,29,186,CIB,PLCC,"WARREN, CHRIS",FTM,Free Throw In,1,-1,-1, ,,,,16,05:00,26,29,
2007,RS,3,29,189,CIB,PAON,"KRASIC, BARISA",2FGM,Two Pointer,2,-74,33,D,,,,16,05:00,26,31,
2007,RS,3,29,194,CIB,PAON,"KRASIC, BARISA",3FGM,Three Pointer,3,-482,535,J,,,,17,04:00,26,34,
2007,RS,3,29,201,ARI,PTEM,"WRIGHT, BRACEY",FTM,Free Throw In,1,-1,-1, ,,,,18,03:00,27,34,
2007,RS,3,29,202,ARI,PTEM,"WRIGHT, BRACEY",FTM,Free Throw In,1,-1,-1, ,,,,18,03:00,28,34,
2007,RS,3,29,203,CIB,PAPL,"MULAOMEROVIC, DAMIR",3FGA,Missed Three Pointer,0,-410,569,J,,,,18,03:00,28,34,
2007,RS,3,29,205,ARI,PBDH,"MOTTOLA, HANNO",2FGA,Missed Two Pointer,0,-12,143,D,,,,18,03:00,28,34,
2007,RS,3,29,212,CIB,PAPL,"MULAOMEROVIC, DAMIR",FTM,Free Throw In,1,-1,-1, ,,,,18,03:00,28,35,
2007,RS,3,29,213,CIB,PAPL,"MULAOMEROVIC, DAMIR",FTM,Free Throw In,1,-1,-1, ,,,,18,03:00,28,36,
2007,RS,3,29,215,ARI,PTEM,"WRIGHT, BRACEY",3FGM,Three Pointer,3,456,510,G,,,,19,02:00,31,36,
2007,RS,3,29,218,CIB,PAPL,"MULAOMEROVIC, DAMIR",2FGM,Two Pointer,2,94,41,C,,,,19,02:00,31,38,
2007,RS,3,29,221,CIB,PAPL,"MULAOMEROVIC, DAMIR",2FGM,Two Pointer,2,-107,33,D,,,,19,02:00,31,40,
2007,RS,3,29,225,ARI,PLGV,"MASSEY, JEREMIAH",2FGM,Two Pointer,2,48,10,C,,,,20,01:00,33,40,
2007,RS,3,29,230,ARI,PLGM,"TSALDARIS, DIMITRIOS",3FGA,Missed Three Pointer,0,276,643,G,,,,20,01:00,33,40,
2007,RS,3,29,232,ARI,PABK,"PANTELIADIS, SPYRIDON",2FGA,Missed Two Pointer,0,41,302,C,,,,20,01:00,33,40,
2007,RS,3,29,241,ARI,PBDH,"MOTTOLA, HANNO",2FGA,Missed Two Pointer,0,-358,38,E,,,,21,10:00,33,40,
2007,RS,3,29,243,CIB,PLUI,"HOSKIN, SAM",2FGM,Two Pointer,2,-366,392,E,,,,21,10:00,33,42,
2007,RS,3,29,248,ARI,PLGM,"TSALDARIS, DIMITRIOS",2FGM,Two Pointer,2,-71,33,D,,,,21,10:00,35,42,
2007,RS,3,29,251,CIB,PAPL,"MULAOMEROVIC, DAMIR",2FGM,Two Pointer,2,-82,38,D,,,,22,09:00,35,44,
2007,RS,3,29,254,ARI,PLGM,"TSALDARIS, DIMITRIOS",3FGA,Missed Three Pointer,0,523,428,G,,,,22,09:00,35,44,
2007,RS,3,29,256,ARI,PLGV,"MASSEY, JEREMIAH",2FGM,Two Pointer,2,51,23,C,,,,22,09:00,37,44,
2007,RS,3,29,258,CIB,PLCC,"WARREN, CHRIS",2FGM,Two Pointer,2,-112,56,D,,,,23,08:00,37,46,
2007,RS,3,29,259,ARI,PLGV,"MASSEY, JEREMIAH",2FGM,Two Pointer,2,-76,33,D,,,,23,08:00,39,46,
2007,RS,3,29,267,CIB,PAPL,"MULAOMEROVIC, DAMIR",2FGA,Missed Two Pointer,0,-279,507,I,,,,24,07:00,39,46,
2007,RS,3,29,269,ARI,PBDH,"MOTTOLA, HANNO",2FGM,Two Pointer,2,-120,46,D,,,,24,07:00,41,46,
2007,RS,3,29,272,ARI,PLGM,"TSALDARIS, DIMITRIOS",2FGM,Two Pointer,2,-61,23,D,,,,24,07:00,43,46,
2007,RS,3,29,274,CIB,PLCC,"WARREN, CHRIS",3FGA,Missed Three Pointer,0,51,730,G,,,,24,07:00,43,46,
2007,RS,3,29,276,CIB,PLUI,"HOSKIN, SAM",2FGAB,Missed Two Pointer,0,-64,92,D,,,,24,07:00,43,46,
2007,RS,3,29,279,ARI,PLGV,"MASSEY, JEREMIAH",2FGM,Two Pointer,2,53,38,C,,,,24,07:00,45,46,
2007,RS,3,29,286,CIB,PLCC,"WARREN, CHRIS",2FGA,Missed Two Pointer,0,117,61,C,,,,25,06:00,45,46,
2007,RS,3,29,288,ARI,PTEM,"WRIGHT, BRACEY",2FGA,Missed Two Pointer,0,-46,61,D,,,,25,06:00,45,46,
2007,RS,3,29,290,ARI,PLGV,"MASSEY, JEREMIAH",2FGM,Two Pointer,2,23,20,C,,,,25,06:00,47,46,
2007,RS,3,29,293,CIB,PLUI,"HOSKIN, SAM",2FGM,Two Pointer,2,-12,25,D,,,,26,05:00,47,48,
2007,RS,3,29,298,CIB,PLCC,"WARREN, CHRIS",2FGM,Two Pointer,2,-35,74,D,,,,26,05:00,47,50,
2007,RS,3,29,305,CIB,PTFE,"KELLEY, TRE",2FGM,Two Pointer,2,-100,51,D,,,,27,04:00,47,52,
2007,RS,3,29,308,ARI,PBDH,"MOTTOLA, HANNO",2FGA,Missed Two Pointer,0,-117,7,D,,,,27,04:00,47,52,
2007,RS,3,29,310,ARI,PLGV,"MASSEY, JEREMIAH",2FGA,Missed Two Pointer,0,28,53,C,,,,27,04:00,47,52,
2007,RS,3,29,312,CIB,PJDQ,"ANDRIC, LUKSA",2FGM,Two Pointer,2,-35,82,D,,,,27,04:00,47,54,
2007,RS,3,29,315,ARI,PLGV,"MASSEY, JEREMIAH",2FGM,Two Pointer,2,-120,469,I,,,,28,03:00,49,54,
2007,RS,3,29,319,ARI,PLGV,"MASSEY, JEREMIAH",2FGM,Two Pointer,2,46,30,C,,,,28,03:00,51,54,
2007,RS,3,29,321,CIB,PLUI,"HOSKIN, SAM",2FGA,Missed Two Pointer,0,-205,28,D,,,,28,03:00,51,54,
2007,RS,3,29,323,ARI,PLGM,"TSALDARIS, DIMITRIOS",3FGA,Missed Three Pointer,0,666,89,A,,,,28,03:00,51,54,
2007,RS,3,29,326,CIB,PJJV,"ROZIC, MARIN",2FGM,Two Pointer,2,-84,17,D,,,,29,02:00,51,56,
2007,RS,3,29,328,ARI,PTEO,"TERRY, REYSHAWN",3FGA,Missed Three Pointer,0,-20,689,J,,,,29,02:00,51,56,
2007,RS,3,29,330,CIB,PJJV,"ROZIC, MARIN",2FGM,Two Pointer,2,-28,87,D,,,,29,02:00,51,58,
2007,RS,3,29,336,ARI,PJXV,"CASTLE, TERREL",FTM,Free Throw In,1,-1,-1, ,,,,30,01:00,52,58,
2007,RS,3,29,337,ARI,PJXV,"CASTLE, TERREL",FTM,Free Throw In,1,-1,-1, ,,,,30,01:00,53,58,
2007,RS,3,29,343,CIB,PJDQ,"ANDRIC, LUKSA",FTM,Free Throw In,1,-1,-1, ,,,,30,01:00,53,59,
2007,RS,3,29,344,ARI,PJXV,"CASTLE, TERREL",3FGA,Missed Three Pointer,0,487,476,G,,,,30,01:00,53,59,
2007,RS,3,29,348,ARI,PLGV,"MASSEY, JEREMIAH",FTM,Free Throw In,1,-1,-1, ,,,,30,01:00,54,59,
2007,RS,3,29,349,CIB,PTFE,"KELLEY, TRE",2FGAB,Missed Two Pointer,0,-25,84,D,,,,30,01:00,54,59,
2007,RS,3,29,353,ARI,PTEO,"TERRY, REYSHAWN",3FGA,Missed Three Pointer,0,-592,412,F,,,,30,01:00,54,59,
2007,RS,3,29,355,CIB,PLUI,"HOSKIN, SAM",2FGM,Two Pointer,2,-35,64,D,,,,30,01:00,54,61,
2007,RS,3,29,359,CIB,PJJV,"ROZIC, MARIN",2FGM,Two Pointer,2,-2,117,D,,,,31,10:00,54,63,
2007,RS,3,29,361,ARI,PLGV,"MASSEY, JEREMIAH",3FGA,Missed Three Pointer,0,-674,-61,F,,,,31,10:00,54,63,
2007,RS,3,29,373,ARI,PTEO,"TERRY, REYSHAWN",FTM,Free Throw In,1,-1,-1, ,,,,32,09:00,55,63,
2007,RS,3,29,374,CIB,PTFE,"KELLEY, TRE",2FGA,Missed Two Pointer,0,-84,28,D,,,,32,09:00,55,63,
2007,RS,3,29,384,CIB,PJJV,"ROZIC, MARIN",3FGA,Missed Three Pointer,0,533,515,G,,,,33,08:00,55,63,
2007,RS,3,29,390,ARI,PLGM,"TSALDARIS, DIMITRIOS",3FGM,Three Pointer,3,579,376,A,,,,33,08:00,58,63,
2007,RS,3,29,392,CIB,PKXF,"AYUSO, LARRY",3FGA,Missed Three Pointer,0,-453,538,J,,,,33,08:00,58,63,
2007,RS,3,29,396,ARI,PTEO,"TERRY, REYSHAWN",2FGA,Missed Two Pointer,0,120,15,C,,,,33,08:00,58,63,
2007,RS,3,29,405,ARI,PBAO,"SERAPINAS, SIMONAS",2FGM,Two Pointer,2,43,48,C,,,,34,07:00,60,63,
2007,RS,3,29,407,CIB,PAPL,"MULAOMEROVIC, DAMIR",2FGM,Two Pointer,2,48,82,C,,,,35,06:00,60,65,
2007,RS,3,29,411,ARI,PLGM,"TSALDARIS, DIMITRIOS",FTM,Free Throw In,1,-1,-1, ,,,,35,06:00,61,65,
2007,RS,3,29,413,CIB,PLUI,"HOSKIN, SAM",2FGAB,Missed Two Pointer,0,-100,58,D,,,,35,06:00,61,65,
2007,RS,3,29,416,ARI,PBAO,"SERAPINAS, SIMONAS",3FGA,Missed Three Pointer,0,-546,435,J,,,,35,06:00,61,65,
2007,RS,3,29,418,ARI,PLGM,"TSALDARIS, DIMITRIOS",3FGA,Missed Three Pointer,0,464,500,G,,,,35,06:00,61,65,
2007,RS,3,29,423,CIB,PLCC,"WARREN, CHRIS",2FGA,Missed Two Pointer,0,-194,23,D,,,,36,05:00,61,65,
2007,RS,3,29,425,CIB,PAPL,"MULAOMEROVIC, DAMIR",3FGA,Missed Three Pointer,0,156,682,G,,,,36,05:00,61,65,
2007,RS,3,29,428,CIB,PKXF,"AYUSO, LARRY",3FGA,Missed Three Pointer,0,-612,266,F,,,,36,05:00,61,65,
2007,RS,3,29,430,CIB,PKXF,"AYUSO, LARRY",2FGM,Two Pointer,2,-82,48,D,,,,36,05:00,61,67,
2007,RS,3,29,432,ARI,PLGV,"MASSEY, JEREMIAH",2FGM,Two Pointer,2,-212,105,D,,,,37,04:00,63,67,
2007,RS,3,29,436,CIB,PLCC,"WARREN, CHRIS",FTM,Free Throw In,1,-1,-1, ,,,,37,04:00,63,68,
2007,RS,3,29,437,ARI,PLGV,"MASSEY, JEREMIAH",2FGM,Two Pointer,2,117,48,C,,,,37,04:00,65,68,
2007,RS,3,29,438,CIB,PLCC,"WARREN, CHRIS",3FGA,Missed Three Pointer,0,-397,566,J,,,,37,04:00,65,68,
2007,RS,3,29,443,ARI,PJXV,"CASTLE, TERREL",FTM,Free Throw In,1,-1,-1, ,,,,38,03:00,66,68,
2007,RS,3,29,444,ARI,PJXV,"CASTLE, TERREL",FTM,Free Throw In,1,-1,-1, ,,,,38,03:00,67,68,
2007,RS,3,29,445,CIB,PLCC,"WARREN, CHRIS",3FGA,Missed Three Pointer,0,-215,669,J,,,,38,03:00,67,68,
2007,RS,3,29,449,ARI,PBAO,"SERAPINAS, SIMONAS",3FGA,Missed Three Pointer,0,-7,710,J,,,,38,03:00,67,68,
2007,RS,3,29,459,ARI,PTEO,"TERRY, REYSHAWN",FTM,Free Throw In,1,-1,-1, ,,,,39,02:00,68,68,
2007,RS,3,29,461,ARI,PLGM,"TSALDARIS, DIMITRIOS",3FGA,Missed Three Pointer,0,569,407,A,,,,39,02:00,68,68,
2007,RS,3,29,463,ARI,PBAO,"SERAPINAS, SIMONAS",2FGA,Missed Two Pointer,0,58,28,C,,,,39,02:00,68,68,
2007,RS,3,29,465,ARI,PTEO,"TERRY, REYSHAWN",2FGM,Two Pointer,2,97,25,C,,,,39,02:00,70,68,
2007,RS,3,29,467,CIB,PTFE,"KELLEY, TRE",2FGM,Two Pointer,2,-23,61,D,,,,40,01:00,70,70,
2007,RS,3,29,472,ARI,PLGV,"MASSEY, JEREMIAH",FTM,Free Throw In,1,-1,-1, ,,,,40,01:00,71,70,
2007,RS,3,29,473,ARI,PLGV,"MASSEY, JEREMIAH",FTM,Free Throw In,1,-1,-1, ,,,,40,01:00,72,70,
2007,RS,3,29,479,ARI,PJXV,"CASTLE, TERREL",FTM,Free Throw In,1,-1,-1, ,,,,40,01:00,73,70,
2007,RS,3,29,482,CIB,PTFE,"KELLEY, TRE",2FGAB,Missed Two Pointer,0,38,87,C,,,,40,01:00,73,70,
2007,RS,3,29,488,ARI,PTEO,"TERRY, REYSHAWN",FTM,Free Throw In,1,-1,-1, ,,,,40,01:00,74,70,
2007,RS,3,29,489,ARI,PTEO,"TERRY, REYSHAWN",FTM,Free Throw In,1,-1,-1, ,,,,40,01:00,75,70,
2007,RS,3,29,492,ARI,PJXV,"CASTLE, TERREL",FTM,Free Throw In,1,-1,-1, ,,,,40,01:00,76,70,
2007,RS,3,29,493,ARI,PJXV,"CASTLE, TERREL",FTM,Free Throw In,1,-1,-1, ,,,,40,01:00,77,70,
2007,RS,3,29,494,CIB,PKXF,"AYUSO, LARRY",3FGA,Missed Three Pointer,0,548,500,G,,,,40,01:00,77,70,
2007,RS,3,29,496,CIB,PLCC,"WARREN, CHRIS",2FGM,Two Pointer,2,41,51,C,,,,40,01:00,77,72,
2007,RS,3,29,499,CIB,PLCC,"WARREN, CHRIS",FTM,Free Throw In,1,-1,-1, ,,,,40,01:00,77,73,
2007,RS,3,29,501,ARI,PTEO,"TERRY, REYSHAWN",3FGA,Missed Three Pointer,0,592,415,A,,,,40,01:00,77,73,
2007,RS,3,30,14,MIL,PAHU,"BULLERI, MASSIMO",3FGA,Missed Three Pointer,0,305,641,G,,,,1,10:00,0,0,
2007,RS,3,30,16,MIL,PKNZ,"WATSON, TRAVIS",2FGA,Missed Two Pointer,0,-56,66,D,,,,1,10:00,0,0,
2007,RS,3,30,18,MAL,PKML,"SANTIAGO, DANIEL",2FGM,Two Pointer,2,2,5,D,,,,1,10:00,0,2,
2007,RS,3,30,20,MIL,PAHU,"BULLERI, MASSIMO",2FGM,Two Pointer,2,-74,69,D,,,,1,10:00,2,2,
2007,RS,3,30,25,MAL,PAGQ,"WELSCH, JIRI",3FGA,Missed Three Pointer,0,-546,456,J,,,,2,09:00,2,2,
2007,RS,3,30,27,MAL,PAWX,"CABEZAS, CARLOS",3FGA,Missed Three Pointer,0,-61,674,J,,,,2,09:00,2,2,
2007,RS,3,30,29,MIL,PKRD,"GALLINARI, DANILO",2FGM,Two Pointer,2,-97,23,D,,,,2,09:00,4,2,
2007,RS,3,30,34,MAL,PAWS,"RODRIGUEZ, BERNI",2FGM,Two Pointer,2,76,33,C,,,,3,08:00,4,4,
2007,RS,3,30,35,MIL,PKNZ,"WATSON, TRAVIS",2FGM,Two Pointer,2,48,46,C,,,,3,08:00,6,4,
2007,RS,3,30,37,MAL,PAWS,"RODRIGUEZ, BERNI",2FGM,Two Pointer,2,74,41,C,,,,3,08:00,6,6,
2007,RS,3,30,39,MIL,PLGS,"SESAY, ANSU",3FGA,Missed Three Pointer,0,-138,664,J,,,,4,07:00,6,6,
2007,RS,3,30,41,MAL,PKML,"SANTIAGO, DANIEL",2FGM,Two Pointer,2,215,28,C,,,,4,07:00,6,8,
2007,RS,3,30,46,MIL,PKRD,"GALLINARI, DANILO",2FGAB,Missed Two Pointer,0,-58,56,D,,,,4,07:00,6,8,
2007,RS,3,30,55,MAL,PAWS,"RODRIGUEZ, BERNI",2FGAB,Missed Two Pointer,0,-74,123,D,,,,5,06:00,6,8,
2007,RS,3,30,59,MAL,PAWX,"CABEZAS, CARLOS",2FGM,Two Pointer,2,2,61,D,,,,5,06:00,6,10,
2007,RS,3,30,60,MIL,PTEP,"GAINES, REECE",2FGA,Missed Two Pointer,0,38,217,C,,,,5,06:00,6,10,
2007,RS,3,30,64,MIL,PKRD,"GALLINARI, DANILO",3FGM,Three Pointer,3,376,561,G,,,,5,06:00,9,10,
2007,RS,3,30,72,MIL,PAHU,"BULLERI, MASSIMO",2FGA,Missed Two Pointer,0,366,297,B,,,,6,05:00,9,10,
2007,RS,3,30,74,MIL,PKRD,"GALLINARI, DANILO",2FGM,Two Pointer,2,-2,7,D,,,,6,05:00,11,10,
2007,RS,3,30,75,MAL,PAGQ,"WELSCH, JIRI",2FGA,Missed Two Pointer,0,407,128,B,,,,6,05:00,11,10,
2007,RS,3,30,77,MIL,PLGS,"SESAY, ANSU",3FGA,Missed Three Pointer,0,694,-2,A,,,,6,05:00,11,10,
2007,RS,3,30,83,MIL,PKNZ,"WATSON, TRAVIS",FTM,Free Throw In,1,-1,-1, ,,,,7,04:00,12,10,
2007,RS,3,30,86,MIL,PAHU,"BULLERI, MASSIMO",3FGA,Missed Three Pointer,0,-51,666,J,,,,7,04:00,12,10,
2007,RS,3,30,88,MAL,PKML,"SANTIAGO, DANIEL",2FGA,Missed Two Pointer,0,123,115,C,,,,7,04:00,12,10,
2007,RS,3,30,90,MIL,PTEP,"GAINES, REECE",2FGA,Missed Two Pointer,0,35,517,H,,,,7,04:00,12,10,
2007,RS,3,30,99,MAL,PAWS,"RODRIGUEZ, BERNI",FTM,Free Throw In,1,-1,-1, ,,,,7,04:00,12,11,
2007,RS,3,30,101,MIL,PKRD,"GALLINARI, DANILO",2FGM,Two Pointer,2,-384,205,E,,,,8,03:00,14,11,
2007,RS,3,30,102,MAL,PAGQ,"WELSCH, JIRI",2FGAB,Missed Two Pointer,0,117,76,C,,,,8,03:00,14,11,
2007,RS,3,30,114,MAL,PAWX,"CABEZAS, CARLOS",FTM,Free Throw In,1,-1,-1, ,,,,8,03:00,14,12,
2007,RS,3,30,115,MAL,PAWX,"CABEZAS, CARLOS",FTM,Free Throw In,1,-1,-1, ,,,,8,03:00,14,13,
2007,RS,3,30,116,MAL,PAWX,"CABEZAS, CARLOS",3FGM,Three Pointer,3,687,2,A,,,,8,03:00,14,16,
2007,RS,3,30,119,MIL,PKNZ,"WATSON, TRAVIS",2FGM,Two Pointer,2,-84,28,D,,,,9,02:00,16,16,
2007,RS,3,30,126,MAL,PAWX,"CABEZAS, CARLOS",FTM,Free Throw In,1,-1,-1, ,,,,9,02:00,16,17,
2007,RS,3,30,127,MAL,PAWX,"CABEZAS, CARLOS",FTM,Free Throw In,1,-1,-1, ,,,,9,02:00,16,18,
2007,RS,3,30,128,MIL,PKNZ,"WATSON, TRAVIS",2FGM,Two Pointer,2,-115,33,D,,,,9,02:00,18,18,
2007,RS,3,30,133,MIL,PKNZ,"WATSON, TRAVIS",FTM,Free Throw In,1,-1,-1, ,,,,9,02:00,19,18,
2007,RS,3,30,134,MAL,PTGE,"N'DONG, BONIFACE",2FGM,Two Pointer,2,-407,2,E,,,,9,02:00,19,20,
2007,RS,3,30,142,MIL,PKNZ,"WATSON, TRAVIS",FTM,Free Throw In,1,-1,-1, ,,,,10,01:00,20,20,
2007,RS,3,30,143,MIL,PKNZ,"WATSON, TRAVIS",FTM,Free Throw In,1,-1,-1, ,,,,10,01:00,21,20,
2007,RS,3,30,146,MIL,PAUT,"VUKCEVIC, DUSAN",2FGM,Two Pointer,2,-300,23,E,,,,10,01:00,23,20,
2007,RS,3,30,163,MIL,PAUT,"VUKCEVIC, DUSAN",2FGA,Missed Two Pointer,0,171,225,C,,,,11,10:00,23,20,
2007,RS,3,30,165,MAL,PTGE,"N'DONG, BONIFACE",2FGM,Two Pointer,2,200,46,C,,,,11,10:00,23,22,
2007,RS,3,30,166,MIL,PKRD,"GALLINARI, DANILO",3FGA,Missed Three Pointer,0,-246,635,J,,,,11,10:00,23,22,
2007,RS,3,30,168,MAL,PBOV,"POPOVIC, BOJAN",2FGA,Missed Two Pointer,0,51,76,C,,,,11,10:00,23,22,
2007,RS,3,30,171,MIL,PAUT,"VUKCEVIC, DUSAN",3FGA,Missed Three Pointer,0,346,569,G,,,,12,09:00,23,22,
2007,RS,3,30,173,MAL,PBIM,"GABRIEL, GERMAN",3FGA,Missed Three Pointer,0,397,605,G,,,,12,09:00,23,22,
2007,RS,3,30,175,MIL,PTEP,"GAINES, REECE",3FGM,Three Pointer,3,-687,33,F,,,,12,09:00,26,22,
2007,RS,3,30,177,MAL,PBOV,"POPOVIC, BOJAN",2FGM,Two Pointer,2,-82,33,D,,,,13,08:00,26,24,
2007,RS,3,30,183,MIL,PCUG,"SHAW, JOSEPH CASEY",FTM,Free Throw In,1,-1,-1, ,,,,13,08:00,27,24,
2007,RS,3,30,186,MIL,PTEP,"GAINES, REECE",2FGM,Two Pointer,2,0,7,D,,,,13,08:00,29,24,
2007,RS,3,30,193,MIL,P000664,"KATELYNAS, MINDAUGAS",2FGA,Missed Two Pointer,0,500,-23,B,,,,13,08:00,29,24,
2007,RS,3,30,197,MIL,PAUT,"VUKCEVIC, DUSAN",2FGM,Two Pointer,2,5,0,C,,,,13,08:00,31,24,
2007,RS,3,30,205,MAL,PAGQ,"WELSCH, JIRI",3FGA,Missed Three Pointer,0,366,569,G,,,,14,07:00,31,24,
2007,RS,3,30,209,MAL,PTGE,"N'DONG, BONIFACE",FTM,Free Throw In,1,-1,-1, ,,,,14,07:00,31,25,
2007,RS,3,30,210,MAL,PTGE,"N'DONG, BONIFACE",FTM,Free Throw In,1,-1,-1, ,,,,14,07:00,31,26,
2007,RS,3,30,211,MIL,PTEP,"GAINES, REECE",2FGA,Missed Two Pointer,0,-453,15,E,,,,14,07:00,31,26,
2007,RS,3,30,213,MAL,PBIM,"GABRIEL, GERMAN",3FGM,Three Pointer,3,-117,661,J,,,,14,07:00,31,29,
2007,RS,3,30,216,MIL,PTES,"GADSON, CHEYNE",2FGM,Two Pointer,2,-543,241,E,,,,15,06:00,33,29,
2007,RS,3,30,217,MAL,PAFJ,"KUS, DAVOR",3FGA,Missed Three Pointer,0,-261,625,J,,,,15,06:00,33,29,
2007,RS,3,30,226,MIL,P000664,"KATELYNAS, MINDAUGAS",2FGM,Two Pointer,2,41,66,C,,,,16,05:00,35,29,
2007,RS,3,30,228,MAL,PBIM,"GABRIEL, GERMAN",3FGA,Missed Three Pointer,0,676,-20,A,,,,16,05:00,35,29,
2007,RS,3,30,252,MAL,PAFJ,"KUS, DAVOR",2FGA,Missed Two Pointer,0,10,243,C,,,,17,04:00,35,29,
2007,RS,3,30,254,MIL,PKNZ,"WATSON, TRAVIS",2FGM,Two Pointer,2,10,69,C,,,,17,04:00,37,29,
2007,RS,3,30,257,MAL,PAFJ,"KUS, DAVOR",3FGM,Three Pointer,3,-505,458,J,,,,18,03:00,37,32,
2007,RS,3,30,261,MIL,PKRD,"GALLINARI, DANILO",FTM,Free Throw In,1,-1,-1, ,,,,19,02:00,38,32,
2007,RS,3,30,262,MIL,PKRD,"GALLINARI, DANILO",FTM,Free Throw In,1,-1,-1, ,,,,19,02:00,39,32,
2007,RS,3,30,263,MAL,PBIM,"GABRIEL, GERMAN",2FGM,Two Pointer,2,551,12,B,,,,19,02:00,39,34,
2007,RS,3,30,264,MIL,PAUT,"VUKCEVIC, DUSAN",3FGA,Missed Three Pointer,0,569,361,A,,,,19,02:00,39,34,
2007,RS,3,30,274,MAL,PBIM,"GABRIEL, GERMAN",3FGM,Three Pointer,3,-164,646,J,,,,19,02:00,39,37,
2007,RS,3,30,277,MIL,PAHU,"BULLERI, MASSIMO",2FGA,Missed Two Pointer,0,71,43,C,,,,20,01:00,39,37,
2007,RS,3,30,281,MAL,PAWX,"CABEZAS, CARLOS",2FGA,Missed Two Pointer,0,141,128,C,,,,20,01:00,39,37,
2007,RS,3,30,283,MAL,PAAS,"JIMENEZ, CARLOS",2FGA,Missed Two Pointer,0,166,71,C,,,,20,01:00,39,37,
2007,RS,3,30,295,MIL,PKNZ,"WATSON, TRAVIS",2FGA,Missed Two Pointer,0,158,43,C,,,,21,10:00,39,37,
2007,RS,3,30,297,MIL,PLGS,"SESAY, ANSU",2FGAB,Missed Two Pointer,0,-92,33,D,,,,21,10:00,39,37,
2007,RS,3,30,301,MIL,PTEP,"GAINES, REECE",3FGA,Missed Three Pointer,0,-405,551,J,,,,21,10:00,39,37,
2007,RS,3,30,305,MIL,PKNZ,"WATSON, TRAVIS",2FGM,Two Pointer,2,-2,7,D,,,,21,10:00,41,37,
2007,RS,3,30,307,MAL,PTGE,"N'DONG, BONIFACE",2FGA,Missed Two Pointer,0,-82,30,D,,,,22,09:00,41,37,
2007,RS,3,30,309,MIL,PKRD,"GALLINARI, DANILO",2FGA,Missed Two Pointer,0,253,156,B,,,,22,09:00,41,37,
2007,RS,3,30,317,MAL,PAAS,"JIMENEZ, CARLOS",2FGM,Two Pointer,2,102,30,C,,,,22,09:00,41,39,
2007,RS,3,30,321,MIL,PKRD,"GALLINARI, DANILO",FTM,Free Throw In,1,-1,-1, ,,,,23,08:00,42,39,
2007,RS,3,30,324,MAL,PAWX,"CABEZAS, CARLOS",2FGA,Missed Two Pointer,0,323,25,B,,,,23,08:00,42,39,
2007,RS,3,30,326,MIL,PKRD,"GALLINARI, DANILO",2FGA,Missed Two Pointer,0,171,51,C,,,,23,08:00,42,39,
2007,RS,3,30,328,MAL,PAGQ,"WELSCH, JIRI",3FGM,Three Pointer,3,310,605,G,,,,23,08:00,42,42,
2007,RS,3,30,334,MIL,PKRD,"GALLINARI, DANILO",FTM,Free Throw In,1,-1,-1, ,,,,24,07:00,43,42,
2007,RS,3,30,335,MIL,PKRD,"GALLINARI, DANILO",FTM,Free Throw In,1,-1,-1, ,,,,24,07:00,44,42,
2007,RS,3,30,336,MAL,PTGE,"N'DONG, BONIFACE",2FGM,Two Pointer,2,320,51,B,,,,24,07:00,44,44,
2007,RS,3,30,340,MAL,PAWS,"RODRIGUEZ, BERNI",2FGA,Missed Two Pointer,0,74,38,C,,,,25,06:00,44,44,
2007,RS,3,30,342,MAL,PTGE,"N'DONG, BONIFACE",2FGM,Two Pointer,2,-7,10,D,,,,25,06:00,44,46,
2007,RS,3,30,343,MIL,PAUT,"VUKCEVIC, DUSAN",2FGA,Missed Two Pointer,0,2,228,D,,,,25,06:00,44,46,
2007,RS,3,30,350,MIL,PKRD,"GALLINARI, DANILO",2FGM,Two Pointer,2,138,28,C,,,,25,06:00,46,46,
2007,RS,3,30,354,MAL,PAWS,"RODRIGUEZ, BERNI",FTM,Free Throw In,1,-1,-1, ,,,,26,05:00,46,47,
2007,RS,3,30,355,MAL,PAWS,"RODRIGUEZ, BERNI",FTM,Free Throw In,1,-1,-1, ,,,,26,05:00,46,48,
2007,RS,3,30,356,MIL,PTEP,"GAINES, REECE",2FGAB,Missed Two Pointer,0,282,92,B,,,,26,05:00,46,48,
2007,RS,3,30,360,MAL,PTGE,"N'DONG, BONIFACE",2FGA,Missed Two Pointer,0,200,20,C,,,,26,05:00,46,48,
2007,RS,3,30,362,MIL,PTEP,"GAINES, REECE",2FGM,Two Pointer,2,417,361,B,,,,26,05:00,48,48,
2007,RS,3,30,371,MAL,PAWX,"CABEZAS, CARLOS",FTM,Free Throw In,1,-1,-1, ,,,,27,04:00,48,49,
2007,RS,3,30,372,MIL,PAUT,"VUKCEVIC, DUSAN",2FGA,Missed Two Pointer,0,-333,417,E,,,,27,04:00,48,49,
2007,RS,3,30,379,MIL,PKRD,"GALLINARI, DANILO",3FGA,Missed Three Pointer,0,530,448,G,,,,28,03:00,48,49,
2007,RS,3,30,381,MAL,PAWS,"RODRIGUEZ, BERNI",2FGA,Missed Two Pointer,0,-107,33,D,,,,28,03:00,48,49,
2007,RS,3,30,383,MAL,PAWX,"CABEZAS, CARLOS",2FGM,Two Pointer,2,41,61,C,,,,28,03:00,48,51,
2007,RS,3,30,392,MAL,PBOV,"POPOVIC, BOJAN",3FGA,Missed Three Pointer,0,-289,628,J,,,,29,02:00,48,51,
2007,RS,3,30,394,MIL,PKNZ,"WATSON, TRAVIS",2FGM,Two Pointer,2,87,41,C,,,,29,02:00,50,51,
2007,RS,3,30,399,MIL,PKRD,"GALLINARI, DANILO",3FGA,Missed Three Pointer,0,700,-41,A,,,,29,02:00,50,51,
2007,RS,3,30,402,MAL,PAAS,"JIMENEZ, CARLOS",3FGA,Missed Three Pointer,0,633,210,A,,,,30,01:00,50,51,
2007,RS,3,30,404,MIL,PAUT,"VUKCEVIC, DUSAN",2FGA,Missed Two Pointer,0,112,120,C,,,,30,01:00,50,51,
2007,RS,3,30,406,MAL,PBOV,"POPOVIC, BOJAN",2FGA,Missed Two Pointer,0,197,100,C,,,,30,01:00,50,51,
2007,RS,3,30,416,MAL,PBOV,"POPOVIC, BOJAN",2FGA,Missed Two Pointer,0,-69,53,D,,,,31,10:00,50,51,
2007,RS,3,30,418,MAL,PKML,"SANTIAGO, DANIEL",2FGM,Two Pointer,2,-64,48,D,,,,31,10:00,50,53,
2007,RS,3,30,419,MIL,PAUT,"VUKCEVIC, DUSAN",2FGM,Two Pointer,2,102,5,C,,,,31,10:00,52,53,
2007,RS,3,30,425,MIL,PAHU,"BULLERI, MASSIMO",3FGM,Three Pointer,3,692,-41,A,,,,31,10:00,55,53,
2007,RS,3,30,431,MIL,PTES,"GADSON, CHEYNE",2FGA,Missed Two Pointer,0,15,148,C,,,,32,09:00,55,53,
2007,RS,3,30,437,MAL,PAFJ,"KUS, DAVOR",FTM,Free Throw In,1,-1,-1, ,,,,32,09:00,55,54,
2007,RS,3,30,438,MAL,PAFJ,"KUS, DAVOR",FTM,Free Throw In,1,-1,-1, ,,,,32,09:00,55,55,
2007,RS,3,30,443,MAL,PKML,"SANTIAGO, DANIEL",2FGM,Two Pointer,2,130,107,C,,,,32,09:00,55,57,
2007,RS,3,30,445,MIL,PAHU,"BULLERI, MASSIMO",3FGA,Missed Three Pointer,0,320,594,G,,,,33,08:00,55,57,
2007,RS,3,30,460,MAL,PBIM,"GABRIEL, GERMAN",2FGM,Two Pointer,2,-323,-5,E,,,,33,08:00,55,59,
2007,RS,3,30,461,MIL,PLGS,"SESAY, ANSU",3FGA,Missed Three Pointer,0,356,582,G,,,,33,08:00,55,59,
2007,RS,3,30,466,MAL,PAFJ,"KUS, DAVOR",FTM,Free Throw In,1,-1,-1, ,,,,34,07:00,55,60,
2007,RS,3,30,467,MAL,PAFJ,"KUS, DAVOR",FTM,Free Throw In,1,-1,-1, ,,,,34,07:00,55,61,
2007,RS,3,30,478,MAL,PAWX,"CABEZAS, CARLOS",FTM,Free Throw In,1,-1,-1, ,,,,34,07:00,55,62,
2007,RS,3,30,481,MIL,PLGS,"SESAY, ANSU",2FGA,Missed Two Pointer,0,12,456,H,,,,34,07:00,55,62,
2007,RS,3,30,483,MAL,PBOV,"POPOVIC, BOJAN",3FGM,Three Pointer,3,-138,666,J,,,,34,07:00,55,65,
2007,RS,3,30,496,MAL,PAAS,"JIMENEZ, CARLOS",3FGM,Three Pointer,3,-669,130,F,,,,36,05:00,55,68,
2007,RS,3,30,501,MIL,PKNZ,"WATSON, TRAVIS",FTM,Free Throw In,1,-1,-1, ,,,,36,05:00,56,68,
2007,RS,3,30,502,MAL,PAFJ,"KUS, DAVOR",2FGA,Missed Two Pointer,0,-310,92,E,,,,36,05:00,56,68,
2007,RS,3,30,507,MAL,PAWX,"CABEZAS, CARLOS",3FGA,Missed Three Pointer,0,151,671,G,,,,37,04:00,56,68,
2007,RS,3,30,509,MIL,PLGS,"SESAY, ANSU",3FGA,Missed Three Pointer,0,43,684,G,,,,37,04:00,56,68,
2007,RS,3,30,511,MAL,PKML,"SANTIAGO, DANIEL",2FGM,Two Pointer,2,-117,25,D,,,,37,04:00,56,70,
2007,RS,3,30,518,MIL,PKRD,"GALLINARI, DANILO",FTM,Free Throw In,1,-1,-1, ,,,,38,03:00,57,70,
2007,RS,3,30,519,MIL,PKRD,"GALLINARI, DANILO",FTM,Free Throw In,1,-1,-1, ,,,,38,03:00,58,70,
2007,RS,3,30,525,MAL,PAAS,"JIMENEZ, CARLOS",FTM,Free Throw In,1,-1,-1, ,,,,38,03:00,58,71,
2007,RS,3,30,526,MIL,PKRD,"GALLINARI, DANILO",2FGA,Missed Two Pointer,0,-333,274,E,,,,38,03:00,58,71,
2007,RS,3,30,529,MIL,PKNZ,"WATSON, TRAVIS",2FGA,Missed Two Pointer,0,66,69,C,,,,39,02:00,58,71,
2007,RS,3,30,531,MIL,PKRD,"GALLINARI, DANILO",2FGA,Missed Two Pointer,0,-25,135,D,,,,39,02:00,58,71,
2007,RS,3,30,533,MIL,P000664,"KATELYNAS, MINDAUGAS",2FGM,Two Pointer,2,79,61,C,,,,39,02:00,60,71,
2007,RS,3,30,542,MIL,PKRD,"GALLINARI, DANILO",2FGA,Missed Two Pointer,0,23,102,C,,,,39,02:00,60,71,
2007,RS,3,30,544,MAL,PBOV,"POPOVIC, BOJAN",2FGA,Missed Two Pointer,0,458,97,B,,,,39,02:00,60,71,
2007,RS,3,30,546,MIL,PTEP,"GAINES, REECE",3FGA,Missed Three Pointer,0,-33,725,J,,,,39,02:00,60,71,
2007,RS,3,30,548,MIL,PKNZ,"WATSON, TRAVIS",2FGA,Missed Two Pointer,0,146,51,C,,,,39,02:00,60,71,
2007,RS,3,30,555,MAL,PAFJ,"KUS, DAVOR",FTM,Free Throw In,1,-1,-1, ,,,,40,01:00,60,72,
2007,RS,3,30,556,MAL,PAFJ,"KUS, DAVOR",FTM,Free Throw In,1,-1,-1, ,,,,40,01:00,60,73,
2007,RS,3,30,557,MIL,PAHU,"BULLERI, MASSIMO",3FGM,Three Pointer,3,494,466,G,,,,40,01:00,63,73,
2007,RS,3,30,562,MAL,PKML,"SANTIAGO, DANIEL",FTM,Free Throw In,1,-1,-1, ,,,,40,01:00,63,74,
2007,RS,3,30,563,MIL,PAHU,"BULLERI, MASSIMO",2FGM,Two Pointer,2,-176,364,D,,,,40,01:00,65,74,
2007,RS,3,31,6,TEL,PTFS,"FIZER, MARCUS",2FGM,Two Pointer,2,28,358,C,,,,1,10:00,2,0,
2007,RS,3,31,8,IST,PKOJ,"GREGORY, KENNY",2FGM,Two Pointer,2,64,369,C,,,,1,10:00,2,2,
2007,RS,3,31,9,TEL,PLGD,"ELIYAHU, LIOR",2FGA,Missed Two Pointer,0,-30,192,D,,,,1,10:00,2,2,
2007,RS,3,31,12,IST,PAWN,"GONLUM, KEREM",2FGM,Two Pointer,2,-10,25,D,,,,1,10:00,2,4,
2007,RS,3,31,14,TEL,PTFS,"FIZER, MARCUS",2FGM,Two Pointer,2,23,97,C,,,,1,10:00,4,4,
2007,RS,3,31,15,IST,PKOJ,"GREGORY, KENNY",2FGA,Missed Two Pointer,0,-130,100,D,,,,1,10:00,4,4,
2007,RS,3,31,17,TEL,PTFS,"FIZER, MARCUS",3FGA,Missed Three Pointer,0,-33,692,J,,,,1,10:00,4,4,
2007,RS,3,31,19,IST,PTFG,"WOODS, LOREN",2FGA,Missed Two Pointer,0,-5,392,D,,,,1,10:00,4,4,
2007,RS,3,31,29,TEL,PCQD,"CUMMINGS, VONTEEGO",2FGA,Missed Two Pointer,0,10,394,C,,,,3,08:00,4,4,
2007,RS,3,31,31,IST,PBXD,"PENN, JAMES",3FGA,Missed Three Pointer,0,-79,692,J,,,,3,08:00,4,4,
2007,RS,3,31,40,IST,PKNG,"NICHOLAS, ANDREW",2FGM,Two Pointer,2,-130,64,D,,,,4,07:00,4,6,
2007,RS,3,31,43,IST,PKNG,"NICHOLAS, ANDREW",FTM,Free Throw In,1,-1,-1, ,,,,4,07:00,4,7,
2007,RS,3,31,45,TEL,PLGD,"ELIYAHU, LIOR",2FGM,Two Pointer,2,12,123,C,,,,4,07:00,6,7,
2007,RS,3,31,48,IST,PKCH,"HUTSON, ANDRE",FTM,Free Throw In,1,-1,-1, ,,,,4,07:00,6,8,
2007,RS,3,31,49,IST,PKCH,"HUTSON, ANDRE",FTM,Free Throw In,1,-1,-1, ,,,,4,07:00,6,9,
2007,RS,3,31,51,TEL,PLGD,"ELIYAHU, LIOR",2FGM,Two Pointer,2,-2,69,D,,,,4,07:00,8,9,
2007,RS,3,31,53,IST,PBXD,"PENN, JAMES",3FGA,Missed Three Pointer,0,-23,712,J,,,,5,06:00,8,9,
2007,RS,3,31,57,TEL,PLFR,"BYNUM, WILL",3FGM,Three Pointer,3,56,687,G,,,,5,06:00,11,9,
2007,RS,3,31,59,IST,PKCH,"HUTSON, ANDRE",2FGM,Two Pointer,2,-430,69,E,,,,5,06:00,11,11,
2007,RS,3,31,63,IST,PBKM,"KUQO, ERMAL",2FGA,Missed Two Pointer,0,-112,182,D,,,,6,05:00,11,11,
2007,RS,3,31,65,IST,PKOJ,"GREGORY, KENNY",2FGM,Two Pointer,2,-53,30,D,,,,6,05:00,11,13,
2007,RS,3,31,70,TEL,PLGD,"ELIYAHU, LIOR",FTM,Free Throw In,1,-1,-1, ,,,,6,05:00,12,13,
2007,RS,3,31,72,IST,PBDQ,"ERDOGAN, SERKAN",2FGA,Missed Two Pointer,0,-448,-46,E,,,,6,05:00,12,13,
2007,RS,3,31,78,TEL,PLGD,"ELIYAHU, LIOR",2FGM,Two Pointer,2,128,69,C,,,,6,05:00,14,13,
2007,RS,3,31,80,TEL,PCQD,"CUMMINGS, VONTEEGO",2FGM,Two Pointer,2,17,441,H,,,,6,05:00,16,13,
2007,RS,3,31,82,IST,PARN,"ARSLAN, ENDER",2FGA,Missed Two Pointer,0,25,446,H,,,,7,04:00,16,13,
2007,RS,3,31,88,TEL,PLTS,"MORRIS, TERENCE",2FGA,Missed Two Pointer,0,400,66,B,,,,7,04:00,16,13,
2007,RS,3,31,97,IST,PARN,"ARSLAN, ENDER",FTM,Free Throw In,1,-1,-1, ,,,,8,03:00,16,14,
2007,RS,3,31,105,IST,PKCH,"HUTSON, ANDRE",2FGM,Two Pointer,2,-415,-79,E,,,,9,02:00,16,16,
2007,RS,3,31,106,TEL,PLFR,"BYNUM, WILL",3FGA,Missed Three Pointer,0,110,666,G,,,,9,02:00,16,16,
2007,RS,3,31,108,IST,PBDQ,"ERDOGAN, SERKAN",2FGA,Missed Two Pointer,0,-441,53,E,,,,9,02:00,16,16,
2007,RS,3,31,112,IST,PKOJ,"GREGORY, KENNY",2FGA,Missed Two Pointer,0,-389,64,E,,,,9,02:00,16,16,
2007,RS,3,31,119,TEL,PAOU,"SHARP, DERRICK",2FGM,Two Pointer,2,71,100,C,,,,10,01:00,18,16,
2007,RS,3,31,122,IST,PARN,"ARSLAN, ENDER",2FGA,Missed Two Pointer,0,-128,125,D,,,,10,01:00,18,16,
2007,RS,3,31,124,IST,PKCH,"HUTSON, ANDRE",2FGM,Two Pointer,2,-53,46,D,,,,10,01:00,18,18,
2007,RS,3,31,132,TEL,PTFS,"FIZER, MARCUS",2FGA,Missed Two Pointer,0,38,43,C,,,,12,09:00,18,18,
2007,RS,3,31,136,TEL,PLTS,"MORRIS, TERENCE",2FGA,Missed Two Pointer,0,133,-46,C,,,,12,09:00,18,18,
2007,RS,3,31,137,TEL,PLTS,"MORRIS, TERENCE",2FGM,Two Pointer,2,141,-12,C,,,,12,09:00,20,18,
2007,RS,3,31,141,TEL,PLTS,"MORRIS, TERENCE",2FGM,Two Pointer,2,25,282,C,,,,12,09:00,22,18,
2007,RS,3,31,149,IST,PKCH,"HUTSON, ANDRE",FTM,Free Throw In,1,-1,-1, ,,,,12,09:00,22,19,
2007,RS,3,31,150,IST,PKCH,"HUTSON, ANDRE",FTM,Free Throw In,1,-1,-1, ,,,,12,09:00,22,20,
2007,RS,3,31,151,IST,PKCH,"HUTSON, ANDRE",FTM,Free Throw In,1,-1,-1, ,,,,12,09:00,22,21,
2007,RS,3,31,152,IST,PKCH,"HUTSON, ANDRE",FTM,Free Throw In,1,-1,-1, ,,,,12,09:00,22,22,
2007,RS,3,31,158,TEL,PDHD,"BATISTA, ESTEBAN",2FGM,Two Pointer,2,48,15,C,,,,13,08:00,24,22,
2007,RS,3,31,160,IST,PKNG,"NICHOLAS, ANDREW",2FGA,Missed Two Pointer,0,-158,423,D,,,,13,08:00,24,22,
2007,RS,3,31,177,IST,PTFG,"WOODS, LOREN",2FGA,Missed Two Pointer,0,-79,97,D,,,,13,08:00,24,22,
2007,RS,3,31,183,TEL,PAOU,"SHARP, DERRICK",3FGM,Three Pointer,3,-541,405,F,,,,14,07:00,27,22,
2007,RS,3,31,186,IST,PBKM,"KUQO, ERMAL",2FGA,Missed Two Pointer,0,-43,56,D,,,,14,07:00,27,22,
2007,RS,3,31,188,TEL,PLGD,"ELIYAHU, LIOR",2FGM,Two Pointer,2,-5,82,D,,,,14,07:00,29,22,
2007,RS,3,31,193,IST,PKNG,"NICHOLAS, ANDREW",3FGA,Missed Three Pointer,0,684,5,A,,,,15,06:00,29,22,
2007,RS,3,31,195,TEL,PAOZ,"HALPERIN, YOTAM",2FGA,Missed Two Pointer,0,-48,335,D,,,,15,06:00,29,22,
2007,RS,3,31,199,IST,PKCH,"HUTSON, ANDRE",FTM,Free Throw In,1,-1,-1, ,,,,15,06:00,29,23,
2007,RS,3,31,200,IST,PKCH,"HUTSON, ANDRE",FTM,Free Throw In,1,-1,-1, ,,,,15,06:00,29,24,
2007,RS,3,31,205,TEL,PLFR,"BYNUM, WILL",3FGA,Missed Three Pointer,0,-697,-38,F,,,,15,06:00,29,24,
2007,RS,3,31,207,IST,PKNG,"NICHOLAS, ANDREW",3FGA,Missed Three Pointer,0,-666,248,F,,,,15,06:00,29,24,
2007,RS,3,31,210,TEL,PAOU,"SHARP, DERRICK",2FGA,Missed Two Pointer,0,-33,225,D,,,,15,06:00,29,24,
2007,RS,3,31,213,IST,PKCH,"HUTSON, ANDRE",2FGM,Two Pointer,2,-2,48,D,,,,15,06:00,29,26,
2007,RS,3,31,214,TEL,PLGD,"ELIYAHU, LIOR",2FGA,Missed Two Pointer,0,5,197,C,,,,15,06:00,29,26,
2007,RS,3,31,217,IST,PBKM,"KUQO, ERMAL",3FGM,Three Pointer,3,79,707,G,,,,15,06:00,29,29,
2007,RS,3,31,220,TEL,PDHD,"BATISTA, ESTEBAN",2FGM,Two Pointer,2,41,69,C,,,,17,04:00,31,29,
2007,RS,3,31,226,TEL,PJFO,"CASSPI, OMRI",3FGA,Missed Three Pointer,0,-653,217,F,,,,17,04:00,31,29,
2007,RS,3,31,234,IST,PKOJ,"GREGORY, KENNY",2FGM,Two Pointer,2,-10,48,D,,,,17,04:00,31,31,
2007,RS,3,31,235,TEL,PJFO,"CASSPI, OMRI",2FGM,Two Pointer,2,71,74,C,,,,17,04:00,33,31,
2007,RS,3,31,237,IST,PKOJ,"GREGORY, KENNY",2FGA,Missed Two Pointer,0,-217,361,E,,,,18,03:00,33,31,
2007,RS,3,31,239,IST,PKCH,"HUTSON, ANDRE",FTM,Free Throw In,1,-1,-1, ,,,,18,03:00,33,32,
2007,RS,3,31,240,IST,PKCH,"HUTSON, ANDRE",FTM,Free Throw In,1,-1,-1, ,,,,18,03:00,33,33,
2007,RS,3,31,253,TEL,PLFR,"BYNUM, WILL",2FGA,Missed Two Pointer,0,179,-28,C,,,,19,02:00,33,33,
2007,RS,3,31,255,IST,PKCH,"HUTSON, ANDRE",2FGA,Missed Two Pointer,0,-307,105,E,,,,19,02:00,33,33,
2007,RS,3,31,257,TEL,PAOU,"SHARP, DERRICK",2FGA,Missed Two Pointer,0,169,38,C,,,,19,02:00,33,33,
2007,RS,3,31,261,TEL,PAOU,"SHARP, DERRICK",2FGA,Missed Two Pointer,0,41,10,C,,,,19,02:00,33,33,
2007,RS,3,31,263,TEL,PJFO,"CASSPI, OMRI",2FGM,Two Pointer,2,35,61,C,,,,19,02:00,35,33,
2007,RS,3,31,264,IST,PKOJ,"GREGORY, KENNY",2FGM,Two Pointer,2,-105,33,D,,,,19,02:00,35,35,
2007,RS,3,31,270,TEL,PLFR,"BYNUM, WILL",FTM,Free Throw In,1,-1,-1, ,,,,20,01:00,36,35,
2007,RS,3,31,273,TEL,PAOU,"SHARP, DERRICK",3FGA,Missed Three Pointer,0,-679,-84,F,,,,20,01:00,36,35,
2007,RS,3,31,286,IST,PKCH,"HUTSON, ANDRE",2FGA,Missed Two Pointer,0,-115,69,D,,,,21,10:00,36,35,
2007,RS,3,31,290,TEL,PLFR,"BYNUM, WILL",2FGM,Two Pointer,2,35,56,C,,,,21,10:00,38,35,
2007,RS,3,31,291,IST,PKCH,"HUTSON, ANDRE",2FGA,Missed Two Pointer,0,-82,135,D,,,,21,10:00,38,35,
2007,RS,3,31,294,TEL,PDHD,"BATISTA, ESTEBAN",2FGM,Two Pointer,2,56,69,C,,,,21,10:00,40,35,
2007,RS,3,31,298,IST,PKCH,"HUTSON, ANDRE",2FGA,Missed Two Pointer,0,-92,225,D,,,,21,10:00,40,35,
2007,RS,3,31,306,TEL,PLGD,"ELIYAHU, LIOR",FTM,Free Throw In,1,-1,-1, ,,,,22,09:00,41,35,
2007,RS,3,31,307,IST,PKOJ,"GREGORY, KENNY",2FGM,Two Pointer,2,-392,100,E,,,,22,09:00,41,37,
2007,RS,3,31,309,TEL,PDHD,"BATISTA, ESTEBAN",2FGA,Missed Two Pointer,0,153,82,C,,,,22,09:00,41,37,
2007,RS,3,31,311,IST,PKNG,"NICHOLAS, ANDREW",3FGA,Missed Three Pointer,0,538,458,G,,,,22,09:00,41,37,
2007,RS,3,31,312,TEL,PCQD,"CUMMINGS, VONTEEGO",3FGA,Missed Three Pointer,0,335,605,G,,,,22,09:00,41,37,
2007,RS,3,31,323,IST,PKNG,"NICHOLAS, ANDREW",2FGM,Two Pointer,2,-87,341,D,,,,24,07:00,41,39,
2007,RS,3,31,324,TEL,PLGD,"ELIYAHU, LIOR",2FGA,Missed Two Pointer,0,0,243,D,,,,24,07:00,41,39,
2007,RS,3,31,326,TEL,PLTS,"MORRIS, TERENCE",2FGM,Two Pointer,2,51,43,C,,,,24,07:00,43,39,
2007,RS,3,31,327,IST,PTFG,"WOODS, LOREN",2FGM,Two Pointer,2,-10,38,D,,,,24,07:00,43,41,
2007,RS,3,31,330,IST,PTFG,"WOODS, LOREN",FTM,Free Throw In,1,-1,-1, ,,,,24,07:00,43,42,
2007,RS,3,31,333,IST,PKNG,"NICHOLAS, ANDREW",2FGM,Two Pointer,2,-20,64,D,,,,24,07:00,43,44,
2007,RS,3,31,341,TEL,PBES,"BLUTHENTHAL, DAVID",3FGA,Missed Three Pointer,0,-597,323,F,,,,25,06:00,43,44,
2007,RS,3,31,343,IST,PKNG,"NICHOLAS, ANDREW",2FGM,Two Pointer,2,-2,243,D,,,,25,06:00,43,46,
2007,RS,3,31,346,TEL,PTFS,"FIZER, MARCUS",FTM,Free Throw In,1,-1,-1, ,,,,25,06:00,44,46,
2007,RS,3,31,349,IST,PTFG,"WOODS, LOREN",2FGM,Two Pointer,2,7,102,C,,,,25,06:00,44,48,
2007,RS,3,31,351,TEL,PTFS,"FIZER, MARCUS",2FGM,Two Pointer,2,-2,110,D,,,,25,06:00,46,48,
2007,RS,3,31,353,IST,PKOJ,"GREGORY, KENNY",2FGA,Missed Two Pointer,0,53,433,H,,,,25,06:00,46,48,
2007,RS,3,31,355,TEL,PTFS,"FIZER, MARCUS",2FGA,Missed Two Pointer,0,-187,74,D,,,,25,06:00,46,48,
2007,RS,3,31,357,IST,PKNG,"NICHOLAS, ANDREW",2FGM,Two Pointer,2,-94,56,D,,,,25,06:00,46,50,
2007,RS,3,31,363,TEL,PTFS,"FIZER, MARCUS",2FGA,Missed Two Pointer,0,71,48,C,,,,26,05:00,46,50,
2007,RS,3,31,364,TEL,PTFS,"FIZER, MARCUS",2FGAB,Missed Two Pointer,0,-12,66,D,,,,26,05:00,46,50,
2007,RS,3,31,372,IST,PAWN,"GONLUM, KEREM",2FGAB,Missed Two Pointer,0,46,102,C,,,,27,04:00,46,50,
2007,RS,3,31,377,IST,PTFG,"WOODS, LOREN",2FGM,Two Pointer,2,28,28,C,,,,27,04:00,46,52,
2007,RS,3,31,378,TEL,PAOZ,"HALPERIN, YOTAM",3FGA,Missed Three Pointer,0,-687,-51,F,,,,27,04:00,46,52,
2007,RS,3,31,380,IST,PBDQ,"ERDOGAN, SERKAN",3FGA,Missed Three Pointer,0,-689,123,F,,,,27,04:00,46,52,
2007,RS,3,31,385,IST,PBXD,"PENN, JAMES",2FGA,Missed Two Pointer,0,-230,164,D,,,,29,02:00,46,52,
2007,RS,3,31,388,TEL,PCQD,"CUMMINGS, VONTEEGO",2FGA,Missed Two Pointer,0,48,92,C,,,,29,02:00,46,52,
2007,RS,3,31,389,IST,PAWN,"GONLUM, KEREM",2FGAB,Missed Two Pointer,0,-66,115,D,,,,29,02:00,46,52,
2007,RS,3,31,393,IST,PBXD,"PENN, JAMES",3FGM,Three Pointer,3,564,448,G,,,,29,02:00,46,55,
2007,RS,3,31,400,TEL,PLTS,"MORRIS, TERENCE",FTM,Free Throw In,1,-1,-1, ,,,,30,01:00,47,55,
2007,RS,3,31,401,TEL,PLTS,"MORRIS, TERENCE",FTM,Free Throw In,1,-1,-1, ,,,,30,01:00,48,55,
2007,RS,3,31,404,IST,PAWN,"GONLUM, KEREM",2FGA,Missed Two Pointer,0,-128,228,D,,,,30,01:00,48,55,
2007,RS,3,31,406,TEL,PAOZ,"HALPERIN, YOTAM",2FGM,Two Pointer,2,92,125,C,,,,30,01:00,50,55,
2007,RS,3,31,415,TEL,PLGD,"ELIYAHU, LIOR",FTM,Free Throw In,1,-1,-1, ,,,,31,10:00,51,55,
2007,RS,3,31,418,IST,PKCH,"HUTSON, ANDRE",2FGA,Missed Two Pointer,0,-79,164,D,,,,31,10:00,51,55,
2007,RS,3,31,420,TEL,PDHD,"BATISTA, ESTEBAN",2FGAB,Missed Two Pointer,0,5,66,C,,,,31,10:00,51,55,
2007,RS,3,31,424,TEL,PAOU,"SHARP, DERRICK",3FGA,Missed Three Pointer,0,-651,164,F,,,,31,10:00,51,55,
2007,RS,3,31,428,IST,PBDQ,"ERDOGAN, SERKAN",3FGA,Missed Three Pointer,0,-146,728,J,,,,31,10:00,51,55,
2007,RS,3,31,431,TEL,PDHD,"BATISTA, ESTEBAN",2FGM,Two Pointer,2,64,76,C,,,,32,09:00,53,55,
2007,RS,3,31,434,IST,PKNG,"NICHOLAS, ANDREW",3FGA,Missed Three Pointer,0,602,366,A,,,,32,09:00,53,55,
2007,RS,3,31,438,IST,PKNG,"NICHOLAS, ANDREW",3FGA,Missed Three Pointer,0,553,512,G,,,,32,09:00,53,55,
2007,RS,3,31,442,TEL,PAOZ,"HALPERIN, YOTAM",2FGA,Missed Two Pointer,0,74,33,C,,,,32,09:00,53,55,
2007,RS,3,31,444,TEL,PDHD,"BATISTA, ESTEBAN",2FGM,Two Pointer,2,0,25,D,,,,32,09:00,55,55,
2007,RS,3,31,446,IST,PBXD,"PENN, JAMES",2FGA,Missed Two Pointer,0,-66,128,D,,,,33,08:00,55,55,
2007,RS,3,31,450,IST,PTFG,"WOODS, LOREN",2FGA,Missed Two Pointer,0,-76,61,D,,,,33,08:00,55,55,
2007,RS,3,31,452,TEL,PDHD,"BATISTA, ESTEBAN",2FGM,Two Pointer,2,38,53,C,,,,33,08:00,57,55,
2007,RS,3,31,460,IST,PKCH,"HUTSON, ANDRE",2FGM,Two Pointer,2,-74,66,D,,,,34,07:00,57,57,
2007,RS,3,31,462,TEL,PDHD,"BATISTA, ESTEBAN",2FGM,Two Pointer,2,61,107,C,,,,34,07:00,59,57,
2007,RS,3,31,464,IST,PKNG,"NICHOLAS, ANDREW",2FGA,Missed Two Pointer,0,25,384,C,,,,35,06:00,59,57,
2007,RS,3,31,466,TEL,PDHD,"BATISTA, ESTEBAN",2FGA,Missed Two Pointer,0,48,100,C,,,,35,06:00,59,57,
2007,RS,3,31,468,IST,PKNG,"NICHOLAS, ANDREW",3FGM,Three Pointer,3,505,715,G,,,,35,06:00,59,60,
2007,RS,3,31,470,TEL,PAOU,"SHARP, DERRICK",3FGM,Three Pointer,3,-692,205,F,,,,35,06:00,62,60,
2007,RS,3,31,473,IST,PTFG,"WOODS, LOREN",2FGA,Missed Two Pointer,0,17,215,C,,,,36,05:00,62,60,
2007,RS,3,31,474,TEL,PDHD,"BATISTA, ESTEBAN",2FGAB,Missed Two Pointer,0,76,271,C,,,,36,05:00,62,60,
2007,RS,3,31,478,IST,PTFG,"WOODS, LOREN",2FGM,Two Pointer,2,-48,66,D,,,,36,05:00,62,62,
2007,RS,3,31,489,TEL,PLFR,"BYNUM, WILL",FTM,Free Throw In,1,-1,-1, ,,,,36,05:00,63,62,
2007,RS,3,31,490,TEL,PLFR,"BYNUM, WILL",FTM,Free Throw In,1,-1,-1, ,,,,36,05:00,64,62,
2007,RS,3,31,492,IST,PAWN,"GONLUM, KEREM",2FGM,Two Pointer,2,-38,56,D,,,,37,04:00,64,64,
2007,RS,3,31,496,TEL,PLGD,"ELIYAHU, LIOR",FTM,Free Throw In,1,-1,-1, ,,,,37,04:00,65,64,
2007,RS,3,31,497,TEL,PLGD,"ELIYAHU, LIOR",FTM,Free Throw In,1,-1,-1, ,,,,37,04:00,66,64,
2007,RS,3,31,502,TEL,PLFR,"BYNUM, WILL",2FGM,Two Pointer,2,5,471,H,,,,37,04:00,68,64,
2007,RS,3,31,510,IST,PKNG,"NICHOLAS, ANDREW",2FGA,Missed Two Pointer,0,89,387,C,,,,38,03:00,68,64,
2007,RS,3,31,512,TEL,PAOU,"SHARP, DERRICK",3FGA,Missed Three Pointer,0,-587,410,F,,,,38,03:00,68,64,
2007,RS,3,31,513,IST,PBXD,"PENN, JAMES",2FGAB,Missed Two Pointer,0,256,141,B,,,,38,03:00,68,64,
2007,RS,3,31,518,IST,PKCH,"HUTSON, ANDRE",2FGA,Missed Two Pointer,0,-35,182,D,,,,38,03:00,68,64,
2007,RS,3,31,519,TEL,PLFR,"BYNUM, WILL",2FGA,Missed Two Pointer,0,10,92,C,,,,38,03:00,68,64,
2007,RS,3,31,524,IST,PKCH,"HUTSON, ANDRE",FTM,Free Throw In,1,-1,-1, ,,,,39,02:00,68,65,
2007,RS,3,31,528,TEL,PLTS,"MORRIS, TERENCE",3FGM,Three Pointer,3,264,651,G,,,,39,02:00,71,65,
2007,RS,3,31,534,IST,PBDQ,"ERDOGAN, SERKAN",3FGA,Missed Three Pointer,0,664,171,A,,,,40,01:00,71,65,
2007,RS,3,31,545,IST,PKOJ,"GREGORY, KENNY",FTM,Free Throw In,1,-1,-1, ,,,,40,01:00,71,66,
2007,RS,3,31,546,IST,PKOJ,"GREGORY, KENNY",FTM,Free Throw In,1,-1,-1, ,,,,40,01:00,71,67,
2007,RS,3,31,551,TEL,PCQD,"CUMMINGS, VONTEEGO",FTM,Free Throw In,1,-1,-1, ,,,,40,01:00,72,67,
2007,RS,3,31,552,TEL,PCQD,"CUMMINGS, VONTEEGO",FTM,Free Throw In,1,-1,-1, ,,,,40,01:00,73,67,
2007,RS,3,31,553,IST,PBXD,"PENN, JAMES",2FGA,Missed Two Pointer,0,-384,-5,E,,,,40,01:00,73,67,
2007,RS,3,31,555,TEL,PCQD,"CUMMINGS, VONTEEGO",3FGA,Missed Three Pointer,0,-569,515,J,,,,40,01:00,73,67,
2007,RS,3,32,2,LIE,PJRD,"NIELSEN, MATT",2FGM,Two Pointer,2,-2,-15,D,,,,1,10:00,0,2,
2007,RS,3,32,4,LEM,PKOH,"BATUM, NICOLAS",2FGA,Missed Two Pointer,0,56,12,C,,,,1,10:00,0,2,
2007,RS,3,32,6,LEM,PKZD,"CLANCY, SAMUEL",2FGA,Missed Two Pointer,0,7,46,C,,,,1,10:00,0,2,
2007,RS,3,32,8,LEM,PKZD,"CLANCY, SAMUEL",2FGM,Two Pointer,2,64,25,C,,,,1,10:00,2,2,
2007,RS,3,32,11,LIE,PKNS,"JOMANTAS, ARTURAS",2FGA,Missed Two Pointer,0,-92,38,D,,,,1,10:00,2,2,
2007,RS,3,32,13,LIE,PKNS,"JOMANTAS, ARTURAS",2FGAB,Missed Two Pointer,0,-79,17,D,,,,1,10:00,2,2,
2007,RS,3,32,16,LIE,PJZN,"PETRAVICIUS, MARIJONAS",2FGM,Two Pointer,2,-94,-28,D,,,,1,10:00,2,4,
2007,RS,3,32,18,LEM,PCHZ,"BOGDANOVIC, LUKA",2FGA,Missed Two Pointer,0,225,500,H,,,,1,10:00,2,4,
2007,RS,3,32,20,LEM,PTFK,"DIOT, ANTOINE",2FGM,Two Pointer,2,79,20,C,,,,1,10:00,4,4,
2007,RS,3,32,27,LEM,PCOB,"KOFFI, ALAIN",2FGM,Two Pointer,2,446,335,B,,,,3,08:00,6,4,
2007,RS,3,32,33,LEM,PKOH,"BATUM, NICOLAS",2FGA,Missed Two Pointer,0,10,246,C,,,,3,08:00,6,4,
2007,RS,3,32,40,LEM,PTFK,"DIOT, ANTOINE",3FGA,Missed Three Pointer,0,-597,317,F,,,,4,07:00,6,4,
2007,RS,3,32,42,LIE,PCOH,"PRICE, HOLLIS",3FGA,Missed Three Pointer,0,166,664,G,,,,4,07:00,6,4,
2007,RS,3,32,45,LIE,PJRD,"NIELSEN, MATT",3FGM,Three Pointer,3,343,582,G,,,,5,06:00,6,7,
2007,RS,3,32,47,LEM,PKZD,"CLANCY, SAMUEL",2FGM,Two Pointer,2,92,487,H,,,,5,06:00,8,7,
2007,RS,3,32,49,LIE,PKNS,"JOMANTAS, ARTURAS",2FGA,Missed Two Pointer,0,25,125,C,,,,5,06:00,8,7,
2007,RS,3,32,53,LIE,PCOH,"PRICE, HOLLIS",2FGM,Two Pointer,2,-69,30,D,,,,5,06:00,8,9,
2007,RS,3,32,55,LEM,PKOH,"BATUM, NICOLAS",2FGA,Missed Two Pointer,0,-387,0,E,,,,6,05:00,8,9,
2007,RS,3,32,59,LEM,PCOB,"KOFFI, ALAIN",2FGA,Missed Two Pointer,0,25,17,C,,,,6,05:00,8,9,
2007,RS,3,32,61,LIE,PJRD,"NIELSEN, MATT",2FGM,Two Pointer,2,-64,0,D,,,,6,05:00,8,11,
2007,RS,3,32,71,LIE,PBUU,"LUKAUSKIS, MINDAUGAS",2FGA,Missed Two Pointer,0,148,30,C,,,,7,04:00,8,11,
2007,RS,3,32,73,LEM,PCHZ,"BOGDANOVIC, LUKA",2FGM,Two Pointer,2,-315,151,E,,,,7,04:00,10,11,
2007,RS,3,32,74,LIE,PJZN,"PETRAVICIUS, MARIJONAS",2FGM,Two Pointer,2,53,7,C,,,,7,04:00,10,13,
2007,RS,3,32,76,LEM,PCOB,"KOFFI, ALAIN",2FGM,Two Pointer,2,-261,392,E,,,,7,04:00,12,13,
2007,RS,3,32,78,LIE,PCOH,"PRICE, HOLLIS",3FGM,Three Pointer,3,-648,148,F,,,,7,04:00,12,16,
2007,RS,3,32,85,LEM,PKZD,"CLANCY, SAMUEL",FTM,Free Throw In,1,-1,-1, ,,,,8,03:00,13,16,
2007,RS,3,32,97,LIE,PJRD,"NIELSEN, MATT",FTM,Free Throw In,1,-1,-1, ,,,,9,02:00,13,17,
2007,RS,3,32,98,LIE,PJRD,"NIELSEN, MATT",FTM,Free Throw In,1,-1,-1, ,,,,9,02:00,13,18,
2007,RS,3,32,101,LEM,PTFJ,"RICCI, PHIL",2FGM,Two Pointer,2,-112,97,D,,,,9,02:00,15,18,
2007,RS,3,32,107,LEM,PTFJ,"RICCI, PHIL",FTM,Free Throw In,1,-1,-1, ,,,,9,02:00,16,18,
2007,RS,3,32,111,LIE,PBUU,"LUKAUSKIS, MINDAUGAS",FTM,Free Throw In,1,-1,-1, ,,,,10,01:00,16,19,
2007,RS,3,32,112,LIE,PBUU,"LUKAUSKIS, MINDAUGAS",FTM,Free Throw In,1,-1,-1, ,,,,10,01:00,16,20,
2007,RS,3,32,114,LIE,PCOH,"PRICE, HOLLIS",3FGM,Three Pointer,3,607,361,A,,,,10,01:00,16,23,
2007,RS,3,32,115,LEM,PDID,"LIMONAD, RAVIV",2FGA,Missed Two Pointer,0,-112,41,D,,,,10,01:00,16,23,
2007,RS,3,32,120,LIE,PLML,"BATISTA, JOAO PAULO",2FGA,Missed Two Pointer,0,-194,-7,D,,,,12,09:00,16,23,
2007,RS,3,32,126,LEM,PJMH,"BOGAVAC, NEBOJSA",3FGA,Missed Three Pointer,0,-500,458,J,,,,12,09:00,16,23,
2007,RS,3,32,132,LIE,PBUU,"LUKAUSKIS, MINDAUGAS",2FGM,Two Pointer,2,-125,48,D,,,,12,09:00,16,25,
2007,RS,3,32,135,LEM,PTFJ,"RICCI, PHIL",2FGM,Two Pointer,2,-10,10,D,,,,12,09:00,18,25,
2007,RS,3,32,137,LIE,PCOH,"PRICE, HOLLIS",3FGA,Missed Three Pointer,0,-353,576,J,,,,12,09:00,18,25,
2007,RS,3,32,139,LIE,PLML,"BATISTA, JOAO PAULO",2FGA,Missed Two Pointer,0,-97,-7,D,,,,12,09:00,18,25,
2007,RS,3,32,154,LIE,PLML,"BATISTA, JOAO PAULO",2FGM,Two Pointer,2,141,223,C,,,,13,08:00,18,27,
2007,RS,3,32,158,LEM,PKZD,"CLANCY, SAMUEL",2FGM,Two Pointer,2,82,25,C,,,,13,08:00,20,27,
2007,RS,3,32,163,LEM,PKZD,"CLANCY, SAMUEL",FTM,Free Throw In,1,-1,-1, ,,,,14,07:00,21,27,
2007,RS,3,32,167,LEM,PDID,"LIMONAD, RAVIV",FTM,Free Throw In,1,-1,-1, ,,,,14,07:00,22,27,
2007,RS,3,32,168,LEM,PDID,"LIMONAD, RAVIV",FTM,Free Throw In,1,-1,-1, ,,,,14,07:00,23,27,
2007,RS,3,32,169,LIE,PBUU,"LUKAUSKIS, MINDAUGAS",2FGM,Two Pointer,2,-238,341,E,,,,14,07:00,23,29,
2007,RS,3,32,170,LEM,PKZD,"CLANCY, SAMUEL",2FGM,Two Pointer,2,-151,38,D,,,,14,07:00,25,29,
2007,RS,3,32,173,LIE,PBUU,"LUKAUSKIS, MINDAUGAS",3FGM,Three Pointer,3,328,582,G,,,,15,06:00,25,32,
2007,RS,3,32,175,LEM,PKOH,"BATUM, NICOLAS",3FGA,Missed Three Pointer,0,-471,541,J,,,,15,06:00,25,32,
2007,RS,3,32,179,LEM,PDID,"LIMONAD, RAVIV",3FGA,Missed Three Pointer,0,664,-28,A,,,,15,06:00,25,32,
2007,RS,3,32,183,LEM,PJMH,"BOGAVAC, NEBOJSA",2FGM,Two Pointer,2,-61,20,D,,,,15,06:00,27,32,
2007,RS,3,32,191,LEM,PJMH,"BOGAVAC, NEBOJSA",FTM,Free Throw In,1,-1,-1, ,,,,16,05:00,28,32,
2007,RS,3,32,192,LIE,PTFL,"BAJRAMOVIC, KENAN",3FGA,Missed Three Pointer,0,-351,587,J,,,,16,05:00,28,32,
2007,RS,3,32,194,LEM,PTFJ,"RICCI, PHIL",3FGM,Three Pointer,3,420,592,G,,,,16,05:00,31,32,
2007,RS,3,32,199,LIE,PBUU,"LUKAUSKIS, MINDAUGAS",2FGM,Two Pointer,2,310,192,B,,,,16,05:00,31,34,
2007,RS,3,32,205,LEM,PTFJ,"RICCI, PHIL",FTM,Free Throw In,1,-1,-1, ,,,,17,04:00,32,34,
2007,RS,3,32,206,LEM,PTFJ,"RICCI, PHIL",FTM,Free Throw In,1,-1,-1, ,,,,17,04:00,33,34,
2007,RS,3,32,207,LIE,PTFL,"BAJRAMOVIC, KENAN",3FGA,Missed Three Pointer,0,-489,456,J,,,,17,04:00,33,34,
2007,RS,3,32,209,LIE,PLOC,"EIDSON, CHUCK",3FGM,Three Pointer,3,215,641,G,,,,17,04:00,33,37,
2007,RS,3,32,211,LEM,PJMH,"BOGAVAC, NEBOJSA",3FGA,Missed Three Pointer,0,382,582,G,,,,18,03:00,33,37,
2007,RS,3,32,214,LEM,PDID,"LIMONAD, RAVIV",2FGA,Missed Two Pointer,0,-194,110,D,,,,18,03:00,33,37,
2007,RS,3,32,220,LEM,PDID,"LIMONAD, RAVIV",FTM,Free Throw In,1,-1,-1, ,,,,18,03:00,34,37,
2007,RS,3,32,221,LEM,PDID,"LIMONAD, RAVIV",FTM,Free Throw In,1,-1,-1, ,,,,18,03:00,35,37,
2007,RS,3,32,226,LIE,PLML,"BATISTA, JOAO PAULO",2FGM,Two Pointer,2,-212,33,D,,,,18,03:00,35,39,
2007,RS,3,32,228,LEM,PJMH,"BOGAVAC, NEBOJSA",3FGA,Missed Three Pointer,0,643,12,A,,,,19,02:00,35,39,
2007,RS,3,32,230,LEM,PTFJ,"RICCI, PHIL",2FGM,Two Pointer,2,-128,43,D,,,,19,02:00,37,39,
2007,RS,3,32,232,LIE,PTFL,"BAJRAMOVIC, KENAN",2FGA,Missed Two Pointer,0,-230,548,I,,,,19,02:00,37,39,
2007,RS,3,32,235,LEM,PCHZ,"BOGDANOVIC, LUKA",3FGA,Missed Three Pointer,0,-243,638,J,,,,20,01:00,37,39,
2007,RS,3,32,237,LIE,PTFL,"BAJRAMOVIC, KENAN",3FGA,Missed Three Pointer,0,-328,551,J,,,,20,01:00,37,39,
2007,RS,3,32,239,LEM,PTFJ,"RICCI, PHIL",2FGA,Missed Two Pointer,0,-148,43,D,,,,20,01:00,37,39,
2007,RS,3,32,241,LEM,PTFJ,"RICCI, PHIL",2FGM,Two Pointer,2,-97,7,D,,,,20,01:00,39,39,
2007,RS,3,32,250,LEM,PKZD,"CLANCY, SAMUEL",2FGA,Missed Two Pointer,0,43,51,C,,,,21,10:00,39,39,
2007,RS,3,32,254,LIE,PJRD,"NIELSEN, MATT",FTM,Free Throw In,1,-1,-1, ,,,,21,10:00,39,40,
2007,RS,3,32,255,LIE,PJRD,"NIELSEN, MATT",FTM,Free Throw In,1,-1,-1, ,,,,21,10:00,39,41,
2007,RS,3,32,256,LEM,PCHZ,"BOGDANOVIC, LUKA",2FGM,Two Pointer,2,56,20,C,,,,21,10:00,41,41,
2007,RS,3,32,258,LIE,PBUU,"LUKAUSKIS, MINDAUGAS",2FGA,Missed Two Pointer,0,215,494,H,,,,21,10:00,41,41,
2007,RS,3,32,261,LIE,PCOH,"PRICE, HOLLIS",3FGA,Missed Three Pointer,0,666,-23,A,,,,21,10:00,41,41,
2007,RS,3,32,264,LEM,PTFJ,"RICCI, PHIL",2FGM,Two Pointer,2,-5,-7,D,,,,22,09:00,43,41,
2007,RS,3,32,267,LIE,PBUU,"LUKAUSKIS, MINDAUGAS",3FGA,Missed Three Pointer,0,630,274,A,,,,23,08:00,43,41,
2007,RS,3,32,274,LIE,PJRD,"NIELSEN, MATT",2FGM,Two Pointer,2,-97,28,D,,,,23,08:00,43,43,
2007,RS,3,32,275,LEM,PCHZ,"BOGDANOVIC, LUKA",3FGM,Three Pointer,3,561,361,A,,,,23,08:00,46,43,
2007,RS,3,32,278,LIE,PCOH,"PRICE, HOLLIS",3FGA,Missed Three Pointer,0,-671,-25,F,,,,24,07:00,46,43,
2007,RS,3,32,280,LEM,PCOC,"BOKOLO, YANNICK",3FGA,Missed Three Pointer,0,-305,612,J,,,,24,07:00,46,43,
2007,RS,3,32,282,LIE,PJRD,"NIELSEN, MATT",3FGA,Missed Three Pointer,0,187,684,G,,,,24,07:00,46,43,
2007,RS,3,32,285,LEM,PCHZ,"BOGDANOVIC, LUKA",2FGM,Two Pointer,2,-12,325,D,,,,24,07:00,48,43,
2007,RS,3,32,287,LIE,PLML,"BATISTA, JOAO PAULO",2FGA,Missed Two Pointer,0,56,41,C,,,,25,06:00,48,43,
2007,RS,3,32,296,LEM,PCOC,"BOKOLO, YANNICK",2FGM,Two Pointer,2,-7,12,D,,,,25,06:00,50,43,
2007,RS,3,32,297,LIE,PKNS,"JOMANTAS, ARTURAS",2FGM,Two Pointer,2,-71,20,D,,,,25,06:00,50,45,
2007,RS,3,32,304,LEM,PCOC,"BOKOLO, YANNICK",3FGA,Missed Three Pointer,0,241,617,G,,,,26,05:00,50,45,
2007,RS,3,32,308,LEM,PTFJ,"RICCI, PHIL",2FGM,Two Pointer,2,-12,5,D,,,,26,05:00,52,45,
2007,RS,3,32,310,LIE,PKNS,"JOMANTAS, ARTURAS",2FGA,Missed Two Pointer,0,58,48,C,,,,26,05:00,52,45,
2007,RS,3,32,319,LIE,PJZN,"PETRAVICIUS, MARIJONAS",FTM,Free Throw In,1,-1,-1, ,,,,27,04:00,52,46,
2007,RS,3,32,321,LIE,PJZN,"PETRAVICIUS, MARIJONAS",FTM,Free Throw In,1,-1,-1, ,,,,27,04:00,52,47,
2007,RS,3,32,322,LEM,PCHZ,"BOGDANOVIC, LUKA",3FGA,Missed Three Pointer,0,653,10,A,,,,27,04:00,52,47,
2007,RS,3,32,326,LIE,PJZN,"PETRAVICIUS, MARIJONAS",FTM,Free Throw In,1,-1,-1, ,,,,27,04:00,52,48,
2007,RS,3,32,328,LIE,PJZN,"PETRAVICIUS, MARIJONAS",FTM,Free Throw In,1,-1,-1, ,,,,27,04:00,52,49,
2007,RS,3,32,333,LEM,PCOC,"BOKOLO, YANNICK",FTM,Free Throw In,1,-1,-1, ,,,,28,03:00,53,49,
2007,RS,3,32,334,LIE,PJZN,"PETRAVICIUS, MARIJONAS",2FGA,Missed Two Pointer,0,66,35,C,,,,28,03:00,53,49,
2007,RS,3,32,336,LIE,PJZN,"PETRAVICIUS, MARIJONAS",2FGAB,Missed Two Pointer,0,84,28,C,,,,28,03:00,53,49,
2007,RS,3,32,339,LEM,PKOH,"BATUM, NICOLAS",2FGM,Two Pointer,2,-64,-17,D,,,,28,03:00,55,49,
2007,RS,3,32,341,LIE,PCOH,"PRICE, HOLLIS",3FGM,Three Pointer,3,284,612,G,,,,28,03:00,55,52,
2007,RS,3,32,349,LIE,PLOC,"EIDSON, CHUCK",FTM,Free Throw In,1,-1,-1, ,,,,29,02:00,55,53,
2007,RS,3,32,350,LIE,PLOC,"EIDSON, CHUCK",FTM,Free Throw In,1,-1,-1, ,,,,29,02:00,55,54,
2007,RS,3,32,351,LEM,PKZD,"CLANCY, SAMUEL",2FGM,Two Pointer,2,297,41,B,,,,29,02:00,57,54,
2007,RS,3,32,352,LIE,PTFL,"BAJRAMOVIC, KENAN",2FGA,Missed Two Pointer,0,76,12,C,,,,29,02:00,57,54,
2007,RS,3,32,358,LIE,PLOC,"EIDSON, CHUCK",FTM,Free Throw In,1,-1,-1, ,,,,29,02:00,57,55,
2007,RS,3,32,359,LIE,PLOC,"EIDSON, CHUCK",FTM,Free Throw In,1,-1,-1, ,,,,29,02:00,57,56,
2007,RS,3,32,362,LEM,PCHZ,"BOGDANOVIC, LUKA",3FGM,Three Pointer,3,-656,15,F,,,,29,02:00,60,56,
2007,RS,3,32,364,LIE,PJZN,"PETRAVICIUS, MARIJONAS",2FGM,Two Pointer,2,35,28,C,,,,29,02:00,60,58,
2007,RS,3,32,366,LEM,PCOB,"KOFFI, ALAIN",2FGA,Missed Two Pointer,0,-315,97,E,,,,29,02:00,60,58,
2007,RS,3,32,371,LIE,PLOC,"EIDSON, CHUCK",2FGA,Missed Two Pointer,0,-282,471,I,,,,31,10:00,60,58,
2007,RS,3,32,373,LEM,PDID,"LIMONAD, RAVIV",3FGM,Three Pointer,3,-274,602,J,,,,31,10:00,63,58,
2007,RS,3,32,378,LIE,PKNS,"JOMANTAS, ARTURAS",2FGM,Two Pointer,2,-51,23,D,,,,31,10:00,63,60,
2007,RS,3,32,379,LEM,PDID,"LIMONAD, RAVIV",2FGM,Two Pointer,2,-333,400,E,,,,31,10:00,65,60,
2007,RS,3,32,381,LIE,PLOC,"EIDSON, CHUCK",2FGM,Two Pointer,2,476,125,B,,,,32,09:00,65,62,
2007,RS,3,32,383,LEM,PCOB,"KOFFI, ALAIN",2FGA,Missed Two Pointer,0,510,76,B,,,,32,09:00,65,62,
2007,RS,3,32,385,LIE,PCOH,"PRICE, HOLLIS",2FGM,Two Pointer,2,123,66,C,,,,32,09:00,65,64,
2007,RS,3,32,386,LEM,PDID,"LIMONAD, RAVIV",2FGA,Missed Two Pointer,0,-38,123,D,,,,32,09:00,65,64,
2007,RS,3,32,396,LEM,PDID,"LIMONAD, RAVIV",2FGM,Two Pointer,2,-97,0,D,,,,33,08:00,67,64,
2007,RS,3,32,398,LIE,PCOH,"PRICE, HOLLIS",2FGM,Two Pointer,2,66,28,C,,,,33,08:00,67,66,
2007,RS,3,32,400,LEM,PKOH,"BATUM, NICOLAS",2FGM,Two Pointer,2,451,289,B,,,,34,07:00,69,66,
2007,RS,3,32,403,LEM,PTFJ,"RICCI, PHIL",3FGA,Missed Three Pointer,0,125,656,G,,,,35,06:00,69,66,
2007,RS,3,32,405,LIE,PCOH,"PRICE, HOLLIS",3FGM,Three Pointer,3,269,625,G,,,,35,06:00,69,69,
2007,RS,3,32,410,LEM,PDID,"LIMONAD, RAVIV",3FGM,Three Pointer,3,612,215,A,,,,35,06:00,72,69,
2007,RS,3,32,412,LIE,PCOH,"PRICE, HOLLIS",3FGM,Three Pointer,3,569,389,A,,,,35,06:00,72,72,
2007,RS,3,32,418,LEM,PTFJ,"RICCI, PHIL",2FGA,Missed Two Pointer,0,300,510,H,,,,36,05:00,72,72,
2007,RS,3,32,420,LEM,PKOH,"BATUM, NICOLAS",3FGA,Missed Three Pointer,0,-315,569,J,,,,36,05:00,72,72,
2007,RS,3,32,426,LIE,PBUU,"LUKAUSKIS, MINDAUGAS",3FGA,Missed Three Pointer,0,305,594,G,,,,36,05:00,72,72,
2007,RS,3,32,428,LEM,PTFJ,"RICCI, PHIL",2FGM,Two Pointer,2,-89,17,D,,,,36,05:00,74,72,
2007,RS,3,32,437,LIE,PKNS,"JOMANTAS, ARTURAS",FTM,Free Throw In,1,-1,-1, ,,,,38,03:00,74,73,
2007,RS,3,32,438,LEM,PKZD,"CLANCY, SAMUEL",2FGM,Two Pointer,2,-58,5,D,,,,38,03:00,76,73,
2007,RS,3,32,441,LIE,PJZN,"PETRAVICIUS, MARIJONAS",2FGM,Two Pointer,2,-15,23,D,,,,38,03:00,76,75,
2007,RS,3,32,448,LEM,PKZD,"CLANCY, SAMUEL",FTM,Free Throw In,1,-1,-1, ,,,,39,02:00,77,75,
2007,RS,3,32,454,LIE,PKNS,"JOMANTAS, ARTURAS",2FGM,Two Pointer,2,76,15,C,,,,39,02:00,77,77,
2007,RS,3,32,456,LEM,PDID,"LIMONAD, RAVIV",2FGA,Missed Two Pointer,0,-171,348,D,,,,39,02:00,77,77,
2007,RS,3,32,460,LIE,PCOH,"PRICE, HOLLIS",FTM,Free Throw In,1,-1,-1, ,,,,40,01:00,77,78,
2007,RS,3,32,461,LIE,PCOH,"PRICE, HOLLIS",FTM,Free Throw In,1,-1,-1, ,,,,40,01:00,77,79,
2007,RS,3,32,462,LIE,PJZN,"PETRAVICIUS, MARIJONAS",2FGM,Two Pointer,2,-64,23,D,,,,40,01:00,77,81,
2007,RS,3,32,470,LIE,PCOH,"PRICE, HOLLIS",FTM,Free Throw In,1,-1,-1, ,,,,40,01:00,77,82,
2007,RS,3,32,471,LIE,PCOH,"PRICE, HOLLIS",FTM,Free Throw In,1,-1,-1, ,,,,40,01:00,77,83,
2007,RS,3,32,474,LEM,PJMH,"BOGAVAC, NEBOJSA",2FGA,Missed Two Pointer,0,-123,17,D,,,,40,01:00,77,83,
2007,RS,3,32,476,LEM,PTFJ,"RICCI, PHIL",3FGA,Missed Three Pointer,0,515,420,A,,,,40,01:00,77,83,
2007,RS,3,33,2,ULK,PJYB,"ERDEN, SEMIH",2FGA,Missed Two Pointer,0,-46,187,D,,,,1,10:00,0,0,
2007,RS,3,33,7,ULK,PTHC,"WHITE, JAMES",3FGA,Missed Three Pointer,0,-628,187,F,,,,1,10:00,0,0,
2007,RS,3,33,10,ULK,PAYR,"TURKCAN, MIRSAD",2FGM,Two Pointer,2,-28,107,D,,,,1,10:00,2,0,
2007,RS,3,33,13,ROM,PKZA,"HAWKINS, DAVID",2FGA,Missed Two Pointer,0,-379,353,E,,,,1,10:00,2,0,
2007,RS,3,33,16,ROM,PJKN,"GABINI, ROBERTO",3FGA,Missed Three Pointer,0,-25,661,J,,,,2,09:00,2,0,
2007,RS,3,33,24,ULK,PCOS,"SOLOMON, WILLIE",FTM,Free Throw In,1,-1,-1, ,,,,2,09:00,3,0,
2007,RS,3,33,25,ULK,PCOS,"SOLOMON, WILLIE",FTM,Free Throw In,1,-1,-1, ,,,,2,09:00,4,0,
2007,RS,3,33,33,ULK,PAYR,"TURKCAN, MIRSAD",3FGM,Three Pointer,3,-520,423,F,,,,3,08:00,7,0,
2007,RS,3,33,35,ROM,PCJA,"UKIC, ROKO-LENI",2FGM,Two Pointer,2,348,2,B,,,,3,08:00,7,2,
2007,RS,3,33,38,ULK,PJYB,"ERDEN, SEMIH",2FGM,Two Pointer,2,2,5,D,,,,4,07:00,9,2,
2007,RS,3,33,42,ULK,PARO,"ONAN, OMER",2FGM,Two Pointer,2,-2,92,D,,,,4,07:00,11,2,
2007,RS,3,33,43,ROM,PBWL,"LORBEK, ERAZEM",2FGA,Missed Two Pointer,0,-341,35,E,,,,4,07:00,11,2,
2007,RS,3,33,44,ROM,PCCI,"TONOLLI, ALESSANDRO",3FGA,Missed Three Pointer,0,-230,638,J,,,,4,07:00,11,2,
2007,RS,3,33,47,ROM,PTFR,"RAY, ALLAN",2FGA,Missed Two Pointer,0,297,392,B,,,,5,06:00,11,2,
2007,RS,3,33,49,ULK,PAYR,"TURKCAN, MIRSAD",2FGA,Missed Two Pointer,0,369,48,B,,,,5,06:00,11,2,
2007,RS,3,33,51,ROM,PBWL,"LORBEK, ERAZEM",2FGM,Two Pointer,2,69,46,C,,,,5,06:00,11,4,
2007,RS,3,33,54,ULK,PARO,"ONAN, OMER",2FGM,Two Pointer,2,-251,351,E,,,,6,05:00,13,4,
2007,RS,3,33,59,ROM,PLUK,"STEFANSSON, JON",FTM,Free Throw In,1,-1,-1, ,,,,6,05:00,13,5,
2007,RS,3,33,60,ROM,PLUK,"STEFANSSON, JON",FTM,Free Throw In,1,-1,-1, ,,,,6,05:00,13,6,
2007,RS,3,33,61,ULK,PJYB,"ERDEN, SEMIH",2FGAB,Missed Two Pointer,0,92,33,C,,,,6,05:00,13,6,
2007,RS,3,33,65,ROM,PBWL,"LORBEK, ERAZEM",2FGA,Missed Two Pointer,0,-148,102,D,,,,6,05:00,13,6,
2007,RS,3,33,73,ROM,PLUK,"STEFANSSON, JON",2FGA,Missed Two Pointer,0,307,405,B,,,,7,04:00,13,6,
2007,RS,3,33,75,ULK,PJYB,"ERDEN, SEMIH",2FGM,Two Pointer,2,182,125,C,,,,7,04:00,15,6,
2007,RS,3,33,77,ROM,PADP,"FUCKA, GREGOR",2FGA,Missed Two Pointer,0,-38,133,D,,,,8,03:00,15,6,
2007,RS,3,33,79,ULK,PCOS,"SOLOMON, WILLIE",3FGA,Missed Three Pointer,0,505,461,G,,,,8,03:00,15,6,
2007,RS,3,33,81,ROM,PLUK,"STEFANSSON, JON",2FGM,Two Pointer,2,51,69,C,,,,8,03:00,15,8,
2007,RS,3,33,89,ULK,PAYR,"TURKCAN, MIRSAD",FTM,Free Throw In,1,-1,-1, ,,,,8,03:00,16,8,
2007,RS,3,33,92,ROM,PADP,"FUCKA, GREGOR",2FGM,Two Pointer,2,-453,353,E,,,,8,03:00,16,10,
2007,RS,3,33,94,ULK,PTHC,"WHITE, JAMES",2FGM,Two Pointer,2,10,-2,C,,,,9,02:00,18,10,
2007,RS,3,33,95,ROM,PCJA,"UKIC, ROKO-LENI",3FGA,Missed Three Pointer,0,-241,669,J,,,,9,02:00,18,10,
2007,RS,3,33,98,ULK,PJPF,"SAVAS, OGUZ",2FGM,Two Pointer,2,107,53,C,,,,10,01:00,20,10,
2007,RS,3,33,107,ROM,PLUK,"STEFANSSON, JON",2FGA,Missed Two Pointer,0,-464,138,E,,,,10,01:00,20,10,
2007,RS,3,33,109,ULK,PCOS,"SOLOMON, WILLIE",3FGA,Missed Three Pointer,0,102,669,G,,,,10,01:00,20,10,
2007,RS,3,33,115,ROM,PLUK,"STEFANSSON, JON",2FGA,Missed Two Pointer,0,64,66,C,,,,11,10:00,20,10,
2007,RS,3,33,121,ULK,PABI,"KUTLUAY, IBRAHIM",3FGA,Missed Three Pointer,0,-471,466,J,,,,11,10:00,20,10,
2007,RS,3,33,126,ROM,PTFR,"RAY, ALLAN",3FGM,Three Pointer,3,523,389,A,,,,11,10:00,20,13,
2007,RS,3,33,128,ULK,PABI,"KUTLUAY, IBRAHIM",2FGA,Missed Two Pointer,0,105,474,H,,,,12,09:00,20,13,
2007,RS,3,33,130,ROM,PTFR,"RAY, ALLAN",2FGA,Missed Two Pointer,0,-274,100,E,,,,12,09:00,20,13,
2007,RS,3,33,132,ULK,PCOS,"SOLOMON, WILLIE",3FGM,Three Pointer,3,-671,-7,F,,,,12,09:00,23,13,
2007,RS,3,33,134,ROM,PTFR,"RAY, ALLAN",2FGM,Two Pointer,2,-102,46,D,,,,12,09:00,23,15,
2007,RS,3,33,137,ROM,PTFR,"RAY, ALLAN",FTM,Free Throw In,1,-1,-1, ,,,,12,09:00,23,16,
2007,RS,3,33,145,ULK,PAYR,"TURKCAN, MIRSAD",3FGM,Three Pointer,3,-666,-66,F,,,,12,09:00,26,16,
2007,RS,3,33,146,ROM,PJKN,"GABINI, ROBERTO",3FGM,Three Pointer,3,-684,-7,F,,,,12,09:00,26,19,
2007,RS,3,33,149,ULK,PCOS,"SOLOMON, WILLIE",3FGA,Missed Three Pointer,0,225,646,G,,,,13,08:00,26,19,
2007,RS,3,33,151,ROM,PJKN,"GABINI, ROBERTO",3FGA,Missed Three Pointer,0,489,669,G,,,,13,08:00,26,19,
2007,RS,3,33,154,ULK,PLGA,"KAAN, DAMIR",3FGM,Three Pointer,3,-348,592,J,,,,14,07:00,29,19,
2007,RS,3,33,156,ROM,PTFR,"RAY, ALLAN",2FGAB,Missed Two Pointer,0,41,207,C,,,,14,07:00,29,19,
2007,RS,3,33,159,ROM,PKXO,"GIACHETTI, JACOPO",3FGA,Missed Three Pointer,0,-682,-23,F,,,,14,07:00,29,19,
2007,RS,3,33,170,ULK,PAYR,"TURKCAN, MIRSAD",FTM,Free Throw In,1,-1,-1, ,,,,14,07:00,30,19,
2007,RS,3,33,171,ULK,PAYR,"TURKCAN, MIRSAD",FTM,Free Throw In,1,-1,-1, ,,,,14,07:00,31,19,
2007,RS,3,33,182,ROM,PKZA,"HAWKINS, DAVID",2FGA,Missed Two Pointer,0,102,123,C,,,,15,06:00,31,19,
2007,RS,3,33,188,ULK,PLGA,"KAAN, DAMIR",FTM,Free Throw In,1,-1,-1, ,,,,15,06:00,32,19,
2007,RS,3,33,189,ULK,PLGA,"KAAN, DAMIR",FTM,Free Throw In,1,-1,-1, ,,,,15,06:00,33,19,
2007,RS,3,33,191,ROM,PCJA,"UKIC, ROKO-LENI",2FGM,Two Pointer,2,82,84,C,,,,15,06:00,33,21,
2007,RS,3,33,194,ROM,PCJA,"UKIC, ROKO-LENI",FTM,Free Throw In,1,-1,-1, ,,,,15,06:00,33,22,
2007,RS,3,33,195,ULK,PLGR,"BASAK, RASIM",3FGA,Missed Three Pointer,0,-546,435,J,,,,15,06:00,33,22,
2007,RS,3,33,197,ROM,PBWL,"LORBEK, ERAZEM",2FGM,Two Pointer,2,46,35,C,,,,15,06:00,33,24,
2007,RS,3,33,200,ULK,PJYB,"ERDEN, SEMIH",2FGA,Missed Two Pointer,0,102,30,C,,,,16,05:00,33,24,
2007,RS,3,33,207,ROM,PLUK,"STEFANSSON, JON",FTM,Free Throw In,1,-1,-1, ,,,,16,05:00,33,25,
2007,RS,3,33,208,ROM,PLUK,"STEFANSSON, JON",FTM,Free Throw In,1,-1,-1, ,,,,16,05:00,33,26,
2007,RS,3,33,209,ROM,PLUK,"STEFANSSON, JON",3FGA,Missed Three Pointer,0,558,428,G,,,,16,05:00,33,26,
2007,RS,3,33,215,ROM,PBWL,"LORBEK, ERAZEM",2FGA,Missed Two Pointer,0,53,94,C,,,,17,04:00,33,26,
2007,RS,3,33,218,ULK,PABI,"KUTLUAY, IBRAHIM",2FGM,Two Pointer,2,10,135,C,,,,17,04:00,35,26,
2007,RS,3,33,219,ROM,PCJA,"UKIC, ROKO-LENI",2FGA,Missed Two Pointer,0,-110,76,D,,,,17,04:00,35,26,
2007,RS,3,33,221,ROM,PBWL,"LORBEK, ERAZEM",2FGM,Two Pointer,2,-66,69,D,,,,17,04:00,35,28,
2007,RS,3,33,223,ULK,PABI,"KUTLUAY, IBRAHIM",2FGA,Missed Two Pointer,0,-451,343,E,,,,18,03:00,35,28,
2007,RS,3,33,232,ULK,PJYB,"ERDEN, SEMIH",FTM,Free Throw In,1,-1,-1, ,,,,18,03:00,36,28,
2007,RS,3,33,235,ULK,PJYB,"ERDEN, SEMIH",2FGM,Two Pointer,2,30,135,C,,,,18,03:00,38,28,
2007,RS,3,33,237,ROM,PTFR,"RAY, ALLAN",2FGA,Missed Two Pointer,0,-112,51,D,,,,19,02:00,38,28,
2007,RS,3,33,239,ROM,PKZA,"HAWKINS, DAVID",2FGM,Two Pointer,2,58,69,C,,,,19,02:00,38,30,
2007,RS,3,33,244,ULK,PJYB,"ERDEN, SEMIH",FTM,Free Throw In,1,-1,-1, ,,,,19,02:00,39,30,
2007,RS,3,33,245,ROM,PKZA,"HAWKINS, DAVID",2FGA,Missed Two Pointer,0,-228,51,D,,,,19,02:00,39,30,
2007,RS,3,33,247,ULK,PCOS,"SOLOMON, WILLIE",3FGA,Missed Three Pointer,0,-225,628,J,,,,19,02:00,39,30,
2007,RS,3,33,250,ROM,PCJA,"UKIC, ROKO-LENI",2FGA,Missed Two Pointer,0,-146,84,D,,,,20,01:00,39,30,
2007,RS,3,33,253,ROM,PADP,"FUCKA, GREGOR",2FGM,Two Pointer,2,-51,117,D,,,,20,01:00,39,32,
2007,RS,3,33,258,ULK,PCOS,"SOLOMON, WILLIE",FTM,Free Throw In,1,-1,-1, ,,,,20,01:00,40,32,
2007,RS,3,33,262,ROM,PBWL,"LORBEK, ERAZEM",2FGM,Two Pointer,2,325,-7,B,,,,20,01:00,40,34,
2007,RS,3,33,267,ULK,PCOS,"SOLOMON, WILLIE",2FGM,Two Pointer,2,71,530,H,,,,20,01:00,42,34,
2007,RS,3,33,274,ULK,PABI,"KUTLUAY, IBRAHIM",2FGM,Two Pointer,2,-287,289,E,,,,21,10:00,44,34,
2007,RS,3,33,275,ROM,PJKN,"GABINI, ROBERTO",3FGA,Missed Three Pointer,0,-592,353,F,,,,21,10:00,44,34,
2007,RS,3,33,277,ROM,PKZA,"HAWKINS, DAVID",3FGA,Missed Three Pointer,0,-620,317,F,,,,21,10:00,44,34,
2007,RS,3,33,284,ULK,PABI,"KUTLUAY, IBRAHIM",2FGM,Two Pointer,2,-43,112,D,,,,22,09:00,46,34,
2007,RS,3,33,287,ULK,PAYR,"TURKCAN, MIRSAD",2FGM,Two Pointer,2,-87,69,D,,,,22,09:00,48,34,
2007,RS,3,33,288,ROM,PLUK,"STEFANSSON, JON",2FGA,Missed Two Pointer,0,-448,0,E,,,,22,09:00,48,34,
2007,RS,3,33,294,ULK,PAYR,"TURKCAN, MIRSAD",2FGA,Missed Two Pointer,0,-597,28,E,,,,23,08:00,48,34,
2007,RS,3,33,296,ROM,PJKN,"GABINI, ROBERTO",2FGA,Missed Two Pointer,0,294,138,B,,,,23,08:00,48,34,
2007,RS,3,33,301,ULK,PABI,"KUTLUAY, IBRAHIM",FTM,Free Throw In,1,-1,-1, ,,,,23,08:00,49,34,
2007,RS,3,33,304,ROM,PBWL,"LORBEK, ERAZEM",2FGM,Two Pointer,2,15,205,C,,,,23,08:00,49,36,
2007,RS,3,33,306,ULK,PABI,"KUTLUAY, IBRAHIM",3FGM,Three Pointer,3,258,646,G,,,,24,07:00,52,36,
2007,RS,3,33,308,ROM,PCJA,"UKIC, ROKO-LENI",3FGA,Missed Three Pointer,0,97,682,G,,,,24,07:00,52,36,
2007,RS,3,33,316,ULK,PCOS,"SOLOMON, WILLIE",FTM,Free Throw In,1,-1,-1, ,,,,24,07:00,53,36,
2007,RS,3,33,317,ULK,PCOS,"SOLOMON, WILLIE",FTM,Free Throw In,1,-1,-1, ,,,,24,07:00,54,36,
2007,RS,3,33,319,ROM,PKZA,"HAWKINS, DAVID",2FGM,Two Pointer,2,58,28,C,,,,25,06:00,54,38,
2007,RS,3,33,321,ULK,PAYR,"TURKCAN, MIRSAD",2FGAB,Missed Two Pointer,0,71,89,C,,,,25,06:00,54,38,
2007,RS,3,33,335,ULK,PCOS,"SOLOMON, WILLIE",2FGM,Two Pointer,2,-7,597,I,,,,25,06:00,56,38,
2007,RS,3,33,337,ROM,PBWL,"LORBEK, ERAZEM",2FGM,Two Pointer,2,-33,517,I,,,,26,05:00,56,40,
2007,RS,3,33,340,ROM,PKXO,"GIACHETTI, JACOPO",2FGM,Two Pointer,2,-94,69,D,,,,26,05:00,56,42,
2007,RS,3,33,344,ULK,PABI,"KUTLUAY, IBRAHIM",FTM,Free Throw In,1,-1,-1, ,,,,26,05:00,57,42,
2007,RS,3,33,354,ROM,PTFR,"RAY, ALLAN",2FGA,Missed Two Pointer,0,28,169,C,,,,27,04:00,57,42,
2007,RS,3,33,356,ULK,PCOS,"SOLOMON, WILLIE",3FGA,Missed Three Pointer,0,569,415,A,,,,27,04:00,57,42,
2007,RS,3,33,358,ULK,PABI,"KUTLUAY, IBRAHIM",2FGA,Missed Two Pointer,0,-361,176,E,,,,27,04:00,57,42,
2007,RS,3,33,371,ULK,PARO,"ONAN, OMER",FTM,Free Throw In,1,-1,-1, ,,,,27,04:00,58,42,
2007,RS,3,33,372,ULK,PARO,"ONAN, OMER",FTM,Free Throw In,1,-1,-1, ,,,,27,04:00,59,42,
2007,RS,3,33,374,ULK,PJPF,"SAVAS, OGUZ",2FGA,Missed Two Pointer,0,-38,166,D,,,,28,03:00,59,42,
2007,RS,3,33,376,ULK,PABI,"KUTLUAY, IBRAHIM",3FGA,Missed Three Pointer,0,-579,371,F,,,,28,03:00,59,42,
2007,RS,3,33,378,ULK,PCOS,"SOLOMON, WILLIE",2FGM,Two Pointer,2,-76,110,D,,,,28,03:00,61,42,
2007,RS,3,33,379,ROM,PLUK,"STEFANSSON, JON",3FGA,Missed Three Pointer,0,679,174,A,,,,28,03:00,61,42,
2007,RS,3,33,381,ROM,PBWL,"LORBEK, ERAZEM",2FGM,Two Pointer,2,94,23,C,,,,28,03:00,61,44,
2007,RS,3,33,386,ULK,PJPF,"SAVAS, OGUZ",FTM,Free Throw In,1,-1,-1, ,,,,29,02:00,62,44,
2007,RS,3,33,389,ROM,PTFR,"RAY, ALLAN",2FGAB,Missed Two Pointer,0,107,79,C,,,,29,02:00,62,44,
2007,RS,3,33,393,ULK,PCOS,"SOLOMON, WILLIE",2FGM,Two Pointer,2,23,123,C,,,,29,02:00,64,44,
2007,RS,3,33,401,ROM,PBWL,"LORBEK, ERAZEM",FTM,Free Throw In,1,-1,-1, ,,,,29,02:00,64,45,
2007,RS,3,33,403,ULK,PJPF,"SAVAS, OGUZ",2FGA,Missed Two Pointer,0,-38,174,D,,,,30,01:00,64,45,
2007,RS,3,33,404,ROM,PCJA,"UKIC, ROKO-LENI",2FGM,Two Pointer,2,82,38,C,,,,30,01:00,64,47,
2007,RS,3,33,405,ULK,PAYR,"TURKCAN, MIRSAD",2FGA,Missed Two Pointer,0,-112,64,D,,,,30,01:00,64,47,
2007,RS,3,33,407,ULK,PLGA,"KAAN, DAMIR",3FGA,Missed Three Pointer,0,666,23,A,,,,30,01:00,64,47,
2007,RS,3,33,411,ULK,PJPF,"SAVAS, OGUZ",FTM,Free Throw In,1,-1,-1, ,,,,30,01:00,65,47,
2007,RS,3,33,414,ULK,PLGA,"KAAN, DAMIR",3FGA,Missed Three Pointer,0,471,494,G,,,,30,01:00,65,47,
2007,RS,3,33,417,ROM,PCJA,"UKIC, ROKO-LENI",3FGA,Missed Three Pointer,0,138,930,G,,,,30,01:00,65,47,
2007,RS,3,33,424,ROM,PKZA,"HAWKINS, DAVID",2FGA,Missed Two Pointer,0,-412,153,E,,,,31,10:00,65,47,
2007,RS,3,33,427,ULK,PJPF,"SAVAS, OGUZ",2FGAB,Missed Two Pointer,0,276,130,B,,,,31,10:00,65,47,
2007,RS,3,33,433,ROM,PJKN,"GABINI, ROBERTO",3FGA,Missed Three Pointer,0,-507,515,J,,,,32,09:00,65,47,
2007,RS,3,33,435,ROM,PBWL,"LORBEK, ERAZEM",2FGA,Missed Two Pointer,0,-74,74,D,,,,32,09:00,65,47,
2007,RS,3,33,438,ULK,PABI,"KUTLUAY, IBRAHIM",3FGM,Three Pointer,3,-533,464,J,,,,32,09:00,68,47,
2007,RS,3,33,440,ROM,PJKN,"GABINI, ROBERTO",3FGA,Missed Three Pointer,0,-502,482,J,,,,32,09:00,68,47,
2007,RS,3,33,448,ROM,PCJA,"UKIC, ROKO-LENI",3FGA,Missed Three Pointer,0,453,505,G,,,,33,08:00,68,47,
2007,RS,3,33,450,ROM,PADP,"FUCKA, GREGOR",2FGA,Missed Two Pointer,0,110,38,C,,,,33,08:00,68,47,
2007,RS,3,33,457,ROM,PCJA,"UKIC, ROKO-LENI",2FGM,Two Pointer,2,-79,48,D,,,,33,08:00,68,49,
2007,RS,3,33,458,ULK,PJYB,"ERDEN, SEMIH",2FGA,Missed Two Pointer,0,-92,53,D,,,,33,08:00,68,49,
2007,RS,3,33,460,ROM,PTFR,"RAY, ALLAN",2FGA,Missed Two Pointer,0,215,343,B,,,,34,07:00,68,49,
2007,RS,3,33,462,ULK,PAYR,"TURKCAN, MIRSAD",3FGA,Missed Three Pointer,0,-689,89,F,,,,34,07:00,68,49,
2007,RS,3,33,464,ROM,PKZA,"HAWKINS, DAVID",2FGM,Two Pointer,2,5,10,C,,,,34,07:00,68,51,
2007,RS,3,33,466,ULK,PLGA,"KAAN, DAMIR",3FGM,Three Pointer,3,633,174,A,,,,34,07:00,71,51,
2007,RS,3,33,468,ROM,PTFR,"RAY, ALLAN",3FGM,Three Pointer,3,500,484,G,,,,34,07:00,71,54,
2007,RS,3,33,470,ULK,PABI,"KUTLUAY, IBRAHIM",3FGM,Three Pointer,3,623,276,A,,,,35,06:00,74,54,
2007,RS,3,33,472,ROM,PADP,"FUCKA, GREGOR",2FGM,Two Pointer,2,-43,56,D,,,,35,06:00,74,56,
2007,RS,3,33,474,ULK,PCOS,"SOLOMON, WILLIE",3FGM,Three Pointer,3,-143,684,J,,,,35,06:00,77,56,
2007,RS,3,33,475,ROM,PTFR,"RAY, ALLAN",3FGA,Missed Three Pointer,0,66,700,G,,,,35,06:00,77,56,
2007,RS,3,33,478,ULK,PAYR,"TURKCAN, MIRSAD",2FGA,Missed Two Pointer,0,-379,110,E,,,,36,05:00,77,56,
2007,RS,3,33,480,ULK,PJYB,"ERDEN, SEMIH",2FGA,Missed Two Pointer,0,-76,153,D,,,,36,05:00,77,56,
2007,RS,3,33,482,ROM,PJKN,"GABINI, ROBERTO",3FGM,Three Pointer,3,387,551,G,,,,36,05:00,77,59,
2007,RS,3,33,484,ULK,PABI,"KUTLUAY, IBRAHIM",3FGA,Missed Three Pointer,0,-576,389,F,,,,36,05:00,77,59,
2007,RS,3,33,493,ROM,PJKN,"GABINI, ROBERTO",3FGA,Missed Three Pointer,0,128,669,G,,,,36,05:00,77,59,
2007,RS,3,33,497,ULK,PABI,"KUTLUAY, IBRAHIM",2FGAB,Missed Two Pointer,0,82,100,C,,,,37,04:00,77,59,
2007,RS,3,33,499,ULK,PAYR,"TURKCAN, MIRSAD",2FGA,Missed Two Pointer,0,82,184,C,,,,37,04:00,77,59,
2007,RS,3,33,505,ROM,PLUK,"STEFANSSON, JON",FTM,Free Throw In,1,-1,-1, ,,,,37,04:00,77,60,
2007,RS,3,33,506,ROM,PLUK,"STEFANSSON, JON",FTM,Free Throw In,1,-1,-1, ,,,,37,04:00,77,61,
2007,RS,3,33,509,ULK,PCOS,"SOLOMON, WILLIE",2FGM,Two Pointer,2,-151,497,I,,,,37,04:00,79,61,
2007,RS,3,33,511,ROM,PCJA,"UKIC, ROKO-LENI",2FGA,Missed Two Pointer,0,112,48,C,,,,38,03:00,79,61,
2007,RS,3,33,521,ULK,PARO,"ONAN, OMER",3FGA,Missed Three Pointer,0,456,517,G,,,,38,03:00,79,61,
2007,RS,3,33,525,ULK,PLGA,"KAAN, DAMIR",3FGM,Three Pointer,3,471,492,G,,,,38,03:00,82,61,
2007,RS,3,33,528,ULK,PLGA,"KAAN, DAMIR",3FGM,Three Pointer,3,674,64,A,,,,39,02:00,85,61,
2007,RS,3,33,532,ROM,PADP,"FUCKA, GREGOR",2FGA,Missed Two Pointer,0,138,79,C,,,,39,02:00,85,61,
2007,RS,3,33,534,ROM,PLUK,"STEFANSSON, JON",2FGM,Two Pointer,2,87,69,C,,,,39,02:00,85,63,
2007,RS,3,33,538,ROM,PLUK,"STEFANSSON, JON",FTM,Free Throw In,1,-1,-1, ,,,,40,01:00,85,64,
2007,RS,3,33,544,ULK,PARO,"ONAN, OMER",3FGA,Missed Three Pointer,0,574,369,A,,,,40,01:00,85,64,
2007,RS,3,33,546,ROM,PLUK,"STEFANSSON, JON",2FGM,Two Pointer,2,-66,84,D,,,,40,01:00,85,66,
2007,RS,3,33,549,ULK,PCOS,"SOLOMON, WILLIE",2FGA,Missed Two Pointer,0,330,48,B,,,,40,01:00,85,66,
2007,RS,3,34,3,MAD,PAAX,"REYES, FELIPE",2FGM,Two Pointer,2,-87,38,D,,,,1,10:00,0,2,
2007,RS,3,34,4,BAM,PJSS,"HAMANN, STEFFEN",2FGA,Missed Two Pointer,0,-89,35,D,,,,1,10:00,0,2,
2007,RS,3,34,6,MAD,PBFJ,"MUMBRU, ALEX",3FGA,Missed Three Pointer,0,-382,566,J,,,,1,10:00,0,2,
2007,RS,3,34,10,BAM,PJJZ,"SUPUT, PREDRAG",2FGA,Missed Two Pointer,0,28,76,C,,,,1,10:00,0,2,
2007,RS,3,34,16,BAM,PKOO,"GREENE, DEMOND",3FGM,Three Pointer,3,-148,661,J,,,,2,09:00,3,2,
2007,RS,3,34,19,MAD,PAAX,"REYES, FELIPE",2FGA,Missed Two Pointer,0,279,192,B,,,,3,08:00,3,2,
2007,RS,3,34,21,BAM,PLPI,"FENN, DARREN",3FGM,Three Pointer,3,-123,653,J,,,,3,08:00,6,2,
2007,RS,3,34,23,MAD,PAAX,"REYES, FELIPE",2FGM,Two Pointer,2,282,233,B,,,,3,08:00,6,4,
2007,RS,3,34,26,BAM,PJSS,"HAMANN, STEFFEN",3FGM,Three Pointer,3,558,346,A,,,,4,07:00,9,4,
2007,RS,3,34,34,BAM,PLPI,"FENN, DARREN",3FGA,Missed Three Pointer,0,-151,646,J,,,,4,07:00,9,4,
2007,RS,3,34,37,MAD,PCTN,"SMITH, CHARLES",3FGA,Missed Three Pointer,0,-341,594,J,,,,5,06:00,9,4,
2007,RS,3,34,40,MAD,PAAX,"REYES, FELIPE",2FGM,Two Pointer,2,-5,461,I,,,,5,06:00,9,6,
2007,RS,3,34,44,MAD,PAAX,"REYES, FELIPE",2FGM,Two Pointer,2,-112,512,I,,,,6,05:00,9,8,
2007,RS,3,34,46,BAM,PLPI,"FENN, DARREN",3FGA,Missed Three Pointer,0,-669,51,F,,,,6,05:00,9,8,
2007,RS,3,34,54,BAM,PKOO,"GREENE, DEMOND",FTM,Free Throw In,1,-1,-1, ,,,,6,05:00,10,8,
2007,RS,3,34,55,BAM,PKOO,"GREENE, DEMOND",FTM,Free Throw In,1,-1,-1, ,,,,6,05:00,11,8,
2007,RS,3,34,57,BAM,PKOO,"GREENE, DEMOND",3FGA,Missed Three Pointer,0,-366,556,J,,,,7,04:00,11,8,
2007,RS,3,34,62,BAM,PJJZ,"SUPUT, PREDRAG",2FGM,Two Pointer,2,138,71,C,,,,7,04:00,13,8,
2007,RS,3,34,66,MAD,PBFJ,"MUMBRU, ALEX",2FGA,Missed Two Pointer,0,-89,43,D,,,,8,03:00,13,8,
2007,RS,3,34,68,MAD,PBFJ,"MUMBRU, ALEX",2FGA,Missed Two Pointer,0,-71,61,D,,,,8,03:00,13,8,
2007,RS,3,34,74,MAD,PCTN,"SMITH, CHARLES",2FGM,Two Pointer,2,-38,105,D,,,,8,03:00,13,10,
2007,RS,3,34,75,BAM,PJJZ,"SUPUT, PREDRAG",2FGA,Missed Two Pointer,0,435,82,B,,,,8,03:00,13,10,
2007,RS,3,34,88,BAM,PLKE,"DICKEL, MARK",2FGM,Two Pointer,2,-64,58,D,,,,9,02:00,15,10,
2007,RS,3,34,90,MAD,PCTN,"SMITH, CHARLES",2FGA,Missed Two Pointer,0,17,312,C,,,,9,02:00,15,10,
2007,RS,3,34,92,BAM,PASB,"OKULAJA, ADEMOLA",3FGA,Missed Three Pointer,0,-520,425,F,,,,9,02:00,15,10,
2007,RS,3,34,96,MAD,PARR,"TUNCERI, KEREM",3FGM,Three Pointer,3,510,502,G,,,,10,01:00,15,13,
2007,RS,3,34,99,BAM,PASB,"OKULAJA, ADEMOLA",2FGAB,Missed Two Pointer,0,-74,61,D,,,,10,01:00,15,13,
2007,RS,3,34,103,BAM,PASB,"OKULAJA, ADEMOLA",2FGM,Two Pointer,2,15,53,C,,,,10,01:00,17,13,
2007,RS,3,34,104,MAD,PCRF,"HERVELLE, AXEL",3FGM,Three Pointer,3,400,551,G,,,,10,01:00,17,16,
2007,RS,3,34,118,MAD,PCTN,"SMITH, CHARLES",3FGM,Three Pointer,3,692,-71,A,,,,12,09:00,17,19,
2007,RS,3,34,120,BAM,PLPI,"FENN, DARREN",3FGA,Missed Three Pointer,0,-471,487,J,,,,12,09:00,17,19,
2007,RS,3,34,122,MAD,PCTN,"SMITH, CHARLES",2FGM,Two Pointer,2,-51,20,D,,,,12,09:00,17,21,
2007,RS,3,34,131,BAM,PLKE,"DICKEL, MARK",2FGA,Missed Two Pointer,0,-58,17,D,,,,12,09:00,17,21,
2007,RS,3,34,137,MAD,PCRF,"HERVELLE, AXEL",2FGA,Missed Two Pointer,0,-79,92,D,,,,13,08:00,17,21,
2007,RS,3,34,139,BAM,PJSR,"ENSMINGER, CHRIS",2FGM,Two Pointer,2,-71,28,D,,,,13,08:00,19,21,
2007,RS,3,34,143,MAD,PCTN,"SMITH, CHARLES",3FGM,Three Pointer,3,53,733,G,,,,13,08:00,19,24,
2007,RS,3,34,144,BAM,PJJZ,"SUPUT, PREDRAG",2FGM,Two Pointer,2,-10,102,D,,,,13,08:00,21,24,
2007,RS,3,34,146,MAD,PARR,"TUNCERI, KEREM",3FGM,Three Pointer,3,564,500,G,,,,14,07:00,21,27,
2007,RS,3,34,147,BAM,PLPI,"FENN, DARREN",2FGM,Two Pointer,2,-317,228,E,,,,14,07:00,23,27,
2007,RS,3,34,149,MAD,PCTN,"SMITH, CHARLES",3FGA,Missed Three Pointer,0,-476,512,J,,,,14,07:00,23,27,
2007,RS,3,34,157,MAD,PCRF,"HERVELLE, AXEL",3FGA,Missed Three Pointer,0,-210,679,J,,,,14,07:00,23,27,
2007,RS,3,34,160,BAM,PJJZ,"SUPUT, PREDRAG",2FGM,Two Pointer,2,-92,17,D,,,,15,06:00,25,27,
2007,RS,3,34,181,BAM,PJSS,"HAMANN, STEFFEN",FTM,Free Throw In,1,-1,-1, ,,,,17,04:00,26,27,
2007,RS,3,34,182,BAM,PJSS,"HAMANN, STEFFEN",FTM,Free Throw In,1,-1,-1, ,,,,17,04:00,27,27,
2007,RS,3,34,184,MAD,PACK,"PELEKANOS, MICHALIS",3FGA,Missed Three Pointer,0,679,-92,A,,,,17,04:00,27,27,
2007,RS,3,34,186,BAM,PLPI,"FENN, DARREN",3FGA,Missed Three Pointer,0,-105,671,J,,,,17,04:00,27,27,
2007,RS,3,34,201,BAM,PKOO,"GREENE, DEMOND",3FGA,Missed Three Pointer,0,-207,648,J,,,,18,03:00,27,27,
2007,RS,3,34,203,MAD,PCRF,"HERVELLE, AXEL",2FGM,Two Pointer,2,-387,38,E,,,,18,03:00,27,29,
2007,RS,3,34,205,BAM,PKOO,"GREENE, DEMOND",3FGA,Missed Three Pointer,0,666,158,A,,,,18,03:00,27,29,
2007,RS,3,34,216,BAM,PLKE,"DICKEL, MARK",FTM,Free Throw In,1,-1,-1, ,,,,19,02:00,28,29,
2007,RS,3,34,222,MAD,PAAX,"REYES, FELIPE",FTM,Free Throw In,1,-1,-1, ,,,,19,02:00,28,30,
2007,RS,3,34,226,BAM,PASB,"OKULAJA, ADEMOLA",3FGM,Three Pointer,3,300,607,G,,,,20,01:00,31,30,
2007,RS,3,34,230,BAM,PJJZ,"SUPUT, PREDRAG",2FGA,Missed Two Pointer,0,376,120,B,,,,20,01:00,31,30,
2007,RS,3,34,232,MAD,PTGB,"LLULL, SERGIO",2FGA,Missed Two Pointer,0,-58,69,D,,,,20,01:00,31,30,
2007,RS,3,34,237,MAD,PACK,"PELEKANOS, MICHALIS",3FGA,Missed Three Pointer,0,-64,712,J,,,,20,01:00,31,30,
2007,RS,3,34,248,MAD,PBFJ,"MUMBRU, ALEX",3FGA,Missed Three Pointer,0,594,384,A,,,,21,10:00,31,30,
2007,RS,3,34,252,BAM,PJSS,"HAMANN, STEFFEN",2FGA,Missed Two Pointer,0,-256,435,I,,,,21,10:00,31,30,
2007,RS,3,34,254,BAM,PKOO,"GREENE, DEMOND",3FGA,Missed Three Pointer,0,500,487,G,,,,21,10:00,31,30,
2007,RS,3,34,257,BAM,PLPI,"FENN, DARREN",3FGA,Missed Three Pointer,0,689,-12,A,,,,22,09:00,31,30,
2007,RS,3,34,262,MAD,PCRF,"HERVELLE, AXEL",2FGA,Missed Two Pointer,0,-338,87,E,,,,22,09:00,31,30,
2007,RS,3,34,264,BAM,PLPI,"FENN, DARREN",3FGM,Three Pointer,3,669,143,A,,,,22,09:00,34,30,
2007,RS,3,34,266,MAD,PBFJ,"MUMBRU, ALEX",3FGA,Missed Three Pointer,0,587,425,A,,,,22,09:00,34,30,
2007,RS,3,34,283,BAM,PASB,"OKULAJA, ADEMOLA",2FGA,Missed Two Pointer,0,102,89,C,,,,24,07:00,34,30,
2007,RS,3,34,285,MAD,PAPP,"PAPADOPOULOS, LAZAROS",2FGM,Two Pointer,2,-12,158,D,,,,24,07:00,34,32,
2007,RS,3,34,297,MAD,PCTN,"SMITH, CHARLES",3FGM,Three Pointer,3,689,61,A,,,,25,06:00,34,35,
2007,RS,3,34,311,MAD,PARR,"TUNCERI, KEREM",3FGA,Missed Three Pointer,0,192,641,G,,,,26,05:00,34,35,
2007,RS,3,34,314,MAD,PBFJ,"MUMBRU, ALEX",2FGM,Two Pointer,2,-112,115,D,,,,27,04:00,34,37,
2007,RS,3,34,322,BAM,PASB,"OKULAJA, ADEMOLA",FTM,Free Throw In,1,-1,-1, ,,,,27,04:00,35,37,
2007,RS,3,34,330,MAD,PAAX,"REYES, FELIPE",FTM,Free Throw In,1,-1,-1, ,,,,28,03:00,35,38,
2007,RS,3,34,331,MAD,PAAX,"REYES, FELIPE",FTM,Free Throw In,1,-1,-1, ,,,,28,03:00,35,39,
2007,RS,3,34,332,BAM,PLPK,"OHLBRECHT, TIM",2FGM,Two Pointer,2,10,5,C,,,,28,03:00,37,39,
2007,RS,3,34,337,MAD,PARR,"TUNCERI, KEREM",FTM,Free Throw In,1,-1,-1, ,,,,28,03:00,37,40,
2007,RS,3,34,338,BAM,PLPI,"FENN, DARREN",2FGA,Missed Two Pointer,0,-382,120,E,,,,28,03:00,37,40,
2007,RS,3,34,344,MAD,PAAX,"REYES, FELIPE",FTM,Free Throw In,1,-1,-1, ,,,,28,03:00,37,41,
2007,RS,3,34,347,MAD,PCTN,"SMITH, CHARLES",3FGA,Missed Three Pointer,0,-461,548,J,,,,28,03:00,37,41,
2007,RS,3,34,352,MAD,PAAX,"REYES, FELIPE",FTM,Free Throw In,1,-1,-1, ,,,,28,03:00,37,42,
2007,RS,3,34,356,BAM,PJJZ,"SUPUT, PREDRAG",2FGA,Missed Two Pointer,0,-2,274,D,,,,29,02:00,37,42,
2007,RS,3,34,361,BAM,PJSS,"HAMANN, STEFFEN",2FGM,Two Pointer,2,-10,82,D,,,,29,02:00,39,42,
2007,RS,3,34,370,MAD,PAAX,"REYES, FELIPE",2FGM,Two Pointer,2,-17,76,D,,,,30,01:00,39,44,
2007,RS,3,34,377,BAM,PJSS,"HAMANN, STEFFEN",3FGA,Missed Three Pointer,0,33,1212,G,,,,30,01:00,39,44,
2007,RS,3,34,386,MAD,PARR,"TUNCERI, KEREM",3FGA,Missed Three Pointer,0,271,623,G,,,,31,10:00,39,44,
2007,RS,3,34,388,MAD,PACK,"PELEKANOS, MICHALIS",2FGA,Missed Two Pointer,0,125,66,C,,,,31,10:00,39,44,
2007,RS,3,34,390,BAM,PKOO,"GREENE, DEMOND",3FGA,Missed Three Pointer,0,-448,556,J,,,,31,10:00,39,44,
2007,RS,3,34,394,MAD,PAAX,"REYES, FELIPE",2FGM,Two Pointer,2,-253,487,I,,,,31,10:00,39,46,
2007,RS,3,34,403,BAM,PLPI,"FENN, DARREN",3FGA,Missed Three Pointer,0,682,51,A,,,,32,09:00,39,46,
2007,RS,3,34,413,BAM,PKOO,"GREENE, DEMOND",3FGA,Missed Three Pointer,0,-505,510,J,,,,33,08:00,39,46,
2007,RS,3,34,417,BAM,PLPI,"FENN, DARREN",2FGA,Missed Two Pointer,0,84,66,C,,,,33,08:00,39,46,
2007,RS,3,34,419,MAD,PAAX,"REYES, FELIPE",2FGM,Two Pointer,2,-279,325,E,,,,33,08:00,39,48,
2007,RS,3,34,425,BAM,PJJZ,"SUPUT, PREDRAG",2FGA,Missed Two Pointer,0,128,187,C,,,,33,08:00,39,48,
2007,RS,3,34,427,BAM,PJSR,"ENSMINGER, CHRIS",2FGM,Two Pointer,2,53,51,C,,,,33,08:00,41,48,
2007,RS,3,34,428,MAD,PBFJ,"MUMBRU, ALEX",2FGM,Two Pointer,2,-207,30,D,,,,33,08:00,41,50,
2007,RS,3,34,429,BAM,PBOF,"GARRETT, ROBERT",2FGA,Missed Two Pointer,0,-15,61,D,,,,33,08:00,41,50,
2007,RS,3,34,431,MAD,PBFJ,"MUMBRU, ALEX",2FGA,Missed Two Pointer,0,-38,89,D,,,,33,08:00,41,50,
2007,RS,3,34,439,BAM,PASB,"OKULAJA, ADEMOLA",2FGA,Missed Two Pointer,0,-69,312,D,,,,35,06:00,41,50,
2007,RS,3,34,448,MAD,PAAX,"REYES, FELIPE",2FGM,Two Pointer,2,-389,310,E,,,,35,06:00,41,52,
2007,RS,3,34,449,BAM,PJJZ,"SUPUT, PREDRAG",2FGM,Two Pointer,2,5,133,C,,,,35,06:00,43,52,
2007,RS,3,34,454,MAD,PBFJ,"MUMBRU, ALEX",2FGM,Two Pointer,2,-2,92,D,,,,36,05:00,43,54,
2007,RS,3,34,462,BAM,PLPK,"OHLBRECHT, TIM",2FGA,Missed Two Pointer,0,-15,184,D,,,,37,04:00,43,54,
2007,RS,3,34,464,MAD,PACK,"PELEKANOS, MICHALIS",2FGA,Missed Two Pointer,0,-346,-20,E,,,,37,04:00,43,54,
2007,RS,3,34,466,BAM,PJSS,"HAMANN, STEFFEN",2FGM,Two Pointer,2,-7,102,D,,,,37,04:00,45,54,
2007,RS,3,34,472,MAD,PARR,"TUNCERI, KEREM",FTM,Free Throw In,1,-1,-1, ,,,,37,04:00,45,55,
2007,RS,3,34,481,MAD,PARR,"TUNCERI, KEREM",3FGA,Missed Three Pointer,0,-676,64,F,,,,38,03:00,45,55,
2007,RS,3,34,483,BAM,PKOO,"GREENE, DEMOND",2FGM,Two Pointer,2,-69,33,D,,,,38,03:00,47,55,
2007,RS,3,34,488,MAD,PBFJ,"MUMBRU, ALEX",FTM,Free Throw In,1,-1,-1, ,,,,38,03:00,47,56,
2007,RS,3,34,489,MAD,PBFJ,"MUMBRU, ALEX",FTM,Free Throw In,1,-1,-1, ,,,,38,03:00,47,57,
2007,RS,3,34,491,BAM,PJJZ,"SUPUT, PREDRAG",3FGA,Missed Three Pointer,0,-648,156,F,,,,39,02:00,47,57,
2007,RS,3,34,493,BAM,PLPI,"FENN, DARREN",3FGA,Missed Three Pointer,0,35,710,G,,,,39,02:00,47,57,
2007,RS,3,34,502,BAM,PJSS,"HAMANN, STEFFEN",3FGA,Missed Three Pointer,0,-187,674,J,,,,39,02:00,47,57,
2007,RS,3,34,504,MAD,PARR,"TUNCERI, KEREM",3FGA,Missed Three Pointer,0,541,389,A,,,,39,02:00,47,57,
2007,RS,3,34,519,MAD,PCTN,"SMITH, CHARLES",FTM,Free Throw In,1,-1,-1, ,,,,40,01:00,47,58,
2007,RS,3,34,520,MAD,PCTN,"SMITH, CHARLES",FTM,Free Throw In,1,-1,-1, ,,,,40,01:00,47,59,
2007,RS,3,34,523,BAM,PBOF,"GARRETT, ROBERT",FTM,Free Throw In,1,-1,-1, ,,,,40,01:00,48,59,
2007,RS,3,34,524,BAM,PBOF,"GARRETT, ROBERT",FTM,Free Throw In,1,-1,-1, ,,,,40,01:00,49,59,
2007,RS,3,34,529,MAD,PBFJ,"MUMBRU, ALEX",3FGA,Missed Three Pointer,0,-653,182,F,,,,40,01:00,49,59,
2007,RS,3,34,532,MAD,PBFJ,"MUMBRU, ALEX",3FGA,Missed Three Pointer,0,-548,589,J,,,,40,01:00,49,59,
2007,RS,3,35,2,PAN,PABB,"DIKOUDIS, DEMOS",3FGA,Missed Three Pointer,0,10,658,G,,,,1,10:00,0,0,
2007,RS,3,35,4,PAN,PAGG,"BECIROVIC, SANI",3FGM,Three Pointer,3,-356,541,J,,,,1,10:00,0,3,
2007,RS,3,35,6,PAR,PTGU,"PALACIO, MILT",2FGA,Missed Two Pointer,0,-115,146,D,,,,1,10:00,0,3,
2007,RS,3,35,8,PAN,PJKO,"DIAMANTIDIS, DIMITRIOS",2FGA,Missed Two Pointer,0,-82,287,D,,,,1,10:00,0,3,
2007,RS,3,35,11,PAR,PJNN,"VELICKOVIC, NOVICA",2FGM,Two Pointer,2,0,2,D,,,,2,09:00,2,3,
2007,RS,3,35,12,PAN,PJKO,"DIAMANTIDIS, DIMITRIOS",2FGM,Two Pointer,2,87,58,C,,,,2,09:00,2,5,
2007,RS,3,35,13,PAR,PJNN,"VELICKOVIC, NOVICA",3FGA,Missed Three Pointer,0,-223,620,J,,,,2,09:00,2,5,
2007,RS,3,35,15,PAR,PKNN,"PEKOVIC, NIKOLA",2FGM,Two Pointer,2,76,15,C,,,,2,09:00,4,5,
2007,RS,3,35,17,PAN,PAGG,"BECIROVIC, SANI",2FGM,Two Pointer,2,-82,41,D,,,,3,08:00,4,7,
2007,RS,3,35,19,PAR,PKNN,"PEKOVIC, NIKOLA",2FGAB,Missed Two Pointer,0,69,28,C,,,,3,08:00,4,7,
2007,RS,3,35,24,PAN,PJKO,"DIAMANTIDIS, DIMITRIOS",FTM,Free Throw In,1,-1,-1, ,,,,3,08:00,4,8,
2007,RS,3,35,25,PAN,PJKO,"DIAMANTIDIS, DIMITRIOS",FTM,Free Throw In,1,-1,-1, ,,,,3,08:00,4,9,
2007,RS,3,35,26,PAR,PBXO,"VITKOVAC, CEDOMIR",2FGA,Missed Two Pointer,0,184,69,C,,,,3,08:00,4,9,
2007,RS,3,35,29,PAN,PBCS,"HATZIVRETTAS, NIKOS",3FGA,Missed Three Pointer,0,658,-17,A,,,,4,07:00,4,9,
2007,RS,3,35,35,PAR,PKNN,"PEKOVIC, NIKOLA",FTM,Free Throw In,1,-1,-1, ,,,,4,07:00,5,9,
2007,RS,3,35,36,PAR,PKNN,"PEKOVIC, NIKOLA",FTM,Free Throw In,1,-1,-1, ,,,,4,07:00,6,9,
2007,RS,3,35,37,PAN,PAGG,"BECIROVIC, SANI",2FGM,Two Pointer,2,-225,364,E,,,,4,07:00,6,11,
2007,RS,3,35,38,PAR,PTGU,"PALACIO, MILT",2FGA,Missed Two Pointer,0,-97,128,D,,,,4,07:00,6,11,
2007,RS,3,35,40,PAR,PKNN,"PEKOVIC, NIKOLA",2FGM,Two Pointer,2,51,17,C,,,,4,07:00,8,11,
2007,RS,3,35,42,PAN,PBCS,"HATZIVRETTAS, NIKOS",3FGM,Three Pointer,3,-646,17,F,,,,5,06:00,8,14,
2007,RS,3,35,46,PAR,PBXO,"VITKOVAC, CEDOMIR",FTM,Free Throw In,1,-1,-1, ,,,,5,06:00,9,14,
2007,RS,3,35,49,PAN,PAJV,"BATISTE, MICHAEL",2FGM,Two Pointer,2,-2,223,D,,,,5,06:00,9,16,
2007,RS,3,35,54,PAN,PAGG,"BECIROVIC, SANI",2FGM,Two Pointer,2,117,28,C,,,,5,06:00,9,18,
2007,RS,3,35,60,PAN,PAGG,"BECIROVIC, SANI",FTM,Free Throw In,1,-1,-1, ,,,,6,05:00,9,19,
2007,RS,3,35,64,PAR,PJNN,"VELICKOVIC, NOVICA",3FGA,Missed Three Pointer,0,-664,41,F,,,,6,05:00,9,19,
2007,RS,3,35,66,PAN,PABB,"DIKOUDIS, DEMOS",2FGM,Two Pointer,2,23,197,C,,,,6,05:00,9,21,
2007,RS,3,35,73,PAR,PBFB,"TRIPKOVIC, UROS",3FGA,Missed Three Pointer,0,-351,564,J,,,,7,04:00,9,21,
2007,RS,3,35,74,PAR,PTGU,"PALACIO, MILT",3FGM,Three Pointer,3,366,535,G,,,,7,04:00,12,21,
2007,RS,3,35,88,PAR,PBFB,"TRIPKOVIC, UROS",2FGM,Two Pointer,2,-48,7,D,,,,8,03:00,14,21,
2007,RS,3,35,101,PAN,PACN,"TSARTSARIS, KOSTAS",FTM,Free Throw In,1,-1,-1, ,,,,9,02:00,14,22,
2007,RS,3,35,102,PAN,PACN,"TSARTSARIS, KOSTAS",FTM,Free Throw In,1,-1,-1, ,,,,9,02:00,14,23,
2007,RS,3,35,112,PAN,PJUO,"SPANOULIS, VASSILIS",FTM,Free Throw In,1,-1,-1, ,,,,9,02:00,14,24,
2007,RS,3,35,115,PAR,PBGJ,"VRANES, SLAVKO",2FGA,Missed Two Pointer,0,-105,364,D,,,,9,02:00,14,24,
2007,RS,3,35,120,PAR,PTGU,"PALACIO, MILT",2FGM,Two Pointer,2,-20,115,D,,,,10,01:00,16,24,
2007,RS,3,35,121,PAN,PJUO,"SPANOULIS, VASSILIS",3FGA,Missed Three Pointer,0,653,-56,A,,,,10,01:00,16,24,
2007,RS,3,35,130,PAN,PJUO,"SPANOULIS, VASSILIS",2FGM,Two Pointer,2,76,12,C,,,,11,10:00,16,26,
2007,RS,3,35,131,PAR,PLGH,"TEPIC, MILENKO",3FGA,Missed Three Pointer,0,-97,671,J,,,,11,10:00,16,26,
2007,RS,3,35,135,PAR,PJNN,"VELICKOVIC, NOVICA",3FGA,Missed Three Pointer,0,-148,638,J,,,,11,10:00,16,26,
2007,RS,3,35,138,PAR,PKNN,"PEKOVIC, NIKOLA",2FGA,Missed Two Pointer,0,133,53,C,,,,12,09:00,16,26,
2007,RS,3,35,140,PAR,PBFB,"TRIPKOVIC, UROS",3FGM,Three Pointer,3,433,476,G,,,,12,09:00,19,26,
2007,RS,3,35,142,PAN,PACN,"TSARTSARIS, KOSTAS",2FGM,Two Pointer,2,-58,43,D,,,,12,09:00,19,28,
2007,RS,3,35,147,PAN,PJUO,"SPANOULIS, VASSILIS",2FGM,Two Pointer,2,74,17,C,,,,12,09:00,19,30,
2007,RS,3,35,150,PAR,PKNN,"PEKOVIC, NIKOLA",2FGM,Two Pointer,2,187,10,C,,,,13,08:00,21,30,
2007,RS,3,35,155,PAR,PJNN,"VELICKOVIC, NOVICA",3FGA,Missed Three Pointer,0,-164,643,J,,,,13,08:00,21,30,
2007,RS,3,35,158,PAN,PADG,"JASIKEVICIUS, SARUNAS",3FGA,Missed Three Pointer,0,661,-41,A,,,,14,07:00,21,30,
2007,RS,3,35,160,PAR,PJNN,"VELICKOVIC, NOVICA",2FGM,Two Pointer,2,-5,5,D,,,,14,07:00,23,30,
2007,RS,3,35,162,PAN,PADG,"JASIKEVICIUS, SARUNAS",2FGM,Two Pointer,2,84,35,C,,,,14,07:00,23,32,
2007,RS,3,35,163,PAR,PBFB,"TRIPKOVIC, UROS",3FGM,Three Pointer,3,-348,571,J,,,,14,07:00,26,32,
2007,RS,3,35,165,PAN,PADG,"JASIKEVICIUS, SARUNAS",2FGA,Missed Two Pointer,0,-302,12,E,,,,15,06:00,26,32,
2007,RS,3,35,177,PAR,PTGU,"PALACIO, MILT",2FGM,Two Pointer,2,51,38,C,,,,15,06:00,28,32,
2007,RS,3,35,183,PAN,PACN,"TSARTSARIS, KOSTAS",2FGM,Two Pointer,2,-69,15,D,,,,15,06:00,28,34,
2007,RS,3,35,187,PAN,PACN,"TSARTSARIS, KOSTAS",FTM,Free Throw In,1,-1,-1, ,,,,15,06:00,28,35,
2007,RS,3,35,195,PAN,PJUO,"SPANOULIS, VASSILIS",2FGM,Two Pointer,2,-400,353,E,,,,16,05:00,28,37,
2007,RS,3,35,196,PAR,PTGU,"PALACIO, MILT",3FGA,Missed Three Pointer,0,-651,-33,F,,,,16,05:00,28,37,
2007,RS,3,35,198,PAN,PAJV,"BATISTE, MICHAEL",2FGA,Missed Two Pointer,0,56,315,C,,,,16,05:00,28,37,
2007,RS,3,35,205,PAR,PKNN,"PEKOVIC, NIKOLA",FTM,Free Throw In,1,-1,-1, ,,,,17,04:00,29,37,
2007,RS,3,35,206,PAR,PKNN,"PEKOVIC, NIKOLA",FTM,Free Throw In,1,-1,-1, ,,,,17,04:00,30,37,
2007,RS,3,35,208,PAR,PBFE,"KECMAN, DUSAN",3FGA,Missed Three Pointer,0,302,584,G,,,,17,04:00,30,37,
2007,RS,3,35,214,PAN,PAJV,"BATISTE, MICHAEL",2FGM,Two Pointer,2,-71,10,D,,,,18,03:00,30,39,
2007,RS,3,35,216,PAR,PBFE,"KECMAN, DUSAN",3FGM,Three Pointer,3,-20,656,J,,,,18,03:00,33,39,
2007,RS,3,35,225,PAN,PACN,"TSARTSARIS, KOSTAS",FTM,Free Throw In,1,-1,-1, ,,,,19,02:00,33,40,
2007,RS,3,35,226,PAN,PACN,"TSARTSARIS, KOSTAS",FTM,Free Throw In,1,-1,-1, ,,,,19,02:00,33,41,
2007,RS,3,35,234,PAR,PBFE,"KECMAN, DUSAN",FTM,Free Throw In,1,-1,-1, ,,,,19,02:00,34,41,
2007,RS,3,35,239,PAR,PTGU,"PALACIO, MILT",FTM,Free Throw In,1,-1,-1, ,,,,19,02:00,35,41,
2007,RS,3,35,240,PAR,PTGU,"PALACIO, MILT",FTM,Free Throw In,1,-1,-1, ,,,,19,02:00,36,41,
2007,RS,3,35,241,PAN,PJKO,"DIAMANTIDIS, DIMITRIOS",2FGA,Missed Two Pointer,0,153,166,C,,,,19,02:00,36,41,
2007,RS,3,35,244,PAR,PJNN,"VELICKOVIC, NOVICA",3FGM,Three Pointer,3,179,625,G,,,,20,01:00,39,41,
2007,RS,3,35,249,PAN,PBXE,"ZIZIC, ANDRIJA",2FGM,Two Pointer,2,-5,141,D,,,,20,01:00,39,43,
2007,RS,3,35,256,PAR,PKNN,"PEKOVIC, NIKOLA",FTM,Free Throw In,1,-1,-1, ,,,,20,01:00,40,43,
2007,RS,3,35,257,PAR,PKNN,"PEKOVIC, NIKOLA",FTM,Free Throw In,1,-1,-1, ,,,,20,01:00,41,43,
2007,RS,3,35,260,PAN,PADG,"JASIKEVICIUS, SARUNAS",3FGA,Missed Three Pointer,0,-384,523,J,,,,20,01:00,41,43,
2007,RS,3,35,263,PAN,PJKO,"DIAMANTIDIS, DIMITRIOS",3FGM,Three Pointer,3,-117,838,J,,,,20,01:00,41,46,
2007,RS,3,35,280,PAN,PABB,"DIKOUDIS, DEMOS",FTM,Free Throw In,1,-1,-1, ,,,,21,10:00,41,47,
2007,RS,3,35,285,PAR,PKNN,"PEKOVIC, NIKOLA",FTM,Free Throw In,1,-1,-1, ,,,,21,10:00,42,47,
2007,RS,3,35,286,PAR,PKNN,"PEKOVIC, NIKOLA",FTM,Free Throw In,1,-1,-1, ,,,,21,10:00,43,47,
2007,RS,3,35,287,PAN,PJKO,"DIAMANTIDIS, DIMITRIOS",3FGA,Missed Three Pointer,0,10,664,G,,,,21,10:00,43,47,
2007,RS,3,35,290,PAN,PTFY,"WINSTON, KENNEDY",2FGM,Two Pointer,2,371,448,H,,,,21,10:00,43,49,
2007,RS,3,35,299,PAN,PBXE,"ZIZIC, ANDRIJA",2FGA,Missed Two Pointer,0,507,30,B,,,,22,09:00,43,49,
2007,RS,3,35,305,PAN,PABB,"DIKOUDIS, DEMOS",FTM,Free Throw In,1,-1,-1, ,,,,22,09:00,43,50,
2007,RS,3,35,311,PAR,PTGU,"PALACIO, MILT",3FGM,Three Pointer,3,-348,548,J,,,,23,08:00,46,50,
2007,RS,3,35,319,PAR,PBFE,"KECMAN, DUSAN",2FGM,Two Pointer,2,-79,41,D,,,,23,08:00,48,50,
2007,RS,3,35,320,PAN,PAJV,"BATISTE, MICHAEL",2FGA,Missed Two Pointer,0,151,92,C,,,,23,08:00,48,50,
2007,RS,3,35,323,PAR,PTGU,"PALACIO, MILT",2FGA,Missed Two Pointer,0,58,507,H,,,,24,07:00,48,50,
2007,RS,3,35,326,PAR,PJNN,"VELICKOVIC, NOVICA",3FGM,Three Pointer,3,-292,582,J,,,,24,07:00,51,50,
2007,RS,3,35,333,PAN,PAJV,"BATISTE, MICHAEL",2FGM,Two Pointer,2,-15,130,D,,,,25,06:00,51,52,
2007,RS,3,35,334,PAR,PKNN,"PEKOVIC, NIKOLA",2FGM,Two Pointer,2,2,5,D,,,,25,06:00,53,52,
2007,RS,3,35,338,PAN,PAGG,"BECIROVIC, SANI",FTM,Free Throw In,1,-1,-1, ,,,,25,06:00,53,53,
2007,RS,3,35,341,PAN,PJUO,"SPANOULIS, VASSILIS",3FGM,Three Pointer,3,-256,625,J,,,,25,06:00,53,56,
2007,RS,3,35,343,PAR,PJNN,"VELICKOVIC, NOVICA",3FGA,Missed Three Pointer,0,153,638,G,,,,26,05:00,53,56,
2007,RS,3,35,345,PAN,PAGG,"BECIROVIC, SANI",3FGM,Three Pointer,3,-448,489,J,,,,26,05:00,53,59,
2007,RS,3,35,354,PAR,PJNN,"VELICKOVIC, NOVICA",2FGM,Two Pointer,2,76,28,C,,,,26,05:00,55,59,
2007,RS,3,35,356,PAN,PJUO,"SPANOULIS, VASSILIS",3FGA,Missed Three Pointer,0,402,512,G,,,,27,04:00,55,59,
2007,RS,3,35,360,PAR,PJJY,"BOZIC, PETAR",3FGA,Missed Three Pointer,0,653,-5,A,,,,27,04:00,55,59,
2007,RS,3,35,362,PAR,PJNN,"VELICKOVIC, NOVICA",2FGA,Missed Two Pointer,0,94,25,C,,,,27,04:00,55,59,
2007,RS,3,35,366,PAR,PBXO,"VITKOVAC, CEDOMIR",FTM,Free Throw In,1,-1,-1, ,,,,27,04:00,56,59,
2007,RS,3,35,367,PAR,PBXO,"VITKOVAC, CEDOMIR",FTM,Free Throw In,1,-1,-1, ,,,,27,04:00,57,59,
2007,RS,3,35,374,PAN,PJUO,"SPANOULIS, VASSILIS",FTM,Free Throw In,1,-1,-1, ,,,,27,04:00,57,60,
2007,RS,3,35,377,PAR,PLGH,"TEPIC, MILENKO",2FGM,Two Pointer,2,2,74,D,,,,27,04:00,59,60,
2007,RS,3,35,379,PAN,PAGG,"BECIROVIC, SANI",2FGM,Two Pointer,2,184,566,H,,,,28,03:00,59,62,
2007,RS,3,35,386,PAR,PBXO,"VITKOVAC, CEDOMIR",FTM,Free Throw In,1,-1,-1, ,,,,28,03:00,60,62,
2007,RS,3,35,387,PAR,PBXO,"VITKOVAC, CEDOMIR",FTM,Free Throw In,1,-1,-1, ,,,,28,03:00,61,62,
2007,RS,3,35,388,PAN,PAGG,"BECIROVIC, SANI",3FGA,Missed Three Pointer,0,658,33,A,,,,28,03:00,61,62,
2007,RS,3,35,392,PAR,PJNN,"VELICKOVIC, NOVICA",FTM,Free Throw In,1,-1,-1, ,,,,28,03:00,62,62,
2007,RS,3,35,393,PAR,PJNN,"VELICKOVIC, NOVICA",FTM,Free Throw In,1,-1,-1, ,,,,28,03:00,63,62,
2007,RS,3,35,397,PAN,PJUO,"SPANOULIS, VASSILIS",FTM,Free Throw In,1,-1,-1, ,,,,29,02:00,63,63,
2007,RS,3,35,398,PAN,PJUO,"SPANOULIS, VASSILIS",FTM,Free Throw In,1,-1,-1, ,,,,29,02:00,63,64,
2007,RS,3,35,399,PAR,PTGU,"PALACIO, MILT",2FGM,Two Pointer,2,-202,66,D,,,,29,02:00,65,64,
2007,RS,3,35,402,PAR,PTGU,"PALACIO, MILT",FTM,Free Throw In,1,-1,-1, ,,,,29,02:00,66,64,
2007,RS,3,35,403,PAN,PADG,"JASIKEVICIUS, SARUNAS",3FGM,Three Pointer,3,105,648,G,,,,29,02:00,66,67,
2007,RS,3,35,409,PAR,PJNN,"VELICKOVIC, NOVICA",2FGA,Missed Two Pointer,0,-415,197,E,,,,30,01:00,66,67,
2007,RS,3,35,413,PAN,PADG,"JASIKEVICIUS, SARUNAS",FTM,Free Throw In,1,-1,-1, ,,,,30,01:00,66,68,
2007,RS,3,35,414,PAN,PADG,"JASIKEVICIUS, SARUNAS",FTM,Free Throw In,1,-1,-1, ,,,,30,01:00,66,69,
2007,RS,3,35,417,PAR,PTGU,"PALACIO, MILT",FTM,Free Throw In,1,-1,-1, ,,,,30,01:00,67,69,
2007,RS,3,35,418,PAR,PTGU,"PALACIO, MILT",FTM,Free Throw In,1,-1,-1, ,,,,30,01:00,68,69,
2007,RS,3,35,426,PAR,PTGU,"PALACIO, MILT",2FGA,Missed Two Pointer,0,64,43,C,,,,30,01:00,68,69,
2007,RS,3,35,428,PAR,PKNN,"PEKOVIC, NIKOLA",2FGM,Two Pointer,2,2,56,D,,,,30,01:00,70,69,
2007,RS,3,35,433,PAR,PTGU,"PALACIO, MILT",2FGA,Missed Two Pointer,0,-533,-5,E,,,,31,10:00,70,69,
2007,RS,3,35,435,PAN,PACN,"TSARTSARIS, KOSTAS",2FGM,Two Pointer,2,-107,256,D,,,,31,10:00,70,71,
2007,RS,3,35,446,PAN,PJUO,"SPANOULIS, VASSILIS",2FGM,Two Pointer,2,25,294,C,,,,32,09:00,70,73,
2007,RS,3,35,447,PAR,PTGU,"PALACIO, MILT",3FGA,Missed Three Pointer,0,-397,523,J,,,,32,09:00,70,73,
2007,RS,3,35,449,PAN,PTFY,"WINSTON, KENNEDY",2FGM,Two Pointer,2,-64,43,D,,,,32,09:00,70,75,
2007,RS,3,35,460,PAN,PAGG,"BECIROVIC, SANI",2FGA,Missed Two Pointer,0,151,43,C,,,,33,08:00,70,75,
2007,RS,3,35,462,PAR,PJJY,"BOZIC, PETAR",3FGA,Missed Three Pointer,0,-651,-30,F,,,,33,08:00,70,75,
2007,RS,3,35,469,PAR,PBXO,"VITKOVAC, CEDOMIR",2FGM,Two Pointer,2,-35,41,D,,,,33,08:00,72,75,
2007,RS,3,35,473,PAR,PBXO,"VITKOVAC, CEDOMIR",FTM,Free Throw In,1,-1,-1, ,,,,33,08:00,73,75,
2007,RS,3,35,478,PAN,PTFY,"WINSTON, KENNEDY",FTM,Free Throw In,1,-1,-1, ,,,,33,08:00,73,76,
2007,RS,3,35,482,PAR,PBXO,"VITKOVAC, CEDOMIR",3FGA,Missed Three Pointer,0,-458,466,J,,,,34,07:00,73,76,
2007,RS,3,35,486,PAR,PKNN,"PEKOVIC, NIKOLA",FTM,Free Throw In,1,-1,-1, ,,,,34,07:00,74,76,
2007,RS,3,35,487,PAR,PKNN,"PEKOVIC, NIKOLA",FTM,Free Throw In,1,-1,-1, ,,,,34,07:00,75,76,
2007,RS,3,35,488,PAN,PAJV,"BATISTE, MICHAEL",2FGM,Two Pointer,2,0,0,D,,,,34,07:00,75,78,
2007,RS,3,35,494,PAN,PAJV,"BATISTE, MICHAEL",FTM,Free Throw In,1,-1,-1, ,,,,34,07:00,75,79,
2007,RS,3,35,500,PAR,PJJY,"BOZIC, PETAR",FTM,Free Throw In,1,-1,-1, ,,,,34,07:00,76,79,
2007,RS,3,35,503,PAN,PJKO,"DIAMANTIDIS, DIMITRIOS",3FGM,Three Pointer,3,-571,328,F,,,,34,07:00,76,82,
2007,RS,3,35,506,PAR,PBFB,"TRIPKOVIC, UROS",2FGA,Missed Two Pointer,0,205,146,C,,,,35,06:00,76,82,
2007,RS,3,35,513,PAR,PKNN,"PEKOVIC, NIKOLA",FTM,Free Throw In,1,-1,-1, ,,,,35,06:00,77,82,
2007,RS,3,35,514,PAR,PKNN,"PEKOVIC, NIKOLA",FTM,Free Throw In,1,-1,-1, ,,,,35,06:00,78,82,
2007,RS,3,35,517,PAN,PBXE,"ZIZIC, ANDRIJA",2FGM,Two Pointer,2,5,217,C,,,,35,06:00,78,84,
2007,RS,3,35,520,PAR,PJNN,"VELICKOVIC, NOVICA",3FGA,Missed Three Pointer,0,543,366,A,,,,36,05:00,78,84,
2007,RS,3,35,528,PAN,PJKO,"DIAMANTIDIS, DIMITRIOS",FTM,Free Throw In,1,-1,-1, ,,,,36,05:00,78,85,
2007,RS,3,35,529,PAN,PJKO,"DIAMANTIDIS, DIMITRIOS",FTM,Free Throw In,1,-1,-1, ,,,,36,05:00,78,86,
2007,RS,3,35,530,PAR,PJJY,"BOZIC, PETAR",3FGA,Missed Three Pointer,0,-646,56,F,,,,36,05:00,78,86,
2007,RS,3,35,532,PAN,PADG,"JASIKEVICIUS, SARUNAS",2FGA,Missed Two Pointer,0,-356,233,E,,,,36,05:00,78,86,
2007,RS,3,35,534,PAR,PTGU,"PALACIO, MILT",2FGA,Missed Two Pointer,0,100,17,C,,,,36,05:00,78,86,
2007,RS,3,35,537,PAR,PTGU,"PALACIO, MILT",2FGM,Two Pointer,2,64,41,C,,,,37,04:00,80,86,
2007,RS,3,35,538,PAN,PADG,"JASIKEVICIUS, SARUNAS",2FGM,Two Pointer,2,-17,438,I,,,,37,04:00,80,88,
2007,RS,3,35,545,PAR,PTGU,"PALACIO, MILT",FTM,Free Throw In,1,-1,-1, ,,,,37,04:00,81,88,
2007,RS,3,35,546,PAR,PTGU,"PALACIO, MILT",FTM,Free Throw In,1,-1,-1, ,,,,37,04:00,82,88,
2007,RS,3,35,553,PAR,PBXO,"VITKOVAC, CEDOMIR",3FGA,Missed Three Pointer,0,282,587,G,,,,38,03:00,82,88,
2007,RS,3,35,555,PAR,PLGH,"TEPIC, MILENKO",2FGA,Missed Two Pointer,0,-25,41,D,,,,38,03:00,82,88,
2007,RS,3,35,558,PAN,PJUO,"SPANOULIS, VASSILIS",2FGA,Missed Two Pointer,0,274,53,B,,,,38,03:00,82,88,
2007,RS,3,35,561,PAN,PTFY,"WINSTON, KENNEDY",3FGA,Missed Three Pointer,0,-651,43,F,,,,38,03:00,82,88,
2007,RS,3,35,564,PAR,PKNN,"PEKOVIC, NIKOLA",2FGM,Two Pointer,2,-46,58,D,,,,39,02:00,84,88,
2007,RS,3,35,568,PAN,PJKO,"DIAMANTIDIS, DIMITRIOS",FTM,Free Throw In,1,-1,-1, ,,,,39,02:00,84,89,
2007,RS,3,35,569,PAN,PJKO,"DIAMANTIDIS, DIMITRIOS",FTM,Free Throw In,1,-1,-1, ,,,,39,02:00,84,90,
2007,RS,3,35,572,PAR,PTGU,"PALACIO, MILT",FTM,Free Throw In,1,-1,-1, ,,,,39,02:00,85,90,
2007,RS,3,35,573,PAR,PTGU,"PALACIO, MILT",FTM,Free Throw In,1,-1,-1, ,,,,39,02:00,86,90,
2007,RS,3,35,575,PAN,PADG,"JASIKEVICIUS, SARUNAS",3FGA,Missed Three Pointer,0,284,589,G,,,,40,01:00,86,90,
2007,RS,3,35,577,PAR,PKNN,"PEKOVIC, NIKOLA",2FGM,Two Pointer,2,-58,41,D,,,,40,01:00,88,90,
2007,RS,3,35,580,PAN,PJUO,"SPANOULIS, VASSILIS",3FGA,Missed Three Pointer,0,607,228,A,,,,40,01:00,88,90,
2007,RS,3,35,582,PAR,PKNN,"PEKOVIC, NIKOLA",2FGM,Two Pointer,2,-58,23,D,,,,40,01:00,90,90,
2007,RS,3,35,591,PAN,PJKO,"DIAMANTIDIS, DIMITRIOS",FTM,Free Throw In,1,-1,-1, ,,,,40,01:00,90,91,
2007,RS,3,35,592,PAN,PJKO,"DIAMANTIDIS, DIMITRIOS",FTM,Free Throw In,1,-1,-1, ,,,,40,01:00,90,92,
2007,RS,3,35,593,PAR,PJNN,"VELICKOVIC, NOVICA",3FGA,Missed Three Pointer,0,207,617,G,,,,40,01:00,90,92,
2007,RS,3,35,597,PAN,PACN,"TSARTSARIS, KOSTAS",FTM,Free Throw In,1,-1,-1, ,,,,40,01:00,90,93,
2007,RS,3,35,598,PAN,PACN,"TSARTSARIS, KOSTAS",FTM,Free Throw In,1,-1,-1, ,,,,40,01:00,90,94,
2007,RS,3,36,3,BAR,PJKP,"ILYASOVA, ERSAN",2FGA,Missed Two Pointer,0,123,28,C,,,,1,10:00,0,0,
2007,RS,3,36,5,ROA,PTEU,"SALYERS, MARC",3FGA,Missed Three Pointer,0,23,715,G,,,,1,10:00,0,0,
2007,RS,3,36,7,BAR,PADS,"BASILE, GIANLUCA",3FGA,Missed Three Pointer,0,-684,-30,F,,,,1,10:00,0,0,
2007,RS,3,36,9,ROA,PTEZ,"RUSH, BRION",3FGA,Missed Three Pointer,0,-387,548,J,,,,1,10:00,0,0,
2007,RS,3,36,11,BAR,PBOD,"KASUN, MARIO",2FGM,Two Pointer,2,2,92,D,,,,1,10:00,2,0,
2007,RS,3,36,14,ROA,PTEY,"BADIANE, PAPE",2FGA,Missed Two Pointer,0,-423,58,E,,,,2,09:00,2,0,
2007,RS,3,36,16,BAR,PBOD,"KASUN, MARIO",2FGA,Missed Two Pointer,0,23,82,C,,,,2,09:00,2,0,
2007,RS,3,36,18,BAR,PADS,"BASILE, GIANLUCA",3FGM,Three Pointer,3,676,-28,A,,,,2,09:00,5,0,
2007,RS,3,36,19,ROA,PTEV,"HESS, ADAM",3FGA,Missed Three Pointer,0,-561,435,J,,,,2,09:00,5,0,
2007,RS,3,36,21,ROA,PTEY,"BADIANE, PAPE",2FGM,Two Pointer,2,-110,66,D,,,,2,09:00,5,2,
2007,RS,3,36,27,BAR,PJKP,"ILYASOVA, ERSAN",2FGA,Missed Two Pointer,0,328,310,B,,,,3,08:00,5,2,
2007,RS,3,36,29,BAR,PBOD,"KASUN, MARIO",2FGA,Missed Two Pointer,0,71,79,C,,,,3,08:00,5,2,
2007,RS,3,36,31,ROA,PTEX,"PELLIN, MARC-ANTOINE",2FGA,Missed Two Pointer,0,-320,448,I,,,,3,08:00,5,2,
2007,RS,3,36,33,ROA,PTEY,"BADIANE, PAPE",2FGA,Missed Two Pointer,0,94,69,C,,,,3,08:00,5,2,
2007,RS,3,36,35,BAR,PBOD,"KASUN, MARIO",2FGM,Two Pointer,2,-10,7,D,,,,3,08:00,7,2,
2007,RS,3,36,38,ROA,PTEY,"BADIANE, PAPE",2FGM,Two Pointer,2,-312,415,E,,,,4,07:00,7,4,
2007,RS,3,36,40,BAR,PJJF,"TRIAS, JORDI",2FGA,Missed Two Pointer,0,-2,284,D,,,,4,07:00,7,4,
2007,RS,3,36,49,ROA,PTEU,"SALYERS, MARC",2FGA,Missed Two Pointer,0,-105,79,D,,,,5,06:00,7,4,
2007,RS,3,36,52,BAR,PJJF,"TRIAS, JORDI",2FGAB,Missed Two Pointer,0,15,89,C,,,,5,06:00,7,4,
2007,RS,3,36,56,ROA,PTEY,"BADIANE, PAPE",2FGA,Missed Two Pointer,0,-64,92,D,,,,5,06:00,7,4,
2007,RS,3,36,58,BAR,PJKP,"ILYASOVA, ERSAN",3FGA,Missed Three Pointer,0,-507,469,J,,,,5,06:00,7,4,
2007,RS,3,36,61,ROA,PTEZ,"RUSH, BRION",3FGA,Missed Three Pointer,0,-469,515,J,,,,6,05:00,7,4,
2007,RS,3,36,72,BAR,PJJF,"TRIAS, JORDI",FTM,Free Throw In,1,-1,-1, ,,,,6,05:00,8,4,
2007,RS,3,36,75,BAR,PATA,"LAKOVIC, JAKA",3FGM,Three Pointer,3,569,392,A,,,,6,05:00,11,4,
2007,RS,3,36,77,ROA,PTEU,"SALYERS, MARC",3FGA,Missed Three Pointer,0,346,600,G,,,,6,05:00,11,4,
2007,RS,3,36,82,ROA,PTEX,"PELLIN, MARC-ANTOINE",2FGM,Two Pointer,2,-64,46,D,,,,7,04:00,11,6,
2007,RS,3,36,83,BAR,PADS,"BASILE, GIANLUCA",3FGA,Missed Three Pointer,0,-17,684,J,,,,7,04:00,11,6,
2007,RS,3,36,85,ROA,PTEZ,"RUSH, BRION",3FGA,Missed Three Pointer,0,676,82,A,,,,7,04:00,11,6,
2007,RS,3,36,87,ROA,PTEX,"PELLIN, MARC-ANTOINE",3FGM,Three Pointer,3,-292,638,J,,,,7,04:00,11,9,
2007,RS,3,36,90,BAR,PADS,"BASILE, GIANLUCA",3FGA,Missed Three Pointer,0,-671,-17,F,,,,8,03:00,11,9,
2007,RS,3,36,94,ROA,PTFA,"CAZALON, LAURENT",3FGA,Missed Three Pointer,0,566,397,A,,,,8,03:00,11,9,
2007,RS,3,36,96,BAR,PBOD,"KASUN, MARIO",2FGM,Two Pointer,2,120,146,C,,,,8,03:00,13,9,
2007,RS,3,36,97,ROA,PTEY,"BADIANE, PAPE",2FGAB,Missed Two Pointer,0,51,230,C,,,,8,03:00,13,9,
2007,RS,3,36,101,BAR,PBOD,"KASUN, MARIO",2FGM,Two Pointer,2,0,0,D,,,,8,03:00,15,9,
2007,RS,3,36,110,ROA,PTFB,"SOLIMAN, WILLIAMS",FTM,Free Throw In,1,-1,-1, ,,,,9,02:00,15,10,
2007,RS,3,36,111,ROA,PTFB,"SOLIMAN, WILLIAMS",FTM,Free Throw In,1,-1,-1, ,,,,9,02:00,15,11,
2007,RS,3,36,112,BAR,PADS,"BASILE, GIANLUCA",3FGA,Missed Three Pointer,0,-671,58,F,,,,9,02:00,15,11,
2007,RS,3,36,116,ROA,PTFA,"CAZALON, LAURENT",3FGM,Three Pointer,3,-297,671,J,,,,10,01:00,15,14,
2007,RS,3,36,117,BAR,PBKE,"GRIMAU, ROGER",3FGM,Three Pointer,3,474,500,G,,,,10,01:00,18,14,
2007,RS,3,36,120,BAR,PADS,"BASILE, GIANLUCA",2FGM,Two Pointer,2,-105,15,D,,,,10,01:00,20,14,
2007,RS,3,36,130,BAR,PAZU,"SANCHEZ, PEPE",3FGA,Missed Three Pointer,0,-679,28,F,,,,11,10:00,20,14,
2007,RS,3,36,134,ROA,PJSU,"NOLAN, NORMAN",2FGA,Missed Two Pointer,0,407,51,B,,,,11,10:00,20,14,
2007,RS,3,36,140,BAR,PAXC,"VAZQUEZ, FRAN",2FGA,Missed Two Pointer,0,-387,361,E,,,,11,10:00,20,14,
2007,RS,3,36,143,BAR,PAZU,"SANCHEZ, PEPE",3FGM,Three Pointer,3,674,48,A,,,,12,09:00,23,14,
2007,RS,3,36,150,ROA,PTEU,"SALYERS, MARC",2FGM,Two Pointer,2,-92,87,D,,,,12,09:00,23,16,
2007,RS,3,36,153,ROA,PTEU,"SALYERS, MARC",FTM,Free Throw In,1,-1,-1, ,,,,12,09:00,23,17,
2007,RS,3,36,157,ROA,PTEZ,"RUSH, BRION",2FGA,Missed Two Pointer,0,-446,102,E,,,,13,08:00,23,17,
2007,RS,3,36,161,BAR,PBKE,"GRIMAU, ROGER",FTM,Free Throw In,1,-1,-1, ,,,,13,08:00,24,17,
2007,RS,3,36,162,BAR,PBKE,"GRIMAU, ROGER",FTM,Free Throw In,1,-1,-1, ,,,,13,08:00,25,17,
2007,RS,3,36,170,ROA,PTFB,"SOLIMAN, WILLIAMS",2FGA,Missed Two Pointer,0,-87,76,D,,,,14,07:00,25,17,
2007,RS,3,36,172,BAR,PBKE,"GRIMAU, ROGER",2FGA,Missed Two Pointer,0,-330,164,E,,,,14,07:00,25,17,
2007,RS,3,36,174,ROA,PTEV,"HESS, ADAM",3FGM,Three Pointer,3,571,415,A,,,,14,07:00,25,20,
2007,RS,3,36,176,BAR,PJOB,"MORANDAIS, MICHEL",3FGM,Three Pointer,3,-541,415,F,,,,14,07:00,28,20,
2007,RS,3,36,178,ROA,PTEV,"HESS, ADAM",2FGA,Missed Two Pointer,0,366,2,B,,,,15,06:00,28,20,
2007,RS,3,36,180,BAR,PJOB,"MORANDAIS, MICHEL",3FGM,Three Pointer,3,679,-43,A,,,,15,06:00,31,20,
2007,RS,3,36,189,ROA,PTFA,"CAZALON, LAURENT",3FGA,Missed Three Pointer,0,346,615,G,,,,15,06:00,31,20,
2007,RS,3,36,191,BAR,PJOB,"MORANDAIS, MICHEL",3FGA,Missed Three Pointer,0,507,474,G,,,,15,06:00,31,20,
2007,RS,3,36,194,ROA,PTEY,"BADIANE, PAPE",2FGA,Missed Two Pointer,0,-233,469,I,,,,16,05:00,31,20,
2007,RS,3,36,207,BAR,PATA,"LAKOVIC, JAKA",FTM,Free Throw In,1,-1,-1, ,,,,16,05:00,32,20,
2007,RS,3,36,210,BAR,PATA,"LAKOVIC, JAKA",2FGM,Two Pointer,2,-82,28,D,,,,16,05:00,34,20,
2007,RS,3,36,212,ROA,PTFC,"POUPET, PIERRIC",3FGM,Three Pointer,3,584,441,G,,,,16,05:00,34,23,
2007,RS,3,36,215,BAR,PATA,"LAKOVIC, JAKA",3FGM,Three Pointer,3,-502,476,J,,,,17,04:00,37,23,
2007,RS,3,36,216,ROA,PTEY,"BADIANE, PAPE",2FGA,Missed Two Pointer,0,-238,433,I,,,,17,04:00,37,23,
2007,RS,3,36,228,ROA,PTEX,"PELLIN, MARC-ANTOINE",FTM,Free Throw In,1,-1,-1, ,,,,17,04:00,37,24,
2007,RS,3,36,229,ROA,PJSU,"NOLAN, NORMAN",2FGA,Missed Two Pointer,0,-128,194,D,,,,17,04:00,37,24,
2007,RS,3,36,232,ROA,PTEZ,"RUSH, BRION",3FGM,Three Pointer,3,-571,382,F,,,,18,03:00,37,27,
2007,RS,3,36,237,ROA,PTFC,"POUPET, PIERRIC",FTM,Free Throw In,1,-1,-1, ,,,,18,03:00,37,28,
2007,RS,3,36,238,ROA,PTFC,"POUPET, PIERRIC",FTM,Free Throw In,1,-1,-1, ,,,,18,03:00,37,29,
2007,RS,3,36,239,ROA,PTFC,"POUPET, PIERRIC",FTM,Free Throw In,1,-1,-1, ,,,,18,03:00,37,30,
2007,RS,3,36,243,BAR,PJKP,"ILYASOVA, ERSAN",2FGM,Two Pointer,2,-76,20,D,,,,19,02:00,39,30,
2007,RS,3,36,248,BAR,PJKP,"ILYASOVA, ERSAN",2FGA,Missed Two Pointer,0,205,369,B,,,,19,02:00,39,30,
2007,RS,3,36,251,BAR,PADS,"BASILE, GIANLUCA",2FGM,Two Pointer,2,-171,12,D,,,,19,02:00,41,30,
2007,RS,3,36,252,ROA,PTEZ,"RUSH, BRION",2FGM,Two Pointer,2,-92,69,D,,,,19,02:00,41,32,
2007,RS,3,36,255,BAR,PADS,"BASILE, GIANLUCA",3FGA,Missed Three Pointer,0,-684,-61,F,,,,20,01:00,41,32,
2007,RS,3,36,259,ROA,PTEU,"SALYERS, MARC",2FGM,Two Pointer,2,-79,102,D,,,,20,01:00,41,34,
2007,RS,3,36,267,BAR,PATA,"LAKOVIC, JAKA",FTM,Free Throw In,1,-1,-1, ,,,,20,01:00,42,34,
2007,RS,3,36,270,ROA,PJSU,"NOLAN, NORMAN",3FGA,Missed Three Pointer,0,-2,692,J,,,,20,01:00,42,34,
2007,RS,3,36,279,ROA,PTFB,"SOLIMAN, WILLIAMS",2FGAB,Missed Two Pointer,0,-189,-2,D,,,,21,10:00,42,34,
2007,RS,3,36,285,ROA,PTEU,"SALYERS, MARC",2FGM,Two Pointer,2,-5,41,D,,,,21,10:00,42,36,
2007,RS,3,36,288,BAR,PATA,"LAKOVIC, JAKA",3FGA,Missed Three Pointer,0,264,671,G,,,,22,09:00,42,36,
2007,RS,3,36,294,BAR,PBOD,"KASUN, MARIO",FTM,Free Throw In,1,-1,-1, ,,,,22,09:00,43,36,
2007,RS,3,36,295,BAR,PBOD,"KASUN, MARIO",FTM,Free Throw In,1,-1,-1, ,,,,22,09:00,44,36,
2007,RS,3,36,296,ROA,PTEZ,"RUSH, BRION",2FGA,Missed Two Pointer,0,187,71,C,,,,22,09:00,44,36,
2007,RS,3,36,298,ROA,PTEX,"PELLIN, MARC-ANTOINE",2FGM,Two Pointer,2,-241,356,E,,,,22,09:00,44,38,
2007,RS,3,36,300,BAR,PBOD,"KASUN, MARIO",2FGM,Two Pointer,2,20,135,C,,,,22,09:00,46,38,
2007,RS,3,36,303,ROA,PTEU,"SALYERS, MARC",2FGM,Two Pointer,2,-305,-15,E,,,,23,08:00,46,40,
2007,RS,3,36,304,BAR,PJOB,"MORANDAIS, MICHEL",3FGA,Missed Three Pointer,0,-497,505,J,,,,23,08:00,46,40,
2007,RS,3,36,308,ROA,PTEU,"SALYERS, MARC",2FGA,Missed Two Pointer,0,-258,-30,D,,,,23,08:00,46,40,
2007,RS,3,36,310,BAR,PBOD,"KASUN, MARIO",2FGAB,Missed Two Pointer,0,-215,23,D,,,,23,08:00,46,40,
2007,RS,3,36,315,ROA,PTFB,"SOLIMAN, WILLIAMS",2FGA,Missed Two Pointer,0,138,92,C,,,,24,07:00,46,40,
2007,RS,3,36,317,BAR,PATA,"LAKOVIC, JAKA",3FGA,Missed Three Pointer,0,-164,702,J,,,,24,07:00,46,40,
2007,RS,3,36,319,ROA,PTEZ,"RUSH, BRION",3FGA,Missed Three Pointer,0,-505,476,J,,,,24,07:00,46,40,
2007,RS,3,36,321,BAR,PBOD,"KASUN, MARIO",2FGM,Two Pointer,2,-133,69,D,,,,24,07:00,48,40,
2007,RS,3,36,327,BAR,PBOD,"KASUN, MARIO",FTM,Free Throw In,1,-1,-1, ,,,,24,07:00,49,40,
2007,RS,3,36,329,ROA,PTEU,"SALYERS, MARC",3FGA,Missed Three Pointer,0,-620,289,F,,,,25,06:00,49,40,
2007,RS,3,36,331,ROA,PTEU,"SALYERS, MARC",3FGA,Missed Three Pointer,0,-500,520,J,,,,25,06:00,49,40,
2007,RS,3,36,333,ROA,PTEZ,"RUSH, BRION",2FGM,Two Pointer,2,-446,-23,E,,,,25,06:00,49,42,
2007,RS,3,36,334,BAR,PATA,"LAKOVIC, JAKA",2FGA,Missed Two Pointer,0,-387,35,E,,,,25,06:00,49,42,
2007,RS,3,36,346,BAR,PADS,"BASILE, GIANLUCA",3FGAB,Missed Three Pointer,0,-546,402,F,,,,26,05:00,49,42,
2007,RS,3,36,350,BAR,PADS,"BASILE, GIANLUCA",2FGAB,Missed Two Pointer,0,-174,202,D,,,,26,05:00,49,42,
2007,RS,3,36,358,ROA,PTEY,"BADIANE, PAPE",2FGM,Two Pointer,2,-10,5,D,,,,26,05:00,49,44,
2007,RS,3,36,361,BAR,PJJF,"TRIAS, JORDI",2FGAB,Missed Two Pointer,0,-125,-17,D,,,,27,04:00,49,44,
2007,RS,3,36,365,ROA,PTEU,"SALYERS, MARC",2FGM,Two Pointer,2,-179,58,D,,,,27,04:00,49,46,
2007,RS,3,36,367,BAR,PAZU,"SANCHEZ, PEPE",2FGA,Missed Two Pointer,0,520,233,B,,,,27,04:00,49,46,
2007,RS,3,36,369,BAR,PBKE,"GRIMAU, ROGER",2FGAB,Missed Two Pointer,0,161,102,C,,,,27,04:00,49,46,
2007,RS,3,36,380,BAR,PBOD,"KASUN, MARIO",2FGM,Two Pointer,2,-117,82,D,,,,27,04:00,51,46,
2007,RS,3,36,382,ROA,PTEU,"SALYERS, MARC",3FGM,Three Pointer,3,276,830,G,,,,28,03:00,51,49,
2007,RS,3,36,383,BAR,PATA,"LAKOVIC, JAKA",3FGM,Three Pointer,3,646,207,A,,,,28,03:00,54,49,
2007,RS,3,36,385,ROA,PTEY,"BADIANE, PAPE",2FGA,Missed Two Pointer,0,-161,38,D,,,,29,02:00,54,49,
2007,RS,3,36,387,BAR,PJJF,"TRIAS, JORDI",2FGM,Two Pointer,2,-2,5,D,,,,29,02:00,56,49,
2007,RS,3,36,389,ROA,PTEZ,"RUSH, BRION",3FGA,Missed Three Pointer,0,512,484,G,,,,29,02:00,56,49,
2007,RS,3,36,394,ROA,PTEU,"SALYERS, MARC",2FGA,Missed Two Pointer,0,5,369,C,,,,30,01:00,56,49,
2007,RS,3,36,396,ROA,PTEU,"SALYERS, MARC",2FGM,Two Pointer,2,-35,138,D,,,,30,01:00,56,51,
2007,RS,3,36,397,BAR,PATA,"LAKOVIC, JAKA",3FGM,Three Pointer,3,-71,712,J,,,,30,01:00,59,51,
2007,RS,3,36,409,BAR,PAZU,"SANCHEZ, PEPE",3FGA,Missed Three Pointer,0,17,715,G,,,,31,10:00,59,51,
2007,RS,3,36,412,BAR,PBKE,"GRIMAU, ROGER",2FGM,Two Pointer,2,-161,71,D,,,,31,10:00,61,51,
2007,RS,3,36,415,ROA,PTEZ,"RUSH, BRION",3FGM,Three Pointer,3,371,548,G,,,,32,09:00,61,54,
2007,RS,3,36,419,ROA,PTEX,"PELLIN, MARC-ANTOINE",2FGA,Missed Two Pointer,0,117,33,C,,,,32,09:00,61,54,
2007,RS,3,36,425,ROA,PTEV,"HESS, ADAM",3FGA,Missed Three Pointer,0,-315,615,J,,,,33,08:00,61,54,
2007,RS,3,36,429,BAR,PBKE,"GRIMAU, ROGER",FTM,Free Throw In,1,-1,-1, ,,,,33,08:00,62,54,
2007,RS,3,36,430,BAR,PBKE,"GRIMAU, ROGER",FTM,Free Throw In,1,-1,-1, ,,,,33,08:00,63,54,
2007,RS,3,36,434,ROA,PJSU,"NOLAN, NORMAN",FTM,Free Throw In,1,-1,-1, ,,,,33,08:00,63,55,
2007,RS,3,36,435,BAR,PJJF,"TRIAS, JORDI",2FGM,Two Pointer,2,402,-12,B,,,,33,08:00,65,55,
2007,RS,3,36,438,ROA,PTEV,"HESS, ADAM",3FGM,Three Pointer,3,-679,51,F,,,,34,07:00,65,58,
2007,RS,3,36,440,BAR,PBOD,"KASUN, MARIO",2FGM,Two Pointer,2,-105,92,D,,,,34,07:00,67,58,
2007,RS,3,36,444,BAR,PBOD,"KASUN, MARIO",FTM,Free Throw In,1,-1,-1, ,,,,34,07:00,68,58,
2007,RS,3,36,447,ROA,PTEV,"HESS, ADAM",2FGM,Two Pointer,2,135,71,C,,,,34,07:00,68,60,
2007,RS,3,36,450,BAR,PJJF,"TRIAS, JORDI",2FGM,Two Pointer,2,102,76,C,,,,35,06:00,70,60,
2007,RS,3,36,452,ROA,PJSU,"NOLAN, NORMAN",2FGA,Missed Two Pointer,0,-133,53,D,,,,35,06:00,70,60,
2007,RS,3,36,454,BAR,PBKE,"GRIMAU, ROGER",2FGA,Missed Two Pointer,0,-53,92,D,,,,35,06:00,70,60,
2007,RS,3,36,456,ROA,PTEZ,"RUSH, BRION",2FGM,Two Pointer,2,46,87,C,,,,35,06:00,70,62,
2007,RS,3,36,458,BAR,PATA,"LAKOVIC, JAKA",3FGA,Missed Three Pointer,0,435,569,G,,,,35,06:00,70,62,
2007,RS,3,36,461,ROA,PTEZ,"RUSH, BRION",3FGA,Missed Three Pointer,0,225,633,G,,,,36,05:00,70,62,
2007,RS,3,36,463,ROA,PJSU,"NOLAN, NORMAN",2FGA,Missed Two Pointer,0,58,66,C,,,,36,05:00,70,62,
2007,RS,3,36,465,ROA,PTEU,"SALYERS, MARC",2FGM,Two Pointer,2,56,76,C,,,,36,05:00,70,64,
2007,RS,3,36,466,BAR,PAZU,"SANCHEZ, PEPE",2FGA,Missed Two Pointer,0,-184,297,D,,,,36,05:00,70,64,
2007,RS,3,36,468,BAR,PJJF,"TRIAS, JORDI",2FGM,Two Pointer,2,102,58,C,,,,36,05:00,72,64,
2007,RS,3,36,470,ROA,PTEU,"SALYERS, MARC",3FGM,Three Pointer,3,256,646,G,,,,37,04:00,72,67,
2007,RS,3,36,480,BAR,PAZU,"SANCHEZ, PEPE",2FGM,Two Pointer,2,-443,156,E,,,,37,04:00,74,67,
2007,RS,3,36,482,ROA,PTEZ,"RUSH, BRION",2FGA,Missed Two Pointer,0,125,56,C,,,,38,03:00,74,67,
2007,RS,3,36,484,BAR,PJJF,"TRIAS, JORDI",2FGM,Two Pointer,2,92,71,C,,,,38,03:00,76,67,
2007,RS,3,36,486,ROA,PTEZ,"RUSH, BRION",3FGA,Missed Three Pointer,0,-669,10,F,,,,38,03:00,76,67,
2007,RS,3,36,493,BAR,PAZU,"SANCHEZ, PEPE",FTM,Free Throw In,1,-1,-1, ,,,,39,02:00,77,67,
2007,RS,3,36,498,ROA,PTEZ,"RUSH, BRION",FTM,Free Throw In,1,-1,-1, ,,,,39,02:00,77,68,
2007,RS,3,36,499,ROA,PTEZ,"RUSH, BRION",FTM,Free Throw In,1,-1,-1, ,,,,39,02:00,77,69,
2007,RS,3,36,500,BAR,PBKE,"GRIMAU, ROGER",3FGM,Three Pointer,3,-651,233,F,,,,39,02:00,80,69,
2007,RS,3,36,504,ROA,PTEY,"BADIANE, PAPE",2FGA,Missed Two Pointer,0,-189,69,D,,,,39,02:00,80,69,
2007,RS,3,36,506,ROA,PTFA,"CAZALON, LAURENT",2FGM,Two Pointer,2,-169,82,D,,,,39,02:00,80,71,
2007,RS,3,36,508,BAR,PBKE,"GRIMAU, ROGER",3FGA,Missed Three Pointer,0,-243,656,J,,,,40,01:00,80,71,
2007,RS,3,36,510,ROA,PTFA,"CAZALON, LAURENT",3FGM,Three Pointer,3,125,769,G,,,,40,01:00,80,74,
2007,RS,3,36,511,BAR,PBOD,"KASUN, MARIO",2FGM,Two Pointer,2,2,7,D,,,,40,01:00,82,74,
2007,RS,3,36,513,ROA,PTEY,"BADIANE, PAPE",3FGA,Missed Three Pointer,0,653,143,A,,,,40,01:00,82,74,
2007,RS,3,36,515,ROA,PTEU,"SALYERS, MARC",2FGA,Missed Two Pointer,0,-100,58,D,,,,40,01:00,82,74,
2007,RS,3,36,517,ROA,PTFA,"CAZALON, LAURENT",2FGM,Two Pointer,2,-84,66,D,,,,40,01:00,82,76,
2007,RS,4,37,4,CSK,PJMM,"SISKAUSKAS, RAMUNAS",3FGA,Missed Three Pointer,0,64,671,G,,,,1,10:00,0,0,
2007,RS,4,37,6,OLY,PTFV,"WOODS, QYNTEL",2FGM,Two Pointer,2,74,48,C,,,,1,10:00,0,2,
2007,RS,4,37,7,CSK,PJMM,"SISKAUSKAS, RAMUNAS",2FGA,Missed Two Pointer,0,-66,7,D,,,,1,10:00,0,2,
2007,RS,4,37,9,CSK,PBEB,"LANGDON, TRAJAN",2FGM,Two Pointer,2,-84,41,D,,,,1,10:00,2,2,
2007,RS,4,37,11,OLY,PAMM,"PRINTEZIS, GEORGIOS",2FGM,Two Pointer,2,58,15,C,,,,1,10:00,2,4,
2007,RS,4,37,18,CSK,PAQO,"HOLDEN, JON ROBERT",3FGM,Three Pointer,3,646,92,A,,,,3,08:00,5,4,
2007,RS,4,37,20,OLY,PJDR,"TEODOSIC, MILOS",3FGM,Three Pointer,3,-553,382,F,,,,3,08:00,5,7,
2007,RS,4,37,23,CSK,PJMM,"SISKAUSKAS, RAMUNAS",2FGA,Missed Two Pointer,0,-56,46,D,,,,3,08:00,5,7,
2007,RS,4,37,25,CSK,PJMM,"SISKAUSKAS, RAMUNAS",2FGM,Two Pointer,2,-82,33,D,,,,3,08:00,7,7,
2007,RS,4,37,26,OLY,PTFV,"WOODS, QYNTEL",3FGA,Missed Three Pointer,0,-28,694,J,,,,3,08:00,7,7,
2007,RS,4,37,29,CSK,PBEB,"LANGDON, TRAJAN",3FGA,Missed Three Pointer,0,0,682,J,,,,4,07:00,7,7,
2007,RS,4,37,32,CSK,PAQO,"HOLDEN, JON ROBERT",3FGM,Three Pointer,3,-335,571,J,,,,4,07:00,10,7,
2007,RS,4,37,33,OLY,P000126,"JACKSON, MARC",2FGA,Missed Two Pointer,0,-94,125,D,,,,4,07:00,10,7,
2007,RS,4,37,36,CSK,PAUC,"GOREE, MARCUS",3FGA,Missed Three Pointer,0,215,620,G,,,,5,06:00,10,7,
2007,RS,4,37,38,OLY,P000126,"JACKSON, MARC",2FGM,Two Pointer,2,66,-5,C,,,,5,06:00,10,9,
2007,RS,4,37,40,CSK,PBEB,"LANGDON, TRAJAN",3FGM,Three Pointer,3,664,25,A,,,,5,06:00,13,9,
2007,RS,4,37,43,OLY,PCRR,"GREER, LYNN",FTM,Free Throw In,1,-1,-1, ,,,,5,06:00,13,10,
2007,RS,4,37,44,OLY,PCRR,"GREER, LYNN",FTM,Free Throw In,1,-1,-1, ,,,,5,06:00,13,11,
2007,RS,4,37,48,OLY,P000126,"JACKSON, MARC",3FGM,Three Pointer,3,-120,651,J,,,,6,05:00,13,14,
2007,RS,4,37,50,CSK,PJMM,"SISKAUSKAS, RAMUNAS",3FGM,Three Pointer,3,-515,417,F,,,,6,05:00,16,14,
2007,RS,4,37,53,CSK,PAQO,"HOLDEN, JON ROBERT",2FGA,Missed Two Pointer,0,556,-56,B,,,,7,04:00,16,14,
2007,RS,4,37,55,CSK,PBEB,"LANGDON, TRAJAN",2FGM,Two Pointer,2,-64,28,D,,,,7,04:00,18,14,
2007,RS,4,37,60,CSK,PBEB,"LANGDON, TRAJAN",FTM,Free Throw In,1,-1,-1, ,,,,7,04:00,19,14,
2007,RS,4,37,61,OLY,PJDR,"TEODOSIC, MILOS",3FGA,Missed Three Pointer,0,641,171,A,,,,7,04:00,19,14,
2007,RS,4,37,63,OLY,P000126,"JACKSON, MARC",2FGAB,Missed Two Pointer,0,-51,12,D,,,,7,04:00,19,14,
2007,RS,4,37,68,OLY,P000126,"JACKSON, MARC",2FGM,Two Pointer,2,48,20,C,,,,7,04:00,19,16,
2007,RS,4,37,70,CSK,PAUC,"GOREE, MARCUS",2FGA,Missed Two Pointer,0,-158,269,D,,,,8,03:00,19,16,
2007,RS,4,37,72,OLY,PCRR,"GREER, LYNN",3FGM,Three Pointer,3,79,651,G,,,,8,03:00,19,19,
2007,RS,4,37,80,CSK,PAKT,"ANDERSEN, DAVID",2FGA,Missed Two Pointer,0,300,387,B,,,,9,02:00,19,19,
2007,RS,4,37,86,OLY,P000126,"JACKSON, MARC",2FGM,Two Pointer,2,-223,297,E,,,,9,02:00,19,21,
2007,RS,4,37,88,CSK,PBEB,"LANGDON, TRAJAN",3FGM,Three Pointer,3,-646,117,F,,,,9,02:00,22,21,
2007,RS,4,37,89,OLY,PCRR,"GREER, LYNN",3FGA,Missed Three Pointer,0,-458,474,J,,,,9,02:00,22,21,
2007,RS,4,37,92,CSK,PAUC,"GOREE, MARCUS",2FGA,Missed Two Pointer,0,5,130,C,,,,10,01:00,22,21,
2007,RS,4,37,94,CSK,PAUC,"GOREE, MARCUS",2FGA,Missed Two Pointer,0,-23,76,D,,,,10,01:00,22,21,
2007,RS,4,37,96,CSK,PAUC,"GOREE, MARCUS",2FGA,Missed Two Pointer,0,217,517,H,,,,10,01:00,22,21,
2007,RS,4,37,98,OLY,PAMM,"PRINTEZIS, GEORGIOS",2FGM,Two Pointer,2,-12,210,D,,,,10,01:00,22,23,
2007,RS,4,37,111,CSK,PJMM,"SISKAUSKAS, RAMUNAS",3FGAB,Missed Three Pointer,0,641,84,A,,,,11,10:00,22,23,
2007,RS,4,37,115,OLY,P000126,"JACKSON, MARC",2FGA,Missed Two Pointer,0,-320,38,E,,,,11,10:00,22,23,
2007,RS,4,37,117,CSK,PATW,"PAPALOUKAS, THEODOROS",2FGM,Two Pointer,2,-41,35,D,,,,11,10:00,24,23,
2007,RS,4,37,120,CSK,PATW,"PAPALOUKAS, THEODOROS",FTM,Free Throw In,1,-1,-1, ,,,,11,10:00,25,23,
2007,RS,4,37,124,OLY,P000126,"JACKSON, MARC",2FGA,Missed Two Pointer,0,33,74,C,,,,12,09:00,25,23,
2007,RS,4,37,126,CSK,PAKT,"ANDERSEN, DAVID",2FGA,Missed Two Pointer,0,79,64,C,,,,12,09:00,25,23,
2007,RS,4,37,128,CSK,PALR,"SAVRASENKO, ALEKSEY",2FGM,Two Pointer,2,-107,25,D,,,,12,09:00,27,23,
2007,RS,4,37,129,OLY,PJDR,"TEODOSIC, MILOS",3FGA,Missed Three Pointer,0,664,148,A,,,,12,09:00,27,23,
2007,RS,4,37,136,CSK,PJMM,"SISKAUSKAS, RAMUNAS",3FGA,Missed Three Pointer,0,17,684,G,,,,13,08:00,27,23,
2007,RS,4,37,142,OLY,PALG,"VASILIADIS, KOSTAS",3FGA,Missed Three Pointer,0,235,612,G,,,,13,08:00,27,23,
2007,RS,4,37,150,OLY,PJRF,"VASILOPOULOS, PANAGIOTIS",2FGA,Missed Two Pointer,0,-469,343,E,,,,13,08:00,27,23,
2007,RS,4,37,152,OLY,PJRF,"VASILOPOULOS, PANAGIOTIS",2FGM,Two Pointer,2,-74,10,D,,,,13,08:00,27,25,
2007,RS,4,37,154,CSK,PAUC,"GOREE, MARCUS",2FGA,Missed Two Pointer,0,-274,38,E,,,,14,07:00,27,25,
2007,RS,4,37,157,OLY,PALG,"VASILIADIS, KOSTAS",3FGM,Three Pointer,3,648,-30,A,,,,14,07:00,27,28,
2007,RS,4,37,160,CSK,PAUC,"GOREE, MARCUS",2FGM,Two Pointer,2,-58,-7,D,,,,15,06:00,29,28,
2007,RS,4,37,166,OLY,PJRF,"VASILOPOULOS, PANAGIOTIS",2FGM,Two Pointer,2,-7,0,D,,,,15,06:00,29,30,
2007,RS,4,37,167,CSK,PBEB,"LANGDON, TRAJAN",2FGM,Two Pointer,2,48,271,C,,,,15,06:00,31,30,
2007,RS,4,37,176,CSK,PJMM,"SISKAUSKAS, RAMUNAS",2FGM,Two Pointer,2,69,0,C,,,,16,05:00,33,30,
2007,RS,4,37,177,CSK,PAUC,"GOREE, MARCUS",FTM,Free Throw In,1,-1,-1, ,,,,16,05:00,34,30,
2007,RS,4,37,178,OLY,PJRF,"VASILOPOULOS, PANAGIOTIS",3FGM,Three Pointer,3,415,494,G,,,,16,05:00,34,33,
2007,RS,4,37,179,CSK,PAKT,"ANDERSEN, DAVID",2FGA,Missed Two Pointer,0,-348,5,E,,,,16,05:00,34,33,
2007,RS,4,37,183,OLY,PJRF,"VASILOPOULOS, PANAGIOTIS",2FGA,Missed Two Pointer,0,38,171,C,,,,16,05:00,34,33,
2007,RS,4,37,186,CSK,PJMM,"SISKAUSKAS, RAMUNAS",3FGA,Missed Three Pointer,0,35,694,G,,,,17,04:00,34,33,
2007,RS,4,37,188,OLY,PCRR,"GREER, LYNN",2FGM,Two Pointer,2,-61,41,D,,,,17,04:00,34,35,
2007,RS,4,37,189,CSK,PBEB,"LANGDON, TRAJAN",3FGA,Missed Three Pointer,0,664,-38,A,,,,17,04:00,34,35,
2007,RS,4,37,191,OLY,PCRR,"GREER, LYNN",2FGM,Two Pointer,2,38,2,C,,,,17,04:00,34,37,
2007,RS,4,37,201,OLY,PCRR,"GREER, LYNN",FTM,Free Throw In,1,-1,-1, ,,,,17,04:00,34,38,
2007,RS,4,37,202,CSK,PATW,"PAPALOUKAS, THEODOROS",2FGM,Two Pointer,2,79,20,C,,,,17,04:00,36,38,
2007,RS,4,37,208,CSK,PAQO,"HOLDEN, JON ROBERT",3FGM,Three Pointer,3,489,464,G,,,,18,03:00,39,38,
2007,RS,4,37,209,OLY,PCRR,"GREER, LYNN",2FGA,Missed Two Pointer,0,-66,7,D,,,,18,03:00,39,38,
2007,RS,4,37,213,CSK,PAKT,"ANDERSEN, DAVID",3FGM,Three Pointer,3,-379,538,J,,,,19,02:00,42,38,
2007,RS,4,37,217,OLY,PALG,"VASILIADIS, KOSTAS",3FGA,Missed Three Pointer,0,233,620,G,,,,19,02:00,42,38,
2007,RS,4,37,221,CSK,PATW,"PAPALOUKAS, THEODOROS",FTM,Free Throw In,1,-1,-1, ,,,,19,02:00,43,38,
2007,RS,4,37,223,CSK,PBEB,"LANGDON, TRAJAN",2FGM,Two Pointer,2,217,184,C,,,,19,02:00,45,38,
2007,RS,4,37,225,OLY,PCRR,"GREER, LYNN",2FGA,Missed Two Pointer,0,-89,143,D,,,,20,01:00,45,38,
2007,RS,4,37,233,OLY,PTFV,"WOODS, QYNTEL",3FGA,Missed Three Pointer,0,-510,582,J,,,,20,01:00,45,38,
2007,RS,4,37,245,OLY,PCRR,"GREER, LYNN",2FGM,Two Pointer,2,-46,5,D,,,,20,01:00,45,40,
2007,RS,4,37,254,OLY,PJDR,"TEODOSIC, MILOS",2FGM,Two Pointer,2,38,2,C,,,,21,10:00,45,42,
2007,RS,4,37,256,CSK,PJMM,"SISKAUSKAS, RAMUNAS",3FGM,Three Pointer,3,423,502,G,,,,21,10:00,48,42,
2007,RS,4,37,257,OLY,PCRR,"GREER, LYNN",3FGM,Three Pointer,3,158,661,G,,,,21,10:00,48,45,
2007,RS,4,37,260,OLY,PCRR,"GREER, LYNN",FTM,Free Throw In,1,-1,-1, ,,,,21,10:00,48,46,
2007,RS,4,37,262,CSK,PAUC,"GOREE, MARCUS",2FGA,Missed Two Pointer,0,-12,379,D,,,,22,09:00,48,46,
2007,RS,4,37,266,OLY,PTFV,"WOODS, QYNTEL",3FGA,Missed Three Pointer,0,-212,623,J,,,,22,09:00,48,46,
2007,RS,4,37,268,CSK,PJMM,"SISKAUSKAS, RAMUNAS",3FGA,Missed Three Pointer,0,384,517,G,,,,22,09:00,48,46,
2007,RS,4,37,270,CSK,PBEB,"LANGDON, TRAJAN",3FGM,Three Pointer,3,-343,566,J,,,,22,09:00,51,46,
2007,RS,4,37,274,CSK,PBEB,"LANGDON, TRAJAN",2FGA,Missed Two Pointer,0,71,46,C,,,,23,08:00,51,46,
2007,RS,4,37,276,OLY,P000126,"JACKSON, MARC",2FGA,Missed Two Pointer,0,-53,2,D,,,,23,08:00,51,46,
2007,RS,4,37,278,CSK,PJMM,"SISKAUSKAS, RAMUNAS",2FGM,Two Pointer,2,110,107,C,,,,23,08:00,53,46,
2007,RS,4,37,281,CSK,PBEB,"LANGDON, TRAJAN",2FGA,Missed Two Pointer,0,107,76,C,,,,24,07:00,53,46,
2007,RS,4,37,286,CSK,PALR,"SAVRASENKO, ALEKSEY",2FGM,Two Pointer,2,-46,7,D,,,,24,07:00,55,46,
2007,RS,4,37,294,OLY,P000126,"JACKSON, MARC",2FGM,Two Pointer,2,61,48,C,,,,25,06:00,55,48,
2007,RS,4,37,298,OLY,PCRR,"GREER, LYNN",2FGM,Two Pointer,2,-592,12,E,,,,26,05:00,55,50,
2007,RS,4,37,299,CSK,PJMM,"SISKAUSKAS, RAMUNAS",3FGA,Missed Three Pointer,0,-512,402,F,,,,26,05:00,55,50,
2007,RS,4,37,308,OLY,PJRF,"VASILOPOULOS, PANAGIOTIS",3FGA,Missed Three Pointer,0,-620,246,F,,,,26,05:00,55,50,
2007,RS,4,37,311,CSK,PAQO,"HOLDEN, JON ROBERT",3FGA,Missed Three Pointer,0,394,523,G,,,,27,04:00,55,50,
2007,RS,4,37,314,OLY,P000126,"JACKSON, MARC",3FGM,Three Pointer,3,123,643,G,,,,27,04:00,55,53,
2007,RS,4,37,317,CSK,PAKT,"ANDERSEN, DAVID",FTM,Free Throw In,1,-1,-1, ,,,,27,04:00,56,53,
2007,RS,4,37,318,CSK,PAKT,"ANDERSEN, DAVID",FTM,Free Throw In,1,-1,-1, ,,,,27,04:00,57,53,
2007,RS,4,37,321,OLY,PCRR,"GREER, LYNN",2FGM,Two Pointer,2,-400,94,E,,,,27,04:00,57,55,
2007,RS,4,37,323,CSK,PAKT,"ANDERSEN, DAVID",3FGA,Missed Three Pointer,0,-484,448,J,,,,28,03:00,57,55,
2007,RS,4,37,326,OLY,P000126,"JACKSON, MARC",2FGM,Two Pointer,2,-41,15,D,,,,28,03:00,57,57,
2007,RS,4,37,327,CSK,PATW,"PAPALOUKAS, THEODOROS",2FGM,Two Pointer,2,-51,23,D,,,,28,03:00,59,57,
2007,RS,4,37,332,CSK,PAKT,"ANDERSEN, DAVID",2FGA,Missed Two Pointer,0,53,61,C,,,,29,02:00,59,57,
2007,RS,4,37,337,OLY,P000126,"JACKSON, MARC",FTM,Free Throw In,1,-1,-1, ,,,,29,02:00,59,58,
2007,RS,4,37,338,OLY,P000126,"JACKSON, MARC",FTM,Free Throw In,1,-1,-1, ,,,,29,02:00,59,59,
2007,RS,4,37,341,CSK,PAQO,"HOLDEN, JON ROBERT",3FGA,Missed Three Pointer,0,-46,646,J,,,,29,02:00,59,59,
2007,RS,4,37,344,OLY,PCRR,"GREER, LYNN",3FGM,Three Pointer,3,200,641,G,,,,30,01:00,59,62,
2007,RS,4,37,353,CSK,PATW,"PAPALOUKAS, THEODOROS",2FGM,Two Pointer,2,76,12,C,,,,30,01:00,61,62,
2007,RS,4,37,362,CSK,PATW,"PAPALOUKAS, THEODOROS",3FGA,Missed Three Pointer,0,448,482,G,,,,31,10:00,61,62,
2007,RS,4,37,384,CSK,PBEB,"LANGDON, TRAJAN",3FGM,Three Pointer,3,420,494,G,,,,32,09:00,64,62,
2007,RS,4,37,385,OLY,PBFY,"BLAKNEY, RODERICK",3FGA,Missed Three Pointer,0,-392,561,J,,,,32,09:00,64,62,
2007,RS,4,37,392,CSK,PBEB,"LANGDON, TRAJAN",2FGA,Missed Two Pointer,0,446,402,B,,,,33,08:00,64,62,
2007,RS,4,37,395,OLY,PAMM,"PRINTEZIS, GEORGIOS",2FGM,Two Pointer,2,-53,0,D,,,,33,08:00,64,64,
2007,RS,4,37,397,CSK,PJMM,"SISKAUSKAS, RAMUNAS",2FGM,Two Pointer,2,46,-7,C,,,,34,07:00,66,64,
2007,RS,4,37,399,OLY,PAMM,"PRINTEZIS, GEORGIOS",2FGM,Two Pointer,2,58,30,C,,,,34,07:00,66,66,
2007,RS,4,37,403,CSK,PALR,"SAVRASENKO, ALEKSEY",2FGM,Two Pointer,2,51,53,C,,,,34,07:00,68,66,
2007,RS,4,37,405,OLY,PJDR,"TEODOSIC, MILOS",3FGA,Missed Three Pointer,0,-366,553,J,,,,35,06:00,68,66,
2007,RS,4,37,409,CSK,PABN,"ZISIS, NIKOLAOS",FTM,Free Throw In,1,-1,-1, ,,,,35,06:00,69,66,
2007,RS,4,37,410,CSK,PABN,"ZISIS, NIKOLAOS",FTM,Free Throw In,1,-1,-1, ,,,,35,06:00,70,66,
2007,RS,4,37,416,OLY,PCRR,"GREER, LYNN",2FGM,Two Pointer,2,256,215,B,,,,35,06:00,70,68,
2007,RS,4,37,418,CSK,PAUC,"GOREE, MARCUS",2FGM,Two Pointer,2,369,141,B,,,,35,06:00,72,68,
2007,RS,4,37,424,OLY,PCRR,"GREER, LYNN",FTM,Free Throw In,1,-1,-1, ,,,,36,05:00,72,69,
2007,RS,4,37,425,OLY,PCRR,"GREER, LYNN",FTM,Free Throw In,1,-1,-1, ,,,,36,05:00,72,70,
2007,RS,4,37,427,CSK,PJMM,"SISKAUSKAS, RAMUNAS",3FGM,Three Pointer,3,476,438,G,,,,36,05:00,75,70,
2007,RS,4,37,430,OLY,P000126,"JACKSON, MARC",3FGA,Missed Three Pointer,0,7,669,G,,,,36,05:00,75,70,
2007,RS,4,37,435,CSK,PATW,"PAPALOUKAS, THEODOROS",FTM,Free Throw In,1,-1,-1, ,,,,36,05:00,76,70,
2007,RS,4,37,436,CSK,PATW,"PAPALOUKAS, THEODOROS",FTM,Free Throw In,1,-1,-1, ,,,,36,05:00,77,70,
2007,RS,4,37,439,OLY,PJDR,"TEODOSIC, MILOS",3FGM,Three Pointer,3,-576,333,F,,,,37,04:00,77,73,
2007,RS,4,37,440,CSK,PAUC,"GOREE, MARCUS",2FGM,Two Pointer,2,-84,17,D,,,,37,04:00,79,73,
2007,RS,4,37,446,CSK,PATW,"PAPALOUKAS, THEODOROS",2FGA,Missed Two Pointer,0,-97,74,D,,,,38,03:00,79,73,
2007,RS,4,37,452,OLY,PBFY,"BLAKNEY, RODERICK",FTM,Free Throw In,1,-1,-1, ,,,,38,03:00,79,74,
2007,RS,4,37,453,OLY,PBFY,"BLAKNEY, RODERICK",FTM,Free Throw In,1,-1,-1, ,,,,38,03:00,79,75,
2007,RS,4,37,456,CSK,PJMM,"SISKAUSKAS, RAMUNAS",FTM,Free Throw In,1,-1,-1, ,,,,38,03:00,80,75,
2007,RS,4,37,457,CSK,PJMM,"SISKAUSKAS, RAMUNAS",FTM,Free Throw In,1,-1,-1, ,,,,38,03:00,81,75,
2007,RS,4,37,462,CSK,PJMM,"SISKAUSKAS, RAMUNAS",FTM,Free Throw In,1,-1,-1, ,,,,38,03:00,82,75,
2007,RS,4,37,463,CSK,PJMM,"SISKAUSKAS, RAMUNAS",FTM,Free Throw In,1,-1,-1, ,,,,38,03:00,83,75,
2007,RS,4,37,465,OLY,PJDR,"TEODOSIC, MILOS",3FGA,Missed Three Pointer,0,-266,594,J,,,,39,02:00,83,75,
2007,RS,4,37,467,OLY,PJRF,"VASILOPOULOS, PANAGIOTIS",2FGA,Missed Two Pointer,0,82,82,C,,,,39,02:00,83,75,
2007,RS,4,37,469,OLY,P000126,"JACKSON, MARC",2FGM,Two Pointer,2,-58,-5,D,,,,39,02:00,83,77,
2007,RS,4,37,474,OLY,P000126,"JACKSON, MARC",FTM,Free Throw In,1,-1,-1, ,,,,39,02:00,83,78,
2007,RS,4,37,475,CSK,PJMM,"SISKAUSKAS, RAMUNAS",3FGM,Three Pointer,3,-453,474,J,,,,39,02:00,86,78,
2007,RS,4,37,476,OLY,PBFY,"BLAKNEY, RODERICK",2FGAB,Missed Two Pointer,0,94,58,C,,,,39,02:00,86,78,
2007,RS,4,37,484,OLY,P000126,"JACKSON, MARC",FTM,Free Throw In,1,-1,-1, ,,,,39,02:00,86,79,
2007,RS,4,37,488,CSK,PATW,"PAPALOUKAS, THEODOROS",2FGM,Two Pointer,2,35,10,C,,,,40,01:00,88,79,
2007,RS,4,37,495,OLY,PBFY,"BLAKNEY, RODERICK",3FGA,Missed Three Pointer,0,84,658,G,,,,40,01:00,88,79,
2007,RS,4,37,497,OLY,PJDR,"TEODOSIC, MILOS",3FGA,Missed Three Pointer,0,476,505,G,,,,40,01:00,88,79,
2007,RS,4,38,4,ZAL,PBDB,"COLLINS, DE JUAN",2FGAB,Missed Two Pointer,0,-15,82,D,,,,1,10:00,0,0,
2007,RS,4,38,7,LJU,PAIV,"MILIC, MARKO",2FGM,Two Pointer,2,25,61,C,,,,1,10:00,0,2,
2007,RS,4,38,11,LJU,PTGG,"TAYLOR, RONELL",2FGM,Two Pointer,2,251,430,H,,,,1,10:00,0,4,
2007,RS,4,38,13,ZAL,PADX,"ZUKAUSKAS, EURELJUS",2FGA,Missed Two Pointer,0,-41,94,D,,,,2,09:00,0,4,
2007,RS,4,38,15,LJU,PAIV,"MILIC, MARKO",2FGAB,Missed Two Pointer,0,28,87,C,,,,2,09:00,0,4,
2007,RS,4,38,18,LJU,PAPY,"HUKIC, JASMIN",3FGA,Missed Three Pointer,0,-438,564,J,,,,2,09:00,0,4,
2007,RS,4,38,24,ZAL,PBWI,"JANKUNAS, PAULIUS",2FGM,Two Pointer,2,28,487,H,,,,2,09:00,2,4,
2007,RS,4,38,27,LJU,PTHB,"DRAGIC, GORAN",2FGA,Missed Two Pointer,0,7,200,C,,,,3,08:00,2,4,
2007,RS,4,38,31,ZAL,PBDB,"COLLINS, DE JUAN",FTM,Free Throw In,1,-1,-1, ,,,,3,08:00,3,4,
2007,RS,4,38,32,ZAL,PBDB,"COLLINS, DE JUAN",FTM,Free Throw In,1,-1,-1, ,,,,3,08:00,4,4,
2007,RS,4,38,36,LJU,PJBJ,"BEGIC, MIRZA",FTM,Free Throw In,1,-1,-1, ,,,,3,08:00,4,5,
2007,RS,4,38,37,ZAL,PJCC,"MACIULIS, JONAS",2FGA,Missed Two Pointer,0,-2,87,D,,,,3,08:00,4,5,
2007,RS,4,38,39,LJU,PAIV,"MILIC, MARKO",2FGM,Two Pointer,2,-7,2,D,,,,3,08:00,4,7,
2007,RS,4,38,41,ZAL,PAHT,"BROWN, MARCUS",2FGA,Missed Two Pointer,0,0,189,D,,,,4,07:00,4,7,
2007,RS,4,38,47,ZAL,PAHT,"BROWN, MARCUS",FTM,Free Throw In,1,-1,-1, ,,,,4,07:00,5,7,
2007,RS,4,38,48,ZAL,PAHT,"BROWN, MARCUS",FTM,Free Throw In,1,-1,-1, ,,,,4,07:00,6,7,
2007,RS,4,38,49,LJU,PJBJ,"BEGIC, MIRZA",2FGM,Two Pointer,2,-5,69,D,,,,4,07:00,6,9,
2007,RS,4,38,50,ZAL,PBDB,"COLLINS, DE JUAN",2FGM,Two Pointer,2,-466,148,E,,,,4,07:00,8,9,
2007,RS,4,38,52,LJU,PAPY,"HUKIC, JASMIN",3FGA,Missed Three Pointer,0,658,246,A,,,,5,06:00,8,9,
2007,RS,4,38,57,LJU,PAIV,"MILIC, MARKO",FTM,Free Throw In,1,-1,-1, ,,,,5,06:00,8,10,
2007,RS,4,38,58,ZAL,PAHT,"BROWN, MARCUS",2FGM,Two Pointer,2,-451,69,E,,,,5,06:00,10,10,
2007,RS,4,38,60,LJU,PJBJ,"BEGIC, MIRZA",2FGA,Missed Two Pointer,0,2,153,D,,,,5,06:00,10,10,
2007,RS,4,38,62,LJU,PTGG,"TAYLOR, RONELL",3FGA,Missed Three Pointer,0,482,576,G,,,,5,06:00,10,10,
2007,RS,4,38,64,ZAL,PBWI,"JANKUNAS, PAULIUS",2FGM,Two Pointer,2,0,10,D,,,,5,06:00,12,10,
2007,RS,4,38,67,LJU,PTHB,"DRAGIC, GORAN",2FGA,Missed Two Pointer,0,-28,397,D,,,,6,05:00,12,10,
2007,RS,4,38,69,ZAL,PJCC,"MACIULIS, JONAS",2FGM,Two Pointer,2,5,141,C,,,,6,05:00,14,10,
2007,RS,4,38,72,LJU,PAIV,"MILIC, MARKO",FTM,Free Throw In,1,-1,-1, ,,,,6,05:00,14,11,
2007,RS,4,38,75,LJU,PAIV,"MILIC, MARKO",FTM,Free Throw In,1,-1,-1, ,,,,6,05:00,14,12,
2007,RS,4,38,76,ZAL,PAHT,"BROWN, MARCUS",3FGM,Three Pointer,3,664,197,A,,,,6,05:00,17,12,
2007,RS,4,38,79,ZAL,PJCC,"MACIULIS, JONAS",2FGM,Two Pointer,2,-17,76,D,,,,7,04:00,19,12,
2007,RS,4,38,82,LJU,PTGK,"BAILEY, MAURICE",2FGA,Missed Two Pointer,0,-5,164,D,,,,7,04:00,19,12,
2007,RS,4,38,85,ZAL,PBWI,"JANKUNAS, PAULIUS",2FGA,Missed Two Pointer,0,-64,71,D,,,,8,03:00,19,12,
2007,RS,4,38,89,LJU,PAIV,"MILIC, MARKO",FTM,Free Throw In,1,-1,-1, ,,,,8,03:00,19,13,
2007,RS,4,38,92,LJU,PAIV,"MILIC, MARKO",2FGM,Two Pointer,2,-30,94,D,,,,8,03:00,19,15,
2007,RS,4,38,97,LJU,PTGK,"BAILEY, MAURICE",2FGM,Two Pointer,2,-371,210,E,,,,8,03:00,19,17,
2007,RS,4,38,105,ZAL,PBDB,"COLLINS, DE JUAN",FTM,Free Throw In,1,-1,-1, ,,,,9,02:00,20,17,
2007,RS,4,38,106,ZAL,PBDB,"COLLINS, DE JUAN",FTM,Free Throw In,1,-1,-1, ,,,,9,02:00,21,17,
2007,RS,4,38,110,LJU,PJBJ,"BEGIC, MIRZA",FTM,Free Throw In,1,-1,-1, ,,,,9,02:00,21,18,
2007,RS,4,38,116,ZAL,PBDE,"JURAK, GORAN",FTM,Free Throw In,1,-1,-1, ,,,,9,02:00,22,18,
2007,RS,4,38,117,LJU,PTGG,"TAYLOR, RONELL",2FGA,Missed Two Pointer,0,105,56,C,,,,9,02:00,22,18,
2007,RS,4,38,119,LJU,PAIV,"MILIC, MARKO",2FGM,Two Pointer,2,5,87,C,,,,9,02:00,22,20,
2007,RS,4,38,125,ZAL,PBDB,"COLLINS, DE JUAN",FTM,Free Throw In,1,-1,-1, ,,,,9,02:00,23,20,
2007,RS,4,38,127,LJU,PAIV,"MILIC, MARKO",2FGM,Two Pointer,2,-25,56,D,,,,10,01:00,23,22,
2007,RS,4,38,128,ZAL,PJCC,"MACIULIS, JONAS",3FGA,Missed Three Pointer,0,258,684,G,,,,10,01:00,23,22,
2007,RS,4,38,132,ZAL,PAHT,"BROWN, MARCUS",2FGM,Two Pointer,2,74,130,C,,,,10,01:00,25,22,
2007,RS,4,38,133,LJU,PAIV,"MILIC, MARKO",3FGA,Missed Three Pointer,0,397,700,G,,,,10,01:00,25,22,
2007,RS,4,38,139,LJU,PAIV,"MILIC, MARKO",2FGA,Missed Two Pointer,0,56,74,C,,,,11,10:00,25,22,
2007,RS,4,38,143,ZAL,PAHT,"BROWN, MARCUS",3FGA,Missed Three Pointer,0,387,602,G,,,,11,10:00,25,22,
2007,RS,4,38,145,LJU,PTGK,"BAILEY, MAURICE",2FGM,Two Pointer,2,46,43,C,,,,11,10:00,25,24,
2007,RS,4,38,148,ZAL,PATP,"POPOVIC, MARKO",3FGM,Three Pointer,3,-446,571,J,,,,11,10:00,28,24,
2007,RS,4,38,151,LJU,PAIV,"MILIC, MARKO",2FGM,Two Pointer,2,92,97,C,,,,12,09:00,28,26,
2007,RS,4,38,153,ZAL,PANY,"SALENGA, DAINIUS",3FGAB,Missed Three Pointer,0,458,556,G,,,,12,09:00,28,26,
2007,RS,4,38,158,LJU,PTGK,"BAILEY, MAURICE",2FGM,Two Pointer,2,53,89,C,,,,12,09:00,28,28,
2007,RS,4,38,170,LJU,P000184,"BOOKER, CHRIS",2FGA,Missed Two Pointer,0,451,79,B,,,,13,08:00,28,28,
2007,RS,4,38,174,LJU,PTGI,"DONCIC, SASA",2FGM,Two Pointer,2,-53,128,D,,,,13,08:00,28,30,
2007,RS,4,38,184,LJU,PTGK,"BAILEY, MAURICE",3FGM,Three Pointer,3,684,43,A,,,,13,08:00,28,33,
2007,RS,4,38,187,ZAL,PBDB,"COLLINS, DE JUAN",2FGM,Two Pointer,2,-120,41,D,,,,14,07:00,30,33,
2007,RS,4,38,188,LJU,PAPY,"HUKIC, JASMIN",3FGM,Three Pointer,3,-20,687,J,,,,14,07:00,30,36,
2007,RS,4,38,190,ZAL,PANY,"SALENGA, DAINIUS",2FGM,Two Pointer,2,84,48,C,,,,14,07:00,32,36,
2007,RS,4,38,194,ZAL,PBDB,"COLLINS, DE JUAN",2FGM,Two Pointer,2,-87,35,D,,,,15,06:00,34,36,
2007,RS,4,38,196,LJU,PTGK,"BAILEY, MAURICE",2FGA,Missed Two Pointer,0,315,235,B,,,,15,06:00,34,36,
2007,RS,4,38,203,ZAL,PJCC,"MACIULIS, JONAS",FTM,Free Throw In,1,-1,-1, ,,,,15,06:00,35,36,
2007,RS,4,38,210,ZAL,PAHT,"BROWN, MARCUS",2FGM,Two Pointer,2,17,135,C,,,,16,05:00,37,36,
2007,RS,4,38,213,ZAL,PBDB,"COLLINS, DE JUAN",2FGM,Two Pointer,2,-46,48,D,,,,16,05:00,39,36,
2007,RS,4,38,216,LJU,PAPY,"HUKIC, JASMIN",3FGA,Missed Three Pointer,0,-666,187,F,,,,16,05:00,39,36,
2007,RS,4,38,218,ZAL,PJCC,"MACIULIS, JONAS",2FGM,Two Pointer,2,-69,33,D,,,,16,05:00,41,36,
2007,RS,4,38,220,LJU,PTHB,"DRAGIC, GORAN",2FGA,Missed Two Pointer,0,-38,100,D,,,,17,04:00,41,36,
2007,RS,4,38,228,ZAL,PANY,"SALENGA, DAINIUS",2FGM,Two Pointer,2,0,5,D,,,,17,04:00,43,36,
2007,RS,4,38,233,ZAL,PAHT,"BROWN, MARCUS",2FGM,Two Pointer,2,-10,64,D,,,,18,03:00,45,36,
2007,RS,4,38,237,ZAL,PAHT,"BROWN, MARCUS",FTM,Free Throw In,1,-1,-1, ,,,,18,03:00,46,36,
2007,RS,4,38,240,LJU,PAIV,"MILIC, MARKO",2FGM,Two Pointer,2,10,76,C,,,,18,03:00,46,38,
2007,RS,4,38,242,ZAL,PAHT,"BROWN, MARCUS",2FGM,Two Pointer,2,297,441,H,,,,18,03:00,48,38,
2007,RS,4,38,248,ZAL,PBWI,"JANKUNAS, PAULIUS",2FGA,Missed Two Pointer,0,48,82,C,,,,19,02:00,48,38,
2007,RS,4,38,250,ZAL,PJCC,"MACIULIS, JONAS",2FGA,Missed Two Pointer,0,15,115,C,,,,19,02:00,48,38,
2007,RS,4,38,252,LJU,PTHB,"DRAGIC, GORAN",2FGA,Missed Two Pointer,0,-7,382,D,,,,19,02:00,48,38,
2007,RS,4,38,258,ZAL,PAHT,"BROWN, MARCUS",FTM,Free Throw In,1,-1,-1, ,,,,19,02:00,49,38,
2007,RS,4,38,259,ZAL,PAHT,"BROWN, MARCUS",FTM,Free Throw In,1,-1,-1, ,,,,19,02:00,50,38,
2007,RS,4,38,262,LJU,PTGK,"BAILEY, MAURICE",2FGA,Missed Two Pointer,0,-325,148,E,,,,19,02:00,50,38,
2007,RS,4,38,264,LJU,PLHD,"ZUPAN, MIHA",2FGA,Missed Two Pointer,0,-97,184,D,,,,19,02:00,50,38,
2007,RS,4,38,266,LJU,PTGG,"TAYLOR, RONELL",2FGM,Two Pointer,2,61,46,C,,,,19,02:00,50,40,
2007,RS,4,38,272,ZAL,PANY,"SALENGA, DAINIUS",2FGM,Two Pointer,2,379,179,B,,,,20,01:00,52,40,
2007,RS,4,38,274,LJU,PTGG,"TAYLOR, RONELL",2FGM,Two Pointer,2,-100,494,I,,,,20,01:00,52,42,
2007,RS,4,38,275,ZAL,PANY,"SALENGA, DAINIUS",2FGM,Two Pointer,2,-138,-38,D,,,,20,01:00,54,42,
2007,RS,4,38,277,LJU,PLHD,"ZUPAN, MIHA",2FGA,Missed Two Pointer,0,130,30,C,,,,20,01:00,54,42,
2007,RS,4,38,279,LJU,PLHD,"ZUPAN, MIHA",2FGA,Missed Two Pointer,0,110,35,C,,,,20,01:00,54,42,
2007,RS,4,38,294,ZAL,PADX,"ZUKAUSKAS, EURELJUS",2FGA,Missed Two Pointer,0,-35,182,D,,,,21,10:00,54,42,
2007,RS,4,38,297,ZAL,PAHT,"BROWN, MARCUS",2FGM,Two Pointer,2,-484,-61,E,,,,21,10:00,56,42,
2007,RS,4,38,300,LJU,PAPY,"HUKIC, JASMIN",3FGA,Missed Three Pointer,0,-671,107,F,,,,22,09:00,56,42,
2007,RS,4,38,310,ZAL,PAHT,"BROWN, MARCUS",3FGM,Three Pointer,3,-164,684,J,,,,22,09:00,59,42,
2007,RS,4,38,318,LJU,PTHB,"DRAGIC, GORAN",FTM,Free Throw In,1,-1,-1, ,,,,22,09:00,59,43,
2007,RS,4,38,319,LJU,PTHB,"DRAGIC, GORAN",FTM,Free Throw In,1,-1,-1, ,,,,22,09:00,59,44,
2007,RS,4,38,321,LJU,PAIV,"MILIC, MARKO",2FGA,Missed Two Pointer,0,105,182,C,,,,22,09:00,59,44,
2007,RS,4,38,326,ZAL,PADX,"ZUKAUSKAS, EURELJUS",2FGA,Missed Two Pointer,0,2,135,D,,,,23,08:00,59,44,
2007,RS,4,38,328,ZAL,PBWI,"JANKUNAS, PAULIUS",2FGM,Two Pointer,2,23,135,C,,,,23,08:00,61,44,
2007,RS,4,38,329,LJU,PTGG,"TAYLOR, RONELL",3FGM,Three Pointer,3,48,746,G,,,,23,08:00,61,47,
2007,RS,4,38,334,ZAL,PADX,"ZUKAUSKAS, EURELJUS",FTM,Free Throw In,1,-1,-1, ,,,,24,07:00,62,47,
2007,RS,4,38,335,ZAL,PADX,"ZUKAUSKAS, EURELJUS",FTM,Free Throw In,1,-1,-1, ,,,,24,07:00,63,47,
2007,RS,4,38,338,ZAL,PBWI,"JANKUNAS, PAULIUS",2FGM,Two Pointer,2,-333,-5,E,,,,24,07:00,65,47,
2007,RS,4,38,342,LJU,PAIV,"MILIC, MARKO",2FGA,Missed Two Pointer,0,43,43,C,,,,24,07:00,65,47,
2007,RS,4,38,344,ZAL,PAHT,"BROWN, MARCUS",3FGA,Missed Three Pointer,0,-489,505,J,,,,24,07:00,65,47,
2007,RS,4,38,354,LJU,PTHB,"DRAGIC, GORAN",3FGA,Missed Three Pointer,0,574,469,G,,,,25,06:00,65,47,
2007,RS,4,38,356,ZAL,PJCC,"MACIULIS, JONAS",3FGM,Three Pointer,3,-510,487,J,,,,25,06:00,68,47,
2007,RS,4,38,359,LJU,PJYE,"RIZVIC, HASAN",2FGA,Missed Two Pointer,0,12,92,C,,,,26,05:00,68,47,
2007,RS,4,38,361,LJU,PJYE,"RIZVIC, HASAN",2FGM,Two Pointer,2,-7,53,D,,,,26,05:00,68,49,
2007,RS,4,38,371,LJU,PTGI,"DONCIC, SASA",3FGA,Missed Three Pointer,0,43,712,G,,,,26,05:00,68,49,
2007,RS,4,38,376,LJU,PTGG,"TAYLOR, RONELL",2FGM,Two Pointer,2,-2,12,D,,,,27,04:00,68,51,
2007,RS,4,38,378,ZAL,PJCC,"MACIULIS, JONAS",3FGA,Missed Three Pointer,0,-356,584,J,,,,27,04:00,68,51,
2007,RS,4,38,385,LJU,PJYE,"RIZVIC, HASAN",2FGM,Two Pointer,2,84,28,C,,,,28,03:00,68,53,
2007,RS,4,38,387,ZAL,PBDB,"COLLINS, DE JUAN",2FGM,Two Pointer,2,-84,25,D,,,,28,03:00,70,53,
2007,RS,4,38,391,LJU,PTGG,"TAYLOR, RONELL",3FGM,Three Pointer,3,-415,569,J,,,,28,03:00,70,56,
2007,RS,4,38,396,LJU,PAIV,"MILIC, MARKO",2FGM,Two Pointer,2,205,458,H,,,,29,02:00,70,58,
2007,RS,4,38,397,ZAL,PBDB,"COLLINS, DE JUAN",3FGA,Missed Three Pointer,0,546,435,G,,,,29,02:00,70,58,
2007,RS,4,38,406,ZAL,PJCC,"MACIULIS, JONAS",2FGA,Missed Two Pointer,0,200,200,C,,,,30,01:00,70,58,
2007,RS,4,38,411,LJU,PAPY,"HUKIC, JASMIN",FTM,Free Throw In,1,-1,-1, ,,,,30,01:00,70,59,
2007,RS,4,38,416,ZAL,PATP,"POPOVIC, MARKO",2FGM,Two Pointer,2,107,41,C,,,,31,10:00,72,59,
2007,RS,4,38,417,LJU,PJYE,"RIZVIC, HASAN",2FGM,Two Pointer,2,-71,17,D,,,,31,10:00,72,61,
2007,RS,4,38,424,ZAL,PJCC,"MACIULIS, JONAS",2FGM,Two Pointer,2,2,310,D,,,,32,09:00,74,61,
2007,RS,4,38,429,LJU,PTGK,"BAILEY, MAURICE",3FGA,Missed Three Pointer,0,330,625,G,,,,32,09:00,74,61,
2007,RS,4,38,432,ZAL,PATP,"POPOVIC, MARKO",3FGA,Missed Three Pointer,0,351,658,G,,,,33,08:00,74,61,
2007,RS,4,38,439,LJU,PAIV,"MILIC, MARKO",FTM,Free Throw In,1,-1,-1, ,,,,33,08:00,74,62,
2007,RS,4,38,440,ZAL,PANY,"SALENGA, DAINIUS",2FGAB,Missed Two Pointer,0,-20,112,D,,,,33,08:00,74,62,
2007,RS,4,38,444,LJU,PTHB,"DRAGIC, GORAN",2FGA,Missed Two Pointer,0,133,161,C,,,,33,08:00,74,62,
2007,RS,4,38,446,ZAL,PATP,"POPOVIC, MARKO",3FGA,Missed Three Pointer,0,505,564,G,,,,33,08:00,74,62,
2007,RS,4,38,451,LJU,PTGK,"BAILEY, MAURICE",FTM,Free Throw In,1,-1,-1, ,,,,34,07:00,74,63,
2007,RS,4,38,452,LJU,PTGK,"BAILEY, MAURICE",FTM,Free Throw In,1,-1,-1, ,,,,34,07:00,74,64,
2007,RS,4,38,459,ZAL,PANY,"SALENGA, DAINIUS",3FGM,Three Pointer,3,-692,-41,F,,,,34,07:00,77,64,
2007,RS,4,38,461,LJU,PJYE,"RIZVIC, HASAN",2FGA,Missed Two Pointer,0,58,82,C,,,,34,07:00,77,64,
2007,RS,4,38,464,ZAL,PAHT,"BROWN, MARCUS",3FGM,Three Pointer,3,500,543,G,,,,35,06:00,80,64,
2007,RS,4,38,474,LJU,PTGG,"TAYLOR, RONELL",2FGM,Two Pointer,2,-94,74,D,,,,36,05:00,80,66,
2007,RS,4,38,479,LJU,PTHB,"DRAGIC, GORAN",3FGA,Missed Three Pointer,0,-558,492,J,,,,36,05:00,80,66,
2007,RS,4,38,490,ZAL,PBDE,"JURAK, GORAN",FTM,Free Throw In,1,-1,-1, ,,,,37,04:00,81,66,
2007,RS,4,38,495,ZAL,PBDB,"COLLINS, DE JUAN",2FGA,Missed Two Pointer,0,123,79,C,,,,37,04:00,81,66,
2007,RS,4,38,497,LJU,PTGK,"BAILEY, MAURICE",2FGM,Two Pointer,2,97,71,C,,,,37,04:00,81,68,
2007,RS,4,38,499,ZAL,PJCC,"MACIULIS, JONAS",2FGA,Missed Two Pointer,0,-92,48,D,,,,38,03:00,81,68,
2007,RS,4,38,501,LJU,PTGK,"BAILEY, MAURICE",3FGA,Missed Three Pointer,0,-664,305,F,,,,38,03:00,81,68,
2007,RS,4,38,505,ZAL,PANY,"SALENGA, DAINIUS",FTM,Free Throw In,1,-1,-1, ,,,,38,03:00,82,68,
2007,RS,4,38,506,ZAL,PANY,"SALENGA, DAINIUS",FTM,Free Throw In,1,-1,-1, ,,,,38,03:00,83,68,
2007,RS,4,38,507,LJU,PAPY,"HUKIC, JASMIN",3FGA,Missed Three Pointer,0,143,738,G,,,,38,03:00,83,68,
2007,RS,4,38,509,LJU,PTGG,"TAYLOR, RONELL",2FGM,Two Pointer,2,-92,105,D,,,,38,03:00,83,70,
2007,RS,4,38,515,ZAL,PAHT,"BROWN, MARCUS",FTM,Free Throw In,1,-1,-1, ,,,,39,02:00,84,70,
2007,RS,4,38,516,ZAL,PAHT,"BROWN, MARCUS",FTM,Free Throw In,1,-1,-1, ,,,,39,02:00,85,70,
2007,RS,4,38,517,LJU,PAIV,"MILIC, MARKO",3FGA,Missed Three Pointer,0,448,576,G,,,,39,02:00,85,70,
2007,RS,4,38,519,LJU,PTGG,"TAYLOR, RONELL",3FGA,Missed Three Pointer,0,-653,282,F,,,,39,02:00,85,70,
2007,RS,4,38,521,ZAL,PJCC,"MACIULIS, JONAS",3FGA,Missed Three Pointer,0,-653,210,F,,,,39,02:00,85,70,
2007,RS,4,38,523,ZAL,PANY,"SALENGA, DAINIUS",2FGM,Two Pointer,2,20,146,C,,,,39,02:00,87,70,
2007,RS,4,38,528,LJU,PLHD,"ZUPAN, MIHA",FTM,Free Throw In,1,-1,-1, ,,,,40,01:00,87,71,
2007,RS,4,38,529,LJU,PLHD,"ZUPAN, MIHA",FTM,Free Throw In,1,-1,-1, ,,,,40,01:00,87,72,
2007,RS,4,38,530,ZAL,PANY,"SALENGA, DAINIUS",2FGM,Two Pointer,2,-12,35,D,,,,40,01:00,89,72,
2007,RS,4,38,533,ZAL,PBDB,"COLLINS, DE JUAN",2FGM,Two Pointer,2,-2,2,D,,,,40,01:00,91,72,
2007,RS,4,38,535,LJU,PTGG,"TAYLOR, RONELL",2FGA,Missed Two Pointer,0,217,-5,C,,,,40,01:00,91,72,
2007,RS,4,38,537,LJU,PAIV,"MILIC, MARKO",2FGA,Missed Two Pointer,0,84,51,C,,,,40,01:00,91,72,
2007,RS,4,39,4,SIE,PCQO,"EZE, BENJAMIN",2FGM,Two Pointer,2,7,12,C,,,,1,10:00,0,2,
2007,RS,4,39,5,BAS,PANB,"RAKOCEVIC, IGOR",2FGA,Missed Two Pointer,0,-115,512,I,,,,1,10:00,0,2,
2007,RS,4,39,7,SIE,PJOC,"STONEROOK, SHAUN",3FGA,Missed Three Pointer,0,274,615,G,,,,1,10:00,0,2,
2007,RS,4,39,10,SIE,PCQO,"EZE, BENJAMIN",3FGA,Missed Three Pointer,0,197,641,G,,,,2,09:00,0,2,
2007,RS,4,39,16,BAS,PCBY,"SPLITTER, TIAGO",FTM,Free Throw In,1,-1,-1, ,,,,2,09:00,1,2,
2007,RS,4,39,17,SIE,PJOC,"STONEROOK, SHAUN",2FGA,Missed Two Pointer,0,-71,15,D,,,,2,09:00,1,2,
2007,RS,4,39,20,BAS,PJWO,"MICKEAL, PETE",3FGM,Three Pointer,3,317,571,G,,,,2,09:00,4,2,
2007,RS,4,39,22,SIE,PLMO,"SATO, ROMAIN",2FGM,Two Pointer,2,397,294,B,,,,3,08:00,4,4,
2007,RS,4,39,23,BAS,PANB,"RAKOCEVIC, IGOR",2FGM,Two Pointer,2,100,35,C,,,,3,08:00,6,4,
2007,RS,4,39,24,SIE,PCQO,"EZE, BENJAMIN",2FGM,Two Pointer,2,20,346,C,,,,3,08:00,6,6,
2007,RS,4,39,27,BAS,PANB,"RAKOCEVIC, IGOR",2FGM,Two Pointer,2,-166,412,D,,,,4,07:00,8,6,
2007,RS,4,39,30,SIE,PLMO,"SATO, ROMAIN",FTM,Free Throw In,1,-1,-1, ,,,,4,07:00,8,7,
2007,RS,4,39,31,SIE,PLMO,"SATO, ROMAIN",FTM,Free Throw In,1,-1,-1, ,,,,4,07:00,8,8,
2007,RS,4,39,32,BAS,PCBY,"SPLITTER, TIAGO",2FGM,Two Pointer,2,76,10,C,,,,4,07:00,10,8,
2007,RS,4,39,33,SIE,PLMO,"SATO, ROMAIN",2FGA,Missed Two Pointer,0,-102,328,D,,,,4,07:00,10,8,
2007,RS,4,39,35,BAS,PCBY,"SPLITTER, TIAGO",2FGA,Missed Two Pointer,0,33,156,C,,,,5,06:00,10,8,
2007,RS,4,39,39,BAS,PCBY,"SPLITTER, TIAGO",2FGA,Missed Two Pointer,0,-84,87,D,,,,5,06:00,10,8,
2007,RS,4,39,41,BAS,PJZJ,"TELETOVIC, MIRZA",2FGA,Missed Two Pointer,0,-56,25,D,,,,5,06:00,10,8,
2007,RS,4,39,43,BAS,PCBY,"SPLITTER, TIAGO",2FGM,Two Pointer,2,-48,15,D,,,,5,06:00,12,8,
2007,RS,4,39,44,SIE,PLMO,"SATO, ROMAIN",3FGA,Missed Three Pointer,0,17,687,G,,,,5,06:00,12,8,
2007,RS,4,39,50,BAS,PJWO,"MICKEAL, PETE",2FGA,Missed Two Pointer,0,317,166,B,,,,5,06:00,12,8,
2007,RS,4,39,54,SIE,PCCA,"THORNTON, BOOTSY",3FGM,Three Pointer,3,-653,17,F,,,,6,05:00,12,11,
2007,RS,4,39,55,BAS,PCBY,"SPLITTER, TIAGO",2FGA,Missed Two Pointer,0,274,51,B,,,,6,05:00,12,11,
2007,RS,4,39,60,SIE,PLMO,"SATO, ROMAIN",2FGM,Two Pointer,2,-87,33,D,,,,6,05:00,12,13,
2007,RS,4,39,76,SIE,PKWI,"MCINTYRE, TERRELL",3FGA,Missed Three Pointer,0,-225,651,J,,,,7,04:00,12,13,
2007,RS,4,39,79,BAS,PANB,"RAKOCEVIC, IGOR",2FGM,Two Pointer,2,89,53,C,,,,8,03:00,14,13,
2007,RS,4,39,82,SIE,PKWI,"MCINTYRE, TERRELL",3FGA,Missed Three Pointer,0,-135,669,J,,,,8,03:00,14,13,
2007,RS,4,39,85,BAS,PCBY,"SPLITTER, TIAGO",2FGM,Two Pointer,2,30,64,C,,,,8,03:00,16,13,
2007,RS,4,39,87,SIE,PBJR,"KAUKENAS, RIMANTAS",2FGA,Missed Two Pointer,0,-289,474,I,,,,9,02:00,16,13,
2007,RS,4,39,94,BAS,PAJK,"VIDAL, SERGI",FTM,Free Throw In,1,-1,-1, ,,,,9,02:00,17,13,
2007,RS,4,39,95,BAS,PAJK,"VIDAL, SERGI",FTM,Free Throw In,1,-1,-1, ,,,,9,02:00,18,13,
2007,RS,4,39,101,BAS,PJTT,"MCDONALD, WILL",FTM,Free Throw In,1,-1,-1, ,,,,9,02:00,19,13,
2007,RS,4,39,104,SIE,PBJR,"KAUKENAS, RIMANTAS",2FGA,Missed Two Pointer,0,-97,38,D,,,,9,02:00,19,13,
2007,RS,4,39,110,BAS,PJTT,"MCDONALD, WILL",FTM,Free Throw In,1,-1,-1, ,,,,10,01:00,20,13,
2007,RS,4,39,111,BAS,PJTT,"MCDONALD, WILL",FTM,Free Throw In,1,-1,-1, ,,,,10,01:00,21,13,
2007,RS,4,39,116,BAS,PJTT,"MCDONALD, WILL",2FGAB,Missed Two Pointer,0,38,15,C,,,,10,01:00,21,13,
2007,RS,4,39,122,SIE,PAPS,"ILIEVSKI, VLADO",2FGA,Missed Two Pointer,0,428,82,B,,,,10,01:00,21,13,
2007,RS,4,39,124,SIE,PBJR,"KAUKENAS, RIMANTAS",3FGA,Missed Three Pointer,0,-351,592,J,,,,10,01:00,21,13,
2007,RS,4,39,132,BAS,PJZJ,"TELETOVIC, MIRZA",3FGM,Three Pointer,3,-458,482,J,,,,11,10:00,24,13,
2007,RS,4,39,133,SIE,PCCA,"THORNTON, BOOTSY",2FGA,Missed Two Pointer,0,0,569,I,,,,11,10:00,24,13,
2007,RS,4,39,135,SIE,PBLH,"LAVRINOVIC, KSISTOF",2FGM,Two Pointer,2,274,102,B,,,,11,10:00,24,15,
2007,RS,4,39,139,BAS,PJZJ,"TELETOVIC, MIRZA",FTM,Free Throw In,1,-1,-1, ,,,,11,10:00,25,15,
2007,RS,4,39,141,SIE,PAPS,"ILIEVSKI, VLADO",3FGA,Missed Three Pointer,0,-241,638,J,,,,12,09:00,25,15,
2007,RS,4,39,143,BAS,PJZJ,"TELETOVIC, MIRZA",3FGA,Missed Three Pointer,0,-466,487,J,,,,12,09:00,25,15,
2007,RS,4,39,146,BAS,PBVC,"JASAITIS, SIMAS",3FGA,Missed Three Pointer,0,451,528,G,,,,12,09:00,25,15,
2007,RS,4,39,148,SIE,PBJR,"KAUKENAS, RIMANTAS",2FGA,Missed Two Pointer,0,179,443,H,,,,12,09:00,25,15,
2007,RS,4,39,151,BAS,PJZJ,"TELETOVIC, MIRZA",3FGA,Missed Three Pointer,0,187,669,G,,,,13,08:00,25,15,
2007,RS,4,39,153,BAS,PJTT,"MCDONALD, WILL",2FGM,Two Pointer,2,-2,97,D,,,,13,08:00,27,15,
2007,RS,4,39,160,SIE,PCCA,"THORNTON, BOOTSY",2FGA,Missed Two Pointer,0,71,41,C,,,,14,07:00,27,15,
2007,RS,4,39,168,BAS,PBVC,"JASAITIS, SIMAS",2FGA,Missed Two Pointer,0,-307,43,E,,,,14,07:00,27,15,
2007,RS,4,39,170,BAS,PBVC,"JASAITIS, SIMAS",3FGA,Missed Three Pointer,0,-456,494,J,,,,14,07:00,27,15,
2007,RS,4,39,176,SIE,PBJR,"KAUKENAS, RIMANTAS",FTM,Free Throw In,1,-1,-1, ,,,,14,07:00,27,16,
2007,RS,4,39,177,SIE,PBJR,"KAUKENAS, RIMANTAS",FTM,Free Throw In,1,-1,-1, ,,,,14,07:00,27,17,
2007,RS,4,39,180,BAS,PJTT,"MCDONALD, WILL",2FGM,Two Pointer,2,-48,82,D,,,,15,06:00,29,17,
2007,RS,4,39,181,SIE,PBJR,"KAUKENAS, RIMANTAS",2FGA,Missed Two Pointer,0,120,28,C,,,,15,06:00,29,17,
2007,RS,4,39,188,SIE,PKWI,"MCINTYRE, TERRELL",3FGM,Three Pointer,3,-346,579,J,,,,15,06:00,29,20,
2007,RS,4,39,190,BAS,PCBX,"PRIGIONI, PABLO",3FGM,Three Pointer,3,-43,692,J,,,,16,05:00,32,20,
2007,RS,4,39,191,SIE,PCQO,"EZE, BENJAMIN",2FGM,Two Pointer,2,-2,5,D,,,,16,05:00,32,22,
2007,RS,4,39,192,BAS,PCBX,"PRIGIONI, PABLO",3FGA,Missed Three Pointer,0,312,615,G,,,,16,05:00,32,22,
2007,RS,4,39,199,BAS,PCBX,"PRIGIONI, PABLO",2FGM,Two Pointer,2,48,2,C,,,,16,05:00,34,22,
2007,RS,4,39,201,SIE,PBJR,"KAUKENAS, RIMANTAS",3FGA,Missed Three Pointer,0,-335,579,J,,,,17,04:00,34,22,
2007,RS,4,39,205,SIE,PBJR,"KAUKENAS, RIMANTAS",2FGM,Two Pointer,2,-51,5,D,,,,17,04:00,34,24,
2007,RS,4,39,206,BAS,PJTT,"MCDONALD, WILL",2FGAB,Missed Two Pointer,0,2,87,D,,,,17,04:00,34,24,
2007,RS,4,39,211,SIE,PCQO,"EZE, BENJAMIN",2FGM,Two Pointer,2,10,12,C,,,,17,04:00,34,26,
2007,RS,4,39,213,BAS,PCBX,"PRIGIONI, PABLO",3FGA,Missed Three Pointer,0,312,615,G,,,,18,03:00,34,26,
2007,RS,4,39,222,SIE,PCCA,"THORNTON, BOOTSY",3FGA,Missed Three Pointer,0,-415,515,J,,,,18,03:00,34,26,
2007,RS,4,39,225,BAS,PANB,"RAKOCEVIC, IGOR",3FGA,Missed Three Pointer,0,661,0,A,,,,19,02:00,34,26,
2007,RS,4,39,227,BAS,PANB,"RAKOCEVIC, IGOR",3FGA,Missed Three Pointer,0,20,669,G,,,,19,02:00,34,26,
2007,RS,4,39,229,BAS,PJTT,"MCDONALD, WILL",2FGM,Two Pointer,2,-5,74,D,,,,19,02:00,36,26,
2007,RS,4,39,230,SIE,PKWI,"MCINTYRE, TERRELL",2FGM,Two Pointer,2,58,12,C,,,,19,02:00,36,28,
2007,RS,4,39,236,BAS,PJTT,"MCDONALD, WILL",2FGAB,Missed Two Pointer,0,69,33,C,,,,20,01:00,36,28,
2007,RS,4,39,240,SIE,PBJR,"KAUKENAS, RIMANTAS",2FGAB,Missed Two Pointer,0,-46,23,D,,,,20,01:00,36,28,
2007,RS,4,39,250,BAS,PAFP,"PLANINIC, ZORAN",2FGA,Missed Two Pointer,0,100,20,C,,,,20,01:00,36,28,
2007,RS,4,39,252,BAS,PJTT,"MCDONALD, WILL",2FGM,Two Pointer,2,-64,41,D,,,,20,01:00,38,28,
2007,RS,4,39,253,SIE,PAPS,"ILIEVSKI, VLADO",2FGM,Two Pointer,2,-48,17,D,,,,20,01:00,38,30,
2007,RS,4,39,257,BAS,PAFP,"PLANINIC, ZORAN",3FGA,Missed Three Pointer,0,-12,1035,J,,,,20,01:00,38,30,
2007,RS,4,39,266,SIE,PKWI,"MCINTYRE, TERRELL",3FGAB,Missed Three Pointer,0,-35,661,J,,,,21,10:00,38,30,
2007,RS,4,39,270,SIE,PLMO,"SATO, ROMAIN",3FGA,Missed Three Pointer,0,-679,117,F,,,,21,10:00,38,30,
2007,RS,4,39,279,SIE,PKWI,"MCINTYRE, TERRELL",2FGM,Two Pointer,2,215,184,C,,,,21,10:00,38,32,
2007,RS,4,39,281,BAS,PJWO,"MICKEAL, PETE",2FGA,Missed Two Pointer,0,-235,141,D,,,,22,09:00,38,32,
2007,RS,4,39,283,SIE,PBJR,"KAUKENAS, RIMANTAS",2FGA,Missed Two Pointer,0,-71,48,D,,,,22,09:00,38,32,
2007,RS,4,39,289,SIE,PCQO,"EZE, BENJAMIN",2FGA,Missed Two Pointer,0,110,105,C,,,,22,09:00,38,32,
2007,RS,4,39,291,BAS,PANB,"RAKOCEVIC, IGOR",2FGM,Two Pointer,2,-43,123,D,,,,22,09:00,40,32,
2007,RS,4,39,293,SIE,PBJR,"KAUKENAS, RIMANTAS",2FGA,Missed Two Pointer,0,-76,61,D,,,,23,08:00,40,32,
2007,RS,4,39,296,BAS,PCBY,"SPLITTER, TIAGO",2FGM,Two Pointer,2,-12,148,D,,,,23,08:00,42,32,
2007,RS,4,39,297,SIE,PKWI,"MCINTYRE, TERRELL",3FGA,Missed Three Pointer,0,-200,638,J,,,,23,08:00,42,32,
2007,RS,4,39,303,SIE,PAPS,"ILIEVSKI, VLADO",3FGM,Three Pointer,3,197,628,G,,,,24,07:00,42,35,
2007,RS,4,39,304,BAS,PANB,"RAKOCEVIC, IGOR",3FGA,Missed Three Pointer,0,-282,605,J,,,,24,07:00,42,35,
2007,RS,4,39,306,BAS,PCBY,"SPLITTER, TIAGO",2FGAB,Missed Two Pointer,0,-28,156,D,,,,24,07:00,42,35,
2007,RS,4,39,313,SIE,PLMO,"SATO, ROMAIN",2FGM,Two Pointer,2,35,35,C,,,,24,07:00,42,37,
2007,RS,4,39,315,BAS,PCBY,"SPLITTER, TIAGO",2FGA,Missed Two Pointer,0,66,82,C,,,,25,06:00,42,37,
2007,RS,4,39,323,SIE,PJOC,"STONEROOK, SHAUN",3FGA,Missed Three Pointer,0,-297,612,J,,,,25,06:00,42,37,
2007,RS,4,39,326,BAS,PANB,"RAKOCEVIC, IGOR",2FGM,Two Pointer,2,94,123,C,,,,25,06:00,44,37,
2007,RS,4,39,329,BAS,PANB,"RAKOCEVIC, IGOR",FTM,Free Throw In,1,-1,-1, ,,,,25,06:00,45,37,
2007,RS,4,39,331,SIE,PJOC,"STONEROOK, SHAUN",2FGA,Missed Two Pointer,0,-51,107,D,,,,26,05:00,45,37,
2007,RS,4,39,333,SIE,PLMO,"SATO, ROMAIN",2FGM,Two Pointer,2,56,28,C,,,,26,05:00,45,39,
2007,RS,4,39,334,BAS,PAFP,"PLANINIC, ZORAN",2FGM,Two Pointer,2,41,120,C,,,,26,05:00,47,39,
2007,RS,4,39,335,SIE,PKWI,"MCINTYRE, TERRELL",3FGA,Missed Three Pointer,0,-346,600,J,,,,26,05:00,47,39,
2007,RS,4,39,341,BAS,PAFP,"PLANINIC, ZORAN",2FGA,Missed Two Pointer,0,61,182,C,,,,27,04:00,47,39,
2007,RS,4,39,343,SIE,PBLH,"LAVRINOVIC, KSISTOF",2FGM,Two Pointer,2,-74,64,D,,,,27,04:00,47,41,
2007,RS,4,39,351,BAS,PAFP,"PLANINIC, ZORAN",2FGM,Two Pointer,2,-74,33,D,,,,28,03:00,49,41,
2007,RS,4,39,356,SIE,PLMO,"SATO, ROMAIN",2FGAB,Missed Two Pointer,0,0,89,D,,,,28,03:00,49,41,
2007,RS,4,39,364,SIE,PLMO,"SATO, ROMAIN",FTM,Free Throw In,1,-1,-1, ,,,,28,03:00,49,42,
2007,RS,4,39,369,SIE,PBJR,"KAUKENAS, RIMANTAS",2FGM,Two Pointer,2,-82,28,D,,,,28,03:00,49,44,
2007,RS,4,39,372,BAS,PJTT,"MCDONALD, WILL",2FGM,Two Pointer,2,230,58,C,,,,29,02:00,51,44,
2007,RS,4,39,373,SIE,PBLH,"LAVRINOVIC, KSISTOF",2FGA,Missed Two Pointer,0,-120,15,D,,,,29,02:00,51,44,
2007,RS,4,39,378,SIE,PLMO,"SATO, ROMAIN",3FGA,Missed Three Pointer,0,674,-15,A,,,,30,01:00,51,44,
2007,RS,4,39,384,SIE,PJOC,"STONEROOK, SHAUN",FTM,Free Throw In,1,-1,-1, ,,,,30,01:00,51,45,
2007,RS,4,39,385,SIE,PJOC,"STONEROOK, SHAUN",FTM,Free Throw In,1,-1,-1, ,,,,30,01:00,51,46,
2007,RS,4,39,388,BAS,PAFP,"PLANINIC, ZORAN",2FGM,Two Pointer,2,-53,17,D,,,,30,01:00,53,46,
2007,RS,4,39,399,BAS,PAFP,"PLANINIC, ZORAN",2FGM,Two Pointer,2,-12,253,D,,,,31,10:00,55,46,
2007,RS,4,39,402,SIE,PCCA,"THORNTON, BOOTSY",2FGA,Missed Two Pointer,0,164,76,C,,,,31,10:00,55,46,
2007,RS,4,39,405,BAS,PJTT,"MCDONALD, WILL",2FGM,Two Pointer,2,61,30,C,,,,32,09:00,57,46,
2007,RS,4,39,406,SIE,PBJR,"KAUKENAS, RIMANTAS",2FGA,Missed Two Pointer,0,-48,17,D,,,,32,09:00,57,46,
2007,RS,4,39,414,BAS,PJTT,"MCDONALD, WILL",FTM,Free Throw In,1,-1,-1, ,,,,32,09:00,58,46,
2007,RS,4,39,417,BAS,PAJK,"VIDAL, SERGI",2FGM,Two Pointer,2,-66,43,D,,,,32,09:00,60,46,
2007,RS,4,39,418,SIE,PKWI,"MCINTYRE, TERRELL",3FGA,Missed Three Pointer,0,-192,641,J,,,,32,09:00,60,46,
2007,RS,4,39,420,SIE,PBJR,"KAUKENAS, RIMANTAS",2FGA,Missed Two Pointer,0,558,-51,B,,,,32,09:00,60,46,
2007,RS,4,39,423,SIE,PCCA,"THORNTON, BOOTSY",2FGA,Missed Two Pointer,0,-225,228,E,,,,33,08:00,60,46,
2007,RS,4,39,425,BAS,PJTT,"MCDONALD, WILL",2FGA,Missed Two Pointer,0,66,35,C,,,,33,08:00,60,46,
2007,RS,4,39,427,BAS,PJTT,"MCDONALD, WILL",2FGA,Missed Two Pointer,0,197,189,C,,,,33,08:00,60,46,
2007,RS,4,39,430,SIE,PCQO,"EZE, BENJAMIN",2FGAB,Missed Two Pointer,0,-84,17,D,,,,34,07:00,60,46,
2007,RS,4,39,434,BAS,PAFP,"PLANINIC, ZORAN",2FGA,Missed Two Pointer,0,-153,74,D,,,,34,07:00,60,46,
2007,RS,4,39,436,SIE,PCCA,"THORNTON, BOOTSY",3FGA,Missed Three Pointer,0,-612,289,F,,,,34,07:00,60,46,
2007,RS,4,39,438,BAS,PJTT,"MCDONALD, WILL",2FGM,Two Pointer,2,207,23,C,,,,34,07:00,62,46,
2007,RS,4,39,454,BAS,PCBY,"SPLITTER, TIAGO",FTM,Free Throw In,1,-1,-1, ,,,,35,06:00,63,46,
2007,RS,4,39,455,SIE,PJOC,"STONEROOK, SHAUN",2FGM,Two Pointer,2,-74,15,D,,,,35,06:00,63,48,
2007,RS,4,39,460,BAS,PJZJ,"TELETOVIC, MIRZA",3FGM,Three Pointer,3,569,387,A,,,,36,05:00,66,48,
2007,RS,4,39,463,BAS,PJZJ,"TELETOVIC, MIRZA",3FGA,Missed Three Pointer,0,674,-28,A,,,,36,05:00,66,48,
2007,RS,4,39,465,SIE,PCQO,"EZE, BENJAMIN",2FGA,Missed Two Pointer,0,-256,84,E,,,,36,05:00,66,48,
2007,RS,4,39,468,BAS,PJZJ,"TELETOVIC, MIRZA",2FGA,Missed Two Pointer,0,-248,94,D,,,,36,05:00,66,48,
2007,RS,4,39,473,BAS,PANB,"RAKOCEVIC, IGOR",2FGM,Two Pointer,2,51,43,C,,,,37,04:00,68,48,
2007,RS,4,39,478,SIE,PAPS,"ILIEVSKI, VLADO",FTM,Free Throw In,1,-1,-1, ,,,,37,04:00,68,49,
2007,RS,4,39,479,SIE,PAPS,"ILIEVSKI, VLADO",FTM,Free Throw In,1,-1,-1, ,,,,37,04:00,68,50,
2007,RS,4,39,481,BAS,PCBY,"SPLITTER, TIAGO",2FGM,Two Pointer,2,7,12,C,,,,37,04:00,70,50,
2007,RS,4,39,483,SIE,PBLH,"LAVRINOVIC, KSISTOF",2FGM,Two Pointer,2,84,20,C,,,,37,04:00,70,52,
2007,RS,4,39,488,SIE,PKWI,"MCINTYRE, TERRELL",3FGM,Three Pointer,3,-487,461,J,,,,38,03:00,70,55,
2007,RS,4,39,489,BAS,PCBX,"PRIGIONI, PABLO",3FGA,Missed Three Pointer,0,46,766,G,,,,38,03:00,70,55,
2007,RS,4,39,491,BAS,PAJK,"VIDAL, SERGI",2FGM,Two Pointer,2,125,53,C,,,,38,03:00,72,55,
2007,RS,4,39,492,SIE,PBLH,"LAVRINOVIC, KSISTOF",2FGA,Missed Two Pointer,0,-248,94,D,,,,38,03:00,72,55,
2007,RS,4,39,495,BAS,PCBX,"PRIGIONI, PABLO",3FGM,Three Pointer,3,410,538,G,,,,39,02:00,75,55,
2007,RS,4,39,499,SIE,PKWI,"MCINTYRE, TERRELL",FTM,Free Throw In,1,-1,-1, ,,,,39,02:00,75,56,
2007,RS,4,39,503,BAS,PANB,"RAKOCEVIC, IGOR",FTM,Free Throw In,1,-1,-1, ,,,,39,02:00,76,56,
2007,RS,4,39,518,SIE,PLMO,"SATO, ROMAIN",3FGM,Three Pointer,3,-253,617,J,,,,40,01:00,76,59,
2007,RS,4,39,519,BAS,PJZJ,"TELETOVIC, MIRZA",3FGA,Missed Three Pointer,0,461,484,G,,,,40,01:00,76,59,
2007,RS,4,39,523,SIE,PKWI,"MCINTYRE, TERRELL",2FGM,Two Pointer,2,61,35,C,,,,40,01:00,76,61,
2007,RS,4,39,524,BAS,PJZJ,"TELETOVIC, MIRZA",3FGA,Missed Three Pointer,0,528,1184,G,,,,40,01:00,76,61,
2007,RS,4,40,3,SOP,PTGA,"WAGNER, DAJUAN",2FGA,Missed Two Pointer,0,0,179,D,,,,1,10:00,0,0,
2007,RS,4,40,5,VIR,PTGL,"HOLLAND, DELONTE",3FGA,Missed Three Pointer,0,-148,720,J,,,,1,10:00,0,0,
2007,RS,4,40,7,VIR,PBXA,"GIOVANNONI, GUILHERME",3FGA,Missed Three Pointer,0,-69,702,J,,,,1,10:00,0,0,
2007,RS,4,40,9,SOP,PBCM,"HARISSIS, CHRISTOS",3FGA,Missed Three Pointer,0,89,730,G,,,,1,10:00,0,0,
2007,RS,4,40,11,SOP,PASG,"VAN DEN SPIEGEL, TOMAS",2FGM,Two Pointer,2,-17,125,D,,,,1,10:00,0,2,
2007,RS,4,40,16,SOP,PTGA,"WAGNER, DAJUAN",2FGAB,Missed Two Pointer,0,35,117,C,,,,2,09:00,0,2,
2007,RS,4,40,30,SOP,PTGA,"WAGNER, DAJUAN",3FGM,Three Pointer,3,-574,474,J,,,,3,08:00,0,5,
2007,RS,4,40,33,SOP,PTGA,"WAGNER, DAJUAN",2FGM,Two Pointer,2,23,117,C,,,,3,08:00,0,7,
2007,RS,4,40,35,VIR,PLHB,"GARRI, LUCA",3FGM,Three Pointer,3,587,492,G,,,,4,07:00,3,7,
2007,RS,4,40,37,SOP,PASG,"VAN DEN SPIEGEL, TOMAS",2FGM,Two Pointer,2,169,187,C,,,,4,07:00,3,9,
2007,RS,4,40,47,SOP,PACY,"SLANINA, DONATAS",FTM,Free Throw In,1,-1,-1, ,,,,5,06:00,3,10,
2007,RS,4,40,48,SOP,PACY,"SLANINA, DONATAS",FTM,Free Throw In,1,-1,-1, ,,,,5,06:00,3,11,
2007,RS,4,40,49,VIR,PTGM,"SPENCER, DEWARICK",3FGA,Missed Three Pointer,0,-58,725,J,,,,5,06:00,3,11,
2007,RS,4,40,51,SOP,PBCM,"HARISSIS, CHRISTOS",3FGA,Missed Three Pointer,0,364,651,G,,,,5,06:00,3,11,
2007,RS,4,40,54,SOP,PTGA,"WAGNER, DAJUAN",2FGA,Missed Two Pointer,0,-2,307,D,,,,6,05:00,3,11,
2007,RS,4,40,56,VIR,PTGL,"HOLLAND, DELONTE",3FGM,Three Pointer,3,469,558,G,,,,6,05:00,6,11,
2007,RS,4,40,57,SOP,PACY,"SLANINA, DONATAS",2FGA,Missed Two Pointer,0,187,551,H,,,,6,05:00,6,11,
2007,RS,4,40,59,SOP,PASG,"VAN DEN SPIEGEL, TOMAS",2FGA,Missed Two Pointer,0,-92,184,D,,,,6,05:00,6,11,
2007,RS,4,40,61,VIR,PTGL,"HOLLAND, DELONTE",2FGA,Missed Two Pointer,0,-205,405,E,,,,6,05:00,6,11,
2007,RS,4,40,69,SOP,PASG,"VAN DEN SPIEGEL, TOMAS",FTM,Free Throw In,1,-1,-1, ,,,,7,04:00,6,12,
2007,RS,4,40,70,SOP,PASG,"VAN DEN SPIEGEL, TOMAS",FTM,Free Throw In,1,-1,-1, ,,,,7,04:00,6,13,
2007,RS,4,40,71,VIR,PTGT,"CONROY, WILL",3FGA,Missed Three Pointer,0,482,538,G,,,,7,04:00,6,13,
2007,RS,4,40,73,VIR,PTGT,"CONROY, WILL",2FGAB,Missed Two Pointer,0,-17,120,D,,,,7,04:00,6,13,
2007,RS,4,40,80,VIR,PTGO,"CROSARIOL, ANDREA",2FGM,Two Pointer,2,-2,0,D,,,,8,03:00,8,13,
2007,RS,4,40,82,SOP,PACY,"SLANINA, DONATAS",2FGA,Missed Two Pointer,0,-412,69,E,,,,8,03:00,8,13,
2007,RS,4,40,84,SOP,PTGA,"WAGNER, DAJUAN",2FGA,Missed Two Pointer,0,-130,51,D,,,,8,03:00,8,13,
2007,RS,4,40,86,SOP,PACX,"MASIULIS, TOMAS",2FGA,Missed Two Pointer,0,-89,76,D,,,,8,03:00,8,13,
2007,RS,4,40,88,VIR,PTGT,"CONROY, WILL",3FGA,Missed Three Pointer,0,-587,389,F,,,,8,03:00,8,13,
2007,RS,4,40,91,SOP,PBCM,"HARISSIS, CHRISTOS",3FGA,Missed Three Pointer,0,576,389,A,,,,9,02:00,8,13,
2007,RS,4,40,104,SOP,PASG,"VAN DEN SPIEGEL, TOMAS",FTM,Free Throw In,1,-1,-1, ,,,,10,01:00,8,14,
2007,RS,4,40,105,SOP,PASG,"VAN DEN SPIEGEL, TOMAS",FTM,Free Throw In,1,-1,-1, ,,,,10,01:00,8,15,
2007,RS,4,40,108,VIR,PTGV,"ANDERSON, ALAN",FTM,Free Throw In,1,-1,-1, ,,,,10,01:00,9,15,
2007,RS,4,40,109,VIR,PTGV,"ANDERSON, ALAN",FTM,Free Throw In,1,-1,-1, ,,,,10,01:00,10,15,
2007,RS,4,40,113,SOP,PASG,"VAN DEN SPIEGEL, TOMAS",FTM,Free Throw In,1,-1,-1, ,,,,10,01:00,10,16,
2007,RS,4,40,114,SOP,PASG,"VAN DEN SPIEGEL, TOMAS",FTM,Free Throw In,1,-1,-1, ,,,,10,01:00,10,17,
2007,RS,4,40,115,VIR,PTGO,"CROSARIOL, ANDREA",2FGA,Missed Two Pointer,0,-453,2,E,,,,10,01:00,10,17,
2007,RS,4,40,125,VIR,PTGM,"SPENCER, DEWARICK",2FGM,Two Pointer,2,43,494,H,,,,11,10:00,12,17,
2007,RS,4,40,126,SOP,PBCM,"HARISSIS, CHRISTOS",2FGA,Missed Two Pointer,0,33,351,C,,,,11,10:00,12,17,
2007,RS,4,40,128,VIR,PTGM,"SPENCER, DEWARICK",2FGA,Missed Two Pointer,0,115,71,C,,,,11,10:00,12,17,
2007,RS,4,40,135,SOP,PACY,"SLANINA, DONATAS",3FGM,Three Pointer,3,684,-15,A,,,,12,09:00,12,20,
2007,RS,4,40,139,VIR,PTGV,"ANDERSON, ALAN",3FGA,Missed Three Pointer,0,538,525,G,,,,12,09:00,12,20,
2007,RS,4,40,141,SOP,PACY,"SLANINA, DONATAS",3FGM,Three Pointer,3,617,528,G,,,,12,09:00,12,23,
2007,RS,4,40,148,SOP,PACY,"SLANINA, DONATAS",3FGM,Three Pointer,3,284,666,G,,,,13,08:00,12,26,
2007,RS,4,40,158,SOP,1,"SHAKUR, MUSTAFA",2FGA,Missed Two Pointer,0,-7,133,D,,,,14,07:00,12,26,
2007,RS,4,40,169,SOP,PACY,"SLANINA, DONATAS",2FGM,Two Pointer,2,82,97,C,,,,14,07:00,12,28,
2007,RS,4,40,170,VIR,PTGL,"HOLLAND, DELONTE",3FGM,Three Pointer,3,569,420,A,,,,14,07:00,15,28,
2007,RS,4,40,171,SOP,PACY,"SLANINA, DONATAS",3FGA,Missed Three Pointer,0,-484,564,J,,,,14,07:00,15,28,
2007,RS,4,40,176,SOP,PTGA,"WAGNER, DAJUAN",2FGM,Two Pointer,2,-171,310,D,,,,15,06:00,15,30,
2007,RS,4,40,177,VIR,PBXA,"GIOVANNONI, GUILHERME",3FGM,Three Pointer,3,-471,494,J,,,,15,06:00,18,30,
2007,RS,4,40,178,SOP,1,"SHAKUR, MUSTAFA",2FGM,Two Pointer,2,-274,358,E,,,,15,06:00,18,32,
2007,RS,4,40,179,VIR,PTGV,"ANDERSON, ALAN",3FGM,Three Pointer,3,-674,46,F,,,,15,06:00,21,32,
2007,RS,4,40,190,SOP,PTGA,"WAGNER, DAJUAN",2FGM,Two Pointer,2,-333,212,E,,,,16,05:00,21,34,
2007,RS,4,40,192,VIR,PTGL,"HOLLAND, DELONTE",2FGM,Two Pointer,2,35,120,C,,,,17,04:00,23,34,
2007,RS,4,40,193,SOP,PASG,"VAN DEN SPIEGEL, TOMAS",2FGM,Two Pointer,2,-230,17,D,,,,17,04:00,23,36,
2007,RS,4,40,196,VIR,PTGT,"CONROY, WILL",FTM,Free Throw In,1,-1,-1, ,,,,17,04:00,24,36,
2007,RS,4,40,197,VIR,PTGT,"CONROY, WILL",FTM,Free Throw In,1,-1,-1, ,,,,17,04:00,25,36,
2007,RS,4,40,198,SOP,1,"SHAKUR, MUSTAFA",2FGA,Missed Two Pointer,0,294,330,B,,,,17,04:00,25,36,
2007,RS,4,40,201,VIR,PLHB,"GARRI, LUCA",3FGA,Missed Three Pointer,0,-528,471,J,,,,18,03:00,25,36,
2007,RS,4,40,204,SOP,PASG,"VAN DEN SPIEGEL, TOMAS",2FGM,Two Pointer,2,5,2,C,,,,18,03:00,25,38,
2007,RS,4,40,212,SOP,PACY,"SLANINA, DONATAS",2FGM,Two Pointer,2,323,230,B,,,,18,03:00,25,40,
2007,RS,4,40,216,SOP,PTGA,"WAGNER, DAJUAN",2FGM,Two Pointer,2,-2,138,D,,,,18,03:00,25,42,
2007,RS,4,40,218,VIR,PTGL,"HOLLAND, DELONTE",2FGM,Two Pointer,2,-15,156,D,,,,19,02:00,27,42,
2007,RS,4,40,219,SOP,PACY,"SLANINA, DONATAS",2FGM,Two Pointer,2,330,269,B,,,,19,02:00,27,44,
2007,RS,4,40,221,VIR,PTGV,"ANDERSON, ALAN",2FGM,Two Pointer,2,-5,2,D,,,,19,02:00,29,44,
2007,RS,4,40,227,SOP,1,"SHAKUR, MUSTAFA",2FGA,Missed Two Pointer,0,5,105,C,,,,20,01:00,29,44,
2007,RS,4,40,229,VIR,PTGL,"HOLLAND, DELONTE",2FGM,Two Pointer,2,-410,261,E,,,,20,01:00,31,44,
2007,RS,4,40,234,VIR,PTGT,"CONROY, WILL",2FGA,Missed Two Pointer,0,17,100,C,,,,20,01:00,31,44,
2007,RS,4,40,246,VIR,PTGL,"HOLLAND, DELONTE",2FGA,Missed Two Pointer,0,-310,76,E,,,,21,10:00,31,44,
2007,RS,4,40,248,SOP,PBCM,"HARISSIS, CHRISTOS",3FGA,Missed Three Pointer,0,453,612,G,,,,21,10:00,31,44,
2007,RS,4,40,250,VIR,PTGM,"SPENCER, DEWARICK",3FGA,Missed Three Pointer,0,653,228,A,,,,21,10:00,31,44,
2007,RS,4,40,255,VIR,PBEW,"CHIACIG, ROBERTO",2FGM,Two Pointer,2,7,469,H,,,,22,09:00,33,44,
2007,RS,4,40,256,SOP,PACY,"SLANINA, DONATAS",3FGAB,Missed Three Pointer,0,-415,623,J,,,,22,09:00,33,44,
2007,RS,4,40,264,VIR,PBEW,"CHIACIG, ROBERTO",2FGM,Two Pointer,2,123,74,C,,,,23,08:00,35,44,
2007,RS,4,40,273,SOP,PBCM,"HARISSIS, CHRISTOS",3FGM,Three Pointer,3,248,684,G,,,,23,08:00,35,47,
2007,RS,4,40,274,VIR,PBEW,"CHIACIG, ROBERTO",2FGA,Missed Two Pointer,0,5,125,C,,,,23,08:00,35,47,
2007,RS,4,40,276,VIR,PTGM,"SPENCER, DEWARICK",2FGA,Missed Two Pointer,0,-371,243,E,,,,23,08:00,35,47,
2007,RS,4,40,280,VIR,PTGM,"SPENCER, DEWARICK",FTM,Free Throw In,1,-1,-1, ,,,,23,08:00,36,47,
2007,RS,4,40,281,VIR,PTGM,"SPENCER, DEWARICK",FTM,Free Throw In,1,-1,-1, ,,,,23,08:00,37,47,
2007,RS,4,40,283,SOP,PACY,"SLANINA, DONATAS",2FGM,Two Pointer,2,2,307,D,,,,24,07:00,37,49,
2007,RS,4,40,284,VIR,PTGM,"SPENCER, DEWARICK",2FGA,Missed Two Pointer,0,-371,161,E,,,,24,07:00,37,49,
2007,RS,4,40,291,SOP,PACY,"SLANINA, DONATAS",3FGM,Three Pointer,3,643,330,A,,,,25,06:00,37,52,
2007,RS,4,40,295,VIR,PTGM,"SPENCER, DEWARICK",2FGA,Missed Two Pointer,0,-84,46,D,,,,25,06:00,37,52,
2007,RS,4,40,297,VIR,PBEW,"CHIACIG, ROBERTO",2FGA,Missed Two Pointer,0,-84,46,D,,,,25,06:00,37,52,
2007,RS,4,40,299,VIR,PTGT,"CONROY, WILL",2FGA,Missed Two Pointer,0,-430,135,E,,,,25,06:00,37,52,
2007,RS,4,40,301,VIR,PBEW,"CHIACIG, ROBERTO",2FGA,Missed Two Pointer,0,2,92,D,,,,25,06:00,37,52,
2007,RS,4,40,308,SOP,PASG,"VAN DEN SPIEGEL, TOMAS",2FGM,Two Pointer,2,56,43,C,,,,26,05:00,37,54,
2007,RS,4,40,313,SOP,PASG,"VAN DEN SPIEGEL, TOMAS",FTM,Free Throw In,1,-1,-1, ,,,,26,05:00,37,55,
2007,RS,4,40,314,VIR,PTGV,"ANDERSON, ALAN",3FGA,Missed Three Pointer,0,-666,182,F,,,,26,05:00,37,55,
2007,RS,4,40,320,VIR,PBXA,"GIOVANNONI, GUILHERME",FTM,Free Throw In,1,-1,-1, ,,,,26,05:00,38,55,
2007,RS,4,40,321,VIR,PBXA,"GIOVANNONI, GUILHERME",FTM,Free Throw In,1,-1,-1, ,,,,26,05:00,39,55,
2007,RS,4,40,322,SOP,PTGA,"WAGNER, DAJUAN",3FGM,Three Pointer,3,48,710,G,,,,26,05:00,39,58,
2007,RS,4,40,331,VIR,PTGL,"HOLLAND, DELONTE",2FGM,Two Pointer,2,-82,51,D,,,,27,04:00,41,58,
2007,RS,4,40,332,SOP,PTGA,"WAGNER, DAJUAN",2FGA,Missed Two Pointer,0,105,92,C,,,,27,04:00,41,58,
2007,RS,4,40,342,VIR,PTGL,"HOLLAND, DELONTE",FTM,Free Throw In,1,-1,-1, ,,,,28,03:00,42,58,
2007,RS,4,40,343,SOP,1,"SHAKUR, MUSTAFA",3FGA,Missed Three Pointer,0,441,625,G,,,,28,03:00,42,58,
2007,RS,4,40,345,VIR,PTGO,"CROSARIOL, ANDREA",2FGA,Missed Two Pointer,0,-76,48,D,,,,28,03:00,42,58,
2007,RS,4,40,347,SOP,PTGA,"WAGNER, DAJUAN",2FGM,Two Pointer,2,123,117,C,,,,28,03:00,42,60,
2007,RS,4,40,353,VIR,PTGL,"HOLLAND, DELONTE",FTM,Free Throw In,1,-1,-1, ,,,,29,02:00,43,60,
2007,RS,4,40,354,VIR,PTGL,"HOLLAND, DELONTE",FTM,Free Throw In,1,-1,-1, ,,,,29,02:00,44,60,
2007,RS,4,40,355,VIR,PTGL,"HOLLAND, DELONTE",FTM,Free Throw In,1,-1,-1, ,,,,29,02:00,45,60,
2007,RS,4,40,356,SOP,PTFZ,"ROSZYK, KRZYSZTOF",2FGA,Missed Two Pointer,0,-84,30,D,,,,29,02:00,45,60,
2007,RS,4,40,358,VIR,PTGM,"SPENCER, DEWARICK",2FGA,Missed Two Pointer,0,69,20,C,,,,29,02:00,45,60,
2007,RS,4,40,361,SOP,PTGA,"WAGNER, DAJUAN",3FGM,Three Pointer,3,643,269,A,,,,30,01:00,45,63,
2007,RS,4,40,363,VIR,PTGO,"CROSARIOL, ANDREA",2FGA,Missed Two Pointer,0,-241,310,E,,,,30,01:00,45,63,
2007,RS,4,40,365,VIR,PTGV,"ANDERSON, ALAN",2FGM,Two Pointer,2,110,12,C,,,,30,01:00,47,63,
2007,RS,4,40,369,VIR,PTGO,"CROSARIOL, ANDREA",2FGA,Missed Two Pointer,0,0,125,D,,,,30,01:00,47,63,
2007,RS,4,40,378,SOP,PTGA,"WAGNER, DAJUAN",2FGA,Missed Two Pointer,0,-138,71,D,,,,31,10:00,47,63,
2007,RS,4,40,380,SOP,PASG,"VAN DEN SPIEGEL, TOMAS",2FGM,Two Pointer,2,33,120,C,,,,31,10:00,47,65,
2007,RS,4,40,381,VIR,PTGV,"ANDERSON, ALAN",2FGA,Missed Two Pointer,0,307,341,B,,,,31,10:00,47,65,
2007,RS,4,40,387,SOP,PCLQ,"DYLEWICZ, FILIP",2FGA,Missed Two Pointer,0,7,120,C,,,,31,10:00,47,65,
2007,RS,4,40,392,VIR,PTGV,"ANDERSON, ALAN",FTM,Free Throw In,1,-1,-1, ,,,,32,09:00,48,65,
2007,RS,4,40,393,VIR,PTGV,"ANDERSON, ALAN",FTM,Free Throw In,1,-1,-1, ,,,,32,09:00,49,65,
2007,RS,4,40,398,SOP,PBCM,"HARISSIS, CHRISTOS",2FGA,Missed Two Pointer,0,53,64,C,,,,32,09:00,49,65,
2007,RS,4,40,400,SOP,PASG,"VAN DEN SPIEGEL, TOMAS",2FGM,Two Pointer,2,20,94,C,,,,32,09:00,49,67,
2007,RS,4,40,401,VIR,PTGV,"ANDERSON, ALAN",2FGA,Missed Two Pointer,0,397,156,B,,,,32,09:00,49,67,
2007,RS,4,40,405,SOP,PTFZ,"ROSZYK, KRZYSZTOF",3FGA,Missed Three Pointer,0,684,102,A,,,,32,09:00,49,67,
2007,RS,4,40,408,SOP,PTGA,"WAGNER, DAJUAN",2FGM,Two Pointer,2,0,474,I,,,,33,08:00,49,69,
2007,RS,4,40,409,VIR,PTGM,"SPENCER, DEWARICK",2FGM,Two Pointer,2,-379,274,E,,,,33,08:00,51,69,
2007,RS,4,40,410,SOP,PASG,"VAN DEN SPIEGEL, TOMAS",2FGA,Missed Two Pointer,0,-84,56,D,,,,33,08:00,51,69,
2007,RS,4,40,418,VIR,PTGT,"CONROY, WILL",FTM,Free Throw In,1,-1,-1, ,,,,33,08:00,52,69,
2007,RS,4,40,419,VIR,PTGT,"CONROY, WILL",FTM,Free Throw In,1,-1,-1, ,,,,33,08:00,53,69,
2007,RS,4,40,427,SOP,PBCM,"HARISSIS, CHRISTOS",3FGM,Three Pointer,3,610,361,A,,,,34,07:00,53,72,
2007,RS,4,40,431,VIR,PTGT,"CONROY, WILL",2FGA,Missed Two Pointer,0,-74,328,D,,,,34,07:00,53,72,
2007,RS,4,40,433,SOP,PTGA,"WAGNER, DAJUAN",2FGAB,Missed Two Pointer,0,102,94,C,,,,34,07:00,53,72,
2007,RS,4,40,440,SOP,PACY,"SLANINA, DONATAS",FTM,Free Throw In,1,-1,-1, ,,,,34,07:00,53,73,
2007,RS,4,40,441,SOP,PACY,"SLANINA, DONATAS",FTM,Free Throw In,1,-1,-1, ,,,,34,07:00,53,74,
2007,RS,4,40,443,VIR,PTGL,"HOLLAND, DELONTE",2FGM,Two Pointer,2,353,189,B,,,,35,06:00,55,74,
2007,RS,4,40,446,VIR,PTGM,"SPENCER, DEWARICK",3FGM,Three Pointer,3,-571,364,F,,,,35,06:00,58,74,
2007,RS,4,40,456,VIR,PBXA,"GIOVANNONI, GUILHERME",3FGA,Missed Three Pointer,0,-600,325,F,,,,36,05:00,58,74,
2007,RS,4,40,458,SOP,PACX,"MASIULIS, TOMAS",2FGA,Missed Two Pointer,0,-141,61,D,,,,36,05:00,58,74,
2007,RS,4,40,462,VIR,PTGM,"SPENCER, DEWARICK",2FGM,Two Pointer,2,89,61,C,,,,36,05:00,60,74,
2007,RS,4,40,463,SOP,PASG,"VAN DEN SPIEGEL, TOMAS",2FGA,Missed Two Pointer,0,-5,166,D,,,,36,05:00,60,74,
2007,RS,4,40,466,VIR,PTGM,"SPENCER, DEWARICK",3FGM,Three Pointer,3,-589,402,F,,,,37,04:00,63,74,
2007,RS,4,40,468,SOP,PACY,"SLANINA, DONATAS",3FGA,Missed Three Pointer,0,312,617,G,,,,37,04:00,63,74,
2007,RS,4,40,472,VIR,PTGM,"SPENCER, DEWARICK",3FGM,Three Pointer,3,423,594,G,,,,37,04:00,66,74,
2007,RS,4,40,476,SOP,PTGA,"WAGNER, DAJUAN",FTM,Free Throw In,1,-1,-1, ,,,,37,04:00,66,75,
2007,RS,4,40,478,VIR,PTGT,"CONROY, WILL",2FGA,Missed Two Pointer,0,87,102,C,,,,38,03:00,66,75,
2007,RS,4,40,480,VIR,PTGM,"SPENCER, DEWARICK",2FGM,Two Pointer,2,25,69,C,,,,38,03:00,68,75,
2007,RS,4,40,482,SOP,PTGA,"WAGNER, DAJUAN",2FGAB,Missed Two Pointer,0,-46,92,D,,,,38,03:00,68,75,
2007,RS,4,40,487,VIR,PTGL,"HOLLAND, DELONTE",2FGM,Two Pointer,2,-74,41,D,,,,38,03:00,70,75,
2007,RS,4,40,490,SOP,PBCM,"HARISSIS, CHRISTOS",FTM,Free Throw In,1,-1,-1, ,,,,38,03:00,70,76,
2007,RS,4,40,493,VIR,PTGV,"ANDERSON, ALAN",2FGA,Missed Two Pointer,0,-100,61,D,,,,38,03:00,70,76,
2007,RS,4,40,499,SOP,PASG,"VAN DEN SPIEGEL, TOMAS",FTM,Free Throw In,1,-1,-1, ,,,,39,02:00,70,77,
2007,RS,4,40,500,SOP,PASG,"VAN DEN SPIEGEL, TOMAS",FTM,Free Throw In,1,-1,-1, ,,,,39,02:00,70,78,
2007,RS,4,40,501,VIR,PTGM,"SPENCER, DEWARICK",3FGM,Three Pointer,3,-156,712,J,,,,39,02:00,73,78,
2007,RS,4,40,502,SOP,PASG,"VAN DEN SPIEGEL, TOMAS",2FGM,Two Pointer,2,-105,135,D,,,,39,02:00,73,80,
2007,RS,4,40,503,VIR,PTGM,"SPENCER, DEWARICK",3FGA,Missed Three Pointer,0,494,571,G,,,,39,02:00,73,80,
2007,RS,4,40,507,SOP,PASG,"VAN DEN SPIEGEL, TOMAS",FTM,Free Throw In,1,-1,-1, ,,,,39,02:00,73,81,
2007,RS,4,40,508,SOP,PASG,"VAN DEN SPIEGEL, TOMAS",FTM,Free Throw In,1,-1,-1, ,,,,39,02:00,73,82,
2007,RS,4,40,509,VIR,PBXA,"GIOVANNONI, GUILHERME",3FGA,Missed Three Pointer,0,-171,746,J,,,,39,02:00,73,82,
2007,RS,4,40,513,VIR,PTGL,"HOLLAND, DELONTE",2FGA,Missed Two Pointer,0,76,110,C,,,,39,02:00,73,82,
2007,RS,4,40,515,VIR,PTGV,"ANDERSON, ALAN",2FGM,Two Pointer,2,-12,105,D,,,,39,02:00,75,82,
2007,RS,4,40,519,SOP,PACY,"SLANINA, DONATAS",FTM,Free Throw In,1,-1,-1, ,,,,40,01:00,75,83,
2007,RS,4,40,520,SOP,PACY,"SLANINA, DONATAS",FTM,Free Throw In,1,-1,-1, ,,,,40,01:00,75,84,
2007,RS,4,40,521,VIR,PTGT,"CONROY, WILL",3FGA,Missed Three Pointer,0,-323,643,J,,,,40,01:00,75,84,
2007,RS,4,40,524,SOP,PACY,"SLANINA, DONATAS",2FGM,Two Pointer,2,-64,97,D,,,,40,01:00,75,86,
2007,RS,4,40,525,VIR,PTGM,"SPENCER, DEWARICK",3FGA,Missed Three Pointer,0,320,664,G,,,,40,01:00,75,86,
2007,RS,4,40,529,SOP,PACX,"MASIULIS, TOMAS",FTM,Free Throw In,1,-1,-1, ,,,,40,01:00,75,87,
2007,RS,4,41,2,ARI,PTEM,"WRIGHT, BRACEY",2FGA,Missed Two Pointer,0,146,223,C,,,,1,10:00,0,0,
2007,RS,4,41,4,LIE,PJRD,"NIELSEN, MATT",2FGM,Two Pointer,2,2,117,D,,,,1,10:00,2,0,
2007,RS,4,41,8,ARI,PLGM,"TSALDARIS, DIMITRIOS",2FGM,Two Pointer,2,43,28,C,,,,2,09:00,2,2,
2007,RS,4,41,11,ARI,PLGM,"TSALDARIS, DIMITRIOS",2FGA,Missed Two Pointer,0,-138,541,I,,,,2,09:00,2,2,
2007,RS,4,41,13,LIE,PCOH,"PRICE, HOLLIS",3FGM,Three Pointer,3,-320,582,J,,,,2,09:00,5,2,
2007,RS,4,41,17,LIE,PBUU,"LUKAUSKIS, MINDAUGAS",2FGM,Two Pointer,2,61,28,C,,,,3,08:00,7,2,
2007,RS,4,41,20,LIE,PCOH,"PRICE, HOLLIS",2FGM,Two Pointer,2,-94,66,D,,,,3,08:00,9,2,
2007,RS,4,41,22,ARI,PTEM,"WRIGHT, BRACEY",3FGA,Missed Three Pointer,0,287,641,G,,,,3,08:00,9,2,
2007,RS,4,41,27,LIE,PBUU,"LUKAUSKIS, MINDAUGAS",3FGA,Missed Three Pointer,0,-646,135,F,,,,4,07:00,9,2,
2007,RS,4,41,31,ARI,PTEM,"WRIGHT, BRACEY",2FGA,Missed Two Pointer,0,294,361,B,,,,4,07:00,9,2,
2007,RS,4,41,36,LIE,PJZN,"PETRAVICIUS, MARIJONAS",2FGAB,Missed Two Pointer,0,66,58,C,,,,4,07:00,9,2,
2007,RS,4,41,40,LIE,PCOH,"PRICE, HOLLIS",2FGM,Two Pointer,2,235,225,B,,,,4,07:00,11,2,
2007,RS,4,41,48,ARI,PAPI,"KALAITZIS, GEORGIOS",2FGM,Two Pointer,2,-84,58,D,,,,5,06:00,11,4,
2007,RS,4,41,49,LIE,PJZN,"PETRAVICIUS, MARIJONAS",2FGM,Two Pointer,2,2,53,D,,,,5,06:00,13,4,
2007,RS,4,41,53,ARI,PBDH,"MOTTOLA, HANNO",2FGM,Two Pointer,2,-5,74,D,,,,6,05:00,13,6,
2007,RS,4,41,55,LIE,PBUU,"LUKAUSKIS, MINDAUGAS",3FGA,Missed Three Pointer,0,474,474,G,,,,6,05:00,13,6,
2007,RS,4,41,57,ARI,PTEO,"TERRY, REYSHAWN",2FGM,Two Pointer,2,-202,315,D,,,,6,05:00,13,8,
2007,RS,4,41,59,LIE,PBUU,"LUKAUSKIS, MINDAUGAS",3FGM,Three Pointer,3,407,543,G,,,,7,04:00,16,8,
2007,RS,4,41,63,ARI,PLGM,"TSALDARIS, DIMITRIOS",3FGA,Missed Three Pointer,0,-584,335,F,,,,7,04:00,16,8,
2007,RS,4,41,65,LIE,PJZN,"PETRAVICIUS, MARIJONAS",2FGM,Two Pointer,2,-38,43,D,,,,7,04:00,18,8,
2007,RS,4,41,68,ARI,PLGV,"MASSEY, JEREMIAH",2FGA,Missed Two Pointer,0,-100,223,D,,,,8,03:00,18,8,
2007,RS,4,41,79,LIE,PJZN,"PETRAVICIUS, MARIJONAS",2FGM,Two Pointer,2,53,30,C,,,,9,02:00,20,8,
2007,RS,4,41,81,ARI,PLGV,"MASSEY, JEREMIAH",2FGM,Two Pointer,2,-38,23,D,,,,9,02:00,20,10,
2007,RS,4,41,89,LIE,PJRD,"NIELSEN, MATT",FTM,Free Throw In,1,-1,-1, ,,,,9,02:00,21,10,
2007,RS,4,41,90,LIE,PJRD,"NIELSEN, MATT",FTM,Free Throw In,1,-1,-1, ,,,,9,02:00,22,10,
2007,RS,4,41,94,LIE,PCOH,"PRICE, HOLLIS",2FGA,Missed Two Pointer,0,-410,46,E,,,,10,01:00,22,10,
2007,RS,4,41,96,ARI,PTEM,"WRIGHT, BRACEY",2FGM,Two Pointer,2,-71,30,D,,,,10,01:00,22,12,
2007,RS,4,41,97,LIE,PCOH,"PRICE, HOLLIS",3FGM,Three Pointer,3,-658,69,F,,,,10,01:00,25,12,
2007,RS,4,41,99,ARI,PBAO,"SERAPINAS, SIMONAS",3FGM,Three Pointer,3,-300,610,J,,,,10,01:00,25,15,
2007,RS,4,41,107,LIE,PJZN,"PETRAVICIUS, MARIJONAS",2FGM,Two Pointer,2,-51,25,D,,,,11,10:00,27,15,
2007,RS,4,41,113,LIE,PJZN,"PETRAVICIUS, MARIJONAS",2FGA,Missed Two Pointer,0,-56,43,D,,,,11,10:00,27,15,
2007,RS,4,41,118,ARI,PJIX,"AGADAKOS, LAZAROS",2FGA,Missed Two Pointer,0,320,287,B,,,,12,09:00,27,15,
2007,RS,4,41,120,LIE,PLOC,"EIDSON, CHUCK",2FGM,Two Pointer,2,-61,20,D,,,,12,09:00,29,15,
2007,RS,4,41,121,ARI,PTEM,"WRIGHT, BRACEY",2FGM,Two Pointer,2,-30,153,D,,,,12,09:00,29,17,
2007,RS,4,41,126,LIE,PTFL,"BAJRAMOVIC, KENAN",3FGM,Three Pointer,3,-238,625,J,,,,12,09:00,32,17,
2007,RS,4,41,128,ARI,PTEM,"WRIGHT, BRACEY",2FGA,Missed Two Pointer,0,187,548,H,,,,12,09:00,32,17,
2007,RS,4,41,135,ARI,PTEO,"TERRY, REYSHAWN",3FGA,Missed Three Pointer,0,289,605,G,,,,13,08:00,32,17,
2007,RS,4,41,143,ARI,PJIX,"AGADAKOS, LAZAROS",FTM,Free Throw In,1,-1,-1, ,,,,13,08:00,32,18,
2007,RS,4,41,144,ARI,PJIX,"AGADAKOS, LAZAROS",FTM,Free Throw In,1,-1,-1, ,,,,13,08:00,32,19,
2007,RS,4,41,145,LIE,PLOC,"EIDSON, CHUCK",2FGA,Missed Two Pointer,0,-420,302,E,,,,13,08:00,32,19,
2007,RS,4,41,150,ARI,PJIX,"AGADAKOS, LAZAROS",2FGA,Missed Two Pointer,0,30,20,C,,,,14,07:00,32,19,
2007,RS,4,41,152,ARI,PBAO,"SERAPINAS, SIMONAS",2FGM,Two Pointer,2,-2,89,D,,,,14,07:00,32,21,
2007,RS,4,41,155,ARI,PBAO,"SERAPINAS, SIMONAS",2FGM,Two Pointer,2,43,87,C,,,,14,07:00,32,23,
2007,RS,4,41,168,ARI,PJIX,"AGADAKOS, LAZAROS",FTM,Free Throw In,1,-1,-1, ,,,,15,06:00,32,24,
2007,RS,4,41,171,ARI,PTEO,"TERRY, REYSHAWN",2FGM,Two Pointer,2,28,51,C,,,,15,06:00,32,26,
2007,RS,4,41,174,LIE,PBUU,"LUKAUSKIS, MINDAUGAS",3FGA,Missed Three Pointer,0,189,669,G,,,,15,06:00,32,26,
2007,RS,4,41,181,LIE,PTFL,"BAJRAMOVIC, KENAN",3FGA,Missed Three Pointer,0,407,592,G,,,,16,05:00,32,26,
2007,RS,4,41,183,ARI,PBAO,"SERAPINAS, SIMONAS",3FGA,Missed Three Pointer,0,-369,576,J,,,,16,05:00,32,26,
2007,RS,4,41,185,LIE,PJRD,"NIELSEN, MATT",2FGM,Two Pointer,2,51,33,C,,,,16,05:00,34,26,
2007,RS,4,41,187,ARI,PJXV,"CASTLE, TERREL",2FGA,Missed Two Pointer,0,-215,143,D,,,,17,04:00,34,26,
2007,RS,4,41,189,LIE,PCOH,"PRICE, HOLLIS",3FGA,Missed Three Pointer,0,-212,630,J,,,,17,04:00,34,26,
2007,RS,4,41,191,ARI,PTEM,"WRIGHT, BRACEY",3FGA,Missed Three Pointer,0,-397,558,J,,,,17,04:00,34,26,
2007,RS,4,41,199,LIE,PLOC,"EIDSON, CHUCK",FTM,Free Throw In,1,-1,-1, ,,,,17,04:00,35,26,
2007,RS,4,41,203,LIE,PLOC,"EIDSON, CHUCK",2FGM,Two Pointer,2,69,64,C,,,,18,03:00,37,26,
2007,RS,4,41,205,ARI,PLGM,"TSALDARIS, DIMITRIOS",2FGAB,Missed Two Pointer,0,105,100,C,,,,18,03:00,37,26,
2007,RS,4,41,211,LIE,PTFL,"BAJRAMOVIC, KENAN",2FGM,Two Pointer,2,-100,51,D,,,,18,03:00,39,26,
2007,RS,4,41,212,ARI,PBDH,"MOTTOLA, HANNO",2FGM,Two Pointer,2,20,123,C,,,,18,03:00,39,28,
2007,RS,4,41,215,LIE,PLOC,"EIDSON, CHUCK",3FGM,Three Pointer,3,505,484,G,,,,19,02:00,42,28,
2007,RS,4,41,221,ARI,PLGV,"MASSEY, JEREMIAH",FTM,Free Throw In,1,-1,-1, ,,,,19,02:00,42,29,
2007,RS,4,41,227,ARI,PLGV,"MASSEY, JEREMIAH",2FGM,Two Pointer,2,171,35,C,,,,20,01:00,42,31,
2007,RS,4,41,228,LIE,PLTT,"GECEVICIUS, MARTYNAS",3FGA,Missed Three Pointer,0,682,33,A,,,,20,01:00,42,31,
2007,RS,4,41,237,LIE,PCOH,"PRICE, HOLLIS",3FGA,Missed Three Pointer,0,133,758,G,,,,20,01:00,42,31,
2007,RS,4,41,248,ARI,PLGV,"MASSEY, JEREMIAH",2FGM,Two Pointer,2,-112,97,D,,,,21,10:00,42,33,
2007,RS,4,41,251,LIE,PJRD,"NIELSEN, MATT",3FGA,Missed Three Pointer,0,428,530,G,,,,21,10:00,42,33,
2007,RS,4,41,254,ARI,PJXV,"CASTLE, TERREL",3FGM,Three Pointer,3,343,582,G,,,,22,09:00,42,36,
2007,RS,4,41,255,LIE,PBUU,"LUKAUSKIS, MINDAUGAS",3FGA,Missed Three Pointer,0,-666,35,F,,,,22,09:00,42,36,
2007,RS,4,41,257,LIE,PJZN,"PETRAVICIUS, MARIJONAS",2FGM,Two Pointer,2,10,74,C,,,,22,09:00,44,36,
2007,RS,4,41,262,ARI,PBDH,"MOTTOLA, HANNO",2FGA,Missed Two Pointer,0,-466,161,E,,,,23,08:00,44,36,
2007,RS,4,41,264,LIE,PJRD,"NIELSEN, MATT",3FGM,Three Pointer,3,469,476,G,,,,23,08:00,47,36,
2007,RS,4,41,270,ARI,PBDH,"MOTTOLA, HANNO",3FGA,Missed Three Pointer,0,328,607,G,,,,23,08:00,47,36,
2007,RS,4,41,273,LIE,PCOH,"PRICE, HOLLIS",3FGM,Three Pointer,3,-666,94,F,,,,24,07:00,50,36,
2007,RS,4,41,286,ARI,PTEO,"TERRY, REYSHAWN",3FGM,Three Pointer,3,558,371,A,,,,25,06:00,50,39,
2007,RS,4,41,290,ARI,PLGV,"MASSEY, JEREMIAH",2FGM,Two Pointer,2,53,43,C,,,,25,06:00,50,41,
2007,RS,4,41,296,LIE,PJZN,"PETRAVICIUS, MARIJONAS",2FGM,Two Pointer,2,41,33,C,,,,26,05:00,52,41,
2007,RS,4,41,301,ARI,PJXV,"CASTLE, TERREL",3FGA,Missed Three Pointer,0,-276,605,J,,,,26,05:00,52,41,
2007,RS,4,41,303,LIE,PJRD,"NIELSEN, MATT",3FGA,Missed Three Pointer,0,-358,589,J,,,,26,05:00,52,41,
2007,RS,4,41,305,LIE,PJZN,"PETRAVICIUS, MARIJONAS",2FGAB,Missed Two Pointer,0,-7,87,D,,,,26,05:00,52,41,
2007,RS,4,41,314,ARI,PTEO,"TERRY, REYSHAWN",FTM,Free Throw In,1,-1,-1, ,,,,26,05:00,52,42,
2007,RS,4,41,316,LIE,PJRD,"NIELSEN, MATT",2FGA,Missed Two Pointer,0,-120,64,D,,,,27,04:00,52,42,
2007,RS,4,41,318,LIE,PJZN,"PETRAVICIUS, MARIJONAS",2FGM,Two Pointer,2,61,56,C,,,,27,04:00,54,42,
2007,RS,4,41,319,ARI,PTEM,"WRIGHT, BRACEY",2FGM,Two Pointer,2,-15,69,D,,,,27,04:00,54,44,
2007,RS,4,41,322,ARI,PTEM,"WRIGHT, BRACEY",FTM,Free Throw In,1,-1,-1, ,,,,27,04:00,54,45,
2007,RS,4,41,325,LIE,PJZN,"PETRAVICIUS, MARIJONAS",2FGM,Two Pointer,2,-5,10,D,,,,27,04:00,56,45,
2007,RS,4,41,328,ARI,PTEM,"WRIGHT, BRACEY",2FGM,Two Pointer,2,58,105,C,,,,28,03:00,56,47,
2007,RS,4,41,333,LIE,PJZN,"PETRAVICIUS, MARIJONAS",2FGM,Two Pointer,2,-10,2,D,,,,28,03:00,58,47,
2007,RS,4,41,336,ARI,PTEO,"TERRY, REYSHAWN",3FGA,Missed Three Pointer,0,0,689,J,,,,29,02:00,58,47,
2007,RS,4,41,338,LIE,PLOC,"EIDSON, CHUCK",3FGM,Three Pointer,3,641,143,A,,,,29,02:00,61,47,
2007,RS,4,41,340,ARI,PTEM,"WRIGHT, BRACEY",3FGA,Missed Three Pointer,0,656,125,A,,,,29,02:00,61,47,
2007,RS,4,41,342,LIE,PJRD,"NIELSEN, MATT",2FGA,Missed Two Pointer,0,-317,146,E,,,,29,02:00,61,47,
2007,RS,4,41,344,ARI,PTEO,"TERRY, REYSHAWN",3FGA,Missed Three Pointer,0,682,102,A,,,,29,02:00,61,47,
2007,RS,4,41,346,LIE,PLOC,"EIDSON, CHUCK",3FGA,Missed Three Pointer,0,-71,792,J,,,,29,02:00,61,47,
2007,RS,4,41,356,LIE,PJZN,"PETRAVICIUS, MARIJONAS",2FGM,Two Pointer,2,-66,76,D,,,,31,10:00,63,47,
2007,RS,4,41,358,ARI,PTEM,"WRIGHT, BRACEY",3FGA,Missed Three Pointer,0,664,-10,A,,,,31,10:00,63,47,
2007,RS,4,41,361,LIE,PLOC,"EIDSON, CHUCK",2FGA,Missed Two Pointer,0,115,110,C,,,,32,09:00,63,47,
2007,RS,4,41,363,ARI,PBAO,"SERAPINAS, SIMONAS",3FGA,Missed Three Pointer,0,-438,494,J,,,,32,09:00,63,47,
2007,RS,4,41,365,LIE,PJZN,"PETRAVICIUS, MARIJONAS",2FGM,Two Pointer,2,10,61,C,,,,32,09:00,65,47,
2007,RS,4,41,370,ARI,PLGV,"MASSEY, JEREMIAH",2FGM,Two Pointer,2,153,94,C,,,,32,09:00,65,49,
2007,RS,4,41,374,LIE,P000275,"MITCHELL, DARREL",3FGAB,Missed Three Pointer,0,76,694,G,,,,33,08:00,65,49,
2007,RS,4,41,380,ARI,PTEM,"WRIGHT, BRACEY",3FGA,Missed Three Pointer,0,-323,587,J,,,,33,08:00,65,49,
2007,RS,4,41,382,ARI,PAPI,"KALAITZIS, GEORGIOS",3FGM,Three Pointer,3,676,61,A,,,,33,08:00,65,52,
2007,RS,4,41,383,LIE,PLOC,"EIDSON, CHUCK",2FGA,Missed Two Pointer,0,-279,217,E,,,,33,08:00,65,52,
2007,RS,4,41,386,ARI,PLGV,"MASSEY, JEREMIAH",2FGM,Two Pointer,2,84,123,C,,,,34,07:00,65,54,
2007,RS,4,41,395,LIE,PCOH,"PRICE, HOLLIS",3FGA,Missed Three Pointer,0,205,628,G,,,,34,07:00,65,54,
2007,RS,4,41,400,ARI,PTEO,"TERRY, REYSHAWN",3FGA,Missed Three Pointer,0,-233,635,J,,,,35,06:00,65,54,
2007,RS,4,41,402,LIE,PLOC,"EIDSON, CHUCK",3FGA,Missed Three Pointer,0,638,164,A,,,,35,06:00,65,54,
2007,RS,4,41,413,LIE,PJRD,"NIELSEN, MATT",3FGA,Missed Three Pointer,0,364,576,G,,,,36,05:00,65,54,
2007,RS,4,41,421,LIE,PJRD,"NIELSEN, MATT",2FGA,Missed Two Pointer,0,92,241,C,,,,36,05:00,65,54,
2007,RS,4,41,424,ARI,PLGV,"MASSEY, JEREMIAH",2FGM,Two Pointer,2,48,92,C,,,,37,04:00,65,56,
2007,RS,4,41,430,ARI,PLGV,"MASSEY, JEREMIAH",FTM,Free Throw In,1,-1,-1, ,,,,37,04:00,65,57,
2007,RS,4,41,433,ARI,PTEO,"TERRY, REYSHAWN",3FGA,Missed Three Pointer,0,-597,300,F,,,,37,04:00,65,57,
2007,RS,4,41,437,ARI,PLGM,"TSALDARIS, DIMITRIOS",2FGM,Two Pointer,2,-51,66,D,,,,37,04:00,65,59,
2007,RS,4,41,440,ARI,PLGM,"TSALDARIS, DIMITRIOS",2FGA,Missed Two Pointer,0,-61,71,D,,,,37,04:00,65,59,
2007,RS,4,41,444,LIE,PCOH,"PRICE, HOLLIS",3FGA,Missed Three Pointer,0,-497,469,J,,,,38,03:00,65,59,
2007,RS,4,41,446,ARI,PLGM,"TSALDARIS, DIMITRIOS",3FGA,Missed Three Pointer,0,597,351,A,,,,38,03:00,65,59,
2007,RS,4,41,450,LIE,PKNS,"JOMANTAS, ARTURAS",FTM,Free Throw In,1,-1,-1, ,,,,38,03:00,66,59,
2007,RS,4,41,451,LIE,PKNS,"JOMANTAS, ARTURAS",FTM,Free Throw In,1,-1,-1, ,,,,38,03:00,67,59,
2007,RS,4,41,452,ARI,PTEM,"WRIGHT, BRACEY",3FGM,Three Pointer,3,20,694,G,,,,38,03:00,67,62,
2007,RS,4,41,456,LIE,PKNS,"JOMANTAS, ARTURAS",FTM,Free Throw In,1,-1,-1, ,,,,38,03:00,68,62,
2007,RS,4,41,457,LIE,PKNS,"JOMANTAS, ARTURAS",FTM,Free Throw In,1,-1,-1, ,,,,38,03:00,69,62,
2007,RS,4,41,459,ARI,PLGM,"TSALDARIS, DIMITRIOS",3FGM,Three Pointer,3,-646,138,F,,,,39,02:00,69,65,
2007,RS,4,41,461,LIE,PCOH,"PRICE, HOLLIS",2FGA,Missed Two Pointer,0,-38,102,D,,,,39,02:00,69,65,
2007,RS,4,41,463,ARI,PLGM,"TSALDARIS, DIMITRIOS",3FGA,Missed Three Pointer,0,-7,687,J,,,,39,02:00,69,65,
2007,RS,4,41,466,LIE,PCOH,"PRICE, HOLLIS",2FGA,Missed Two Pointer,0,-284,120,E,,,,40,01:00,69,65,
2007,RS,4,41,468,ARI,PLGV,"MASSEY, JEREMIAH",3FGM,Three Pointer,3,635,197,A,,,,40,01:00,69,68,
2007,RS,4,41,475,LIE,PCOH,"PRICE, HOLLIS",FTM,Free Throw In,1,-1,-1, ,,,,40,01:00,70,68,
2007,RS,4,41,476,LIE,PCOH,"PRICE, HOLLIS",FTM,Free Throw In,1,-1,-1, ,,,,40,01:00,71,68,
2007,RS,4,41,478,ARI,PAPI,"KALAITZIS, GEORGIOS",2FGM,Two Pointer,2,-79,35,D,,,,40,01:00,71,70,
2007,RS,4,41,482,LIE,PJRD,"NIELSEN, MATT",FTM,Free Throw In,1,-1,-1, ,,,,40,01:00,72,70,
2007,RS,4,41,483,LIE,PJRD,"NIELSEN, MATT",FTM,Free Throw In,1,-1,-1, ,,,,40,01:00,73,70,
2007,RS,4,41,489,LIE,PBUU,"LUKAUSKIS, MINDAUGAS",FTM,Free Throw In,1,-1,-1, ,,,,40,01:00,74,70,
2007,RS,4,41,490,LIE,PBUU,"LUKAUSKIS, MINDAUGAS",FTM,Free Throw In,1,-1,-1, ,,,,40,01:00,75,70,
2007,RS,4,41,493,LIE,PKNS,"JOMANTAS, ARTURAS",2FGM,Two Pointer,2,38,53,C,,,,40,01:00,77,70,
2007,RS,4,42,2,LEM,PCHZ,"BOGDANOVIC, LUKA",2FGM,Two Pointer,2,-79,58,D,,,,1,10:00,0,2,
2007,RS,4,42,4,IST,PAWN,"GONLUM, KEREM",2FGA,Missed Two Pointer,0,482,335,B,,,,1,10:00,0,2,
2007,RS,4,42,6,LEM,PKZD,"CLANCY, SAMUEL",2FGA,Missed Two Pointer,0,-28,112,D,,,,1,10:00,0,2,
2007,RS,4,42,9,IST,PBXD,"PENN, JAMES",3FGA,Missed Three Pointer,0,-530,410,F,,,,2,09:00,0,2,
2007,RS,4,42,11,LEM,PCOB,"KOFFI, ALAIN",2FGM,Two Pointer,2,-87,64,D,,,,2,09:00,0,4,
2007,RS,4,42,13,IST,PKOJ,"GREGORY, KENNY",2FGM,Two Pointer,2,146,517,H,,,,2,09:00,2,4,
2007,RS,4,42,14,LEM,PCOC,"BOKOLO, YANNICK",2FGM,Two Pointer,2,-71,35,D,,,,2,09:00,2,6,
2007,RS,4,42,16,IST,PTFG,"WOODS, LOREN",2FGA,Missed Two Pointer,0,-89,58,D,,,,3,08:00,2,6,
2007,RS,4,42,23,IST,PTFG,"WOODS, LOREN",2FGAB,Missed Two Pointer,0,76,56,C,,,,3,08:00,2,6,
2007,RS,4,42,25,LEM,PCOC,"BOKOLO, YANNICK",FTM,Free Throw In,1,-1,-1, ,,,,3,08:00,2,7,
2007,RS,4,42,28,IST,PKNG,"NICHOLAS, ANDREW",3FGM,Three Pointer,3,-489,569,J,,,,3,08:00,5,7,
2007,RS,4,42,29,LEM,PKOH,"BATUM, NICOLAS",2FGA,Missed Two Pointer,0,-394,374,E,,,,3,08:00,5,7,
2007,RS,4,42,32,IST,PBXD,"PENN, JAMES",2FGM,Two Pointer,2,56,502,H,,,,4,07:00,7,7,
2007,RS,4,42,33,LEM,PKOH,"BATUM, NICOLAS",3FGM,Three Pointer,3,-658,135,F,,,,4,07:00,7,10,
2007,RS,4,42,35,IST,PKOJ,"GREGORY, KENNY",3FGA,Missed Three Pointer,0,-548,387,F,,,,4,07:00,7,10,
2007,RS,4,42,36,LEM,PCOC,"BOKOLO, YANNICK",2FGM,Two Pointer,2,220,94,C,,,,4,07:00,7,12,
2007,RS,4,42,38,IST,PTFG,"WOODS, LOREN",2FGM,Two Pointer,2,5,-2,C,,,,5,06:00,9,12,
2007,RS,4,42,40,LEM,PKOH,"BATUM, NICOLAS",2FGA,Missed Two Pointer,0,241,269,B,,,,5,06:00,9,12,
2007,RS,4,42,50,LEM,PCHZ,"BOGDANOVIC, LUKA",3FGM,Three Pointer,3,651,92,A,,,,6,05:00,9,15,
2007,RS,4,42,55,IST,PKNG,"NICHOLAS, ANDREW",2FGA,Missed Two Pointer,0,292,100,B,,,,6,05:00,9,15,
2007,RS,4,42,57,LEM,PCHZ,"BOGDANOVIC, LUKA",3FGM,Three Pointer,3,-79,684,J,,,,6,05:00,9,18,
2007,RS,4,42,65,IST,PTFG,"WOODS, LOREN",2FGM,Two Pointer,2,171,7,C,,,,7,04:00,11,18,
2007,RS,4,42,68,IST,PBXK,"AKYOL, CENK",3FGA,Missed Three Pointer,0,497,430,G,,,,7,04:00,11,18,
2007,RS,4,42,70,LEM,PCOC,"BOKOLO, YANNICK",3FGA,Missed Three Pointer,0,571,379,A,,,,7,04:00,11,18,
2007,RS,4,42,72,IST,PKCH,"HUTSON, ANDRE",2FGA,Missed Two Pointer,0,425,38,B,,,,8,03:00,11,18,
2007,RS,4,42,74,LEM,PKZD,"CLANCY, SAMUEL",2FGM,Two Pointer,2,-17,123,D,,,,8,03:00,11,20,
2007,RS,4,42,75,IST,PBXK,"AKYOL, CENK",3FGA,Missed Three Pointer,0,-402,538,J,,,,8,03:00,11,20,
2007,RS,4,42,80,LEM,PCHZ,"BOGDANOVIC, LUKA",3FGM,Three Pointer,3,-589,346,F,,,,9,02:00,11,23,
2007,RS,4,42,91,LEM,PTFJ,"RICCI, PHIL",2FGM,Two Pointer,2,-287,48,E,,,,9,02:00,11,25,
2007,RS,4,42,92,IST,PKNG,"NICHOLAS, ANDREW",3FGA,Missed Three Pointer,0,97,669,G,,,,9,02:00,11,25,
2007,RS,4,42,95,IST,PBKM,"KUQO, ERMAL",2FGM,Two Pointer,2,-89,51,D,,,,9,02:00,13,25,
2007,RS,4,42,98,LEM,PKOH,"BATUM, NICOLAS",2FGA,Missed Two Pointer,0,33,433,H,,,,10,01:00,13,25,
2007,RS,4,42,100,IST,PARN,"ARSLAN, ENDER",3FGA,Missed Three Pointer,0,38,702,G,,,,10,01:00,13,25,
2007,RS,4,42,102,IST,PBDQ,"ERDOGAN, SERKAN",3FGA,Missed Three Pointer,0,-594,305,F,,,,10,01:00,13,25,
2007,RS,4,42,108,IST,PKOJ,"GREGORY, KENNY",2FGA,Missed Two Pointer,0,-84,87,D,,,,11,10:00,13,25,
2007,RS,4,42,110,LEM,PCHZ,"BOGDANOVIC, LUKA",2FGA,Missed Two Pointer,0,469,110,B,,,,11,10:00,13,25,
2007,RS,4,42,112,IST,PARN,"ARSLAN, ENDER",3FGA,Missed Three Pointer,0,-610,353,F,,,,11,10:00,13,25,
2007,RS,4,42,119,LEM,PTFJ,"RICCI, PHIL",3FGA,Missed Three Pointer,0,-274,628,J,,,,12,09:00,13,25,
2007,RS,4,42,121,IST,PBDQ,"ERDOGAN, SERKAN",3FGM,Three Pointer,3,-607,338,F,,,,12,09:00,16,25,
2007,RS,4,42,123,LEM,PTFJ,"RICCI, PHIL",2FGA,Missed Two Pointer,0,448,100,B,,,,12,09:00,16,25,
2007,RS,4,42,125,IST,PKOJ,"GREGORY, KENNY",2FGM,Two Pointer,2,0,2,D,,,,12,09:00,18,25,
2007,RS,4,42,133,LEM,PKZD,"CLANCY, SAMUEL",FTM,Free Throw In,1,-1,-1, ,,,,13,08:00,18,26,
2007,RS,4,42,134,IST,PBKM,"KUQO, ERMAL",3FGA,Missed Three Pointer,0,115,653,G,,,,13,08:00,18,26,
2007,RS,4,42,136,LEM,PDID,"LIMONAD, RAVIV",2FGAB,Missed Two Pointer,0,-94,94,D,,,,13,08:00,18,26,
2007,RS,4,42,147,LEM,PKOH,"BATUM, NICOLAS",3FGA,Missed Three Pointer,0,-279,671,J,,,,14,07:00,18,26,
2007,RS,4,42,150,IST,PBDQ,"ERDOGAN, SERKAN",3FGM,Three Pointer,3,100,674,G,,,,14,07:00,21,26,
2007,RS,4,42,154,IST,PBDQ,"ERDOGAN, SERKAN",FTM,Free Throw In,1,-1,-1, ,,,,14,07:00,22,26,
2007,RS,4,42,155,IST,PBDQ,"ERDOGAN, SERKAN",FTM,Free Throw In,1,-1,-1, ,,,,14,07:00,23,26,
2007,RS,4,42,159,LEM,PTFJ,"RICCI, PHIL",2FGA,Missed Two Pointer,0,-112,87,D,,,,15,06:00,23,26,
2007,RS,4,42,164,IST,PBKM,"KUQO, ERMAL",2FGA,Missed Two Pointer,0,-182,20,D,,,,15,06:00,23,26,
2007,RS,4,42,165,LEM,PCOB,"KOFFI, ALAIN",2FGM,Two Pointer,2,-135,74,D,,,,15,06:00,23,28,
2007,RS,4,42,166,IST,PBDQ,"ERDOGAN, SERKAN",3FGA,Missed Three Pointer,0,-546,405,F,,,,15,06:00,23,28,
2007,RS,4,42,168,LEM,PCOB,"KOFFI, ALAIN",2FGA,Missed Two Pointer,0,-451,33,E,,,,15,06:00,23,28,
2007,RS,4,42,170,LEM,PCOB,"KOFFI, ALAIN",2FGM,Two Pointer,2,-92,61,D,,,,15,06:00,23,30,
2007,RS,4,42,172,IST,PTFG,"WOODS, LOREN",2FGM,Two Pointer,2,-194,84,D,,,,16,05:00,25,30,
2007,RS,4,42,174,LEM,PDID,"LIMONAD, RAVIV",3FGA,Missed Three Pointer,0,-228,638,J,,,,16,05:00,25,30,
2007,RS,4,42,178,LEM,PKOH,"BATUM, NICOLAS",3FGA,Missed Three Pointer,0,-497,494,J,,,,16,05:00,25,30,
2007,RS,4,42,187,LEM,PTFJ,"RICCI, PHIL",FTM,Free Throw In,1,-1,-1, ,,,,17,04:00,25,31,
2007,RS,4,42,188,IST,PKCH,"HUTSON, ANDRE",2FGA,Missed Two Pointer,0,184,66,C,,,,17,04:00,25,31,
2007,RS,4,42,190,IST,PTFG,"WOODS, LOREN",2FGM,Two Pointer,2,-5,10,D,,,,17,04:00,27,31,
2007,RS,4,42,197,IST,PBDQ,"ERDOGAN, SERKAN",2FGA,Missed Two Pointer,0,123,33,C,,,,18,03:00,27,31,
2007,RS,4,42,199,IST,PTFG,"WOODS, LOREN",2FGA,Missed Two Pointer,0,76,74,C,,,,18,03:00,27,31,
2007,RS,4,42,202,IST,PKNG,"NICHOLAS, ANDREW",2FGM,Two Pointer,2,182,169,C,,,,19,02:00,29,31,
2007,RS,4,42,212,LEM,PTFJ,"RICCI, PHIL",FTM,Free Throw In,1,-1,-1, ,,,,19,02:00,29,32,
2007,RS,4,42,214,IST,PBXD,"PENN, JAMES",2FGAB,Missed Two Pointer,0,61,105,C,,,,19,02:00,29,32,
2007,RS,4,42,216,IST,PKNG,"NICHOLAS, ANDREW",3FGA,Missed Three Pointer,0,-625,397,F,,,,19,02:00,29,32,
2007,RS,4,42,218,IST,PKOJ,"GREGORY, KENNY",2FGM,Two Pointer,2,10,107,C,,,,19,02:00,31,32,
2007,RS,4,42,224,LEM,PTFJ,"RICCI, PHIL",FTM,Free Throw In,1,-1,-1, ,,,,20,01:00,31,33,
2007,RS,4,42,227,IST,PKNG,"NICHOLAS, ANDREW",2FGM,Two Pointer,2,-341,369,E,,,,20,01:00,33,33,
2007,RS,4,42,233,LEM,PCHZ,"BOGDANOVIC, LUKA",3FGM,Three Pointer,3,38,705,G,,,,20,01:00,33,36,
2007,RS,4,42,246,IST,PKNG,"NICHOLAS, ANDREW",3FGA,Missed Three Pointer,0,-184,674,J,,,,21,10:00,33,36,
2007,RS,4,42,250,LEM,PKOH,"BATUM, NICOLAS",FTM,Free Throw In,1,-1,-1, ,,,,21,10:00,33,37,
2007,RS,4,42,252,IST,PTFG,"WOODS, LOREN",2FGAB,Missed Two Pointer,0,141,115,C,,,,21,10:00,33,37,
2007,RS,4,42,255,IST,PBDQ,"ERDOGAN, SERKAN",2FGM,Two Pointer,2,-166,74,D,,,,21,10:00,35,37,
2007,RS,4,42,259,LEM,PKOH,"BATUM, NICOLAS",2FGA,Missed Two Pointer,0,-194,143,D,,,,22,09:00,35,37,
2007,RS,4,42,261,IST,PTFG,"WOODS, LOREN",2FGA,Missed Two Pointer,0,46,151,C,,,,23,08:00,35,37,
2007,RS,4,42,262,IST,PBDQ,"ERDOGAN, SERKAN",3FGA,Missed Three Pointer,0,-564,428,J,,,,23,08:00,35,37,
2007,RS,4,42,265,LEM,PCHZ,"BOGDANOVIC, LUKA",2FGA,Missed Two Pointer,0,369,258,B,,,,23,08:00,35,37,
2007,RS,4,42,269,IST,PKCH,"HUTSON, ANDRE",2FGA,Missed Two Pointer,0,330,202,B,,,,23,08:00,35,37,
2007,RS,4,42,270,LEM,PCOB,"KOFFI, ALAIN",2FGA,Missed Two Pointer,0,235,187,B,,,,23,08:00,35,37,
2007,RS,4,42,274,IST,PBDQ,"ERDOGAN, SERKAN",3FGA,Missed Three Pointer,0,-538,464,J,,,,24,07:00,35,37,
2007,RS,4,42,276,LEM,PKOH,"BATUM, NICOLAS",2FGA,Missed Two Pointer,0,130,66,C,,,,24,07:00,35,37,
2007,RS,4,42,281,IST,PBKM,"KUQO, ERMAL",2FGA,Missed Two Pointer,0,100,115,C,,,,24,07:00,35,37,
2007,RS,4,42,284,IST,PBKM,"KUQO, ERMAL",3FGA,Missed Three Pointer,0,307,664,G,,,,25,06:00,35,37,
2007,RS,4,42,288,LEM,PJMH,"BOGAVAC, NEBOJSA",2FGA,Missed Two Pointer,0,556,69,B,,,,25,06:00,35,37,
2007,RS,4,42,292,LEM,PCHZ,"BOGDANOVIC, LUKA",FTM,Free Throw In,1,-1,-1, ,,,,25,06:00,35,38,
2007,RS,4,42,293,LEM,PCHZ,"BOGDANOVIC, LUKA",FTM,Free Throw In,1,-1,-1, ,,,,25,06:00,35,39,
2007,RS,4,42,294,IST,PBKM,"KUQO, ERMAL",2FGA,Missed Two Pointer,0,10,146,C,,,,25,06:00,35,39,
2007,RS,4,42,296,IST,PKCH,"HUTSON, ANDRE",2FGM,Two Pointer,2,-41,89,D,,,,25,06:00,37,39,
2007,RS,4,42,299,LEM,PCHZ,"BOGDANOVIC, LUKA",2FGA,Missed Two Pointer,0,-156,215,D,,,,26,05:00,37,39,
2007,RS,4,42,300,IST,PKNG,"NICHOLAS, ANDREW",3FGM,Three Pointer,3,-161,666,J,,,,26,05:00,40,39,
2007,RS,4,42,308,IST,PBKM,"KUQO, ERMAL",2FGA,Missed Two Pointer,0,-233,135,D,,,,27,04:00,40,39,
2007,RS,4,42,310,LEM,PCOB,"KOFFI, ALAIN",2FGM,Two Pointer,2,-400,100,E,,,,27,04:00,40,41,
2007,RS,4,42,312,IST,PBDQ,"ERDOGAN, SERKAN",3FGA,Missed Three Pointer,0,-148,682,J,,,,27,04:00,40,41,
2007,RS,4,42,314,LEM,PCOB,"KOFFI, ALAIN",2FGM,Two Pointer,2,-402,310,E,,,,27,04:00,40,43,
2007,RS,4,42,317,IST,PKNG,"NICHOLAS, ANDREW",2FGA,Missed Two Pointer,0,443,64,B,,,,28,03:00,40,43,
2007,RS,4,42,326,LEM,PCOB,"KOFFI, ALAIN",2FGA,Missed Two Pointer,0,43,505,H,,,,28,03:00,40,43,
2007,RS,4,42,328,LEM,PDID,"LIMONAD, RAVIV",2FGM,Two Pointer,2,-243,125,D,,,,28,03:00,40,45,
2007,RS,4,42,331,IST,PBDQ,"ERDOGAN, SERKAN",2FGA,Missed Two Pointer,0,469,128,B,,,,29,02:00,40,45,
2007,RS,4,42,332,LEM,PKZD,"CLANCY, SAMUEL",2FGM,Two Pointer,2,-2,-2,D,,,,29,02:00,40,47,
2007,RS,4,42,336,LEM,PJMH,"BOGAVAC, NEBOJSA",2FGM,Two Pointer,2,71,25,C,,,,29,02:00,40,49,
2007,RS,4,42,347,IST,PBXD,"PENN, JAMES",3FGA,Missed Three Pointer,0,-382,600,J,,,,30,01:00,40,49,
2007,RS,4,42,349,LEM,PDID,"LIMONAD, RAVIV",2FGM,Two Pointer,2,-225,230,E,,,,30,01:00,40,51,
2007,RS,4,42,350,IST,PARN,"ARSLAN, ENDER",2FGA,Missed Two Pointer,0,-192,107,D,,,,30,01:00,40,51,
2007,RS,4,42,356,LEM,PDID,"LIMONAD, RAVIV",2FGA,Missed Two Pointer,0,84,125,C,,,,31,10:00,40,51,
2007,RS,4,42,360,IST,PKOJ,"GREGORY, KENNY",3FGA,Missed Three Pointer,0,-494,502,J,,,,31,10:00,40,51,
2007,RS,4,42,362,LEM,PCHZ,"BOGDANOVIC, LUKA",2FGA,Missed Two Pointer,0,51,482,H,,,,32,09:00,40,51,
2007,RS,4,42,366,IST,PKNG,"NICHOLAS, ANDREW",3FGM,Three Pointer,3,-105,658,J,,,,32,09:00,43,51,
2007,RS,4,42,368,LEM,PDID,"LIMONAD, RAVIV",2FGA,Missed Two Pointer,0,120,256,C,,,,33,08:00,43,51,
2007,RS,4,42,370,IST,PKNG,"NICHOLAS, ANDREW",2FGM,Two Pointer,2,346,369,B,,,,33,08:00,45,51,
2007,RS,4,42,371,LEM,PCHZ,"BOGDANOVIC, LUKA",3FGA,Missed Three Pointer,0,505,479,G,,,,33,08:00,45,51,
2007,RS,4,42,383,IST,PAWN,"GONLUM, KEREM",2FGM,Two Pointer,2,-58,110,D,,,,34,07:00,47,51,
2007,RS,4,42,388,IST,PAWN,"GONLUM, KEREM",FTM,Free Throw In,1,-1,-1, ,,,,34,07:00,48,51,
2007,RS,4,42,389,LEM,PKZD,"CLANCY, SAMUEL",2FGM,Two Pointer,2,-117,89,D,,,,34,07:00,48,53,
2007,RS,4,42,395,IST,PTFG,"WOODS, LOREN",2FGM,Two Pointer,2,-153,443,I,,,,35,06:00,50,53,
2007,RS,4,42,405,IST,PARN,"ARSLAN, ENDER",3FGA,Missed Three Pointer,0,-628,387,F,,,,35,06:00,50,53,
2007,RS,4,42,408,LEM,PCHZ,"BOGDANOVIC, LUKA",2FGM,Two Pointer,2,194,438,H,,,,36,05:00,50,55,
2007,RS,4,42,410,IST,PBDQ,"ERDOGAN, SERKAN",3FGM,Three Pointer,3,-605,341,F,,,,36,05:00,53,55,
2007,RS,4,42,412,LEM,PJMH,"BOGAVAC, NEBOJSA",3FGA,Missed Three Pointer,0,474,479,G,,,,36,05:00,53,55,
2007,RS,4,42,424,LEM,PKZD,"CLANCY, SAMUEL",2FGA,Missed Two Pointer,0,215,125,C,,,,37,04:00,53,55,
2007,RS,4,42,426,IST,PAWN,"GONLUM, KEREM",2FGM,Two Pointer,2,-158,46,D,,,,37,04:00,55,55,
2007,RS,4,42,428,LEM,PDID,"LIMONAD, RAVIV",2FGA,Missed Two Pointer,0,71,117,C,,,,37,04:00,55,55,
2007,RS,4,42,435,LEM,PKZD,"CLANCY, SAMUEL",FTM,Free Throw In,1,-1,-1, ,,,,38,03:00,55,56,
2007,RS,4,42,436,LEM,PKZD,"CLANCY, SAMUEL",FTM,Free Throw In,1,-1,-1, ,,,,38,03:00,55,57,
2007,RS,4,42,437,IST,PKNG,"NICHOLAS, ANDREW",3FGM,Three Pointer,3,-494,494,J,,,,38,03:00,58,57,
2007,RS,4,42,439,LEM,PCOB,"KOFFI, ALAIN",2FGAB,Missed Two Pointer,0,-71,117,D,,,,38,03:00,58,57,
2007,RS,4,42,443,IST,PKNG,"NICHOLAS, ANDREW",3FGM,Three Pointer,3,-553,464,J,,,,38,03:00,61,57,
2007,RS,4,42,447,LEM,PKZD,"CLANCY, SAMUEL",2FGM,Two Pointer,2,23,338,C,,,,39,02:00,61,59,
2007,RS,4,42,449,IST,PAWN,"GONLUM, KEREM",2FGA,Missed Two Pointer,0,-146,125,D,,,,39,02:00,61,59,
2007,RS,4,42,451,IST,PTFG,"WOODS, LOREN",2FGM,Two Pointer,2,82,74,C,,,,39,02:00,63,59,
2007,RS,4,42,452,LEM,PCHZ,"BOGDANOVIC, LUKA",3FGM,Three Pointer,3,-505,533,J,,,,39,02:00,63,62,
2007,RS,4,42,456,IST,PBXD,"PENN, JAMES",2FGA,Missed Two Pointer,0,-225,69,D,,,,40,01:00,63,62,
2007,RS,4,42,459,LEM,PKZD,"CLANCY, SAMUEL",2FGA,Missed Two Pointer,0,-105,143,D,,,,40,01:00,63,62,
2007,RS,4,42,465,LEM,PKOH,"BATUM, NICOLAS",3FGA,Missed Three Pointer,0,-541,466,J,,,,40,01:00,63,62,
2007,RS,4,42,469,IST,PBXD,"PENN, JAMES",FTM,Free Throw In,1,-1,-1, ,,,,40,01:00,64,62,
2007,RS,4,42,470,IST,PBXD,"PENN, JAMES",FTM,Free Throw In,1,-1,-1, ,,,,40,01:00,65,62,
2007,RS,4,42,471,LEM,PDID,"LIMONAD, RAVIV",3FGA,Missed Three Pointer,0,-476,505,J,,,,40,01:00,65,62,
2007,RS,4,42,484,LEM,PDID,"LIMONAD, RAVIV",FTM,Free Throw In,1,-1,-1, ,,,,40,01:00,65,63,
2007,RS,4,42,491,IST,PKCH,"HUTSON, ANDRE",FTM,Free Throw In,1,-1,-1, ,,,,40,01:00,66,63,
2007,RS,4,42,494,LEM,PCHZ,"BOGDANOVIC, LUKA",3FGA,Missed Three Pointer,0,615,846,G,,,,40,01:00,66,63,
2007,RS,4,43,3,TEL,PTFS,"FIZER, MARCUS",2FGM,Two Pointer,2,-94,5,D,,,,1,10:00,0,2,
2007,RS,4,43,8,TEL,PCQD,"CUMMINGS, VONTEEGO",2FGM,Two Pointer,2,169,333,C,,,,1,10:00,0,4,
2007,RS,4,43,10,MAL,PAWX,"CABEZAS, CARLOS",2FGM,Two Pointer,2,0,128,D,,,,2,09:00,2,4,
2007,RS,4,43,11,TEL,PBES,"BLUTHENTHAL, DAVID",2FGM,Two Pointer,2,92,56,C,,,,2,09:00,2,6,
2007,RS,4,43,14,TEL,PBES,"BLUTHENTHAL, DAVID",FTM,Free Throw In,1,-1,-1, ,,,,2,09:00,2,7,
2007,RS,4,43,19,MAL,PAAS,"JIMENEZ, CARLOS",2FGA,Missed Two Pointer,0,-230,92,D,,,,2,09:00,2,7,
2007,RS,4,43,22,TEL,PAOZ,"HALPERIN, YOTAM",2FGM,Two Pointer,2,56,35,C,,,,2,09:00,2,9,
2007,RS,4,43,27,MAL,PAAS,"JIMENEZ, CARLOS",3FGA,Missed Three Pointer,0,671,-58,A,,,,3,08:00,2,9,
2007,RS,4,43,32,MAL,PKMV,"HAISLIP, MARCUS",2FGM,Two Pointer,2,-5,5,D,,,,3,08:00,4,9,
2007,RS,4,43,34,TEL,PTFS,"FIZER, MARCUS",2FGA,Missed Two Pointer,0,-371,35,E,,,,4,07:00,4,9,
2007,RS,4,43,36,MAL,PAWX,"CABEZAS, CARLOS",3FGM,Three Pointer,3,-20,661,J,,,,4,07:00,7,9,
2007,RS,4,43,37,TEL,PCQD,"CUMMINGS, VONTEEGO",2FGA,Missed Two Pointer,0,182,348,C,,,,4,07:00,7,9,
2007,RS,4,43,39,MAL,PKMV,"HAISLIP, MARCUS",2FGM,Two Pointer,2,-220,97,D,,,,4,07:00,9,9,
2007,RS,4,43,45,TEL,PLGD,"ELIYAHU, LIOR",2FGA,Missed Two Pointer,0,-115,135,D,,,,5,06:00,9,9,
2007,RS,4,43,49,MAL,PAWS,"RODRIGUEZ, BERNI",3FGA,Missed Three Pointer,0,615,264,A,,,,5,06:00,9,9,
2007,RS,4,43,55,TEL,PBES,"BLUTHENTHAL, DAVID",2FGA,Missed Two Pointer,0,-248,389,E,,,,5,06:00,9,9,
2007,RS,4,43,58,MAL,PKMV,"HAISLIP, MARCUS",2FGM,Two Pointer,2,-5,-2,D,,,,6,05:00,11,9,
2007,RS,4,43,60,TEL,PBES,"BLUTHENTHAL, DAVID",3FGM,Three Pointer,3,-664,-20,F,,,,6,05:00,11,12,
2007,RS,4,43,62,MAL,PAWX,"CABEZAS, CARLOS",2FGM,Two Pointer,2,-82,0,D,,,,6,05:00,13,12,
2007,RS,4,43,67,MAL,PAWX,"CABEZAS, CARLOS",3FGA,Missed Three Pointer,0,-546,415,F,,,,7,04:00,13,12,
2007,RS,4,43,73,MAL,PKMV,"HAISLIP, MARCUS",2FGM,Two Pointer,2,-2,5,D,,,,7,04:00,15,12,
2007,RS,4,43,74,TEL,PBES,"BLUTHENTHAL, DAVID",3FGA,Missed Three Pointer,0,676,0,A,,,,7,04:00,15,12,
2007,RS,4,43,76,MAL,PKMV,"HAISLIP, MARCUS",3FGA,Missed Three Pointer,0,423,543,G,,,,7,04:00,15,12,
2007,RS,4,43,78,TEL,PAOZ,"HALPERIN, YOTAM",2FGAB,Missed Two Pointer,0,-158,17,D,,,,7,04:00,15,12,
2007,RS,4,43,89,MAL,PKMV,"HAISLIP, MARCUS",3FGA,Missed Three Pointer,0,-287,607,J,,,,8,03:00,15,12,
2007,RS,4,43,91,TEL,PDHD,"BATISTA, ESTEBAN",2FGM,Two Pointer,2,66,20,C,,,,8,03:00,15,14,
2007,RS,4,43,93,MAL,PKMV,"HAISLIP, MARCUS",2FGM,Two Pointer,2,138,41,C,,,,9,02:00,17,14,
2007,RS,4,43,94,TEL,PLFR,"BYNUM, WILL",3FGA,Missed Three Pointer,0,-617,266,F,,,,9,02:00,17,14,
2007,RS,4,43,97,MAL,PTGE,"N'DONG, BONIFACE",2FGM,Two Pointer,2,-69,25,D,,,,9,02:00,19,14,
2007,RS,4,43,98,TEL,PCQD,"CUMMINGS, VONTEEGO",2FGA,Missed Two Pointer,0,-82,243,D,,,,9,02:00,19,14,
2007,RS,4,43,104,MAL,PKMV,"HAISLIP, MARCUS",2FGM,Two Pointer,2,-225,133,D,,,,10,01:00,21,14,
2007,RS,4,43,105,TEL,PLFR,"BYNUM, WILL",2FGM,Two Pointer,2,12,66,C,,,,10,01:00,21,16,
2007,RS,4,43,106,MAL,PBOV,"POPOVIC, BOJAN",3FGA,Missed Three Pointer,0,107,666,G,,,,10,01:00,21,16,
2007,RS,4,43,111,MAL,PBOV,"POPOVIC, BOJAN",2FGAB,Missed Two Pointer,0,-69,15,D,,,,11,10:00,21,16,
2007,RS,4,43,121,TEL,PDHD,"BATISTA, ESTEBAN",2FGM,Two Pointer,2,76,-7,C,,,,11,10:00,21,18,
2007,RS,4,43,123,MAL,PBIM,"GABRIEL, GERMAN",3FGM,Three Pointer,3,202,633,G,,,,11,10:00,24,18,
2007,RS,4,43,125,TEL,PCQD,"CUMMINGS, VONTEEGO",2FGA,Missed Two Pointer,0,228,346,B,,,,12,09:00,24,18,
2007,RS,4,43,127,MAL,PAGQ,"WELSCH, JIRI",2FGM,Two Pointer,2,28,594,H,,,,12,09:00,26,18,
2007,RS,4,43,136,MAL,PBIM,"GABRIEL, GERMAN",2FGM,Two Pointer,2,276,12,B,,,,13,08:00,28,18,
2007,RS,4,43,137,TEL,PLFR,"BYNUM, WILL",2FGA,Missed Two Pointer,0,33,289,C,,,,13,08:00,28,18,
2007,RS,4,43,139,MAL,PBOV,"POPOVIC, BOJAN",3FGA,Missed Three Pointer,0,-589,328,F,,,,13,08:00,28,18,
2007,RS,4,43,144,TEL,PLFR,"BYNUM, WILL",2FGM,Two Pointer,2,-100,182,D,,,,14,07:00,28,20,
2007,RS,4,43,147,TEL,PLFR,"BYNUM, WILL",FTM,Free Throw In,1,-1,-1, ,,,,14,07:00,28,21,
2007,RS,4,43,150,MAL,PAFJ,"KUS, DAVOR",3FGA,Missed Three Pointer,0,366,579,G,,,,14,07:00,28,21,
2007,RS,4,43,159,MAL,PAGQ,"WELSCH, JIRI",3FGA,Missed Three Pointer,0,-87,674,J,,,,15,06:00,28,21,
2007,RS,4,43,164,TEL,PLFR,"BYNUM, WILL",FTM,Free Throw In,1,-1,-1, ,,,,15,06:00,28,22,
2007,RS,4,43,168,MAL,PBIM,"GABRIEL, GERMAN",3FGM,Three Pointer,3,-264,610,J,,,,15,06:00,31,22,
2007,RS,4,43,176,MAL,PAGQ,"WELSCH, JIRI",FTM,Free Throw In,1,-1,-1, ,,,,15,06:00,32,22,
2007,RS,4,43,180,TEL,PAOU,"SHARP, DERRICK",2FGA,Missed Two Pointer,0,-115,12,D,,,,16,05:00,32,22,
2007,RS,4,43,182,TEL,PLFR,"BYNUM, WILL",2FGM,Two Pointer,2,76,48,C,,,,16,05:00,32,24,
2007,RS,4,43,186,MAL,PBIM,"GABRIEL, GERMAN",3FGM,Three Pointer,3,-538,407,F,,,,16,05:00,35,24,
2007,RS,4,43,187,TEL,PTFS,"FIZER, MARCUS",2FGA,Missed Two Pointer,0,2,87,D,,,,16,05:00,35,24,
2007,RS,4,43,189,MAL,PAGQ,"WELSCH, JIRI",2FGA,Missed Two Pointer,0,-569,-15,E,,,,16,05:00,35,24,
2007,RS,4,43,195,MAL,PAFJ,"KUS, DAVOR",2FGA,Missed Two Pointer,0,-12,92,D,,,,17,04:00,35,24,
2007,RS,4,43,197,TEL,PLGD,"ELIYAHU, LIOR",2FGA,Missed Two Pointer,0,71,66,C,,,,17,04:00,35,24,
2007,RS,4,43,200,MAL,PKMV,"HAISLIP, MARCUS",3FGM,Three Pointer,3,-569,358,F,,,,17,04:00,38,24,
2007,RS,4,43,202,TEL,PTFS,"FIZER, MARCUS",2FGM,Two Pointer,2,-84,17,D,,,,17,04:00,38,26,
2007,RS,4,43,204,MAL,PAWX,"CABEZAS, CARLOS",3FGA,Missed Three Pointer,0,-402,561,J,,,,18,03:00,38,26,
2007,RS,4,43,207,TEL,PTFS,"FIZER, MARCUS",2FGM,Two Pointer,2,2,5,D,,,,18,03:00,38,28,
2007,RS,4,43,214,MAL,PBIM,"GABRIEL, GERMAN",FTM,Free Throw In,1,-1,-1, ,,,,18,03:00,39,28,
2007,RS,4,43,215,TEL,PAOU,"SHARP, DERRICK",2FGM,Two Pointer,2,135,20,C,,,,18,03:00,39,30,
2007,RS,4,43,217,MAL,PAFJ,"KUS, DAVOR",3FGA,Missed Three Pointer,0,674,-10,A,,,,19,02:00,39,30,
2007,RS,4,43,219,TEL,PCQD,"CUMMINGS, VONTEEGO",2FGM,Two Pointer,2,-71,15,D,,,,19,02:00,39,32,
2007,RS,4,43,226,TEL,PCQD,"CUMMINGS, VONTEEGO",FTM,Free Throw In,1,-1,-1, ,,,,19,02:00,39,33,
2007,RS,4,43,230,MAL,PTGE,"N'DONG, BONIFACE",2FGM,Two Pointer,2,-2,10,D,,,,19,02:00,41,33,
2007,RS,4,43,232,TEL,PBES,"BLUTHENTHAL, DAVID",2FGM,Two Pointer,2,-189,5,D,,,,20,01:00,41,35,
2007,RS,4,43,233,MAL,PTGE,"N'DONG, BONIFACE",2FGM,Two Pointer,2,41,289,C,,,,20,01:00,43,35,
2007,RS,4,43,237,TEL,PTFS,"FIZER, MARCUS",FTM,Free Throw In,1,-1,-1, ,,,,20,01:00,43,36,
2007,RS,4,43,241,MAL,PAWX,"CABEZAS, CARLOS",2FGM,Two Pointer,2,84,117,C,,,,20,01:00,45,36,
2007,RS,4,43,254,TEL,P000615,"GARCIA, ALEX",2FGM,Two Pointer,2,-407,282,E,,,,21,10:00,45,38,
2007,RS,4,43,256,MAL,PAWS,"RODRIGUEZ, BERNI",2FGM,Two Pointer,2,-46,158,D,,,,21,10:00,47,38,
2007,RS,4,43,259,MAL,PAWS,"RODRIGUEZ, BERNI",FTM,Free Throw In,1,-1,-1, ,,,,21,10:00,48,38,
2007,RS,4,43,261,TEL,PTFS,"FIZER, MARCUS",2FGM,Two Pointer,2,-87,35,D,,,,21,10:00,48,40,
2007,RS,4,43,263,MAL,PAWS,"RODRIGUEZ, BERNI",3FGA,Missed Three Pointer,0,569,394,A,,,,22,09:00,48,40,
2007,RS,4,43,268,TEL,PTFS,"FIZER, MARCUS",FTM,Free Throw In,1,-1,-1, ,,,,22,09:00,48,41,
2007,RS,4,43,271,TEL,PTFS,"FIZER, MARCUS",FTM,Free Throw In,1,-1,-1, ,,,,22,09:00,48,42,
2007,RS,4,43,273,MAL,PKML,"SANTIAGO, DANIEL",2FGA,Missed Two Pointer,0,192,51,C,,,,22,09:00,48,42,
2007,RS,4,43,280,TEL,PTFS,"FIZER, MARCUS",2FGA,Missed Two Pointer,0,392,43,B,,,,23,08:00,48,42,
2007,RS,4,43,287,TEL,PBES,"BLUTHENTHAL, DAVID",2FGA,Missed Two Pointer,0,7,310,C,,,,23,08:00,48,42,
2007,RS,4,43,293,MAL,PKML,"SANTIAGO, DANIEL",2FGM,Two Pointer,2,46,156,C,,,,23,08:00,50,42,
2007,RS,4,43,295,TEL,PBES,"BLUTHENTHAL, DAVID",3FGA,Missed Three Pointer,0,502,474,G,,,,24,07:00,50,42,
2007,RS,4,43,301,MAL,PAWX,"CABEZAS, CARLOS",3FGM,Three Pointer,3,-541,433,J,,,,24,07:00,53,42,
2007,RS,4,43,305,MAL,PAWX,"CABEZAS, CARLOS",2FGM,Two Pointer,2,-61,2,D,,,,24,07:00,55,42,
2007,RS,4,43,306,TEL,PLFR,"BYNUM, WILL",2FGA,Missed Two Pointer,0,82,17,C,,,,24,07:00,55,42,
2007,RS,4,43,315,MAL,PAGQ,"WELSCH, JIRI",3FGM,Three Pointer,3,-687,-2,F,,,,25,06:00,58,42,
2007,RS,4,43,316,TEL,PLFR,"BYNUM, WILL",2FGM,Two Pointer,2,-71,20,D,,,,25,06:00,58,44,
2007,RS,4,43,317,MAL,PAWX,"CABEZAS, CARLOS",2FGA,Missed Two Pointer,0,61,25,C,,,,25,06:00,58,44,
2007,RS,4,43,320,TEL,PLFR,"BYNUM, WILL",2FGA,Missed Two Pointer,0,-117,46,D,,,,26,05:00,58,44,
2007,RS,4,43,322,MAL,PAWS,"RODRIGUEZ, BERNI",3FGA,Missed Three Pointer,0,561,369,A,,,,26,05:00,58,44,
2007,RS,4,43,331,TEL,PLTS,"MORRIS, TERENCE",2FGA,Missed Two Pointer,0,-307,169,E,,,,26,05:00,58,44,
2007,RS,4,43,333,TEL,PDHD,"BATISTA, ESTEBAN",2FGA,Missed Two Pointer,0,-48,12,D,,,,26,05:00,58,44,
2007,RS,4,43,335,TEL,PJFO,"CASSPI, OMRI",2FGM,Two Pointer,2,33,33,C,,,,26,05:00,58,46,
2007,RS,4,43,339,MAL,PAWS,"RODRIGUEZ, BERNI",FTM,Free Throw In,1,-1,-1, ,,,,26,05:00,59,46,
2007,RS,4,43,341,TEL,PCQD,"CUMMINGS, VONTEEGO",2FGM,Two Pointer,2,-56,15,D,,,,27,04:00,59,48,
2007,RS,4,43,346,MAL,PAWS,"RODRIGUEZ, BERNI",FTM,Free Throw In,1,-1,-1, ,,,,27,04:00,60,48,
2007,RS,4,43,347,MAL,PAWS,"RODRIGUEZ, BERNI",FTM,Free Throw In,1,-1,-1, ,,,,27,04:00,61,48,
2007,RS,4,43,348,TEL,PLTS,"MORRIS, TERENCE",3FGA,Missed Three Pointer,0,171,638,G,,,,27,04:00,61,48,
2007,RS,4,43,350,MAL,PKMV,"HAISLIP, MARCUS",2FGAB,Missed Two Pointer,0,-74,7,D,,,,27,04:00,61,48,
2007,RS,4,43,356,TEL,PDHD,"BATISTA, ESTEBAN",2FGA,Missed Two Pointer,0,92,46,C,,,,27,04:00,61,48,
2007,RS,4,43,359,MAL,PTGE,"N'DONG, BONIFACE",2FGA,Missed Two Pointer,0,10,61,C,,,,28,03:00,61,48,
2007,RS,4,43,361,TEL,PJFO,"CASSPI, OMRI",2FGM,Two Pointer,2,141,189,C,,,,28,03:00,61,50,
2007,RS,4,43,364,MAL,PBOV,"POPOVIC, BOJAN",2FGA,Missed Two Pointer,0,-228,158,D,,,,28,03:00,61,50,
2007,RS,4,43,368,MAL,PTGE,"N'DONG, BONIFACE",FTM,Free Throw In,1,-1,-1, ,,,,28,03:00,62,50,
2007,RS,4,43,369,MAL,PTGE,"N'DONG, BONIFACE",FTM,Free Throw In,1,-1,-1, ,,,,28,03:00,63,50,
2007,RS,4,43,376,TEL,PDHD,"BATISTA, ESTEBAN",FTM,Free Throw In,1,-1,-1, ,,,,29,02:00,63,51,
2007,RS,4,43,377,MAL,PAGQ,"WELSCH, JIRI",3FGA,Missed Three Pointer,0,405,538,G,,,,29,02:00,63,51,
2007,RS,4,43,380,MAL,PBIM,"GABRIEL, GERMAN",3FGA,Missed Three Pointer,0,433,533,G,,,,29,02:00,63,51,
2007,RS,4,43,383,TEL,PDHD,"BATISTA, ESTEBAN",2FGM,Two Pointer,2,69,10,C,,,,29,02:00,63,53,
2007,RS,4,43,386,MAL,PTGE,"N'DONG, BONIFACE",2FGM,Two Pointer,2,7,10,C,,,,30,01:00,65,53,
2007,RS,4,43,388,TEL,PLTS,"MORRIS, TERENCE",2FGM,Two Pointer,2,66,10,C,,,,30,01:00,65,55,
2007,RS,4,43,393,MAL,PTGE,"N'DONG, BONIFACE",2FGA,Missed Two Pointer,0,-310,7,E,,,,30,01:00,65,55,
2007,RS,4,43,401,TEL,PLFR,"BYNUM, WILL",FTM,Free Throw In,1,-1,-1, ,,,,30,01:00,65,56,
2007,RS,4,43,402,TEL,PLFR,"BYNUM, WILL",FTM,Free Throw In,1,-1,-1, ,,,,30,01:00,65,57,
2007,RS,4,43,413,MAL,PTGE,"N'DONG, BONIFACE",2FGA,Missed Two Pointer,0,-100,2,D,,,,31,10:00,65,57,
2007,RS,4,43,417,MAL,PBIM,"GABRIEL, GERMAN",2FGM,Two Pointer,2,192,41,C,,,,31,10:00,67,57,
2007,RS,4,43,418,TEL,PAOZ,"HALPERIN, YOTAM",2FGM,Two Pointer,2,-161,215,D,,,,31,10:00,67,59,
2007,RS,4,43,427,MAL,PAWS,"RODRIGUEZ, BERNI",3FGM,Three Pointer,3,-5,684,J,,,,32,09:00,70,59,
2007,RS,4,43,428,TEL,P000615,"GARCIA, ALEX",2FGA,Missed Two Pointer,0,130,28,C,,,,32,09:00,70,59,
2007,RS,4,43,430,TEL,PDHD,"BATISTA, ESTEBAN",2FGM,Two Pointer,2,-53,7,D,,,,32,09:00,70,61,
2007,RS,4,43,432,MAL,PBIM,"GABRIEL, GERMAN",3FGA,Missed Three Pointer,0,-417,538,J,,,,33,08:00,70,61,
2007,RS,4,43,435,MAL,PAGQ,"WELSCH, JIRI",3FGM,Three Pointer,3,-171,648,J,,,,33,08:00,73,61,
2007,RS,4,43,436,TEL,PAOZ,"HALPERIN, YOTAM",2FGA,Missed Two Pointer,0,-164,374,D,,,,33,08:00,73,61,
2007,RS,4,43,438,TEL,PAOZ,"HALPERIN, YOTAM",3FGA,Missed Three Pointer,0,-456,497,J,,,,33,08:00,73,61,
2007,RS,4,43,448,MAL,PAWS,"RODRIGUEZ, BERNI",FTM,Free Throw In,1,-1,-1, ,,,,34,07:00,74,61,
2007,RS,4,43,450,MAL,PBIM,"GABRIEL, GERMAN",2FGM,Two Pointer,2,-487,-7,E,,,,34,07:00,76,61,
2007,RS,4,43,452,TEL,PJFO,"CASSPI, OMRI",3FGM,Three Pointer,3,387,541,G,,,,34,07:00,76,64,
2007,RS,4,43,456,MAL,PTGE,"N'DONG, BONIFACE",2FGA,Missed Two Pointer,0,284,200,B,,,,35,06:00,76,64,
2007,RS,4,43,464,MAL,PTGE,"N'DONG, BONIFACE",2FGM,Two Pointer,2,7,10,C,,,,35,06:00,78,64,
2007,RS,4,43,470,TEL,PLFR,"BYNUM, WILL",2FGM,Two Pointer,2,58,15,C,,,,36,05:00,78,66,
2007,RS,4,43,471,MAL,PAWX,"CABEZAS, CARLOS",3FGM,Three Pointer,3,312,615,G,,,,36,05:00,81,66,
2007,RS,4,43,481,MAL,PKMV,"HAISLIP, MARCUS",FTM,Free Throw In,1,-1,-1, ,,,,37,04:00,82,66,
2007,RS,4,43,482,MAL,PKMV,"HAISLIP, MARCUS",FTM,Free Throw In,1,-1,-1, ,,,,37,04:00,83,66,
2007,RS,4,43,488,MAL,PAWX,"CABEZAS, CARLOS",2FGM,Two Pointer,2,-92,571,I,,,,37,04:00,85,66,
2007,RS,4,43,495,TEL,PJFO,"CASSPI, OMRI",2FGA,Missed Two Pointer,0,-251,7,D,,,,37,04:00,85,66,
2007,RS,4,43,500,MAL,PKMV,"HAISLIP, MARCUS",FTM,Free Throw In,1,-1,-1, ,,,,38,03:00,86,66,
2007,RS,4,43,501,MAL,PKMV,"HAISLIP, MARCUS",FTM,Free Throw In,1,-1,-1, ,,,,38,03:00,87,66,
2007,RS,4,43,502,TEL,PBES,"BLUTHENTHAL, DAVID",3FGA,Missed Three Pointer,0,15,700,G,,,,38,03:00,87,66,
2007,RS,4,43,508,TEL,PTFS,"FIZER, MARCUS",2FGM,Two Pointer,2,-28,84,D,,,,38,03:00,87,68,
2007,RS,4,43,510,MAL,PTGE,"N'DONG, BONIFACE",2FGA,Missed Two Pointer,0,-325,43,E,,,,39,02:00,87,68,
2007,RS,4,43,515,MAL,PAWX,"CABEZAS, CARLOS",2FGM,Two Pointer,2,56,23,C,,,,39,02:00,89,68,
2007,RS,4,43,516,TEL,PBES,"BLUTHENTHAL, DAVID",3FGA,Missed Three Pointer,0,-535,428,J,,,,39,02:00,89,68,
2007,RS,4,43,518,MAL,PKMV,"HAISLIP, MARCUS",3FGA,Missed Three Pointer,0,402,548,G,,,,39,02:00,89,68,
2007,RS,4,43,521,MAL,PTGE,"N'DONG, BONIFACE",2FGM,Two Pointer,2,310,179,B,,,,39,02:00,91,68,
2007,RS,4,43,524,TEL,PTFS,"FIZER, MARCUS",2FGM,Two Pointer,2,-89,28,D,,,,40,01:00,91,70,
2007,RS,4,43,535,MAL,PAGQ,"WELSCH, JIRI",2FGM,Two Pointer,2,-97,12,D,,,,40,01:00,93,70,
2007,RS,4,43,536,TEL,PLFR,"BYNUM, WILL",3FGA,Missed Three Pointer,0,-446,510,J,,,,40,01:00,93,70,
2007,RS,4,44,3,MIL,PKNZ,"WATSON, TRAVIS",2FGA,Missed Two Pointer,0,-30,71,D,,,,1,10:00,0,0,
2007,RS,4,44,5,MIL,PKNZ,"WATSON, TRAVIS",2FGA,Missed Two Pointer,0,84,43,C,,,,1,10:00,0,0,
2007,RS,4,44,9,MIL,PAHU,"BULLERI, MASSIMO",2FGA,Missed Two Pointer,0,-302,241,E,,,,2,09:00,0,0,
2007,RS,4,44,10,MIL,PKRD,"GALLINARI, DANILO",2FGAB,Missed Two Pointer,0,71,120,C,,,,2,09:00,0,0,
2007,RS,4,44,13,MIL,PLGS,"SESAY, ANSU",2FGM,Two Pointer,2,-35,46,D,,,,2,09:00,0,2,
2007,RS,4,44,16,CIB,PLCC,"WARREN, CHRIS",3FGM,Three Pointer,3,-394,535,J,,,,3,08:00,3,2,
2007,RS,4,44,17,MIL,PLGS,"SESAY, ANSU",3FGA,Missed Three Pointer,0,-443,551,J,,,,3,08:00,3,2,
2007,RS,4,44,22,MIL,PKNZ,"WATSON, TRAVIS",FTM,Free Throw In,1,-1,-1, ,,,,3,08:00,3,3,
2007,RS,4,44,25,CIB,PLUI,"HOSKIN, SAM",2FGA,Missed Two Pointer,0,215,128,C,,,,3,08:00,3,3,
2007,RS,4,44,30,MIL,PLGS,"SESAY, ANSU",2FGM,Two Pointer,2,148,94,C,,,,3,08:00,3,5,
2007,RS,4,44,33,CIB,PKXF,"AYUSO, LARRY",3FGA,Missed Three Pointer,0,379,566,G,,,,3,08:00,3,5,
2007,RS,4,44,35,MIL,AVD,"BOOKER, MELVIN",2FGM,Two Pointer,2,33,38,C,,,,3,08:00,3,7,
2007,RS,4,44,39,CIB,PTFD,"VUKUSIC, VEDRAN",FTM,Free Throw In,1,-1,-1, ,,,,4,07:00,4,7,
2007,RS,4,44,40,CIB,PTFD,"VUKUSIC, VEDRAN",FTM,Free Throw In,1,-1,-1, ,,,,4,07:00,5,7,
2007,RS,4,44,43,MIL,AVD,"BOOKER, MELVIN",3FGA,Missed Three Pointer,0,-23,671,J,,,,4,07:00,5,7,
2007,RS,4,44,45,MIL,PKRD,"GALLINARI, DANILO",3FGM,Three Pointer,3,579,335,A,,,,4,07:00,5,10,
2007,RS,4,44,48,CIB,PJJV,"ROZIC, MARIN",2FGM,Two Pointer,2,-23,48,D,,,,5,06:00,7,10,
2007,RS,4,44,51,MIL,PLGS,"SESAY, ANSU",2FGM,Two Pointer,2,-15,243,D,,,,5,06:00,7,12,
2007,RS,4,44,53,CIB,PTFD,"VUKUSIC, VEDRAN",3FGM,Three Pointer,3,-438,505,J,,,,6,05:00,10,12,
2007,RS,4,44,55,MIL,AVD,"BOOKER, MELVIN",2FGM,Two Pointer,2,-51,41,D,,,,6,05:00,10,14,
2007,RS,4,44,56,CIB,PKXF,"AYUSO, LARRY",3FGA,Missed Three Pointer,0,692,-56,A,,,,6,05:00,10,14,
2007,RS,4,44,58,MIL,PKNZ,"WATSON, TRAVIS",2FGM,Two Pointer,2,56,38,C,,,,6,05:00,10,16,
2007,RS,4,44,63,MIL,PKNZ,"WATSON, TRAVIS",2FGM,Two Pointer,2,48,48,C,,,,7,04:00,10,18,
2007,RS,4,44,75,MIL,PKRD,"GALLINARI, DANILO",FTM,Free Throw In,1,-1,-1, ,,,,7,04:00,10,19,
2007,RS,4,44,76,MIL,PKRD,"GALLINARI, DANILO",FTM,Free Throw In,1,-1,-1, ,,,,7,04:00,10,20,
2007,RS,4,44,79,CIB,PKXF,"AYUSO, LARRY",FTM,Free Throw In,1,-1,-1, ,,,,7,04:00,11,20,
2007,RS,4,44,80,CIB,PKXF,"AYUSO, LARRY",FTM,Free Throw In,1,-1,-1, ,,,,7,04:00,12,20,
2007,RS,4,44,82,MIL,PKRD,"GALLINARI, DANILO",2FGM,Two Pointer,2,-20,302,D,,,,8,03:00,12,22,
2007,RS,4,44,83,CIB,PAPL,"MULAOMEROVIC, DAMIR",3FGM,Three Pointer,3,-474,474,J,,,,8,03:00,15,22,
2007,RS,4,44,84,MIL,PLGS,"SESAY, ANSU",2FGA,Missed Two Pointer,0,-146,87,D,,,,8,03:00,15,22,
2007,RS,4,44,87,CIB,PJDQ,"ANDRIC, LUKSA",2FGM,Two Pointer,2,-12,64,D,,,,9,02:00,17,22,
2007,RS,4,44,90,CIB,PAPL,"MULAOMEROVIC, DAMIR",2FGM,Two Pointer,2,0,87,D,,,,9,02:00,19,22,
2007,RS,4,44,92,MIL,PLGS,"SESAY, ANSU",2FGM,Two Pointer,2,64,64,C,,,,9,02:00,19,24,
2007,RS,4,44,95,MIL,PLGS,"SESAY, ANSU",FTM,Free Throw In,1,-1,-1, ,,,,9,02:00,19,25,
2007,RS,4,44,98,CIB,PKXF,"AYUSO, LARRY",3FGM,Three Pointer,3,-364,564,J,,,,9,02:00,22,25,
2007,RS,4,44,104,CIB,PTFD,"VUKUSIC, VEDRAN",FTM,Free Throw In,1,-1,-1, ,,,,10,01:00,23,25,
2007,RS,4,44,105,CIB,PTFD,"VUKUSIC, VEDRAN",FTM,Free Throw In,1,-1,-1, ,,,,10,01:00,24,25,
2007,RS,4,44,106,CIB,PJDQ,"ANDRIC, LUKSA",2FGM,Two Pointer,2,-46,35,D,,,,10,01:00,26,25,
2007,RS,4,44,107,MIL,PAHU,"BULLERI, MASSIMO",3FGA,Missed Three Pointer,0,-533,553,J,,,,10,01:00,26,25,
2007,RS,4,44,115,CIB,PJDQ,"ANDRIC, LUKSA",2FGM,Two Pointer,2,-43,46,D,,,,11,10:00,28,25,
2007,RS,4,44,118,MIL,PKNZ,"WATSON, TRAVIS",FTM,Free Throw In,1,-1,-1, ,,,,11,10:00,28,26,
2007,RS,4,44,127,MIL,PTEP,"GAINES, REECE",3FGA,Missed Three Pointer,0,661,192,A,,,,12,09:00,28,26,
2007,RS,4,44,129,CIB,PLUI,"HOSKIN, SAM",2FGM,Two Pointer,2,-128,251,D,,,,12,09:00,30,26,
2007,RS,4,44,130,MIL,PAHU,"BULLERI, MASSIMO",2FGM,Two Pointer,2,-558,125,E,,,,12,09:00,30,28,
2007,RS,4,44,132,CIB,PKXF,"AYUSO, LARRY",3FGM,Three Pointer,3,-551,341,F,,,,13,08:00,33,28,
2007,RS,4,44,133,MIL,PTEP,"GAINES, REECE",2FGM,Two Pointer,2,-76,5,D,,,,13,08:00,33,30,
2007,RS,4,44,134,CIB,PLUI,"HOSKIN, SAM",2FGM,Two Pointer,2,-264,76,E,,,,13,08:00,35,30,
2007,RS,4,44,136,MIL,PLGS,"SESAY, ANSU",2FGM,Two Pointer,2,-202,533,I,,,,14,07:00,35,32,
2007,RS,4,44,137,CIB,PLUI,"HOSKIN, SAM",2FGAB,Missed Two Pointer,0,97,56,C,,,,14,07:00,35,32,
2007,RS,4,44,141,MIL,PTEP,"GAINES, REECE",3FGM,Three Pointer,3,494,453,G,,,,14,07:00,35,35,
2007,RS,4,44,150,MIL,PKRD,"GALLINARI, DANILO",2FGM,Two Pointer,2,256,325,B,,,,14,07:00,35,37,
2007,RS,4,44,152,CIB,PJJV,"ROZIC, MARIN",2FGA,Missed Two Pointer,0,-587,-28,E,,,,14,07:00,35,37,
2007,RS,4,44,154,MIL,PKNZ,"WATSON, TRAVIS",2FGA,Missed Two Pointer,0,-307,23,E,,,,15,06:00,35,37,
2007,RS,4,44,156,CIB,PLCC,"WARREN, CHRIS",3FGM,Three Pointer,3,289,625,G,,,,15,06:00,38,37,
2007,RS,4,44,162,CIB,PKXF,"AYUSO, LARRY",FTM,Free Throw In,1,-1,-1, ,,,,16,05:00,39,37,
2007,RS,4,44,163,CIB,PKXF,"AYUSO, LARRY",FTM,Free Throw In,1,-1,-1, ,,,,16,05:00,40,37,
2007,RS,4,44,164,MIL,PKNZ,"WATSON, TRAVIS",2FGM,Two Pointer,2,-2,10,D,,,,16,05:00,40,39,
2007,RS,4,44,166,CIB,PAPL,"MULAOMEROVIC, DAMIR",2FGM,Two Pointer,2,-43,38,D,,,,16,05:00,42,39,
2007,RS,4,44,178,MIL,PTEQ,"ARADORI, PIETRO",2FGAB,Missed Two Pointer,0,84,76,C,,,,17,04:00,42,39,
2007,RS,4,44,182,MIL,PKNZ,"WATSON, TRAVIS",2FGM,Two Pointer,2,46,17,C,,,,17,04:00,42,41,
2007,RS,4,44,183,CIB,PLCC,"WARREN, CHRIS",3FGM,Three Pointer,3,-479,487,J,,,,17,04:00,45,41,
2007,RS,4,44,184,MIL,PKRD,"GALLINARI, DANILO",2FGM,Two Pointer,2,2,5,D,,,,17,04:00,45,43,
2007,RS,4,44,189,CIB,PAON,"KRASIC, BARISA",2FGM,Two Pointer,2,-30,43,D,,,,18,03:00,47,43,
2007,RS,4,44,192,CIB,PLCC,"WARREN, CHRIS",2FGM,Two Pointer,2,389,20,B,,,,18,03:00,49,43,
2007,RS,4,44,193,MIL,PKRD,"GALLINARI, DANILO",3FGA,Missed Three Pointer,0,279,617,G,,,,18,03:00,49,43,
2007,RS,4,44,202,CIB,PKXF,"AYUSO, LARRY",FTM,Free Throw In,1,-1,-1, ,,,,19,02:00,50,43,
2007,RS,4,44,203,CIB,PKXF,"AYUSO, LARRY",FTM,Free Throw In,1,-1,-1, ,,,,19,02:00,51,43,
2007,RS,4,44,206,MIL,PKRD,"GALLINARI, DANILO",2FGA,Missed Two Pointer,0,76,66,C,,,,19,02:00,51,43,
2007,RS,4,44,213,CIB,PLUI,"HOSKIN, SAM",FTM,Free Throw In,1,-1,-1, ,,,,20,01:00,52,43,
2007,RS,4,44,214,CIB,PLUI,"HOSKIN, SAM",FTM,Free Throw In,1,-1,-1, ,,,,20,01:00,53,43,
2007,RS,4,44,215,MIL,AVD,"BOOKER, MELVIN",2FGM,Two Pointer,2,-41,158,D,,,,20,01:00,53,45,
2007,RS,4,44,219,MIL,AVD,"BOOKER, MELVIN",FTM,Free Throw In,1,-1,-1, ,,,,20,01:00,53,46,
2007,RS,4,44,220,CIB,PAON,"KRASIC, BARISA",2FGA,Missed Two Pointer,0,-392,323,E,,,,20,01:00,53,46,
2007,RS,4,44,225,MIL,PAHU,"BULLERI, MASSIMO",3FGA,Missed Three Pointer,0,138,661,G,,,,21,10:00,53,46,
2007,RS,4,44,227,MIL,PLGS,"SESAY, ANSU",3FGA,Missed Three Pointer,0,-394,535,J,,,,21,10:00,53,46,
2007,RS,4,44,228,CIB,PLCC,"WARREN, CHRIS",2FGM,Two Pointer,2,446,192,B,,,,21,10:00,55,46,
2007,RS,4,44,230,MIL,AVD,"BOOKER, MELVIN",2FGM,Two Pointer,2,74,112,C,,,,22,09:00,55,48,
2007,RS,4,44,239,MIL,P000664,"KATELYNAS, MINDAUGAS",2FGA,Missed Two Pointer,0,48,10,C,,,,22,09:00,55,48,
2007,RS,4,44,241,CIB,PLUI,"HOSKIN, SAM",2FGM,Two Pointer,2,43,20,C,,,,22,09:00,57,48,
2007,RS,4,44,245,CIB,PLCC,"WARREN, CHRIS",2FGA,Missed Two Pointer,0,48,23,C,,,,23,08:00,57,48,
2007,RS,4,44,247,MIL,PKRD,"GALLINARI, DANILO",2FGM,Two Pointer,2,48,594,H,,,,23,08:00,57,50,
2007,RS,4,44,249,CIB,PLUI,"HOSKIN, SAM",2FGM,Two Pointer,2,-2,-5,D,,,,24,07:00,59,50,
2007,RS,4,44,254,CIB,PLUI,"HOSKIN, SAM",FTM,Free Throw In,1,-1,-1, ,,,,24,07:00,60,50,
2007,RS,4,44,257,MIL,PKRD,"GALLINARI, DANILO",3FGM,Three Pointer,3,510,428,G,,,,24,07:00,60,53,
2007,RS,4,44,259,CIB,PAPL,"MULAOMEROVIC, DAMIR",2FGM,Two Pointer,2,-58,38,D,,,,24,07:00,62,53,
2007,RS,4,44,261,MIL,PAHU,"BULLERI, MASSIMO",3FGM,Three Pointer,3,-428,520,J,,,,25,06:00,62,56,
2007,RS,4,44,262,CIB,PLCC,"WARREN, CHRIS",3FGA,Missed Three Pointer,0,-602,307,F,,,,25,06:00,62,56,
2007,RS,4,44,270,MIL,PLGS,"SESAY, ANSU",FTM,Free Throw In,1,-1,-1, ,,,,25,06:00,62,57,
2007,RS,4,44,271,MIL,PLGS,"SESAY, ANSU",FTM,Free Throw In,1,-1,-1, ,,,,25,06:00,62,58,
2007,RS,4,44,272,CIB,PKXF,"AYUSO, LARRY",2FGA,Missed Two Pointer,0,-74,51,D,,,,25,06:00,62,58,
2007,RS,4,44,274,CIB,PAON,"KRASIC, BARISA",3FGM,Three Pointer,3,207,664,G,,,,25,06:00,65,58,
2007,RS,4,44,277,MIL,PLGS,"SESAY, ANSU",3FGM,Three Pointer,3,320,576,G,,,,26,05:00,65,61,
2007,RS,4,44,279,CIB,PLUI,"HOSKIN, SAM",2FGM,Two Pointer,2,-58,12,D,,,,26,05:00,67,61,
2007,RS,4,44,285,CIB,PLUI,"HOSKIN, SAM",FTM,Free Throw In,1,-1,-1, ,,,,26,05:00,68,61,
2007,RS,4,44,288,MIL,PKRD,"GALLINARI, DANILO",FTM,Free Throw In,1,-1,-1, ,,,,26,05:00,68,62,
2007,RS,4,44,289,MIL,PKRD,"GALLINARI, DANILO",FTM,Free Throw In,1,-1,-1, ,,,,26,05:00,68,63,
2007,RS,4,44,291,CIB,PLUI,"HOSKIN, SAM",2FGA,Missed Two Pointer,0,-274,256,E,,,,27,04:00,68,63,
2007,RS,4,44,293,MIL,PKNZ,"WATSON, TRAVIS",2FGM,Two Pointer,2,-64,-35,D,,,,27,04:00,68,65,
2007,RS,4,44,295,CIB,PKXF,"AYUSO, LARRY",3FGM,Three Pointer,3,389,551,G,,,,27,04:00,71,65,
2007,RS,4,44,306,CIB,PAON,"KRASIC, BARISA",3FGA,Missed Three Pointer,0,482,479,G,,,,28,03:00,71,65,
2007,RS,4,44,309,CIB,PKXF,"AYUSO, LARRY",3FGA,Missed Three Pointer,0,-635,633,J,,,,28,03:00,71,65,
2007,RS,4,44,310,CIB,PLUI,"HOSKIN, SAM",2FGM,Two Pointer,2,-69,10,D,,,,28,03:00,73,65,
2007,RS,4,44,313,MIL,PKRD,"GALLINARI, DANILO",2FGA,Missed Two Pointer,0,461,215,B,,,,29,02:00,73,65,
2007,RS,4,44,315,CIB,PAPL,"MULAOMEROVIC, DAMIR",3FGM,Three Pointer,3,-2,735,J,,,,29,02:00,76,65,
2007,RS,4,44,316,MIL,PLGS,"SESAY, ANSU",3FGA,Missed Three Pointer,0,61,710,G,,,,29,02:00,76,65,
2007,RS,4,44,319,CIB,PKXF,"AYUSO, LARRY",2FGM,Two Pointer,2,-61,41,D,,,,30,01:00,78,65,
2007,RS,4,44,320,MIL,PTEP,"GAINES, REECE",3FGA,Missed Three Pointer,0,-512,502,J,,,,30,01:00,78,65,
2007,RS,4,44,329,MIL,PAHU,"BULLERI, MASSIMO",FTM,Free Throw In,1,-1,-1, ,,,,30,01:00,78,66,
2007,RS,4,44,330,MIL,PAHU,"BULLERI, MASSIMO",FTM,Free Throw In,1,-1,-1, ,,,,30,01:00,78,67,
2007,RS,4,44,333,CIB,PLUI,"HOSKIN, SAM",2FGM,Two Pointer,2,-51,20,D,,,,30,01:00,80,67,
2007,RS,4,44,341,CIB,PJJV,"ROZIC, MARIN",2FGM,Two Pointer,2,-17,66,D,,,,31,10:00,82,67,
2007,RS,4,44,342,MIL,P000664,"KATELYNAS, MINDAUGAS",2FGM,Two Pointer,2,-35,41,D,,,,31,10:00,82,69,
2007,RS,4,44,345,MIL,P000664,"KATELYNAS, MINDAUGAS",FTM,Free Throw In,1,-1,-1, ,,,,31,10:00,82,70,
2007,RS,4,44,346,CIB,PAPL,"MULAOMEROVIC, DAMIR",3FGAB,Missed Three Pointer,0,-435,520,J,,,,31,10:00,82,70,
2007,RS,4,44,351,MIL,PAHU,"BULLERI, MASSIMO",2FGA,Missed Two Pointer,0,328,261,B,,,,32,09:00,82,70,
2007,RS,4,44,353,CIB,PKXF,"AYUSO, LARRY",3FGA,Missed Three Pointer,0,353,620,G,,,,32,09:00,82,70,
2007,RS,4,44,357,MIL,PLGS,"SESAY, ANSU",2FGA,Missed Two Pointer,0,-48,41,D,,,,32,09:00,82,70,
2007,RS,4,44,360,CIB,PJJV,"ROZIC, MARIN",3FGA,Missed Three Pointer,0,-658,30,F,,,,33,08:00,82,70,
2007,RS,4,44,362,MIL,PTEQ,"ARADORI, PIETRO",2FGA,Missed Two Pointer,0,84,33,C,,,,33,08:00,82,70,
2007,RS,4,44,364,CIB,PJDQ,"ANDRIC, LUKSA",3FGM,Three Pointer,3,-669,-2,F,,,,33,08:00,85,70,
2007,RS,4,44,368,CIB,PJJV,"ROZIC, MARIN",2FGM,Two Pointer,2,-20,48,D,,,,33,08:00,87,70,
2007,RS,4,44,375,MIL,PAHU,"BULLERI, MASSIMO",3FGA,Missed Three Pointer,0,-489,466,J,,,,34,07:00,87,70,
2007,RS,4,44,377,MIL,PLGS,"SESAY, ANSU",3FGM,Three Pointer,3,471,492,G,,,,34,07:00,87,73,
2007,RS,4,44,379,CIB,PJJV,"ROZIC, MARIN",2FGA,Missed Two Pointer,0,-76,33,D,,,,34,07:00,87,73,
2007,RS,4,44,384,CIB,PKXF,"AYUSO, LARRY",FTM,Free Throw In,1,-1,-1, ,,,,35,06:00,88,73,
2007,RS,4,44,385,CIB,PKXF,"AYUSO, LARRY",FTM,Free Throw In,1,-1,-1, ,,,,35,06:00,89,73,
2007,RS,4,44,388,MIL,AVD,"BOOKER, MELVIN",3FGA,Missed Three Pointer,0,443,515,G,,,,35,06:00,89,73,
2007,RS,4,44,394,CIB,PAON,"KRASIC, BARISA",2FGA,Missed Two Pointer,0,53,84,C,,,,35,06:00,89,73,
2007,RS,4,44,410,MIL,PLGS,"SESAY, ANSU",3FGM,Three Pointer,3,648,115,A,,,,36,05:00,89,76,
2007,RS,4,44,413,CIB,PJJV,"ROZIC, MARIN",3FGA,Missed Three Pointer,0,658,112,A,,,,37,04:00,89,76,
2007,RS,4,44,415,MIL,PLGS,"SESAY, ANSU",2FGM,Two Pointer,2,-2,10,D,,,,37,04:00,89,78,
2007,RS,4,44,426,CIB,PKXF,"AYUSO, LARRY",FTM,Free Throw In,1,-1,-1, ,,,,37,04:00,90,78,
2007,RS,4,44,427,CIB,PKXF,"AYUSO, LARRY",FTM,Free Throw In,1,-1,-1, ,,,,37,04:00,91,78,
2007,RS,4,44,431,MIL,PKNZ,"WATSON, TRAVIS",FTM,Free Throw In,1,-1,-1, ,,,,37,04:00,91,79,
2007,RS,4,44,433,CIB,PLUI,"HOSKIN, SAM",2FGA,Missed Two Pointer,0,-330,76,E,,,,38,03:00,91,79,
2007,RS,4,44,435,MIL,PTEQ,"ARADORI, PIETRO",2FGM,Two Pointer,2,-79,-25,D,,,,38,03:00,91,81,
2007,RS,4,44,436,CIB,PTFD,"VUKUSIC, VEDRAN",2FGA,Missed Two Pointer,0,366,38,B,,,,38,03:00,91,81,
2007,RS,4,44,440,CIB,PKXF,"AYUSO, LARRY",2FGM,Two Pointer,2,51,176,C,,,,38,03:00,93,81,
2007,RS,4,44,449,MIL,PTEQ,"ARADORI, PIETRO",2FGM,Two Pointer,2,-61,33,D,,,,39,02:00,93,83,
2007,RS,4,44,452,MIL,PTEQ,"ARADORI, PIETRO",FTM,Free Throw In,1,-1,-1, ,,,,39,02:00,93,84,
2007,RS,4,44,453,CIB,PKXF,"AYUSO, LARRY",2FGM,Two Pointer,2,-266,133,E,,,,39,02:00,95,84,
2007,RS,4,44,456,CIB,PKXF,"AYUSO, LARRY",FTM,Free Throw In,1,-1,-1, ,,,,39,02:00,96,84,
2007,RS,4,44,457,MIL,PKRD,"GALLINARI, DANILO",2FGM,Two Pointer,2,71,23,C,,,,39,02:00,96,86,
2007,RS,4,44,460,CIB,PJJV,"ROZIC, MARIN",3FGA,Missed Three Pointer,0,479,515,G,,,,40,01:00,96,86,
2007,RS,4,44,462,MIL,PAHU,"BULLERI, MASSIMO",3FGM,Three Pointer,3,-446,497,J,,,,40,01:00,96,89,
2007,RS,4,44,464,CIB,PAPL,"MULAOMEROVIC, DAMIR",2FGA,Missed Two Pointer,0,220,502,H,,,,40,01:00,96,89,
2007,RS,4,44,468,CIB,PKXF,"AYUSO, LARRY",FTM,Free Throw In,1,-1,-1, ,,,,40,01:00,97,89,
2007,RS,4,44,469,CIB,PKXF,"AYUSO, LARRY",FTM,Free Throw In,1,-1,-1, ,,,,40,01:00,98,89,
2007,RS,4,44,472,MIL,PAHU,"BULLERI, MASSIMO",FTM,Free Throw In,1,-1,-1, ,,,,40,01:00,98,90,
2007,RS,4,44,473,MIL,PAHU,"BULLERI, MASSIMO",FTM,Free Throw In,1,-1,-1, ,,,,40,01:00,98,91,
2007,RS,4,44,476,CIB,PKXF,"AYUSO, LARRY",FTM,Free Throw In,1,-1,-1, ,,,,40,01:00,99,91,
2007,RS,4,44,477,CIB,PKXF,"AYUSO, LARRY",FTM,Free Throw In,1,-1,-1, ,,,,40,01:00,100,91,
2007,RS,4,45,2,ROA,PTEZ,"RUSH, BRION",3FGA,Missed Three Pointer,0,351,564,G,,,,1,10:00,0,0,
2007,RS,4,45,7,ULK,PJYB,"ERDEN, SEMIH",2FGM,Two Pointer,2,2,12,D,,,,1,10:00,0,2,
2007,RS,4,45,8,ROA,PTEU,"SALYERS, MARC",3FGM,Three Pointer,3,-548,435,J,,,,1,10:00,3,2,
2007,RS,4,45,11,ULK,PARO,"ONAN, OMER",2FGM,Two Pointer,2,-51,87,D,,,,2,09:00,3,4,
2007,RS,4,45,12,ROA,PTEU,"SALYERS, MARC",3FGA,Missed Three Pointer,0,358,584,G,,,,2,09:00,3,4,
2007,RS,4,45,14,ROA,PTEY,"BADIANE, PAPE",2FGAB,Missed Two Pointer,0,-56,79,D,,,,2,09:00,3,4,
2007,RS,4,45,23,ROA,PTEX,"PELLIN, MARC-ANTOINE",2FGA,Missed Two Pointer,0,194,566,H,,,,2,09:00,3,4,
2007,RS,4,45,25,ROA,PTEV,"HESS, ADAM",2FGA,Missed Two Pointer,0,97,156,C,,,,2,09:00,3,4,
2007,RS,4,45,27,ULK,PARO,"ONAN, OMER",2FGM,Two Pointer,2,-56,94,D,,,,2,09:00,3,6,
2007,RS,4,45,29,ROA,PTEV,"HESS, ADAM",3FGM,Three Pointer,3,-46,664,J,,,,3,08:00,6,6,
2007,RS,4,45,33,ROA,PTEV,"HESS, ADAM",2FGM,Two Pointer,2,-84,69,D,,,,3,08:00,8,6,
2007,RS,4,45,39,ULK,PJYB,"ERDEN, SEMIH",2FGA,Missed Two Pointer,0,-2,15,D,,,,3,08:00,8,6,
2007,RS,4,45,42,ROA,PTEU,"SALYERS, MARC",2FGM,Two Pointer,2,-94,110,D,,,,3,08:00,10,6,
2007,RS,4,45,44,ULK,PCOS,"SOLOMON, WILLIE",3FGM,Three Pointer,3,-417,553,J,,,,3,08:00,10,9,
2007,RS,4,45,48,ROA,PTEU,"SALYERS, MARC",2FGM,Two Pointer,2,-276,400,E,,,,3,08:00,12,9,
2007,RS,4,45,51,ULK,PAYR,"TURKCAN, MIRSAD",3FGA,Missed Three Pointer,0,-661,146,F,,,,5,06:00,12,9,
2007,RS,4,45,53,ROA,PTEU,"SALYERS, MARC",3FGM,Three Pointer,3,-20,676,J,,,,5,06:00,15,9,
2007,RS,4,45,54,ULK,PTHC,"WHITE, JAMES",3FGM,Three Pointer,3,658,187,A,,,,5,06:00,15,12,
2007,RS,4,45,57,ROA,PTEV,"HESS, ADAM",3FGM,Three Pointer,3,356,592,G,,,,5,06:00,18,12,
2007,RS,4,45,59,ULK,PAYR,"TURKCAN, MIRSAD",3FGM,Three Pointer,3,-692,-10,F,,,,5,06:00,18,15,
2007,RS,4,45,61,ROA,PTEZ,"RUSH, BRION",2FGA,Missed Two Pointer,0,-376,317,E,,,,5,06:00,18,15,
2007,RS,4,45,63,ROA,PTEU,"SALYERS, MARC",2FGM,Two Pointer,2,71,61,C,,,,5,06:00,20,15,
2007,RS,4,45,70,ROA,PTEU,"SALYERS, MARC",3FGA,Missed Three Pointer,0,633,264,A,,,,6,05:00,20,15,
2007,RS,4,45,72,ULK,PJYB,"ERDEN, SEMIH",2FGM,Two Pointer,2,7,10,C,,,,6,05:00,20,17,
2007,RS,4,45,78,ULK,PCOS,"SOLOMON, WILLIE",2FGA,Missed Two Pointer,0,248,392,B,,,,7,04:00,20,17,
2007,RS,4,45,80,ULK,PCOS,"SOLOMON, WILLIE",2FGA,Missed Two Pointer,0,117,35,C,,,,7,04:00,20,17,
2007,RS,4,45,82,ROA,PTEX,"PELLIN, MARC-ANTOINE",2FGM,Two Pointer,2,71,107,C,,,,7,04:00,22,17,
2007,RS,4,45,84,ULK,PARO,"ONAN, OMER",3FGM,Three Pointer,3,-569,415,F,,,,8,03:00,22,20,
2007,RS,4,45,86,ROA,PTEV,"HESS, ADAM",3FGM,Three Pointer,3,569,405,A,,,,8,03:00,25,20,
2007,RS,4,45,96,ULK,PABI,"KUTLUAY, IBRAHIM",3FGA,Missed Three Pointer,0,-587,374,F,,,,8,03:00,25,20,
2007,RS,4,45,99,ROA,PTEV,"HESS, ADAM",2FGA,Missed Two Pointer,0,-258,289,E,,,,9,02:00,25,20,
2007,RS,4,45,101,ROA,PTEV,"HESS, ADAM",2FGM,Two Pointer,2,-120,66,D,,,,9,02:00,27,20,
2007,RS,4,45,102,ULK,PCOS,"SOLOMON, WILLIE",2FGM,Two Pointer,2,-74,69,D,,,,9,02:00,27,22,
2007,RS,4,45,103,ROA,PTFC,"POUPET, PIERRIC",2FGA,Missed Two Pointer,0,-64,20,D,,,,9,02:00,27,22,
2007,RS,4,45,105,ROA,PTFB,"SOLIMAN, WILLIAMS",2FGM,Two Pointer,2,-61,-7,D,,,,9,02:00,29,22,
2007,RS,4,45,107,ULK,PARO,"ONAN, OMER",2FGA,Missed Two Pointer,0,-276,382,E,,,,10,01:00,29,22,
2007,RS,4,45,109,ULK,PCOS,"SOLOMON, WILLIE",2FGAB,Missed Two Pointer,0,133,148,C,,,,10,01:00,29,22,
2007,RS,4,45,113,ROA,PTEV,"HESS, ADAM",2FGA,Missed Two Pointer,0,-102,133,D,,,,10,01:00,29,22,
2007,RS,4,45,115,ROA,PTEU,"SALYERS, MARC",2FGM,Two Pointer,2,89,102,C,,,,10,01:00,31,22,
2007,RS,4,45,116,ULK,PABI,"KUTLUAY, IBRAHIM",3FGA,Missed Three Pointer,0,597,346,A,,,,10,01:00,31,22,
2007,RS,4,45,118,ULK,PLGR,"BASAK, RASIM",2FGA,Missed Two Pointer,0,138,87,C,,,,10,01:00,31,22,
2007,RS,4,45,120,ULK,PJPF,"SAVAS, OGUZ",2FGM,Two Pointer,2,-51,69,D,,,,10,01:00,31,24,
2007,RS,4,45,122,ROA,PTFB,"SOLIMAN, WILLIAMS",2FGM,Two Pointer,2,0,0,D,,,,10,01:00,33,24,
2007,RS,4,45,129,ROA,PTEU,"SALYERS, MARC",2FGM,Two Pointer,2,66,115,C,,,,11,10:00,35,24,
2007,RS,4,45,130,ULK,PLGR,"BASAK, RASIM",3FGA,Missed Three Pointer,0,487,507,G,,,,11,10:00,35,24,
2007,RS,4,45,132,ULK,PABI,"KUTLUAY, IBRAHIM",3FGA,Missed Three Pointer,0,589,402,A,,,,11,10:00,35,24,
2007,RS,4,45,134,ULK,PLGR,"BASAK, RASIM",2FGM,Two Pointer,2,94,69,C,,,,11,10:00,35,26,
2007,RS,4,45,138,ROA,PTEV,"HESS, ADAM",3FGM,Three Pointer,3,-571,428,J,,,,12,09:00,38,26,
2007,RS,4,45,140,ULK,PCOS,"SOLOMON, WILLIE",2FGM,Two Pointer,2,135,69,C,,,,12,09:00,38,28,
2007,RS,4,45,148,ROA,PTEU,"SALYERS, MARC",FTM,Free Throw In,1,-1,-1, ,,,,13,08:00,39,28,
2007,RS,4,45,149,ROA,PTEU,"SALYERS, MARC",FTM,Free Throw In,1,-1,-1, ,,,,13,08:00,40,28,
2007,RS,4,45,152,ROA,PTEU,"SALYERS, MARC",3FGA,Missed Three Pointer,0,-548,394,F,,,,13,08:00,40,28,
2007,RS,4,45,154,ROA,PTFA,"CAZALON, LAURENT",2FGM,Two Pointer,2,-146,53,D,,,,13,08:00,42,28,
2007,RS,4,45,161,ROA,PTEU,"SALYERS, MARC",3FGA,Missed Three Pointer,0,-571,610,J,,,,14,07:00,42,28,
2007,RS,4,45,165,ROA,PTFB,"SOLIMAN, WILLIAMS",2FGM,Two Pointer,2,-7,-2,D,,,,14,07:00,44,28,
2007,RS,4,45,173,ULK,PTFI,"VIDMAR, GASPER",FTM,Free Throw In,1,-1,-1, ,,,,14,07:00,44,29,
2007,RS,4,45,174,ULK,PTFI,"VIDMAR, GASPER",FTM,Free Throw In,1,-1,-1, ,,,,14,07:00,44,30,
2007,RS,4,45,179,ULK,PAYR,"TURKCAN, MIRSAD",3FGA,Missed Three Pointer,0,-646,71,F,,,,15,06:00,44,30,
2007,RS,4,45,182,ROA,PTFA,"CAZALON, LAURENT",2FGM,Two Pointer,2,-74,25,D,,,,15,06:00,46,30,
2007,RS,4,45,187,ULK,PLGA,"KAAN, DAMIR",3FGM,Three Pointer,3,471,502,G,,,,15,06:00,46,33,
2007,RS,4,45,192,ULK,PTHC,"WHITE, JAMES",FTM,Free Throw In,1,-1,-1, ,,,,15,06:00,46,34,
2007,RS,4,45,193,ULK,PTHC,"WHITE, JAMES",FTM,Free Throw In,1,-1,-1, ,,,,15,06:00,46,35,
2007,RS,4,45,194,ROA,PTFA,"CAZALON, LAURENT",3FGM,Three Pointer,3,41,664,G,,,,15,06:00,49,35,
2007,RS,4,45,196,ULK,PAYR,"TURKCAN, MIRSAD",2FGM,Two Pointer,2,148,133,C,,,,16,05:00,49,37,
2007,RS,4,45,205,ULK,PCOS,"SOLOMON, WILLIE",2FGM,Two Pointer,2,151,125,C,,,,16,05:00,49,39,
2007,RS,4,45,207,ROA,PTFA,"CAZALON, LAURENT",3FGA,Missed Three Pointer,0,500,533,G,,,,16,05:00,49,39,
2007,RS,4,45,208,ROA,PTEU,"SALYERS, MARC",2FGA,Missed Two Pointer,0,-400,79,E,,,,16,05:00,49,39,
2007,RS,4,45,213,ULK,PCOS,"SOLOMON, WILLIE",FTM,Free Throw In,1,-1,-1, ,,,,17,04:00,49,40,
2007,RS,4,45,218,ROA,PTEU,"SALYERS, MARC",2FGM,Two Pointer,2,0,-5,D,,,,17,04:00,51,40,
2007,RS,4,45,220,ULK,PCOS,"SOLOMON, WILLIE",3FGA,Missed Three Pointer,0,107,661,G,,,,18,03:00,51,40,
2007,RS,4,45,222,ULK,PTFI,"VIDMAR, GASPER",2FGM,Two Pointer,2,89,64,C,,,,18,03:00,51,42,
2007,RS,4,45,225,ULK,PTFI,"VIDMAR, GASPER",2FGA,Missed Two Pointer,0,84,35,C,,,,18,03:00,51,42,
2007,RS,4,45,227,ULK,PLGA,"KAAN, DAMIR",3FGM,Three Pointer,3,-207,671,J,,,,18,03:00,51,45,
2007,RS,4,45,229,ROA,PTEZ,"RUSH, BRION",2FGA,Missed Two Pointer,0,-420,97,E,,,,19,02:00,51,45,
2007,RS,4,45,231,ULK,PCOS,"SOLOMON, WILLIE",3FGA,Missed Three Pointer,0,492,535,G,,,,19,02:00,51,45,
2007,RS,4,45,239,ROA,PTEV,"HESS, ADAM",2FGA,Missed Two Pointer,0,-97,56,D,,,,19,02:00,51,45,
2007,RS,4,45,244,ULK,PTFI,"VIDMAR, GASPER",FTM,Free Throw In,1,-1,-1, ,,,,20,01:00,51,46,
2007,RS,4,45,245,ULK,PTFI,"VIDMAR, GASPER",FTM,Free Throw In,1,-1,-1, ,,,,20,01:00,51,47,
2007,RS,4,45,247,ULK,PTFI,"VIDMAR, GASPER",2FGM,Two Pointer,2,102,94,C,,,,20,01:00,51,49,
2007,RS,4,45,248,ROA,PTEZ,"RUSH, BRION",3FGM,Three Pointer,3,-497,492,J,,,,20,01:00,54,49,
2007,RS,4,45,253,ULK,PCOS,"SOLOMON, WILLIE",3FGA,Missed Three Pointer,0,-520,479,J,,,,21,10:00,54,49,
2007,RS,4,45,255,ROA,PTEZ,"RUSH, BRION",3FGA,Missed Three Pointer,0,-412,579,J,,,,21,10:00,54,49,
2007,RS,4,45,262,ROA,PTEZ,"RUSH, BRION",2FGA,Missed Two Pointer,0,-384,358,E,,,,21,10:00,54,49,
2007,RS,4,45,266,ULK,PTHC,"WHITE, JAMES",2FGM,Two Pointer,2,-189,146,D,,,,22,09:00,54,51,
2007,RS,4,45,271,ULK,PTHC,"WHITE, JAMES",FTM,Free Throw In,1,-1,-1, ,,,,22,09:00,54,52,
2007,RS,4,45,272,ROA,PTFC,"POUPET, PIERRIC",3FGA,Missed Three Pointer,0,348,592,G,,,,22,09:00,54,52,
2007,RS,4,45,275,ULK,PTHC,"WHITE, JAMES",3FGA,Missed Three Pointer,0,-641,389,F,,,,22,09:00,54,52,
2007,RS,4,45,276,ULK,PABI,"KUTLUAY, IBRAHIM",2FGA,Missed Two Pointer,0,502,323,B,,,,22,09:00,54,52,
2007,RS,4,45,278,ULK,PCOS,"SOLOMON, WILLIE",2FGM,Two Pointer,2,100,43,C,,,,22,09:00,54,54,
2007,RS,4,45,280,ROA,PTEY,"BADIANE, PAPE",2FGAB,Missed Two Pointer,0,135,523,H,,,,23,08:00,54,54,
2007,RS,4,45,283,ROA,PTEV,"HESS, ADAM",FTM,Free Throw In,1,-1,-1, ,,,,23,08:00,55,54,
2007,RS,4,45,284,ROA,PTEV,"HESS, ADAM",FTM,Free Throw In,1,-1,-1, ,,,,23,08:00,56,54,
2007,RS,4,45,289,ROA,PTEU,"SALYERS, MARC",2FGM,Two Pointer,2,-89,61,D,,,,23,08:00,58,54,
2007,RS,4,45,290,ULK,PAYR,"TURKCAN, MIRSAD",2FGM,Two Pointer,2,276,307,B,,,,23,08:00,58,56,
2007,RS,4,45,292,ROA,PTEU,"SALYERS, MARC",3FGA,Missed Three Pointer,0,466,533,G,,,,23,08:00,58,56,
2007,RS,4,45,294,ROA,PTEU,"SALYERS, MARC",3FGA,Missed Three Pointer,0,-512,458,J,,,,23,08:00,58,56,
2007,RS,4,45,299,ULK,PAYR,"TURKCAN, MIRSAD",FTM,Free Throw In,1,-1,-1, ,,,,24,07:00,58,57,
2007,RS,4,45,301,ROA,PTFC,"POUPET, PIERRIC",2FGA,Missed Two Pointer,0,-79,94,D,,,,24,07:00,58,57,
2007,RS,4,45,309,ULK,PTHC,"WHITE, JAMES",FTM,Free Throw In,1,-1,-1, ,,,,25,06:00,58,58,
2007,RS,4,45,310,ULK,PTHC,"WHITE, JAMES",FTM,Free Throw In,1,-1,-1, ,,,,25,06:00,58,59,
2007,RS,4,45,315,ROA,PTEU,"SALYERS, MARC",FTM,Free Throw In,1,-1,-1, ,,,,25,06:00,59,59,
2007,RS,4,45,316,ROA,PTEU,"SALYERS, MARC",FTM,Free Throw In,1,-1,-1, ,,,,25,06:00,60,59,
2007,RS,4,45,317,ULK,PCOS,"SOLOMON, WILLIE",3FGA,Missed Three Pointer,0,361,579,G,,,,25,06:00,60,59,
2007,RS,4,45,321,ROA,PTEU,"SALYERS, MARC",2FGAB,Missed Two Pointer,0,130,148,C,,,,25,06:00,60,59,
2007,RS,4,45,335,ROA,PTFB,"SOLIMAN, WILLIAMS",FTM,Free Throw In,1,-1,-1, ,,,,26,05:00,61,59,
2007,RS,4,45,343,ROA,PTEY,"BADIANE, PAPE",FTM,Free Throw In,1,-1,-1, ,,,,26,05:00,62,59,
2007,RS,4,45,344,ROA,PTEY,"BADIANE, PAPE",FTM,Free Throw In,1,-1,-1, ,,,,26,05:00,63,59,
2007,RS,4,45,346,ULK,PCOS,"SOLOMON, WILLIE",2FGM,Two Pointer,2,-123,469,I,,,,27,04:00,63,61,
2007,RS,4,45,350,ROA,PTFA,"CAZALON, LAURENT",FTM,Free Throw In,1,-1,-1, ,,,,27,04:00,64,61,
2007,RS,4,45,351,ULK,PJPF,"SAVAS, OGUZ",2FGM,Two Pointer,2,-125,110,D,,,,27,04:00,64,63,
2007,RS,4,45,356,ULK,PJYB,"ERDEN, SEMIH",2FGAB,Missed Two Pointer,0,-112,123,D,,,,27,04:00,64,63,
2007,RS,4,45,360,ROA,PTFA,"CAZALON, LAURENT",3FGA,Missed Three Pointer,0,535,494,G,,,,27,04:00,64,63,
2007,RS,4,45,363,ULK,PARO,"ONAN, OMER",3FGA,Missed Three Pointer,0,651,64,A,,,,28,03:00,64,63,
2007,RS,4,45,365,ULK,PCOS,"SOLOMON, WILLIE",2FGA,Missed Two Pointer,0,-20,453,I,,,,28,03:00,64,63,
2007,RS,4,45,376,ROA,PTFA,"CAZALON, LAURENT",FTM,Free Throw In,1,-1,-1, ,,,,29,02:00,65,63,
2007,RS,4,45,381,ROA,PTEX,"PELLIN, MARC-ANTOINE",3FGA,Missed Three Pointer,0,248,671,G,,,,29,02:00,65,63,
2007,RS,4,45,383,ROA,PTEY,"BADIANE, PAPE",2FGA,Missed Two Pointer,0,-197,533,I,,,,29,02:00,65,63,
2007,RS,4,45,385,ULK,PCOS,"SOLOMON, WILLIE",2FGA,Missed Two Pointer,0,-174,146,D,,,,29,02:00,65,63,
2007,RS,4,45,387,ULK,PJPF,"SAVAS, OGUZ",2FGA,Missed Two Pointer,0,-56,51,D,,,,29,02:00,65,63,
2007,RS,4,45,393,ROA,PTEV,"HESS, ADAM",FTM,Free Throw In,1,-1,-1, ,,,,29,02:00,66,63,
2007,RS,4,45,396,ULK,PLGA,"KAAN, DAMIR",3FGM,Three Pointer,3,-2,730,J,,,,29,02:00,66,66,
2007,RS,4,45,397,ROA,PTEX,"PELLIN, MARC-ANTOINE",2FGA,Missed Two Pointer,0,279,197,B,,,,29,02:00,66,66,
2007,RS,4,45,404,ULK,PARO,"ONAN, OMER",3FGM,Three Pointer,3,-661,156,F,,,,30,01:00,66,69,
2007,RS,4,45,416,ULK,PLGA,"KAAN, DAMIR",3FGM,Three Pointer,3,-610,443,J,,,,31,10:00,66,72,
2007,RS,4,45,417,ROA,PTEW,"DARTEZ, KENDALL",3FGA,Missed Three Pointer,0,279,648,G,,,,31,10:00,66,72,
2007,RS,4,45,427,ULK,PJPF,"SAVAS, OGUZ",2FGM,Two Pointer,2,-112,84,D,,,,31,10:00,66,74,
2007,RS,4,45,428,ROA,PTEX,"PELLIN, MARC-ANTOINE",FTM,Free Throw In,1,-1,-1, ,,,,31,10:00,67,74,
2007,RS,4,45,431,ROA,PTEU,"SALYERS, MARC",3FGM,Three Pointer,3,-117,684,J,,,,32,09:00,70,74,
2007,RS,4,45,433,ULK,PLGA,"KAAN, DAMIR",2FGAB,Missed Two Pointer,0,-125,74,D,,,,32,09:00,70,74,
2007,RS,4,45,437,ULK,PJYB,"ERDEN, SEMIH",2FGM,Two Pointer,2,-115,120,D,,,,32,09:00,70,76,
2007,RS,4,45,443,ULK,PJPF,"SAVAS, OGUZ",2FGM,Two Pointer,2,-66,33,D,,,,33,08:00,70,78,
2007,RS,4,45,445,ROA,PTEU,"SALYERS, MARC",3FGM,Three Pointer,3,405,623,G,,,,33,08:00,73,78,
2007,RS,4,45,451,ULK,PJYB,"ERDEN, SEMIH",FTM,Free Throw In,1,-1,-1, ,,,,33,08:00,73,79,
2007,RS,4,45,453,ULK,PJYB,"ERDEN, SEMIH",FTM,Free Throw In,1,-1,-1, ,,,,34,07:00,73,80,
2007,RS,4,45,461,ULK,PARO,"ONAN, OMER",2FGA,Missed Two Pointer,0,-100,61,D,,,,34,07:00,73,80,
2007,RS,4,45,463,ROA,PTEU,"SALYERS, MARC",3FGM,Three Pointer,3,-384,582,J,,,,34,07:00,76,80,
2007,RS,4,45,472,ULK,PCOS,"SOLOMON, WILLIE",2FGM,Two Pointer,2,71,82,C,,,,35,06:00,76,82,
2007,RS,4,45,473,ROA,PTEV,"HESS, ADAM",3FGM,Three Pointer,3,-328,638,J,,,,35,06:00,79,82,
2007,RS,4,45,474,ULK,PCOS,"SOLOMON, WILLIE",2FGAB,Missed Two Pointer,0,-76,53,D,,,,35,06:00,79,82,
2007,RS,4,45,478,ULK,PLGA,"KAAN, DAMIR",3FGA,Missed Three Pointer,0,-220,697,J,,,,35,06:00,79,82,
2007,RS,4,45,480,ULK,PARO,"ONAN, OMER",2FGAB,Missed Two Pointer,0,-230,479,I,,,,35,06:00,79,82,
2007,RS,4,45,486,ULK,PAYR,"TURKCAN, MIRSAD",2FGA,Missed Two Pointer,0,-35,79,D,,,,36,05:00,79,82,
2007,RS,4,45,490,ULK,PJPF,"SAVAS, OGUZ",FTM,Free Throw In,1,-1,-1, ,,,,36,05:00,79,83,
2007,RS,4,45,491,ULK,PJPF,"SAVAS, OGUZ",FTM,Free Throw In,1,-1,-1, ,,,,36,05:00,79,84,
2007,RS,4,45,493,ROA,PTEU,"SALYERS, MARC",2FGM,Two Pointer,2,0,28,D,,,,36,05:00,81,84,
2007,RS,4,45,494,ULK,PARO,"ONAN, OMER",3FGA,Missed Three Pointer,0,-130,687,J,,,,36,05:00,81,84,
2007,RS,4,45,496,ROA,PTEV,"HESS, ADAM",3FGA,Missed Three Pointer,0,-266,641,J,,,,36,05:00,81,84,
2007,RS,4,45,500,ULK,PCOS,"SOLOMON, WILLIE",FTM,Free Throw In,1,-1,-1, ,,,,36,05:00,81,85,
2007,RS,4,45,501,ULK,PCOS,"SOLOMON, WILLIE",FTM,Free Throw In,1,-1,-1, ,,,,36,05:00,81,86,
2007,RS,4,45,505,ROA,PTEY,"BADIANE, PAPE",2FGA,Missed Two Pointer,0,341,107,B,,,,37,04:00,81,86,
2007,RS,4,45,507,ULK,PJPF,"SAVAS, OGUZ",2FGM,Two Pointer,2,-74,123,D,,,,37,04:00,81,88,
2007,RS,4,45,510,ROA,PTEU,"SALYERS, MARC",3FGM,Three Pointer,3,-533,453,J,,,,38,03:00,84,88,
2007,RS,4,45,511,ULK,PCOS,"SOLOMON, WILLIE",2FGM,Two Pointer,2,238,317,B,,,,38,03:00,84,90,
2007,RS,4,45,512,ROA,PTEX,"PELLIN, MARC-ANTOINE",2FGM,Two Pointer,2,407,264,B,,,,38,03:00,86,90,
2007,RS,4,45,514,ULK,PAYR,"TURKCAN, MIRSAD",2FGM,Two Pointer,2,-407,264,E,,,,39,02:00,86,92,
2007,RS,4,45,516,ROA,PTEV,"HESS, ADAM",3FGA,Missed Three Pointer,0,679,5,A,,,,39,02:00,86,92,
2007,RS,4,45,518,ROA,PTEU,"SALYERS, MARC",2FGM,Two Pointer,2,41,69,C,,,,39,02:00,88,92,
2007,RS,4,45,519,ULK,PCOS,"SOLOMON, WILLIE",2FGM,Two Pointer,2,-138,105,D,,,,39,02:00,88,94,
2007,RS,4,45,523,ULK,PCOS,"SOLOMON, WILLIE",FTM,Free Throw In,1,-1,-1, ,,,,39,02:00,88,95,
2007,RS,4,45,524,ROA,PTEU,"SALYERS, MARC",3FGA,Missed Three Pointer,0,507,551,G,,,,39,02:00,88,95,
2007,RS,4,45,530,ROA,PTFA,"CAZALON, LAURENT",FTM,Free Throw In,1,-1,-1, ,,,,40,01:00,89,95,
2007,RS,4,45,531,ROA,PTFA,"CAZALON, LAURENT",FTM,Free Throw In,1,-1,-1, ,,,,40,01:00,90,95,
2007,RS,4,45,536,ULK,PAYR,"TURKCAN, MIRSAD",2FGM,Two Pointer,2,-125,123,D,,,,40,01:00,90,97,
2007,RS,4,45,537,ROA,PTEY,"BADIANE, PAPE",2FGA,Missed Two Pointer,0,84,100,C,,,,40,01:00,90,97,
2007,RS,4,45,539,ULK,PCOS,"SOLOMON, WILLIE",2FGA,Missed Two Pointer,0,200,517,H,,,,40,01:00,90,97,
2007,RS,4,45,541,ROA,PTFA,"CAZALON, LAURENT",3FGA,Missed Three Pointer,0,607,400,A,,,,40,01:00,90,97,
2007,RS,4,46,6,PAN,PAJV,"BATISTE, MICHAEL",2FGA,Missed Two Pointer,0,410,12,B,,,,1,10:00,0,0,
2007,RS,4,46,8,BAR,PJJF,"TRIAS, JORDI",2FGA,Missed Two Pointer,0,-446,33,E,,,,2,09:00,0,0,
2007,RS,4,46,10,PAN,PAJV,"BATISTE, MICHAEL",2FGM,Two Pointer,2,23,33,C,,,,2,09:00,2,0,
2007,RS,4,46,11,BAR,PJOB,"MORANDAIS, MICHEL",3FGA,Missed Three Pointer,0,451,502,G,,,,2,09:00,2,0,
2007,RS,4,46,13,BAR,PATA,"LAKOVIC, JAKA",3FGM,Three Pointer,3,10,694,G,,,,2,09:00,2,3,
2007,RS,4,46,14,PAN,PABB,"DIKOUDIS, DEMOS",3FGM,Three Pointer,3,-676,182,F,,,,2,09:00,5,3,
2007,RS,4,46,18,BAR,PBOD,"KASUN, MARIO",2FGM,Two Pointer,2,-2,5,D,,,,3,08:00,5,5,
2007,RS,4,46,24,PAN,PABB,"DIKOUDIS, DEMOS",FTM,Free Throw In,1,-1,-1, ,,,,3,08:00,6,5,
2007,RS,4,46,25,BAR,PATA,"LAKOVIC, JAKA",2FGA,Missed Two Pointer,0,-348,248,E,,,,3,08:00,6,5,
2007,RS,4,46,27,BAR,PATA,"LAKOVIC, JAKA",2FGM,Two Pointer,2,-25,20,D,,,,3,08:00,6,7,
2007,RS,4,46,29,PAN,PJKO,"DIAMANTIDIS, DIMITRIOS",2FGM,Two Pointer,2,53,20,C,,,,4,07:00,8,7,
2007,RS,4,46,36,BAR,PATA,"LAKOVIC, JAKA",2FGAB,Missed Two Pointer,0,-297,51,E,,,,4,07:00,8,7,
2007,RS,4,46,41,PAN,PJKO,"DIAMANTIDIS, DIMITRIOS",3FGM,Three Pointer,3,-312,607,J,,,,5,06:00,11,7,
2007,RS,4,46,42,BAR,PLGC,"ACKER, ALEX",2FGA,Missed Two Pointer,0,-66,12,D,,,,5,06:00,11,7,
2007,RS,4,46,46,PAN,PAJV,"BATISTE, MICHAEL",FTM,Free Throw In,1,-1,-1, ,,,,5,06:00,12,7,
2007,RS,4,46,51,PAN,PTFY,"WINSTON, KENNEDY",2FGA,Missed Two Pointer,0,-41,-7,D,,,,5,06:00,12,7,
2007,RS,4,46,53,PAN,PAJV,"BATISTE, MICHAEL",2FGM,Two Pointer,2,-51,0,D,,,,5,06:00,14,7,
2007,RS,4,46,55,BAR,PBOD,"KASUN, MARIO",2FGA,Missed Two Pointer,0,-194,7,D,,,,6,05:00,14,7,
2007,RS,4,46,57,PAN,PAJV,"BATISTE, MICHAEL",3FGA,Missed Three Pointer,0,489,476,G,,,,6,05:00,14,7,
2007,RS,4,46,69,BAR,PLGC,"ACKER, ALEX",2FGM,Two Pointer,2,48,28,C,,,,7,04:00,14,9,
2007,RS,4,46,76,BAR,PBOD,"KASUN, MARIO",2FGA,Missed Two Pointer,0,56,-5,C,,,,7,04:00,14,9,
2007,RS,4,46,84,BAR,PJJF,"TRIAS, JORDI",2FGM,Two Pointer,2,-66,17,D,,,,8,03:00,14,11,
2007,RS,4,46,86,PAN,PJKO,"DIAMANTIDIS, DIMITRIOS",3FGA,Missed Three Pointer,0,661,274,A,,,,8,03:00,14,11,
2007,RS,4,46,88,BAR,PLGC,"ACKER, ALEX",3FGA,Missed Three Pointer,0,533,517,G,,,,8,03:00,14,11,
2007,RS,4,46,90,PAN,PJKO,"DIAMANTIDIS, DIMITRIOS",3FGM,Three Pointer,3,43,674,G,,,,8,03:00,17,11,
2007,RS,4,46,97,BAR,PJOB,"MORANDAIS, MICHEL",2FGM,Two Pointer,2,333,251,B,,,,9,02:00,17,13,
2007,RS,4,46,98,PAN,PACN,"TSARTSARIS, KOSTAS",3FGA,Missed Three Pointer,0,-143,646,J,,,,9,02:00,17,13,
2007,RS,4,46,100,BAR,PBOD,"KASUN, MARIO",2FGM,Two Pointer,2,-2,15,D,,,,9,02:00,17,15,
2007,RS,4,46,103,PAN,PBXE,"ZIZIC, ANDRIJA",2FGA,Missed Two Pointer,0,-28,5,D,,,,10,01:00,17,15,
2007,RS,4,46,105,BAR,PBOD,"KASUN, MARIO",2FGA,Missed Two Pointer,0,-89,23,D,,,,10,01:00,17,15,
2007,RS,4,46,107,PAN,PJUO,"SPANOULIS, VASSILIS",2FGM,Two Pointer,2,53,2,C,,,,10,01:00,19,15,
2007,RS,4,46,112,BAR,PAZU,"SANCHEZ, PEPE",3FGA,Missed Three Pointer,0,-548,643,J,,,,10,01:00,19,15,
2007,RS,4,46,131,PAN,PACN,"TSARTSARIS, KOSTAS",3FGM,Three Pointer,3,648,274,A,,,,11,10:00,22,15,
2007,RS,4,46,133,BAR,PJOB,"MORANDAIS, MICHEL",2FGM,Two Pointer,2,405,-28,B,,,,11,10:00,22,17,
2007,RS,4,46,135,BAR,PADS,"BASILE, GIANLUCA",3FGA,Missed Three Pointer,0,7,710,G,,,,12,09:00,22,17,
2007,RS,4,46,137,PAN,PBXE,"ZIZIC, ANDRIJA",2FGM,Two Pointer,2,-41,17,D,,,,12,09:00,24,17,
2007,RS,4,46,138,BAR,PJOB,"MORANDAIS, MICHEL",3FGA,Missed Three Pointer,0,79,669,G,,,,12,09:00,24,17,
2007,RS,4,46,140,BAR,PJJF,"TRIAS, JORDI",2FGM,Two Pointer,2,-43,30,D,,,,13,08:00,24,19,
2007,RS,4,46,141,PAN,PJUO,"SPANOULIS, VASSILIS",2FGM,Two Pointer,2,64,20,C,,,,13,08:00,26,19,
2007,RS,4,46,142,BAR,PADS,"BASILE, GIANLUCA",3FGA,Missed Three Pointer,0,-666,156,F,,,,13,08:00,26,19,
2007,RS,4,46,144,BAR,PJOB,"MORANDAIS, MICHEL",2FGM,Two Pointer,2,-69,-12,D,,,,13,08:00,26,21,
2007,RS,4,46,151,BAR,PJOB,"MORANDAIS, MICHEL",FTM,Free Throw In,1,-1,-1, ,,,,13,08:00,26,22,
2007,RS,4,46,153,PAN,PTFY,"WINSTON, KENNEDY",2FGM,Two Pointer,2,2,28,D,,,,13,08:00,28,22,
2007,RS,4,46,154,PAN,PACN,"TSARTSARIS, KOSTAS",3FGA,Missed Three Pointer,0,-23,671,J,,,,13,08:00,28,22,
2007,RS,4,46,156,BAR,PAXC,"VAZQUEZ, FRAN",2FGM,Two Pointer,2,-58,15,D,,,,13,08:00,28,24,
2007,RS,4,46,158,PAN,PBXE,"ZIZIC, ANDRIJA",2FGM,Two Pointer,2,33,15,C,,,,14,07:00,30,24,
2007,RS,4,46,164,BAR,PJOB,"MORANDAIS, MICHEL",2FGM,Two Pointer,2,471,-28,B,,,,15,06:00,30,26,
2007,RS,4,46,165,BAR,PJKP,"ILYASOVA, ERSAN",2FGA,Missed Two Pointer,0,-7,446,I,,,,15,06:00,30,26,
2007,RS,4,46,169,BAR,PJOB,"MORANDAIS, MICHEL",2FGM,Two Pointer,2,353,12,B,,,,15,06:00,30,28,
2007,RS,4,46,180,BAR,PJOB,"MORANDAIS, MICHEL",2FGA,Missed Two Pointer,0,0,110,D,,,,16,05:00,30,28,
2007,RS,4,46,182,PAN,PJUO,"SPANOULIS, VASSILIS",2FGAB,Missed Two Pointer,0,25,53,C,,,,16,05:00,30,28,
2007,RS,4,46,185,BAR,PADS,"BASILE, GIANLUCA",2FGAB,Missed Two Pointer,0,-89,48,D,,,,16,05:00,30,28,
2007,RS,4,46,189,PAN,PAPH,"ALVERTIS, FRAGISKOS",3FGA,Missed Three Pointer,0,-648,276,F,,,,17,04:00,30,28,
2007,RS,4,46,191,BAR,PAXC,"VAZQUEZ, FRAN",2FGM,Two Pointer,2,-41,10,D,,,,17,04:00,30,30,
2007,RS,4,46,193,PAN,PAPH,"ALVERTIS, FRAGISKOS",3FGM,Three Pointer,3,641,192,A,,,,17,04:00,33,30,
2007,RS,4,46,196,BAR,PJKP,"ILYASOVA, ERSAN",2FGM,Two Pointer,2,-30,25,D,,,,17,04:00,33,32,
2007,RS,4,46,201,PAN,PJKO,"DIAMANTIDIS, DIMITRIOS",3FGM,Three Pointer,3,-556,366,F,,,,18,03:00,36,32,
2007,RS,4,46,203,BAR,PJKP,"ILYASOVA, ERSAN",3FGA,Missed Three Pointer,0,153,689,G,,,,18,03:00,36,32,
2007,RS,4,46,207,PAN,PJUO,"SPANOULIS, VASSILIS",2FGA,Missed Two Pointer,0,-48,7,D,,,,18,03:00,36,32,
2007,RS,4,46,209,BAR,PADS,"BASILE, GIANLUCA",3FGA,Missed Three Pointer,0,-676,117,F,,,,18,03:00,36,32,
2007,RS,4,46,220,BAR,PBKE,"GRIMAU, ROGER",FTM,Free Throw In,1,-1,-1, ,,,,18,03:00,36,33,
2007,RS,4,46,221,BAR,PBKE,"GRIMAU, ROGER",FTM,Free Throw In,1,-1,-1, ,,,,18,03:00,36,34,
2007,RS,4,46,223,PAN,PJKO,"DIAMANTIDIS, DIMITRIOS",3FGA,Missed Three Pointer,0,630,333,A,,,,19,02:00,36,34,
2007,RS,4,46,228,BAR,PADS,"BASILE, GIANLUCA",3FGM,Three Pointer,3,-366,605,J,,,,19,02:00,36,37,
2007,RS,4,46,236,PAN,PJKO,"DIAMANTIDIS, DIMITRIOS",3FGA,Missed Three Pointer,0,592,415,A,,,,20,01:00,36,37,
2007,RS,4,46,250,PAN,PABB,"DIKOUDIS, DEMOS",3FGA,Missed Three Pointer,0,638,261,A,,,,21,10:00,36,37,
2007,RS,4,46,253,PAN,PADG,"JASIKEVICIUS, SARUNAS",2FGM,Two Pointer,2,53,10,C,,,,21,10:00,38,37,
2007,RS,4,46,255,BAR,PATA,"LAKOVIC, JAKA",2FGA,Missed Two Pointer,0,-43,17,D,,,,22,09:00,38,37,
2007,RS,4,46,257,PAN,PADG,"JASIKEVICIUS, SARUNAS",3FGM,Three Pointer,3,330,651,G,,,,22,09:00,41,37,
2007,RS,4,46,259,BAR,PJOB,"MORANDAIS, MICHEL",3FGM,Three Pointer,3,-530,376,F,,,,22,09:00,41,40,
2007,RS,4,46,261,PAN,PTFY,"WINSTON, KENNEDY",2FGM,Two Pointer,2,33,61,C,,,,23,08:00,43,40,
2007,RS,4,46,266,BAR,PBOD,"KASUN, MARIO",2FGA,Missed Two Pointer,0,-71,7,D,,,,23,08:00,43,40,
2007,RS,4,46,277,PAN,PJKO,"DIAMANTIDIS, DIMITRIOS",FTM,Free Throw In,1,-1,-1, ,,,,23,08:00,44,40,
2007,RS,4,46,278,PAN,PJKO,"DIAMANTIDIS, DIMITRIOS",FTM,Free Throw In,1,-1,-1, ,,,,23,08:00,45,40,
2007,RS,4,46,281,PAN,PTFY,"WINSTON, KENNEDY",FTM,Free Throw In,1,-1,-1, ,,,,23,08:00,46,40,
2007,RS,4,46,284,PAN,PADG,"JASIKEVICIUS, SARUNAS",3FGM,Three Pointer,3,-38,687,J,,,,23,08:00,49,40,
2007,RS,4,46,286,BAR,PAZU,"SANCHEZ, PEPE",3FGA,Missed Three Pointer,0,-546,402,F,,,,24,07:00,49,40,
2007,RS,4,46,288,PAN,PAJV,"BATISTE, MICHAEL",2FGA,Missed Two Pointer,0,335,115,B,,,,24,07:00,49,40,
2007,RS,4,46,290,BAR,PBOD,"KASUN, MARIO",2FGM,Two Pointer,2,-43,-2,D,,,,24,07:00,49,42,
2007,RS,4,46,293,PAN,PAJV,"BATISTE, MICHAEL",2FGA,Missed Two Pointer,0,-128,25,D,,,,25,06:00,49,42,
2007,RS,4,46,295,BAR,PBOD,"KASUN, MARIO",2FGA,Missed Two Pointer,0,41,28,C,,,,25,06:00,49,42,
2007,RS,4,46,297,BAR,PBOD,"KASUN, MARIO",2FGM,Two Pointer,2,35,-7,C,,,,25,06:00,49,44,
2007,RS,4,46,300,BAR,PBOD,"KASUN, MARIO",2FGA,Missed Two Pointer,0,48,17,C,,,,25,06:00,49,44,
2007,RS,4,46,310,BAR,PJOB,"MORANDAIS, MICHEL",3FGA,Missed Three Pointer,0,466,471,G,,,,26,05:00,49,44,
2007,RS,4,46,319,PAN,PTFY,"WINSTON, KENNEDY",2FGA,Missed Two Pointer,0,338,343,B,,,,27,04:00,49,44,
2007,RS,4,46,321,PAN,PAFC,"TOMASEVIC, DEJAN",2FGM,Two Pointer,2,28,41,C,,,,27,04:00,51,44,
2007,RS,4,46,322,BAR,PAZU,"SANCHEZ, PEPE",3FGA,Missed Three Pointer,0,-33,630,J,,,,27,04:00,51,44,
2007,RS,4,46,329,PAN,PADG,"JASIKEVICIUS, SARUNAS",3FGM,Three Pointer,3,335,605,G,,,,28,03:00,54,44,
2007,RS,4,46,336,BAR,PLGC,"ACKER, ALEX",2FGAB,Missed Two Pointer,0,-28,33,D,,,,28,03:00,54,44,
2007,RS,4,46,347,BAR,PAXC,"VAZQUEZ, FRAN",2FGM,Two Pointer,2,-371,443,I,,,,29,02:00,54,46,
2007,RS,4,46,349,PAN,PTFY,"WINSTON, KENNEDY",3FGA,Missed Three Pointer,0,225,643,G,,,,29,02:00,54,46,
2007,RS,4,46,354,BAR,PBKE,"GRIMAU, ROGER",2FGA,Missed Two Pointer,0,-30,10,D,,,,29,02:00,54,46,
2007,RS,4,46,357,PAN,PJKO,"DIAMANTIDIS, DIMITRIOS",2FGA,Missed Two Pointer,0,-105,33,D,,,,30,01:00,54,46,
2007,RS,4,46,361,PAN,PAPH,"ALVERTIS, FRAGISKOS",3FGA,Missed Three Pointer,0,-705,-2,F,,,,30,01:00,54,46,
2007,RS,4,46,367,PAN,PAGG,"BECIROVIC, SANI",2FGA,Missed Two Pointer,0,-41,23,D,,,,30,01:00,54,46,
2007,RS,4,46,371,BAR,PLGC,"ACKER, ALEX",FTM,Free Throw In,1,-1,-1, ,,,,30,01:00,54,47,
2007,RS,4,46,374,PAN,PJKO,"DIAMANTIDIS, DIMITRIOS",2FGM,Two Pointer,2,-541,-56,E,,,,30,01:00,56,47,
2007,RS,4,46,382,BAR,PBOD,"KASUN, MARIO",2FGM,Two Pointer,2,-46,28,D,,,,31,10:00,56,49,
2007,RS,4,46,385,PAN,PABB,"DIKOUDIS, DEMOS",2FGM,Two Pointer,2,-64,12,D,,,,31,10:00,58,49,
2007,RS,4,46,390,BAR,PBOD,"KASUN, MARIO",FTM,Free Throw In,1,-1,-1, ,,,,31,10:00,58,50,
2007,RS,4,46,394,PAN,PABB,"DIKOUDIS, DEMOS",2FGA,Missed Two Pointer,0,-17,343,D,,,,32,09:00,58,50,
2007,RS,4,46,398,BAR,PATA,"LAKOVIC, JAKA",3FGA,Missed Three Pointer,0,-343,564,J,,,,32,09:00,58,50,
2007,RS,4,46,402,PAN,PJUO,"SPANOULIS, VASSILIS",FTM,Free Throw In,1,-1,-1, ,,,,32,09:00,59,50,
2007,RS,4,46,403,PAN,PJUO,"SPANOULIS, VASSILIS",FTM,Free Throw In,1,-1,-1, ,,,,32,09:00,60,50,
2007,RS,4,46,404,BAR,PJKP,"ILYASOVA, ERSAN",3FGA,Missed Three Pointer,0,7,653,G,,,,32,09:00,60,50,
2007,RS,4,46,406,BAR,PBOD,"KASUN, MARIO",2FGM,Two Pointer,2,-2,10,D,,,,32,09:00,60,52,
2007,RS,4,46,414,BAR,PLGC,"ACKER, ALEX",2FGM,Two Pointer,2,28,23,C,,,,33,08:00,60,54,
2007,RS,4,46,415,PAN,PABB,"DIKOUDIS, DEMOS",2FGAB,Missed Two Pointer,0,-53,66,D,,,,33,08:00,60,54,
2007,RS,4,46,419,BAR,PLGC,"ACKER, ALEX",3FGA,Missed Three Pointer,0,-428,510,J,,,,33,08:00,60,54,
2007,RS,4,46,421,PAN,PJUO,"SPANOULIS, VASSILIS",3FGA,Missed Three Pointer,0,17,676,G,,,,33,08:00,60,54,
2007,RS,4,46,427,PAN,PJKO,"DIAMANTIDIS, DIMITRIOS",2FGA,Missed Two Pointer,0,38,17,C,,,,34,07:00,60,54,
2007,RS,4,46,429,BAR,PBOD,"KASUN, MARIO",2FGM,Two Pointer,2,-35,7,D,,,,34,07:00,60,56,
2007,RS,4,46,433,PAN,PAJV,"BATISTE, MICHAEL",3FGAB,Missed Three Pointer,0,-51,943,J,,,,34,07:00,60,56,
2007,RS,4,46,437,PAN,PAJV,"BATISTE, MICHAEL",2FGA,Missed Two Pointer,0,315,23,B,,,,34,07:00,60,56,
2007,RS,4,46,440,BAR,PATA,"LAKOVIC, JAKA",3FGA,Missed Three Pointer,0,30,702,G,,,,35,06:00,60,56,
2007,RS,4,46,442,PAN,PACN,"TSARTSARIS, KOSTAS",2FGA,Missed Two Pointer,0,33,82,C,,,,35,06:00,60,56,
2007,RS,4,46,444,PAN,PADG,"JASIKEVICIUS, SARUNAS",3FGA,Missed Three Pointer,0,2,687,G,,,,35,06:00,60,56,
2007,RS,4,46,452,PAN,PADG,"JASIKEVICIUS, SARUNAS",2FGA,Missed Two Pointer,0,-79,69,D,,,,36,05:00,60,56,
2007,RS,4,46,454,PAN,PAJV,"BATISTE, MICHAEL",2FGA,Missed Two Pointer,0,87,5,C,,,,36,05:00,60,56,
2007,RS,4,46,456,BAR,PLGC,"ACKER, ALEX",3FGA,Missed Three Pointer,0,10,656,G,,,,36,05:00,60,56,
2007,RS,4,46,458,PAN,PJUO,"SPANOULIS, VASSILIS",2FGM,Two Pointer,2,-48,30,D,,,,36,05:00,62,56,
2007,RS,4,46,467,BAR,PATA,"LAKOVIC, JAKA",FTM,Free Throw In,1,-1,-1, ,,,,37,04:00,62,57,
2007,RS,4,46,471,BAR,PATA,"LAKOVIC, JAKA",FTM,Free Throw In,1,-1,-1, ,,,,37,04:00,62,58,
2007,RS,4,46,472,PAN,PACN,"TSARTSARIS, KOSTAS",2FGM,Two Pointer,2,-23,10,D,,,,37,04:00,64,58,
2007,RS,4,46,475,PAN,PACN,"TSARTSARIS, KOSTAS",FTM,Free Throw In,1,-1,-1, ,,,,37,04:00,65,58,
2007,RS,4,46,477,BAR,PADS,"BASILE, GIANLUCA",3FGA,Missed Three Pointer,0,-405,543,J,,,,38,03:00,65,58,
2007,RS,4,46,479,BAR,PJKP,"ILYASOVA, ERSAN",2FGA,Missed Two Pointer,0,-51,10,D,,,,38,03:00,65,58,
2007,RS,4,46,483,BAR,PJKP,"ILYASOVA, ERSAN",FTM,Free Throw In,1,-1,-1, ,,,,38,03:00,65,59,
2007,RS,4,46,486,PAN,PACN,"TSARTSARIS, KOSTAS",2FGM,Two Pointer,2,-53,20,D,,,,38,03:00,67,59,
2007,RS,4,46,487,BAR,PJKP,"ILYASOVA, ERSAN",3FGA,Missed Three Pointer,0,574,356,A,,,,38,03:00,67,59,
2007,RS,4,46,492,BAR,PATA,"LAKOVIC, JAKA",3FGM,Three Pointer,3,25,661,G,,,,38,03:00,67,62,
2007,RS,4,46,498,PAN,PAJV,"BATISTE, MICHAEL",2FGM,Two Pointer,2,35,43,C,,,,39,02:00,69,62,
2007,RS,4,46,502,BAR,PATA,"LAKOVIC, JAKA",FTM,Free Throw In,1,-1,-1, ,,,,39,02:00,69,63,
2007,RS,4,46,503,BAR,PATA,"LAKOVIC, JAKA",FTM,Free Throw In,1,-1,-1, ,,,,39,02:00,69,64,
2007,RS,4,46,504,PAN,PAJV,"BATISTE, MICHAEL",2FGM,Two Pointer,2,-5,-2,D,,,,39,02:00,71,64,
2007,RS,4,46,509,BAR,PATA,"LAKOVIC, JAKA",FTM,Free Throw In,1,-1,-1, ,,,,39,02:00,71,65,
2007,RS,4,46,513,PAN,PACN,"TSARTSARIS, KOSTAS",3FGM,Three Pointer,3,-712,30,F,,,,40,01:00,74,65,
2007,RS,4,46,514,BAR,PADS,"BASILE, GIANLUCA",3FGA,Missed Three Pointer,0,674,228,A,,,,40,01:00,74,65,
2007,RS,4,46,516,BAR,PAZU,"SANCHEZ, PEPE",3FGA,Missed Three Pointer,0,-341,587,J,,,,40,01:00,74,65,
2007,RS,4,46,520,BAR,PBOD,"KASUN, MARIO",FTM,Free Throw In,1,-1,-1, ,,,,40,01:00,74,66,
2007,RS,4,46,525,PAN,PADG,"JASIKEVICIUS, SARUNAS",FTM,Free Throw In,1,-1,-1, ,,,,40,01:00,75,66,
2007,RS,4,46,526,PAN,PADG,"JASIKEVICIUS, SARUNAS",FTM,Free Throw In,1,-1,-1, ,,,,40,01:00,76,66,
2007,RS,4,46,527,BAR,PADS,"BASILE, GIANLUCA",3FGA,Missed Three Pointer,0,-533,458,J,,,,40,01:00,76,66,
2007,RS,4,47,3,PAR,PLGH,"TEPIC, MILENKO",2FGA,Missed Two Pointer,0,-364,112,E,,,,1,10:00,0,0,
2007,RS,4,47,5,PAR,PKNN,"PEKOVIC, NIKOLA",2FGA,Missed Two Pointer,0,15,107,C,,,,1,10:00,0,0,
2007,RS,4,47,8,MAD,PJUH,"HAMILTON, VENSON",2FGM,Two Pointer,2,-10,7,D,,,,1,10:00,2,0,
2007,RS,4,47,10,PAR,PKNN,"PEKOVIC, NIKOLA",2FGM,Two Pointer,2,38,64,C,,,,2,09:00,2,2,
2007,RS,4,47,11,MAD,PARR,"TUNCERI, KEREM",2FGM,Two Pointer,2,58,58,C,,,,2,09:00,4,2,
2007,RS,4,47,15,PAR,PJNN,"VELICKOVIC, NOVICA",3FGA,Missed Three Pointer,0,453,533,G,,,,2,09:00,4,2,
2007,RS,4,47,17,PAR,PLGH,"TEPIC, MILENKO",3FGA,Missed Three Pointer,0,-230,700,J,,,,2,09:00,4,2,
2007,RS,4,47,24,MAD,PAJO,"BULLOCK, LOUIS",FTM,Free Throw In,1,-1,-1, ,,,,3,08:00,5,2,
2007,RS,4,47,25,MAD,PAJO,"BULLOCK, LOUIS",FTM,Free Throw In,1,-1,-1, ,,,,3,08:00,6,2,
2007,RS,4,47,27,PAR,PJNN,"VELICKOVIC, NOVICA",2FGM,Two Pointer,2,-43,56,D,,,,3,08:00,6,4,
2007,RS,4,47,30,MAD,PAJO,"BULLOCK, LOUIS",2FGA,Missed Two Pointer,0,-379,400,E,,,,3,08:00,6,4,
2007,RS,4,47,36,PAR,PJNN,"VELICKOVIC, NOVICA",2FGA,Missed Two Pointer,0,156,74,C,,,,4,07:00,6,4,
2007,RS,4,47,40,PAR,PBXO,"VITKOVAC, CEDOMIR",2FGAB,Missed Two Pointer,0,48,76,C,,,,4,07:00,6,4,
2007,RS,4,47,49,MAD,PBFJ,"MUMBRU, ALEX",3FGM,Three Pointer,3,684,53,A,,,,4,07:00,9,4,
2007,RS,4,47,50,PAR,PJNN,"VELICKOVIC, NOVICA",3FGA,Missed Three Pointer,0,402,597,G,,,,4,07:00,9,4,
2007,RS,4,47,58,PAR,PBFB,"TRIPKOVIC, UROS",3FGA,Missed Three Pointer,0,-533,461,J,,,,5,06:00,9,4,
2007,RS,4,47,60,MAD,PAAX,"REYES, FELIPE",2FGA,Missed Two Pointer,0,38,535,H,,,,5,06:00,9,4,
2007,RS,4,47,63,PAR,PLGH,"TEPIC, MILENKO",3FGA,Missed Three Pointer,0,428,564,G,,,,6,05:00,9,4,
2007,RS,4,47,65,PAR,PBFB,"TRIPKOVIC, UROS",2FGA,Missed Two Pointer,0,-15,115,D,,,,6,05:00,9,4,
2007,RS,4,47,77,MAD,PAAX,"REYES, FELIPE",FTM,Free Throw In,1,-1,-1, ,,,,6,05:00,10,4,
2007,RS,4,47,81,MAD,PAPP,"PAPADOPOULOS, LAZAROS",2FGM,Two Pointer,2,7,217,C,,,,6,05:00,12,4,
2007,RS,4,47,85,MAD,PCTN,"SMITH, CHARLES",3FGM,Three Pointer,3,-574,335,F,,,,7,04:00,15,4,
2007,RS,4,47,87,PAR,PBFE,"KECMAN, DUSAN",2FGM,Two Pointer,2,53,71,C,,,,7,04:00,15,6,
2007,RS,4,47,88,MAD,PAPP,"PAPADOPOULOS, LAZAROS",2FGM,Two Pointer,2,-297,25,E,,,,7,04:00,17,6,
2007,RS,4,47,92,MAD,PCTN,"SMITH, CHARLES",2FGA,Missed Two Pointer,0,51,71,C,,,,8,03:00,17,6,
2007,RS,4,47,103,PAR,PBFB,"TRIPKOVIC, UROS",FTM,Free Throw In,1,-1,-1, ,,,,8,03:00,17,7,
2007,RS,4,47,109,PAR,PTGU,"PALACIO, MILT",2FGM,Two Pointer,2,7,66,C,,,,8,03:00,17,9,
2007,RS,4,47,112,PAR,PKNN,"PEKOVIC, NIKOLA",2FGA,Missed Two Pointer,0,-138,97,D,,,,8,03:00,17,9,
2007,RS,4,47,114,MAD,PBFJ,"MUMBRU, ALEX",2FGA,Missed Two Pointer,0,-10,164,D,,,,8,03:00,17,9,
2007,RS,4,47,116,PAR,PBXO,"VITKOVAC, CEDOMIR",3FGA,Missed Three Pointer,0,-576,394,F,,,,8,03:00,17,9,
2007,RS,4,47,118,PAR,PKNN,"PEKOVIC, NIKOLA",2FGA,Missed Two Pointer,0,-69,56,D,,,,8,03:00,17,9,
2007,RS,4,47,120,PAR,PBFE,"KECMAN, DUSAN",2FGM,Two Pointer,2,-66,46,D,,,,8,03:00,17,11,
2007,RS,4,47,129,MAD,PCRF,"HERVELLE, AXEL",FTM,Free Throw In,1,-1,-1, ,,,,8,03:00,18,11,
2007,RS,4,47,133,MAD,PCRF,"HERVELLE, AXEL",2FGM,Two Pointer,2,0,5,D,,,,9,02:00,20,11,
2007,RS,4,47,134,PAR,PBFE,"KECMAN, DUSAN",2FGA,Missed Two Pointer,0,-135,71,D,,,,9,02:00,20,11,
2007,RS,4,47,136,MAD,PCTN,"SMITH, CHARLES",3FGA,Missed Three Pointer,0,-510,528,J,,,,9,02:00,20,11,
2007,RS,4,47,138,PAR,PTGU,"PALACIO, MILT",2FGA,Missed Two Pointer,0,120,197,C,,,,9,02:00,20,11,
2007,RS,4,47,146,PAR,PBXO,"VITKOVAC, CEDOMIR",3FGAB,Missed Three Pointer,0,-510,479,J,,,,9,02:00,20,11,
2007,RS,4,47,157,MAD,PCRF,"HERVELLE, AXEL",2FGA,Missed Two Pointer,0,-420,274,E,,,,11,10:00,20,11,
2007,RS,4,47,163,MAD,PCTN,"SMITH, CHARLES",2FGA,Missed Two Pointer,0,10,117,C,,,,11,10:00,20,11,
2007,RS,4,47,169,PAR,PJNN,"VELICKOVIC, NOVICA",2FGM,Two Pointer,2,-43,141,D,,,,12,09:00,20,13,
2007,RS,4,47,170,MAD,PAPP,"PAPADOPOULOS, LAZAROS",2FGM,Two Pointer,2,-238,117,D,,,,12,09:00,22,13,
2007,RS,4,47,176,PAR,PTGU,"PALACIO, MILT",2FGA,Missed Two Pointer,0,-82,117,D,,,,13,08:00,22,13,
2007,RS,4,47,182,MAD,PACK,"PELEKANOS, MICHALIS",FTM,Free Throw In,1,-1,-1, ,,,,13,08:00,23,13,
2007,RS,4,47,183,MAD,PACK,"PELEKANOS, MICHALIS",FTM,Free Throw In,1,-1,-1, ,,,,13,08:00,24,13,
2007,RS,4,47,196,MAD,PACK,"PELEKANOS, MICHALIS",2FGA,Missed Two Pointer,0,-510,82,E,,,,14,07:00,24,13,
2007,RS,4,47,207,MAD,PAAX,"REYES, FELIPE",2FGA,Missed Two Pointer,0,-315,130,E,,,,14,07:00,24,13,
2007,RS,4,47,210,PAR,PBFB,"TRIPKOVIC, UROS",3FGA,Missed Three Pointer,0,523,430,G,,,,15,06:00,24,13,
2007,RS,4,47,223,MAD,PTGB,"LLULL, SERGIO",FTM,Free Throw In,1,-1,-1, ,,,,15,06:00,25,13,
2007,RS,4,47,224,MAD,PTGB,"LLULL, SERGIO",FTM,Free Throw In,1,-1,-1, ,,,,15,06:00,26,13,
2007,RS,4,47,228,PAR,PBXO,"VITKOVAC, CEDOMIR",2FGM,Two Pointer,2,-35,69,D,,,,16,05:00,26,15,
2007,RS,4,47,231,PAR,PTGU,"PALACIO, MILT",2FGM,Two Pointer,2,-17,82,D,,,,16,05:00,26,17,
2007,RS,4,47,244,MAD,PBFJ,"MUMBRU, ALEX",2FGA,Missed Two Pointer,0,-56,94,D,,,,17,04:00,26,17,
2007,RS,4,47,250,MAD,PBFJ,"MUMBRU, ALEX",FTM,Free Throw In,1,-1,-1, ,,,,17,04:00,27,17,
2007,RS,4,47,251,MAD,PBFJ,"MUMBRU, ALEX",FTM,Free Throw In,1,-1,-1, ,,,,17,04:00,28,17,
2007,RS,4,47,254,PAR,PTGU,"PALACIO, MILT",2FGA,Missed Two Pointer,0,30,87,C,,,,17,04:00,28,17,
2007,RS,4,47,256,MAD,PARR,"TUNCERI, KEREM",3FGA,Missed Three Pointer,0,602,376,A,,,,17,04:00,28,17,
2007,RS,4,47,258,MAD,PARR,"TUNCERI, KEREM",3FGA,Missed Three Pointer,0,528,469,G,,,,17,04:00,28,17,
2007,RS,4,47,260,PAR,PTGU,"PALACIO, MILT",2FGM,Two Pointer,2,-28,76,D,,,,17,04:00,28,19,
2007,RS,4,47,271,MAD,PAAX,"REYES, FELIPE",FTM,Free Throw In,1,-1,-1, ,,,,18,03:00,29,19,
2007,RS,4,47,272,PAR,PLGH,"TEPIC, MILENKO",3FGA,Missed Three Pointer,0,-423,512,J,,,,18,03:00,29,19,
2007,RS,4,47,277,MAD,PTGB,"LLULL, SERGIO",FTM,Free Throw In,1,-1,-1, ,,,,18,03:00,30,19,
2007,RS,4,47,278,PAR,PTHY,"MILOSEVIC, STRAHINJA",3FGA,Missed Three Pointer,0,-410,564,J,,,,18,03:00,30,19,
2007,RS,4,47,285,PAR,PBXO,"VITKOVAC, CEDOMIR",2FGM,Two Pointer,2,23,107,C,,,,19,02:00,30,21,
2007,RS,4,47,286,MAD,PAAX,"REYES, FELIPE",FTM,Free Throw In,1,-1,-1, ,,,,19,02:00,31,21,
2007,RS,4,47,287,MAD,PAAX,"REYES, FELIPE",2FGA,Missed Two Pointer,0,-441,194,E,,,,19,02:00,31,21,
2007,RS,4,47,291,MAD,PBFJ,"MUMBRU, ALEX",3FGA,Missed Three Pointer,0,633,315,A,,,,19,02:00,31,21,
2007,RS,4,47,294,PAR,PBXO,"VITKOVAC, CEDOMIR",3FGA,Missed Three Pointer,0,653,297,A,,,,20,01:00,31,21,
2007,RS,4,47,296,MAD,PCTN,"SMITH, CHARLES",2FGA,Missed Two Pointer,0,38,58,C,,,,20,01:00,31,21,
2007,RS,4,47,300,MAD,PAFB,"SEKULIC, BLAGOTA",2FGM,Two Pointer,2,-84,110,D,,,,20,01:00,33,21,
2007,RS,4,47,301,PAR,PBGJ,"VRANES, SLAVKO",2FGA,Missed Two Pointer,0,28,189,C,,,,20,01:00,33,21,
2007,RS,4,47,322,PAR,PJNN,"VELICKOVIC, NOVICA",2FGA,Missed Two Pointer,0,-307,130,E,,,,21,10:00,33,21,
2007,RS,4,47,324,MAD,PAJO,"BULLOCK, LOUIS",3FGA,Missed Three Pointer,0,-584,397,F,,,,21,10:00,33,21,
2007,RS,4,47,327,PAR,PJNN,"VELICKOVIC, NOVICA",2FGM,Two Pointer,2,2,2,D,,,,21,10:00,33,23,
2007,RS,4,47,331,MAD,PBFJ,"MUMBRU, ALEX",2FGM,Two Pointer,2,-210,53,D,,,,22,09:00,35,23,
2007,RS,4,47,332,PAR,PBFB,"TRIPKOVIC, UROS",3FGA,Missed Three Pointer,0,-646,225,F,,,,22,09:00,35,23,
2007,RS,4,47,335,MAD,PAIT,"LOPEZ, RAUL",3FGM,Three Pointer,3,510,517,G,,,,22,09:00,38,23,
2007,RS,4,47,338,PAR,PBFE,"KECMAN, DUSAN",3FGM,Three Pointer,3,-579,410,F,,,,23,08:00,38,26,
2007,RS,4,47,339,MAD,PAPP,"PAPADOPOULOS, LAZAROS",2FGA,Missed Two Pointer,0,53,156,C,,,,23,08:00,38,26,
2007,RS,4,47,345,PAR,PKNN,"PEKOVIC, NIKOLA",2FGAB,Missed Two Pointer,0,48,74,C,,,,23,08:00,38,26,
2007,RS,4,47,353,MAD,PAIT,"LOPEZ, RAUL",FTM,Free Throw In,1,-1,-1, ,,,,24,07:00,39,26,
2007,RS,4,47,354,MAD,PAIT,"LOPEZ, RAUL",FTM,Free Throw In,1,-1,-1, ,,,,24,07:00,40,26,
2007,RS,4,47,355,PAR,PKNN,"PEKOVIC, NIKOLA",FTM,Free Throw In,1,-1,-1, ,,,,24,07:00,40,27,
2007,RS,4,47,356,PAR,PTGU,"PALACIO, MILT",2FGM,Two Pointer,2,-7,76,D,,,,24,07:00,40,29,
2007,RS,4,47,361,PAR,PTGU,"PALACIO, MILT",FTM,Free Throw In,1,-1,-1, ,,,,24,07:00,40,30,
2007,RS,4,47,366,MAD,PAJO,"BULLOCK, LOUIS",3FGM,Three Pointer,3,-371,620,J,,,,24,07:00,43,30,
2007,RS,4,47,369,MAD,PBFJ,"MUMBRU, ALEX",2FGM,Two Pointer,2,-35,94,D,,,,24,07:00,45,30,
2007,RS,4,47,371,PAR,PTGU,"PALACIO, MILT",3FGA,Missed Three Pointer,0,356,643,G,,,,25,06:00,45,30,
2007,RS,4,47,373,MAD,PAJO,"BULLOCK, LOUIS",3FGM,Three Pointer,3,-17,694,J,,,,25,06:00,48,30,
2007,RS,4,47,378,PAR,PJNN,"VELICKOVIC, NOVICA",2FGM,Two Pointer,2,79,153,C,,,,25,06:00,48,32,
2007,RS,4,47,380,MAD,PAJO,"BULLOCK, LOUIS",2FGA,Missed Two Pointer,0,-23,241,D,,,,26,05:00,48,32,
2007,RS,4,47,387,MAD,PCRF,"HERVELLE, AXEL",2FGAB,Missed Two Pointer,0,-74,87,D,,,,26,05:00,48,32,
2007,RS,4,47,391,PAR,PJNN,"VELICKOVIC, NOVICA",2FGM,Two Pointer,2,-5,0,D,,,,26,05:00,48,34,
2007,RS,4,47,392,MAD,PCRF,"HERVELLE, AXEL",2FGA,Missed Two Pointer,0,182,307,C,,,,26,05:00,48,34,
2007,RS,4,47,396,PAR,PBFE,"KECMAN, DUSAN",FTM,Free Throw In,1,-1,-1, ,,,,26,05:00,48,35,
2007,RS,4,47,397,PAR,PBFE,"KECMAN, DUSAN",FTM,Free Throw In,1,-1,-1, ,,,,26,05:00,48,36,
2007,RS,4,47,402,MAD,PAIT,"LOPEZ, RAUL",2FGM,Two Pointer,2,-43,76,D,,,,26,05:00,50,36,
2007,RS,4,47,406,MAD,PAAX,"REYES, FELIPE",2FGA,Missed Two Pointer,0,-71,71,D,,,,27,04:00,50,36,
2007,RS,4,47,410,MAD,PAAX,"REYES, FELIPE",FTM,Free Throw In,1,-1,-1, ,,,,27,04:00,51,36,
2007,RS,4,47,411,MAD,PAAX,"REYES, FELIPE",FTM,Free Throw In,1,-1,-1, ,,,,27,04:00,52,36,
2007,RS,4,47,414,MAD,PCTN,"SMITH, CHARLES",2FGA,Missed Two Pointer,0,-130,148,D,,,,27,04:00,52,36,
2007,RS,4,47,418,PAR,PLGH,"TEPIC, MILENKO",2FGA,Missed Two Pointer,0,-541,115,E,,,,27,04:00,52,36,
2007,RS,4,47,422,MAD,PAPP,"PAPADOPOULOS, LAZAROS",2FGA,Missed Two Pointer,0,-51,71,D,,,,28,03:00,52,36,
2007,RS,4,47,424,MAD,PAAX,"REYES, FELIPE",2FGA,Missed Two Pointer,0,-74,92,D,,,,28,03:00,52,36,
2007,RS,4,47,426,PAR,PJNN,"VELICKOVIC, NOVICA",3FGM,Three Pointer,3,-430,530,J,,,,28,03:00,52,39,
2007,RS,4,47,429,MAD,PAJO,"BULLOCK, LOUIS",3FGM,Three Pointer,3,-471,528,J,,,,28,03:00,55,39,
2007,RS,4,47,438,PAR,PTGU,"PALACIO, MILT",FTM,Free Throw In,1,-1,-1, ,,,,28,03:00,55,40,
2007,RS,4,47,439,PAR,PLGH,"TEPIC, MILENKO",2FGM,Two Pointer,2,-10,117,D,,,,28,03:00,55,42,
2007,RS,4,47,446,MAD,PJUH,"HAMILTON, VENSON",FTM,Free Throw In,1,-1,-1, ,,,,29,02:00,56,42,
2007,RS,4,47,447,MAD,PJUH,"HAMILTON, VENSON",FTM,Free Throw In,1,-1,-1, ,,,,29,02:00,57,42,
2007,RS,4,47,465,MAD,PCTN,"SMITH, CHARLES",FTM,Free Throw In,1,-1,-1, ,,,,30,01:00,58,42,
2007,RS,4,47,466,MAD,PCTN,"SMITH, CHARLES",FTM,Free Throw In,1,-1,-1, ,,,,30,01:00,59,42,
2007,RS,4,47,471,PAR,PBFB,"TRIPKOVIC, UROS",2FGA,Missed Two Pointer,0,-453,200,E,,,,30,01:00,59,42,
2007,RS,4,47,474,PAR,PTGU,"PALACIO, MILT",2FGA,Missed Two Pointer,0,-38,523,I,,,,30,01:00,59,42,
2007,RS,4,47,481,MAD,PCTN,"SMITH, CHARLES",2FGA,Missed Two Pointer,0,-110,89,D,,,,31,10:00,59,42,
2007,RS,4,47,484,PAR,PBXO,"VITKOVAC, CEDOMIR",3FGA,Missed Three Pointer,0,246,676,G,,,,31,10:00,59,42,
2007,RS,4,47,502,MAD,PAAX,"REYES, FELIPE",FTM,Free Throw In,1,-1,-1, ,,,,32,09:00,60,42,
2007,RS,4,47,503,PAR,PBFE,"KECMAN, DUSAN",3FGA,Missed Three Pointer,0,112,682,G,,,,32,09:00,60,42,
2007,RS,4,47,507,MAD,PACK,"PELEKANOS, MICHALIS",3FGA,Missed Three Pointer,0,-212,712,J,,,,32,09:00,60,42,
2007,RS,4,47,512,PAR,PLGH,"TEPIC, MILENKO",2FGA,Missed Two Pointer,0,48,228,C,,,,33,08:00,60,42,
2007,RS,4,47,515,MAD,PAAX,"REYES, FELIPE",2FGM,Two Pointer,2,-64,79,D,,,,34,07:00,62,42,
2007,RS,4,47,516,PAR,PJNN,"VELICKOVIC, NOVICA",3FGA,Missed Three Pointer,0,-453,558,J,,,,34,07:00,62,42,
2007,RS,4,47,518,PAR,PTGU,"PALACIO, MILT",2FGM,Two Pointer,2,48,66,C,,,,34,07:00,62,44,
2007,RS,4,47,519,MAD,PAAX,"REYES, FELIPE",2FGA,Missed Two Pointer,0,7,376,C,,,,34,07:00,62,44,
2007,RS,4,47,531,MAD,PACK,"PELEKANOS, MICHALIS",3FGA,Missed Three Pointer,0,-394,569,J,,,,34,07:00,62,44,
2007,RS,4,47,533,PAR,PTGU,"PALACIO, MILT",2FGM,Two Pointer,2,46,82,C,,,,34,07:00,62,46,
2007,RS,4,47,537,PAR,PTGU,"PALACIO, MILT",FTM,Free Throw In,1,-1,-1, ,,,,34,07:00,62,47,
2007,RS,4,47,545,MAD,PACK,"PELEKANOS, MICHALIS",3FGA,Missed Three Pointer,0,-305,643,J,,,,34,07:00,62,47,
2007,RS,4,47,557,MAD,PAFB,"SEKULIC, BLAGOTA",FTM,Free Throw In,1,-1,-1, ,,,,34,07:00,63,47,
2007,RS,4,47,561,PAR,PTGU,"PALACIO, MILT",3FGA,Missed Three Pointer,0,358,623,G,,,,36,05:00,63,47,
2007,RS,4,47,563,MAD,PARR,"TUNCERI, KEREM",2FGA,Missed Two Pointer,0,323,400,B,,,,36,05:00,63,47,
2007,RS,4,47,566,PAR,PTGU,"PALACIO, MILT",2FGM,Two Pointer,2,66,48,C,,,,36,05:00,63,49,
2007,RS,4,47,569,MAD,PBFJ,"MUMBRU, ALEX",2FGA,Missed Two Pointer,0,-87,141,D,,,,36,05:00,63,49,
2007,RS,4,47,574,PAR,PJNN,"VELICKOVIC, NOVICA",2FGA,Missed Two Pointer,0,-341,358,E,,,,37,04:00,63,49,
2007,RS,4,47,582,MAD,PAPP,"PAPADOPOULOS, LAZAROS",FTM,Free Throw In,1,-1,-1, ,,,,37,04:00,64,49,
2007,RS,4,47,583,MAD,PAPP,"PAPADOPOULOS, LAZAROS",FTM,Free Throw In,1,-1,-1, ,,,,37,04:00,65,49,
2007,RS,4,47,585,PAR,PBFE,"KECMAN, DUSAN",3FGM,Three Pointer,3,-664,130,F,,,,37,04:00,65,52,
2007,RS,4,47,592,PAR,PLGH,"TEPIC, MILENKO",3FGA,Missed Three Pointer,0,392,638,G,,,,38,03:00,65,52,
2007,RS,4,47,594,MAD,PARR,"TUNCERI, KEREM",3FGA,Missed Three Pointer,0,-689,66,F,,,,38,03:00,65,52,
2007,RS,4,47,596,MAD,PBFJ,"MUMBRU, ALEX",2FGA,Missed Two Pointer,0,-38,87,D,,,,38,03:00,65,52,
2007,RS,4,47,598,PAR,PTGU,"PALACIO, MILT",2FGA,Missed Two Pointer,0,66,71,C,,,,38,03:00,65,52,
2007,RS,4,47,600,PAR,PBFE,"KECMAN, DUSAN",2FGM,Two Pointer,2,58,79,C,,,,38,03:00,65,54,
2007,RS,4,47,607,MAD,PAPP,"PAPADOPOULOS, LAZAROS",FTM,Free Throw In,1,-1,-1, ,,,,39,02:00,66,54,
2007,RS,4,47,610,MAD,PAFB,"SEKULIC, BLAGOTA",2FGA,Missed Two Pointer,0,-51,100,D,,,,39,02:00,66,54,
2007,RS,4,47,613,PAR,PTGU,"PALACIO, MILT",2FGM,Two Pointer,2,58,100,C,,,,39,02:00,66,56,
2007,RS,4,47,616,PAR,PTGU,"PALACIO, MILT",2FGM,Two Pointer,2,25,94,C,,,,39,02:00,66,58,
2007,RS,4,47,620,PAR,PKNN,"PEKOVIC, NIKOLA",2FGM,Two Pointer,2,15,82,C,,,,39,02:00,66,60,
2007,RS,4,47,627,PAR,PKNN,"PEKOVIC, NIKOLA",FTM,Free Throw In,1,-1,-1, ,,,,39,02:00,66,61,
2007,RS,4,47,629,MAD,PAJO,"BULLOCK, LOUIS",3FGM,Three Pointer,3,-156,671,J,,,,40,01:00,69,61,
2007,RS,4,47,635,MAD,PAJO,"BULLOCK, LOUIS",FTM,Free Throw In,1,-1,-1, ,,,,40,01:00,70,61,
2007,RS,4,47,648,MAD,PAIT,"LOPEZ, RAUL",FTM,Free Throw In,1,-1,-1, ,,,,40,01:00,71,61,
2007,RS,4,47,649,MAD,PAIT,"LOPEZ, RAUL",FTM,Free Throw In,1,-1,-1, ,,,,40,01:00,72,61,
2007,RS,4,47,652,PAR,PTHY,"MILOSEVIC, STRAHINJA",3FGA,Missed Three Pointer,0,335,651,G,,,,40,01:00,72,61,
2007,RS,4,47,655,PAR,PTGU,"PALACIO, MILT",3FGM,Three Pointer,3,-458,505,J,,,,40,01:00,72,64,
2007,RS,4,47,660,MAD,PAIT,"LOPEZ, RAUL",FTM,Free Throw In,1,-1,-1, ,,,,40,01:00,73,64,
2007,RS,4,47,661,PAR,PTGU,"PALACIO, MILT",2FGAB,Missed Two Pointer,0,15,128,C,,,,40,01:00,73,64,
2007,RS,4,47,668,MAD,PBFJ,"MUMBRU, ALEX",FTM,Free Throw In,1,-1,-1, ,,,,40,01:00,74,64,
2007,RS,4,47,669,MAD,PBFJ,"MUMBRU, ALEX",FTM,Free Throw In,1,-1,-1, ,,,,40,01:00,75,64,
2007,RS,4,48,4,ROM,PBWL,"LORBEK, ERAZEM",2FGA,Missed Two Pointer,0,441,282,B,,,,1,10:00,0,0,
2007,RS,4,48,6,ROM,PJKN,"GABINI, ROBERTO",2FGA,Missed Two Pointer,0,56,30,C,,,,1,10:00,0,0,
2007,RS,4,48,10,ROM,PCJA,"UKIC, ROKO-LENI",2FGA,Missed Two Pointer,0,253,225,B,,,,1,10:00,0,0,
2007,RS,4,48,13,ROM,PCJA,"UKIC, ROKO-LENI",2FGM,Two Pointer,2,43,151,C,,,,2,09:00,2,0,
2007,RS,4,48,21,BAM,PJJZ,"SUPUT, PREDRAG",2FGM,Two Pointer,2,53,48,C,,,,3,08:00,2,2,
2007,RS,4,48,24,ROM,PBWL,"LORBEK, ERAZEM",FTM,Free Throw In,1,-1,-1, ,,,,3,08:00,3,2,
2007,RS,4,48,27,BAM,PJSR,"ENSMINGER, CHRIS",2FGA,Missed Two Pointer,0,20,74,C,,,,3,08:00,3,2,
2007,RS,4,48,29,ROM,PBWL,"LORBEK, ERAZEM",3FGM,Three Pointer,3,-323,602,J,,,,3,08:00,6,2,
2007,RS,4,48,35,BAM,PJSR,"ENSMINGER, CHRIS",FTM,Free Throw In,1,-1,-1, ,,,,4,07:00,6,3,
2007,RS,4,48,36,BAM,PJSR,"ENSMINGER, CHRIS",FTM,Free Throw In,1,-1,-1, ,,,,4,07:00,6,4,
2007,RS,4,48,39,ROM,PJKN,"GABINI, ROBERTO",3FGM,Three Pointer,3,15,694,G,,,,4,07:00,9,4,
2007,RS,4,48,41,BAM,PKOO,"GREENE, DEMOND",3FGA,Missed Three Pointer,0,56,666,G,,,,4,07:00,9,4,
2007,RS,4,48,46,BAM,PASB,"OKULAJA, ADEMOLA",3FGM,Three Pointer,3,-246,620,J,,,,5,06:00,9,7,
2007,RS,4,48,48,ROM,PCJA,"UKIC, ROKO-LENI",2FGM,Two Pointer,2,164,258,C,,,,5,06:00,11,7,
2007,RS,4,48,49,BAM,PASB,"OKULAJA, ADEMOLA",3FGA,Missed Three Pointer,0,674,-43,A,,,,5,06:00,11,7,
2007,RS,4,48,51,ROM,PCJA,"UKIC, ROKO-LENI",2FGA,Missed Two Pointer,0,41,105,C,,,,5,06:00,11,7,
2007,RS,4,48,53,ROM,PCJA,"UKIC, ROKO-LENI",2FGA,Missed Two Pointer,0,61,48,C,,,,5,06:00,11,7,
2007,RS,4,48,55,BAM,PLPI,"FENN, DARREN",3FGA,Missed Three Pointer,0,-28,676,J,,,,5,06:00,11,7,
2007,RS,4,48,58,ROM,PBWL,"LORBEK, ERAZEM",3FGA,Missed Three Pointer,0,-417,535,J,,,,6,05:00,11,7,
2007,RS,4,48,63,ROM,PBWL,"LORBEK, ERAZEM",2FGM,Two Pointer,2,376,7,B,,,,6,05:00,13,7,
2007,RS,4,48,64,BAM,PJJZ,"SUPUT, PREDRAG",2FGA,Missed Two Pointer,0,-179,215,D,,,,6,05:00,13,7,
2007,RS,4,48,75,BAM,PASB,"OKULAJA, ADEMOLA",2FGA,Missed Two Pointer,0,-97,79,D,,,,7,04:00,13,7,
2007,RS,4,48,77,ROM,PLUK,"STEFANSSON, JON",3FGA,Missed Three Pointer,0,-666,97,F,,,,7,04:00,13,7,
2007,RS,4,48,79,ROM,PLUK,"STEFANSSON, JON",3FGA,Missed Three Pointer,0,310,605,G,,,,7,04:00,13,7,
2007,RS,4,48,82,ROM,PJKN,"GABINI, ROBERTO",3FGM,Three Pointer,3,217,630,G,,,,8,03:00,16,7,
2007,RS,4,48,84,ROM,PTFR,"RAY, ALLAN",3FGA,Missed Three Pointer,0,546,425,A,,,,8,03:00,16,7,
2007,RS,4,48,86,BAM,PKOO,"GREENE, DEMOND",2FGA,Missed Two Pointer,0,328,58,B,,,,8,03:00,16,7,
2007,RS,4,48,91,BAM,PBOF,"GARRETT, ROBERT",3FGA,Missed Three Pointer,0,-671,-28,F,,,,8,03:00,16,7,
2007,RS,4,48,95,ROM,PBWL,"LORBEK, ERAZEM",2FGA,Missed Two Pointer,0,61,12,C,,,,8,03:00,16,7,
2007,RS,4,48,104,ROM,PJKN,"GABINI, ROBERTO",3FGA,Missed Three Pointer,0,251,630,G,,,,9,02:00,16,7,
2007,RS,4,48,106,ROM,PTFR,"RAY, ALLAN",2FGAB,Missed Two Pointer,0,69,56,C,,,,9,02:00,16,7,
2007,RS,4,48,111,BAM,PKOO,"GREENE, DEMOND",3FGM,Three Pointer,3,679,-51,A,,,,10,01:00,16,10,
2007,RS,4,48,113,ROM,PADP,"FUCKA, GREGOR",2FGM,Two Pointer,2,48,17,C,,,,10,01:00,18,10,
2007,RS,4,48,119,ROM,PADP,"FUCKA, GREGOR",FTM,Free Throw In,1,-1,-1, ,,,,10,01:00,19,10,
2007,RS,4,48,120,BAM,PLKE,"DICKEL, MARK",3FGA,Missed Three Pointer,0,158,648,G,,,,10,01:00,19,10,
2007,RS,4,48,122,ROM,PKXO,"GIACHETTI, JACOPO",2FGA,Missed Two Pointer,0,120,125,C,,,,10,01:00,19,10,
2007,RS,4,48,130,ROM,PADP,"FUCKA, GREGOR",2FGA,Missed Two Pointer,0,28,38,C,,,,11,10:00,19,10,
2007,RS,4,48,132,ROM,PLUK,"STEFANSSON, JON",3FGM,Three Pointer,3,215,633,G,,,,11,10:00,22,10,
2007,RS,4,48,143,ROM,PLUK,"STEFANSSON, JON",2FGM,Two Pointer,2,133,130,C,,,,11,10:00,24,10,
2007,RS,4,48,145,BAM,PJSR,"ENSMINGER, CHRIS",2FGM,Two Pointer,2,46,12,C,,,,12,09:00,24,12,
2007,RS,4,48,146,ROM,PTFR,"RAY, ALLAN",3FGA,Missed Three Pointer,0,-292,612,J,,,,12,09:00,24,12,
2007,RS,4,48,148,BAM,PBOF,"GARRETT, ROBERT",3FGA,Missed Three Pointer,0,233,628,G,,,,12,09:00,24,12,
2007,RS,4,48,159,ROM,PADP,"FUCKA, GREGOR",2FGM,Two Pointer,2,2,41,D,,,,13,08:00,26,12,
2007,RS,4,48,165,BAM,PJJZ,"SUPUT, PREDRAG",3FGM,Three Pointer,3,-661,25,F,,,,13,08:00,26,15,
2007,RS,4,48,171,ROM,PTFR,"RAY, ALLAN",FTM,Free Throw In,1,-1,-1, ,,,,14,07:00,27,15,
2007,RS,4,48,172,BAM,PJJZ,"SUPUT, PREDRAG",3FGA,Missed Three Pointer,0,-669,-12,F,,,,14,07:00,27,15,
2007,RS,4,48,174,ROM,PADP,"FUCKA, GREGOR",2FGM,Two Pointer,2,-323,333,E,,,,14,07:00,29,15,
2007,RS,4,48,177,BAM,PBOF,"GARRETT, ROBERT",3FGA,Missed Three Pointer,0,669,-20,A,,,,15,06:00,29,15,
2007,RS,4,48,179,BAM,PASB,"OKULAJA, ADEMOLA",2FGM,Two Pointer,2,71,69,C,,,,15,06:00,29,17,
2007,RS,4,48,180,ROM,PCJA,"UKIC, ROKO-LENI",3FGA,Missed Three Pointer,0,371,556,G,,,,15,06:00,29,17,
2007,RS,4,48,195,BAM,PKOO,"GREENE, DEMOND",3FGA,Missed Three Pointer,0,-674,-20,F,,,,16,05:00,29,17,
2007,RS,4,48,197,ROM,PCJA,"UKIC, ROKO-LENI",2FGAB,Missed Two Pointer,0,38,51,C,,,,16,05:00,29,17,
2007,RS,4,48,201,ROM,PKZA,"HAWKINS, DAVID",3FGA,Missed Three Pointer,0,607,684,G,,,,16,05:00,29,17,
2007,RS,4,48,203,BAM,PJJZ,"SUPUT, PREDRAG",3FGM,Three Pointer,3,338,584,G,,,,16,05:00,29,20,
2007,RS,4,48,205,ROM,PCJA,"UKIC, ROKO-LENI",3FGM,Three Pointer,3,-289,610,J,,,,17,04:00,32,20,
2007,RS,4,48,206,BAM,PKOO,"GREENE, DEMOND",3FGA,Missed Three Pointer,0,666,-35,A,,,,17,04:00,32,20,
2007,RS,4,48,208,ROM,PLUK,"STEFANSSON, JON",3FGM,Three Pointer,3,-379,574,J,,,,17,04:00,35,20,
2007,RS,4,48,218,BAM,PJSR,"ENSMINGER, CHRIS",FTM,Free Throw In,1,-1,-1, ,,,,18,03:00,35,21,
2007,RS,4,48,229,ROM,PKZA,"HAWKINS, DAVID",2FGA,Missed Two Pointer,0,-66,15,D,,,,18,03:00,35,21,
2007,RS,4,48,231,BAM,PLPK,"OHLBRECHT, TIM",2FGA,Missed Two Pointer,0,-41,41,D,,,,18,03:00,35,21,
2007,RS,4,48,234,ROM,PKXO,"GIACHETTI, JACOPO",3FGM,Three Pointer,3,-523,448,J,,,,19,02:00,38,21,
2007,RS,4,48,236,BAM,PJSS,"HAMANN, STEFFEN",2FGM,Two Pointer,2,23,53,C,,,,19,02:00,38,23,
2007,RS,4,48,237,ROM,PLUK,"STEFANSSON, JON",3FGA,Missed Three Pointer,0,551,397,A,,,,19,02:00,38,23,
2007,RS,4,48,244,ROM,PKZA,"HAWKINS, DAVID",FTM,Free Throw In,1,-1,-1, ,,,,20,01:00,39,23,
2007,RS,4,48,245,ROM,PKZA,"HAWKINS, DAVID",FTM,Free Throw In,1,-1,-1, ,,,,20,01:00,40,23,
2007,RS,4,48,250,BAM,PBOF,"GARRETT, ROBERT",FTM,Free Throw In,1,-1,-1, ,,,,20,01:00,40,24,
2007,RS,4,48,251,BAM,PBOF,"GARRETT, ROBERT",FTM,Free Throw In,1,-1,-1, ,,,,20,01:00,40,25,
2007,RS,4,48,252,ROM,PLUK,"STEFANSSON, JON",3FGA,Missed Three Pointer,0,246,625,G,,,,20,01:00,40,25,
2007,RS,4,48,256,ROM,PADP,"FUCKA, GREGOR",FTM,Free Throw In,1,-1,-1, ,,,,20,01:00,41,25,
2007,RS,4,48,259,ROM,PTFR,"RAY, ALLAN",2FGA,Missed Two Pointer,0,302,153,B,,,,20,01:00,41,25,
2007,RS,4,48,274,BAM,PASB,"OKULAJA, ADEMOLA",2FGM,Two Pointer,2,17,79,C,,,,21,10:00,41,27,
2007,RS,4,48,279,BAM,PASB,"OKULAJA, ADEMOLA",FTM,Free Throw In,1,-1,-1, ,,,,21,10:00,41,28,
2007,RS,4,48,282,ROM,PBWL,"LORBEK, ERAZEM",2FGM,Two Pointer,2,0,0,D,,,,21,10:00,43,28,
2007,RS,4,48,294,BAM,PJSS,"HAMANN, STEFFEN",2FGM,Two Pointer,2,46,58,C,,,,22,09:00,43,30,
2007,RS,4,48,295,ROM,PTFR,"RAY, ALLAN",2FGA,Missed Two Pointer,0,-92,61,D,,,,22,09:00,43,30,
2007,RS,4,48,297,ROM,PTFR,"RAY, ALLAN",2FGM,Two Pointer,2,-61,64,D,,,,22,09:00,45,30,
2007,RS,4,48,299,BAM,PASB,"OKULAJA, ADEMOLA",3FGA,Missed Three Pointer,0,138,658,G,,,,23,08:00,45,30,
2007,RS,4,48,301,ROM,PJKN,"GABINI, ROBERTO",2FGA,Missed Two Pointer,0,-97,179,D,,,,23,08:00,45,30,
2007,RS,4,48,303,BAM,PASB,"OKULAJA, ADEMOLA",2FGA,Missed Two Pointer,0,-164,41,D,,,,23,08:00,45,30,
2007,RS,4,48,305,BAM,PLPK,"OHLBRECHT, TIM",2FGM,Two Pointer,2,-97,33,D,,,,23,08:00,45,32,
2007,RS,4,48,309,BAM,PJSS,"HAMANN, STEFFEN",2FGM,Two Pointer,2,71,38,C,,,,24,07:00,45,34,
2007,RS,4,48,316,BAM,PJSS,"HAMANN, STEFFEN",FTM,Free Throw In,1,-1,-1, ,,,,24,07:00,45,35,
2007,RS,4,48,317,ROM,PTFR,"RAY, ALLAN",3FGM,Three Pointer,3,10,707,G,,,,24,07:00,48,35,
2007,RS,4,48,320,BAM,PKOO,"GREENE, DEMOND",3FGA,Missed Three Pointer,0,-438,533,J,,,,24,07:00,48,35,
2007,RS,4,48,325,ROM,PTFR,"RAY, ALLAN",3FGA,Missed Three Pointer,0,346,589,G,,,,25,06:00,48,35,
2007,RS,4,48,327,BAM,PASB,"OKULAJA, ADEMOLA",2FGAB,Missed Two Pointer,0,-102,76,D,,,,25,06:00,48,35,
2007,RS,4,48,333,ROM,PKZA,"HAWKINS, DAVID",FTM,Free Throw In,1,-1,-1, ,,,,25,06:00,49,35,
2007,RS,4,48,334,ROM,PKZA,"HAWKINS, DAVID",FTM,Free Throw In,1,-1,-1, ,,,,25,06:00,50,35,
2007,RS,4,48,335,BAM,PKOO,"GREENE, DEMOND",3FGM,Three Pointer,3,687,-61,A,,,,25,06:00,50,38,
2007,RS,4,48,339,BAM,PJSS,"HAMANN, STEFFEN",2FGA,Missed Two Pointer,0,92,120,C,,,,25,06:00,50,38,
2007,RS,4,48,348,ROM,PTFR,"RAY, ALLAN",FTM,Free Throw In,1,-1,-1, ,,,,26,05:00,51,38,
2007,RS,4,48,349,ROM,PTFR,"RAY, ALLAN",FTM,Free Throw In,1,-1,-1, ,,,,26,05:00,52,38,
2007,RS,4,48,353,BAM,PJJZ,"SUPUT, PREDRAG",FTM,Free Throw In,1,-1,-1, ,,,,26,05:00,52,39,
2007,RS,4,48,354,ROM,PTFR,"RAY, ALLAN",2FGA,Missed Two Pointer,0,56,51,C,,,,26,05:00,52,39,
2007,RS,4,48,356,ROM,PBWL,"LORBEK, ERAZEM",2FGM,Two Pointer,2,-61,35,D,,,,26,05:00,54,39,
2007,RS,4,48,357,BAM,PKOO,"GREENE, DEMOND",3FGM,Three Pointer,3,-676,-76,F,,,,26,05:00,54,42,
2007,RS,4,48,359,ROM,PCJA,"UKIC, ROKO-LENI",2FGM,Two Pointer,2,-2,187,D,,,,27,04:00,56,42,
2007,RS,4,48,360,BAM,PKOO,"GREENE, DEMOND",3FGM,Three Pointer,3,-364,551,J,,,,27,04:00,56,45,
2007,RS,4,48,362,ROM,PBWL,"LORBEK, ERAZEM",3FGA,Missed Three Pointer,0,356,576,G,,,,28,03:00,56,45,
2007,RS,4,48,364,BAM,PKOO,"GREENE, DEMOND",3FGA,Missed Three Pointer,0,-541,405,F,,,,28,03:00,56,45,
2007,RS,4,48,373,BAM,PJJZ,"SUPUT, PREDRAG",FTM,Free Throw In,1,-1,-1, ,,,,28,03:00,56,46,
2007,RS,4,48,376,ROM,PADP,"FUCKA, GREGOR",2FGM,Two Pointer,2,192,205,C,,,,28,03:00,58,46,
2007,RS,4,48,377,BAM,PLPI,"FENN, DARREN",2FGA,Missed Two Pointer,0,-194,94,D,,,,28,03:00,58,46,
2007,RS,4,48,382,ROM,PCCI,"TONOLLI, ALESSANDRO",3FGM,Three Pointer,3,-561,384,F,,,,29,02:00,61,46,
2007,RS,4,48,391,BAM,PLPK,"OHLBRECHT, TIM",FTM,Free Throw In,1,-1,-1, ,,,,29,02:00,61,47,
2007,RS,4,48,394,ROM,PCJA,"UKIC, ROKO-LENI",3FGM,Three Pointer,3,251,630,G,,,,29,02:00,64,47,
2007,RS,4,48,398,BAM,PJSS,"HAMANN, STEFFEN",FTM,Free Throw In,1,-1,-1, ,,,,30,01:00,64,48,
2007,RS,4,48,399,BAM,PJSS,"HAMANN, STEFFEN",FTM,Free Throw In,1,-1,-1, ,,,,30,01:00,64,49,
2007,RS,4,48,402,BAM,PBOF,"GARRETT, ROBERT",2FGA,Missed Two Pointer,0,-482,53,E,,,,30,01:00,64,49,
2007,RS,4,48,412,BAM,PJSS,"HAMANN, STEFFEN",3FGA,Missed Three Pointer,0,589,-61,B,,,,31,10:00,64,49,
2007,RS,4,48,419,BAM,PASB,"OKULAJA, ADEMOLA",3FGM,Three Pointer,3,-130,656,J,,,,31,10:00,64,52,
2007,RS,4,48,423,BAM,PLPI,"FENN, DARREN",2FGAB,Missed Two Pointer,0,-43,174,D,,,,32,09:00,64,52,
2007,RS,4,48,431,ROM,PLUK,"STEFANSSON, JON",FTM,Free Throw In,1,-1,-1, ,,,,32,09:00,65,52,
2007,RS,4,48,432,ROM,PLUK,"STEFANSSON, JON",FTM,Free Throw In,1,-1,-1, ,,,,32,09:00,66,52,
2007,RS,4,48,435,ROM,PKZA,"HAWKINS, DAVID",2FGM,Two Pointer,2,-5,348,D,,,,32,09:00,68,52,
2007,RS,4,48,436,BAM,PLPI,"FENN, DARREN",3FGA,Missed Three Pointer,0,417,538,G,,,,32,09:00,68,52,
2007,RS,4,48,438,ROM,PLUK,"STEFANSSON, JON",2FGA,Missed Two Pointer,0,143,46,C,,,,32,09:00,68,52,
2007,RS,4,48,441,ROM,PADP,"FUCKA, GREGOR",2FGA,Missed Two Pointer,0,-84,243,D,,,,33,08:00,68,52,
2007,RS,4,48,459,ROM,PKZA,"HAWKINS, DAVID",2FGA,Missed Two Pointer,0,97,48,C,,,,33,08:00,68,52,
2007,RS,4,48,464,BAM,PJSS,"HAMANN, STEFFEN",2FGA,Missed Two Pointer,0,7,156,C,,,,34,07:00,68,52,
2007,RS,4,48,466,ROM,PLUK,"STEFANSSON, JON",2FGA,Missed Two Pointer,0,10,553,H,,,,34,07:00,68,52,
2007,RS,4,48,473,BAM,PJJZ,"SUPUT, PREDRAG",FTM,Free Throw In,1,-1,-1, ,,,,35,06:00,68,53,
2007,RS,4,48,476,ROM,PBWL,"LORBEK, ERAZEM",2FGA,Missed Two Pointer,0,-523,166,E,,,,35,06:00,68,53,
2007,RS,4,48,486,ROM,PLUK,"STEFANSSON, JON",3FGM,Three Pointer,3,684,-66,A,,,,35,06:00,71,53,
2007,RS,4,48,494,BAM,PKOO,"GREENE, DEMOND",FTM,Free Throw In,1,-1,-1, ,,,,36,05:00,71,54,
2007,RS,4,48,495,BAM,PKOO,"GREENE, DEMOND",FTM,Free Throw In,1,-1,-1, ,,,,36,05:00,71,55,
2007,RS,4,48,501,ROM,PLUK,"STEFANSSON, JON",FTM,Free Throw In,1,-1,-1, ,,,,36,05:00,72,55,
2007,RS,4,48,502,BAM,PKOO,"GREENE, DEMOND",2FGM,Two Pointer,2,182,538,H,,,,36,05:00,72,57,
2007,RS,4,48,504,ROM,PLUK,"STEFANSSON, JON",2FGA,Missed Two Pointer,0,-7,189,D,,,,37,04:00,72,57,
2007,RS,4,48,506,BAM,PJSS,"HAMANN, STEFFEN",3FGA,Missed Three Pointer,0,-307,633,J,,,,37,04:00,72,57,
2007,RS,4,48,508,ROM,PJKN,"GABINI, ROBERTO",3FGA,Missed Three Pointer,0,-569,341,F,,,,37,04:00,72,57,
2007,RS,4,48,510,BAM,PJJZ,"SUPUT, PREDRAG",2FGA,Missed Two Pointer,0,-25,200,D,,,,37,04:00,72,57,
2007,RS,4,48,520,ROM,PCJA,"UKIC, ROKO-LENI",3FGM,Three Pointer,3,307,620,G,,,,38,03:00,75,57,
2007,RS,4,48,526,ROM,PTFR,"RAY, ALLAN",FTM,Free Throw In,1,-1,-1, ,,,,38,03:00,76,57,
2007,RS,4,48,527,ROM,PTFR,"RAY, ALLAN",FTM,Free Throw In,1,-1,-1, ,,,,38,03:00,77,57,
2007,RS,4,48,529,BAM,PJJZ,"SUPUT, PREDRAG",2FGA,Missed Two Pointer,0,210,261,C,,,,39,02:00,77,57,
2007,RS,4,48,531,ROM,PKZA,"HAWKINS, DAVID",2FGM,Two Pointer,2,38,17,C,,,,39,02:00,79,57,
2007,RS,4,48,541,ROM,PBWL,"LORBEK, ERAZEM",2FGM,Two Pointer,2,269,197,B,,,,39,02:00,81,57,
2007,RS,4,48,542,BAM,PLKE,"DICKEL, MARK",3FGA,Missed Three Pointer,0,664,61,A,,,,39,02:00,81,57,
2007,RS,4,48,544,BAM,PKOO,"GREENE, DEMOND",3FGA,Missed Three Pointer,0,-25,687,J,,,,39,02:00,81,57,
2007,RS,4,48,551,BAM,PKOO,"GREENE, DEMOND",3FGA,Missed Three Pointer,0,-361,574,J,,,,40,01:00,81,57,
2007,RS,4,48,553,ROM,PCJA,"UKIC, ROKO-LENI",2FGA,Missed Two Pointer,0,194,361,B,,,,40,01:00,81,57,
2007,RS,5,49,2,SOP,PABC,"GUROVIC, MILAN",3FGA,Missed Three Pointer,0,341,597,G,,,,1,10:00,0,0,
2007,RS,5,49,5,OLY,P000126,"JACKSON, MARC",2FGM,Two Pointer,2,-300,230,E,,,,1,10:00,2,0,
2007,RS,5,49,6,SOP,PASG,"VAN DEN SPIEGEL, TOMAS",2FGA,Missed Two Pointer,0,41,97,C,,,,1,10:00,2,0,
2007,RS,5,49,8,SOP,PASG,"VAN DEN SPIEGEL, TOMAS",2FGA,Missed Two Pointer,0,23,112,C,,,,1,10:00,2,0,
2007,RS,5,49,10,OLY,PAMM,"PRINTEZIS, GEORGIOS",3FGA,Missed Three Pointer,0,-587,402,F,,,,1,10:00,2,0,
2007,RS,5,49,15,SOP,PABC,"GUROVIC, MILAN",2FGA,Missed Two Pointer,0,-292,307,E,,,,2,09:00,2,0,
2007,RS,5,49,20,OLY,PTFV,"WOODS, QYNTEL",3FGM,Three Pointer,3,-528,438,J,,,,2,09:00,5,0,
2007,RS,5,49,23,SOP,PTGA,"WAGNER, DAJUAN",FTM,Free Throw In,1,-1,-1, ,,,,2,09:00,5,1,
2007,RS,5,49,27,OLY,PCBV,"MACIJAUSKAS, ARVYDAS",3FGA,Missed Three Pointer,0,-397,543,J,,,,3,08:00,5,1,
2007,RS,5,49,30,SOP,PABC,"GUROVIC, MILAN",2FGAB,Missed Two Pointer,0,-194,264,D,,,,3,08:00,5,1,
2007,RS,5,49,32,OLY,PCBV,"MACIJAUSKAS, ARVYDAS",2FGM,Two Pointer,2,-51,48,D,,,,3,08:00,7,1,
2007,RS,5,49,34,SOP,PTGA,"WAGNER, DAJUAN",3FGM,Three Pointer,3,-41,710,J,,,,3,08:00,7,4,
2007,RS,5,49,36,OLY,PTFV,"WOODS, QYNTEL",3FGA,Missed Three Pointer,0,458,530,G,,,,4,07:00,7,4,
2007,RS,5,49,42,SOP,PASG,"VAN DEN SPIEGEL, TOMAS",FTM,Free Throw In,1,-1,-1, ,,,,4,07:00,7,5,
2007,RS,5,49,43,SOP,PASG,"VAN DEN SPIEGEL, TOMAS",FTM,Free Throw In,1,-1,-1, ,,,,4,07:00,7,6,
2007,RS,5,49,46,SOP,PTGA,"WAGNER, DAJUAN",2FGM,Two Pointer,2,7,102,C,,,,4,07:00,7,8,
2007,RS,5,49,47,OLY,PJRF,"VASILOPOULOS, PANAGIOTIS",2FGM,Two Pointer,2,-146,287,D,,,,4,07:00,9,8,
2007,RS,5,49,51,OLY,PCBV,"MACIJAUSKAS, ARVYDAS",3FGM,Three Pointer,3,651,143,A,,,,5,06:00,12,8,
2007,RS,5,49,55,OLY,PJRF,"VASILOPOULOS, PANAGIOTIS",2FGM,Two Pointer,2,30,53,C,,,,5,06:00,14,8,
2007,RS,5,49,57,SOP,PBCM,"HARISSIS, CHRISTOS",3FGA,Missed Three Pointer,0,476,541,G,,,,6,05:00,14,8,
2007,RS,5,49,61,OLY,PBFY,"BLAKNEY, RODERICK",2FGA,Missed Two Pointer,0,7,69,C,,,,6,05:00,14,8,
2007,RS,5,49,63,OLY,PJRF,"VASILOPOULOS, PANAGIOTIS",2FGA,Missed Two Pointer,0,51,79,C,,,,6,05:00,14,8,
2007,RS,5,49,65,SOP,PTGA,"WAGNER, DAJUAN",2FGA,Missed Two Pointer,0,279,348,B,,,,6,05:00,14,8,
2007,RS,5,49,72,OLY,PJRF,"VASILOPOULOS, PANAGIOTIS",FTM,Free Throw In,1,-1,-1, ,,,,7,04:00,15,8,
2007,RS,5,49,73,OLY,PJRF,"VASILOPOULOS, PANAGIOTIS",FTM,Free Throw In,1,-1,-1, ,,,,7,04:00,16,8,
2007,RS,5,49,77,OLY,PJRF,"VASILOPOULOS, PANAGIOTIS",3FGA,Missed Three Pointer,0,628,379,A,,,,7,04:00,16,8,
2007,RS,5,49,82,SOP,PACX,"MASIULIS, TOMAS",2FGM,Two Pointer,2,10,58,C,,,,7,04:00,16,10,
2007,RS,5,49,84,OLY,PBFY,"BLAKNEY, RODERICK",2FGM,Two Pointer,2,-5,41,D,,,,8,03:00,18,10,
2007,RS,5,49,85,SOP,PTGA,"WAGNER, DAJUAN",2FGM,Two Pointer,2,-5,448,I,,,,8,03:00,18,12,
2007,RS,5,49,86,OLY,PTFV,"WOODS, QYNTEL",3FGM,Three Pointer,3,15,687,G,,,,8,03:00,21,12,
2007,RS,5,49,88,SOP,PACX,"MASIULIS, TOMAS",2FGM,Two Pointer,2,-384,374,E,,,,8,03:00,21,14,
2007,RS,5,49,90,OLY,PTFV,"WOODS, QYNTEL",2FGA,Missed Two Pointer,0,-112,28,D,,,,8,03:00,21,14,
2007,RS,5,49,92,OLY,P000126,"JACKSON, MARC",2FGM,Two Pointer,2,-15,30,D,,,,8,03:00,23,14,
2007,RS,5,49,98,OLY,P000126,"JACKSON, MARC",FTM,Free Throw In,1,-1,-1, ,,,,9,02:00,24,14,
2007,RS,5,49,103,OLY,PCBV,"MACIJAUSKAS, ARVYDAS",3FGM,Three Pointer,3,164,666,G,,,,10,01:00,27,14,
2007,RS,5,49,105,SOP,PTGA,"WAGNER, DAJUAN",2FGA,Missed Two Pointer,0,41,461,H,,,,10,01:00,27,14,
2007,RS,5,49,107,OLY,PBFY,"BLAKNEY, RODERICK",2FGA,Missed Two Pointer,0,38,20,C,,,,10,01:00,27,14,
2007,RS,5,49,109,OLY,P000126,"JACKSON, MARC",2FGA,Missed Two Pointer,0,23,30,C,,,,10,01:00,27,14,
2007,RS,5,49,111,OLY,PTFV,"WOODS, QYNTEL",2FGA,Missed Two Pointer,0,38,41,C,,,,10,01:00,27,14,
2007,RS,5,49,113,OLY,PTFV,"WOODS, QYNTEL",2FGM,Two Pointer,2,17,2,C,,,,10,01:00,29,14,
2007,RS,5,49,119,OLY,PCBV,"MACIJAUSKAS, ARVYDAS",FTM,Free Throw In,1,-1,-1, ,,,,10,01:00,30,14,
2007,RS,5,49,120,OLY,PCBV,"MACIJAUSKAS, ARVYDAS",FTM,Free Throw In,1,-1,-1, ,,,,10,01:00,31,14,
2007,RS,5,49,129,OLY,PCBV,"MACIJAUSKAS, ARVYDAS",2FGA,Missed Two Pointer,0,-51,25,D,,,,11,10:00,31,14,
2007,RS,5,49,136,SOP,PACY,"SLANINA, DONATAS",2FGA,Missed Two Pointer,0,274,502,H,,,,11,10:00,31,14,
2007,RS,5,49,138,OLY,PTFV,"WOODS, QYNTEL",2FGM,Two Pointer,2,74,82,C,,,,11,10:00,33,14,
2007,RS,5,49,139,SOP,PACX,"MASIULIS, TOMAS",3FGA,Missed Three Pointer,0,589,366,A,,,,11,10:00,33,14,
2007,RS,5,49,142,OLY,PJRF,"VASILOPOULOS, PANAGIOTIS",3FGA,Missed Three Pointer,0,230,602,G,,,,12,09:00,33,14,
2007,RS,5,49,148,SOP,P000668,"SHAKUR, MUSTAFA",2FGA,Missed Two Pointer,0,-241,510,I,,,,12,09:00,33,14,
2007,RS,5,49,151,OLY,P000126,"JACKSON, MARC",2FGA,Missed Two Pointer,0,-30,28,D,,,,13,08:00,33,14,
2007,RS,5,49,153,SOP,PTFZ,"ROSZYK, KRZYSZTOF",2FGM,Two Pointer,2,502,292,B,,,,13,08:00,33,16,
2007,RS,5,49,155,OLY,PBFY,"BLAKNEY, RODERICK",2FGM,Two Pointer,2,-48,10,D,,,,13,08:00,35,16,
2007,RS,5,49,156,SOP,P000668,"SHAKUR, MUSTAFA",2FGM,Two Pointer,2,-105,48,D,,,,13,08:00,35,18,
2007,RS,5,49,167,OLY,PCBV,"MACIJAUSKAS, ARVYDAS",2FGM,Two Pointer,2,138,174,C,,,,13,08:00,37,18,
2007,RS,5,49,168,SOP,P000668,"SHAKUR, MUSTAFA",FTM,Free Throw In,1,-1,-1, ,,,,13,08:00,37,19,
2007,RS,5,49,171,OLY,PTFV,"WOODS, QYNTEL",3FGM,Three Pointer,3,494,548,G,,,,13,08:00,40,19,
2007,RS,5,49,173,SOP,PCLQ,"DYLEWICZ, FILIP",2FGA,Missed Two Pointer,0,-48,66,D,,,,14,07:00,40,19,
2007,RS,5,49,175,OLY,PCBV,"MACIJAUSKAS, ARVYDAS",2FGM,Two Pointer,2,138,123,C,,,,14,07:00,42,19,
2007,RS,5,49,180,SOP,PTFZ,"ROSZYK, KRZYSZTOF",2FGA,Missed Two Pointer,0,28,43,C,,,,15,06:00,42,19,
2007,RS,5,49,186,OLY,P000126,"JACKSON, MARC",2FGM,Two Pointer,2,-15,41,D,,,,15,06:00,44,19,
2007,RS,5,49,187,SOP,PACY,"SLANINA, DONATAS",2FGA,Missed Two Pointer,0,30,551,H,,,,15,06:00,44,19,
2007,RS,5,49,189,OLY,PCBV,"MACIJAUSKAS, ARVYDAS",2FGM,Two Pointer,2,-48,38,D,,,,15,06:00,46,19,
2007,RS,5,49,193,SOP,PACY,"SLANINA, DONATAS",3FGA,Missed Three Pointer,0,-435,579,J,,,,16,05:00,46,19,
2007,RS,5,49,195,SOP,PASG,"VAN DEN SPIEGEL, TOMAS",2FGA,Missed Two Pointer,0,2,71,D,,,,16,05:00,46,19,
2007,RS,5,49,197,OLY,PTFV,"WOODS, QYNTEL",2FGA,Missed Two Pointer,0,107,130,C,,,,16,05:00,46,19,
2007,RS,5,49,199,SOP,PTGA,"WAGNER, DAJUAN",3FGM,Three Pointer,3,343,628,G,,,,16,05:00,46,22,
2007,RS,5,49,202,OLY,P000126,"JACKSON, MARC",2FGA,Missed Two Pointer,0,-156,94,D,,,,17,04:00,46,22,
2007,RS,5,49,211,SOP,P000668,"SHAKUR, MUSTAFA",2FGAB,Missed Two Pointer,0,-12,97,D,,,,17,04:00,46,22,
2007,RS,5,49,215,OLY,PAQU,"BOUROUSIS, IOANNIS",2FGM,Two Pointer,2,215,289,B,,,,17,04:00,48,22,
2007,RS,5,49,217,SOP,PTGA,"WAGNER, DAJUAN",2FGA,Missed Two Pointer,0,28,74,C,,,,18,03:00,48,22,
2007,RS,5,49,220,SOP,P000668,"SHAKUR, MUSTAFA",2FGM,Two Pointer,2,12,602,H,,,,18,03:00,48,24,
2007,RS,5,49,222,OLY,P000126,"JACKSON, MARC",2FGM,Two Pointer,2,364,312,B,,,,19,02:00,50,24,
2007,RS,5,49,229,OLY,PCBV,"MACIJAUSKAS, ARVYDAS",2FGM,Two Pointer,2,-120,79,D,,,,19,02:00,52,24,
2007,RS,5,49,231,SOP,P000668,"SHAKUR, MUSTAFA",2FGM,Two Pointer,2,276,410,B,,,,19,02:00,52,26,
2007,RS,5,49,232,OLY,PBFY,"BLAKNEY, RODERICK",3FGA,Missed Three Pointer,0,33,664,G,,,,19,02:00,52,26,
2007,RS,5,49,235,SOP,PAUL,"STANOJEVIC, JOVO",2FGA,Missed Two Pointer,0,-17,87,D,,,,20,01:00,52,26,
2007,RS,5,49,241,SOP,P000668,"SHAKUR, MUSTAFA",3FGA,Missed Three Pointer,0,-420,638,J,,,,20,01:00,52,26,
2007,RS,5,49,243,SOP,PASG,"VAN DEN SPIEGEL, TOMAS",2FGM,Two Pointer,2,-51,130,D,,,,20,01:00,52,28,
2007,RS,5,49,244,OLY,PJDR,"TEODOSIC, MILOS",3FGA,Missed Three Pointer,0,687,115,A,,,,20,01:00,52,28,
2007,RS,5,49,250,SOP,PAUL,"STANOJEVIC, JOVO",2FGM,Two Pointer,2,-30,51,D,,,,20,01:00,52,30,
2007,RS,5,49,266,SOP,PTGA,"WAGNER, DAJUAN",2FGM,Two Pointer,2,-233,215,E,,,,21,10:00,52,32,
2007,RS,5,49,267,OLY,PBFY,"BLAKNEY, RODERICK",3FGM,Three Pointer,3,-458,166,E,,,,21,10:00,55,32,
2007,RS,5,49,272,SOP,PASG,"VAN DEN SPIEGEL, TOMAS",FTM,Free Throw In,1,-1,-1, ,,,,21,10:00,55,33,
2007,RS,5,49,274,OLY,PTFV,"WOODS, QYNTEL",3FGM,Three Pointer,3,-25,679,J,,,,22,09:00,58,33,
2007,RS,5,49,275,SOP,PASG,"VAN DEN SPIEGEL, TOMAS",2FGM,Two Pointer,2,17,43,C,,,,22,09:00,58,35,
2007,RS,5,49,278,OLY,PTFV,"WOODS, QYNTEL",3FGM,Three Pointer,3,-79,674,J,,,,22,09:00,61,35,
2007,RS,5,49,288,OLY,PCBV,"MACIJAUSKAS, ARVYDAS",FTM,Free Throw In,1,-1,-1, ,,,,23,08:00,62,35,
2007,RS,5,49,289,OLY,PCBV,"MACIJAUSKAS, ARVYDAS",FTM,Free Throw In,1,-1,-1, ,,,,23,08:00,63,35,
2007,RS,5,49,293,OLY,PCBV,"MACIJAUSKAS, ARVYDAS",3FGA,Missed Three Pointer,0,-492,535,J,,,,23,08:00,63,35,
2007,RS,5,49,295,SOP,PASG,"VAN DEN SPIEGEL, TOMAS",2FGAB,Missed Two Pointer,0,53,176,C,,,,23,08:00,63,35,
2007,RS,5,49,303,OLY,PCBV,"MACIJAUSKAS, ARVYDAS",FTM,Free Throw In,1,-1,-1, ,,,,23,08:00,64,35,
2007,RS,5,49,304,OLY,PCBV,"MACIJAUSKAS, ARVYDAS",FTM,Free Throw In,1,-1,-1, ,,,,23,08:00,65,35,
2007,RS,5,49,305,SOP,P000668,"SHAKUR, MUSTAFA",2FGM,Two Pointer,2,179,51,C,,,,23,08:00,65,37,
2007,RS,5,49,310,SOP,PABC,"GUROVIC, MILAN",2FGA,Missed Two Pointer,0,-92,82,D,,,,24,07:00,65,37,
2007,RS,5,49,317,OLY,PAMM,"PRINTEZIS, GEORGIOS",2FGM,Two Pointer,2,-87,71,D,,,,24,07:00,67,37,
2007,RS,5,49,319,SOP,PTGA,"WAGNER, DAJUAN",2FGAB,Missed Two Pointer,0,0,97,D,,,,25,06:00,67,37,
2007,RS,5,49,322,SOP,PAUL,"STANOJEVIC, JOVO",2FGA,Missed Two Pointer,0,-71,41,D,,,,25,06:00,67,37,
2007,RS,5,49,324,SOP,PAUL,"STANOJEVIC, JOVO",2FGM,Two Pointer,2,-38,28,D,,,,25,06:00,67,39,
2007,RS,5,49,326,OLY,PAMM,"PRINTEZIS, GEORGIOS",3FGA,Missed Three Pointer,0,610,287,A,,,,25,06:00,67,39,
2007,RS,5,49,329,SOP,PACX,"MASIULIS, TOMAS",3FGA,Missed Three Pointer,0,361,623,G,,,,26,05:00,67,39,
2007,RS,5,49,332,OLY,PCBV,"MACIJAUSKAS, ARVYDAS",2FGM,Two Pointer,2,-97,107,D,,,,26,05:00,69,39,
2007,RS,5,49,338,OLY,PCBV,"MACIJAUSKAS, ARVYDAS",FTM,Free Throw In,1,-1,-1, ,,,,26,05:00,70,39,
2007,RS,5,49,342,OLY,PAQU,"BOUROUSIS, IOANNIS",2FGAB,Missed Two Pointer,0,-69,89,D,,,,26,05:00,70,39,
2007,RS,5,49,349,OLY,PTFV,"WOODS, QYNTEL",2FGM,Two Pointer,2,-117,161,D,,,,27,04:00,72,39,
2007,RS,5,49,352,OLY,PTFV,"WOODS, QYNTEL",FTM,Free Throw In,1,-1,-1, ,,,,27,04:00,73,39,
2007,RS,5,49,356,SOP,PABC,"GUROVIC, MILAN",2FGA,Missed Two Pointer,0,5,46,C,,,,27,04:00,73,39,
2007,RS,5,49,357,OLY,PALG,"VASILIADIS, KOSTAS",3FGM,Three Pointer,3,-679,110,F,,,,27,04:00,76,39,
2007,RS,5,49,364,OLY,PCBV,"MACIJAUSKAS, ARVYDAS",FTM,Free Throw In,1,-1,-1, ,,,,28,03:00,77,39,
2007,RS,5,49,365,OLY,PCBV,"MACIJAUSKAS, ARVYDAS",FTM,Free Throw In,1,-1,-1, ,,,,28,03:00,78,39,
2007,RS,5,49,366,SOP,PABC,"GUROVIC, MILAN",3FGA,Missed Three Pointer,0,656,171,A,,,,28,03:00,78,39,
2007,RS,5,49,381,SOP,PAUL,"STANOJEVIC, JOVO",2FGAB,Missed Two Pointer,0,71,94,C,,,,29,02:00,78,39,
2007,RS,5,49,386,OLY,PJDR,"TEODOSIC, MILOS",2FGM,Two Pointer,2,-53,76,D,,,,29,02:00,80,39,
2007,RS,5,49,388,SOP,PACY,"SLANINA, DONATAS",3FGM,Three Pointer,3,-648,302,F,,,,30,01:00,80,42,
2007,RS,5,49,390,OLY,PALG,"VASILIADIS, KOSTAS",3FGA,Missed Three Pointer,0,-435,589,J,,,,30,01:00,80,42,
2007,RS,5,49,394,SOP,PACY,"SLANINA, DONATAS",FTM,Free Throw In,1,-1,-1, ,,,,30,01:00,80,43,
2007,RS,5,49,395,SOP,PACY,"SLANINA, DONATAS",FTM,Free Throw In,1,-1,-1, ,,,,30,01:00,80,44,
2007,RS,5,49,396,OLY,PJRF,"VASILOPOULOS, PANAGIOTIS",3FGA,Missed Three Pointer,0,338,600,G,,,,30,01:00,80,44,
2007,RS,5,49,400,OLY,PJDR,"TEODOSIC, MILOS",3FGM,Three Pointer,3,-100,676,J,,,,30,01:00,83,44,
2007,RS,5,49,403,OLY,PALG,"VASILIADIS, KOSTAS",3FGM,Three Pointer,3,-358,615,J,,,,30,01:00,86,44,
2007,RS,5,49,406,SOP,PCLQ,"DYLEWICZ, FILIP",2FGA,Missed Two Pointer,0,-5,38,D,,,,31,10:00,86,44,
2007,RS,5,49,408,SOP,PCLQ,"DYLEWICZ, FILIP",2FGM,Two Pointer,2,20,38,C,,,,31,10:00,86,46,
2007,RS,5,49,409,OLY,PALG,"VASILIADIS, KOSTAS",3FGA,Missed Three Pointer,0,-438,602,J,,,,31,10:00,86,46,
2007,RS,5,49,413,OLY,PALG,"VASILIADIS, KOSTAS",2FGM,Two Pointer,2,-82,82,D,,,,31,10:00,88,46,
2007,RS,5,49,417,SOP,PAUL,"STANOJEVIC, JOVO",FTM,Free Throw In,1,-1,-1, ,,,,32,09:00,88,47,
2007,RS,5,49,421,OLY,PAQU,"BOUROUSIS, IOANNIS",3FGM,Three Pointer,3,-676,238,F,,,,32,09:00,91,47,
2007,RS,5,49,422,SOP,PAUL,"STANOJEVIC, JOVO",2FGM,Two Pointer,2,-38,53,D,,,,32,09:00,91,49,
2007,RS,5,49,424,OLY,PJDR,"TEODOSIC, MILOS",3FGA,Missed Three Pointer,0,400,574,G,,,,32,09:00,91,49,
2007,RS,5,49,426,SOP,PACY,"SLANINA, DONATAS",3FGM,Three Pointer,3,692,58,A,,,,32,09:00,91,52,
2007,RS,5,49,429,OLY,PALG,"VASILIADIS, KOSTAS",3FGA,Missed Three Pointer,0,256,651,G,,,,33,08:00,91,52,
2007,RS,5,49,433,OLY,PAQU,"BOUROUSIS, IOANNIS",FTM,Free Throw In,1,-1,-1, ,,,,33,08:00,92,52,
2007,RS,5,49,434,OLY,PAQU,"BOUROUSIS, IOANNIS",FTM,Free Throw In,1,-1,-1, ,,,,33,08:00,93,52,
2007,RS,5,49,435,SOP,P000668,"SHAKUR, MUSTAFA",3FGM,Three Pointer,3,-615,287,F,,,,33,08:00,93,55,
2007,RS,5,49,438,OLY,PJRF,"VASILOPOULOS, PANAGIOTIS",2FGM,Two Pointer,2,-43,51,D,,,,34,07:00,95,55,
2007,RS,5,49,439,SOP,P000668,"SHAKUR, MUSTAFA",3FGA,Missed Three Pointer,0,676,220,A,,,,34,07:00,95,55,
2007,RS,5,49,442,OLY,PAQU,"BOUROUSIS, IOANNIS",2FGM,Two Pointer,2,-69,51,D,,,,34,07:00,97,55,
2007,RS,5,49,444,SOP,PTFZ,"ROSZYK, KRZYSZTOF",3FGA,Missed Three Pointer,0,656,235,A,,,,35,06:00,97,55,
2007,RS,5,49,447,SOP,PCLQ,"DYLEWICZ, FILIP",2FGAB,Missed Two Pointer,0,-12,61,D,,,,35,06:00,97,55,
2007,RS,5,49,455,SOP,PCLQ,"DYLEWICZ, FILIP",FTM,Free Throw In,1,-1,-1, ,,,,35,06:00,97,56,
2007,RS,5,49,456,SOP,PCLQ,"DYLEWICZ, FILIP",FTM,Free Throw In,1,-1,-1, ,,,,35,06:00,97,57,
2007,RS,5,49,458,OLY,PALG,"VASILIADIS, KOSTAS",2FGM,Two Pointer,2,-23,58,D,,,,35,06:00,99,57,
2007,RS,5,49,462,OLY,PCPF,"KAFKIS, PANAGIOTIS",2FGM,Two Pointer,2,-76,56,D,,,,35,06:00,101,57,
2007,RS,5,49,467,SOP,PAUL,"STANOJEVIC, JOVO",2FGA,Missed Two Pointer,0,38,12,C,,,,36,05:00,101,57,
2007,RS,5,49,469,OLY,PCPF,"KAFKIS, PANAGIOTIS",2FGA,Missed Two Pointer,0,-84,74,D,,,,36,05:00,101,57,
2007,RS,5,49,471,OLY,PACJ,"PAPAMAKARIOS, MANOLIS",2FGM,Two Pointer,2,-10,82,D,,,,36,05:00,103,57,
2007,RS,5,49,474,OLY,PAQU,"BOUROUSIS, IOANNIS",2FGM,Two Pointer,2,-38,76,D,,,,36,05:00,105,57,
2007,RS,5,49,475,SOP,P000668,"SHAKUR, MUSTAFA",2FGA,Missed Two Pointer,0,23,66,C,,,,36,05:00,105,57,
2007,RS,5,49,477,SOP,P000668,"SHAKUR, MUSTAFA",2FGA,Missed Two Pointer,0,25,48,C,,,,36,05:00,105,57,
2007,RS,5,49,482,OLY,PCPF,"KAFKIS, PANAGIOTIS",2FGA,Missed Two Pointer,0,-30,69,D,,,,37,04:00,105,57,
2007,RS,5,49,484,OLY,PALG,"VASILIADIS, KOSTAS",2FGM,Two Pointer,2,-46,35,D,,,,37,04:00,107,57,
2007,RS,5,49,485,OLY,PACJ,"PAPAMAKARIOS, MANOLIS",2FGA,Missed Two Pointer,0,-51,46,D,,,,37,04:00,107,57,
2007,RS,5,49,487,OLY,PALG,"VASILIADIS, KOSTAS",2FGM,Two Pointer,2,-76,53,D,,,,37,04:00,109,57,
2007,RS,5,49,489,SOP,P000668,"SHAKUR, MUSTAFA",2FGM,Two Pointer,2,10,53,C,,,,37,04:00,109,59,
2007,RS,5,49,491,SOP,PACY,"SLANINA, DONATAS",2FGM,Two Pointer,2,30,51,C,,,,37,04:00,109,61,
2007,RS,5,49,497,OLY,PALG,"VASILIADIS, KOSTAS",2FGA,Missed Two Pointer,0,-94,141,D,,,,39,02:00,109,61,
2007,RS,5,49,498,SOP,P000668,"SHAKUR, MUSTAFA",2FGM,Two Pointer,2,-148,207,D,,,,39,02:00,109,63,
2007,RS,5,49,499,OLY,PJDR,"TEODOSIC, MILOS",3FGA,Missed Three Pointer,0,-246,635,J,,,,39,02:00,109,63,
2007,RS,5,49,501,SOP,PACY,"SLANINA, DONATAS",3FGA,Missed Three Pointer,0,-643,223,F,,,,39,02:00,109,63,
2007,RS,5,49,503,SOP,PACY,"SLANINA, DONATAS",2FGA,Missed Two Pointer,0,-79,53,D,,,,39,02:00,109,63,
2007,RS,5,49,507,SOP,P000668,"SHAKUR, MUSTAFA",2FGA,Missed Two Pointer,0,307,307,B,,,,40,01:00,109,63,
2007,RS,5,49,511,SOP,PAUL,"STANOJEVIC, JOVO",2FGM,Two Pointer,2,0,2,D,,,,40,01:00,109,65,
2007,RS,5,49,512,OLY,PAQU,"BOUROUSIS, IOANNIS",3FGA,Missed Three Pointer,0,-415,589,J,,,,40,01:00,109,65,
2007,RS,5,50,3,SIE,PBJR,"KAUKENAS, RIMANTAS",2FGA,Missed Two Pointer,0,-151,71,D,,,,1,10:00,0,0,
2007,RS,5,50,5,VIR,PTGM,"SPENCER, DEWARICK",2FGA,Missed Two Pointer,0,-366,133,E,,,,1,10:00,0,0,
2007,RS,5,50,8,SIE,PBJR,"KAUKENAS, RIMANTAS",2FGM,Two Pointer,2,-353,94,E,,,,1,10:00,2,0,
2007,RS,5,50,11,SIE,PBJR,"KAUKENAS, RIMANTAS",2FGM,Two Pointer,2,-171,79,D,,,,1,10:00,4,0,
2007,RS,5,50,14,VIR,PBXA,"GIOVANNONI, GUILHERME",2FGA,Missed Two Pointer,0,148,66,C,,,,2,09:00,4,0,
2007,RS,5,50,16,VIR,PBEW,"CHIACIG, ROBERTO",2FGM,Two Pointer,2,-12,128,D,,,,2,09:00,4,2,
2007,RS,5,50,20,SIE,PBJR,"KAUKENAS, RIMANTAS",3FGA,Missed Three Pointer,0,-482,502,J,,,,3,08:00,4,2,
2007,RS,5,50,24,SIE,PJOC,"STONEROOK, SHAUN",3FGA,Missed Three Pointer,0,-256,707,J,,,,3,08:00,4,2,
2007,RS,5,50,31,VIR,PBEW,"CHIACIG, ROBERTO",FTM,Free Throw In,1,-1,-1, ,,,,4,07:00,4,3,
2007,RS,5,50,32,VIR,PBEW,"CHIACIG, ROBERTO",FTM,Free Throw In,1,-1,-1, ,,,,4,07:00,4,4,
2007,RS,5,50,33,SIE,PLMO,"SATO, ROMAIN",3FGA,Missed Three Pointer,0,-476,466,J,,,,4,07:00,4,4,
2007,RS,5,50,39,SIE,PCQO,"EZE, BENJAMIN",FTM,Free Throw In,1,-1,-1, ,,,,4,07:00,5,4,
2007,RS,5,50,42,VIR,PBXA,"GIOVANNONI, GUILHERME",3FGA,Missed Three Pointer,0,-553,441,J,,,,4,07:00,5,4,
2007,RS,5,50,44,SIE,PKWI,"MCINTYRE, TERRELL",3FGM,Three Pointer,3,-105,738,J,,,,4,07:00,8,4,
2007,RS,5,50,46,VIR,PTGL,"HOLLAND, DELONTE",3FGM,Three Pointer,3,-535,448,J,,,,5,06:00,8,7,
2007,RS,5,50,47,SIE,PKWI,"MCINTYRE, TERRELL",2FGA,Missed Two Pointer,0,179,505,H,,,,5,06:00,8,7,
2007,RS,5,50,49,VIR,PBXA,"GIOVANNONI, GUILHERME",3FGA,Missed Three Pointer,0,-661,176,F,,,,5,06:00,8,7,
2007,RS,5,50,51,SIE,PLMO,"SATO, ROMAIN",2FGA,Missed Two Pointer,0,502,133,B,,,,5,06:00,8,7,
2007,RS,5,50,54,VIR,P000672,"MC GRATH, DONALD MICHAEL",3FGA,Missed Three Pointer,0,41,812,G,,,,6,05:00,8,7,
2007,RS,5,50,56,SIE,PBJR,"KAUKENAS, RIMANTAS",3FGA,Missed Three Pointer,0,-315,620,J,,,,6,05:00,8,7,
2007,RS,5,50,58,SIE,PCQO,"EZE, BENJAMIN",2FGA,Missed Two Pointer,0,-192,333,D,,,,6,05:00,8,7,
2007,RS,5,50,60,VIR,PBEW,"CHIACIG, ROBERTO",2FGA,Missed Two Pointer,0,-271,87,E,,,,6,05:00,8,7,
2007,RS,5,50,63,SIE,PKWI,"MCINTYRE, TERRELL",3FGA,Missed Three Pointer,0,-676,20,F,,,,7,04:00,8,7,
2007,RS,5,50,65,VIR,PTGL,"HOLLAND, DELONTE",2FGM,Two Pointer,2,-435,358,E,,,,7,04:00,8,9,
2007,RS,5,50,80,VIR,PLHB,"GARRI, LUCA",FTM,Free Throw In,1,-1,-1, ,,,,7,04:00,8,10,
2007,RS,5,50,84,SIE,PBLH,"LAVRINOVIC, KSISTOF",3FGA,Missed Three Pointer,0,141,638,G,,,,8,03:00,8,10,
2007,RS,5,50,86,SIE,PBLH,"LAVRINOVIC, KSISTOF",3FGM,Three Pointer,3,-551,453,J,,,,8,03:00,11,10,
2007,RS,5,50,88,VIR,PLHB,"GARRI, LUCA",2FGA,Missed Two Pointer,0,-84,141,D,,,,8,03:00,11,10,
2007,RS,5,50,91,SIE,PBLH,"LAVRINOVIC, KSISTOF",3FGA,Missed Three Pointer,0,-417,561,J,,,,9,02:00,11,10,
2007,RS,5,50,93,VIR,P000672,"MC GRATH, DONALD MICHAEL",2FGM,Two Pointer,2,194,87,C,,,,9,02:00,11,12,
2007,RS,5,50,103,VIR,PTGV,"ANDERSON, ALAN",2FGA,Missed Two Pointer,0,430,69,B,,,,10,01:00,11,12,
2007,RS,5,50,107,SIE,PBLH,"LAVRINOVIC, KSISTOF",FTM,Free Throw In,1,-1,-1, ,,,,10,01:00,12,12,
2007,RS,5,50,108,SIE,PBLH,"LAVRINOVIC, KSISTOF",FTM,Free Throw In,1,-1,-1, ,,,,10,01:00,13,12,
2007,RS,5,50,109,VIR,PTGL,"HOLLAND, DELONTE",3FGA,Missed Three Pointer,0,-361,584,J,,,,10,01:00,13,12,
2007,RS,5,50,113,SIE,PBLH,"LAVRINOVIC, KSISTOF",3FGM,Three Pointer,3,-423,592,J,,,,10,01:00,16,12,
2007,RS,5,50,125,VIR,PTGV,"ANDERSON, ALAN",2FGM,Two Pointer,2,128,61,C,,,,11,10:00,16,14,
2007,RS,5,50,126,SIE,PCCA,"THORNTON, BOOTSY",2FGM,Two Pointer,2,366,148,B,,,,11,10:00,18,14,
2007,RS,5,50,127,VIR,P000672,"MC GRATH, DONALD MICHAEL",3FGM,Three Pointer,3,-187,666,J,,,,11,10:00,18,17,
2007,RS,5,50,129,SIE,PJOC,"STONEROOK, SHAUN",3FGA,Missed Three Pointer,0,-494,500,J,,,,12,09:00,18,17,
2007,RS,5,50,131,SIE,PBJR,"KAUKENAS, RIMANTAS",2FGM,Two Pointer,2,87,58,C,,,,12,09:00,20,17,
2007,RS,5,50,132,VIR,PLHB,"GARRI, LUCA",2FGA,Missed Two Pointer,0,456,12,B,,,,12,09:00,20,17,
2007,RS,5,50,135,SIE,PCCA,"THORNTON, BOOTSY",3FGA,Missed Three Pointer,0,-466,492,J,,,,12,09:00,20,17,
2007,RS,5,50,137,VIR,PTGL,"HOLLAND, DELONTE",2FGM,Two Pointer,2,-489,192,E,,,,12,09:00,20,19,
2007,RS,5,50,142,VIR,PTGL,"HOLLAND, DELONTE",3FGA,Missed Three Pointer,0,651,158,A,,,,13,08:00,20,19,
2007,RS,5,50,145,VIR,PTGM,"SPENCER, DEWARICK",2FGA,Missed Two Pointer,0,-107,64,D,,,,13,08:00,20,19,
2007,RS,5,50,147,VIR,PTGM,"SPENCER, DEWARICK",2FGA,Missed Two Pointer,0,-41,120,D,,,,13,08:00,20,19,
2007,RS,5,50,157,SIE,PBJR,"KAUKENAS, RIMANTAS",FTM,Free Throw In,1,-1,-1, ,,,,14,07:00,21,19,
2007,RS,5,50,158,SIE,PBJR,"KAUKENAS, RIMANTAS",FTM,Free Throw In,1,-1,-1, ,,,,14,07:00,22,19,
2007,RS,5,50,161,VIR,PLHB,"GARRI, LUCA",FTM,Free Throw In,1,-1,-1, ,,,,14,07:00,22,20,
2007,RS,5,50,164,VIR,PTGV,"ANDERSON, ALAN",2FGA,Missed Two Pointer,0,-394,271,E,,,,14,07:00,22,20,
2007,RS,5,50,166,SIE,PBLH,"LAVRINOVIC, KSISTOF",2FGM,Two Pointer,2,100,12,C,,,,14,07:00,24,20,
2007,RS,5,50,169,VIR,PLHB,"GARRI, LUCA",2FGA,Missed Two Pointer,0,461,128,B,,,,15,06:00,24,20,
2007,RS,5,50,173,VIR,PTGM,"SPENCER, DEWARICK",3FGM,Three Pointer,3,594,410,A,,,,15,06:00,24,23,
2007,RS,5,50,176,SIE,PAPS,"ILIEVSKI, VLADO",2FGA,Missed Two Pointer,0,123,61,C,,,,15,06:00,24,23,
2007,RS,5,50,178,SIE,PCQO,"EZE, BENJAMIN",2FGM,Two Pointer,2,30,53,C,,,,15,06:00,26,23,
2007,RS,5,50,181,SIE,PAPS,"ILIEVSKI, VLADO",3FGM,Three Pointer,3,-76,705,J,,,,15,06:00,29,23,
2007,RS,5,50,185,VIR,PTGM,"SPENCER, DEWARICK",2FGAB,Missed Two Pointer,0,-156,100,D,,,,16,05:00,29,23,
2007,RS,5,50,192,SIE,PKWI,"MCINTYRE, TERRELL",3FGM,Three Pointer,3,-682,161,F,,,,16,05:00,32,23,
2007,RS,5,50,197,VIR,PTGL,"HOLLAND, DELONTE",2FGM,Two Pointer,2,-400,169,E,,,,16,05:00,32,25,
2007,RS,5,50,198,SIE,PCCA,"THORNTON, BOOTSY",3FGA,Missed Three Pointer,0,-423,566,J,,,,16,05:00,32,25,
2007,RS,5,50,209,SIE,PLMO,"SATO, ROMAIN",FTM,Free Throw In,1,-1,-1, ,,,,17,04:00,33,25,
2007,RS,5,50,212,VIR,PBXA,"GIOVANNONI, GUILHERME",2FGM,Two Pointer,2,-94,102,D,,,,17,04:00,33,27,
2007,RS,5,50,215,SIE,PLMO,"SATO, ROMAIN",FTM,Free Throw In,1,-1,-1, ,,,,17,04:00,34,27,
2007,RS,5,50,216,SIE,PLMO,"SATO, ROMAIN",FTM,Free Throw In,1,-1,-1, ,,,,17,04:00,35,27,
2007,RS,5,50,219,VIR,PTGL,"HOLLAND, DELONTE",2FGM,Two Pointer,2,-238,556,I,,,,17,04:00,35,29,
2007,RS,5,50,220,SIE,PLMO,"SATO, ROMAIN",2FGA,Missed Two Pointer,0,464,0,B,,,,17,04:00,35,29,
2007,RS,5,50,228,VIR,PTGL,"HOLLAND, DELONTE",2FGM,Two Pointer,2,-374,397,E,,,,18,03:00,35,31,
2007,RS,5,50,230,SIE,PCQO,"EZE, BENJAMIN",2FGA,Missed Two Pointer,0,133,51,C,,,,19,02:00,35,31,
2007,RS,5,50,232,VIR,PTGT,"CONROY, WILL",2FGA,Missed Two Pointer,0,-74,146,D,,,,19,02:00,35,31,
2007,RS,5,50,234,SIE,PLMK,"CARRARETTO, MARCO",3FGA,Missed Three Pointer,0,-689,94,F,,,,19,02:00,35,31,
2007,RS,5,50,236,VIR,PTGT,"CONROY, WILL",2FGM,Two Pointer,2,105,100,C,,,,19,02:00,35,33,
2007,RS,5,50,238,SIE,PAPS,"ILIEVSKI, VLADO",2FGM,Two Pointer,2,-394,402,E,,,,20,01:00,37,33,
2007,RS,5,50,239,SIE,PLMK,"CARRARETTO, MARCO",3FGM,Three Pointer,3,679,12,A,,,,20,01:00,40,33,
2007,RS,5,50,247,VIR,PTGT,"CONROY, WILL",3FGA,Missed Three Pointer,0,-84,710,J,,,,20,01:00,40,33,
2007,RS,5,50,263,SIE,PBJR,"KAUKENAS, RIMANTAS",2FGA,Missed Two Pointer,0,123,135,C,,,,21,10:00,40,33,
2007,RS,5,50,266,VIR,PTGT,"CONROY, WILL",2FGM,Two Pointer,2,89,100,C,,,,21,10:00,40,35,
2007,RS,5,50,269,SIE,PCQO,"EZE, BENJAMIN",2FGA,Missed Two Pointer,0,92,151,C,,,,21,10:00,40,35,
2007,RS,5,50,272,VIR,PLHB,"GARRI, LUCA",2FGA,Missed Two Pointer,0,148,28,C,,,,22,09:00,40,35,
2007,RS,5,50,274,SIE,PKWI,"MCINTYRE, TERRELL",3FGM,Three Pointer,3,112,646,G,,,,22,09:00,43,35,
2007,RS,5,50,275,VIR,PTGM,"SPENCER, DEWARICK",3FGAB,Missed Three Pointer,0,-256,612,J,,,,22,09:00,43,35,
2007,RS,5,50,279,SIE,PCQO,"EZE, BENJAMIN",2FGA,Missed Two Pointer,0,0,12,D,,,,22,09:00,43,35,
2007,RS,5,50,282,VIR,PTGL,"HOLLAND, DELONTE",2FGAB,Missed Two Pointer,0,123,17,C,,,,23,08:00,43,35,
2007,RS,5,50,290,VIR,PTGM,"SPENCER, DEWARICK",FTM,Free Throw In,1,-1,-1, ,,,,23,08:00,43,36,
2007,RS,5,50,295,SIE,PBJR,"KAUKENAS, RIMANTAS",2FGM,Two Pointer,2,-412,115,E,,,,23,08:00,45,36,
2007,RS,5,50,296,VIR,PTGT,"CONROY, WILL",3FGM,Three Pointer,3,507,443,G,,,,23,08:00,45,39,
2007,RS,5,50,299,SIE,PJOC,"STONEROOK, SHAUN",3FGA,Missed Three Pointer,0,376,592,G,,,,24,07:00,45,39,
2007,RS,5,50,303,VIR,PTGM,"SPENCER, DEWARICK",2FGA,Missed Two Pointer,0,184,351,C,,,,24,07:00,45,39,
2007,RS,5,50,306,SIE,PKWI,"MCINTYRE, TERRELL",3FGA,Missed Three Pointer,0,-256,630,J,,,,25,06:00,45,39,
2007,RS,5,50,308,VIR,PTGT,"CONROY, WILL",2FGM,Two Pointer,2,223,205,C,,,,25,06:00,45,41,
2007,RS,5,50,315,VIR,PTGT,"CONROY, WILL",3FGA,Missed Three Pointer,0,543,415,A,,,,25,06:00,45,41,
2007,RS,5,50,320,SIE,PBJR,"KAUKENAS, RIMANTAS",3FGA,Missed Three Pointer,0,333,615,G,,,,25,06:00,45,41,
2007,RS,5,50,326,VIR,PTGV,"ANDERSON, ALAN",FTM,Free Throw In,1,-1,-1, ,,,,25,06:00,45,42,
2007,RS,5,50,327,VIR,PTGV,"ANDERSON, ALAN",FTM,Free Throw In,1,-1,-1, ,,,,25,06:00,45,43,
2007,RS,5,50,331,SIE,PBJR,"KAUKENAS, RIMANTAS",2FGAB,Missed Two Pointer,0,-353,230,E,,,,26,05:00,45,43,
2007,RS,5,50,334,VIR,PTGV,"ANDERSON, ALAN",2FGAB,Missed Two Pointer,0,-110,192,D,,,,26,05:00,45,43,
2007,RS,5,50,342,VIR,PTGV,"ANDERSON, ALAN",FTM,Free Throw In,1,-1,-1, ,,,,26,05:00,45,44,
2007,RS,5,50,343,VIR,PTGV,"ANDERSON, ALAN",FTM,Free Throw In,1,-1,-1, ,,,,26,05:00,45,45,
2007,RS,5,50,345,SIE,PCCA,"THORNTON, BOOTSY",3FGM,Three Pointer,3,-333,610,J,,,,27,04:00,48,45,
2007,RS,5,50,347,VIR,PTGM,"SPENCER, DEWARICK",3FGM,Three Pointer,3,500,484,G,,,,27,04:00,48,48,
2007,RS,5,50,350,SIE,PCCA,"THORNTON, BOOTSY",2FGA,Missed Two Pointer,0,184,79,C,,,,27,04:00,48,48,
2007,RS,5,50,352,VIR,PTGM,"SPENCER, DEWARICK",3FGA,Missed Three Pointer,0,451,487,G,,,,27,04:00,48,48,
2007,RS,5,50,357,VIR,PLHB,"GARRI, LUCA",FTM,Free Throw In,1,-1,-1, ,,,,27,04:00,48,49,
2007,RS,5,50,359,SIE,PBJR,"KAUKENAS, RIMANTAS",2FGA,Missed Two Pointer,0,-274,428,I,,,,28,03:00,48,49,
2007,RS,5,50,367,SIE,PBLH,"LAVRINOVIC, KSISTOF",FTM,Free Throw In,1,-1,-1, ,,,,28,03:00,49,49,
2007,RS,5,50,368,SIE,PBLH,"LAVRINOVIC, KSISTOF",FTM,Free Throw In,1,-1,-1, ,,,,28,03:00,50,49,
2007,RS,5,50,371,VIR,PTGM,"SPENCER, DEWARICK",FTM,Free Throw In,1,-1,-1, ,,,,28,03:00,50,50,
2007,RS,5,50,372,VIR,PTGM,"SPENCER, DEWARICK",FTM,Free Throw In,1,-1,-1, ,,,,28,03:00,50,51,
2007,RS,5,50,374,SIE,PBLH,"LAVRINOVIC, KSISTOF",2FGA,Missed Two Pointer,0,100,20,C,,,,29,02:00,50,51,
2007,RS,5,50,376,VIR,PTGV,"ANDERSON, ALAN",3FGM,Three Pointer,3,-430,528,J,,,,29,02:00,50,54,
2007,RS,5,50,377,SIE,PLMK,"CARRARETTO, MARCO",2FGA,Missed Two Pointer,0,323,-38,B,,,,29,02:00,50,54,
2007,RS,5,50,384,VIR,PTGM,"SPENCER, DEWARICK",FTM,Free Throw In,1,-1,-1, ,,,,29,02:00,50,55,
2007,RS,5,50,388,VIR,PTGM,"SPENCER, DEWARICK",2FGM,Two Pointer,2,197,51,C,,,,30,01:00,50,57,
2007,RS,5,50,389,SIE,PBLH,"LAVRINOVIC, KSISTOF",3FGM,Three Pointer,3,10,682,G,,,,30,01:00,53,57,
2007,RS,5,50,390,VIR,PLHB,"GARRI, LUCA",3FGA,Missed Three Pointer,0,564,407,A,,,,30,01:00,53,57,
2007,RS,5,50,406,VIR,PTGT,"CONROY, WILL",3FGA,Missed Three Pointer,0,535,366,A,,,,32,09:00,53,57,
2007,RS,5,50,408,VIR,PTGM,"SPENCER, DEWARICK",2FGM,Two Pointer,2,105,61,C,,,,32,09:00,53,59,
2007,RS,5,50,409,SIE,PAPS,"ILIEVSKI, VLADO",2FGM,Two Pointer,2,-56,87,D,,,,32,09:00,55,59,
2007,RS,5,50,414,VIR,PTGM,"SPENCER, DEWARICK",2FGM,Two Pointer,2,-53,58,D,,,,32,09:00,55,61,
2007,RS,5,50,420,VIR,PTGM,"SPENCER, DEWARICK",FTM,Free Throw In,1,-1,-1, ,,,,32,09:00,55,62,
2007,RS,5,50,426,SIE,PBLH,"LAVRINOVIC, KSISTOF",FTM,Free Throw In,1,-1,-1, ,,,,33,08:00,56,62,
2007,RS,5,50,427,SIE,PBLH,"LAVRINOVIC, KSISTOF",FTM,Free Throw In,1,-1,-1, ,,,,33,08:00,57,62,
2007,RS,5,50,430,SIE,PBJR,"KAUKENAS, RIMANTAS",2FGM,Two Pointer,2,-174,253,D,,,,33,08:00,59,62,
2007,RS,5,50,435,SIE,PAPS,"ILIEVSKI, VLADO",2FGA,Missed Two Pointer,0,376,387,B,,,,33,08:00,59,62,
2007,RS,5,50,440,SIE,PBJR,"KAUKENAS, RIMANTAS",2FGM,Two Pointer,2,2,69,D,,,,34,07:00,61,62,
2007,RS,5,50,441,VIR,PTGT,"CONROY, WILL",2FGM,Two Pointer,2,-197,194,D,,,,34,07:00,61,64,
2007,RS,5,50,442,SIE,PAPS,"ILIEVSKI, VLADO",3FGM,Three Pointer,3,-107,661,J,,,,34,07:00,64,64,
2007,RS,5,50,445,VIR,PTGV,"ANDERSON, ALAN",2FGA,Missed Two Pointer,0,-246,292,E,,,,35,06:00,64,64,
2007,RS,5,50,456,SIE,PAPS,"ILIEVSKI, VLADO",2FGM,Two Pointer,2,-69,30,D,,,,35,06:00,66,64,
2007,RS,5,50,463,SIE,PAPS,"ILIEVSKI, VLADO",FTM,Free Throw In,1,-1,-1, ,,,,35,06:00,67,64,
2007,RS,5,50,471,SIE,PBLH,"LAVRINOVIC, KSISTOF",2FGA,Missed Two Pointer,0,15,184,C,,,,36,05:00,67,64,
2007,RS,5,50,473,VIR,P000672,"MC GRATH, DONALD MICHAEL",3FGA,Missed Three Pointer,0,464,525,G,,,,36,05:00,67,64,
2007,RS,5,50,475,VIR,PBXA,"GIOVANNONI, GUILHERME",3FGA,Missed Three Pointer,0,494,423,A,,,,36,05:00,67,64,
2007,RS,5,50,483,VIR,PTGL,"HOLLAND, DELONTE",2FGAB,Missed Two Pointer,0,282,220,B,,,,37,04:00,67,64,
2007,RS,5,50,486,VIR,PTGL,"HOLLAND, DELONTE",3FGM,Three Pointer,3,564,341,A,,,,37,04:00,67,67,
2007,RS,5,50,487,SIE,PKWI,"MCINTYRE, TERRELL",2FGA,Missed Two Pointer,0,143,79,C,,,,37,04:00,67,67,
2007,RS,5,50,494,SIE,PJOC,"STONEROOK, SHAUN",2FGA,Missed Two Pointer,0,130,53,C,,,,37,04:00,67,67,
2007,RS,5,50,499,VIR,PLHB,"GARRI, LUCA",2FGA,Missed Two Pointer,0,-133,158,D,,,,38,03:00,67,67,
2007,RS,5,50,501,VIR,PTGL,"HOLLAND, DELONTE",2FGM,Two Pointer,2,0,0,D,,,,38,03:00,67,69,
2007,RS,5,50,502,SIE,PBLH,"LAVRINOVIC, KSISTOF",3FGM,Three Pointer,3,-46,671,J,,,,38,03:00,70,69,
2007,RS,5,50,510,SIE,PKWI,"MCINTYRE, TERRELL",3FGA,Missed Three Pointer,0,-258,630,J,,,,39,02:00,70,69,
2007,RS,5,50,514,SIE,PBLH,"LAVRINOVIC, KSISTOF",2FGM,Two Pointer,2,102,94,C,,,,39,02:00,72,69,
2007,RS,5,50,516,VIR,PBXA,"GIOVANNONI, GUILHERME",3FGA,Missed Three Pointer,0,-423,502,J,,,,39,02:00,72,69,
2007,RS,5,50,518,SIE,PBLH,"LAVRINOVIC, KSISTOF",2FGM,Two Pointer,2,-2,5,D,,,,39,02:00,74,69,
2007,RS,5,50,520,VIR,PTGL,"HOLLAND, DELONTE",3FGA,Missed Three Pointer,0,597,341,A,,,,40,01:00,74,69,
2007,RS,5,50,526,SIE,PKWI,"MCINTYRE, TERRELL",FTM,Free Throw In,1,-1,-1, ,,,,40,01:00,75,69,
2007,RS,5,50,529,SIE,PKWI,"MCINTYRE, TERRELL",FTM,Free Throw In,1,-1,-1, ,,,,40,01:00,76,69,
2007,RS,5,50,530,SIE,PKWI,"MCINTYRE, TERRELL",FTM,Free Throw In,1,-1,-1, ,,,,40,01:00,77,69,
2007,RS,5,50,531,SIE,PKWI,"MCINTYRE, TERRELL",FTM,Free Throw In,1,-1,-1, ,,,,40,01:00,78,69,
2007,RS,5,50,535,SIE,PKWI,"MCINTYRE, TERRELL",2FGM,Two Pointer,2,64,17,C,,,,40,01:00,80,69,
2007,RS,5,50,536,VIR,PTGT,"CONROY, WILL",2FGAB,Missed Two Pointer,0,294,212,B,,,,40,01:00,80,69,
2007,RS,5,50,540,SIE,PLMO,"SATO, ROMAIN",3FGA,Missed Three Pointer,0,392,564,G,,,,40,01:00,80,69,
2007,RS,5,51,2,LJU,PJYE,"RIZVIC, HASAN",2FGM,Two Pointer,2,-15,61,D,,,,1,10:00,2,0,
2007,RS,5,51,4,BAS,PANB,"RAKOCEVIC, IGOR",3FGM,Three Pointer,3,-246,638,J,,,,1,10:00,2,3,
2007,RS,5,51,6,LJU,PJYE,"RIZVIC, HASAN",2FGM,Two Pointer,2,-230,228,E,,,,2,09:00,4,3,
2007,RS,5,51,7,BAS,PAFP,"PLANINIC, ZORAN",2FGM,Two Pointer,2,-41,71,D,,,,2,09:00,4,5,
2007,RS,5,51,8,LJU,PAIV,"MILIC, MARKO",2FGM,Two Pointer,2,41,38,C,,,,2,09:00,6,5,
2007,RS,5,51,10,BAS,PCBY,"SPLITTER, TIAGO",2FGM,Two Pointer,2,-56,33,D,,,,2,09:00,6,7,
2007,RS,5,51,12,LJU,PTHB,"DRAGIC, GORAN",3FGA,Missed Three Pointer,0,410,582,G,,,,3,08:00,6,7,
2007,RS,5,51,14,BAS,PAFP,"PLANINIC, ZORAN",2FGM,Two Pointer,2,-69,58,D,,,,3,08:00,6,9,
2007,RS,5,51,17,BAS,PAFP,"PLANINIC, ZORAN",FTM,Free Throw In,1,-1,-1, ,,,,3,08:00,6,10,
2007,RS,5,51,22,BAS,PJWO,"MICKEAL, PETE",2FGA,Missed Two Pointer,0,282,187,B,,,,3,08:00,6,10,
2007,RS,5,51,24,LJU,PAIV,"MILIC, MARKO",2FGM,Two Pointer,2,-15,30,D,,,,3,08:00,8,10,
2007,RS,5,51,26,BAS,PJZJ,"TELETOVIC, MIRZA",3FGA,Missed Three Pointer,0,335,605,G,,,,4,07:00,8,10,
2007,RS,5,51,32,BAS,PJWO,"MICKEAL, PETE",2FGM,Two Pointer,2,-61,61,D,,,,4,07:00,8,12,
2007,RS,5,51,35,BAS,PJWO,"MICKEAL, PETE",FTM,Free Throw In,1,-1,-1, ,,,,4,07:00,8,13,
2007,RS,5,51,38,LJU,PAPY,"HUKIC, JASMIN",3FGA,Missed Three Pointer,0,-484,528,J,,,,4,07:00,8,13,
2007,RS,5,51,40,LJU,PAIV,"MILIC, MARKO",2FGM,Two Pointer,2,41,71,C,,,,4,07:00,10,13,
2007,RS,5,51,45,LJU,PTGG,"TAYLOR, RONELL",2FGM,Two Pointer,2,35,56,C,,,,5,06:00,12,13,
2007,RS,5,51,46,BAS,PANB,"RAKOCEVIC, IGOR",3FGM,Three Pointer,3,-333,669,J,,,,5,06:00,12,16,
2007,RS,5,51,48,LJU,PTGK,"BAILEY, MAURICE",2FGM,Two Pointer,2,33,71,C,,,,5,06:00,14,16,
2007,RS,5,51,50,BAS,PAFP,"PLANINIC, ZORAN",2FGA,Missed Two Pointer,0,100,220,C,,,,6,05:00,14,16,
2007,RS,5,51,52,LJU,PTGG,"TAYLOR, RONELL",2FGA,Missed Two Pointer,0,392,266,B,,,,6,05:00,14,16,
2007,RS,5,51,54,BAS,PCBY,"SPLITTER, TIAGO",2FGM,Two Pointer,2,-28,61,D,,,,6,05:00,14,18,
2007,RS,5,51,55,LJU,PTGK,"BAILEY, MAURICE",3FGA,Missed Three Pointer,0,284,643,G,,,,6,05:00,14,18,
2007,RS,5,51,58,BAS,PJZJ,"TELETOVIC, MIRZA",2FGM,Two Pointer,2,7,5,C,,,,6,05:00,14,20,
2007,RS,5,51,60,LJU,PJYE,"RIZVIC, HASAN",2FGA,Missed Two Pointer,0,66,512,H,,,,7,04:00,14,20,
2007,RS,5,51,62,BAS,PANB,"RAKOCEVIC, IGOR",3FGA,Missed Three Pointer,0,284,679,G,,,,7,04:00,14,20,
2007,RS,5,51,64,BAS,PAFP,"PLANINIC, ZORAN",2FGAB,Missed Two Pointer,0,-115,94,D,,,,7,04:00,14,20,
2007,RS,5,51,68,LJU,PTGG,"TAYLOR, RONELL",2FGM,Two Pointer,2,35,41,C,,,,7,04:00,16,20,
2007,RS,5,51,71,BAS,PANB,"RAKOCEVIC, IGOR",3FGM,Three Pointer,3,456,515,G,,,,8,03:00,16,23,
2007,RS,5,51,92,LJU,PAPY,"HUKIC, JASMIN",2FGA,Missed Two Pointer,0,-271,379,E,,,,9,02:00,16,23,
2007,RS,5,51,94,BAS,PANB,"RAKOCEVIC, IGOR",3FGM,Three Pointer,3,30,702,G,,,,9,02:00,16,26,
2007,RS,5,51,96,LJU,PTGI,"DONCIC, SASA",3FGA,Missed Three Pointer,0,382,594,G,,,,10,01:00,16,26,
2007,RS,5,51,100,BAS,PANB,"RAKOCEVIC, IGOR",FTM,Free Throw In,1,-1,-1, ,,,,10,01:00,16,27,
2007,RS,5,51,101,BAS,PANB,"RAKOCEVIC, IGOR",FTM,Free Throw In,1,-1,-1, ,,,,10,01:00,16,28,
2007,RS,5,51,104,LJU,P000184,"BOOKER, CHRIS",2FGA,Missed Two Pointer,0,-330,92,E,,,,10,01:00,16,28,
2007,RS,5,51,106,BAS,PJTT,"MCDONALD, WILL",2FGM,Two Pointer,2,0,46,D,,,,10,01:00,16,30,
2007,RS,5,51,112,LJU,PAIV,"MILIC, MARKO",2FGM,Two Pointer,2,56,48,C,,,,11,10:00,18,30,
2007,RS,5,51,115,LJU,PTHB,"DRAGIC, GORAN",2FGA,Missed Two Pointer,0,-102,41,D,,,,11,10:00,18,30,
2007,RS,5,51,116,BAS,PCBX,"PRIGIONI, PABLO",3FGA,Missed Three Pointer,0,102,651,G,,,,11,10:00,18,30,
2007,RS,5,51,118,BAS,PJTT,"MCDONALD, WILL",2FGM,Two Pointer,2,-46,35,D,,,,11,10:00,18,32,
2007,RS,5,51,120,BAS,PJTT,"MCDONALD, WILL",2FGM,Two Pointer,2,-7,17,D,,,,11,10:00,18,34,
2007,RS,5,51,122,LJU,PTGG,"TAYLOR, RONELL",2FGA,Missed Two Pointer,0,-107,7,D,,,,12,09:00,18,34,
2007,RS,5,51,127,LJU,P000184,"BOOKER, CHRIS",2FGM,Two Pointer,2,-23,130,D,,,,12,09:00,20,34,
2007,RS,5,51,129,BAS,PJZJ,"TELETOVIC, MIRZA",2FGA,Missed Two Pointer,0,17,69,C,,,,13,08:00,20,34,
2007,RS,5,51,135,BAS,PJTT,"MCDONALD, WILL",FTM,Free Throw In,1,-1,-1, ,,,,13,08:00,20,35,
2007,RS,5,51,142,BAS,PJTT,"MCDONALD, WILL",2FGM,Two Pointer,2,-53,53,D,,,,14,07:00,20,37,
2007,RS,5,51,143,LJU,PAPY,"HUKIC, JASMIN",2FGA,Missed Two Pointer,0,-10,153,D,,,,14,07:00,20,37,
2007,RS,5,51,145,BAS,PANB,"RAKOCEVIC, IGOR",2FGM,Two Pointer,2,5,74,C,,,,14,07:00,20,39,
2007,RS,5,51,152,LJU,PTGK,"BAILEY, MAURICE",2FGA,Missed Two Pointer,0,0,128,D,,,,14,07:00,20,39,
2007,RS,5,51,154,LJU,PAIV,"MILIC, MARKO",2FGM,Two Pointer,2,56,53,C,,,,14,07:00,22,39,
2007,RS,5,51,156,BAS,PJTT,"MCDONALD, WILL",2FGM,Two Pointer,2,-51,148,D,,,,15,06:00,22,41,
2007,RS,5,51,157,LJU,PTGK,"BAILEY, MAURICE",2FGA,Missed Two Pointer,0,53,56,C,,,,15,06:00,22,41,
2007,RS,5,51,165,BAS,PANB,"RAKOCEVIC, IGOR",2FGM,Two Pointer,2,382,69,B,,,,16,05:00,22,43,
2007,RS,5,51,166,LJU,PLHD,"ZUPAN, MIHA",2FGAB,Missed Two Pointer,0,71,71,C,,,,16,05:00,22,43,
2007,RS,5,51,177,LJU,PAIV,"MILIC, MARKO",3FGA,Missed Three Pointer,0,546,443,G,,,,16,05:00,22,43,
2007,RS,5,51,180,LJU,PTGG,"TAYLOR, RONELL",2FGA,Missed Two Pointer,0,115,46,C,,,,16,05:00,22,43,
2007,RS,5,51,183,LJU,PLHD,"ZUPAN, MIHA",FTM,Free Throw In,1,-1,-1, ,,,,16,05:00,23,43,
2007,RS,5,51,184,LJU,PLHD,"ZUPAN, MIHA",FTM,Free Throw In,1,-1,-1, ,,,,16,05:00,24,43,
2007,RS,5,51,189,LJU,PLHD,"ZUPAN, MIHA",2FGA,Missed Two Pointer,0,97,79,C,,,,17,04:00,24,43,
2007,RS,5,51,195,BAS,PANB,"RAKOCEVIC, IGOR",2FGA,Missed Two Pointer,0,-35,356,D,,,,17,04:00,24,43,
2007,RS,5,51,198,LJU,PTGG,"TAYLOR, RONELL",2FGM,Two Pointer,2,61,46,C,,,,17,04:00,26,43,
2007,RS,5,51,203,LJU,PTGK,"BAILEY, MAURICE",3FGM,Three Pointer,3,12,692,G,,,,18,03:00,29,43,
2007,RS,5,51,206,BAS,P000343,"JOHNSON, LINTON",2FGM,Two Pointer,2,361,51,B,,,,18,03:00,29,45,
2007,RS,5,51,212,LJU,PTGG,"TAYLOR, RONELL",2FGA,Missed Two Pointer,0,94,25,C,,,,19,02:00,29,45,
2007,RS,5,51,215,BAS,PANB,"RAKOCEVIC, IGOR",2FGM,Two Pointer,2,371,425,B,,,,19,02:00,29,47,
2007,RS,5,51,216,LJU,PJYE,"RIZVIC, HASAN",2FGM,Two Pointer,2,-133,30,D,,,,19,02:00,31,47,
2007,RS,5,51,219,BAS,PAFP,"PLANINIC, ZORAN",FTM,Free Throw In,1,-1,-1, ,,,,19,02:00,31,48,
2007,RS,5,51,220,BAS,PAFP,"PLANINIC, ZORAN",FTM,Free Throw In,1,-1,-1, ,,,,19,02:00,31,49,
2007,RS,5,51,222,LJU,PJYE,"RIZVIC, HASAN",2FGA,Missed Two Pointer,0,89,48,C,,,,20,01:00,31,49,
2007,RS,5,51,224,BAS,PCBY,"SPLITTER, TIAGO",2FGA,Missed Two Pointer,0,120,71,C,,,,20,01:00,31,49,
2007,RS,5,51,226,BAS,PAFP,"PLANINIC, ZORAN",2FGM,Two Pointer,2,-92,17,D,,,,20,01:00,31,51,
2007,RS,5,51,227,LJU,PTGK,"BAILEY, MAURICE",3FGA,Missed Three Pointer,0,20,700,G,,,,20,01:00,31,51,
2007,RS,5,51,239,LJU,PAPY,"HUKIC, JASMIN",3FGM,Three Pointer,3,-23,664,J,,,,21,10:00,34,51,
2007,RS,5,51,240,BAS,PAFP,"PLANINIC, ZORAN",2FGA,Missed Two Pointer,0,182,64,C,,,,21,10:00,34,51,
2007,RS,5,51,248,BAS,PANB,"RAKOCEVIC, IGOR",FTM,Free Throw In,1,-1,-1, ,,,,21,10:00,34,52,
2007,RS,5,51,249,BAS,PANB,"RAKOCEVIC, IGOR",FTM,Free Throw In,1,-1,-1, ,,,,21,10:00,34,53,
2007,RS,5,51,253,LJU,PLHD,"ZUPAN, MIHA",3FGA,Missed Three Pointer,0,46,664,G,,,,22,09:00,34,53,
2007,RS,5,51,257,LJU,PAPY,"HUKIC, JASMIN",3FGA,Missed Three Pointer,0,-453,525,J,,,,22,09:00,34,53,
2007,RS,5,51,259,BAS,PJZJ,"TELETOVIC, MIRZA",3FGA,Missed Three Pointer,0,-653,164,F,,,,22,09:00,34,53,
2007,RS,5,51,264,BAS,PJWO,"MICKEAL, PETE",2FGM,Two Pointer,2,-64,35,D,,,,22,09:00,34,55,
2007,RS,5,51,265,LJU,PAPY,"HUKIC, JASMIN",2FGM,Two Pointer,2,187,476,H,,,,22,09:00,36,55,
2007,RS,5,51,274,LJU,PAIV,"MILIC, MARKO",2FGM,Two Pointer,2,-2,0,D,,,,23,08:00,38,55,
2007,RS,5,51,275,BAS,PANB,"RAKOCEVIC, IGOR",3FGA,Missed Three Pointer,0,-530,512,J,,,,23,08:00,38,55,
2007,RS,5,51,277,BAS,PJWO,"MICKEAL, PETE",2FGM,Two Pointer,2,-17,69,D,,,,23,08:00,38,57,
2007,RS,5,51,284,LJU,PAIV,"MILIC, MARKO",2FGA,Missed Two Pointer,0,-94,20,D,,,,23,08:00,38,57,
2007,RS,5,51,293,BAS,PCBY,"SPLITTER, TIAGO",FTM,Free Throw In,1,-1,-1, ,,,,24,07:00,38,58,
2007,RS,5,51,294,BAS,PCBY,"SPLITTER, TIAGO",FTM,Free Throw In,1,-1,-1, ,,,,24,07:00,38,59,
2007,RS,5,51,295,LJU,PAPY,"HUKIC, JASMIN",3FGA,Missed Three Pointer,0,666,-5,A,,,,24,07:00,38,59,
2007,RS,5,51,300,LJU,PAPY,"HUKIC, JASMIN",3FGM,Three Pointer,3,-423,543,J,,,,24,07:00,41,59,
2007,RS,5,51,311,LJU,PLHD,"ZUPAN, MIHA",FTM,Free Throw In,1,-1,-1, ,,,,25,06:00,42,59,
2007,RS,5,51,312,LJU,PLHD,"ZUPAN, MIHA",FTM,Free Throw In,1,-1,-1, ,,,,25,06:00,43,59,
2007,RS,5,51,320,BAS,PANB,"RAKOCEVIC, IGOR",FTM,Free Throw In,1,-1,-1, ,,,,25,06:00,43,60,
2007,RS,5,51,321,BAS,PANB,"RAKOCEVIC, IGOR",FTM,Free Throw In,1,-1,-1, ,,,,25,06:00,43,61,
2007,RS,5,51,325,LJU,PAPY,"HUKIC, JASMIN",3FGA,Missed Three Pointer,0,697,66,A,,,,25,06:00,43,61,
2007,RS,5,51,333,LJU,PTGK,"BAILEY, MAURICE",FTM,Free Throw In,1,-1,-1, ,,,,26,05:00,44,61,
2007,RS,5,51,334,LJU,PTGK,"BAILEY, MAURICE",FTM,Free Throw In,1,-1,-1, ,,,,26,05:00,45,61,
2007,RS,5,51,335,BAS,PCBY,"SPLITTER, TIAGO",2FGM,Two Pointer,2,-20,15,D,,,,26,05:00,45,63,
2007,RS,5,51,338,BAS,PCBY,"SPLITTER, TIAGO",FTM,Free Throw In,1,-1,-1, ,,,,26,05:00,45,64,
2007,RS,5,51,341,LJU,PLHD,"ZUPAN, MIHA",FTM,Free Throw In,1,-1,-1, ,,,,26,05:00,46,64,
2007,RS,5,51,342,LJU,PLHD,"ZUPAN, MIHA",FTM,Free Throw In,1,-1,-1, ,,,,26,05:00,47,64,
2007,RS,5,51,343,BAS,PANB,"RAKOCEVIC, IGOR",3FGA,Missed Three Pointer,0,-607,538,J,,,,26,05:00,47,64,
2007,RS,5,51,352,LJU,PJYE,"RIZVIC, HASAN",FTM,Free Throw In,1,-1,-1, ,,,,27,04:00,48,64,
2007,RS,5,51,353,BAS,PCBY,"SPLITTER, TIAGO",2FGA,Missed Two Pointer,0,-12,102,D,,,,27,04:00,48,64,
2007,RS,5,51,356,LJU,PTHB,"DRAGIC, GORAN",3FGM,Three Pointer,3,628,207,A,,,,27,04:00,51,64,
2007,RS,5,51,361,BAS,PAFP,"PLANINIC, ZORAN",2FGM,Two Pointer,2,-300,82,E,,,,28,03:00,51,66,
2007,RS,5,51,363,BAS,PJWO,"MICKEAL, PETE",2FGM,Two Pointer,2,258,0,C,,,,28,03:00,51,68,
2007,RS,5,51,365,LJU,PJYE,"RIZVIC, HASAN",2FGA,Missed Two Pointer,0,538,43,B,,,,29,02:00,51,68,
2007,RS,5,51,367,LJU,PTGK,"BAILEY, MAURICE",3FGA,Missed Three Pointer,0,-661,38,F,,,,29,02:00,51,68,
2007,RS,5,51,373,LJU,PLHD,"ZUPAN, MIHA",FTM,Free Throw In,1,-1,-1, ,,,,29,02:00,52,68,
2007,RS,5,51,374,LJU,PLHD,"ZUPAN, MIHA",FTM,Free Throw In,1,-1,-1, ,,,,29,02:00,53,68,
2007,RS,5,51,379,BAS,PAJK,"VIDAL, SERGI",FTM,Free Throw In,1,-1,-1, ,,,,29,02:00,53,69,
2007,RS,5,51,380,BAS,PAJK,"VIDAL, SERGI",FTM,Free Throw In,1,-1,-1, ,,,,29,02:00,53,70,
2007,RS,5,51,384,LJU,PTHB,"DRAGIC, GORAN",2FGA,Missed Two Pointer,0,-87,-15,D,,,,30,01:00,53,70,
2007,RS,5,51,388,LJU,PTGI,"DONCIC, SASA",3FGA,Missed Three Pointer,0,474,535,G,,,,30,01:00,53,70,
2007,RS,5,51,395,LJU,P000184,"BOOKER, CHRIS",2FGA,Missed Two Pointer,0,56,443,H,,,,31,10:00,53,70,
2007,RS,5,51,397,BAS,PCBX,"PRIGIONI, PABLO",3FGA,Missed Three Pointer,0,-505,466,J,,,,31,10:00,53,70,
2007,RS,5,51,402,LJU,PTGG,"TAYLOR, RONELL",3FGM,Three Pointer,3,684,10,A,,,,31,10:00,56,70,
2007,RS,5,51,403,BAS,PCBX,"PRIGIONI, PABLO",3FGM,Three Pointer,3,582,353,A,,,,31,10:00,56,73,
2007,RS,5,51,404,LJU,PTGG,"TAYLOR, RONELL",2FGM,Two Pointer,2,33,82,C,,,,31,10:00,58,73,
2007,RS,5,51,406,BAS,PCBX,"PRIGIONI, PABLO",3FGA,Missed Three Pointer,0,605,400,A,,,,32,09:00,58,73,
2007,RS,5,51,420,LJU,P000184,"BOOKER, CHRIS",2FGM,Two Pointer,2,2,5,D,,,,33,08:00,60,73,
2007,RS,5,51,421,BAS,PCBX,"PRIGIONI, PABLO",2FGA,Missed Two Pointer,0,20,69,C,,,,33,08:00,60,73,
2007,RS,5,51,424,LJU,PTHB,"DRAGIC, GORAN",3FGM,Three Pointer,3,528,505,G,,,,33,08:00,63,73,
2007,RS,5,51,431,BAS,PCBY,"SPLITTER, TIAGO",2FGM,Two Pointer,2,-38,28,D,,,,33,08:00,63,75,
2007,RS,5,51,435,BAS,PCBY,"SPLITTER, TIAGO",2FGA,Missed Two Pointer,0,110,-61,C,,,,34,07:00,63,75,
2007,RS,5,51,437,LJU,PTHB,"DRAGIC, GORAN",2FGM,Two Pointer,2,74,33,C,,,,34,07:00,65,75,
2007,RS,5,51,443,BAS,PJZJ,"TELETOVIC, MIRZA",3FGA,Missed Three Pointer,0,-517,482,J,,,,35,06:00,65,75,
2007,RS,5,51,445,LJU,PAIV,"MILIC, MARKO",2FGA,Missed Two Pointer,0,64,7,C,,,,35,06:00,65,75,
2007,RS,5,51,447,BAS,PCBY,"SPLITTER, TIAGO",2FGM,Two Pointer,2,107,5,C,,,,35,06:00,65,77,
2007,RS,5,51,452,BAS,PJZJ,"TELETOVIC, MIRZA",3FGM,Three Pointer,3,-507,482,J,,,,36,05:00,65,80,
2007,RS,5,51,458,BAS,PCBX,"PRIGIONI, PABLO",2FGM,Two Pointer,2,71,-7,C,,,,36,05:00,65,82,
2007,RS,5,51,461,BAS,PANB,"RAKOCEVIC, IGOR",2FGM,Two Pointer,2,53,12,C,,,,36,05:00,65,84,
2007,RS,5,51,466,LJU,PTGG,"TAYLOR, RONELL",3FGM,Three Pointer,3,-638,320,F,,,,37,04:00,68,84,
2007,RS,5,51,468,BAS,PJZJ,"TELETOVIC, MIRZA",3FGA,Missed Three Pointer,0,700,130,A,,,,37,04:00,68,84,
2007,RS,5,51,471,LJU,PAPY,"HUKIC, JASMIN",2FGA,Missed Two Pointer,0,492,43,B,,,,37,04:00,68,84,
2007,RS,5,51,475,LJU,PAPY,"HUKIC, JASMIN",FTM,Free Throw In,1,-1,-1, ,,,,37,04:00,69,84,
2007,RS,5,51,476,LJU,PAPY,"HUKIC, JASMIN",FTM,Free Throw In,1,-1,-1, ,,,,37,04:00,70,84,
2007,RS,5,51,480,LJU,PTGK,"BAILEY, MAURICE",FTM,Free Throw In,1,-1,-1, ,,,,38,03:00,71,84,
2007,RS,5,51,481,LJU,PTGK,"BAILEY, MAURICE",FTM,Free Throw In,1,-1,-1, ,,,,38,03:00,72,84,
2007,RS,5,51,485,LJU,PAPY,"HUKIC, JASMIN",3FGA,Missed Three Pointer,0,-461,553,J,,,,38,03:00,72,84,
2007,RS,5,51,487,LJU,PLHD,"ZUPAN, MIHA",2FGA,Missed Two Pointer,0,-102,84,D,,,,38,03:00,72,84,
2007,RS,5,51,493,BAS,PJWO,"MICKEAL, PETE",2FGM,Two Pointer,2,61,84,C,,,,38,03:00,72,86,
2007,RS,5,51,495,LJU,PAPY,"HUKIC, JASMIN",3FGA,Missed Three Pointer,0,679,56,A,,,,39,02:00,72,86,
2007,RS,5,51,501,BAS,PCBX,"PRIGIONI, PABLO",FTM,Free Throw In,1,-1,-1, ,,,,39,02:00,72,87,
2007,RS,5,51,502,BAS,PJWO,"MICKEAL, PETE",2FGM,Two Pointer,2,58,41,C,,,,39,02:00,72,89,
2007,RS,5,51,503,LJU,PTGG,"TAYLOR, RONELL",3FGA,Missed Three Pointer,0,-592,530,J,,,,39,02:00,72,89,
2007,RS,5,51,505,LJU,PTGK,"BAILEY, MAURICE",3FGA,Missed Three Pointer,0,689,-2,A,,,,39,02:00,72,89,
2007,RS,5,51,509,LJU,PTGI,"DONCIC, SASA",2FGM,Two Pointer,2,-53,53,D,,,,40,01:00,74,89,
2007,RS,5,51,514,BAS,PCBY,"SPLITTER, TIAGO",FTM,Free Throw In,1,-1,-1, ,,,,40,01:00,74,90,
2007,RS,5,51,519,BAS,PJWO,"MICKEAL, PETE",FTM,Free Throw In,1,-1,-1, ,,,,40,01:00,74,91,
2007,RS,5,51,520,BAS,PJWO,"MICKEAL, PETE",FTM,Free Throw In,1,-1,-1, ,,,,40,01:00,74,92,
2007,RS,5,51,523,LJU,PTGK,"BAILEY, MAURICE",FTM,Free Throw In,1,-1,-1, ,,,,40,01:00,75,92,
2007,RS,5,51,524,LJU,PTGK,"BAILEY, MAURICE",FTM,Free Throw In,1,-1,-1, ,,,,40,01:00,76,92,
2007,RS,5,51,527,LJU,PTHB,"DRAGIC, GORAN",2FGM,Two Pointer,2,10,10,C,,,,40,01:00,78,92,
2007,RS,5,52,4,CSK,PJMM,"SISKAUSKAS, RAMUNAS",2FGM,Two Pointer,2,15,525,H,,,,1,10:00,2,0,
2007,RS,5,52,5,ZAL,P000127,"BRADLEY, MICHAEL",2FGM,Two Pointer,2,-94,69,D,,,,1,10:00,2,2,
2007,RS,5,52,6,CSK,PBEB,"LANGDON, TRAJAN",2FGM,Two Pointer,2,-107,492,I,,,,1,10:00,4,2,
2007,RS,5,52,10,CSK,PJMM,"SISKAUSKAS, RAMUNAS",3FGM,Three Pointer,3,-69,658,J,,,,2,09:00,7,2,
2007,RS,5,52,12,ZAL,P000127,"BRADLEY, MICHAEL",2FGA,Missed Two Pointer,0,-402,261,E,,,,3,08:00,7,2,
2007,RS,5,52,14,CSK,PAQO,"HOLDEN, JON ROBERT",3FGM,Three Pointer,3,-341,558,J,,,,3,08:00,10,2,
2007,RS,5,52,16,ZAL,PBDB,"COLLINS, DE JUAN",2FGM,Two Pointer,2,320,5,B,,,,3,08:00,10,4,
2007,RS,5,52,20,CSK,PALR,"SAVRASENKO, ALEKSEY",2FGM,Two Pointer,2,5,161,C,,,,4,07:00,12,4,
2007,RS,5,52,21,ZAL,PJCC,"MACIULIS, JONAS",2FGA,Missed Two Pointer,0,141,20,C,,,,4,07:00,12,4,
2007,RS,5,52,27,CSK,PAUC,"GOREE, MARCUS",2FGM,Two Pointer,2,-148,76,D,,,,4,07:00,14,4,
2007,RS,5,52,32,ZAL,PBDB,"COLLINS, DE JUAN",3FGM,Three Pointer,3,358,548,G,,,,5,06:00,14,7,
2007,RS,5,52,36,CSK,PALR,"SAVRASENKO, ALEKSEY",FTM,Free Throw In,1,-1,-1, ,,,,5,06:00,15,7,
2007,RS,5,52,37,ZAL,PAHT,"BROWN, MARCUS",3FGA,Missed Three Pointer,0,-394,576,J,,,,5,06:00,15,7,
2007,RS,5,52,39,ZAL,PANY,"SALENGA, DAINIUS",2FGA,Missed Two Pointer,0,-89,25,D,,,,5,06:00,15,7,
2007,RS,5,52,41,ZAL,PANY,"SALENGA, DAINIUS",2FGM,Two Pointer,2,-87,30,D,,,,5,06:00,15,9,
2007,RS,5,52,43,CSK,PJMM,"SISKAUSKAS, RAMUNAS",2FGM,Two Pointer,2,53,48,C,,,,6,05:00,17,9,
2007,RS,5,52,45,ZAL,PBDE,"JURAK, GORAN",3FGM,Three Pointer,3,658,-30,A,,,,6,05:00,17,12,
2007,RS,5,52,47,ZAL,PBDB,"COLLINS, DE JUAN",2FGM,Two Pointer,2,79,7,C,,,,6,05:00,17,14,
2007,RS,5,52,49,CSK,PAUC,"GOREE, MARCUS",2FGA,Missed Two Pointer,0,-333,130,E,,,,7,04:00,17,14,
2007,RS,5,52,57,CSK,PAUC,"GOREE, MARCUS",FTM,Free Throw In,1,-1,-1, ,,,,7,04:00,18,14,
2007,RS,5,52,63,ZAL,P000127,"BRADLEY, MICHAEL",2FGA,Missed Two Pointer,0,-284,338,E,,,,7,04:00,18,14,
2007,RS,5,52,67,CSK,PAQO,"HOLDEN, JON ROBERT",3FGM,Three Pointer,3,643,138,A,,,,8,03:00,21,14,
2007,RS,5,52,71,CSK,PATW,"PAPALOUKAS, THEODOROS",2FGA,Missed Two Pointer,0,-28,351,D,,,,8,03:00,21,14,
2007,RS,5,52,78,CSK,PAQO,"HOLDEN, JON ROBERT",2FGM,Two Pointer,2,-469,348,E,,,,9,02:00,23,14,
2007,RS,5,52,86,ZAL,PATP,"POPOVIC, MARKO",3FGM,Three Pointer,3,643,-25,A,,,,9,02:00,23,17,
2007,RS,5,52,87,CSK,PATW,"PAPALOUKAS, THEODOROS",2FGM,Two Pointer,2,-87,20,D,,,,9,02:00,25,17,
2007,RS,5,52,90,ZAL,PANY,"SALENGA, DAINIUS",3FGM,Three Pointer,3,-487,451,J,,,,10,01:00,25,20,
2007,RS,5,52,91,CSK,PALR,"SAVRASENKO, ALEKSEY",2FGA,Missed Two Pointer,0,92,66,C,,,,10,01:00,25,20,
2007,RS,5,52,96,CSK,PBEB,"LANGDON, TRAJAN",2FGA,Missed Two Pointer,0,-64,130,D,,,,10,01:00,25,20,
2007,RS,5,52,102,CSK,PATW,"PAPALOUKAS, THEODOROS",2FGM,Two Pointer,2,-38,87,D,,,,11,10:00,27,20,
2007,RS,5,52,104,ZAL,PJCC,"MACIULIS, JONAS",2FGM,Two Pointer,2,66,0,C,,,,11,10:00,27,22,
2007,RS,5,52,107,ZAL,PJCC,"MACIULIS, JONAS",FTM,Free Throw In,1,-1,-1, ,,,,11,10:00,27,23,
2007,RS,5,52,109,CSK,PAKT,"ANDERSEN, DAVID",2FGM,Two Pointer,2,489,15,B,,,,11,10:00,29,23,
2007,RS,5,52,117,CSK,PAUC,"GOREE, MARCUS",FTM,Free Throw In,1,-1,-1, ,,,,12,09:00,30,23,
2007,RS,5,52,120,CSK,PATW,"PAPALOUKAS, THEODOROS",3FGA,Missed Three Pointer,0,-251,628,J,,,,12,09:00,30,23,
2007,RS,5,52,132,CSK,PATW,"PAPALOUKAS, THEODOROS",2FGM,Two Pointer,2,-53,7,D,,,,13,08:00,32,23,
2007,RS,5,52,137,ZAL,PBWI,"JANKUNAS, PAULIUS",2FGA,Missed Two Pointer,0,94,51,C,,,,13,08:00,32,23,
2007,RS,5,52,139,CSK,PATW,"PAPALOUKAS, THEODOROS",2FGA,Missed Two Pointer,0,151,35,C,,,,13,08:00,32,23,
2007,RS,5,52,142,ZAL,PAHT,"BROWN, MARCUS",2FGA,Missed Two Pointer,0,-23,107,D,,,,14,07:00,32,23,
2007,RS,5,52,144,ZAL,PAHT,"BROWN, MARCUS",3FGA,Missed Three Pointer,0,312,584,G,,,,14,07:00,32,23,
2007,RS,5,52,148,CSK,PABN,"ZISIS, NIKOLAOS",2FGA,Missed Two Pointer,0,-66,453,I,,,,14,07:00,32,23,
2007,RS,5,52,151,CSK,PJMM,"SISKAUSKAS, RAMUNAS",3FGM,Three Pointer,3,-617,258,F,,,,14,07:00,35,23,
2007,RS,5,52,155,ZAL,PJCC,"MACIULIS, JONAS",2FGM,Two Pointer,2,-307,187,E,,,,14,07:00,35,25,
2007,RS,5,52,164,ZAL,PBDB,"COLLINS, DE JUAN",2FGA,Missed Two Pointer,0,69,2,C,,,,15,06:00,35,25,
2007,RS,5,52,166,ZAL,PBWI,"JANKUNAS, PAULIUS",2FGM,Two Pointer,2,-105,38,D,,,,15,06:00,35,27,
2007,RS,5,52,172,CSK,PALR,"SAVRASENKO, ALEKSEY",FTM,Free Throw In,1,-1,-1, ,,,,15,06:00,36,27,
2007,RS,5,52,173,ZAL,PBDB,"COLLINS, DE JUAN",2FGA,Missed Two Pointer,0,82,23,C,,,,15,06:00,36,27,
2007,RS,5,52,176,CSK,PJMM,"SISKAUSKAS, RAMUNAS",2FGM,Two Pointer,2,10,56,C,,,,15,06:00,38,27,
2007,RS,5,52,179,ZAL,PAHT,"BROWN, MARCUS",3FGM,Three Pointer,3,-658,-51,F,,,,16,05:00,38,30,
2007,RS,5,52,180,CSK,PAUC,"GOREE, MARCUS",2FGA,Missed Two Pointer,0,66,15,C,,,,16,05:00,38,30,
2007,RS,5,52,188,ZAL,PAHT,"BROWN, MARCUS",FTM,Free Throw In,1,-1,-1, ,,,,16,05:00,38,31,
2007,RS,5,52,189,ZAL,PAHT,"BROWN, MARCUS",FTM,Free Throw In,1,-1,-1, ,,,,16,05:00,38,32,
2007,RS,5,52,191,CSK,PLHI,"VORONTSEVICH, ANDREY",2FGA,Missed Two Pointer,0,-64,7,D,,,,17,04:00,38,32,
2007,RS,5,52,194,CSK,PJMM,"SISKAUSKAS, RAMUNAS",3FGM,Three Pointer,3,656,-66,A,,,,17,04:00,41,32,
2007,RS,5,52,196,ZAL,P000127,"BRADLEY, MICHAEL",2FGM,Two Pointer,2,-64,23,D,,,,17,04:00,41,34,
2007,RS,5,52,198,CSK,PATW,"PAPALOUKAS, THEODOROS",2FGA,Missed Two Pointer,0,-7,110,D,,,,18,03:00,41,34,
2007,RS,5,52,204,CSK,PAQO,"HOLDEN, JON ROBERT",3FGA,Missed Three Pointer,0,384,543,G,,,,18,03:00,41,34,
2007,RS,5,52,206,CSK,PALR,"SAVRASENKO, ALEKSEY",2FGA,Missed Two Pointer,0,89,69,C,,,,18,03:00,41,34,
2007,RS,5,52,208,CSK,PLHI,"VORONTSEVICH, ANDREY",3FGA,Missed Three Pointer,0,-651,84,F,,,,18,03:00,41,34,
2007,RS,5,52,210,CSK,PATW,"PAPALOUKAS, THEODOROS",3FGA,Missed Three Pointer,0,-551,392,F,,,,18,03:00,41,34,
2007,RS,5,52,213,ZAL,PAHT,"BROWN, MARCUS",3FGA,Missed Three Pointer,0,-389,541,J,,,,19,02:00,41,34,
2007,RS,5,52,222,CSK,PATW,"PAPALOUKAS, THEODOROS",2FGM,Two Pointer,2,-46,15,D,,,,19,02:00,43,34,
2007,RS,5,52,223,ZAL,PATP,"POPOVIC, MARKO",3FGA,Missed Three Pointer,0,271,605,G,,,,19,02:00,43,34,
2007,RS,5,52,232,ZAL,PATP,"POPOVIC, MARKO",2FGM,Two Pointer,2,-61,7,D,,,,20,01:00,43,36,
2007,RS,5,52,244,CSK,PALR,"SAVRASENKO, ALEKSEY",2FGM,Two Pointer,2,-51,28,D,,,,21,10:00,45,36,
2007,RS,5,52,247,ZAL,PBDB,"COLLINS, DE JUAN",2FGAB,Missed Two Pointer,0,-66,15,D,,,,21,10:00,45,36,
2007,RS,5,52,252,CSK,PBEB,"LANGDON, TRAJAN",3FGA,Missed Three Pointer,0,335,569,G,,,,21,10:00,45,36,
2007,RS,5,52,257,ZAL,PJCC,"MACIULIS, JONAS",FTM,Free Throw In,1,-1,-1, ,,,,22,09:00,45,37,
2007,RS,5,52,258,ZAL,PJCC,"MACIULIS, JONAS",FTM,Free Throw In,1,-1,-1, ,,,,22,09:00,45,38,
2007,RS,5,52,269,CSK,PAQO,"HOLDEN, JON ROBERT",2FGM,Two Pointer,2,328,10,B,,,,23,08:00,47,38,
2007,RS,5,52,270,ZAL,P000127,"BRADLEY, MICHAEL",2FGA,Missed Two Pointer,0,-89,28,D,,,,23,08:00,47,38,
2007,RS,5,52,276,CSK,PAQO,"HOLDEN, JON ROBERT",3FGA,Missed Three Pointer,0,456,533,G,,,,23,08:00,47,38,
2007,RS,5,52,279,ZAL,PBDB,"COLLINS, DE JUAN",2FGM,Two Pointer,2,-46,12,D,,,,24,07:00,47,40,
2007,RS,5,52,281,CSK,PALR,"SAVRASENKO, ALEKSEY",2FGM,Two Pointer,2,48,38,C,,,,24,07:00,49,40,
2007,RS,5,52,282,ZAL,P000127,"BRADLEY, MICHAEL",3FGA,Missed Three Pointer,0,-30,664,J,,,,24,07:00,49,40,
2007,RS,5,52,284,CSK,PAKT,"ANDERSEN, DAVID",3FGA,Missed Three Pointer,0,-48,651,J,,,,24,07:00,49,40,
2007,RS,5,52,292,ZAL,P000127,"BRADLEY, MICHAEL",2FGM,Two Pointer,2,15,100,C,,,,25,06:00,49,42,
2007,RS,5,52,294,CSK,PALR,"SAVRASENKO, ALEKSEY",2FGM,Two Pointer,2,46,23,C,,,,25,06:00,51,42,
2007,RS,5,52,299,CSK,PALR,"SAVRASENKO, ALEKSEY",FTM,Free Throw In,1,-1,-1, ,,,,25,06:00,52,42,
2007,RS,5,52,300,ZAL,PATP,"POPOVIC, MARKO",3FGA,Missed Three Pointer,0,53,658,G,,,,25,06:00,52,42,
2007,RS,5,52,303,CSK,PAQO,"HOLDEN, JON ROBERT",3FGA,Missed Three Pointer,0,-379,538,J,,,,26,05:00,52,42,
2007,RS,5,52,311,ZAL,PAHT,"BROWN, MARCUS",FTM,Free Throw In,1,-1,-1, ,,,,26,05:00,52,43,
2007,RS,5,52,312,ZAL,PAHT,"BROWN, MARCUS",FTM,Free Throw In,1,-1,-1, ,,,,26,05:00,52,44,
2007,RS,5,52,314,CSK,PAUC,"GOREE, MARCUS",2FGM,Two Pointer,2,-7,600,I,,,,26,05:00,54,44,
2007,RS,5,52,317,CSK,PAKT,"ANDERSEN, DAVID",2FGM,Two Pointer,2,-69,112,D,,,,26,05:00,56,44,
2007,RS,5,52,320,ZAL,P000127,"BRADLEY, MICHAEL",2FGM,Two Pointer,2,-41,15,D,,,,27,04:00,56,46,
2007,RS,5,52,325,ZAL,P000127,"BRADLEY, MICHAEL",FTM,Free Throw In,1,-1,-1, ,,,,27,04:00,56,47,
2007,RS,5,52,331,CSK,PAKT,"ANDERSEN, DAVID",3FGM,Three Pointer,3,-64,641,J,,,,28,03:00,59,47,
2007,RS,5,52,336,ZAL,PATP,"POPOVIC, MARKO",FTM,Free Throw In,1,-1,-1, ,,,,28,03:00,59,48,
2007,RS,5,52,337,ZAL,PATP,"POPOVIC, MARKO",FTM,Free Throw In,1,-1,-1, ,,,,28,03:00,59,49,
2007,RS,5,52,342,CSK,PAUC,"GOREE, MARCUS",FTM,Free Throw In,1,-1,-1, ,,,,28,03:00,60,49,
2007,RS,5,52,350,ZAL,PBWI,"JANKUNAS, PAULIUS",FTM,Free Throw In,1,-1,-1, ,,,,28,03:00,60,50,
2007,RS,5,52,354,CSK,PALR,"SAVRASENKO, ALEKSEY",2FGM,Two Pointer,2,-58,5,D,,,,28,03:00,62,50,
2007,RS,5,52,357,ZAL,PATP,"POPOVIC, MARKO",3FGM,Three Pointer,3,407,528,G,,,,29,02:00,62,53,
2007,RS,5,52,361,CSK,PATW,"PAPALOUKAS, THEODOROS",3FGA,Missed Three Pointer,0,-615,233,F,,,,29,02:00,62,53,
2007,RS,5,52,364,ZAL,PANY,"SALENGA, DAINIUS",2FGM,Two Pointer,2,-197,51,D,,,,30,01:00,62,55,
2007,RS,5,52,365,CSK,PABN,"ZISIS, NIKOLAOS",3FGA,Missed Three Pointer,0,-669,-61,F,,,,30,01:00,62,55,
2007,RS,5,52,367,ZAL,PATP,"POPOVIC, MARKO",2FGM,Two Pointer,2,10,130,C,,,,30,01:00,62,57,
2007,RS,5,52,374,ZAL,PATP,"POPOVIC, MARKO",2FGM,Two Pointer,2,-166,453,I,,,,31,10:00,62,59,
2007,RS,5,52,376,CSK,PALR,"SAVRASENKO, ALEKSEY",2FGM,Two Pointer,2,-79,2,D,,,,31,10:00,64,59,
2007,RS,5,52,377,ZAL,PAHT,"BROWN, MARCUS",2FGA,Missed Two Pointer,0,320,174,B,,,,31,10:00,64,59,
2007,RS,5,52,384,ZAL,PBWI,"JANKUNAS, PAULIUS",FTM,Free Throw In,1,-1,-1, ,,,,32,09:00,64,60,
2007,RS,5,52,385,ZAL,PBWI,"JANKUNAS, PAULIUS",FTM,Free Throw In,1,-1,-1, ,,,,32,09:00,64,61,
2007,RS,5,52,386,CSK,PBEB,"LANGDON, TRAJAN",3FGA,Missed Three Pointer,0,-653,28,F,,,,32,09:00,64,61,
2007,RS,5,52,388,ZAL,PANY,"SALENGA, DAINIUS",3FGA,Missed Three Pointer,0,551,389,A,,,,32,09:00,64,61,
2007,RS,5,52,397,CSK,PJMM,"SISKAUSKAS, RAMUNAS",3FGA,Missed Three Pointer,0,651,184,A,,,,33,08:00,64,61,
2007,RS,5,52,399,ZAL,PAHT,"BROWN, MARCUS",3FGM,Three Pointer,3,-376,538,J,,,,33,08:00,64,64,
2007,RS,5,52,400,CSK,PJMM,"SISKAUSKAS, RAMUNAS",2FGM,Two Pointer,2,489,-17,B,,,,33,08:00,66,64,
2007,RS,5,52,406,ZAL,PAHT,"BROWN, MARCUS",3FGA,Missed Three Pointer,0,-246,641,J,,,,34,07:00,66,64,
2007,RS,5,52,408,CSK,PBEB,"LANGDON, TRAJAN",2FGA,Missed Two Pointer,0,-61,466,I,,,,34,07:00,66,64,
2007,RS,5,52,411,ZAL,PAHT,"BROWN, MARCUS",3FGA,Missed Three Pointer,0,-658,-23,F,,,,35,06:00,66,64,
2007,RS,5,52,413,ZAL,PAHT,"BROWN, MARCUS",3FGA,Missed Three Pointer,0,507,494,G,,,,35,06:00,66,64,
2007,RS,5,52,417,ZAL,PBWI,"JANKUNAS, PAULIUS",2FGAB,Missed Two Pointer,0,92,23,C,,,,35,06:00,66,64,
2007,RS,5,52,421,CSK,PAKT,"ANDERSEN, DAVID",2FGA,Missed Two Pointer,0,323,74,B,,,,35,06:00,66,64,
2007,RS,5,52,424,ZAL,PLCZ,"MOTIEJUNAS, DONATAS",3FGA,Missed Three Pointer,0,630,225,A,,,,36,05:00,66,64,
2007,RS,5,52,430,CSK,PAKT,"ANDERSEN, DAVID",2FGM,Two Pointer,2,261,323,B,,,,36,05:00,68,64,
2007,RS,5,52,436,ZAL,PBWI,"JANKUNAS, PAULIUS",2FGM,Two Pointer,2,97,7,C,,,,37,04:00,68,66,
2007,RS,5,52,438,CSK,PAKT,"ANDERSEN, DAVID",3FGM,Three Pointer,3,7,666,G,,,,37,04:00,71,66,
2007,RS,5,52,441,ZAL,P000127,"BRADLEY, MICHAEL",2FGM,Two Pointer,2,84,28,C,,,,38,03:00,71,68,
2007,RS,5,52,442,CSK,PABN,"ZISIS, NIKOLAOS",2FGM,Two Pointer,2,-56,-2,D,,,,38,03:00,73,68,
2007,RS,5,52,444,ZAL,P000127,"BRADLEY, MICHAEL",2FGM,Two Pointer,2,66,0,C,,,,38,03:00,73,70,
2007,RS,5,52,453,CSK,PABN,"ZISIS, NIKOLAOS",FTM,Free Throw In,1,-1,-1, ,,,,38,03:00,74,70,
2007,RS,5,52,466,ZAL,PJCC,"MACIULIS, JONAS",2FGA,Missed Two Pointer,0,97,53,C,,,,39,02:00,74,70,
2007,RS,5,52,468,ZAL,P000127,"BRADLEY, MICHAEL",2FGA,Missed Two Pointer,0,87,10,C,,,,39,02:00,74,70,
2007,RS,5,52,470,CSK,PABN,"ZISIS, NIKOLAOS",2FGA,Missed Two Pointer,0,-192,5,D,,,,39,02:00,74,70,
2007,RS,5,52,480,CSK,PAKT,"ANDERSEN, DAVID",2FGM,Two Pointer,2,-56,15,D,,,,40,01:00,76,70,
2007,RS,5,52,489,CSK,PJMM,"SISKAUSKAS, RAMUNAS",FTM,Free Throw In,1,-1,-1, ,,,,40,01:00,77,70,
2007,RS,5,52,490,CSK,PJMM,"SISKAUSKAS, RAMUNAS",FTM,Free Throw In,1,-1,-1, ,,,,40,01:00,78,70,
2007,RS,5,52,491,ZAL,PBDB,"COLLINS, DE JUAN",2FGA,Missed Two Pointer,0,-2,151,D,,,,40,01:00,78,70,
2007,RS,5,53,2,MIL,PKNZ,"WATSON, TRAVIS",2FGM,Two Pointer,2,100,15,C,,,,1,10:00,0,2,
2007,RS,5,53,3,ARI,PLGM,"TSALDARIS, DIMITRIOS",3FGA,Missed Three Pointer,0,417,628,G,,,,1,10:00,0,2,
2007,RS,5,53,5,MIL,PAUT,"VUKCEVIC, DUSAN",3FGA,Missed Three Pointer,0,676,46,A,,,,1,10:00,0,2,
2007,RS,5,53,9,ARI,PLGV,"MASSEY, JEREMIAH",2FGA,Missed Two Pointer,0,-105,15,D,,,,2,09:00,0,2,
2007,RS,5,53,11,MIL,PAUT,"VUKCEVIC, DUSAN",2FGA,Missed Two Pointer,0,-376,256,E,,,,2,09:00,0,2,
2007,RS,5,53,14,ARI,PTEM,"WRIGHT, BRACEY",2FGM,Two Pointer,2,-107,351,D,,,,2,09:00,2,2,
2007,RS,5,53,16,MIL,PKRD,"GALLINARI, DANILO",2FGM,Two Pointer,2,-687,74,F,,,,3,08:00,2,4,
2007,RS,5,53,20,MIL,PLGS,"SESAY, ANSU",3FGM,Three Pointer,3,664,151,A,,,,3,08:00,2,7,
2007,RS,5,53,23,ARI,PTEM,"WRIGHT, BRACEY",3FGA,Missed Three Pointer,0,464,561,G,,,,4,07:00,2,7,
2007,RS,5,53,27,ARI,PLGV,"MASSEY, JEREMIAH",2FGA,Missed Two Pointer,0,-120,-7,D,,,,4,07:00,2,7,
2007,RS,5,53,29,ARI,PLGV,"MASSEY, JEREMIAH",2FGM,Two Pointer,2,-100,10,D,,,,4,07:00,4,7,
2007,RS,5,53,30,MIL,PAVD,"BOOKER, MELVIN",3FGM,Three Pointer,3,297,625,G,,,,4,07:00,4,10,
2007,RS,5,53,34,MIL,PAVD,"BOOKER, MELVIN",2FGM,Two Pointer,2,48,23,C,,,,5,06:00,4,12,
2007,RS,5,53,39,ARI,PTEM,"WRIGHT, BRACEY",3FGA,Missed Three Pointer,0,-417,584,J,,,,5,06:00,4,12,
2007,RS,5,53,43,MIL,PAVD,"BOOKER, MELVIN",2FGM,Two Pointer,2,-305,-20,E,,,,6,05:00,4,14,
2007,RS,5,53,44,ARI,PJXV,"CASTLE, TERREL",3FGM,Three Pointer,3,46,689,G,,,,6,05:00,7,14,
2007,RS,5,53,48,ARI,PTEM,"WRIGHT, BRACEY",3FGA,Missed Three Pointer,0,-410,551,J,,,,6,05:00,7,14,
2007,RS,5,53,51,MIL,PAUT,"VUKCEVIC, DUSAN",3FGM,Three Pointer,3,435,520,G,,,,7,04:00,7,17,
2007,RS,5,53,53,ARI,PBDH,"MOTTOLA, HANNO",2FGM,Two Pointer,2,289,105,B,,,,7,04:00,9,17,
2007,RS,5,53,58,MIL,PLGS,"SESAY, ANSU",3FGM,Three Pointer,3,-30,656,J,,,,7,04:00,9,20,
2007,RS,5,53,60,ARI,PLGV,"MASSEY, JEREMIAH",2FGAB,Missed Two Pointer,0,-76,79,D,,,,7,04:00,9,20,
2007,RS,5,53,66,ARI,PTEM,"WRIGHT, BRACEY",3FGA,Missed Three Pointer,0,-600,407,F,,,,8,03:00,9,20,
2007,RS,5,53,67,MIL,PKNZ,"WATSON, TRAVIS",2FGM,Two Pointer,2,28,51,C,,,,8,03:00,9,22,
2007,RS,5,53,69,ARI,PLGM,"TSALDARIS, DIMITRIOS",2FGA,Missed Two Pointer,0,79,38,C,,,,8,03:00,9,22,
2007,RS,5,53,71,ARI,PLGV,"MASSEY, JEREMIAH",2FGM,Two Pointer,2,-82,51,D,,,,8,03:00,11,22,
2007,RS,5,53,72,MIL,PKRD,"GALLINARI, DANILO",3FGA,Missed Three Pointer,0,-576,456,J,,,,8,03:00,11,22,
2007,RS,5,53,74,MIL,PKNZ,"WATSON, TRAVIS",2FGM,Two Pointer,2,-74,7,D,,,,9,02:00,11,24,
2007,RS,5,53,93,MIL,PAUT,"VUKCEVIC, DUSAN",2FGM,Two Pointer,2,10,71,C,,,,9,02:00,11,26,
2007,RS,5,53,99,ARI,PBAO,"SERAPINAS, SIMONAS",3FGA,Missed Three Pointer,0,-258,625,J,,,,10,01:00,11,26,
2007,RS,5,53,101,ARI,PBDH,"MOTTOLA, HANNO",2FGAB,Missed Two Pointer,0,-7,61,D,,,,10,01:00,11,26,
2007,RS,5,53,108,ARI,PTEO,"TERRY, REYSHAWN",3FGA,Missed Three Pointer,0,700,205,A,,,,11,10:00,11,26,
2007,RS,5,53,110,ARI,PTEO,"TERRY, REYSHAWN",3FGA,Missed Three Pointer,0,692,46,A,,,,11,10:00,11,26,
2007,RS,5,53,114,MIL,PCUG,"SHAW, CASEY",2FGM,Two Pointer,2,-69,23,D,,,,11,10:00,11,28,
2007,RS,5,53,119,ARI,PTEO,"TERRY, REYSHAWN",2FGA,Missed Two Pointer,0,338,10,B,,,,12,09:00,11,28,
2007,RS,5,53,121,MIL,PLGS,"SESAY, ANSU",3FGA,Missed Three Pointer,0,-689,112,F,,,,12,09:00,11,28,
2007,RS,5,53,131,ARI,PBDH,"MOTTOLA, HANNO",2FGM,Two Pointer,2,0,61,D,,,,12,09:00,13,28,
2007,RS,5,53,133,MIL,PLGS,"SESAY, ANSU",2FGM,Two Pointer,2,279,100,B,,,,13,08:00,13,30,
2007,RS,5,53,134,ARI,PLGV,"MASSEY, JEREMIAH",2FGM,Two Pointer,2,66,25,C,,,,13,08:00,15,30,
2007,RS,5,53,137,MIL,PAUT,"VUKCEVIC, DUSAN",2FGM,Two Pointer,2,-79,15,D,,,,14,07:00,15,32,
2007,RS,5,53,138,ARI,PBAO,"SERAPINAS, SIMONAS",3FGM,Three Pointer,3,-689,5,F,,,,14,07:00,18,32,
2007,RS,5,53,140,MIL,PLGS,"SESAY, ANSU",3FGA,Missed Three Pointer,0,-538,482,J,,,,14,07:00,18,32,
2007,RS,5,53,142,ARI,PBDH,"MOTTOLA, HANNO",2FGA,Missed Two Pointer,0,330,133,B,,,,14,07:00,18,32,
2007,RS,5,53,145,MIL,PTEQ,"ARADORI, PIETRO",3FGA,Missed Three Pointer,0,-697,-2,F,,,,15,06:00,18,32,
2007,RS,5,53,151,ARI,PBAO,"SERAPINAS, SIMONAS",3FGA,Missed Three Pointer,0,602,428,G,,,,15,06:00,18,32,
2007,RS,5,53,157,ARI,PLGV,"MASSEY, JEREMIAH",2FGA,Missed Two Pointer,0,-105,20,D,,,,15,06:00,18,32,
2007,RS,5,53,159,ARI,PBDH,"MOTTOLA, HANNO",2FGM,Two Pointer,2,10,556,H,,,,15,06:00,20,32,
2007,RS,5,53,165,MIL,PAVD,"BOOKER, MELVIN",FTM,Free Throw In,1,-1,-1, ,,,,16,05:00,20,33,
2007,RS,5,53,168,ARI,PBAO,"SERAPINAS, SIMONAS",3FGM,Three Pointer,3,35,689,G,,,,16,05:00,23,33,
2007,RS,5,53,170,MIL,PKNZ,"WATSON, TRAVIS",2FGAB,Missed Two Pointer,0,100,53,C,,,,16,05:00,23,33,
2007,RS,5,53,177,ARI,PBAO,"SERAPINAS, SIMONAS",3FGA,Missed Three Pointer,0,-515,474,J,,,,17,04:00,23,33,
2007,RS,5,53,181,ARI,PLGV,"MASSEY, JEREMIAH",FTM,Free Throw In,1,-1,-1, ,,,,17,04:00,24,33,
2007,RS,5,53,182,ARI,PLGV,"MASSEY, JEREMIAH",FTM,Free Throw In,1,-1,-1, ,,,,17,04:00,25,33,
2007,RS,5,53,183,MIL,PAVD,"BOOKER, MELVIN",2FGM,Two Pointer,2,-446,-43,E,,,,17,04:00,25,35,
2007,RS,5,53,193,ARI,PBDH,"MOTTOLA, HANNO",FTM,Free Throw In,1,-1,-1, ,,,,18,03:00,26,35,
2007,RS,5,53,196,MIL,PKRD,"GALLINARI, DANILO",2FGM,Two Pointer,2,7,474,H,,,,18,03:00,26,37,
2007,RS,5,53,198,ARI,PTEM,"WRIGHT, BRACEY",3FGA,Missed Three Pointer,0,76,710,G,,,,18,03:00,26,37,
2007,RS,5,53,203,MIL,PKNZ,"WATSON, TRAVIS",2FGAB,Missed Two Pointer,0,30,56,C,,,,19,02:00,26,37,
2007,RS,5,53,207,ARI,PBDH,"MOTTOLA, HANNO",2FGM,Two Pointer,2,-66,48,D,,,,19,02:00,28,37,
2007,RS,5,53,212,ARI,PTEM,"WRIGHT, BRACEY",3FGM,Three Pointer,3,684,153,A,,,,19,02:00,31,37,
2007,RS,5,53,215,MIL,PCUG,"SHAW, CASEY",2FGM,Two Pointer,2,33,43,C,,,,20,01:00,31,39,
2007,RS,5,53,225,ARI,PTEM,"WRIGHT, BRACEY",FTM,Free Throw In,1,-1,-1, ,,,,20,01:00,32,39,
2007,RS,5,53,226,ARI,PTEM,"WRIGHT, BRACEY",FTM,Free Throw In,1,-1,-1, ,,,,20,01:00,33,39,
2007,RS,5,53,231,MIL,PCUG,"SHAW, CASEY",FTM,Free Throw In,1,-1,-1, ,,,,20,01:00,33,40,
2007,RS,5,53,232,MIL,PCUG,"SHAW, CASEY",FTM,Free Throw In,1,-1,-1, ,,,,20,01:00,33,41,
2007,RS,5,53,235,ARI,PBDH,"MOTTOLA, HANNO",2FGA,Missed Two Pointer,0,-30,69,D,,,,20,01:00,33,41,
2007,RS,5,53,236,ARI,PLGM,"TSALDARIS, DIMITRIOS",3FGA,Missed Three Pointer,0,-671,-28,F,,,,20,01:00,33,41,
2007,RS,5,53,238,ARI,PBAO,"SERAPINAS, SIMONAS",2FGM,Two Pointer,2,194,38,C,,,,20,01:00,35,41,
2007,RS,5,53,249,MIL,PLGS,"SESAY, ANSU",3FGA,Missed Three Pointer,0,694,43,A,,,,21,10:00,35,41,
2007,RS,5,53,253,MIL,PAVD,"BOOKER, MELVIN",3FGA,Missed Three Pointer,0,346,620,G,,,,21,10:00,35,41,
2007,RS,5,53,255,MIL,PKRD,"GALLINARI, DANILO",3FGM,Three Pointer,3,-394,535,J,,,,21,10:00,35,44,
2007,RS,5,53,258,ARI,PTEM,"WRIGHT, BRACEY",3FGM,Three Pointer,3,-35,666,J,,,,22,09:00,38,44,
2007,RS,5,53,260,MIL,PAVD,"BOOKER, MELVIN",3FGA,Missed Three Pointer,0,235,671,G,,,,22,09:00,38,44,
2007,RS,5,53,262,MIL,PAUT,"VUKCEVIC, DUSAN",3FGM,Three Pointer,3,-679,-71,F,,,,22,09:00,38,47,
2007,RS,5,53,264,ARI,PBAO,"SERAPINAS, SIMONAS",3FGM,Three Pointer,3,494,464,G,,,,22,09:00,41,47,
2007,RS,5,53,267,MIL,PKNZ,"WATSON, TRAVIS",2FGA,Missed Two Pointer,0,115,15,C,,,,23,08:00,41,47,
2007,RS,5,53,269,ARI,PBDH,"MOTTOLA, HANNO",2FGAB,Missed Two Pointer,0,84,23,C,,,,23,08:00,41,47,
2007,RS,5,53,273,ARI,PLGV,"MASSEY, JEREMIAH",2FGAB,Missed Two Pointer,0,17,38,C,,,,23,08:00,41,47,
2007,RS,5,53,284,MIL,PAUT,"VUKCEVIC, DUSAN",3FGM,Three Pointer,3,602,366,A,,,,24,07:00,41,50,
2007,RS,5,53,285,ARI,PBAO,"SERAPINAS, SIMONAS",3FGA,Missed Three Pointer,0,656,110,A,,,,24,07:00,41,50,
2007,RS,5,53,288,MIL,PAVD,"BOOKER, MELVIN",2FGM,Two Pointer,2,107,674,G,,,,25,06:00,41,52,
2007,RS,5,53,289,ARI,PLGV,"MASSEY, JEREMIAH",2FGM,Two Pointer,2,-156,128,D,,,,25,06:00,43,52,
2007,RS,5,53,292,ARI,PLGV,"MASSEY, JEREMIAH",FTM,Free Throw In,1,-1,-1, ,,,,25,06:00,44,52,
2007,RS,5,53,296,ARI,PLGV,"MASSEY, JEREMIAH",2FGM,Two Pointer,2,20,61,C,,,,25,06:00,46,52,
2007,RS,5,53,298,MIL,PAUT,"VUKCEVIC, DUSAN",3FGA,Missed Three Pointer,0,30,705,G,,,,26,05:00,46,52,
2007,RS,5,53,300,ARI,PLGV,"MASSEY, JEREMIAH",3FGA,Missed Three Pointer,0,7,682,G,,,,26,05:00,46,52,
2007,RS,5,53,308,MIL,PLGS,"SESAY, ANSU",FTM,Free Throw In,1,-1,-1, ,,,,26,05:00,46,53,
2007,RS,5,53,309,MIL,PLGS,"SESAY, ANSU",FTM,Free Throw In,1,-1,-1, ,,,,26,05:00,46,54,
2007,RS,5,53,311,ARI,PTEM,"WRIGHT, BRACEY",2FGA,Missed Two Pointer,0,312,189,B,,,,27,04:00,46,54,
2007,RS,5,53,313,MIL,PLGS,"SESAY, ANSU",3FGM,Three Pointer,3,-217,646,J,,,,27,04:00,46,57,
2007,RS,5,53,315,ARI,PAPI,"KALAITZIS, GEORGIOS",3FGM,Three Pointer,3,-689,15,F,,,,27,04:00,49,57,
2007,RS,5,53,316,MIL,PAVD,"BOOKER, MELVIN",2FGM,Two Pointer,2,-146,25,D,,,,27,04:00,49,59,
2007,RS,5,53,320,ARI,PLGV,"MASSEY, JEREMIAH",2FGA,Missed Two Pointer,0,2,548,H,,,,27,04:00,49,59,
2007,RS,5,53,330,ARI,PTEM,"WRIGHT, BRACEY",3FGA,Missed Three Pointer,0,-520,461,J,,,,28,03:00,49,59,
2007,RS,5,53,334,ARI,PLGV,"MASSEY, JEREMIAH",2FGM,Two Pointer,2,66,5,C,,,,29,02:00,51,59,
2007,RS,5,53,337,MIL,PLGS,"SESAY, ANSU",2FGM,Two Pointer,2,-371,605,J,,,,30,01:00,51,61,
2007,RS,5,53,346,MIL,PKRD,"GALLINARI, DANILO",FTM,Free Throw In,1,-1,-1, ,,,,30,01:00,51,62,
2007,RS,5,53,349,ARI,PAPI,"KALAITZIS, GEORGIOS",3FGM,Three Pointer,3,669,-10,A,,,,30,01:00,54,62,
2007,RS,5,53,351,MIL,PKRD,"GALLINARI, DANILO",3FGA,Missed Three Pointer,0,43,707,G,,,,30,01:00,54,62,
2007,RS,5,53,356,ARI,PJIX,"AGADAKOS, LAZAROS",2FGA,Missed Two Pointer,0,-15,505,I,,,,31,10:00,54,62,
2007,RS,5,53,358,ARI,PTEO,"TERRY, REYSHAWN",2FGM,Two Pointer,2,35,41,C,,,,31,10:00,56,62,
2007,RS,5,53,363,MIL,PAVD,"BOOKER, MELVIN",2FGA,Missed Two Pointer,0,2,153,D,,,,31,10:00,56,62,
2007,RS,5,53,365,ARI,PLGM,"TSALDARIS, DIMITRIOS",3FGM,Three Pointer,3,502,466,G,,,,31,10:00,59,62,
2007,RS,5,53,368,MIL,PKNZ,"WATSON, TRAVIS",2FGA,Missed Two Pointer,0,97,61,C,,,,32,09:00,59,62,
2007,RS,5,53,373,ARI,PTEM,"WRIGHT, BRACEY",2FGA,Missed Two Pointer,0,-2,474,I,,,,32,09:00,59,62,
2007,RS,5,53,375,MIL,PAUT,"VUKCEVIC, DUSAN",3FGA,Missed Three Pointer,0,-320,615,J,,,,32,09:00,59,62,
2007,RS,5,53,378,ARI,PTEO,"TERRY, REYSHAWN",2FGA,Missed Two Pointer,0,-10,200,D,,,,33,08:00,59,62,
2007,RS,5,53,384,MIL,PAUT,"VUKCEVIC, DUSAN",FTM,Free Throw In,1,-1,-1, ,,,,33,08:00,59,63,
2007,RS,5,53,385,MIL,PAUT,"VUKCEVIC, DUSAN",FTM,Free Throw In,1,-1,-1, ,,,,33,08:00,59,64,
2007,RS,5,53,392,MIL,PAVD,"BOOKER, MELVIN",2FGA,Missed Two Pointer,0,148,71,C,,,,34,07:00,59,64,
2007,RS,5,53,395,ARI,PTEO,"TERRY, REYSHAWN",3FGA,Missed Three Pointer,0,-679,141,F,,,,34,07:00,59,64,
2007,RS,5,53,398,MIL,PAUT,"VUKCEVIC, DUSAN",2FGM,Two Pointer,2,-51,82,D,,,,34,07:00,59,66,
2007,RS,5,53,401,MIL,PAUT,"VUKCEVIC, DUSAN",3FGA,Missed Three Pointer,0,582,407,A,,,,34,07:00,59,66,
2007,RS,5,53,403,MIL,PKRD,"GALLINARI, DANILO",2FGM,Two Pointer,2,-74,23,D,,,,34,07:00,59,68,
2007,RS,5,53,407,ARI,PLGV,"MASSEY, JEREMIAH",FTM,Free Throw In,1,-1,-1, ,,,,35,06:00,60,68,
2007,RS,5,53,410,MIL,PKRD,"GALLINARI, DANILO",3FGA,Missed Three Pointer,0,497,543,G,,,,35,06:00,60,68,
2007,RS,5,53,413,ARI,PLGM,"TSALDARIS, DIMITRIOS",2FGM,Two Pointer,2,58,20,C,,,,36,05:00,62,68,
2007,RS,5,53,414,MIL,PLGS,"SESAY, ANSU",3FGA,Missed Three Pointer,0,-387,587,J,,,,36,05:00,62,68,
2007,RS,5,53,416,MIL,PKNZ,"WATSON, TRAVIS",2FGM,Two Pointer,2,58,38,C,,,,36,05:00,62,70,
2007,RS,5,53,418,ARI,PAPI,"KALAITZIS, GEORGIOS",2FGA,Missed Two Pointer,0,-5,543,I,,,,37,04:00,62,70,
2007,RS,5,53,420,MIL,PAUT,"VUKCEVIC, DUSAN",3FGA,Missed Three Pointer,0,597,405,A,,,,37,04:00,62,70,
2007,RS,5,53,422,MIL,PAUT,"VUKCEVIC, DUSAN",2FGA,Missed Two Pointer,0,576,-20,B,,,,37,04:00,62,70,
2007,RS,5,53,424,ARI,PLGM,"TSALDARIS, DIMITRIOS",3FGA,Missed Three Pointer,0,474,494,G,,,,37,04:00,62,70,
2007,RS,5,53,431,MIL,PAVD,"BOOKER, MELVIN",3FGA,Missed Three Pointer,0,-689,-46,F,,,,38,03:00,62,70,
2007,RS,5,53,438,ARI,PBDH,"MOTTOLA, HANNO",FTM,Free Throw In,1,-1,-1, ,,,,38,03:00,63,70,
2007,RS,5,53,439,ARI,PBDH,"MOTTOLA, HANNO",FTM,Free Throw In,1,-1,-1, ,,,,38,03:00,64,70,
2007,RS,5,53,440,MIL,PAVD,"BOOKER, MELVIN",2FGM,Two Pointer,2,-82,43,D,,,,38,03:00,64,72,
2007,RS,5,53,442,ARI,PTEM,"WRIGHT, BRACEY",2FGM,Two Pointer,2,-194,446,I,,,,39,02:00,66,72,
2007,RS,5,53,443,MIL,PAVD,"BOOKER, MELVIN",3FGA,Missed Three Pointer,0,-176,666,J,,,,39,02:00,66,72,
2007,RS,5,53,448,ARI,PTEM,"WRIGHT, BRACEY",FTM,Free Throw In,1,-1,-1, ,,,,39,02:00,67,72,
2007,RS,5,53,452,MIL,PLGS,"SESAY, ANSU",FTM,Free Throw In,1,-1,-1, ,,,,39,02:00,67,73,
2007,RS,5,53,460,ARI,PTEM,"WRIGHT, BRACEY",2FGM,Two Pointer,2,-43,38,D,,,,40,01:00,69,73,
2007,RS,5,53,463,ARI,PTEM,"WRIGHT, BRACEY",FTM,Free Throw In,1,-1,-1, ,,,,40,01:00,70,73,
2007,RS,5,53,468,MIL,PAUT,"VUKCEVIC, DUSAN",FTM,Free Throw In,1,-1,-1, ,,,,40,01:00,70,74,
2007,RS,5,53,471,ARI,PTEO,"TERRY, REYSHAWN",3FGA,Missed Three Pointer,0,-20,646,J,,,,40,01:00,70,74,
2007,RS,5,53,473,MIL,PAUT,"VUKCEVIC, DUSAN",3FGM,Three Pointer,3,700,-35,A,,,,40,01:00,70,77,
2007,RS,5,54,2,TEL,PLGD,"ELIYAHU, LIOR",2FGA,Missed Two Pointer,0,-143,-25,D,,,,1,10:00,0,0,
2007,RS,5,54,4,CIB,PLCC,"WARREN, CHRIS",2FGM,Two Pointer,2,141,38,C,,,,1,10:00,0,2,
2007,RS,5,54,6,TEL,PLGD,"ELIYAHU, LIOR",2FGAB,Missed Two Pointer,0,-41,20,D,,,,1,10:00,0,2,
2007,RS,5,54,8,TEL,PLGD,"ELIYAHU, LIOR",2FGM,Two Pointer,2,2,56,D,,,,1,10:00,2,2,
2007,RS,5,54,11,CIB,PKXF,"AYUSO, LARRY",2FGA,Missed Two Pointer,0,-2,61,D,,,,2,09:00,2,2,
2007,RS,5,54,13,TEL,PAOZ,"HALPERIN, YOTAM",3FGA,Missed Three Pointer,0,710,-71,A,,,,2,09:00,2,2,
2007,RS,5,54,18,CIB,PKXF,"AYUSO, LARRY",FTM,Free Throw In,1,-1,-1, ,,,,2,09:00,2,3,
2007,RS,5,54,19,TEL,PTFS,"FIZER, MARCUS",2FGM,Two Pointer,2,143,128,C,,,,2,09:00,4,3,
2007,RS,5,54,20,CIB,PLCC,"WARREN, CHRIS",2FGA,Missed Two Pointer,0,-58,53,D,,,,2,09:00,4,3,
2007,RS,5,54,22,CIB,PLUI,"HOSKIN, SAM",2FGA,Missed Two Pointer,0,20,92,C,,,,2,09:00,4,3,
2007,RS,5,54,28,TEL,PJFO,"CASSPI, OMRI",3FGM,Three Pointer,3,694,-33,A,,,,3,08:00,7,3,
2007,RS,5,54,29,CIB,PAPL,"MULAOMEROVIC, DAMIR",3FGA,Missed Three Pointer,0,-266,646,J,,,,3,08:00,7,3,
2007,RS,5,54,33,CIB,PLUI,"HOSKIN, SAM",FTM,Free Throw In,1,-1,-1, ,,,,3,08:00,7,4,
2007,RS,5,54,34,CIB,PLUI,"HOSKIN, SAM",FTM,Free Throw In,1,-1,-1, ,,,,3,08:00,7,5,
2007,RS,5,54,36,TEL,PLGD,"ELIYAHU, LIOR",2FGM,Two Pointer,2,53,38,C,,,,3,08:00,9,5,
2007,RS,5,54,37,CIB,PKXF,"AYUSO, LARRY",2FGA,Missed Two Pointer,0,-128,97,D,,,,3,08:00,9,5,
2007,RS,5,54,39,TEL,PJFO,"CASSPI, OMRI",2FGA,Missed Two Pointer,0,2,210,D,,,,3,08:00,9,5,
2007,RS,5,54,43,TEL,PLGD,"ELIYAHU, LIOR",2FGM,Two Pointer,2,46,66,C,,,,3,08:00,11,5,
2007,RS,5,54,47,CIB,PLCC,"WARREN, CHRIS",3FGM,Three Pointer,3,643,284,A,,,,3,08:00,11,8,
2007,RS,5,54,52,TEL,PCQD,"CUMMINGS, VONTEEGO",2FGM,Two Pointer,2,233,176,B,,,,5,06:00,13,8,
2007,RS,5,54,54,CIB,PTFD,"VUKUSIC, VEDRAN",2FGM,Two Pointer,2,-28,92,D,,,,5,06:00,13,10,
2007,RS,5,54,58,CIB,PLCC,"WARREN, CHRIS",2FGM,Two Pointer,2,15,38,C,,,,5,06:00,13,12,
2007,RS,5,54,60,TEL,PTFS,"FIZER, MARCUS",2FGA,Missed Two Pointer,0,-435,74,E,,,,6,05:00,13,12,
2007,RS,5,54,63,CIB,PTFD,"VUKUSIC, VEDRAN",2FGM,Two Pointer,2,92,125,C,,,,6,05:00,13,14,
2007,RS,5,54,73,CIB,PTFD,"VUKUSIC, VEDRAN",2FGAB,Missed Two Pointer,0,12,117,C,,,,7,04:00,13,14,
2007,RS,5,54,79,TEL,PLGD,"ELIYAHU, LIOR",2FGM,Two Pointer,2,2,143,D,,,,7,04:00,15,14,
2007,RS,5,54,82,TEL,PLFR,"BYNUM, WILL",2FGM,Two Pointer,2,-33,56,D,,,,7,04:00,17,14,
2007,RS,5,54,84,CIB,PKXF,"AYUSO, LARRY",2FGA,Missed Two Pointer,0,-69,56,D,,,,7,04:00,17,14,
2007,RS,5,54,86,CIB,PKXF,"AYUSO, LARRY",3FGA,Missed Three Pointer,0,51,702,G,,,,7,04:00,17,14,
2007,RS,5,54,89,TEL,PLGD,"ELIYAHU, LIOR",2FGA,Missed Two Pointer,0,-89,158,D,,,,7,04:00,17,14,
2007,RS,5,54,92,CIB,PLUI,"HOSKIN, SAM",2FGM,Two Pointer,2,20,46,C,,,,7,04:00,17,16,
2007,RS,5,54,94,TEL,PTFS,"FIZER, MARCUS",2FGA,Missed Two Pointer,0,-112,71,D,,,,7,04:00,17,16,
2007,RS,5,54,97,TEL,PCQD,"CUMMINGS, VONTEEGO",2FGM,Two Pointer,2,-25,89,D,,,,7,04:00,19,16,
2007,RS,5,54,108,CIB,PLCC,"WARREN, CHRIS",FTM,Free Throw In,1,-1,-1, ,,,,9,02:00,19,17,
2007,RS,5,54,115,TEL,PCQD,"CUMMINGS, VONTEEGO",2FGM,Two Pointer,2,-376,443,I,,,,9,02:00,21,17,
2007,RS,5,54,116,CIB,PLCC,"WARREN, CHRIS",FTM,Free Throw In,1,-1,-1, ,,,,9,02:00,21,18,
2007,RS,5,54,117,CIB,PLCC,"WARREN, CHRIS",2FGM,Two Pointer,2,-346,225,E,,,,9,02:00,21,20,
2007,RS,5,54,121,CIB,PAPL,"MULAOMEROVIC, DAMIR",2FGM,Two Pointer,2,-102,102,D,,,,10,01:00,21,22,
2007,RS,5,54,127,CIB,PTFD,"VUKUSIC, VEDRAN",2FGM,Two Pointer,2,-58,43,D,,,,11,10:00,21,24,
2007,RS,5,54,128,TEL,P000615,"GARCIA, ALEX",3FGM,Three Pointer,3,-679,-89,F,,,,11,10:00,24,24,
2007,RS,5,54,134,TEL,PDHD,"BATISTA, ESTEBAN",2FGM,Two Pointer,2,-171,-12,D,,,,11,10:00,26,24,
2007,RS,5,54,151,CIB,PKXF,"AYUSO, LARRY",2FGA,Missed Two Pointer,0,46,456,H,,,,12,09:00,26,24,
2007,RS,5,54,155,CIB,PAPL,"MULAOMEROVIC, DAMIR",2FGA,Missed Two Pointer,0,-207,443,I,,,,12,09:00,26,24,
2007,RS,5,54,162,TEL,PDHD,"BATISTA, ESTEBAN",FTM,Free Throw In,1,-1,-1, ,,,,13,08:00,27,24,
2007,RS,5,54,172,TEL,PAOU,"SHARP, DERRICK",3FGA,Missed Three Pointer,0,-666,179,F,,,,13,08:00,27,24,
2007,RS,5,54,182,TEL,PLTS,"MORRIS, TERENCE",2FGM,Two Pointer,2,-17,94,D,,,,14,07:00,29,24,
2007,RS,5,54,185,CIB,PTFD,"VUKUSIC, VEDRAN",2FGM,Two Pointer,2,-94,71,D,,,,15,06:00,29,26,
2007,RS,5,54,188,TEL,P000615,"GARCIA, ALEX",3FGA,Missed Three Pointer,0,682,10,A,,,,15,06:00,29,26,
2007,RS,5,54,211,TEL,PBES,"BLUTHENTHAL, DAVID",3FGM,Three Pointer,3,-687,-76,F,,,,16,05:00,32,26,
2007,RS,5,54,223,CIB,PLCC,"WARREN, CHRIS",2FGM,Two Pointer,2,128,2,C,,,,17,04:00,32,28,
2007,RS,5,54,224,TEL,PBES,"BLUTHENTHAL, DAVID",3FGM,Three Pointer,3,33,697,G,,,,17,04:00,35,28,
2007,RS,5,54,235,CIB,PLUI,"HOSKIN, SAM",2FGA,Missed Two Pointer,0,-84,374,D,,,,18,03:00,35,28,
2007,RS,5,54,239,CIB,PLUI,"HOSKIN, SAM",2FGA,Missed Two Pointer,0,-153,171,D,,,,18,03:00,35,28,
2007,RS,5,54,243,CIB,PLCC,"WARREN, CHRIS",2FGA,Missed Two Pointer,0,-405,202,E,,,,18,03:00,35,28,
2007,RS,5,54,247,CIB,PAPL,"MULAOMEROVIC, DAMIR",2FGA,Missed Two Pointer,0,-61,79,D,,,,18,03:00,35,28,
2007,RS,5,54,249,TEL,PBES,"BLUTHENTHAL, DAVID",3FGA,Missed Three Pointer,0,-661,38,F,,,,18,03:00,35,28,
2007,RS,5,54,251,CIB,PLCC,"WARREN, CHRIS",2FGA,Missed Two Pointer,0,-312,261,E,,,,18,03:00,35,28,
2007,RS,5,54,253,TEL,P000615,"GARCIA, ALEX",3FGM,Three Pointer,3,-569,394,F,,,,18,03:00,38,28,
2007,RS,5,54,257,CIB,PAPL,"MULAOMEROVIC, DAMIR",FTM,Free Throw In,1,-1,-1, ,,,,18,03:00,38,29,
2007,RS,5,54,258,TEL,PBES,"BLUTHENTHAL, DAVID",2FGA,Missed Two Pointer,0,-338,5,E,,,,18,03:00,38,29,
2007,RS,5,54,260,TEL,PBES,"BLUTHENTHAL, DAVID",3FGA,Missed Three Pointer,0,-153,751,J,,,,18,03:00,38,29,
2007,RS,5,54,267,TEL,PAOU,"SHARP, DERRICK",2FGM,Two Pointer,2,-56,28,D,,,,21,10:00,40,29,
2007,RS,5,54,272,TEL,PLGD,"ELIYAHU, LIOR",2FGA,Missed Two Pointer,0,-348,156,E,,,,21,10:00,40,29,
2007,RS,5,54,276,TEL,PTFS,"FIZER, MARCUS",2FGM,Two Pointer,2,-7,97,D,,,,21,10:00,42,29,
2007,RS,5,54,280,CIB,PJJV,"ROZIC, MARIN",2FGA,Missed Two Pointer,0,38,30,C,,,,21,10:00,42,29,
2007,RS,5,54,285,CIB,PLCC,"WARREN, CHRIS",FTM,Free Throw In,1,-1,-1, ,,,,22,09:00,42,30,
2007,RS,5,54,286,CIB,PLCC,"WARREN, CHRIS",FTM,Free Throw In,1,-1,-1, ,,,,22,09:00,42,31,
2007,RS,5,54,293,CIB,PJJV,"ROZIC, MARIN",FTM,Free Throw In,1,-1,-1, ,,,,22,09:00,42,32,
2007,RS,5,54,294,CIB,PJJV,"ROZIC, MARIN",FTM,Free Throw In,1,-1,-1, ,,,,22,09:00,42,33,
2007,RS,5,54,295,TEL,PLGD,"ELIYAHU, LIOR",2FGA,Missed Two Pointer,0,35,92,C,,,,22,09:00,42,33,
2007,RS,5,54,297,CIB,PLUI,"HOSKIN, SAM",2FGA,Missed Two Pointer,0,-315,205,E,,,,22,09:00,42,33,
2007,RS,5,54,299,TEL,PAOU,"SHARP, DERRICK",2FGM,Two Pointer,2,394,23,B,,,,22,09:00,44,33,
2007,RS,5,54,301,CIB,PLCC,"WARREN, CHRIS",2FGA,Missed Two Pointer,0,461,158,B,,,,22,09:00,44,33,
2007,RS,5,54,304,TEL,PLGD,"ELIYAHU, LIOR",2FGM,Two Pointer,2,-12,53,D,,,,22,09:00,46,33,
2007,RS,5,54,307,CIB,PKXF,"AYUSO, LARRY",3FGM,Three Pointer,3,15,679,G,,,,24,07:00,46,36,
2007,RS,5,54,309,TEL,PAOU,"SHARP, DERRICK",3FGM,Three Pointer,3,-658,158,F,,,,24,07:00,49,36,
2007,RS,5,54,314,TEL,PAOU,"SHARP, DERRICK",2FGM,Two Pointer,2,-110,79,D,,,,24,07:00,51,36,
2007,RS,5,54,318,TEL,PLGD,"ELIYAHU, LIOR",2FGM,Two Pointer,2,-35,56,D,,,,24,07:00,53,36,
2007,RS,5,54,325,CIB,PLUI,"HOSKIN, SAM",FTM,Free Throw In,1,-1,-1, ,,,,25,06:00,53,37,
2007,RS,5,54,330,TEL,PDHD,"BATISTA, ESTEBAN",2FGM,Two Pointer,2,-7,17,D,,,,25,06:00,55,37,
2007,RS,5,54,333,CIB,PLUI,"HOSKIN, SAM",2FGM,Two Pointer,2,-2,12,D,,,,25,06:00,55,39,
2007,RS,5,54,334,TEL,PAOZ,"HALPERIN, YOTAM",3FGM,Three Pointer,3,-682,25,F,,,,25,06:00,58,39,
2007,RS,5,54,338,CIB,PTFE,"KELLEY, TRE",2FGA,Missed Two Pointer,0,-107,148,D,,,,26,05:00,58,39,
2007,RS,5,54,340,TEL,PBES,"BLUTHENTHAL, DAVID",3FGA,Missed Three Pointer,0,-651,166,F,,,,26,05:00,58,39,
2007,RS,5,54,342,CIB,PLUI,"HOSKIN, SAM",2FGM,Two Pointer,2,-15,38,D,,,,26,05:00,58,41,
2007,RS,5,54,344,TEL,PAOU,"SHARP, DERRICK",3FGM,Three Pointer,3,687,43,A,,,,26,05:00,61,41,
2007,RS,5,54,348,TEL,PAOZ,"HALPERIN, YOTAM",2FGM,Two Pointer,2,33,15,C,,,,26,05:00,63,41,
2007,RS,5,54,349,CIB,PAPL,"MULAOMEROVIC, DAMIR",2FGAB,Missed Two Pointer,0,-46,35,D,,,,26,05:00,63,41,
2007,RS,5,54,358,CIB,PLUI,"HOSKIN, SAM",FTM,Free Throw In,1,-1,-1, ,,,,27,04:00,63,42,
2007,RS,5,54,359,CIB,PLUI,"HOSKIN, SAM",FTM,Free Throw In,1,-1,-1, ,,,,27,04:00,63,43,
2007,RS,5,54,362,CIB,PLUI,"HOSKIN, SAM",2FGM,Two Pointer,2,-461,12,E,,,,27,04:00,63,45,
2007,RS,5,54,363,TEL,PAOZ,"HALPERIN, YOTAM",2FGA,Missed Two Pointer,0,30,348,C,,,,27,04:00,63,45,
2007,RS,5,54,365,CIB,PAON,"KRASIC, BARISA",3FGA,Missed Three Pointer,0,679,48,A,,,,27,04:00,63,45,
2007,RS,5,54,367,TEL,PAOZ,"HALPERIN, YOTAM",2FGA,Missed Two Pointer,0,76,38,C,,,,27,04:00,63,45,
2007,RS,5,54,370,TEL,PLTS,"MORRIS, TERENCE",2FGM,Two Pointer,2,-12,20,D,,,,27,04:00,65,45,
2007,RS,5,54,371,CIB,PTFE,"KELLEY, TRE",2FGM,Two Pointer,2,-48,53,D,,,,27,04:00,65,47,
2007,RS,5,54,384,CIB,PTFE,"KELLEY, TRE",FTM,Free Throw In,1,-1,-1, ,,,,29,02:00,65,48,
2007,RS,5,54,385,CIB,PLCC,"WARREN, CHRIS",2FGAB,Missed Two Pointer,0,-35,-30,D,,,,29,02:00,65,48,
2007,RS,5,54,388,TEL,P000615,"GARCIA, ALEX",3FGM,Three Pointer,3,-682,133,F,,,,29,02:00,68,48,
2007,RS,5,54,392,CIB,PJJV,"ROZIC, MARIN",3FGA,Missed Three Pointer,0,505,471,G,,,,29,02:00,68,48,
2007,RS,5,54,393,CIB,PJJV,"ROZIC, MARIN",3FGA,Missed Three Pointer,0,497,484,G,,,,29,02:00,68,48,
2007,RS,5,54,403,CIB,PTFE,"KELLEY, TRE",2FGM,Two Pointer,2,-20,58,D,,,,29,02:00,68,50,
2007,RS,5,54,409,CIB,PTFE,"KELLEY, TRE",FTM,Free Throw In,1,-1,-1, ,,,,30,01:00,68,51,
2007,RS,5,54,424,CIB,PLCC,"WARREN, CHRIS",3FGA,Missed Three Pointer,0,589,397,A,,,,31,10:00,68,51,
2007,RS,5,54,426,TEL,PDHD,"BATISTA, ESTEBAN",2FGM,Two Pointer,2,74,12,C,,,,31,10:00,70,51,
2007,RS,5,54,435,TEL,PLFR,"BYNUM, WILL",2FGA,Missed Two Pointer,0,-10,-30,D,,,,32,09:00,70,51,
2007,RS,5,54,437,TEL,PLTS,"MORRIS, TERENCE",2FGA,Missed Two Pointer,0,0,66,D,,,,32,09:00,70,51,
2007,RS,5,54,453,CIB,PJJV,"ROZIC, MARIN",FTM,Free Throw In,1,-1,-1, ,,,,32,09:00,70,52,
2007,RS,5,54,463,CIB,PTFD,"VUKUSIC, VEDRAN",FTM,Free Throw In,1,-1,-1, ,,,,32,09:00,70,53,
2007,RS,5,54,468,TEL,PJFO,"CASSPI, OMRI",3FGA,Missed Three Pointer,0,382,633,G,,,,33,08:00,70,53,
2007,RS,5,54,470,CIB,PTFE,"KELLEY, TRE",2FGM,Two Pointer,2,-38,33,D,,,,33,08:00,70,55,
2007,RS,5,54,471,TEL,PCQD,"CUMMINGS, VONTEEGO",2FGA,Missed Two Pointer,0,46,69,C,,,,33,08:00,70,55,
2007,RS,5,54,478,TEL,PDHD,"BATISTA, ESTEBAN",FTM,Free Throw In,1,-1,-1, ,,,,34,07:00,71,55,
2007,RS,5,54,479,TEL,PDHD,"BATISTA, ESTEBAN",FTM,Free Throw In,1,-1,-1, ,,,,34,07:00,72,55,
2007,RS,5,54,482,CIB,PJDQ,"ANDRIC, LUKSA",2FGM,Two Pointer,2,2,12,D,,,,34,07:00,72,57,
2007,RS,5,54,483,TEL,PTFS,"FIZER, MARCUS",2FGM,Two Pointer,2,25,33,C,,,,34,07:00,74,57,
2007,RS,5,54,484,CIB,PTFE,"KELLEY, TRE",3FGM,Three Pointer,3,235,738,G,,,,34,07:00,74,60,
2007,RS,5,54,486,TEL,PTFS,"FIZER, MARCUS",2FGA,Missed Two Pointer,0,-356,61,E,,,,35,06:00,74,60,
2007,RS,5,54,488,CIB,PJJV,"ROZIC, MARIN",3FGM,Three Pointer,3,320,633,G,,,,35,06:00,74,63,
2007,RS,5,54,492,CIB,PTFE,"KELLEY, TRE",2FGAB,Missed Two Pointer,0,20,66,C,,,,35,06:00,74,63,
2007,RS,5,54,495,CIB,PLCC,"WARREN, CHRIS",2FGM,Two Pointer,2,48,53,C,,,,35,06:00,74,65,
2007,RS,5,54,501,TEL,PAOZ,"HALPERIN, YOTAM",3FGA,Missed Three Pointer,0,674,-28,A,,,,35,06:00,74,65,
2007,RS,5,54,503,CIB,PTFE,"KELLEY, TRE",2FGA,Missed Two Pointer,0,-102,64,D,,,,35,06:00,74,65,
2007,RS,5,54,505,TEL,PCQD,"CUMMINGS, VONTEEGO",3FGA,Missed Three Pointer,0,-653,174,F,,,,35,06:00,74,65,
2007,RS,5,54,511,CIB,PLCC,"WARREN, CHRIS",FTM,Free Throw In,1,-1,-1, ,,,,37,04:00,74,66,
2007,RS,5,54,512,CIB,PLCC,"WARREN, CHRIS",FTM,Free Throw In,1,-1,-1, ,,,,37,04:00,74,67,
2007,RS,5,54,513,TEL,PAOU,"SHARP, DERRICK",3FGA,Missed Three Pointer,0,-51,769,J,,,,37,04:00,74,67,
2007,RS,5,54,515,CIB,PJJV,"ROZIC, MARIN",3FGA,Missed Three Pointer,0,651,228,A,,,,37,04:00,74,67,
2007,RS,5,54,517,CIB,PLCC,"WARREN, CHRIS",2FGA,Missed Two Pointer,0,2,107,D,,,,37,04:00,74,67,
2007,RS,5,54,531,CIB,PLUI,"HOSKIN, SAM",2FGA,Missed Two Pointer,0,-415,92,E,,,,38,03:00,74,67,
2007,RS,5,54,533,TEL,PLGD,"ELIYAHU, LIOR",2FGA,Missed Two Pointer,0,130,130,C,,,,38,03:00,74,67,
2007,RS,5,54,535,CIB,PTFE,"KELLEY, TRE",3FGM,Three Pointer,3,-294,674,J,,,,38,03:00,74,70,
2007,RS,5,54,538,TEL,PTFS,"FIZER, MARCUS",FTM,Free Throw In,1,-1,-1, ,,,,38,03:00,75,70,
2007,RS,5,54,539,TEL,PTFS,"FIZER, MARCUS",FTM,Free Throw In,1,-1,-1, ,,,,38,03:00,76,70,
2007,RS,5,54,540,CIB,PTFE,"KELLEY, TRE",2FGA,Missed Two Pointer,0,364,202,B,,,,38,03:00,76,70,
2007,RS,5,54,548,TEL,PBES,"BLUTHENTHAL, DAVID",FTM,Free Throw In,1,-1,-1, ,,,,39,02:00,77,70,
2007,RS,5,54,549,CIB,PLUI,"HOSKIN, SAM",2FGM,Two Pointer,2,153,87,C,,,,39,02:00,77,72,
2007,RS,5,54,550,TEL,PBES,"BLUTHENTHAL, DAVID",3FGA,Missed Three Pointer,0,-671,194,F,,,,39,02:00,77,72,
2007,RS,5,54,552,CIB,PTFE,"KELLEY, TRE",2FGM,Two Pointer,2,79,51,C,,,,39,02:00,77,74,
2007,RS,5,54,557,TEL,PTFS,"FIZER, MARCUS",2FGM,Two Pointer,2,-53,61,D,,,,40,01:00,79,74,
2007,RS,5,54,560,TEL,PTFS,"FIZER, MARCUS",FTM,Free Throw In,1,-1,-1, ,,,,40,01:00,80,74,
2007,RS,5,54,563,CIB,PTFE,"KELLEY, TRE",3FGAB,Missed Three Pointer,0,225,743,G,,,,40,01:00,80,74,
2007,RS,5,55,2,MAL,PBIM,"GABRIEL, GERMAN",3FGM,Three Pointer,3,284,617,G,,,,1,10:00,0,3,
2007,RS,5,55,4,LEM,PKZD,"CLANCY, SAM",2FGA,Missed Two Pointer,0,130,30,C,,,,1,10:00,0,3,
2007,RS,5,55,10,MAL,PKML,"SANTIAGO, DANIEL",2FGA,Missed Two Pointer,0,71,23,C,,,,1,10:00,0,3,
2007,RS,5,55,12,LEM,PCHZ,"BOGDANOVIC, LUKA",3FGM,Three Pointer,3,287,630,G,,,,1,10:00,3,3,
2007,RS,5,55,17,LEM,PKOH,"BATUM, NICOLAS",2FGM,Two Pointer,2,158,474,H,,,,2,09:00,5,3,
2007,RS,5,55,18,MAL,PKML,"SANTIAGO, DANIEL",2FGM,Two Pointer,2,-117,43,D,,,,2,09:00,5,5,
2007,RS,5,55,24,LEM,PKZD,"CLANCY, SAM",2FGM,Two Pointer,2,84,79,C,,,,2,09:00,7,5,
2007,RS,5,55,26,MAL,PAAS,"JIMENEZ, CARLOS",2FGM,Two Pointer,2,69,20,C,,,,3,08:00,7,7,
2007,RS,5,55,27,LEM,PCOC,"BOKOLO, YANNICK",2FGA,Missed Two Pointer,0,-66,35,D,,,,3,08:00,7,7,
2007,RS,5,55,29,LEM,PCOC,"BOKOLO, YANNICK",2FGM,Two Pointer,2,43,30,C,,,,3,08:00,9,7,
2007,RS,5,55,30,MAL,PKML,"SANTIAGO, DANIEL",2FGM,Two Pointer,2,58,25,C,,,,3,08:00,9,9,
2007,RS,5,55,40,MAL,PBIM,"GABRIEL, GERMAN",3FGA,Missed Three Pointer,0,-246,617,J,,,,4,07:00,9,9,
2007,RS,5,55,44,MAL,PAWS,"RODRIGUEZ, BERNI",2FGA,Missed Two Pointer,0,-69,10,D,,,,4,07:00,9,9,
2007,RS,5,55,47,MAL,PBIM,"GABRIEL, GERMAN",3FGA,Missed Three Pointer,0,66,658,G,,,,5,06:00,9,9,
2007,RS,5,55,49,MAL,PAWX,"CABEZAS, CARLOS",2FGA,Missed Two Pointer,0,74,64,C,,,,5,06:00,9,9,
2007,RS,5,55,51,MAL,PKML,"SANTIAGO, DANIEL",2FGM,Two Pointer,2,5,5,C,,,,5,06:00,9,11,
2007,RS,5,55,52,LEM,PKOH,"BATUM, NICOLAS",3FGA,Missed Three Pointer,0,-589,284,F,,,,5,06:00,9,11,
2007,RS,5,55,54,LEM,PKZD,"CLANCY, SAM",2FGA,Missed Two Pointer,0,-43,23,D,,,,5,06:00,9,11,
2007,RS,5,55,59,MAL,PAWX,"CABEZAS, CARLOS",3FGM,Three Pointer,3,310,607,G,,,,6,05:00,9,14,
2007,RS,5,55,63,MAL,PKML,"SANTIAGO, DANIEL",2FGM,Two Pointer,2,-48,7,D,,,,6,05:00,9,16,
2007,RS,5,55,68,LEM,PKZD,"CLANCY, SAM",2FGA,Missed Two Pointer,0,112,41,C,,,,6,05:00,9,16,
2007,RS,5,55,73,MAL,PAWS,"RODRIGUEZ, BERNI",FTM,Free Throw In,1,-1,-1, ,,,,7,04:00,9,17,
2007,RS,5,55,74,MAL,PAWS,"RODRIGUEZ, BERNI",FTM,Free Throw In,1,-1,-1, ,,,,7,04:00,9,18,
2007,RS,5,55,77,LEM,PTFJ,"RICCI, PHIL",2FGA,Missed Two Pointer,0,102,53,C,,,,7,04:00,9,18,
2007,RS,5,55,79,LEM,PKZD,"CLANCY, SAM",2FGM,Two Pointer,2,-79,5,D,,,,7,04:00,11,18,
2007,RS,5,55,81,LEM,PCHZ,"BOGDANOVIC, LUKA",2FGM,Two Pointer,2,220,430,H,,,,7,04:00,13,18,
2007,RS,5,55,83,MAL,PAAS,"JIMENEZ, CARLOS",2FGA,Missed Two Pointer,0,-97,253,D,,,,8,03:00,13,18,
2007,RS,5,55,85,LEM,PDID,"LIMONAD, RAVIV",2FGA,Missed Two Pointer,0,-269,248,E,,,,8,03:00,13,18,
2007,RS,5,55,93,LEM,PJMH,"BOGAVAC, NEBOJSA",2FGM,Two Pointer,2,-71,12,D,,,,8,03:00,15,18,
2007,RS,5,55,96,MAL,PBIM,"GABRIEL, GERMAN",3FGM,Three Pointer,3,335,579,G,,,,9,02:00,15,21,
2007,RS,5,55,100,MAL,PAWS,"RODRIGUEZ, BERNI",2FGM,Two Pointer,2,-56,7,D,,,,9,02:00,15,23,
2007,RS,5,55,102,LEM,PDID,"LIMONAD, RAVIV",3FGM,Three Pointer,3,246,612,G,,,,9,02:00,18,23,
2007,RS,5,55,111,LEM,PTFJ,"RICCI, PHIL",FTM,Free Throw In,1,-1,-1, ,,,,10,01:00,19,23,
2007,RS,5,55,117,MAL,PAGQ,"WELSCH, JIRI",FTM,Free Throw In,1,-1,-1, ,,,,10,01:00,19,24,
2007,RS,5,55,118,MAL,PAGQ,"WELSCH, JIRI",FTM,Free Throw In,1,-1,-1, ,,,,10,01:00,19,25,
2007,RS,5,55,124,LEM,PCHZ,"BOGDANOVIC, LUKA",FTM,Free Throw In,1,-1,-1, ,,,,10,01:00,20,25,
2007,RS,5,55,125,MAL,PAWX,"CABEZAS, CARLOS",2FGM,Two Pointer,2,-64,5,D,,,,10,01:00,20,27,
2007,RS,5,55,132,LEM,PJMH,"BOGAVAC, NEBOJSA",3FGM,Three Pointer,3,241,633,G,,,,11,10:00,23,27,
2007,RS,5,55,138,MAL,PAFJ,"KUS, DAVOR",3FGA,Missed Three Pointer,0,-289,582,J,,,,11,10:00,23,27,
2007,RS,5,55,146,LEM,PTFJ,"RICCI, PHIL",3FGM,Three Pointer,3,248,617,G,,,,11,10:00,26,27,
2007,RS,5,55,148,MAL,PBIM,"GABRIEL, GERMAN",3FGM,Three Pointer,3,310,600,G,,,,11,10:00,26,30,
2007,RS,5,55,151,MAL,PAGQ,"WELSCH, JIRI",2FGA,Missed Two Pointer,0,48,5,C,,,,11,10:00,26,30,
2007,RS,5,55,157,MAL,PBOV,"POPOVIC, BOJAN",FTM,Free Throw In,1,-1,-1, ,,,,12,09:00,26,31,
2007,RS,5,55,158,MAL,PBOV,"POPOVIC, BOJAN",FTM,Free Throw In,1,-1,-1, ,,,,12,09:00,26,32,
2007,RS,5,55,163,MAL,PBIM,"GABRIEL, GERMAN",3FGA,Missed Three Pointer,0,-248,594,J,,,,13,08:00,26,32,
2007,RS,5,55,165,LEM,PTFJ,"RICCI, PHIL",3FGA,Missed Three Pointer,0,274,620,G,,,,13,08:00,26,32,
2007,RS,5,55,167,MAL,PTGE,"N'DONG, BONIFACE",2FGM,Two Pointer,2,87,25,C,,,,13,08:00,26,34,
2007,RS,5,55,172,LEM,PCOB,"KOFFI, ALAIN",2FGM,Two Pointer,2,-5,7,D,,,,14,07:00,28,34,
2007,RS,5,55,174,MAL,PAGQ,"WELSCH, JIRI",2FGM,Two Pointer,2,-58,10,D,,,,14,07:00,28,36,
2007,RS,5,55,175,LEM,PTFJ,"RICCI, PHIL",2FGA,Missed Two Pointer,0,89,25,C,,,,14,07:00,28,36,
2007,RS,5,55,177,LEM,PTFJ,"RICCI, PHIL",2FGAB,Missed Two Pointer,0,92,15,C,,,,14,07:00,28,36,
2007,RS,5,55,180,MAL,PAGQ,"WELSCH, JIRI",3FGM,Three Pointer,3,464,487,G,,,,14,07:00,28,39,
2007,RS,5,55,181,LEM,PTFJ,"RICCI, PHIL",3FGA,Missed Three Pointer,0,264,612,G,,,,14,07:00,28,39,
2007,RS,5,55,193,LEM,PCOC,"BOKOLO, YANNICK",2FGM,Two Pointer,2,-58,28,D,,,,15,06:00,30,39,
2007,RS,5,55,198,LEM,PCOB,"KOFFI, ALAIN",2FGM,Two Pointer,2,41,30,C,,,,15,06:00,32,39,
2007,RS,5,55,200,MAL,PAFJ,"KUS, DAVOR",3FGM,Three Pointer,3,-107,646,J,,,,15,06:00,32,42,
2007,RS,5,55,202,LEM,PKZD,"CLANCY, SAM",2FGA,Missed Two Pointer,0,184,187,C,,,,15,06:00,32,42,
2007,RS,5,55,204,MAL,PAAS,"JIMENEZ, CARLOS",3FGA,Missed Three Pointer,0,453,512,G,,,,15,06:00,32,42,
2007,RS,5,55,215,LEM,PKOH,"BATUM, NICOLAS",FTM,Free Throw In,1,-1,-1, ,,,,16,05:00,33,42,
2007,RS,5,55,216,LEM,PKOH,"BATUM, NICOLAS",FTM,Free Throw In,1,-1,-1, ,,,,16,05:00,34,42,
2007,RS,5,55,217,MAL,PAFJ,"KUS, DAVOR",3FGA,Missed Three Pointer,0,-648,0,F,,,,16,05:00,34,42,
2007,RS,5,55,219,MAL,PBOV,"POPOVIC, BOJAN",3FGM,Three Pointer,3,435,502,G,,,,16,05:00,34,45,
2007,RS,5,55,221,LEM,PCHZ,"BOGDANOVIC, LUKA",3FGA,Missed Three Pointer,0,17,687,G,,,,16,05:00,34,45,
2007,RS,5,55,228,MAL,PBOV,"POPOVIC, BOJAN",3FGM,Three Pointer,3,-305,582,J,,,,17,04:00,34,48,
2007,RS,5,55,230,LEM,PKOH,"BATUM, NICOLAS",2FGA,Missed Two Pointer,0,-376,-51,E,,,,18,03:00,34,48,
2007,RS,5,55,233,LEM,PKOH,"BATUM, NICOLAS",2FGM,Two Pointer,2,0,12,D,,,,18,03:00,36,48,
2007,RS,5,55,236,LEM,PKOH,"BATUM, NICOLAS",FTM,Free Throw In,1,-1,-1, ,,,,18,03:00,37,48,
2007,RS,5,55,237,MAL,PAAS,"JIMENEZ, CARLOS",2FGM,Two Pointer,2,-46,-7,D,,,,18,03:00,37,50,
2007,RS,5,55,239,LEM,PCOC,"BOKOLO, YANNICK",2FGA,Missed Two Pointer,0,-117,20,D,,,,18,03:00,37,50,
2007,RS,5,55,251,LEM,PKZD,"CLANCY, SAM",2FGM,Two Pointer,2,2,10,D,,,,19,02:00,39,50,
2007,RS,5,55,254,MAL,PAFJ,"KUS, DAVOR",2FGM,Two Pointer,2,64,7,C,,,,20,01:00,39,52,
2007,RS,5,55,259,LEM,PJMH,"BOGAVAC, NEBOJSA",FTM,Free Throw In,1,-1,-1, ,,,,20,01:00,40,52,
2007,RS,5,55,260,LEM,PJMH,"BOGAVAC, NEBOJSA",FTM,Free Throw In,1,-1,-1, ,,,,20,01:00,41,52,
2007,RS,5,55,263,MAL,PAFJ,"KUS, DAVOR",FTM,Free Throw In,1,-1,-1, ,,,,20,01:00,41,53,
2007,RS,5,55,264,MAL,PAFJ,"KUS, DAVOR",FTM,Free Throw In,1,-1,-1, ,,,,20,01:00,41,54,
2007,RS,5,55,265,LEM,PJMH,"BOGAVAC, NEBOJSA",2FGA,Missed Two Pointer,0,487,300,B,,,,20,01:00,41,54,
2007,RS,5,55,275,MAL,PAGQ,"WELSCH, JIRI",2FGA,Missed Two Pointer,0,-79,12,D,,,,21,10:00,41,54,
2007,RS,5,55,277,LEM,PKZD,"CLANCY, SAM",2FGM,Two Pointer,2,-87,2,D,,,,21,10:00,43,54,
2007,RS,5,55,283,MAL,PTGE,"N'DONG, BONIFACE",2FGA,Missed Two Pointer,0,205,30,C,,,,21,10:00,43,54,
2007,RS,5,55,285,MAL,PAAS,"JIMENEZ, CARLOS",2FGM,Two Pointer,2,-92,12,D,,,,21,10:00,43,56,
2007,RS,5,55,286,LEM,PJMH,"BOGAVAC, NEBOJSA",3FGA,Missed Three Pointer,0,-284,589,J,,,,21,10:00,43,56,
2007,RS,5,55,291,LEM,PCHZ,"BOGDANOVIC, LUKA",3FGA,Missed Three Pointer,0,-389,530,J,,,,22,09:00,43,56,
2007,RS,5,55,293,MAL,PTGE,"N'DONG, BONIFACE",2FGA,Missed Two Pointer,0,-74,20,D,,,,22,09:00,43,56,
2007,RS,5,55,296,LEM,PCOC,"BOKOLO, YANNICK",2FGA,Missed Two Pointer,0,-297,30,E,,,,23,08:00,43,56,
2007,RS,5,55,299,LEM,PCOC,"BOKOLO, YANNICK",2FGM,Two Pointer,2,-82,76,D,,,,23,08:00,45,56,
2007,RS,5,55,301,MAL,PAWX,"CABEZAS, CARLOS",3FGA,Missed Three Pointer,0,-656,-17,F,,,,24,07:00,45,56,
2007,RS,5,55,305,MAL,PTGE,"N'DONG, BONIFACE",FTM,Free Throw In,1,-1,-1, ,,,,24,07:00,45,57,
2007,RS,5,55,306,MAL,PTGE,"N'DONG, BONIFACE",FTM,Free Throw In,1,-1,-1, ,,,,24,07:00,45,58,
2007,RS,5,55,307,LEM,PCHZ,"BOGDANOVIC, LUKA",2FGA,Missed Two Pointer,0,271,220,B,,,,24,07:00,45,58,
2007,RS,5,55,309,MAL,PTGE,"N'DONG, BONIFACE",2FGA,Missed Two Pointer,0,-292,171,E,,,,24,07:00,45,58,
2007,RS,5,55,311,LEM,PCOC,"BOKOLO, YANNICK",2FGA,Missed Two Pointer,0,269,269,B,,,,24,07:00,45,58,
2007,RS,5,55,316,LEM,PJMH,"BOGAVAC, NEBOJSA",3FGM,Three Pointer,3,361,566,G,,,,25,06:00,48,58,
2007,RS,5,55,320,LEM,PKZD,"CLANCY, SAM",2FGA,Missed Two Pointer,0,-10,376,D,,,,26,05:00,48,58,
2007,RS,5,55,322,LEM,PJMH,"BOGAVAC, NEBOJSA",3FGM,Three Pointer,3,638,38,A,,,,26,05:00,51,58,
2007,RS,5,55,325,MAL,PTGE,"N'DONG, BONIFACE",2FGA,Missed Two Pointer,0,-79,30,D,,,,27,04:00,51,58,
2007,RS,5,55,327,LEM,PKOH,"BATUM, NICOLAS",2FGA,Missed Two Pointer,0,-294,276,E,,,,27,04:00,51,58,
2007,RS,5,55,340,LEM,PKZD,"CLANCY, SAM",FTM,Free Throw In,1,-1,-1, ,,,,27,04:00,52,58,
2007,RS,5,55,342,LEM,PKZD,"CLANCY, SAM",FTM,Free Throw In,1,-1,-1, ,,,,27,04:00,53,58,
2007,RS,5,55,344,MAL,PAWS,"RODRIGUEZ, BERNI",2FGM,Two Pointer,2,79,15,C,,,,28,03:00,53,60,
2007,RS,5,55,345,LEM,PCOC,"BOKOLO, YANNICK",3FGM,Three Pointer,3,-361,551,J,,,,28,03:00,56,60,
2007,RS,5,55,347,MAL,PAWS,"RODRIGUEZ, BERNI",2FGA,Missed Two Pointer,0,69,92,C,,,,28,03:00,56,60,
2007,RS,5,55,349,MAL,PAWS,"RODRIGUEZ, BERNI",2FGAB,Missed Two Pointer,0,82,76,C,,,,28,03:00,56,60,
2007,RS,5,55,353,LEM,PJMH,"BOGAVAC, NEBOJSA",3FGA,Missed Three Pointer,0,456,497,G,,,,29,02:00,56,60,
2007,RS,5,55,355,LEM,PJMH,"BOGAVAC, NEBOJSA",3FGM,Three Pointer,3,441,507,G,,,,29,02:00,59,60,
2007,RS,5,55,356,MAL,PKML,"SANTIAGO, DANIEL",2FGA,Missed Two Pointer,0,25,30,C,,,,29,02:00,59,60,
2007,RS,5,55,366,MAL,PBIM,"GABRIEL, GERMAN",3FGA,Missed Three Pointer,0,-592,271,F,,,,30,01:00,59,60,
2007,RS,5,55,368,LEM,PCOB,"KOFFI, ALAIN",2FGA,Missed Two Pointer,0,-356,-5,E,,,,30,01:00,59,60,
2007,RS,5,55,374,LEM,PCOC,"BOKOLO, YANNICK",3FGA,Missed Three Pointer,0,-235,1158,J,,,,30,01:00,59,60,
2007,RS,5,55,379,LEM,PTFJ,"RICCI, PHIL",2FGM,Two Pointer,2,-105,0,D,,,,31,10:00,61,60,
2007,RS,5,55,382,LEM,PCOC,"BOKOLO, YANNICK",2FGM,Two Pointer,2,2,-7,D,,,,31,10:00,63,60,
2007,RS,5,55,383,MAL,PBOV,"POPOVIC, BOJAN",3FGA,Missed Three Pointer,0,-384,541,J,,,,31,10:00,63,60,
2007,RS,5,55,386,LEM,PTFJ,"RICCI, PHIL",2FGA,Missed Two Pointer,0,110,597,H,,,,32,09:00,63,60,
2007,RS,5,55,388,MAL,PKML,"SANTIAGO, DANIEL",2FGM,Two Pointer,2,61,35,C,,,,32,09:00,63,62,
2007,RS,5,55,391,LEM,PCOB,"KOFFI, ALAIN",2FGA,Missed Two Pointer,0,-220,446,I,,,,33,08:00,63,62,
2007,RS,5,55,393,LEM,PKOH,"BATUM, NICOLAS",2FGM,Two Pointer,2,-10,7,D,,,,33,08:00,65,62,
2007,RS,5,55,394,MAL,PKML,"SANTIAGO, DANIEL",2FGM,Two Pointer,2,71,17,C,,,,33,08:00,65,64,
2007,RS,5,55,399,LEM,PCOC,"BOKOLO, YANNICK",FTM,Free Throw In,1,-1,-1, ,,,,33,08:00,66,64,
2007,RS,5,55,403,MAL,PBOV,"POPOVIC, BOJAN",FTM,Free Throw In,1,-1,-1, ,,,,34,07:00,66,65,
2007,RS,5,55,404,MAL,PBOV,"POPOVIC, BOJAN",FTM,Free Throw In,1,-1,-1, ,,,,34,07:00,66,66,
2007,RS,5,55,407,LEM,PKOH,"BATUM, NICOLAS",3FGA,Missed Three Pointer,0,502,430,G,,,,34,07:00,66,66,
2007,RS,5,55,409,MAL,PAAS,"JIMENEZ, CARLOS",2FGA,Missed Two Pointer,0,448,48,B,,,,34,07:00,66,66,
2007,RS,5,55,420,LEM,PCOC,"BOKOLO, YANNICK",2FGM,Two Pointer,2,423,264,B,,,,35,06:00,68,66,
2007,RS,5,55,421,MAL,PBIM,"GABRIEL, GERMAN",2FGM,Two Pointer,2,-412,10,E,,,,35,06:00,68,68,
2007,RS,5,55,423,LEM,PCHZ,"BOGDANOVIC, LUKA",3FGA,Missed Three Pointer,0,-264,584,J,,,,35,06:00,68,68,
2007,RS,5,55,427,LEM,PKOH,"BATUM, NICOLAS",3FGM,Three Pointer,3,184,638,G,,,,36,05:00,71,68,
2007,RS,5,55,429,MAL,PBOV,"POPOVIC, BOJAN",3FGM,Three Pointer,3,30,692,G,,,,36,05:00,71,71,
2007,RS,5,55,434,MAL,PBIM,"GABRIEL, GERMAN",3FGM,Three Pointer,3,-269,615,J,,,,37,04:00,71,74,
2007,RS,5,55,440,MAL,PKML,"SANTIAGO, DANIEL",2FGA,Missed Two Pointer,0,-87,25,D,,,,38,03:00,71,74,
2007,RS,5,55,442,LEM,PJMH,"BOGAVAC, NEBOJSA",2FGA,Missed Two Pointer,0,-66,-5,D,,,,38,03:00,71,74,
2007,RS,5,55,447,LEM,PKZD,"CLANCY, SAM",FTM,Free Throw In,1,-1,-1, ,,,,38,03:00,72,74,
2007,RS,5,55,448,MAL,PKML,"SANTIAGO, DANIEL",2FGM,Two Pointer,2,-25,84,D,,,,38,03:00,72,76,
2007,RS,5,55,454,LEM,PCHZ,"BOGDANOVIC, LUKA",3FGA,Missed Three Pointer,0,135,646,G,,,,38,03:00,72,76,
2007,RS,5,55,463,MAL,PAWS,"RODRIGUEZ, BERNI",2FGM,Two Pointer,2,33,25,C,,,,39,02:00,72,78,
2007,RS,5,55,464,LEM,PKOH,"BATUM, NICOLAS",3FGA,Missed Three Pointer,0,-333,543,J,,,,39,02:00,72,78,
2007,RS,5,55,480,LEM,PKOH,"BATUM, NICOLAS",3FGA,Missed Three Pointer,0,266,620,G,,,,39,02:00,72,78,
2007,RS,5,55,482,LEM,PKOH,"BATUM, NICOLAS",3FGAB,Missed Three Pointer,0,-128,664,J,,,,39,02:00,72,78,
2007,RS,5,55,487,MAL,PAWX,"CABEZAS, CARLOS",FTM,Free Throw In,1,-1,-1, ,,,,39,02:00,72,79,
2007,RS,5,55,488,MAL,PAWX,"CABEZAS, CARLOS",FTM,Free Throw In,1,-1,-1, ,,,,39,02:00,72,80,
2007,RS,5,55,489,LEM,PJMH,"BOGAVAC, NEBOJSA",2FGM,Two Pointer,2,64,33,C,,,,39,02:00,74,80,
2007,RS,5,55,490,MAL,PAWS,"RODRIGUEZ, BERNI",3FGM,Three Pointer,3,325,587,G,,,,39,02:00,74,83,
2007,RS,5,56,2,IST,PKCH,"HUTSON, ANDRE",2FGA,Missed Two Pointer,0,-12,112,D,,,,1,10:00,0,0,
2007,RS,5,56,6,LIE,PJRD,"NIELSEN, MATT",FTM,Free Throw In,1,-1,-1, ,,,,1,10:00,1,0,
2007,RS,5,56,7,LIE,PJRD,"NIELSEN, MATT",FTM,Free Throw In,1,-1,-1, ,,,,1,10:00,2,0,
2007,RS,5,56,10,IST,PBDQ,"ERDOGAN, SERKAN",2FGM,Two Pointer,2,-56,53,D,,,,1,10:00,2,2,
2007,RS,5,56,12,LIE,PBUU,"LUKAUSKIS, MINDAUGAS",2FGA,Missed Two Pointer,0,-107,420,D,,,,2,09:00,2,2,
2007,RS,5,56,18,IST,PBDQ,"ERDOGAN, SERKAN",3FGA,Missed Three Pointer,0,-379,584,J,,,,2,09:00,2,2,
2007,RS,5,56,20,LIE,PKNS,"JOMANTAS, ARTURAS",2FGA,Missed Two Pointer,0,-5,456,I,,,,2,09:00,2,2,
2007,RS,5,56,25,LIE,PCOH,"PRICE, HOLLIS",2FGM,Two Pointer,2,230,510,H,,,,3,08:00,4,2,
2007,RS,5,56,32,IST,PKCH,"HUTSON, ANDRE",2FGA,Missed Two Pointer,0,43,53,C,,,,4,07:00,4,2,
2007,RS,5,56,34,IST,PKNG,"NICHOLAS, DREW",2FGA,Missed Two Pointer,0,589,33,B,,,,4,07:00,4,2,
2007,RS,5,56,45,LIE,PJRD,"NIELSEN, MATT",FTM,Free Throw In,1,-1,-1, ,,,,5,06:00,5,2,
2007,RS,5,56,46,LIE,PJRD,"NIELSEN, MATT",FTM,Free Throw In,1,-1,-1, ,,,,5,06:00,6,2,
2007,RS,5,56,49,LIE,PJRD,"NIELSEN, MATT",2FGAB,Missed Two Pointer,0,69,82,C,,,,5,06:00,6,2,
2007,RS,5,56,53,IST,PAWN,"GONLUM, KEREM",2FGA,Missed Two Pointer,0,-92,184,D,,,,5,06:00,6,2,
2007,RS,5,56,60,IST,PARN,"ARSLAN, ENDER",2FGA,Missed Two Pointer,0,-102,197,D,,,,6,05:00,6,2,
2007,RS,5,56,62,LIE,PJZN,"PETRAVICIUS, MARIJONAS",2FGM,Two Pointer,2,10,107,C,,,,6,05:00,8,2,
2007,RS,5,56,69,IST,PBKM,"KUQO, ERMAL",2FGM,Two Pointer,2,138,202,C,,,,6,05:00,8,4,
2007,RS,5,56,72,IST,PKOJ,"GREGORY, KENNY",2FGM,Two Pointer,2,-12,156,D,,,,6,05:00,8,6,
2007,RS,5,56,76,IST,PKNG,"NICHOLAS, DREW",3FGA,Missed Three Pointer,0,-407,558,J,,,,7,04:00,8,6,
2007,RS,5,56,81,IST,PBKM,"KUQO, ERMAL",2FGM,Two Pointer,2,-79,74,D,,,,7,04:00,8,8,
2007,RS,5,56,82,LIE,PJRD,"NIELSEN, MATT",2FGA,Missed Two Pointer,0,-58,141,D,,,,7,04:00,8,8,
2007,RS,5,56,85,IST,PKNG,"NICHOLAS, DREW",2FGA,Missed Two Pointer,0,-7,71,D,,,,8,03:00,8,8,
2007,RS,5,56,92,IST,PKOJ,"GREGORY, KENNY",2FGA,Missed Two Pointer,0,46,53,C,,,,8,03:00,8,8,
2007,RS,5,56,94,LIE,PBUU,"LUKAUSKIS, MINDAUGAS",3FGA,Missed Three Pointer,0,-648,120,F,,,,8,03:00,8,8,
2007,RS,5,56,96,LIE,PCOH,"PRICE, HOLLIS",3FGA,Missed Three Pointer,0,661,74,A,,,,8,03:00,8,8,
2007,RS,5,56,99,IST,PKNG,"NICHOLAS, DREW",3FGA,Missed Three Pointer,0,653,71,A,,,,9,02:00,8,8,
2007,RS,5,56,101,IST,PAWN,"GONLUM, KEREM",2FGA,Missed Two Pointer,0,48,64,C,,,,9,02:00,8,8,
2007,RS,5,56,110,LIE,PJRD,"NIELSEN, MATT",FTM,Free Throw In,1,-1,-1, ,,,,9,02:00,9,8,
2007,RS,5,56,111,LIE,PBUU,"LUKAUSKIS, MINDAUGAS",3FGA,Missed Three Pointer,0,53,656,G,,,,9,02:00,9,8,
2007,RS,5,56,114,IST,PBKM,"KUQO, ERMAL",2FGM,Two Pointer,2,-23,74,D,,,,10,01:00,9,10,
2007,RS,5,56,122,LIE,PLML,"BATISTA, JOAO PAULO",FTM,Free Throw In,1,-1,-1, ,,,,10,01:00,10,10,
2007,RS,5,56,123,IST,PKNG,"NICHOLAS, DREW",3FGM,Three Pointer,3,-20,661,J,,,,10,01:00,10,13,
2007,RS,5,56,128,LIE,PKNS,"JOMANTAS, ARTURAS",2FGA,Missed Two Pointer,0,43,330,C,,,,11,10:00,10,13,
2007,RS,5,56,130,IST,PTFG,"WOODS, LOREN",2FGM,Two Pointer,2,-5,-7,D,,,,11,10:00,10,15,
2007,RS,5,56,132,LIE,PLOC,"EIDSON, CHUCK",2FGAB,Missed Two Pointer,0,69,74,C,,,,11,10:00,10,15,
2007,RS,5,56,137,IST,PARN,"ARSLAN, ENDER",2FGA,Missed Two Pointer,0,-89,5,D,,,,12,09:00,10,15,
2007,RS,5,56,151,IST,PKNG,"NICHOLAS, DREW",2FGM,Two Pointer,2,41,38,C,,,,13,08:00,10,17,
2007,RS,5,56,157,LIE,PJRD,"NIELSEN, MATT",2FGA,Missed Two Pointer,0,12,397,C,,,,13,08:00,10,17,
2007,RS,5,56,159,LIE,PLOC,"EIDSON, CHUCK",2FGAB,Missed Two Pointer,0,53,82,C,,,,13,08:00,10,17,
2007,RS,5,56,162,IST,PKCH,"HUTSON, ANDRE",2FGAB,Missed Two Pointer,0,-58,53,D,,,,13,08:00,10,17,
2007,RS,5,56,168,IST,PKOJ,"GREGORY, KENNY",FTM,Free Throw In,1,-1,-1, ,,,,13,08:00,10,18,
2007,RS,5,56,171,LIE,PJRD,"NIELSEN, MATT",3FGA,Missed Three Pointer,0,89,661,G,,,,13,08:00,10,18,
2007,RS,5,56,176,LIE,PLOC,"EIDSON, CHUCK",3FGA,Missed Three Pointer,0,648,174,A,,,,14,07:00,10,18,
2007,RS,5,56,178,IST,PTFG,"WOODS, LOREN",2FGM,Two Pointer,2,-10,5,D,,,,14,07:00,10,20,
2007,RS,5,56,184,LIE,PJRD,"NIELSEN, MATT",2FGM,Two Pointer,2,71,30,C,,,,14,07:00,12,20,
2007,RS,5,56,188,IST,PKNG,"NICHOLAS, DREW",FTM,Free Throw In,1,-1,-1, ,,,,14,07:00,12,21,
2007,RS,5,56,189,IST,PKNG,"NICHOLAS, DREW",FTM,Free Throw In,1,-1,-1, ,,,,14,07:00,12,22,
2007,RS,5,56,198,IST,PKCH,"HUTSON, ANDRE",2FGM,Two Pointer,2,-28,46,D,,,,15,06:00,12,24,
2007,RS,5,56,199,LIE,PJRD,"NIELSEN, MATT",2FGM,Two Pointer,2,-41,33,D,,,,15,06:00,14,24,
2007,RS,5,56,205,IST,PBDQ,"ERDOGAN, SERKAN",FTM,Free Throw In,1,-1,-1, ,,,,16,05:00,14,25,
2007,RS,5,56,206,IST,PBDQ,"ERDOGAN, SERKAN",FTM,Free Throw In,1,-1,-1, ,,,,16,05:00,14,26,
2007,RS,5,56,207,LIE,PCOH,"PRICE, HOLLIS",2FGM,Two Pointer,2,264,351,B,,,,16,05:00,16,26,
2007,RS,5,56,208,IST,PKOJ,"GREGORY, KENNY",3FGM,Three Pointer,3,-671,17,F,,,,16,05:00,16,29,
2007,RS,5,56,210,LIE,PCOH,"PRICE, HOLLIS",3FGM,Three Pointer,3,451,492,G,,,,16,05:00,19,29,
2007,RS,5,56,212,IST,PKCH,"HUTSON, ANDRE",2FGM,Two Pointer,2,-279,138,E,,,,17,04:00,19,31,
2007,RS,5,56,223,LIE,PLTT,"GECEVICIUS, MARTYNAS",3FGA,Missed Three Pointer,0,-646,97,F,,,,17,04:00,19,31,
2007,RS,5,56,225,LIE,PKNS,"JOMANTAS, ARTURAS",2FGA,Missed Two Pointer,0,115,64,C,,,,17,04:00,19,31,
2007,RS,5,56,227,LIE,PJZN,"PETRAVICIUS, MARIJONAS",2FGM,Two Pointer,2,-51,43,D,,,,17,04:00,21,31,
2007,RS,5,56,231,IST,PKNG,"NICHOLAS, DREW",2FGA,Missed Two Pointer,0,374,102,B,,,,18,03:00,21,31,
2007,RS,5,56,239,LIE,PCOH,"PRICE, HOLLIS",FTM,Free Throw In,1,-1,-1, ,,,,18,03:00,22,31,
2007,RS,5,56,240,LIE,PCOH,"PRICE, HOLLIS",FTM,Free Throw In,1,-1,-1, ,,,,18,03:00,23,31,
2007,RS,5,56,241,IST,PKCH,"HUTSON, ANDRE",2FGM,Two Pointer,2,397,141,B,,,,18,03:00,23,33,
2007,RS,5,56,249,LIE,PJRD,"NIELSEN, MATT",3FGM,Three Pointer,3,-307,589,J,,,,19,02:00,26,33,
2007,RS,5,56,254,IST,PAWN,"GONLUM, KEREM",2FGA,Missed Two Pointer,0,-66,51,D,,,,20,01:00,26,33,
2007,RS,5,56,256,LIE,PLTT,"GECEVICIUS, MARTYNAS",3FGM,Three Pointer,3,-646,76,F,,,,20,01:00,29,33,
2007,RS,5,56,258,IST,PKNG,"NICHOLAS, DREW",3FGA,Missed Three Pointer,0,276,602,G,,,,20,01:00,29,33,
2007,RS,5,56,271,LIE,PCOH,"PRICE, HOLLIS",3FGA,Missed Three Pointer,0,89,689,G,,,,20,01:00,29,33,
2007,RS,5,56,285,IST,PKNG,"NICHOLAS, DREW",3FGA,Missed Three Pointer,0,553,361,A,,,,21,10:00,29,33,
2007,RS,5,56,289,LIE,PKNS,"JOMANTAS, ARTURAS",FTM,Free Throw In,1,-1,-1, ,,,,21,10:00,30,33,
2007,RS,5,56,290,LIE,PKNS,"JOMANTAS, ARTURAS",FTM,Free Throw In,1,-1,-1, ,,,,21,10:00,31,33,
2007,RS,5,56,296,LIE,PJRD,"NIELSEN, MATT",2FGA,Missed Two Pointer,0,-343,205,E,,,,22,09:00,31,33,
2007,RS,5,56,300,LIE,PJZN,"PETRAVICIUS, MARIJONAS",FTM,Free Throw In,1,-1,-1, ,,,,22,09:00,32,33,
2007,RS,5,56,301,LIE,PJZN,"PETRAVICIUS, MARIJONAS",FTM,Free Throw In,1,-1,-1, ,,,,22,09:00,33,33,
2007,RS,5,56,302,IST,PKNG,"NICHOLAS, DREW",2FGA,Missed Two Pointer,0,230,69,C,,,,22,09:00,33,33,
2007,RS,5,56,304,LIE,PCOH,"PRICE, HOLLIS",2FGM,Two Pointer,2,-94,33,D,,,,22,09:00,35,33,
2007,RS,5,56,308,IST,PTFG,"WOODS, LOREN",2FGA,Missed Two Pointer,0,23,33,C,,,,23,08:00,35,33,
2007,RS,5,56,310,IST,PKNG,"NICHOLAS, DREW",3FGA,Missed Three Pointer,0,479,492,G,,,,23,08:00,35,33,
2007,RS,5,56,316,LIE,PJZN,"PETRAVICIUS, MARIJONAS",FTM,Free Throw In,1,-1,-1, ,,,,23,08:00,36,33,
2007,RS,5,56,317,LIE,PJZN,"PETRAVICIUS, MARIJONAS",FTM,Free Throw In,1,-1,-1, ,,,,23,08:00,37,33,
2007,RS,5,56,318,IST,PBXD,"PENN, JAMES",3FGA,Missed Three Pointer,0,-628,223,F,,,,23,08:00,37,33,
2007,RS,5,56,322,LIE,PLTT,"GECEVICIUS, MARTYNAS",3FGA,Missed Three Pointer,0,-12,661,J,,,,23,08:00,37,33,
2007,RS,5,56,325,IST,PBKM,"KUQO, ERMAL",2FGM,Two Pointer,2,-71,66,D,,,,24,07:00,37,35,
2007,RS,5,56,331,LIE,PJZN,"PETRAVICIUS, MARIJONAS",FTM,Free Throw In,1,-1,-1, ,,,,24,07:00,38,35,
2007,RS,5,56,332,IST,PBKM,"KUQO, ERMAL",3FGM,Three Pointer,3,464,512,G,,,,24,07:00,38,38,
2007,RS,5,56,338,LIE,PJZN,"PETRAVICIUS, MARIJONAS",FTM,Free Throw In,1,-1,-1, ,,,,25,06:00,39,38,
2007,RS,5,56,339,LIE,PJZN,"PETRAVICIUS, MARIJONAS",FTM,Free Throw In,1,-1,-1, ,,,,25,06:00,40,38,
2007,RS,5,56,340,IST,PKCH,"HUTSON, ANDRE",2FGA,Missed Two Pointer,0,384,328,B,,,,25,06:00,40,38,
2007,RS,5,56,344,LIE,PCOH,"PRICE, HOLLIS",3FGA,Missed Three Pointer,0,-674,-51,F,,,,25,06:00,40,38,
2007,RS,5,56,351,LIE,PJZN,"PETRAVICIUS, MARIJONAS",FTM,Free Throw In,1,-1,-1, ,,,,25,06:00,41,38,
2007,RS,5,56,353,IST,PKNG,"NICHOLAS, DREW",2FGAB,Missed Two Pointer,0,320,20,B,,,,26,05:00,41,38,
2007,RS,5,56,357,IST,PKCH,"HUTSON, ANDRE",2FGM,Two Pointer,2,-17,74,D,,,,26,05:00,41,40,
2007,RS,5,56,360,IST,PAWN,"GONLUM, KEREM",2FGM,Two Pointer,2,-69,20,D,,,,26,05:00,41,42,
2007,RS,5,56,369,IST,PKOJ,"GREGORY, KENNY",2FGA,Missed Two Pointer,0,-43,38,D,,,,26,05:00,41,42,
2007,RS,5,56,374,IST,PKNG,"NICHOLAS, DREW",2FGA,Missed Two Pointer,0,205,194,C,,,,27,04:00,41,42,
2007,RS,5,56,378,LIE,PKNS,"JOMANTAS, ARTURAS",3FGA,Missed Three Pointer,0,-669,-30,F,,,,27,04:00,41,42,
2007,RS,5,56,380,LIE,PCOH,"PRICE, HOLLIS",2FGM,Two Pointer,2,-138,112,D,,,,27,04:00,43,42,
2007,RS,5,56,391,LIE,PCOH,"PRICE, HOLLIS",FTM,Free Throw In,1,-1,-1, ,,,,28,03:00,44,42,
2007,RS,5,56,392,LIE,PCOH,"PRICE, HOLLIS",FTM,Free Throw In,1,-1,-1, ,,,,28,03:00,45,42,
2007,RS,5,56,397,IST,PKCH,"HUTSON, ANDRE",2FGM,Two Pointer,2,87,41,C,,,,28,03:00,45,44,
2007,RS,5,56,400,LIE,PLOC,"EIDSON, CHUCK",2FGA,Missed Two Pointer,0,300,423,B,,,,29,02:00,45,44,
2007,RS,5,56,402,IST,PKNG,"NICHOLAS, DREW",3FGM,Three Pointer,3,-625,200,F,,,,29,02:00,45,47,
2007,RS,5,56,407,LIE,PLOC,"EIDSON, CHUCK",FTM,Free Throw In,1,-1,-1, ,,,,29,02:00,46,47,
2007,RS,5,56,408,LIE,PLOC,"EIDSON, CHUCK",FTM,Free Throw In,1,-1,-1, ,,,,29,02:00,47,47,
2007,RS,5,56,410,IST,PBXD,"PENN, JAMES",2FGM,Two Pointer,2,41,187,C,,,,30,01:00,47,49,
2007,RS,5,56,411,LIE,PCOH,"PRICE, HOLLIS",3FGA,Missed Three Pointer,0,133,684,G,,,,30,01:00,47,49,
2007,RS,5,56,421,LIE,PCOH,"PRICE, HOLLIS",3FGA,Missed Three Pointer,0,210,633,G,,,,31,10:00,47,49,
2007,RS,5,56,426,IST,PKCH,"HUTSON, ANDRE",FTM,Free Throw In,1,-1,-1, ,,,,31,10:00,47,50,
2007,RS,5,56,427,LIE,PLOC,"EIDSON, CHUCK",2FGM,Two Pointer,2,320,253,B,,,,31,10:00,49,50,
2007,RS,5,56,429,IST,PKOJ,"GREGORY, KENNY",3FGM,Three Pointer,3,10,664,G,,,,32,09:00,49,53,
2007,RS,5,56,431,LIE,PLOC,"EIDSON, CHUCK",3FGM,Three Pointer,3,-353,635,J,,,,32,09:00,52,53,
2007,RS,5,56,435,IST,PAWN,"GONLUM, KEREM",2FGM,Two Pointer,2,102,107,C,,,,33,08:00,52,55,
2007,RS,5,56,436,LIE,PLOC,"EIDSON, CHUCK",2FGM,Two Pointer,2,120,407,C,,,,33,08:00,54,55,
2007,RS,5,56,440,LIE,PBUU,"LUKAUSKIS, MINDAUGAS",3FGA,Missed Three Pointer,0,325,571,G,,,,33,08:00,54,55,
2007,RS,5,56,443,LIE,PBUX,"SLEZAS, ANDRIUS",3FGM,Three Pointer,3,-584,358,F,,,,34,07:00,57,55,
2007,RS,5,56,445,IST,PKNG,"NICHOLAS, DREW",2FGM,Two Pointer,2,69,125,C,,,,34,07:00,57,57,
2007,RS,5,56,459,IST,PKOJ,"GREGORY, KENNY",FTM,Free Throw In,1,-1,-1, ,,,,35,06:00,57,58,
2007,RS,5,56,462,IST,PBKM,"KUQO, ERMAL",2FGA,Missed Two Pointer,0,133,210,C,,,,35,06:00,57,58,
2007,RS,5,56,466,LIE,PBUX,"SLEZAS, ANDRIUS",3FGA,Missed Three Pointer,0,-212,638,J,,,,35,06:00,57,58,
2007,RS,5,56,469,IST,PKNG,"NICHOLAS, DREW",3FGM,Three Pointer,3,-312,600,J,,,,36,05:00,57,61,
2007,RS,5,56,474,LIE,PLOC,"EIDSON, CHUCK",2FGA,Missed Two Pointer,0,-358,123,E,,,,36,05:00,57,61,
2007,RS,5,56,478,IST,PBKM,"KUQO, ERMAL",FTM,Free Throw In,1,-1,-1, ,,,,36,05:00,57,62,
2007,RS,5,56,482,LIE,PCOH,"PRICE, HOLLIS",2FGM,Two Pointer,2,-23,102,D,,,,37,04:00,59,62,
2007,RS,5,56,483,IST,PBKM,"KUQO, ERMAL",3FGM,Three Pointer,3,566,405,A,,,,37,04:00,59,65,
2007,RS,5,56,487,LIE,PKNS,"JOMANTAS, ARTURAS",2FGM,Two Pointer,2,-66,28,D,,,,37,04:00,61,65,
2007,RS,5,56,492,IST,PKNG,"NICHOLAS, DREW",FTM,Free Throw In,1,-1,-1, ,,,,38,03:00,61,66,
2007,RS,5,56,503,IST,PKNG,"NICHOLAS, DREW",FTM,Free Throw In,1,-1,-1, ,,,,38,03:00,61,67,
2007,RS,5,56,504,IST,PKNG,"NICHOLAS, DREW",FTM,Free Throw In,1,-1,-1, ,,,,38,03:00,61,68,
2007,RS,5,56,505,IST,PKNG,"NICHOLAS, DREW",FTM,Free Throw In,1,-1,-1, ,,,,38,03:00,61,69,
2007,RS,5,56,510,LIE,PJRD,"NIELSEN, MATT",2FGA,Missed Two Pointer,0,-100,287,D,,,,39,02:00,61,69,
2007,RS,5,56,514,LIE,PCOH,"PRICE, HOLLIS",3FGM,Three Pointer,3,256,630,G,,,,39,02:00,64,69,
2007,RS,5,56,515,IST,PKOJ,"GREGORY, KENNY",2FGM,Two Pointer,2,-48,28,D,,,,39,02:00,64,71,
2007,RS,5,56,517,LIE,PLOC,"EIDSON, CHUCK",2FGA,Missed Two Pointer,0,-58,64,D,,,,39,02:00,64,71,
2007,RS,5,56,520,IST,PKNG,"NICHOLAS, DREW",3FGA,Missed Three Pointer,0,602,338,A,,,,40,01:00,64,71,
2007,RS,5,56,536,IST,PBDQ,"ERDOGAN, SERKAN",FTM,Free Throw In,1,-1,-1, ,,,,40,01:00,64,72,
2007,RS,5,56,537,LIE,PCOH,"PRICE, HOLLIS",3FGM,Three Pointer,3,123,666,G,,,,40,01:00,67,72,
2007,RS,5,56,540,IST,PBDQ,"ERDOGAN, SERKAN",FTM,Free Throw In,1,-1,-1, ,,,,40,01:00,67,73,
2007,RS,5,56,541,IST,PBDQ,"ERDOGAN, SERKAN",FTM,Free Throw In,1,-1,-1, ,,,,40,01:00,67,74,
2007,RS,5,56,545,LIE,PCOH,"PRICE, HOLLIS",2FGA,Missed Two Pointer,0,-348,333,E,,,,40,01:00,67,74,
2007,RS,5,56,549,LIE,PCOH,"PRICE, HOLLIS",FTM,Free Throw In,1,-1,-1, ,,,,40,01:00,68,74,
2007,RS,5,56,550,LIE,PCOH,"PRICE, HOLLIS",FTM,Free Throw In,1,-1,-1, ,,,,40,01:00,69,74,
2007,RS,5,56,553,IST,PBXD,"PENN, JAMES",FTM,Free Throw In,1,-1,-1, ,,,,40,01:00,69,75,
2007,RS,5,56,554,IST,PBXD,"PENN, JAMES",FTM,Free Throw In,1,-1,-1, ,,,,40,01:00,69,76,
2007,RS,5,56,555,LIE,PCOH,"PRICE, HOLLIS",2FGAB,Missed Two Pointer,0,-46,58,D,,,,40,01:00,69,76,
2007,RS,5,56,562,IST,PBXD,"PENN, JAMES",FTM,Free Throw In,1,-1,-1, ,,,,40,01:00,69,77,
2007,RS,5,56,563,LIE,PCOH,"PRICE, HOLLIS",3FGA,Missed Three Pointer,0,-289,607,J,,,,40,01:00,69,77,
2007,RS,5,56,569,LIE,PKNS,"JOMANTAS, ARTURAS",FTM,Free Throw In,1,-1,-1, ,,,,40,01:00,70,77,
2007,RS,5,56,579,LIE,PLOC,"EIDSON, CHUCK",3FGA,Missed Three Pointer,0,282,615,G,,,,40,01:00,70,77,
2007,RS,5,57,2,ULK,PJYB,"ERDEN, SEMIH",2FGM,Two Pointer,2,-5,-5,D,,,,1,10:00,2,0,
2007,RS,5,57,4,BAM,PLPI,"FENN, DARREN",2FGM,Two Pointer,2,-148,43,D,,,,1,10:00,2,2,
2007,RS,5,57,5,ULK,PARO,"ONAN, OMER",2FGM,Two Pointer,2,123,51,C,,,,1,10:00,4,2,
2007,RS,5,57,6,BAM,PKOO,"GREENE, DEMOND",3FGA,Missed Three Pointer,0,-510,474,J,,,,1,10:00,4,2,
2007,RS,5,57,9,ULK,PLGR,"BASAK, RASIM",2FGM,Two Pointer,2,76,12,C,,,,1,10:00,6,2,
2007,RS,5,57,15,ULK,PTHC,"WHITE, JAMES",3FGM,Three Pointer,3,-623,238,F,,,,2,09:00,9,2,
2007,RS,5,57,17,BAM,PASB,"OKULAJA, ADEMOLA",2FGA,Missed Two Pointer,0,-38,138,D,,,,2,09:00,9,2,
2007,RS,5,57,19,BAM,PASB,"OKULAJA, ADEMOLA",2FGM,Two Pointer,2,-35,100,D,,,,2,09:00,9,4,
2007,RS,5,57,24,ULK,PJYB,"ERDEN, SEMIH",2FGA,Missed Two Pointer,0,-384,38,E,,,,3,08:00,9,4,
2007,RS,5,57,25,BAM,PLPI,"FENN, DARREN",2FGA,Missed Two Pointer,0,28,146,C,,,,3,08:00,9,4,
2007,RS,5,57,27,ULK,PCOS,"SOLOMON, WILLIE",3FGM,Three Pointer,3,217,617,G,,,,3,08:00,12,4,
2007,RS,5,57,29,BAM,PLPI,"FENN, DARREN",3FGA,Missed Three Pointer,0,-671,5,F,,,,3,08:00,12,4,
2007,RS,5,57,32,BAM,PASB,"OKULAJA, ADEMOLA",2FGM,Two Pointer,2,410,97,B,,,,4,07:00,12,6,
2007,RS,5,57,36,ULK,PARO,"ONAN, OMER",2FGM,Two Pointer,2,464,228,B,,,,4,07:00,14,6,
2007,RS,5,57,38,BAM,PASB,"OKULAJA, ADEMOLA",2FGA,Missed Two Pointer,0,141,100,C,,,,4,07:00,14,6,
2007,RS,5,57,41,ULK,PLGR,"BASAK, RASIM",2FGA,Missed Two Pointer,0,-110,448,I,,,,5,06:00,14,6,
2007,RS,5,57,49,BAM,PASB,"OKULAJA, ADEMOLA",FTM,Free Throw In,1,-1,-1, ,,,,5,06:00,14,7,
2007,RS,5,57,50,BAM,PASB,"OKULAJA, ADEMOLA",FTM,Free Throw In,1,-1,-1, ,,,,5,06:00,14,8,
2007,RS,5,57,53,BAM,PJSS,"HAMANN, STEFFEN",2FGM,Two Pointer,2,25,84,C,,,,5,06:00,14,10,
2007,RS,5,57,56,ULK,PAYR,"TURKCAN, MIRSAD",2FGA,Missed Two Pointer,0,46,192,C,,,,6,05:00,14,10,
2007,RS,5,57,58,BAM,PASB,"OKULAJA, ADEMOLA",3FGM,Three Pointer,3,194,676,G,,,,6,05:00,14,13,
2007,RS,5,57,60,ULK,PCOS,"SOLOMON, WILLIE",3FGA,Missed Three Pointer,0,-284,592,J,,,,6,05:00,14,13,
2007,RS,5,57,68,ULK,PARO,"ONAN, OMER",3FGM,Three Pointer,3,-535,382,F,,,,6,05:00,17,13,
2007,RS,5,57,71,BAM,PKOO,"GREENE, DEMOND",3FGM,Three Pointer,3,-474,487,J,,,,7,04:00,17,16,
2007,RS,5,57,73,ULK,PTFH,"PRELDZIC, EMIR",2FGM,Two Pointer,2,-69,20,D,,,,7,04:00,19,16,
2007,RS,5,57,74,BAM,PLPI,"FENN, DARREN",2FGA,Missed Two Pointer,0,-241,79,D,,,,7,04:00,19,16,
2007,RS,5,57,79,BAM,PLPI,"FENN, DARREN",3FGA,Missed Three Pointer,0,-225,669,J,,,,7,04:00,19,16,
2007,RS,5,57,82,ULK,PTFH,"PRELDZIC, EMIR",2FGA,Missed Two Pointer,0,-382,100,E,,,,8,03:00,19,16,
2007,RS,5,57,86,ULK,PAYR,"TURKCAN, MIRSAD",3FGA,Missed Three Pointer,0,412,515,G,,,,8,03:00,19,16,
2007,RS,5,57,99,BAM,PJSR,"ENSMINGER, CHRIS",2FGA,Missed Two Pointer,0,102,87,C,,,,9,02:00,19,16,
2007,RS,5,57,101,ULK,PARO,"ONAN, OMER",3FGA,Missed Three Pointer,0,638,235,A,,,,9,02:00,19,16,
2007,RS,5,57,104,ULK,PARO,"ONAN, OMER",FTM,Free Throw In,1,-1,-1, ,,,,9,02:00,20,16,
2007,RS,5,57,105,ULK,PARO,"ONAN, OMER",FTM,Free Throw In,1,-1,-1, ,,,,9,02:00,21,16,
2007,RS,5,57,106,BAM,PJJZ,"SUPUT, PREDRAG",2FGM,Two Pointer,2,20,151,C,,,,9,02:00,21,18,
2007,RS,5,57,112,BAM,PJJZ,"SUPUT, PREDRAG",2FGM,Two Pointer,2,225,153,C,,,,10,01:00,21,20,
2007,RS,5,57,113,ULK,PTFH,"PRELDZIC, EMIR",3FGA,Missed Three Pointer,0,-664,15,F,,,,10,01:00,21,20,
2007,RS,5,57,115,ULK,PAYR,"TURKCAN, MIRSAD",2FGM,Two Pointer,2,66,46,C,,,,10,01:00,23,20,
2007,RS,5,57,118,BAM,PJJZ,"SUPUT, PREDRAG",2FGA,Missed Two Pointer,0,-92,94,D,,,,11,10:00,23,20,
2007,RS,5,57,124,BAM,PJSR,"ENSMINGER, CHRIS",2FGM,Two Pointer,2,79,71,C,,,,11,10:00,23,22,
2007,RS,5,57,125,ULK,PLGA,"KAAN, DAMIR",3FGA,Missed Three Pointer,0,-564,369,F,,,,11,10:00,23,22,
2007,RS,5,57,127,BAM,PJJZ,"SUPUT, PREDRAG",3FGA,Missed Three Pointer,0,615,315,A,,,,11,10:00,23,22,
2007,RS,5,57,138,ULK,PTFH,"PRELDZIC, EMIR",2FGM,Two Pointer,2,317,371,B,,,,12,09:00,25,22,
2007,RS,5,57,139,BAM,PASB,"OKULAJA, ADEMOLA",2FGA,Missed Two Pointer,0,-17,179,D,,,,12,09:00,25,22,
2007,RS,5,57,141,BAM,PBOF,"GARRETT, ROBERT",2FGA,Missed Two Pointer,0,94,105,C,,,,12,09:00,25,22,
2007,RS,5,57,145,BAM,PASB,"OKULAJA, ADEMOLA",3FGA,Missed Three Pointer,0,510,461,G,,,,13,08:00,25,22,
2007,RS,5,57,147,ULK,PTFI,"VIDMAR, GASPER",2FGA,Missed Two Pointer,0,23,200,C,,,,13,08:00,25,22,
2007,RS,5,57,160,BAM,PLPI,"FENN, DARREN",3FGA,Missed Three Pointer,0,646,200,A,,,,14,07:00,25,22,
2007,RS,5,57,162,ULK,PABI,"KUTLUAY, IBRAHIM",3FGA,Missed Three Pointer,0,-625,287,F,,,,14,07:00,25,22,
2007,RS,5,57,164,BAM,PJSR,"ENSMINGER, CHRIS",2FGM,Two Pointer,2,-79,51,D,,,,14,07:00,25,24,
2007,RS,5,57,168,BAM,PJSR,"ENSMINGER, CHRIS",FTM,Free Throw In,1,-1,-1, ,,,,14,07:00,25,25,
2007,RS,5,57,174,BAM,PLPI,"FENN, DARREN",3FGA,Missed Three Pointer,0,679,48,A,,,,15,06:00,25,25,
2007,RS,5,57,178,ULK,PABI,"KUTLUAY, IBRAHIM",3FGM,Three Pointer,3,-666,125,F,,,,15,06:00,28,25,
2007,RS,5,57,181,BAM,PLPI,"FENN, DARREN",2FGM,Two Pointer,2,-12,128,D,,,,16,05:00,28,27,
2007,RS,5,57,183,ULK,PTHC,"WHITE, JAMES",2FGM,Two Pointer,2,164,58,C,,,,16,05:00,30,27,
2007,RS,5,57,184,BAM,PBOF,"GARRETT, ROBERT",2FGM,Two Pointer,2,15,576,H,,,,16,05:00,30,29,
2007,RS,5,57,185,ULK,PABI,"KUTLUAY, IBRAHIM",2FGA,Missed Two Pointer,0,548,48,B,,,,16,05:00,30,29,
2007,RS,5,57,188,BAM,PBOF,"GARRETT, ROBERT",3FGAB,Missed Three Pointer,0,-464,523,J,,,,17,04:00,30,29,
2007,RS,5,57,193,ULK,PCOS,"SOLOMON, WILLIE",2FGM,Two Pointer,2,-71,41,D,,,,17,04:00,32,29,
2007,RS,5,57,203,ULK,PABI,"KUTLUAY, IBRAHIM",3FGA,Missed Three Pointer,0,-661,166,F,,,,17,04:00,32,29,
2007,RS,5,57,205,BAM,PKOO,"GREENE, DEMOND",2FGM,Two Pointer,2,64,46,C,,,,17,04:00,32,31,
2007,RS,5,57,209,BAM,PJSR,"ENSMINGER, CHRIS",2FGM,Two Pointer,2,-66,48,D,,,,18,03:00,32,33,
2007,RS,5,57,216,ULK,PTHC,"WHITE, JAMES",3FGA,Missed Three Pointer,0,-623,241,F,,,,18,03:00,32,33,
2007,RS,5,57,220,BAM,PJSS,"HAMANN, STEFFEN",3FGA,Missed Three Pointer,0,-315,592,J,,,,19,02:00,32,33,
2007,RS,5,57,222,ULK,PJPF,"SAVAS, OGUZ",2FGA,Missed Two Pointer,0,-64,125,D,,,,19,02:00,32,33,
2007,RS,5,57,228,ULK,PJYB,"ERDEN, SEMIH",2FGA,Missed Two Pointer,0,-235,251,E,,,,19,02:00,32,33,
2007,RS,5,57,234,ULK,PCOS,"SOLOMON, WILLIE",3FGA,Missed Three Pointer,0,-492,458,J,,,,20,01:00,32,33,
2007,RS,5,57,236,BAM,PJJZ,"SUPUT, PREDRAG",3FGA,Missed Three Pointer,0,-241,646,J,,,,20,01:00,32,33,
2007,RS,5,57,238,BAM,PASB,"OKULAJA, ADEMOLA",3FGM,Three Pointer,3,-192,661,J,,,,20,01:00,32,36,
2007,RS,5,57,248,ULK,PCOS,"SOLOMON, WILLIE",2FGM,Two Pointer,2,-207,235,D,,,,21,10:00,34,36,
2007,RS,5,57,251,BAM,PLPI,"FENN, DARREN",2FGA,Missed Two Pointer,0,-107,202,D,,,,21,10:00,34,36,
2007,RS,5,57,253,ULK,PTFI,"VIDMAR, GASPER",2FGM,Two Pointer,2,-74,33,D,,,,21,10:00,36,36,
2007,RS,5,57,254,BAM,PLPI,"FENN, DARREN",2FGM,Two Pointer,2,-110,64,D,,,,21,10:00,36,38,
2007,RS,5,57,256,ULK,PCOS,"SOLOMON, WILLIE",2FGA,Missed Two Pointer,0,-115,279,D,,,,21,10:00,36,38,
2007,RS,5,57,260,ULK,PCOS,"SOLOMON, WILLIE",3FGA,Missed Three Pointer,0,523,448,G,,,,23,08:00,36,38,
2007,RS,5,57,264,ULK,PCOS,"SOLOMON, WILLIE",2FGAB,Missed Two Pointer,0,-64,69,D,,,,23,08:00,36,38,
2007,RS,5,57,268,ULK,PLGR,"BASAK, RASIM",3FGM,Three Pointer,3,-28,715,J,,,,23,08:00,39,38,
2007,RS,5,57,273,BAM,PJSS,"HAMANN, STEFFEN",2FGM,Two Pointer,2,-74,25,D,,,,24,07:00,39,40,
2007,RS,5,57,281,ULK,PTFI,"VIDMAR, GASPER",FTM,Free Throw In,1,-1,-1, ,,,,24,07:00,40,40,
2007,RS,5,57,282,ULK,PTFI,"VIDMAR, GASPER",FTM,Free Throw In,1,-1,-1, ,,,,24,07:00,41,40,
2007,RS,5,57,283,BAM,PKOO,"GREENE, DEMOND",2FGA,Missed Two Pointer,0,-100,541,I,,,,24,07:00,41,40,
2007,RS,5,57,288,ULK,PTFI,"VIDMAR, GASPER",2FGA,Missed Two Pointer,0,164,107,C,,,,25,06:00,41,40,
2007,RS,5,57,290,ULK,PCOS,"SOLOMON, WILLIE",2FGM,Two Pointer,2,33,110,C,,,,25,06:00,43,40,
2007,RS,5,57,291,BAM,PLPI,"FENN, DARREN",2FGM,Two Pointer,2,-92,74,D,,,,25,06:00,43,42,
2007,RS,5,57,299,ULK,PCOS,"SOLOMON, WILLIE",2FGM,Two Pointer,2,269,187,B,,,,25,06:00,45,42,
2007,RS,5,57,302,ULK,PARO,"ONAN, OMER",2FGAB,Missed Two Pointer,0,-82,84,D,,,,25,06:00,45,42,
2007,RS,5,57,305,ULK,PARO,"ONAN, OMER",3FGA,Missed Three Pointer,0,-612,307,F,,,,25,06:00,45,42,
2007,RS,5,57,308,BAM,PJSR,"ENSMINGER, CHRIS",2FGM,Two Pointer,2,-138,66,D,,,,26,05:00,45,44,
2007,RS,5,57,318,ULK,PTHC,"WHITE, JAMES",FTM,Free Throw In,1,-1,-1, ,,,,27,04:00,46,44,
2007,RS,5,57,319,ULK,PTHC,"WHITE, JAMES",FTM,Free Throw In,1,-1,-1, ,,,,27,04:00,47,44,
2007,RS,5,57,322,ULK,PJYB,"ERDEN, SEMIH",2FGA,Missed Two Pointer,0,-187,107,D,,,,27,04:00,47,44,
2007,RS,5,57,324,ULK,PAYR,"TURKCAN, MIRSAD",3FGA,Missed Three Pointer,0,674,17,A,,,,27,04:00,47,44,
2007,RS,5,57,328,ULK,PARO,"ONAN, OMER",3FGA,Missed Three Pointer,0,-261,656,J,,,,28,03:00,47,44,
2007,RS,5,57,330,BAM,PJJZ,"SUPUT, PREDRAG",2FGM,Two Pointer,2,205,156,C,,,,28,03:00,47,46,
2007,RS,5,57,331,ULK,PAYR,"TURKCAN, MIRSAD",2FGM,Two Pointer,2,-20,228,D,,,,28,03:00,49,46,
2007,RS,5,57,343,BAM,PLPI,"FENN, DARREN",3FGM,Three Pointer,3,-671,35,F,,,,29,02:00,49,49,
2007,RS,5,57,345,ULK,PARO,"ONAN, OMER",3FGA,Missed Three Pointer,0,-102,707,J,,,,29,02:00,49,49,
2007,RS,5,57,348,BAM,PLPI,"FENN, DARREN",3FGM,Three Pointer,3,353,569,G,,,,30,01:00,49,52,
2007,RS,5,57,350,ULK,PJYB,"ERDEN, SEMIH",2FGA,Missed Two Pointer,0,269,148,B,,,,30,01:00,49,52,
2007,RS,5,57,354,BAM,PJSR,"ENSMINGER, CHRIS",FTM,Free Throw In,1,-1,-1, ,,,,30,01:00,49,53,
2007,RS,5,57,355,BAM,PJSR,"ENSMINGER, CHRIS",FTM,Free Throw In,1,-1,-1, ,,,,30,01:00,49,54,
2007,RS,5,57,365,ULK,PCOS,"SOLOMON, WILLIE",FTM,Free Throw In,1,-1,-1, ,,,,30,01:00,50,54,
2007,RS,5,57,376,BAM,PJSS,"HAMANN, STEFFEN",2FGM,Two Pointer,2,-76,23,D,,,,31,10:00,50,56,
2007,RS,5,57,378,ULK,PCOS,"SOLOMON, WILLIE",3FGA,Missed Three Pointer,0,666,128,A,,,,31,10:00,50,56,
2007,RS,5,57,382,ULK,PAYR,"TURKCAN, MIRSAD",2FGA,Missed Two Pointer,0,-528,69,E,,,,31,10:00,50,56,
2007,RS,5,57,384,BAM,PLPI,"FENN, DARREN",2FGM,Two Pointer,2,-89,46,D,,,,31,10:00,50,58,
2007,RS,5,57,387,ULK,PCOS,"SOLOMON, WILLIE",3FGA,Missed Three Pointer,0,382,594,G,,,,32,09:00,50,58,
2007,RS,5,57,390,ULK,PLGA,"KAAN, DAMIR",3FGM,Three Pointer,3,664,61,A,,,,32,09:00,53,58,
2007,RS,5,57,391,BAM,PJSR,"ENSMINGER, CHRIS",2FGA,Missed Two Pointer,0,-202,33,D,,,,32,09:00,53,58,
2007,RS,5,57,393,ULK,PAYR,"TURKCAN, MIRSAD",2FGM,Two Pointer,2,230,128,C,,,,32,09:00,55,58,
2007,RS,5,57,400,BAM,PJJZ,"SUPUT, PREDRAG",2FGM,Two Pointer,2,143,161,C,,,,33,08:00,55,60,
2007,RS,5,57,401,ULK,PLGA,"KAAN, DAMIR",3FGA,Missed Three Pointer,0,364,612,G,,,,33,08:00,55,60,
2007,RS,5,57,405,BAM,PJSS,"HAMANN, STEFFEN",3FGM,Three Pointer,3,-543,433,J,,,,33,08:00,55,63,
2007,RS,5,57,410,ULK,PLGA,"KAAN, DAMIR",3FGM,Three Pointer,3,28,779,G,,,,34,07:00,58,63,
2007,RS,5,57,413,ULK,PLGA,"KAAN, DAMIR",3FGM,Three Pointer,3,630,284,A,,,,34,07:00,61,63,
2007,RS,5,57,422,ULK,PAYR,"TURKCAN, MIRSAD",2FGM,Two Pointer,2,100,105,C,,,,35,06:00,63,63,
2007,RS,5,57,423,BAM,PASB,"OKULAJA, ADEMOLA",3FGM,Three Pointer,3,-566,433,J,,,,35,06:00,63,66,
2007,RS,5,57,427,BAM,PASB,"OKULAJA, ADEMOLA",3FGAB,Missed Three Pointer,0,-17,676,J,,,,35,06:00,63,66,
2007,RS,5,57,433,ULK,PCOS,"SOLOMON, WILLIE",FTM,Free Throw In,1,-1,-1, ,,,,36,05:00,64,66,
2007,RS,5,57,434,ULK,PCOS,"SOLOMON, WILLIE",FTM,Free Throw In,1,-1,-1, ,,,,36,05:00,65,66,
2007,RS,5,57,435,BAM,PJJZ,"SUPUT, PREDRAG",2FGM,Two Pointer,2,-12,241,D,,,,36,05:00,65,68,
2007,RS,5,57,436,ULK,PAYR,"TURKCAN, MIRSAD",2FGM,Two Pointer,2,-520,84,E,,,,36,05:00,67,68,
2007,RS,5,57,446,ULK,PCOS,"SOLOMON, WILLIE",FTM,Free Throw In,1,-1,-1, ,,,,37,04:00,68,68,
2007,RS,5,57,447,ULK,PCOS,"SOLOMON, WILLIE",FTM,Free Throw In,1,-1,-1, ,,,,37,04:00,69,68,
2007,RS,5,57,450,ULK,PLGA,"KAAN, DAMIR",3FGM,Three Pointer,3,-430,533,J,,,,37,04:00,72,68,
2007,RS,5,57,457,BAM,PJSS,"HAMANN, STEFFEN",3FGA,Missed Three Pointer,0,-535,441,J,,,,38,03:00,72,68,
2007,RS,5,57,461,BAM,PASB,"OKULAJA, ADEMOLA",FTM,Free Throw In,1,-1,-1, ,,,,38,03:00,72,69,
2007,RS,5,57,462,BAM,PASB,"OKULAJA, ADEMOLA",FTM,Free Throw In,1,-1,-1, ,,,,38,03:00,72,70,
2007,RS,5,57,464,ULK,PJYB,"ERDEN, SEMIH",2FGM,Two Pointer,2,7,7,C,,,,39,02:00,74,70,
2007,RS,5,57,470,BAM,PJJZ,"SUPUT, PREDRAG",3FGA,Missed Three Pointer,0,64,666,G,,,,39,02:00,74,70,
2007,RS,5,57,472,BAM,PASB,"OKULAJA, ADEMOLA",3FGM,Three Pointer,3,679,15,A,,,,39,02:00,74,73,
2007,RS,5,57,474,ULK,PCOS,"SOLOMON, WILLIE",2FGM,Two Pointer,2,235,387,B,,,,39,02:00,76,73,
2007,RS,5,57,476,BAM,PLPI,"FENN, DARREN",3FGA,Missed Three Pointer,0,-679,-23,F,,,,40,01:00,76,73,
2007,RS,5,57,478,BAM,PJSS,"HAMANN, STEFFEN",3FGA,Missed Three Pointer,0,284,592,G,,,,40,01:00,76,73,
2007,RS,5,57,480,BAM,PJJZ,"SUPUT, PREDRAG",2FGM,Two Pointer,2,-143,51,D,,,,40,01:00,76,75,
2007,RS,5,57,485,ULK,PCOS,"SOLOMON, WILLIE",FTM,Free Throw In,1,-1,-1, ,,,,40,01:00,77,75,
2007,RS,5,57,489,BAM,PLPI,"FENN, DARREN",FTM,Free Throw In,1,-1,-1, ,,,,40,01:00,77,76,
2007,RS,5,57,490,BAM,PLPI,"FENN, DARREN",FTM,Free Throw In,1,-1,-1, ,,,,40,01:00,77,77,
2007,RS,5,57,493,ULK,PCOS,"SOLOMON, WILLIE",FTM,Free Throw In,1,-1,-1, ,,,,40,01:00,78,77,
2007,RS,5,57,494,ULK,PCOS,"SOLOMON, WILLIE",FTM,Free Throw In,1,-1,-1, ,,,,40,01:00,79,77,
2007,RS,5,57,495,BAM,PLPI,"FENN, DARREN",3FGA,Missed Three Pointer,0,158,664,G,,,,40,01:00,79,77,
2007,RS,5,58,4,PAR,PTGU,"PALACIO, MILT",2FGA,Missed Two Pointer,0,-79,56,D,,,,1,10:00,0,0,
2007,RS,5,58,6,PAR,PBXO,"VITKOVAC, CEDOMIR",2FGA,Missed Two Pointer,0,74,43,C,,,,1,10:00,0,0,
2007,RS,5,58,8,ROM,PCJA,"UKIC, ROKO-LENI",2FGM,Two Pointer,2,-61,61,D,,,,1,10:00,0,2,
2007,RS,5,58,9,PAR,PKNN,"PEKOVIC, NIKOLA",2FGM,Two Pointer,2,51,48,C,,,,1,10:00,2,2,
2007,RS,5,58,12,PAR,PKNN,"PEKOVIC, NIKOLA",FTM,Free Throw In,1,-1,-1, ,,,,1,10:00,3,2,
2007,RS,5,58,13,ROM,PKZA,"HAWKINS, DAVID",2FGA,Missed Two Pointer,0,-138,148,D,,,,1,10:00,3,2,
2007,RS,5,58,16,PAR,PKNN,"PEKOVIC, NIKOLA",2FGA,Missed Two Pointer,0,194,51,C,,,,2,09:00,3,2,
2007,RS,5,58,18,ROM,PJKN,"GABINI, ROBERTO",3FGA,Missed Three Pointer,0,5,658,G,,,,2,09:00,3,2,
2007,RS,5,58,20,ROM,PBWL,"LORBEK, ERAZEM",2FGM,Two Pointer,2,69,51,C,,,,2,09:00,3,4,
2007,RS,5,58,21,PAR,PLGH,"TEPIC, MILENKO",2FGM,Two Pointer,2,-279,53,E,,,,2,09:00,5,4,
2007,RS,5,58,22,ROM,PJKN,"GABINI, ROBERTO",3FGA,Missed Three Pointer,0,2,658,G,,,,2,09:00,5,4,
2007,RS,5,58,24,ROM,PLUK,"STEFANSSON, JON",3FGM,Three Pointer,3,-300,579,J,,,,2,09:00,5,7,
2007,RS,5,58,27,PAR,PKNN,"PEKOVIC, NIKOLA",2FGM,Two Pointer,2,94,110,C,,,,3,08:00,7,7,
2007,RS,5,58,32,ROM,PCJA,"UKIC, ROKO-LENI",FTM,Free Throw In,1,-1,-1, ,,,,3,08:00,7,8,
2007,RS,5,58,33,ROM,PCJA,"UKIC, ROKO-LENI",FTM,Free Throw In,1,-1,-1, ,,,,3,08:00,7,9,
2007,RS,5,58,35,PAR,PKNN,"PEKOVIC, NIKOLA",2FGM,Two Pointer,2,-2,2,D,,,,4,07:00,9,9,
2007,RS,5,58,37,ROM,PBWL,"LORBEK, ERAZEM",3FGA,Missed Three Pointer,0,-325,574,J,,,,4,07:00,9,9,
2007,RS,5,58,41,PAR,PJJY,"BOZIC, PETAR",FTM,Free Throw In,1,-1,-1, ,,,,4,07:00,10,9,
2007,RS,5,58,42,PAR,PJJY,"BOZIC, PETAR",FTM,Free Throw In,1,-1,-1, ,,,,4,07:00,11,9,
2007,RS,5,58,46,ROM,PCJA,"UKIC, ROKO-LENI",2FGM,Two Pointer,2,-33,297,D,,,,5,06:00,11,11,
2007,RS,5,58,49,ROM,PKZA,"HAWKINS, DAVID",2FGM,Two Pointer,2,-53,41,D,,,,5,06:00,11,13,
2007,RS,5,58,52,ROM,PKZA,"HAWKINS, DAVID",FTM,Free Throw In,1,-1,-1, ,,,,5,06:00,11,14,
2007,RS,5,58,58,PAR,PLGH,"TEPIC, MILENKO",3FGA,Missed Three Pointer,0,-2,661,J,,,,6,05:00,11,14,
2007,RS,5,58,60,PAR,PKNN,"PEKOVIC, NIKOLA",2FGM,Two Pointer,2,74,17,C,,,,6,05:00,13,14,
2007,RS,5,58,61,ROM,PCJA,"UKIC, ROKO-LENI",2FGM,Two Pointer,2,76,25,C,,,,6,05:00,13,16,
2007,RS,5,58,62,PAR,PBFB,"TRIPKOVIC, UROS",3FGM,Three Pointer,3,589,279,A,,,,6,05:00,16,16,
2007,RS,5,58,64,ROM,PBWL,"LORBEK, ERAZEM",2FGM,Two Pointer,2,-87,61,D,,,,6,05:00,16,18,
2007,RS,5,58,66,PAR,PJNN,"VELICKOVIC, NOVICA",2FGM,Two Pointer,2,10,138,C,,,,7,04:00,18,18,
2007,RS,5,58,73,ROM,PKZA,"HAWKINS, DAVID",2FGM,Two Pointer,2,-7,410,D,,,,7,04:00,18,20,
2007,RS,5,58,74,PAR,PBFE,"KECMAN, DUSAN",3FGM,Three Pointer,3,15,648,G,,,,7,04:00,21,20,
2007,RS,5,58,82,ROM,PADP,"FUCKA, GREGOR",FTM,Free Throw In,1,-1,-1, ,,,,8,03:00,21,21,
2007,RS,5,58,83,PAR,PBFE,"KECMAN, DUSAN",2FGA,Missed Two Pointer,0,76,15,C,,,,8,03:00,21,21,
2007,RS,5,58,88,PAR,PBGJ,"VRANES, SLAVKO",FTM,Free Throw In,1,-1,-1, ,,,,8,03:00,22,21,
2007,RS,5,58,89,ROM,PADP,"FUCKA, GREGOR",2FGA,Missed Two Pointer,0,79,43,C,,,,8,03:00,22,21,
2007,RS,5,58,96,PAR,PTGU,"PALACIO, MILT",FTM,Free Throw In,1,-1,-1, ,,,,8,03:00,23,21,
2007,RS,5,58,99,PAR,PBFB,"TRIPKOVIC, UROS",3FGA,Missed Three Pointer,0,-225,612,J,,,,9,02:00,23,21,
2007,RS,5,58,101,ROM,PJKN,"GABINI, ROBERTO",2FGM,Two Pointer,2,66,25,C,,,,9,02:00,23,23,
2007,RS,5,58,104,PAR,PTGU,"PALACIO, MILT",2FGAB,Missed Two Pointer,0,-69,53,D,,,,9,02:00,23,23,
2007,RS,5,58,107,ROM,PKZA,"HAWKINS, DAVID",2FGA,Missed Two Pointer,0,-574,12,E,,,,10,01:00,23,23,
2007,RS,5,58,109,PAR,PJNN,"VELICKOVIC, NOVICA",2FGM,Two Pointer,2,-148,58,D,,,,10,01:00,25,23,
2007,RS,5,58,110,ROM,PTFR,"RAY, ALLAN",3FGM,Three Pointer,3,120,646,G,,,,10,01:00,25,26,
2007,RS,5,58,111,PAR,PBFB,"TRIPKOVIC, UROS",2FGA,Missed Two Pointer,0,405,23,B,,,,10,01:00,25,26,
2007,RS,5,58,118,PAR,PKNN,"PEKOVIC, NIKOLA",2FGM,Two Pointer,2,-53,61,D,,,,11,10:00,27,26,
2007,RS,5,58,123,PAR,PBFB,"TRIPKOVIC, UROS",3FGA,Missed Three Pointer,0,648,17,A,,,,11,10:00,27,26,
2007,RS,5,58,136,ROM,PADP,"FUCKA, GREGOR",2FGM,Two Pointer,2,82,92,C,,,,12,09:00,27,28,
2007,RS,5,58,137,PAR,PKNN,"PEKOVIC, NIKOLA",2FGM,Two Pointer,2,-53,51,D,,,,12,09:00,29,28,
2007,RS,5,58,141,PAR,PTGU,"PALACIO, MILT",2FGM,Two Pointer,2,69,15,C,,,,12,09:00,31,28,
2007,RS,5,58,147,ROM,PBWL,"LORBEK, ERAZEM",2FGA,Missed Two Pointer,0,48,489,H,,,,13,08:00,31,28,
2007,RS,5,58,149,ROM,PKZA,"HAWKINS, DAVID",2FGA,Missed Two Pointer,0,-79,469,I,,,,13,08:00,31,28,
2007,RS,5,58,151,ROM,PKZA,"HAWKINS, DAVID",2FGM,Two Pointer,2,-105,469,I,,,,13,08:00,31,30,
2007,RS,5,58,152,PAR,PBXO,"VITKOVAC, CEDOMIR",3FGA,Missed Three Pointer,0,635,156,A,,,,13,08:00,31,30,
2007,RS,5,58,158,PAR,PBXO,"VITKOVAC, CEDOMIR",3FGA,Missed Three Pointer,0,-241,605,J,,,,13,08:00,31,30,
2007,RS,5,58,165,PAR,PTGU,"PALACIO, MILT",2FGM,Two Pointer,2,58,23,C,,,,14,07:00,33,30,
2007,RS,5,58,170,PAR,PTGU,"PALACIO, MILT",FTM,Free Throw In,1,-1,-1, ,,,,14,07:00,34,30,
2007,RS,5,58,175,ROM,PTFR,"RAY, ALLAN",FTM,Free Throw In,1,-1,-1, ,,,,14,07:00,34,31,
2007,RS,5,58,176,ROM,PTFR,"RAY, ALLAN",FTM,Free Throw In,1,-1,-1, ,,,,14,07:00,34,32,
2007,RS,5,58,177,PAR,PJNN,"VELICKOVIC, NOVICA",2FGM,Two Pointer,2,-84,48,D,,,,14,07:00,36,32,
2007,RS,5,58,179,ROM,PCJA,"UKIC, ROKO-LENI",2FGA,Missed Two Pointer,0,-87,61,D,,,,14,07:00,36,32,
2007,RS,5,58,188,ROM,PBWL,"LORBEK, ERAZEM",3FGA,Missed Three Pointer,0,-269,584,J,,,,15,06:00,36,32,
2007,RS,5,58,190,PAR,PBXO,"VITKOVAC, CEDOMIR",2FGM,Two Pointer,2,-51,15,D,,,,15,06:00,38,32,
2007,RS,5,58,191,ROM,PTFR,"RAY, ALLAN",3FGA,Missed Three Pointer,0,-348,584,J,,,,15,06:00,38,32,
2007,RS,5,58,199,PAR,PKNN,"PEKOVIC, NIKOLA",FTM,Free Throw In,1,-1,-1, ,,,,16,05:00,39,32,
2007,RS,5,58,204,PAR,PJNN,"VELICKOVIC, NOVICA",FTM,Free Throw In,1,-1,-1, ,,,,16,05:00,40,32,
2007,RS,5,58,205,PAR,PJNN,"VELICKOVIC, NOVICA",FTM,Free Throw In,1,-1,-1, ,,,,16,05:00,41,32,
2007,RS,5,58,212,ROM,PBWL,"LORBEK, ERAZEM",FTM,Free Throw In,1,-1,-1, ,,,,16,05:00,41,33,
2007,RS,5,58,213,ROM,PBWL,"LORBEK, ERAZEM",FTM,Free Throw In,1,-1,-1, ,,,,16,05:00,41,34,
2007,RS,5,58,214,PAR,PBXO,"VITKOVAC, CEDOMIR",2FGA,Missed Two Pointer,0,100,35,C,,,,16,05:00,41,34,
2007,RS,5,58,216,ROM,PKXO,"GIACHETTI, JACOPO",2FGA,Missed Two Pointer,0,112,41,C,,,,16,05:00,41,34,
2007,RS,5,58,218,ROM,PBWL,"LORBEK, ERAZEM",2FGM,Two Pointer,2,51,28,C,,,,16,05:00,41,36,
2007,RS,5,58,226,PAR,PJNN,"VELICKOVIC, NOVICA",FTM,Free Throw In,1,-1,-1, ,,,,16,05:00,42,36,
2007,RS,5,58,227,PAR,PJNN,"VELICKOVIC, NOVICA",FTM,Free Throw In,1,-1,-1, ,,,,16,05:00,43,36,
2007,RS,5,58,231,ROM,PLUK,"STEFANSSON, JON",FTM,Free Throw In,1,-1,-1, ,,,,16,05:00,43,37,
2007,RS,5,58,233,PAR,PLGH,"TEPIC, MILENKO",3FGA,Missed Three Pointer,0,-653,33,F,,,,17,04:00,43,37,
2007,RS,5,58,237,ROM,PTFR,"RAY, ALLAN",2FGM,Two Pointer,2,2,7,D,,,,17,04:00,43,39,
2007,RS,5,58,238,PAR,PBFE,"KECMAN, DUSAN",3FGM,Three Pointer,3,-79,671,J,,,,17,04:00,46,39,
2007,RS,5,58,247,ROM,PTFR,"RAY, ALLAN",FTM,Free Throw In,1,-1,-1, ,,,,18,03:00,46,40,
2007,RS,5,58,248,ROM,PTFR,"RAY, ALLAN",FTM,Free Throw In,1,-1,-1, ,,,,18,03:00,46,41,
2007,RS,5,58,249,PAR,PTGU,"PALACIO, MILT",2FGM,Two Pointer,2,-130,74,D,,,,18,03:00,48,41,
2007,RS,5,58,250,ROM,PBWL,"LORBEK, ERAZEM",2FGM,Two Pointer,2,271,364,B,,,,18,03:00,48,43,
2007,RS,5,58,257,PAR,PBFE,"KECMAN, DUSAN",FTM,Free Throw In,1,-1,-1, ,,,,18,03:00,49,43,
2007,RS,5,58,259,ROM,PLUK,"STEFANSSON, JON",2FGM,Two Pointer,2,-2,474,I,,,,19,02:00,49,45,
2007,RS,5,58,262,ROM,PBWL,"LORBEK, ERAZEM",FTM,Free Throw In,1,-1,-1, ,,,,19,02:00,49,46,
2007,RS,5,58,265,PAR,PJNN,"VELICKOVIC, NOVICA",3FGA,Missed Three Pointer,0,643,17,A,,,,19,02:00,49,46,
2007,RS,5,58,271,PAR,PBGJ,"VRANES, SLAVKO",FTM,Free Throw In,1,-1,-1, ,,,,19,02:00,50,46,
2007,RS,5,58,274,ROM,PBWL,"LORBEK, ERAZEM",2FGM,Two Pointer,2,-58,200,D,,,,19,02:00,50,48,
2007,RS,5,58,279,ROM,PBWL,"LORBEK, ERAZEM",FTM,Free Throw In,1,-1,-1, ,,,,19,02:00,50,49,
2007,RS,5,58,286,ROM,PKZA,"HAWKINS, DAVID",2FGA,Missed Two Pointer,0,64,317,C,,,,20,01:00,50,49,
2007,RS,5,58,288,ROM,PJKN,"GABINI, ROBERTO",2FGM,Two Pointer,2,323,12,B,,,,20,01:00,50,51,
2007,RS,5,58,289,PAR,PJJY,"BOZIC, PETAR",3FGM,Three Pointer,3,641,28,A,,,,20,01:00,53,51,
2007,RS,5,58,307,PAR,PBXO,"VITKOVAC, CEDOMIR",FTM,Free Throw In,1,-1,-1, ,,,,20,01:00,54,51,
2007,RS,5,58,308,ROM,PCJA,"UKIC, ROKO-LENI",3FGA,Missed Three Pointer,0,128,797,G,,,,20,01:00,54,51,
2007,RS,5,58,318,ROM,PBWL,"LORBEK, ERAZEM",2FGAB,Missed Two Pointer,0,53,64,C,,,,21,10:00,54,51,
2007,RS,5,58,323,ROM,PKZA,"HAWKINS, DAVID",2FGM,Two Pointer,2,107,25,C,,,,21,10:00,54,53,
2007,RS,5,58,330,ROM,PKZA,"HAWKINS, DAVID",FTM,Free Throw In,1,-1,-1, ,,,,21,10:00,54,54,
2007,RS,5,58,331,PAR,PTGU,"PALACIO, MILT",2FGM,Two Pointer,2,-69,28,D,,,,21,10:00,56,54,
2007,RS,5,58,333,ROM,PLUK,"STEFANSSON, JON",2FGA,Missed Two Pointer,0,374,38,B,,,,22,09:00,56,54,
2007,RS,5,58,337,PAR,PTGU,"PALACIO, MILT",3FGA,Missed Three Pointer,0,-71,664,J,,,,22,09:00,56,54,
2007,RS,5,58,339,ROM,PCJA,"UKIC, ROKO-LENI",3FGA,Missed Three Pointer,0,643,46,A,,,,22,09:00,56,54,
2007,RS,5,58,343,PAR,PLGH,"TEPIC, MILENKO",3FGM,Three Pointer,3,-5,658,J,,,,22,09:00,59,54,
2007,RS,5,58,346,ROM,PKZA,"HAWKINS, DAVID",3FGA,Missed Three Pointer,0,533,384,A,,,,23,08:00,59,54,
2007,RS,5,58,348,PAR,PKNN,"PEKOVIC, NIKOLA",2FGM,Two Pointer,2,2,2,D,,,,23,08:00,61,54,
2007,RS,5,58,353,PAR,PKNN,"PEKOVIC, NIKOLA",FTM,Free Throw In,1,-1,-1, ,,,,23,08:00,62,54,
2007,RS,5,58,354,ROM,PCJA,"UKIC, ROKO-LENI",2FGM,Two Pointer,2,110,23,C,,,,23,08:00,62,56,
2007,RS,5,58,362,ROM,PLUK,"STEFANSSON, JON",FTM,Free Throw In,1,-1,-1, ,,,,24,07:00,62,57,
2007,RS,5,58,364,PAR,PKNN,"PEKOVIC, NIKOLA",2FGAB,Missed Two Pointer,0,5,92,C,,,,24,07:00,62,57,
2007,RS,5,58,367,PAR,PJNN,"VELICKOVIC, NOVICA",2FGA,Missed Two Pointer,0,-5,261,D,,,,24,07:00,62,57,
2007,RS,5,58,369,ROM,PLUK,"STEFANSSON, JON",2FGM,Two Pointer,2,361,251,B,,,,24,07:00,62,59,
2007,RS,5,58,371,PAR,PTGU,"PALACIO, MILT",2FGA,Missed Two Pointer,0,-2,184,D,,,,25,06:00,62,59,
2007,RS,5,58,377,ROM,PJKN,"GABINI, ROBERTO",2FGA,Missed Two Pointer,0,-107,384,D,,,,25,06:00,62,59,
2007,RS,5,58,379,PAR,PLGH,"TEPIC, MILENKO",2FGA,Missed Two Pointer,0,166,41,C,,,,25,06:00,62,59,
2007,RS,5,58,381,PAR,PJNN,"VELICKOVIC, NOVICA",2FGM,Two Pointer,2,-7,76,D,,,,25,06:00,64,59,
2007,RS,5,58,383,ROM,PKZA,"HAWKINS, DAVID",2FGM,Two Pointer,2,-64,20,D,,,,26,05:00,64,61,
2007,RS,5,58,384,PAR,PLGH,"TEPIC, MILENKO",3FGA,Missed Three Pointer,0,564,323,A,,,,26,05:00,64,61,
2007,RS,5,58,389,ROM,PCJA,"UKIC, ROKO-LENI",3FGA,Missed Three Pointer,0,-274,592,J,,,,26,05:00,64,61,
2007,RS,5,58,392,PAR,PBFB,"TRIPKOVIC, UROS",3FGM,Three Pointer,3,523,400,A,,,,27,04:00,67,61,
2007,RS,5,58,394,ROM,PLUK,"STEFANSSON, JON",3FGA,Missed Three Pointer,0,-243,602,J,,,,27,04:00,67,61,
2007,RS,5,58,402,PAR,PKNN,"PEKOVIC, NIKOLA",FTM,Free Throw In,1,-1,-1, ,,,,27,04:00,68,61,
2007,RS,5,58,403,PAR,PKNN,"PEKOVIC, NIKOLA",FTM,Free Throw In,1,-1,-1, ,,,,27,04:00,69,61,
2007,RS,5,58,405,ROM,PCCI,"TONOLLI, ALESSANDRO",3FGA,Missed Three Pointer,0,-461,466,J,,,,28,03:00,69,61,
2007,RS,5,58,407,ROM,PLUK,"STEFANSSON, JON",2FGM,Two Pointer,2,125,48,C,,,,28,03:00,69,63,
2007,RS,5,58,408,PAR,PBFB,"TRIPKOVIC, UROS",3FGA,Missed Three Pointer,0,500,423,A,,,,28,03:00,69,63,
2007,RS,5,58,418,ROM,PTFR,"RAY, ALLAN",3FGA,Missed Three Pointer,0,-15,656,J,,,,28,03:00,69,63,
2007,RS,5,58,422,ROM,PTFR,"RAY, ALLAN",2FGA,Missed Two Pointer,0,-58,58,D,,,,28,03:00,69,63,
2007,RS,5,58,425,ROM,PCCI,"TONOLLI, ALESSANDRO",3FGM,Three Pointer,3,-5,658,J,,,,29,02:00,69,66,
2007,RS,5,58,427,PAR,PBFE,"KECMAN, DUSAN",3FGM,Three Pointer,3,5,658,G,,,,29,02:00,72,66,
2007,RS,5,58,434,ROM,PLUK,"STEFANSSON, JON",FTM,Free Throw In,1,-1,-1, ,,,,30,01:00,72,67,
2007,RS,5,58,435,ROM,PLUK,"STEFANSSON, JON",FTM,Free Throw In,1,-1,-1, ,,,,30,01:00,72,68,
2007,RS,5,58,439,ROM,PLUK,"STEFANSSON, JON",FTM,Free Throw In,1,-1,-1, ,,,,30,01:00,72,69,
2007,RS,5,58,440,ROM,PLUK,"STEFANSSON, JON",FTM,Free Throw In,1,-1,-1, ,,,,30,01:00,72,70,
2007,RS,5,58,441,PAR,PTGU,"PALACIO, MILT",3FGA,Missed Three Pointer,0,-343,553,J,,,,30,01:00,72,70,
2007,RS,5,58,443,ROM,PCJA,"UKIC, ROKO-LENI",3FGA,Missed Three Pointer,0,-353,615,J,,,,30,01:00,72,70,
2007,RS,5,58,452,PAR,PJNN,"VELICKOVIC, NOVICA",3FGM,Three Pointer,3,343,548,G,,,,31,10:00,75,70,
2007,RS,5,58,461,PAR,PTGU,"PALACIO, MILT",2FGM,Two Pointer,2,10,66,C,,,,31,10:00,77,70,
2007,RS,5,58,463,ROM,PLUK,"STEFANSSON, JON",2FGA,Missed Two Pointer,0,546,28,B,,,,32,09:00,77,70,
2007,RS,5,58,468,ROM,PLUK,"STEFANSSON, JON",2FGA,Missed Two Pointer,0,-184,125,D,,,,32,09:00,77,70,
2007,RS,5,58,473,PAR,PKNN,"PEKOVIC, NIKOLA",2FGA,Missed Two Pointer,0,-7,5,D,,,,32,09:00,77,70,
2007,RS,5,58,482,ROM,PTFR,"RAY, ALLAN",FTM,Free Throw In,1,-1,-1, ,,,,33,08:00,77,71,
2007,RS,5,58,483,ROM,PTFR,"RAY, ALLAN",FTM,Free Throw In,1,-1,-1, ,,,,33,08:00,77,72,
2007,RS,5,58,484,PAR,PKNN,"PEKOVIC, NIKOLA",2FGA,Missed Two Pointer,0,-48,0,D,,,,33,08:00,77,72,
2007,RS,5,58,489,ROM,PTFR,"RAY, ALLAN",2FGM,Two Pointer,2,248,451,H,,,,33,08:00,77,74,
2007,RS,5,58,492,PAR,PBFB,"TRIPKOVIC, UROS",2FGM,Two Pointer,2,2,128,D,,,,34,07:00,79,74,
2007,RS,5,58,498,ROM,PTFR,"RAY, ALLAN",FTM,Free Throw In,1,-1,-1, ,,,,34,07:00,79,75,
2007,RS,5,58,501,PAR,PTGU,"PALACIO, MILT",2FGM,Two Pointer,2,-97,64,D,,,,34,07:00,81,75,
2007,RS,5,58,506,PAR,PTGU,"PALACIO, MILT",FTM,Free Throw In,1,-1,-1, ,,,,34,07:00,82,75,
2007,RS,5,58,510,ROM,PLUK,"STEFANSSON, JON",FTM,Free Throw In,1,-1,-1, ,,,,35,06:00,82,76,
2007,RS,5,58,511,ROM,PLUK,"STEFANSSON, JON",FTM,Free Throw In,1,-1,-1, ,,,,35,06:00,82,77,
2007,RS,5,58,516,ROM,PLUK,"STEFANSSON, JON",3FGA,Missed Three Pointer,0,643,33,A,,,,35,06:00,82,77,
2007,RS,5,58,518,PAR,PJNN,"VELICKOVIC, NOVICA",2FGA,Missed Two Pointer,0,-212,48,D,,,,35,06:00,82,77,
2007,RS,5,58,520,PAR,PBFE,"KECMAN, DUSAN",2FGM,Two Pointer,2,-2,76,D,,,,35,06:00,84,77,
2007,RS,5,58,522,ROM,PCJA,"UKIC, ROKO-LENI",2FGA,Missed Two Pointer,0,-43,335,D,,,,36,05:00,84,77,
2007,RS,5,58,528,ROM,PKZA,"HAWKINS, DAVID",FTM,Free Throw In,1,-1,-1, ,,,,36,05:00,84,78,
2007,RS,5,58,529,ROM,PKZA,"HAWKINS, DAVID",FTM,Free Throw In,1,-1,-1, ,,,,36,05:00,84,79,
2007,RS,5,58,533,ROM,PKZA,"HAWKINS, DAVID",FTM,Free Throw In,1,-1,-1, ,,,,37,04:00,84,80,
2007,RS,5,58,534,ROM,PKZA,"HAWKINS, DAVID",FTM,Free Throw In,1,-1,-1, ,,,,37,04:00,84,81,
2007,RS,5,58,535,PAR,PLGH,"TEPIC, MILENKO",2FGM,Two Pointer,2,-58,46,D,,,,37,04:00,86,81,
2007,RS,5,58,541,PAR,PLGH,"TEPIC, MILENKO",2FGA,Missed Two Pointer,0,5,97,C,,,,37,04:00,86,81,
2007,RS,5,58,547,PAR,PKNN,"PEKOVIC, NIKOLA",FTM,Free Throw In,1,-1,-1, ,,,,38,03:00,87,81,
2007,RS,5,58,548,ROM,PLUK,"STEFANSSON, JON",3FGA,Missed Three Pointer,0,-256,600,J,,,,38,03:00,87,81,
2007,RS,5,58,554,PAR,PLGH,"TEPIC, MILENKO",3FGA,Missed Three Pointer,0,143,656,G,,,,38,03:00,87,81,
2007,RS,5,58,556,PAR,PBFE,"KECMAN, DUSAN",3FGA,Missed Three Pointer,0,-543,410,F,,,,38,03:00,87,81,
2007,RS,5,58,563,PAR,PJNN,"VELICKOVIC, NOVICA",FTM,Free Throw In,1,-1,-1, ,,,,39,02:00,88,81,
2007,RS,5,58,566,ROM,PKZA,"HAWKINS, DAVID",2FGA,Missed Two Pointer,0,-328,71,E,,,,39,02:00,88,81,
2007,RS,5,58,573,PAR,PKNN,"PEKOVIC, NIKOLA",FTM,Free Throw In,1,-1,-1, ,,,,39,02:00,89,81,
2007,RS,5,58,574,ROM,PCJA,"UKIC, ROKO-LENI",2FGA,Missed Two Pointer,0,-76,33,D,,,,39,02:00,89,81,
2007,RS,5,58,576,ROM,PCJA,"UKIC, ROKO-LENI",3FGM,Three Pointer,3,641,94,A,,,,39,02:00,89,84,
2007,RS,5,58,581,PAR,PBFE,"KECMAN, DUSAN",FTM,Free Throw In,1,-1,-1, ,,,,40,01:00,90,84,
2007,RS,5,58,582,PAR,PBFE,"KECMAN, DUSAN",FTM,Free Throw In,1,-1,-1, ,,,,40,01:00,91,84,
2007,RS,5,58,585,ROM,PCJA,"UKIC, ROKO-LENI",FTM,Free Throw In,1,-1,-1, ,,,,40,01:00,91,85,
2007,RS,5,58,586,ROM,PCJA,"UKIC, ROKO-LENI",FTM,Free Throw In,1,-1,-1, ,,,,40,01:00,91,86,
2007,RS,5,58,587,PAR,PBFE,"KECMAN, DUSAN",3FGA,Missed Three Pointer,0,-423,487,J,,,,40,01:00,91,86,
2007,RS,5,58,589,PAR,PJNN,"VELICKOVIC, NOVICA",2FGA,Missed Two Pointer,0,5,64,C,,,,40,01:00,91,86,
2007,RS,5,58,591,ROM,PKZA,"HAWKINS, DAVID",3FGA,Missed Three Pointer,0,-10,656,J,,,,40,01:00,91,86,
2007,RS,5,59,6,BAR,PJKP,"ILYASOVA, ERSAN",3FGA,Missed Three Pointer,0,566,369,A,,,,1,10:00,0,0,
2007,RS,5,59,8,MAD,PAPP,"PAPADOPOULOS, LAZAROS",2FGM,Two Pointer,2,33,169,C,,,,1,10:00,0,2,
2007,RS,5,59,10,BAR,PATA,"LAKOVIC, JAKA",2FGM,Two Pointer,2,71,-7,C,,,,2,09:00,2,2,
2007,RS,5,59,11,MAD,PTGB,"LLULL, SERGIO",2FGM,Two Pointer,2,-25,51,D,,,,2,09:00,2,4,
2007,RS,5,59,18,BAR,PAXC,"VAZQUEZ, FRAN",FTM,Free Throw In,1,-1,-1, ,,,,2,09:00,3,4,
2007,RS,5,59,19,MAD,PAAX,"REYES, FELIPE",2FGA,Missed Two Pointer,0,17,135,C,,,,2,09:00,3,4,
2007,RS,5,59,22,BAR,PAXC,"VAZQUEZ, FRAN",2FGA,Missed Two Pointer,0,-366,17,E,,,,3,08:00,3,4,
2007,RS,5,59,24,BAR,PAHW,"MARCONATO, DENIS",2FGA,Missed Two Pointer,0,-5,20,D,,,,3,08:00,3,4,
2007,RS,5,59,26,MAD,PTGB,"LLULL, SERGIO",3FGA,Missed Three Pointer,0,89,676,G,,,,3,08:00,3,4,
2007,RS,5,59,30,BAR,PAHW,"MARCONATO, DENIS",2FGM,Two Pointer,2,2,-10,D,,,,3,08:00,5,4,
2007,RS,5,59,35,BAR,PJKP,"ILYASOVA, ERSAN",2FGM,Two Pointer,2,0,2,D,,,,4,07:00,7,4,
2007,RS,5,59,38,BAR,PAXC,"VAZQUEZ, FRAN",2FGM,Two Pointer,2,-10,-5,D,,,,4,07:00,9,4,
2007,RS,5,59,40,MAD,PAAX,"REYES, FELIPE",2FGA,Missed Two Pointer,0,56,564,H,,,,4,07:00,9,4,
2007,RS,5,59,43,BAR,PAXC,"VAZQUEZ, FRAN",2FGM,Two Pointer,2,400,61,B,,,,5,06:00,11,4,
2007,RS,5,59,46,BAR,PATA,"LAKOVIC, JAKA",2FGM,Two Pointer,2,48,17,C,,,,5,06:00,13,4,
2007,RS,5,59,52,MAD,PAJO,"BULLOCK, LOUIS",2FGM,Two Pointer,2,107,138,C,,,,6,05:00,13,6,
2007,RS,5,59,55,MAD,PAJO,"BULLOCK, LOUIS",FTM,Free Throw In,1,-1,-1, ,,,,6,05:00,13,7,
2007,RS,5,59,56,BAR,PAXC,"VAZQUEZ, FRAN",2FGM,Two Pointer,2,-5,0,D,,,,6,05:00,15,7,
2007,RS,5,59,70,BAR,PATA,"LAKOVIC, JAKA",FTM,Free Throw In,1,-1,-1, ,,,,7,04:00,16,7,
2007,RS,5,59,71,BAR,PATA,"LAKOVIC, JAKA",FTM,Free Throw In,1,-1,-1, ,,,,7,04:00,17,7,
2007,RS,5,59,74,BAR,PAXC,"VAZQUEZ, FRAN",2FGA,Missed Two Pointer,0,-107,461,I,,,,7,04:00,17,7,
2007,RS,5,59,76,BAR,PJJF,"TRIAS, JORDI",2FGM,Two Pointer,2,-58,20,D,,,,7,04:00,19,7,
2007,RS,5,59,79,MAD,PAJO,"BULLOCK, LOUIS",2FGA,Missed Two Pointer,0,358,253,B,,,,8,03:00,19,7,
2007,RS,5,59,81,BAR,PADS,"BASILE, GIANLUCA",2FGA,Missed Two Pointer,0,-51,15,D,,,,8,03:00,19,7,
2007,RS,5,59,85,BAR,PADS,"BASILE, GIANLUCA",3FGM,Three Pointer,3,433,515,G,,,,8,03:00,22,7,
2007,RS,5,59,87,MAD,PAIT,"LOPEZ, RAUL",3FGM,Three Pointer,3,-215,653,J,,,,8,03:00,22,10,
2007,RS,5,59,90,MAD,PAJO,"BULLOCK, LOUIS",2FGA,Missed Two Pointer,0,-20,35,D,,,,8,03:00,22,10,
2007,RS,5,59,100,MAD,PAAX,"REYES, FELIPE",FTM,Free Throw In,1,-1,-1, ,,,,8,03:00,22,11,
2007,RS,5,59,104,BAR,PADS,"BASILE, GIANLUCA",3FGA,Missed Three Pointer,0,310,602,G,,,,9,02:00,22,11,
2007,RS,5,59,106,BAR,PJOB,"MORANDAIS, MICHEL",3FGA,Missed Three Pointer,0,-564,379,F,,,,9,02:00,22,11,
2007,RS,5,59,112,MAD,PAAX,"REYES, FELIPE",FTM,Free Throw In,1,-1,-1, ,,,,9,02:00,22,12,
2007,RS,5,59,113,MAD,PAAX,"REYES, FELIPE",FTM,Free Throw In,1,-1,-1, ,,,,9,02:00,22,13,
2007,RS,5,59,118,BAR,PJJF,"TRIAS, JORDI",2FGA,Missed Two Pointer,0,-94,202,D,,,,9,02:00,22,13,
2007,RS,5,59,120,BAR,PBOD,"KASUN, MARIO",2FGA,Missed Two Pointer,0,-48,-15,D,,,,9,02:00,22,13,
2007,RS,5,59,128,BAR,PADS,"BASILE, GIANLUCA",2FGA,Missed Two Pointer,0,-128,94,D,,,,10,01:00,22,13,
2007,RS,5,59,130,BAR,PJJF,"TRIAS, JORDI",2FGM,Two Pointer,2,30,0,C,,,,10,01:00,24,13,
2007,RS,5,59,131,MAD,PCRF,"HERVELLE, AXEL",2FGA,Missed Two Pointer,0,-364,53,E,,,,10,01:00,24,13,
2007,RS,5,59,133,BAR,PJOB,"MORANDAIS, MICHEL",3FGA,Missed Three Pointer,0,543,369,A,,,,10,01:00,24,13,
2007,RS,5,59,139,BAR,PJOB,"MORANDAIS, MICHEL",2FGA,Missed Two Pointer,0,43,-5,C,,,,11,10:00,24,13,
2007,RS,5,59,141,MAD,PAIT,"LOPEZ, RAUL",3FGA,Missed Three Pointer,0,451,715,G,,,,11,10:00,24,13,
2007,RS,5,59,143,BAR,PAZU,"SANCHEZ, PEPE",2FGM,Two Pointer,2,56,179,C,,,,11,10:00,26,13,
2007,RS,5,59,147,MAD,PCRF,"HERVELLE, AXEL",3FGA,Missed Three Pointer,0,51,702,G,,,,12,09:00,26,13,
2007,RS,5,59,149,MAD,PCTN,"SMITH, CHARLES",2FGM,Two Pointer,2,502,20,B,,,,12,09:00,26,15,
2007,RS,5,59,150,BAR,PBKE,"GRIMAU, ROGER",2FGM,Two Pointer,2,-15,5,D,,,,12,09:00,28,15,
2007,RS,5,59,155,BAR,PJOB,"MORANDAIS, MICHEL",2FGM,Two Pointer,2,0,20,D,,,,13,08:00,30,15,
2007,RS,5,59,166,BAR,PBOD,"KASUN, MARIO",2FGM,Two Pointer,2,-28,5,D,,,,13,08:00,32,15,
2007,RS,5,59,168,MAD,PCRF,"HERVELLE, AXEL",2FGA,Missed Two Pointer,0,66,53,C,,,,14,07:00,32,15,
2007,RS,5,59,171,MAD,PCTN,"SMITH, CHARLES",3FGA,Missed Three Pointer,0,-443,538,J,,,,14,07:00,32,15,
2007,RS,5,59,181,BAR,PJJF,"TRIAS, JORDI",2FGM,Two Pointer,2,33,17,C,,,,15,06:00,34,15,
2007,RS,5,59,183,MAD,PCRF,"HERVELLE, AXEL",2FGM,Two Pointer,2,-71,58,D,,,,15,06:00,34,17,
2007,RS,5,59,192,BAR,PBOD,"KASUN, MARIO",FTM,Free Throw In,1,-1,-1, ,,,,15,06:00,35,17,
2007,RS,5,59,193,BAR,PBOD,"KASUN, MARIO",FTM,Free Throw In,1,-1,-1, ,,,,15,06:00,36,17,
2007,RS,5,59,194,MAD,PAJO,"BULLOCK, LOUIS",2FGM,Two Pointer,2,-184,582,I,,,,15,06:00,36,19,
2007,RS,5,59,201,MAD,PAJO,"BULLOCK, LOUIS",FTM,Free Throw In,1,-1,-1, ,,,,15,06:00,36,20,
2007,RS,5,59,202,MAD,PAJO,"BULLOCK, LOUIS",FTM,Free Throw In,1,-1,-1, ,,,,15,06:00,36,21,
2007,RS,5,59,204,BAR,PATA,"LAKOVIC, JAKA",3FGA,Missed Three Pointer,0,-369,569,J,,,,16,05:00,36,21,
2007,RS,5,59,206,MAD,PAJO,"BULLOCK, LOUIS",2FGAB,Missed Two Pointer,0,153,205,C,,,,16,05:00,36,21,
2007,RS,5,59,210,BAR,PADS,"BASILE, GIANLUCA",2FGM,Two Pointer,2,-12,7,D,,,,16,05:00,38,21,
2007,RS,5,59,215,BAR,PADS,"BASILE, GIANLUCA",FTM,Free Throw In,1,-1,-1, ,,,,16,05:00,39,21,
2007,RS,5,59,220,MAD,PAJO,"BULLOCK, LOUIS",FTM,Free Throw In,1,-1,-1, ,,,,16,05:00,39,22,
2007,RS,5,59,221,MAD,PAJO,"BULLOCK, LOUIS",FTM,Free Throw In,1,-1,-1, ,,,,16,05:00,39,23,
2007,RS,5,59,223,BAR,PATA,"LAKOVIC, JAKA",2FGM,Two Pointer,2,66,25,C,,,,17,04:00,41,23,
2007,RS,5,59,224,MAD,PJUH,"HAMILTON, VENSON",2FGM,Two Pointer,2,51,58,C,,,,17,04:00,41,25,
2007,RS,5,59,225,BAR,PADS,"BASILE, GIANLUCA",2FGM,Two Pointer,2,-69,-5,D,,,,17,04:00,43,25,
2007,RS,5,59,227,MAD,PAAX,"REYES, FELIPE",2FGM,Two Pointer,2,-33,25,D,,,,18,03:00,43,27,
2007,RS,5,59,228,BAR,PATA,"LAKOVIC, JAKA",3FGA,Missed Three Pointer,0,-182,656,J,,,,18,03:00,43,27,
2007,RS,5,59,230,MAD,PAJO,"BULLOCK, LOUIS",3FGA,Missed Three Pointer,0,520,448,G,,,,18,03:00,43,27,
2007,RS,5,59,232,MAD,PAAX,"REYES, FELIPE",2FGA,Missed Two Pointer,0,56,41,C,,,,18,03:00,43,27,
2007,RS,5,59,234,BAR,PJOB,"MORANDAIS, MICHEL",2FGM,Two Pointer,2,-5,5,D,,,,18,03:00,45,27,
2007,RS,5,59,237,MAD,PAAX,"REYES, FELIPE",2FGM,Two Pointer,2,61,507,H,,,,19,02:00,45,29,
2007,RS,5,59,238,BAR,PJJF,"TRIAS, JORDI",2FGA,Missed Two Pointer,0,-56,10,D,,,,19,02:00,45,29,
2007,RS,5,59,244,MAD,PAIT,"LOPEZ, RAUL",FTM,Free Throw In,1,-1,-1, ,,,,19,02:00,45,30,
2007,RS,5,59,245,MAD,PAIT,"LOPEZ, RAUL",FTM,Free Throw In,1,-1,-1, ,,,,19,02:00,45,31,
2007,RS,5,59,246,BAR,PADS,"BASILE, GIANLUCA",2FGM,Two Pointer,2,25,7,C,,,,19,02:00,47,31,
2007,RS,5,59,251,BAR,PADS,"BASILE, GIANLUCA",FTM,Free Throw In,1,-1,-1, ,,,,19,02:00,48,31,
2007,RS,5,59,258,MAD,PAAX,"REYES, FELIPE",FTM,Free Throw In,1,-1,-1, ,,,,19,02:00,48,32,
2007,RS,5,59,260,BAR,PAXC,"VAZQUEZ, FRAN",2FGA,Missed Two Pointer,0,458,5,B,,,,20,01:00,48,32,
2007,RS,5,59,262,MAD,PBFJ,"MUMBRU, ALEX",2FGA,Missed Two Pointer,0,302,325,B,,,,20,01:00,48,32,
2007,RS,5,59,264,MAD,PAAX,"REYES, FELIPE",2FGM,Two Pointer,2,46,25,C,,,,20,01:00,48,34,
2007,RS,5,59,277,MAD,PAAX,"REYES, FELIPE",2FGA,Missed Two Pointer,0,69,97,C,,,,20,01:00,48,34,
2007,RS,5,59,279,MAD,PCRF,"HERVELLE, AXEL",2FGM,Two Pointer,2,35,28,C,,,,20,01:00,48,36,
2007,RS,5,59,288,MAD,PBFJ,"MUMBRU, ALEX",2FGM,Two Pointer,2,338,166,B,,,,21,10:00,48,38,
2007,RS,5,59,297,BAR,PJKP,"ILYASOVA, ERSAN",3FGA,Missed Three Pointer,0,-405,564,J,,,,22,09:00,48,38,
2007,RS,5,59,299,MAD,PBFJ,"MUMBRU, ALEX",2FGA,Missed Two Pointer,0,-25,117,D,,,,22,09:00,48,38,
2007,RS,5,59,304,BAR,PADS,"BASILE, GIANLUCA",2FGM,Two Pointer,2,-187,558,I,,,,23,08:00,50,38,
2007,RS,5,59,307,MAD,PAJO,"BULLOCK, LOUIS",2FGA,Missed Two Pointer,0,56,25,C,,,,23,08:00,50,38,
2007,RS,5,59,309,MAD,PCRF,"HERVELLE, AXEL",2FGM,Two Pointer,2,551,17,B,,,,23,08:00,50,40,
2007,RS,5,59,313,BAR,PAHW,"MARCONATO, DENIS",2FGM,Two Pointer,2,66,507,H,,,,24,07:00,52,40,
2007,RS,5,59,316,BAR,PATA,"LAKOVIC, JAKA",3FGA,Missed Three Pointer,0,615,266,A,,,,24,07:00,52,40,
2007,RS,5,59,318,MAD,PAJO,"BULLOCK, LOUIS",2FGM,Two Pointer,2,-2,7,D,,,,24,07:00,52,42,
2007,RS,5,59,322,MAD,PAIT,"LOPEZ, RAUL",2FGM,Two Pointer,2,-66,58,D,,,,25,06:00,52,44,
2007,RS,5,59,323,BAR,PADS,"BASILE, GIANLUCA",3FGA,Missed Three Pointer,0,417,597,G,,,,25,06:00,52,44,
2007,RS,5,59,326,MAD,PAJO,"BULLOCK, LOUIS",2FGA,Missed Two Pointer,0,-61,56,D,,,,26,05:00,52,44,
2007,RS,5,59,336,BAR,PBKE,"GRIMAU, ROGER",2FGA,Missed Two Pointer,0,5,76,C,,,,27,04:00,52,44,
2007,RS,5,59,338,BAR,PJJF,"TRIAS, JORDI",2FGA,Missed Two Pointer,0,30,12,C,,,,27,04:00,52,44,
2007,RS,5,59,340,BAR,PATA,"LAKOVIC, JAKA",3FGA,Missed Three Pointer,0,-258,625,J,,,,27,04:00,52,44,
2007,RS,5,59,342,MAD,PAPP,"PAPADOPOULOS, LAZAROS",2FGM,Two Pointer,2,71,17,C,,,,27,04:00,52,46,
2007,RS,5,59,344,BAR,PJJF,"TRIAS, JORDI",2FGM,Two Pointer,2,66,58,C,,,,28,03:00,54,46,
2007,RS,5,59,346,MAD,PAPP,"PAPADOPOULOS, LAZAROS",2FGA,Missed Two Pointer,0,64,38,C,,,,28,03:00,54,46,
2007,RS,5,59,348,BAR,PADS,"BASILE, GIANLUCA",3FGA,Missed Three Pointer,0,505,633,G,,,,28,03:00,54,46,
2007,RS,5,59,360,BAR,PADS,"BASILE, GIANLUCA",2FGA,Missed Two Pointer,0,-64,233,D,,,,29,02:00,54,46,
2007,RS,5,59,370,MAD,PAAX,"REYES, FELIPE",2FGM,Two Pointer,2,0,5,D,,,,29,02:00,54,48,
2007,RS,5,59,374,MAD,PAAX,"REYES, FELIPE",FTM,Free Throw In,1,-1,-1, ,,,,29,02:00,54,49,
2007,RS,5,59,375,BAR,PADS,"BASILE, GIANLUCA",3FGA,Missed Three Pointer,0,-476,520,J,,,,29,02:00,54,49,
2007,RS,5,59,382,MAD,PBFJ,"MUMBRU, ALEX",2FGM,Two Pointer,2,-12,7,D,,,,30,01:00,54,51,
2007,RS,5,59,383,BAR,PAXC,"VAZQUEZ, FRAN",2FGA,Missed Two Pointer,0,-128,374,D,,,,30,01:00,54,51,
2007,RS,5,59,401,MAD,PBFJ,"MUMBRU, ALEX",2FGM,Two Pointer,2,2,7,D,,,,31,10:00,54,53,
2007,RS,5,59,409,MAD,PBFJ,"MUMBRU, ALEX",3FGA,Missed Three Pointer,0,-533,497,J,,,,32,09:00,54,53,
2007,RS,5,59,412,BAR,PLGC,"ACKER, ALEX",2FGM,Two Pointer,2,-225,543,I,,,,32,09:00,56,53,
2007,RS,5,59,413,MAD,PCTN,"SMITH, CHARLES",3FGA,Missed Three Pointer,0,669,-35,A,,,,32,09:00,56,53,
2007,RS,5,59,415,MAD,PAAX,"REYES, FELIPE",2FGM,Two Pointer,2,-30,23,D,,,,32,09:00,56,55,
2007,RS,5,59,426,MAD,PAAX,"REYES, FELIPE",FTM,Free Throw In,1,-1,-1, ,,,,33,08:00,56,56,
2007,RS,5,59,429,MAD,PARR,"TUNCERI, KEREM",3FGM,Three Pointer,3,-184,817,J,,,,33,08:00,56,59,
2007,RS,5,59,430,BAR,PLGC,"ACKER, ALEX",2FGM,Two Pointer,2,520,107,B,,,,33,08:00,58,59,
2007,RS,5,59,432,MAD,PAAX,"REYES, FELIPE",2FGA,Missed Two Pointer,0,-276,433,I,,,,34,07:00,58,59,
2007,RS,5,59,434,MAD,PCTN,"SMITH, CHARLES",3FGA,Missed Three Pointer,0,184,638,G,,,,34,07:00,58,59,
2007,RS,5,59,436,BAR,PATA,"LAKOVIC, JAKA",3FGM,Three Pointer,3,302,648,G,,,,34,07:00,61,59,
2007,RS,5,59,438,MAD,PAAX,"REYES, FELIPE",2FGA,Missed Two Pointer,0,10,500,H,,,,35,06:00,61,59,
2007,RS,5,59,449,BAR,PATA,"LAKOVIC, JAKA",3FGM,Three Pointer,3,538,620,G,,,,35,06:00,64,59,
2007,RS,5,59,452,BAR,PLGC,"ACKER, ALEX",3FGM,Three Pointer,3,-646,205,F,,,,35,06:00,67,59,
2007,RS,5,59,455,MAD,PAJO,"BULLOCK, LOUIS",3FGA,Missed Three Pointer,0,-320,633,J,,,,36,05:00,67,59,
2007,RS,5,59,457,BAR,PAZU,"SANCHEZ, PEPE",2FGA,Missed Two Pointer,0,71,612,H,,,,36,05:00,67,59,
2007,RS,5,59,460,MAD,PAJO,"BULLOCK, LOUIS",2FGA,Missed Two Pointer,0,302,469,H,,,,37,04:00,67,59,
2007,RS,5,59,462,BAR,PAHW,"MARCONATO, DENIS",2FGM,Two Pointer,2,74,512,H,,,,37,04:00,69,59,
2007,RS,5,59,474,MAD,PCRF,"HERVELLE, AXEL",3FGA,Missed Three Pointer,0,-423,566,J,,,,37,04:00,69,59,
2007,RS,5,59,483,BAR,PBOD,"KASUN, MARIO",2FGM,Two Pointer,2,-41,10,D,,,,38,03:00,71,59,
2007,RS,5,59,485,MAD,PAPP,"PAPADOPOULOS, LAZAROS",2FGA,Missed Two Pointer,0,89,66,C,,,,38,03:00,71,59,
2007,RS,5,59,489,BAR,PATA,"LAKOVIC, JAKA",3FGA,Missed Three Pointer,0,-46,666,J,,,,38,03:00,71,59,
2007,RS,5,59,497,MAD,PBFJ,"MUMBRU, ALEX",3FGA,Missed Three Pointer,0,623,235,A,,,,39,02:00,71,59,
2007,RS,5,59,499,MAD,PAJO,"BULLOCK, LOUIS",3FGM,Three Pointer,3,317,600,G,,,,39,02:00,71,62,
2007,RS,5,59,508,BAR,PLGC,"ACKER, ALEX",FTM,Free Throw In,1,-1,-1, ,,,,39,02:00,72,62,
2007,RS,5,59,509,BAR,PLGC,"ACKER, ALEX",FTM,Free Throw In,1,-1,-1, ,,,,39,02:00,73,62,
2007,RS,5,59,510,MAD,PAJO,"BULLOCK, LOUIS",3FGA,Missed Three Pointer,0,-330,610,J,,,,39,02:00,73,62,
2007,RS,5,59,513,BAR,PJKP,"ILYASOVA, ERSAN",3FGA,Missed Three Pointer,0,587,541,G,,,,40,01:00,73,62,
2007,RS,5,60,2,PAN,PAJV,"BATISTE, MICHAEL",2FGM,Two Pointer,2,-338,71,E,,,,1,10:00,0,2,
2007,RS,5,60,5,ROA,PTEU,"SALYERS, MARC",2FGM,Two Pointer,2,-115,256,D,,,,1,10:00,2,2,
2007,RS,5,60,8,ROA,PTEZ,"RUSH, BRION",2FGM,Two Pointer,2,143,30,C,,,,1,10:00,4,2,
2007,RS,5,60,11,ROA,PTEZ,"RUSH, BRION",FTM,Free Throw In,1,-1,-1, ,,,,1,10:00,5,2,
2007,RS,5,60,16,PAN,PACN,"TSARTSARIS, KOSTAS",FTM,Free Throw In,1,-1,-1, ,,,,2,09:00,5,3,
2007,RS,5,60,17,PAN,PACN,"TSARTSARIS, KOSTAS",FTM,Free Throw In,1,-1,-1, ,,,,2,09:00,5,4,
2007,RS,5,60,23,PAN,PTFY,"WINSTON, KENNEDY",FTM,Free Throw In,1,-1,-1, ,,,,2,09:00,5,5,
2007,RS,5,60,24,PAN,PTFY,"WINSTON, KENNEDY",FTM,Free Throw In,1,-1,-1, ,,,,2,09:00,5,6,
2007,RS,5,60,25,ROA,PTEY,"BADIANE, PAPE",2FGM,Two Pointer,2,248,410,B,,,,2,09:00,7,6,
2007,RS,5,60,27,PAN,PAJV,"BATISTE, MICHAEL",2FGAB,Missed Two Pointer,0,76,76,C,,,,2,09:00,7,6,
2007,RS,5,60,32,PAN,PTFY,"WINSTON, KENNEDY",2FGM,Two Pointer,2,84,94,C,,,,2,09:00,7,8,
2007,RS,5,60,33,PAN,PACN,"TSARTSARIS, KOSTAS",3FGA,Missed Three Pointer,0,523,438,G,,,,2,09:00,7,8,
2007,RS,5,60,35,PAN,PAJV,"BATISTE, MICHAEL",2FGA,Missed Two Pointer,0,7,10,C,,,,2,09:00,7,8,
2007,RS,5,60,37,ROA,PTEU,"SALYERS, MARC",3FGA,Missed Three Pointer,0,-228,656,J,,,,2,09:00,7,8,
2007,RS,5,60,42,ROA,PTEU,"SALYERS, MARC",3FGA,Missed Three Pointer,0,664,7,A,,,,4,07:00,7,8,
2007,RS,5,60,44,PAN,PAJV,"BATISTE, MICHAEL",2FGM,Two Pointer,2,61,117,C,,,,4,07:00,7,10,
2007,RS,5,60,45,ROA,PTEY,"BADIANE, PAPE",2FGM,Two Pointer,2,-2,-2,D,,,,4,07:00,9,10,
2007,RS,5,60,47,PAN,PACN,"TSARTSARIS, KOSTAS",3FGM,Three Pointer,3,274,641,G,,,,4,07:00,9,13,
2007,RS,5,60,51,ROA,PTEX,"PELLIN, MARC-ANTOINE",3FGA,Missed Three Pointer,0,382,551,G,,,,4,07:00,9,13,
2007,RS,5,60,52,ROA,PTEU,"SALYERS, MARC",2FGM,Two Pointer,2,89,28,C,,,,4,07:00,11,13,
2007,RS,5,60,56,PAN,PAJV,"BATISTE, MICHAEL",2FGM,Two Pointer,2,-276,248,E,,,,4,07:00,11,15,
2007,RS,5,60,59,ROA,PTEU,"SALYERS, MARC",3FGA,Missed Three Pointer,0,500,487,G,,,,5,06:00,11,15,
2007,RS,5,60,61,ROA,PTEZ,"RUSH, BRION",2FGA,Missed Two Pointer,0,-89,23,D,,,,5,06:00,11,15,
2007,RS,5,60,63,ROA,PTEY,"BADIANE, PAPE",2FGM,Two Pointer,2,53,30,C,,,,5,06:00,13,15,
2007,RS,5,60,64,PAN,PADG,"JASIKEVICIUS, SARUNAS",2FGM,Two Pointer,2,176,189,C,,,,5,06:00,13,17,
2007,RS,5,60,78,PAN,PJKO,"DIAMANTIDIS, DIMITRIS",FTM,Free Throw In,1,-1,-1, ,,,,6,05:00,13,18,
2007,RS,5,60,81,ROA,PTEU,"SALYERS, MARC",2FGA,Missed Two Pointer,0,169,533,H,,,,6,05:00,13,18,
2007,RS,5,60,89,ROA,PTEX,"PELLIN, MARC-ANTOINE",3FGM,Three Pointer,3,412,592,G,,,,7,04:00,16,18,
2007,RS,5,60,93,PAN,PADG,"JASIKEVICIUS, SARUNAS",FTM,Free Throw In,1,-1,-1, ,,,,7,04:00,16,19,
2007,RS,5,60,94,PAN,PADG,"JASIKEVICIUS, SARUNAS",FTM,Free Throw In,1,-1,-1, ,,,,7,04:00,16,20,
2007,RS,5,60,95,ROA,PTFC,"POUPET, PIERRIC",3FGA,Missed Three Pointer,0,-548,428,J,,,,7,04:00,16,20,
2007,RS,5,60,106,ROA,PTFB,"SOLIMAN, WILLIAMS",2FGM,Two Pointer,2,115,115,C,,,,8,03:00,18,20,
2007,RS,5,60,107,PAN,PJUO,"SPANOULIS, VASSILIS",3FGM,Three Pointer,3,102,687,G,,,,8,03:00,18,23,
2007,RS,5,60,108,ROA,PTFB,"SOLIMAN, WILLIAMS",2FGAB,Missed Two Pointer,0,-76,30,D,,,,8,03:00,18,23,
2007,RS,5,60,112,ROA,PTFB,"SOLIMAN, WILLIAMS",2FGM,Two Pointer,2,-107,33,D,,,,8,03:00,20,23,
2007,RS,5,60,118,PAN,PTFY,"WINSTON, KENNEDY",FTM,Free Throw In,1,-1,-1, ,,,,9,02:00,20,24,
2007,RS,5,60,119,PAN,PTFY,"WINSTON, KENNEDY",FTM,Free Throw In,1,-1,-1, ,,,,9,02:00,20,25,
2007,RS,5,60,123,ROA,PTEU,"SALYERS, MARC",2FGA,Missed Two Pointer,0,-194,20,D,,,,9,02:00,20,25,
2007,RS,5,60,128,PAN,PADG,"JASIKEVICIUS, SARUNAS",FTM,Free Throw In,1,-1,-1, ,,,,10,01:00,20,26,
2007,RS,5,60,129,PAN,PADG,"JASIKEVICIUS, SARUNAS",FTM,Free Throw In,1,-1,-1, ,,,,10,01:00,20,27,
2007,RS,5,60,130,ROA,PTEX,"PELLIN, MARC-ANTOINE",2FGA,Missed Two Pointer,0,-123,61,D,,,,10,01:00,20,27,
2007,RS,5,60,132,PAN,PAPH,"ALVERTIS, FRAGISKOS",3FGA,Missed Three Pointer,0,-533,443,J,,,,10,01:00,20,27,
2007,RS,5,60,134,PAN,PJUO,"SPANOULIS, VASSILIS",2FGM,Two Pointer,2,-74,66,D,,,,10,01:00,20,29,
2007,RS,5,60,136,ROA,PTEU,"SALYERS, MARC",3FGA,Missed Three Pointer,0,-338,569,J,,,,10,01:00,20,29,
2007,RS,5,60,140,ROA,PTEU,"SALYERS, MARC",2FGM,Two Pointer,2,-74,69,D,,,,10,01:00,22,29,
2007,RS,5,60,145,ROA,PTFB,"SOLIMAN, WILLIAMS",2FGA,Missed Two Pointer,0,-579,92,E,,,,11,10:00,22,29,
2007,RS,5,60,161,ROA,PTEU,"SALYERS, MARC",FTM,Free Throw In,1,-1,-1, ,,,,11,10:00,23,29,
2007,RS,5,60,162,PAN,PAPH,"ALVERTIS, FRAGISKOS",2FGA,Missed Two Pointer,0,-97,100,D,,,,11,10:00,23,29,
2007,RS,5,60,164,ROA,PTEZ,"RUSH, BRION",3FGM,Three Pointer,3,664,112,A,,,,11,10:00,26,29,
2007,RS,5,60,167,PAN,PAPH,"ALVERTIS, FRAGISKOS",2FGA,Missed Two Pointer,0,-500,346,E,,,,12,09:00,26,29,
2007,RS,5,60,169,ROA,PTEU,"SALYERS, MARC",2FGM,Two Pointer,2,-10,76,D,,,,12,09:00,28,29,
2007,RS,5,60,171,PAN,PBXE,"ZIZIC, ANDRIJA",2FGM,Two Pointer,2,10,112,C,,,,13,08:00,28,31,
2007,RS,5,60,173,ROA,PTEZ,"RUSH, BRION",3FGA,Missed Three Pointer,0,317,617,G,,,,13,08:00,28,31,
2007,RS,5,60,176,PAN,PBXE,"ZIZIC, ANDRIJA",2FGM,Two Pointer,2,-66,69,D,,,,13,08:00,28,33,
2007,RS,5,60,178,ROA,PTFB,"SOLIMAN, WILLIAMS",2FGM,Two Pointer,2,-84,79,D,,,,14,07:00,30,33,
2007,RS,5,60,180,PAN,PJKO,"DIAMANTIDIS, DIMITRIS",2FGA,Missed Two Pointer,0,74,53,C,,,,14,07:00,30,33,
2007,RS,5,60,188,PAN,PBXE,"ZIZIC, ANDRIJA",FTM,Free Throw In,1,-1,-1, ,,,,14,07:00,30,34,
2007,RS,5,60,189,PAN,PBXE,"ZIZIC, ANDRIJA",FTM,Free Throw In,1,-1,-1, ,,,,14,07:00,30,35,
2007,RS,5,60,192,ROA,PTEZ,"RUSH, BRION",2FGAB,Missed Two Pointer,0,-66,74,D,,,,14,07:00,30,35,
2007,RS,5,60,196,ROA,PTFA,"CAZALON, LAURENT",2FGM,Two Pointer,2,505,51,B,,,,14,07:00,32,35,
2007,RS,5,60,199,PAN,PABB,"DIKOUDIS, DEMOS",2FGA,Missed Two Pointer,0,-84,71,D,,,,15,06:00,32,35,
2007,RS,5,60,201,PAN,PABB,"DIKOUDIS, DEMOS",2FGM,Two Pointer,2,-61,71,D,,,,15,06:00,32,37,
2007,RS,5,60,202,PAN,PAGG,"BECIROVIC, SANI",2FGM,Two Pointer,2,87,87,C,,,,15,06:00,32,39,
2007,RS,5,60,206,ROA,PTFA,"CAZALON, LAURENT",3FGA,Missed Three Pointer,0,361,625,G,,,,15,06:00,32,39,
2007,RS,5,60,213,ROA,PTEX,"PELLIN, MARC-ANTOINE",FTM,Free Throw In,1,-1,-1, ,,,,16,05:00,33,39,
2007,RS,5,60,219,PAN,PABB,"DIKOUDIS, DEMOS",2FGM,Two Pointer,2,74,58,C,,,,16,05:00,33,41,
2007,RS,5,60,227,PAN,PBXE,"ZIZIC, ANDRIJA",2FGM,Two Pointer,2,64,66,C,,,,16,05:00,33,43,
2007,RS,5,60,232,PAN,PABB,"DIKOUDIS, DEMOS",2FGM,Two Pointer,2,69,69,C,,,,16,05:00,33,45,
2007,RS,5,60,240,PAN,PABB,"DIKOUDIS, DEMOS",2FGM,Two Pointer,2,179,153,C,,,,17,04:00,33,47,
2007,RS,5,60,242,PAN,PABB,"DIKOUDIS, DEMOS",2FGM,Two Pointer,2,135,84,C,,,,17,04:00,33,49,
2007,RS,5,60,244,ROA,PTEY,"BADIANE, PAPE",2FGA,Missed Two Pointer,0,453,230,B,,,,17,04:00,33,49,
2007,RS,5,60,246,PAN,PBXE,"ZIZIC, ANDRIJA",2FGM,Two Pointer,2,-51,84,D,,,,17,04:00,33,51,
2007,RS,5,60,253,PAN,PBXE,"ZIZIC, ANDRIJA",FTM,Free Throw In,1,-1,-1, ,,,,18,03:00,33,52,
2007,RS,5,60,255,PAN,PJKO,"DIAMANTIDIS, DIMITRIS",2FGM,Two Pointer,2,-41,82,D,,,,18,03:00,33,54,
2007,RS,5,60,259,ROA,PTFC,"POUPET, PIERRIC",FTM,Free Throw In,1,-1,-1, ,,,,18,03:00,34,54,
2007,RS,5,60,260,ROA,PTFC,"POUPET, PIERRIC",FTM,Free Throw In,1,-1,-1, ,,,,18,03:00,35,54,
2007,RS,5,60,264,PAN,PAJV,"BATISTE, MICHAEL",2FGM,Two Pointer,2,-5,12,D,,,,18,03:00,35,56,
2007,RS,5,60,269,ROA,PTEU,"SALYERS, MARC",FTM,Free Throw In,1,-1,-1, ,,,,19,02:00,36,56,
2007,RS,5,60,270,PAN,PJKO,"DIAMANTIDIS, DIMITRIS",2FGM,Two Pointer,2,74,69,C,,,,19,02:00,36,58,
2007,RS,5,60,276,PAN,PAJV,"BATISTE, MICHAEL",FTM,Free Throw In,1,-1,-1, ,,,,19,02:00,36,59,
2007,RS,5,60,279,PAN,PADG,"JASIKEVICIUS, SARUNAS",2FGM,Two Pointer,2,-97,15,D,,,,19,02:00,36,61,
2007,RS,5,60,281,ROA,PTFC,"POUPET, PIERRIC",3FGM,Three Pointer,3,-666,-12,F,,,,20,01:00,39,61,
2007,RS,5,60,283,PAN,PJKO,"DIAMANTIDIS, DIMITRIS",3FGM,Three Pointer,3,-153,646,J,,,,20,01:00,39,64,
2007,RS,5,60,290,PAN,PAJV,"BATISTE, MICHAEL",2FGM,Two Pointer,2,0,-2,D,,,,21,10:00,39,66,
2007,RS,5,60,293,ROA,PTEV,"HESS, ADAM",FTM,Free Throw In,1,-1,-1, ,,,,21,10:00,40,66,
2007,RS,5,60,294,ROA,PTEV,"HESS, ADAM",FTM,Free Throw In,1,-1,-1, ,,,,21,10:00,41,66,
2007,RS,5,60,298,ROA,PTEV,"HESS, ADAM",2FGM,Two Pointer,2,-46,94,D,,,,21,10:00,43,66,
2007,RS,5,60,300,PAN,PJKO,"DIAMANTIDIS, DIMITRIS",3FGA,Missed Three Pointer,0,-682,102,F,,,,21,10:00,43,66,
2007,RS,5,60,307,ROA,PTEU,"SALYERS, MARC",FTM,Free Throw In,1,-1,-1, ,,,,22,09:00,44,66,
2007,RS,5,60,308,ROA,PTEU,"SALYERS, MARC",FTM,Free Throw In,1,-1,-1, ,,,,22,09:00,45,66,
2007,RS,5,60,309,PAN,PADG,"JASIKEVICIUS, SARUNAS",3FGM,Three Pointer,3,-92,689,J,,,,22,09:00,45,69,
2007,RS,5,60,313,PAN,PABB,"DIKOUDIS, DEMOS",3FGM,Three Pointer,3,653,169,A,,,,23,08:00,45,72,
2007,RS,5,60,315,ROA,PTEX,"PELLIN, MARC-ANTOINE",2FGA,Missed Two Pointer,0,-312,464,I,,,,23,08:00,45,72,
2007,RS,5,60,318,PAN,PABB,"DIKOUDIS, DEMOS",3FGA,Missed Three Pointer,0,-374,579,J,,,,23,08:00,45,72,
2007,RS,5,60,320,PAN,PAJV,"BATISTE, MICHAEL",2FGA,Missed Two Pointer,0,56,51,C,,,,23,08:00,45,72,
2007,RS,5,60,322,PAN,PJKO,"DIAMANTIDIS, DIMITRIS",2FGM,Two Pointer,2,-51,58,D,,,,23,08:00,45,74,
2007,RS,5,60,323,ROA,PTEV,"HESS, ADAM",2FGM,Two Pointer,2,500,97,B,,,,23,08:00,47,74,
2007,RS,5,60,325,PAN,PADG,"JASIKEVICIUS, SARUNAS",3FGA,Missed Three Pointer,0,682,-33,A,,,,23,08:00,47,74,
2007,RS,5,60,328,ROA,PTEV,"HESS, ADAM",3FGAB,Missed Three Pointer,0,-658,-12,F,,,,23,08:00,47,74,
2007,RS,5,60,337,ROA,PTEU,"SALYERS, MARC",3FGA,Missed Three Pointer,0,-310,625,J,,,,24,07:00,47,74,
2007,RS,5,60,344,PAN,PABB,"DIKOUDIS, DEMOS",2FGM,Two Pointer,2,-5,5,D,,,,24,07:00,47,76,
2007,RS,5,60,346,ROA,PTEY,"BADIANE, PAPE",2FGM,Two Pointer,2,-279,284,E,,,,25,06:00,49,76,
2007,RS,5,60,353,ROA,PTEY,"BADIANE, PAPE",2FGA,Missed Two Pointer,0,435,325,B,,,,25,06:00,49,76,
2007,RS,5,60,357,PAN,PAGG,"BECIROVIC, SANI",3FGA,Missed Three Pointer,0,-689,76,F,,,,25,06:00,49,76,
2007,RS,5,60,359,ROA,PTEU,"SALYERS, MARC",FTM,Free Throw In,1,-1,-1, ,,,,25,06:00,50,76,
2007,RS,5,60,363,PAN,PABB,"DIKOUDIS, DEMOS",3FGM,Three Pointer,3,-379,584,J,,,,26,05:00,50,79,
2007,RS,5,60,369,ROA,PTEZ,"RUSH, BRION",3FGM,Three Pointer,3,520,484,G,,,,26,05:00,53,79,
2007,RS,5,60,376,PAN,PAGG,"BECIROVIC, SANI",3FGM,Three Pointer,3,-438,548,J,,,,27,04:00,53,82,
2007,RS,5,60,378,ROA,PTEX,"PELLIN, MARC-ANTOINE",3FGA,Missed Three Pointer,0,284,630,G,,,,27,04:00,53,82,
2007,RS,5,60,386,ROA,PTEU,"SALYERS, MARC",FTM,Free Throw In,1,-1,-1, ,,,,27,04:00,54,82,
2007,RS,5,60,387,ROA,PTEU,"SALYERS, MARC",FTM,Free Throw In,1,-1,-1, ,,,,27,04:00,55,82,
2007,RS,5,60,393,PAN,PBXE,"ZIZIC, ANDRIJA",FTM,Free Throw In,1,-1,-1, ,,,,27,04:00,55,83,
2007,RS,5,60,397,PAN,PKRH,"PERPEROGLOU, EFSTRATIOS",2FGA,Missed Two Pointer,0,-553,97,E,,,,27,04:00,55,83,
2007,RS,5,60,400,PAN,PBXE,"ZIZIC, ANDRIJA",FTM,Free Throw In,1,-1,-1, ,,,,27,04:00,55,84,
2007,RS,5,60,401,PAN,PBXE,"ZIZIC, ANDRIJA",FTM,Free Throw In,1,-1,-1, ,,,,27,04:00,55,85,
2007,RS,5,60,403,ROA,PTEZ,"RUSH, BRION",2FGM,Two Pointer,2,-115,207,D,,,,28,03:00,57,85,
2007,RS,5,60,405,PAN,PACN,"TSARTSARIS, KOSTAS",2FGA,Missed Two Pointer,0,-79,110,D,,,,28,03:00,57,85,
2007,RS,5,60,408,PAN,PBXE,"ZIZIC, ANDRIJA",2FGM,Two Pointer,2,28,82,C,,,,28,03:00,57,87,
2007,RS,5,60,409,ROA,PTEU,"SALYERS, MARC",2FGM,Two Pointer,2,-102,58,D,,,,28,03:00,59,87,
2007,RS,5,60,410,PAN,PACN,"TSARTSARIS, KOSTAS",3FGM,Three Pointer,3,669,-2,A,,,,28,03:00,59,90,
2007,RS,5,60,412,ROA,PTFC,"POUPET, PIERRIC",3FGA,Missed Three Pointer,0,497,479,G,,,,28,03:00,59,90,
2007,RS,5,60,416,PAN,PBCS,"HATZIVRETTAS, NIKOS",2FGM,Two Pointer,2,-33,76,D,,,,29,02:00,59,92,
2007,RS,5,60,418,ROA,PTEY,"BADIANE, PAPE",2FGM,Two Pointer,2,-251,-12,D,,,,30,01:00,61,92,
2007,RS,5,60,419,PAN,PACN,"TSARTSARIS, KOSTAS",3FGA,Missed Three Pointer,0,661,-35,A,,,,30,01:00,61,92,
2007,RS,5,60,421,PAN,PBXE,"ZIZIC, ANDRIJA",2FGM,Two Pointer,2,87,41,C,,,,30,01:00,61,94,
2007,RS,5,60,422,ROA,PTEZ,"RUSH, BRION",3FGA,Missed Three Pointer,0,89,669,G,,,,30,01:00,61,94,
2007,RS,5,60,432,PAN,PKRH,"PERPEROGLOU, EFSTRATIOS",2FGM,Two Pointer,2,-135,146,D,,,,31,10:00,61,96,
2007,RS,5,60,437,ROA,PTEV,"HESS, ADAM",2FGM,Two Pointer,2,89,125,C,,,,31,10:00,63,96,
2007,RS,5,60,439,ROA,PTEX,"PELLIN, MARC-ANTOINE",2FGM,Two Pointer,2,53,84,C,,,,31,10:00,65,96,
2007,RS,5,60,441,PAN,PJUO,"SPANOULIS, VASSILIS",3FGM,Three Pointer,3,-441,566,J,,,,31,10:00,65,99,
2007,RS,5,60,444,ROA,PTEV,"HESS, ADAM",2FGM,Two Pointer,2,-338,115,E,,,,32,09:00,67,99,
2007,RS,5,60,446,PAN,PBCS,"HATZIVRETTAS, NIKOS",3FGM,Three Pointer,3,394,553,G,,,,33,08:00,67,102,
2007,RS,5,60,448,ROA,PTFB,"SOLIMAN, WILLIAMS",2FGM,Two Pointer,2,266,535,H,,,,33,08:00,69,102,
2007,RS,5,60,450,PAN,PJUO,"SPANOULIS, VASSILIS",3FGM,Three Pointer,3,358,558,G,,,,33,08:00,69,105,
2007,RS,5,60,452,ROA,PTFA,"CAZALON, LAURENT",3FGA,Missed Three Pointer,0,-69,700,J,,,,33,08:00,69,105,
2007,RS,5,60,457,PAN,PBXE,"ZIZIC, ANDRIJA",2FGM,Two Pointer,2,-35,89,D,,,,34,07:00,69,107,
2007,RS,5,60,459,ROA,PTEX,"PELLIN, MARC-ANTOINE",3FGM,Three Pointer,3,461,571,G,,,,34,07:00,72,107,
2007,RS,5,60,461,PAN,PJUO,"SPANOULIS, VASSILIS",3FGM,Three Pointer,3,12,669,G,,,,34,07:00,72,110,
2007,RS,5,60,466,ROA,PTFC,"POUPET, PIERRIC",FTM,Free Throw In,1,-1,-1, ,,,,35,06:00,73,110,
2007,RS,5,60,467,ROA,PTFC,"POUPET, PIERRIC",FTM,Free Throw In,1,-1,-1, ,,,,35,06:00,74,110,
2007,RS,5,60,471,ROA,PTEX,"PELLIN, MARC-ANTOINE",2FGM,Two Pointer,2,307,533,H,,,,35,06:00,76,110,
2007,RS,5,60,475,PAN,PJUO,"SPANOULIS, VASSILIS",FTM,Free Throw In,1,-1,-1, ,,,,35,06:00,76,111,
2007,RS,5,60,477,PAN,PJUO,"SPANOULIS, VASSILIS",FTM,Free Throw In,1,-1,-1, ,,,,36,05:00,76,112,
2007,RS,5,60,478,PAN,PJUO,"SPANOULIS, VASSILIS",FTM,Free Throw In,1,-1,-1, ,,,,36,05:00,76,113,
2007,RS,5,60,481,ROA,PTEX,"PELLIN, MARC-ANTOINE",2FGA,Missed Two Pointer,0,56,479,H,,,,36,05:00,76,113,
2007,RS,5,60,483,PAN,PBCS,"HATZIVRETTAS, NIKOS",2FGA,Missed Two Pointer,0,-346,28,E,,,,36,05:00,76,113,
2007,RS,5,60,485,ROA,PTFA,"CAZALON, LAURENT",2FGA,Missed Two Pointer,0,38,130,C,,,,36,05:00,76,113,
2007,RS,5,60,487,PAN,PAPH,"ALVERTIS, FRAGISKOS",2FGA,Missed Two Pointer,0,-538,112,E,,,,36,05:00,76,113,
2007,RS,5,60,489,ROA,PTFC,"POUPET, PIERRIC",2FGM,Two Pointer,2,76,112,C,,,,36,05:00,78,113,
2007,RS,5,60,491,PAN,PBXE,"ZIZIC, ANDRIJA",2FGM,Two Pointer,2,-74,35,D,,,,36,05:00,78,115,
2007,RS,5,60,497,ROA,PTFC,"POUPET, PIERRIC",2FGA,Missed Two Pointer,0,-315,430,I,,,,37,04:00,78,115,
2007,RS,5,60,500,PAN,PAPH,"ALVERTIS, FRAGISKOS",2FGA,Missed Two Pointer,0,-392,325,E,,,,38,03:00,78,115,
2007,RS,5,60,502,ROA,PTFA,"CAZALON, LAURENT",3FGA,Missed Three Pointer,0,-282,610,J,,,,38,03:00,78,115,
2007,RS,5,60,508,PAN,PBXE,"ZIZIC, ANDRIJA",2FGM,Two Pointer,2,-79,92,D,,,,38,03:00,78,117,
2007,RS,5,60,510,ROA,PTFC,"POUPET, PIERRIC",3FGA,Missed Three Pointer,0,443,664,G,,,,39,02:00,78,117,
2007,RS,5,60,513,PAN,PBXE,"ZIZIC, ANDRIJA",2FGM,Two Pointer,2,-74,69,D,,,,39,02:00,78,119,
2007,RS,5,60,514,ROA,PTEX,"PELLIN, MARC-ANTOINE",2FGA,Missed Two Pointer,0,97,528,H,,,,39,02:00,78,119,
2007,RS,5,60,517,PAN,PAGG,"BECIROVIC, SANI",2FGM,Two Pointer,2,-66,89,D,,,,39,02:00,78,121,
2007,RS,5,60,519,ROA,PTFA,"CAZALON, LAURENT",2FGM,Two Pointer,2,-12,123,D,,,,40,01:00,80,121,
2007,RS,5,60,521,ROA,PTFC,"POUPET, PIERRIC",2FGAB,Missed Two Pointer,0,74,69,C,,,,40,01:00,80,121,
2007,RS,5,60,524,PAN,PTFY,"WINSTON, KENNEDY",2FGM,Two Pointer,2,53,71,C,,,,40,01:00,80,123,
2007,RS,5,60,527,ROA,PTGW,"WILSON, RAPHAEL",3FGM,Three Pointer,3,517,492,G,,,,40,01:00,83,123,
2007,RS,5,60,528,PAN,PKRH,"PERPEROGLOU, EFSTRATIOS",3FGA,Missed Three Pointer,0,-676,123,F,,,,40,01:00,83,123,
2007,RS,6,61,5,ZAL,PBWI,"JANKUNAS, PAULIUS",2FGM,Two Pointer,2,-23,143,D,,,,1,10:00,0,2,
2007,RS,6,61,8,OLY,P000126,"JACKSON, MARC",2FGA,Missed Two Pointer,0,-110,46,D,,,,1,10:00,0,2,
2007,RS,6,61,9,OLY,PTFV,"WOODS, QYNTEL",3FGM,Three Pointer,3,417,556,G,,,,1,10:00,3,2,
2007,RS,6,61,11,ZAL,PAHT,"BROWN, MARCUS",3FGM,Three Pointer,3,-510,533,J,,,,1,10:00,3,5,
2007,RS,6,61,12,OLY,PTFV,"WOODS, QYNTEL",3FGM,Three Pointer,3,-64,702,J,,,,1,10:00,6,5,
2007,RS,6,61,15,ZAL,PAHT,"BROWN, MARCUS",3FGA,Missed Three Pointer,0,497,479,G,,,,2,09:00,6,5,
2007,RS,6,61,21,ZAL,PADX,"ZUKAUSKAS, EURELJUS",2FGM,Two Pointer,2,-7,5,D,,,,3,08:00,6,7,
2007,RS,6,61,22,OLY,PCBV,"MACIJAUSKAS, ARVYDAS",2FGM,Two Pointer,2,-58,35,D,,,,3,08:00,8,7,
2007,RS,6,61,25,OLY,PCBV,"MACIJAUSKAS, ARVYDAS",FTM,Free Throw In,1,-1,-1, ,,,,3,08:00,9,7,
2007,RS,6,61,26,ZAL,PBWI,"JANKUNAS, PAULIUS",2FGM,Two Pointer,2,46,30,C,,,,3,08:00,9,9,
2007,RS,6,61,27,OLY,PAMM,"PRINTEZIS, GEORGIOS",2FGA,Missed Two Pointer,0,356,205,B,,,,3,08:00,9,9,
2007,RS,6,61,29,OLY,P000126,"JACKSON, MARC",2FGM,Two Pointer,2,5,20,C,,,,3,08:00,11,9,
2007,RS,6,61,30,ZAL,PBDB,"COLLINS, DeJUAN",2FGA,Missed Two Pointer,0,61,141,C,,,,3,08:00,11,9,
2007,RS,6,61,37,OLY,PTFV,"WOODS, QYNTEL",3FGA,Missed Three Pointer,0,569,389,A,,,,4,07:00,11,9,
2007,RS,6,61,38,ZAL,PJCC,"MACIULIS, JONAS",2FGM,Two Pointer,2,23,51,C,,,,4,07:00,11,11,
2007,RS,6,61,40,OLY,P000126,"JACKSON, MARC",3FGM,Three Pointer,3,-571,410,F,,,,5,06:00,14,11,
2007,RS,6,61,41,ZAL,PAHT,"BROWN, MARCUS",2FGA,Missed Two Pointer,0,-543,53,E,,,,5,06:00,14,11,
2007,RS,6,61,45,OLY,PCBV,"MACIJAUSKAS, ARVYDAS",2FGA,Missed Two Pointer,0,89,69,C,,,,5,06:00,14,11,
2007,RS,6,61,47,OLY,PAQU,"BOUROUSIS, IOANNIS",2FGAB,Missed Two Pointer,0,15,74,C,,,,5,06:00,14,11,
2007,RS,6,61,56,ZAL,PBDB,"COLLINS, DeJUAN",2FGAB,Missed Two Pointer,0,-30,112,D,,,,6,05:00,14,11,
2007,RS,6,61,64,ZAL,PJCC,"MACIULIS, JONAS",3FGA,Missed Three Pointer,0,466,551,G,,,,6,05:00,14,11,
2007,RS,6,61,71,OLY,P000126,"JACKSON, MARC",FTM,Free Throw In,1,-1,-1, ,,,,6,05:00,15,11,
2007,RS,6,61,72,OLY,P000126,"JACKSON, MARC",FTM,Free Throw In,1,-1,-1, ,,,,6,05:00,16,11,
2007,RS,6,61,76,OLY,PAQU,"BOUROUSIS, IOANNIS",2FGM,Two Pointer,2,-2,28,D,,,,7,04:00,18,11,
2007,RS,6,61,79,ZAL,PANY,"SALENGA, DAINIUS",3FGA,Missed Three Pointer,0,230,730,G,,,,7,04:00,18,11,
2007,RS,6,61,82,OLY,P000126,"JACKSON, MARC",2FGA,Missed Two Pointer,0,43,71,C,,,,7,04:00,18,11,
2007,RS,6,61,85,ZAL,PBDE,"JURAK, GORAN",2FGM,Two Pointer,2,-76,69,D,,,,7,04:00,18,13,
2007,RS,6,61,86,OLY,P000126,"JACKSON, MARC",2FGM,Two Pointer,2,25,61,C,,,,7,04:00,20,13,
2007,RS,6,61,89,OLY,P000126,"JACKSON, MARC",FTM,Free Throw In,1,-1,-1, ,,,,7,04:00,21,13,
2007,RS,6,61,91,OLY,PCBV,"MACIJAUSKAS, ARVYDAS",2FGA,Missed Two Pointer,0,189,182,C,,,,7,04:00,21,13,
2007,RS,6,61,92,ZAL,P000127,"BRADLEY, MICHAEL",2FGA,Missed Two Pointer,0,-7,100,D,,,,7,04:00,21,13,
2007,RS,6,61,96,ZAL,PBDE,"JURAK, GORAN",3FGA,Missed Three Pointer,0,-241,669,J,,,,7,04:00,21,13,
2007,RS,6,61,98,OLY,PAQU,"BOUROUSIS, IOANNIS",2FGA,Missed Two Pointer,0,-548,20,E,,,,7,04:00,21,13,
2007,RS,6,61,105,ZAL,PBDE,"JURAK, GORAN",FTM,Free Throw In,1,-1,-1, ,,,,9,02:00,21,14,
2007,RS,6,61,106,ZAL,PBDE,"JURAK, GORAN",FTM,Free Throw In,1,-1,-1, ,,,,9,02:00,21,15,
2007,RS,6,61,110,OLY,PCBV,"MACIJAUSKAS, ARVYDAS",FTM,Free Throw In,1,-1,-1, ,,,,9,02:00,22,15,
2007,RS,6,61,113,ZAL,PATP,"POPOVIC, MARKO",2FGM,Two Pointer,2,-5,71,D,,,,9,02:00,22,17,
2007,RS,6,61,115,OLY,PTFV,"WOODS, QYNTEL",2FGM,Two Pointer,2,7,12,C,,,,9,02:00,24,17,
2007,RS,6,61,117,ZAL,PATP,"POPOVIC, MARKO",3FGA,Missed Three Pointer,0,-297,476,I,,,,10,01:00,24,17,
2007,RS,6,61,119,OLY,PCBV,"MACIJAUSKAS, ARVYDAS",2FGA,Missed Two Pointer,0,482,289,B,,,,10,01:00,24,17,
2007,RS,6,61,121,ZAL,PATP,"POPOVIC, MARKO",3FGM,Three Pointer,3,387,546,G,,,,10,01:00,24,20,
2007,RS,6,61,122,OLY,PJDR,"TEODOSIC, MILOS",2FGM,Two Pointer,2,448,220,B,,,,10,01:00,26,20,
2007,RS,6,61,125,OLY,PJDR,"TEODOSIC, MILOS",2FGA,Missed Two Pointer,0,374,251,B,,,,10,01:00,26,20,
2007,RS,6,61,136,OLY,P000126,"JACKSON, MARC",FTM,Free Throw In,1,-1,-1, ,,,,11,10:00,27,20,
2007,RS,6,61,137,OLY,P000126,"JACKSON, MARC",FTM,Free Throw In,1,-1,-1, ,,,,11,10:00,28,20,
2007,RS,6,61,139,ZAL,PBDE,"JURAK, GORAN",2FGM,Two Pointer,2,-48,66,D,,,,11,10:00,28,22,
2007,RS,6,61,144,ZAL,PBDE,"JURAK, GORAN",FTM,Free Throw In,1,-1,-1, ,,,,11,10:00,28,23,
2007,RS,6,61,145,OLY,PTFV,"WOODS, QYNTEL",2FGM,Two Pointer,2,17,56,C,,,,11,10:00,30,23,
2007,RS,6,61,150,OLY,PTFV,"WOODS, QYNTEL",FTM,Free Throw In,1,-1,-1, ,,,,11,10:00,31,23,
2007,RS,6,61,151,ZAL,PATP,"POPOVIC, MARKO",3FGA,Missed Three Pointer,0,-276,641,J,,,,11,10:00,31,23,
2007,RS,6,61,154,OLY,PAQU,"BOUROUSIS, IOANNIS",3FGM,Three Pointer,3,-407,582,J,,,,11,10:00,34,23,
2007,RS,6,61,159,OLY,PCRR,"GREER, LYNN",3FGA,Missed Three Pointer,0,17,653,G,,,,12,09:00,34,23,
2007,RS,6,61,161,ZAL,PBWI,"JANKUNAS, PAULIUS",2FGM,Two Pointer,2,274,353,B,,,,12,09:00,34,25,
2007,RS,6,61,164,ZAL,PBWI,"JANKUNAS, PAULIUS",FTM,Free Throw In,1,-1,-1, ,,,,12,09:00,34,26,
2007,RS,6,61,168,OLY,P000126,"JACKSON, MARC",2FGA,Missed Two Pointer,0,-182,174,D,,,,13,08:00,34,26,
2007,RS,6,61,177,OLY,PAQU,"BOUROUSIS, IOANNIS",FTM,Free Throw In,1,-1,-1, ,,,,13,08:00,35,26,
2007,RS,6,61,179,ZAL,PJCC,"MACIULIS, JONAS",3FGM,Three Pointer,3,648,310,A,,,,13,08:00,35,29,
2007,RS,6,61,180,OLY,PAQU,"BOUROUSIS, IOANNIS",2FGA,Missed Two Pointer,0,-97,71,D,,,,13,08:00,35,29,
2007,RS,6,61,184,ZAL,PATP,"POPOVIC, MARKO",3FGA,Missed Three Pointer,0,-161,764,J,,,,13,08:00,35,29,
2007,RS,6,61,191,OLY,PCRR,"GREER, LYNN",FTM,Free Throw In,1,-1,-1, ,,,,14,07:00,36,29,
2007,RS,6,61,192,OLY,PCRR,"GREER, LYNN",FTM,Free Throw In,1,-1,-1, ,,,,14,07:00,37,29,
2007,RS,6,61,195,ZAL,PJBX,"KALNIETIS, MANTAS",3FGA,Missed Three Pointer,0,-197,710,J,,,,14,07:00,37,29,
2007,RS,6,61,200,ZAL,PADX,"ZUKAUSKAS, EURELJUS",2FGA,Missed Two Pointer,0,38,200,C,,,,14,07:00,37,29,
2007,RS,6,61,202,OLY,P000126,"JACKSON, MARC",2FGA,Missed Two Pointer,0,223,143,C,,,,14,07:00,37,29,
2007,RS,6,61,204,OLY,PAMM,"PRINTEZIS, GEORGIOS",2FGM,Two Pointer,2,2,7,D,,,,14,07:00,39,29,
2007,RS,6,61,208,ZAL,PAHT,"BROWN, MARCUS",2FGA,Missed Two Pointer,0,571,125,B,,,,15,06:00,39,29,
2007,RS,6,61,216,OLY,PCBV,"MACIJAUSKAS, ARVYDAS",FTM,Free Throw In,1,-1,-1, ,,,,15,06:00,40,29,
2007,RS,6,61,217,OLY,PCBV,"MACIJAUSKAS, ARVYDAS",FTM,Free Throw In,1,-1,-1, ,,,,15,06:00,41,29,
2007,RS,6,61,219,ZAL,PAHT,"BROWN, MARCUS",2FGM,Two Pointer,2,-48,35,D,,,,15,06:00,41,31,
2007,RS,6,61,220,OLY,PAMM,"PRINTEZIS, GEORGIOS",2FGA,Missed Two Pointer,0,33,28,C,,,,15,06:00,41,31,
2007,RS,6,61,221,ZAL,PBDE,"JURAK, GORAN",2FGM,Two Pointer,2,-43,89,D,,,,15,06:00,41,33,
2007,RS,6,61,231,ZAL,PAHT,"BROWN, MARCUS",FTM,Free Throw In,1,-1,-1, ,,,,16,05:00,41,34,
2007,RS,6,61,232,ZAL,PAHT,"BROWN, MARCUS",FTM,Free Throw In,1,-1,-1, ,,,,16,05:00,41,35,
2007,RS,6,61,233,OLY,PBFY,"BLAKNEY, RODERICK",3FGA,Missed Three Pointer,0,-674,200,F,,,,16,05:00,41,35,
2007,RS,6,61,236,OLY,P000126,"JACKSON, MARC",2FGA,Missed Two Pointer,0,23,210,C,,,,16,05:00,41,35,
2007,RS,6,61,239,ZAL,PADX,"ZUKAUSKAS, EURELJUS",2FGM,Two Pointer,2,7,110,C,,,,16,05:00,41,37,
2007,RS,6,61,245,OLY,PCBV,"MACIJAUSKAS, ARVYDAS",3FGM,Three Pointer,3,676,182,A,,,,16,05:00,44,37,
2007,RS,6,61,248,ZAL,PBDB,"COLLINS, DeJUAN",FTM,Free Throw In,1,-1,-1, ,,,,16,05:00,44,38,
2007,RS,6,61,249,ZAL,PBDB,"COLLINS, DeJUAN",FTM,Free Throw In,1,-1,-1, ,,,,16,05:00,44,39,
2007,RS,6,61,251,OLY,PALG,"VASILIADIS, KOSTAS",3FGA,Missed Three Pointer,0,-617,325,F,,,,17,04:00,44,39,
2007,RS,6,61,254,ZAL,PATP,"POPOVIC, MARKO",3FGM,Three Pointer,3,315,625,G,,,,17,04:00,44,42,
2007,RS,6,61,255,OLY,PCBV,"MACIJAUSKAS, ARVYDAS",2FGM,Two Pointer,2,-20,151,D,,,,17,04:00,46,42,
2007,RS,6,61,261,ZAL,PBDB,"COLLINS, DeJUAN",FTM,Free Throw In,1,-1,-1, ,,,,18,03:00,46,43,
2007,RS,6,61,264,OLY,PBFY,"BLAKNEY, RODERICK",2FGA,Missed Two Pointer,0,-169,120,D,,,,18,03:00,46,43,
2007,RS,6,61,270,OLY,PTFW,"TSAKALIDIS, JAKE",FTM,Free Throw In,1,-1,-1, ,,,,18,03:00,47,43,
2007,RS,6,61,273,OLY,PAMM,"PRINTEZIS, GEORGIOS",2FGA,Missed Two Pointer,0,84,102,C,,,,18,03:00,47,43,
2007,RS,6,61,277,ZAL,P000127,"BRADLEY, MICHAEL",2FGM,Two Pointer,2,-35,79,D,,,,19,02:00,47,45,
2007,RS,6,61,280,OLY,PCBV,"MACIJAUSKAS, ARVYDAS",FTM,Free Throw In,1,-1,-1, ,,,,19,02:00,48,45,
2007,RS,6,61,281,OLY,PCBV,"MACIJAUSKAS, ARVYDAS",FTM,Free Throw In,1,-1,-1, ,,,,19,02:00,49,45,
2007,RS,6,61,282,ZAL,PBDE,"JURAK, GORAN",3FGA,Missed Three Pointer,0,453,515,G,,,,19,02:00,49,45,
2007,RS,6,61,288,ZAL,PATP,"POPOVIC, MARKO",3FGA,Missed Three Pointer,0,148,620,G,,,,20,01:00,49,45,
2007,RS,6,61,294,ZAL,PBDB,"COLLINS, DeJUAN",2FGM,Two Pointer,2,-17,84,D,,,,20,01:00,49,47,
2007,RS,6,61,295,OLY,PBFY,"BLAKNEY, RODERICK",2FGA,Missed Two Pointer,0,-79,105,D,,,,20,01:00,49,47,
2007,RS,6,61,311,ZAL,PJCC,"MACIULIS, JONAS",2FGAB,Missed Two Pointer,0,-48,300,D,,,,21,10:00,49,47,
2007,RS,6,61,313,OLY,PCRR,"GREER, LYNN",3FGM,Three Pointer,3,438,574,G,,,,21,10:00,52,47,
2007,RS,6,61,315,ZAL,PBDE,"JURAK, GORAN",2FGA,Missed Two Pointer,0,-25,371,D,,,,21,10:00,52,47,
2007,RS,6,61,317,OLY,PCBV,"MACIJAUSKAS, ARVYDAS",3FGM,Three Pointer,3,-443,569,J,,,,21,10:00,55,47,
2007,RS,6,61,319,ZAL,PAHT,"BROWN, MARCUS",3FGM,Three Pointer,3,528,469,G,,,,22,09:00,55,50,
2007,RS,6,61,321,ZAL,PJCC,"MACIULIS, JONAS",2FGA,Missed Two Pointer,0,123,74,C,,,,22,09:00,55,50,
2007,RS,6,61,323,OLY,PTFV,"WOODS, QYNTEL",2FGM,Two Pointer,2,-46,53,D,,,,22,09:00,57,50,
2007,RS,6,61,325,ZAL,PAHT,"BROWN, MARCUS",2FGM,Two Pointer,2,-164,94,D,,,,23,08:00,57,52,
2007,RS,6,61,326,OLY,PTFV,"WOODS, QYNTEL",3FGA,Missed Three Pointer,0,-300,679,J,,,,23,08:00,57,52,
2007,RS,6,61,333,ZAL,PBDB,"COLLINS, DeJUAN",2FGM,Two Pointer,2,-497,79,E,,,,23,08:00,57,54,
2007,RS,6,61,337,OLY,PCRR,"GREER, LYNN",FTM,Free Throw In,1,-1,-1, ,,,,24,07:00,58,54,
2007,RS,6,61,339,OLY,PCRR,"GREER, LYNN",FTM,Free Throw In,1,-1,-1, ,,,,24,07:00,59,54,
2007,RS,6,61,340,ZAL,PAHT,"BROWN, MARCUS",3FGA,Missed Three Pointer,0,341,658,G,,,,24,07:00,59,54,
2007,RS,6,61,344,OLY,PCRR,"GREER, LYNN",FTM,Free Throw In,1,-1,-1, ,,,,24,07:00,60,54,
2007,RS,6,61,345,OLY,PCRR,"GREER, LYNN",FTM,Free Throw In,1,-1,-1, ,,,,24,07:00,61,54,
2007,RS,6,61,347,ZAL,PAHT,"BROWN, MARCUS",2FGM,Two Pointer,2,64,51,C,,,,24,07:00,61,56,
2007,RS,6,61,350,ZAL,PAHT,"BROWN, MARCUS",FTM,Free Throw In,1,-1,-1, ,,,,24,07:00,61,57,
2007,RS,6,61,352,OLY,PCRR,"GREER, LYNN",3FGA,Missed Three Pointer,0,-507,584,J,,,,25,06:00,61,57,
2007,RS,6,61,354,ZAL,PBDB,"COLLINS, DeJUAN",2FGM,Two Pointer,2,366,392,B,,,,25,06:00,61,59,
2007,RS,6,61,356,OLY,PCBV,"MACIJAUSKAS, ARVYDAS",2FGM,Two Pointer,2,-74,41,D,,,,25,06:00,63,59,
2007,RS,6,61,358,ZAL,PBDE,"JURAK, GORAN",3FGA,Missed Three Pointer,0,-505,487,J,,,,26,05:00,63,59,
2007,RS,6,61,360,OLY,PTFV,"WOODS, QYNTEL",3FGA,Missed Three Pointer,0,500,510,G,,,,26,05:00,63,59,
2007,RS,6,61,362,OLY,P000126,"JACKSON, MARC",2FGA,Missed Two Pointer,0,-56,58,D,,,,26,05:00,63,59,
2007,RS,6,61,364,ZAL,PBDB,"COLLINS, DeJUAN",3FGA,Missed Three Pointer,0,166,700,G,,,,26,05:00,63,59,
2007,RS,6,61,369,OLY,P000126,"JACKSON, MARC",2FGA,Missed Two Pointer,0,-74,33,D,,,,26,05:00,63,59,
2007,RS,6,61,373,ZAL,PBDE,"JURAK, GORAN",2FGAB,Missed Two Pointer,0,-17,61,D,,,,26,05:00,63,59,
2007,RS,6,61,375,OLY,P000126,"JACKSON, MARC",2FGA,Missed Two Pointer,0,-94,97,D,,,,26,05:00,63,59,
2007,RS,6,61,381,ZAL,P000127,"BRADLEY, MICHAEL",3FGA,Missed Three Pointer,0,-30,679,J,,,,28,03:00,63,59,
2007,RS,6,61,384,OLY,PTFV,"WOODS, QYNTEL",2FGM,Two Pointer,2,-56,38,D,,,,28,03:00,65,59,
2007,RS,6,61,386,ZAL,PAHT,"BROWN, MARCUS",2FGA,Missed Two Pointer,0,-5,184,D,,,,28,03:00,65,59,
2007,RS,6,61,395,ZAL,PATP,"POPOVIC, MARKO",2FGM,Two Pointer,2,23,58,C,,,,28,03:00,65,61,
2007,RS,6,61,397,OLY,PCBV,"MACIJAUSKAS, ARVYDAS",2FGM,Two Pointer,2,-17,371,D,,,,29,02:00,67,61,
2007,RS,6,61,398,ZAL,PANY,"SALENGA, DAINIUS",3FGA,Missed Three Pointer,0,-651,146,F,,,,29,02:00,67,61,
2007,RS,6,61,406,OLY,PCRR,"GREER, LYNN",3FGA,Missed Three Pointer,0,-489,528,J,,,,30,01:00,67,61,
2007,RS,6,61,410,OLY,PCBV,"MACIJAUSKAS, ARVYDAS",3FGM,Three Pointer,3,474,533,G,,,,30,01:00,70,61,
2007,RS,6,61,411,ZAL,P000127,"BRADLEY, MICHAEL",2FGA,Missed Two Pointer,0,110,87,C,,,,30,01:00,70,61,
2007,RS,6,61,434,OLY,PTFV,"WOODS, QYNTEL",3FGA,Missed Three Pointer,0,-548,410,F,,,,31,10:00,70,61,
2007,RS,6,61,440,OLY,PAMM,"PRINTEZIS, GEORGIOS",2FGM,Two Pointer,2,-87,74,D,,,,32,09:00,72,61,
2007,RS,6,61,441,ZAL,PAHT,"BROWN, MARCUS",2FGM,Two Pointer,2,12,28,C,,,,32,09:00,72,63,
2007,RS,6,61,442,OLY,PCBV,"MACIJAUSKAS, ARVYDAS",3FGA,Missed Three Pointer,0,623,302,A,,,,32,09:00,72,63,
2007,RS,6,61,444,OLY,PAMM,"PRINTEZIS, GEORGIOS",2FGM,Two Pointer,2,-17,12,D,,,,32,09:00,74,63,
2007,RS,6,61,445,ZAL,PJCC,"MACIULIS, JONAS",2FGA,Missed Two Pointer,0,-217,166,D,,,,32,09:00,74,63,
2007,RS,6,61,449,ZAL,PATP,"POPOVIC, MARKO",3FGA,Missed Three Pointer,0,515,492,G,,,,33,08:00,74,63,
2007,RS,6,61,454,OLY,PAMM,"PRINTEZIS, GEORGIOS",FTM,Free Throw In,1,-1,-1, ,,,,33,08:00,75,63,
2007,RS,6,61,455,ZAL,PBDB,"COLLINS, DeJUAN",2FGA,Missed Two Pointer,0,-143,53,D,,,,33,08:00,75,63,
2007,RS,6,61,456,OLY,PAQU,"BOUROUSIS, IOANNIS",2FGA,Missed Two Pointer,0,-92,43,D,,,,33,08:00,75,63,
2007,RS,6,61,459,ZAL,PJCC,"MACIULIS, JONAS",2FGM,Two Pointer,2,-35,97,D,,,,33,08:00,75,65,
2007,RS,6,61,467,ZAL,PBDB,"COLLINS, DeJUAN",FTM,Free Throw In,1,-1,-1, ,,,,34,07:00,75,66,
2007,RS,6,61,468,ZAL,PBDB,"COLLINS, DeJUAN",FTM,Free Throw In,1,-1,-1, ,,,,34,07:00,75,67,
2007,RS,6,61,469,OLY,PTFV,"WOODS, QYNTEL",3FGM,Three Pointer,3,594,379,A,,,,34,07:00,78,67,
2007,RS,6,61,472,ZAL,PJCC,"MACIULIS, JONAS",3FGA,Missed Three Pointer,0,-510,505,J,,,,35,06:00,78,67,
2007,RS,6,61,474,OLY,PCBV,"MACIJAUSKAS, ARVYDAS",3FGM,Three Pointer,3,-700,253,F,,,,35,06:00,81,67,
2007,RS,6,61,475,ZAL,PATP,"POPOVIC, MARKO",2FGAB,Missed Two Pointer,0,23,38,C,,,,35,06:00,81,67,
2007,RS,6,61,477,ZAL,PATP,"POPOVIC, MARKO",3FGA,Missed Three Pointer,0,-682,138,F,,,,35,06:00,81,67,
2007,RS,6,61,480,OLY,PCRR,"GREER, LYNN",3FGM,Three Pointer,3,-502,530,J,,,,36,05:00,84,67,
2007,RS,6,61,486,ZAL,P000127,"BRADLEY, MICHAEL",2FGM,Two Pointer,2,43,20,C,,,,36,05:00,84,69,
2007,RS,6,61,492,OLY,PCRR,"GREER, LYNN",2FGA,Missed Two Pointer,0,12,423,C,,,,37,04:00,84,69,
2007,RS,6,61,495,ZAL,PATP,"POPOVIC, MARKO",2FGA,Missed Two Pointer,0,-2,110,D,,,,37,04:00,84,69,
2007,RS,6,61,498,OLY,PTFV,"WOODS, QYNTEL",2FGA,Missed Two Pointer,0,-253,330,E,,,,37,04:00,84,69,
2007,RS,6,61,505,OLY,PCBV,"MACIJAUSKAS, ARVYDAS",FTM,Free Throw In,1,-1,-1, ,,,,37,04:00,85,69,
2007,RS,6,61,506,OLY,PCBV,"MACIJAUSKAS, ARVYDAS",FTM,Free Throw In,1,-1,-1, ,,,,37,04:00,86,69,
2007,RS,6,61,507,OLY,PJDR,"TEODOSIC, MILOS",2FGA,Missed Two Pointer,0,-143,153,D,,,,37,04:00,86,69,
2007,RS,6,61,512,ZAL,PBDB,"COLLINS, DeJUAN",2FGM,Two Pointer,2,-7,84,D,,,,38,03:00,86,71,
2007,RS,6,61,514,ZAL,PBDB,"COLLINS, DeJUAN",FTM,Free Throw In,1,-1,-1, ,,,,38,03:00,86,72,
2007,RS,6,61,520,OLY,PCBV,"MACIJAUSKAS, ARVYDAS",2FGM,Two Pointer,2,-64,130,D,,,,38,03:00,88,72,
2007,RS,6,61,522,ZAL,PBDE,"JURAK, GORAN",2FGA,Missed Two Pointer,0,-84,53,D,,,,38,03:00,88,72,
2007,RS,6,61,525,OLY,PAQU,"BOUROUSIS, IOANNIS",3FGA,Missed Three Pointer,0,-46,658,J,,,,39,02:00,88,72,
2007,RS,6,61,531,ZAL,PBDE,"JURAK, GORAN",3FGA,Missed Three Pointer,0,-625,238,F,,,,39,02:00,88,72,
2007,RS,6,61,534,ZAL,PAHT,"BROWN, MARCUS",FTM,Free Throw In,1,-1,-1, ,,,,39,02:00,88,73,
2007,RS,6,61,535,ZAL,PAHT,"BROWN, MARCUS",FTM,Free Throw In,1,-1,-1, ,,,,39,02:00,88,74,
2007,RS,6,61,542,OLY,PCBV,"MACIJAUSKAS, ARVYDAS",FTM,Free Throw In,1,-1,-1, ,,,,39,02:00,89,74,
2007,RS,6,61,543,OLY,PCBV,"MACIJAUSKAS, ARVYDAS",FTM,Free Throw In,1,-1,-1, ,,,,39,02:00,90,74,
2007,RS,6,61,544,OLY,PAMM,"PRINTEZIS, GEORGIOS",3FGA,Missed Three Pointer,0,-20,723,J,,,,39,02:00,90,74,
2007,RS,6,61,550,OLY,PTFV,"WOODS, QYNTEL",2FGA,Missed Two Pointer,0,-2,53,D,,,,40,01:00,90,74,
2007,RS,6,61,553,OLY,PJDR,"TEODOSIC, MILOS",3FGA,Missed Three Pointer,0,110,846,G,,,,40,01:00,90,74,
2007,RS,6,62,4,CSK,PAUC,"GOREE, MARCUS",2FGM,Two Pointer,2,0,166,D,,,,1,10:00,0,2,
2007,RS,6,62,5,BAS,PANB,"RAKOCEVIC, IGOR",2FGA,Missed Two Pointer,0,-92,210,D,,,,1,10:00,0,2,
2007,RS,6,62,7,BAS,PCBY,"SPLITTER, TIAGO",2FGA,Missed Two Pointer,0,-97,105,D,,,,1,10:00,0,2,
2007,RS,6,62,12,CSK,PAKT,"ANDERSEN, DAVID",2FGA,Missed Two Pointer,0,-33,182,D,,,,2,09:00,0,2,
2007,RS,6,62,14,CSK,PBEB,"LANGDON, TRAJAN",3FGA,Missed Three Pointer,0,341,605,G,,,,2,09:00,0,2,
2007,RS,6,62,17,BAS,PANB,"RAKOCEVIC, IGOR",3FGM,Three Pointer,3,569,382,A,,,,2,09:00,3,2,
2007,RS,6,62,21,CSK,PAUC,"GOREE, MARCUS",2FGA,Missed Two Pointer,0,-205,200,D,,,,3,08:00,3,2,
2007,RS,6,62,22,BAS,PJWO,"MICKEAL, PETE",2FGM,Two Pointer,2,-169,41,D,,,,3,08:00,5,2,
2007,RS,6,62,23,CSK,PBEB,"LANGDON, TRAJAN",3FGA,Missed Three Pointer,0,-166,664,J,,,,3,08:00,5,2,
2007,RS,6,62,25,CSK,PBEB,"LANGDON, TRAJAN",2FGM,Two Pointer,2,-397,51,E,,,,3,08:00,5,4,
2007,RS,6,62,30,BAS,PAFP,"PLANINIC, ZORAN",3FGA,Missed Three Pointer,0,120,702,G,,,,4,07:00,5,4,
2007,RS,6,62,32,BAS,PAFP,"PLANINIC, ZORAN",3FGAB,Missed Three Pointer,0,-61,641,J,,,,4,07:00,5,4,
2007,RS,6,62,35,CSK,PAKT,"ANDERSEN, DAVID",2FGM,Two Pointer,2,-35,141,D,,,,4,07:00,5,6,
2007,RS,6,62,36,BAS,PCBY,"SPLITTER, TIAGO",2FGA,Missed Two Pointer,0,115,35,C,,,,4,07:00,5,6,
2007,RS,6,62,39,CSK,PAKT,"ANDERSEN, DAVID",3FGM,Three Pointer,3,-41,676,J,,,,5,06:00,5,9,
2007,RS,6,62,41,BAS,PJZJ,"TELETOVIC, MIRZA",3FGA,Missed Three Pointer,0,-220,658,J,,,,5,06:00,5,9,
2007,RS,6,62,43,CSK,PBEB,"LANGDON, TRAJAN",3FGM,Three Pointer,3,-30,669,J,,,,5,06:00,5,12,
2007,RS,6,62,47,BAS,PANB,"RAKOCEVIC, IGOR",2FGM,Two Pointer,2,92,30,C,,,,6,05:00,7,12,
2007,RS,6,62,48,CSK,PAUC,"GOREE, MARCUS",2FGA,Missed Two Pointer,0,-30,133,D,,,,6,05:00,7,12,
2007,RS,6,62,56,CSK,PAQO,"HOLDEN, JON ROBERT",2FGM,Two Pointer,2,497,17,B,,,,6,05:00,7,14,
2007,RS,6,62,58,BAS,P000343,"JOHNSON, LINTON",2FGM,Two Pointer,2,202,500,H,,,,6,05:00,9,14,
2007,RS,6,62,60,CSK,PAQO,"HOLDEN, JON ROBERT",2FGA,Missed Two Pointer,0,-58,71,D,,,,7,04:00,9,14,
2007,RS,6,62,64,CSK,PBEB,"LANGDON, TRAJAN",3FGM,Three Pointer,3,-674,-10,F,,,,7,04:00,9,17,
2007,RS,6,62,67,BAS,PAFP,"PLANINIC, ZORAN",2FGA,Missed Two Pointer,0,115,76,C,,,,8,03:00,9,17,
2007,RS,6,62,69,BAS,P000343,"JOHNSON, LINTON",2FGA,Missed Two Pointer,0,141,12,C,,,,8,03:00,9,17,
2007,RS,6,62,71,CSK,PAQO,"HOLDEN, JON ROBERT",3FGA,Missed Three Pointer,0,430,638,G,,,,8,03:00,9,17,
2007,RS,6,62,73,CSK,PABN,"ZISIS, NIKOLAOS",2FGM,Two Pointer,2,84,15,C,,,,8,03:00,9,19,
2007,RS,6,62,75,BAS,PANB,"RAKOCEVIC, IGOR",3FGA,Missed Three Pointer,0,5,697,G,,,,9,02:00,9,19,
2007,RS,6,62,81,CSK,PBEB,"LANGDON, TRAJAN",2FGA,Missed Two Pointer,0,-58,576,I,,,,9,02:00,9,19,
2007,RS,6,62,84,BAS,PCBY,"SPLITTER, TIAGO",2FGM,Two Pointer,2,53,20,C,,,,9,02:00,11,19,
2007,RS,6,62,87,CSK,PAKT,"ANDERSEN, DAVID",3FGM,Three Pointer,3,220,674,G,,,,10,01:00,11,22,
2007,RS,6,62,92,BAS,PCBY,"SPLITTER, TIAGO",FTM,Free Throw In,1,-1,-1, ,,,,10,01:00,12,22,
2007,RS,6,62,93,BAS,PCBY,"SPLITTER, TIAGO",FTM,Free Throw In,1,-1,-1, ,,,,10,01:00,13,22,
2007,RS,6,62,94,CSK,PLHI,"VORONTSEVICH, ANDREY",3FGM,Three Pointer,3,-269,633,J,,,,10,01:00,13,25,
2007,RS,6,62,96,BAS,PANB,"RAKOCEVIC, IGOR",3FGA,Missed Three Pointer,0,443,510,G,,,,10,01:00,13,25,
2007,RS,6,62,113,CSK,PLHI,"VORONTSEVICH, ANDREY",3FGA,Missed Three Pointer,0,53,702,G,,,,11,10:00,13,25,
2007,RS,6,62,119,BAS,PJTT,"MCDONALD, WILL",2FGA,Missed Two Pointer,0,115,20,C,,,,11,10:00,13,25,
2007,RS,6,62,128,BAS,PCBX,"PRIGIONI, PABLO",3FGM,Three Pointer,3,-430,497,J,,,,12,09:00,16,25,
2007,RS,6,62,129,CSK,PAUC,"GOREE, MARCUS",2FGA,Missed Two Pointer,0,-38,141,D,,,,12,09:00,16,25,
2007,RS,6,62,131,CSK,PBEB,"LANGDON, TRAJAN",2FGM,Two Pointer,2,7,61,C,,,,12,09:00,16,27,
2007,RS,6,62,134,BAS,PJTT,"MCDONALD, WILL",2FGM,Two Pointer,2,69,41,C,,,,12,09:00,18,27,
2007,RS,6,62,135,CSK,PTFF,"ZABELIN, ARTEM",2FGA,Missed Two Pointer,0,105,187,C,,,,12,09:00,18,27,
2007,RS,6,62,137,CSK,PAYU,"PASHUTIN, ZAKHAR",2FGM,Two Pointer,2,-64,38,D,,,,12,09:00,18,29,
2007,RS,6,62,142,BAS,PJTT,"MCDONALD, WILL",FTM,Free Throw In,1,-1,-1, ,,,,13,08:00,19,29,
2007,RS,6,62,155,BAS,PJTT,"MCDONALD, WILL",FTM,Free Throw In,1,-1,-1, ,,,,13,08:00,20,29,
2007,RS,6,62,160,CSK,PBEB,"LANGDON, TRAJAN",3FGM,Three Pointer,3,-256,638,J,,,,14,07:00,20,32,
2007,RS,6,62,164,BAS,PJTT,"MCDONALD, WILL",FTM,Free Throw In,1,-1,-1, ,,,,14,07:00,21,32,
2007,RS,6,62,169,CSK,PAUC,"GOREE, MARCUS",FTM,Free Throw In,1,-1,-1, ,,,,15,06:00,21,33,
2007,RS,6,62,173,BAS,PJTT,"MCDONALD, WILL",FTM,Free Throw In,1,-1,-1, ,,,,15,06:00,22,33,
2007,RS,6,62,174,BAS,PJTT,"MCDONALD, WILL",FTM,Free Throw In,1,-1,-1, ,,,,15,06:00,23,33,
2007,RS,6,62,176,CSK,PTFF,"ZABELIN, ARTEM",2FGM,Two Pointer,2,102,71,C,,,,15,06:00,23,35,
2007,RS,6,62,177,BAS,PAJK,"VIDAL, SERGI",3FGA,Missed Three Pointer,0,-430,561,J,,,,15,06:00,23,35,
2007,RS,6,62,180,CSK,PABN,"ZISIS, NIKOLAOS",3FGA,Missed Three Pointer,0,-233,669,J,,,,16,05:00,23,35,
2007,RS,6,62,192,BAS,PCBX,"PRIGIONI, PABLO",FTM,Free Throw In,1,-1,-1, ,,,,16,05:00,24,35,
2007,RS,6,62,193,BAS,PCBX,"PRIGIONI, PABLO",FTM,Free Throw In,1,-1,-1, ,,,,16,05:00,25,35,
2007,RS,6,62,196,CSK,PAKT,"ANDERSEN, DAVID",FTM,Free Throw In,1,-1,-1, ,,,,16,05:00,25,36,
2007,RS,6,62,197,CSK,PAKT,"ANDERSEN, DAVID",FTM,Free Throw In,1,-1,-1, ,,,,16,05:00,25,37,
2007,RS,6,62,198,BAS,PJZJ,"TELETOVIC, MIRZA",3FGA,Missed Three Pointer,0,571,369,A,,,,16,05:00,25,37,
2007,RS,6,62,204,CSK,PBEB,"LANGDON, TRAJAN",3FGA,Missed Three Pointer,0,-369,561,J,,,,17,04:00,25,37,
2007,RS,6,62,206,CSK,PAKT,"ANDERSEN, DAVID",2FGA,Missed Two Pointer,0,-76,64,D,,,,17,04:00,25,37,
2007,RS,6,62,208,CSK,PJLX,"KURBANOV, NIKITA",2FGM,Two Pointer,2,-15,84,D,,,,17,04:00,25,39,
2007,RS,6,62,217,BAS,PCBX,"PRIGIONI, PABLO",FTM,Free Throw In,1,-1,-1, ,,,,17,04:00,26,39,
2007,RS,6,62,218,BAS,PCBX,"PRIGIONI, PABLO",FTM,Free Throw In,1,-1,-1, ,,,,17,04:00,27,39,
2007,RS,6,62,219,CSK,PABN,"ZISIS, NIKOLAOS",3FGA,Missed Three Pointer,0,428,520,G,,,,17,04:00,27,39,
2007,RS,6,62,224,CSK,PABN,"ZISIS, NIKOLAOS",2FGA,Missed Two Pointer,0,164,164,C,,,,18,03:00,27,39,
2007,RS,6,62,228,BAS,PCBX,"PRIGIONI, PABLO",FTM,Free Throw In,1,-1,-1, ,,,,18,03:00,28,39,
2007,RS,6,62,229,BAS,PCBX,"PRIGIONI, PABLO",FTM,Free Throw In,1,-1,-1, ,,,,18,03:00,29,39,
2007,RS,6,62,232,CSK,PAQO,"HOLDEN, JON ROBERT",3FGA,Missed Three Pointer,0,-405,556,J,,,,18,03:00,29,39,
2007,RS,6,62,239,BAS,PCBY,"SPLITTER, TIAGO",2FGM,Two Pointer,2,79,38,C,,,,19,02:00,31,39,
2007,RS,6,62,242,BAS,PCBY,"SPLITTER, TIAGO",FTM,Free Throw In,1,-1,-1, ,,,,19,02:00,32,39,
2007,RS,6,62,244,CSK,PJEQ,"KASHIROV, ANATOLY",2FGM,Two Pointer,2,7,5,C,,,,19,02:00,32,41,
2007,RS,6,62,249,CSK,PAUC,"GOREE, MARCUS",3FGM,Three Pointer,3,15,669,G,,,,19,02:00,32,44,
2007,RS,6,62,251,BAS,PCBX,"PRIGIONI, PABLO",3FGM,Three Pointer,3,448,515,G,,,,20,01:00,35,44,
2007,RS,6,62,252,CSK,PAQO,"HOLDEN, JON ROBERT",2FGA,Missed Two Pointer,0,102,153,C,,,,20,01:00,35,44,
2007,RS,6,62,254,BAS,PCBY,"SPLITTER, TIAGO",2FGA,Missed Two Pointer,0,312,12,B,,,,20,01:00,35,44,
2007,RS,6,62,256,CSK,PAYU,"PASHUTIN, ZAKHAR",3FGA,Missed Three Pointer,0,-441,582,J,,,,20,01:00,35,44,
2007,RS,6,62,271,CSK,PAKT,"ANDERSEN, DAVID",3FGM,Three Pointer,3,515,453,G,,,,21,10:00,35,47,
2007,RS,6,62,275,BAS,PJWO,"MICKEAL, PETE",2FGA,Missed Two Pointer,0,102,97,C,,,,21,10:00,35,47,
2007,RS,6,62,277,CSK,PAUC,"GOREE, MARCUS",2FGM,Two Pointer,2,84,17,C,,,,21,10:00,35,49,
2007,RS,6,62,279,BAS,PANB,"RAKOCEVIC, IGOR",3FGM,Three Pointer,3,-153,671,J,,,,22,09:00,38,49,
2007,RS,6,62,283,CSK,PAKT,"ANDERSEN, DAVID",2FGM,Two Pointer,2,23,174,C,,,,22,09:00,38,51,
2007,RS,6,62,284,BAS,PAFP,"PLANINIC, ZORAN",2FGA,Missed Two Pointer,0,12,174,C,,,,22,09:00,38,51,
2007,RS,6,62,287,CSK,PBEB,"LANGDON, TRAJAN",3FGM,Three Pointer,3,-435,512,J,,,,22,09:00,38,54,
2007,RS,6,62,289,BAS,PANB,"RAKOCEVIC, IGOR",3FGA,Missed Three Pointer,0,223,725,G,,,,23,08:00,38,54,
2007,RS,6,62,291,CSK,PABN,"ZISIS, NIKOLAOS",2FGM,Two Pointer,2,343,512,H,,,,23,08:00,38,56,
2007,RS,6,62,299,BAS,PANB,"RAKOCEVIC, IGOR",FTM,Free Throw In,1,-1,-1, ,,,,24,07:00,39,56,
2007,RS,6,62,300,BAS,PANB,"RAKOCEVIC, IGOR",FTM,Free Throw In,1,-1,-1, ,,,,24,07:00,40,56,
2007,RS,6,62,305,CSK,PAKT,"ANDERSEN, DAVID",FTM,Free Throw In,1,-1,-1, ,,,,24,07:00,40,57,
2007,RS,6,62,306,CSK,PAKT,"ANDERSEN, DAVID",FTM,Free Throw In,1,-1,-1, ,,,,24,07:00,40,58,
2007,RS,6,62,307,BAS,PJZJ,"TELETOVIC, MIRZA",3FGA,Missed Three Pointer,0,256,651,G,,,,24,07:00,40,58,
2007,RS,6,62,310,BAS,PJWO,"MICKEAL, PETE",3FGA,Missed Three Pointer,0,648,256,A,,,,25,06:00,40,58,
2007,RS,6,62,312,CSK,PAKT,"ANDERSEN, DAVID",2FGM,Two Pointer,2,-51,430,I,,,,25,06:00,40,60,
2007,RS,6,62,314,BAS,PAFP,"PLANINIC, ZORAN",2FGM,Two Pointer,2,92,71,C,,,,25,06:00,42,60,
2007,RS,6,62,316,CSK,PAQO,"HOLDEN, JON ROBERT",3FGA,Missed Three Pointer,0,-415,548,J,,,,26,05:00,42,60,
2007,RS,6,62,319,BAS,PAFP,"PLANINIC, ZORAN",2FGM,Two Pointer,2,-97,51,D,,,,26,05:00,44,60,
2007,RS,6,62,320,CSK,PAUC,"GOREE, MARCUS",2FGAB,Missed Two Pointer,0,-87,51,D,,,,26,05:00,44,60,
2007,RS,6,62,328,BAS,PJWO,"MICKEAL, PETE",2FGA,Missed Two Pointer,0,107,169,C,,,,26,05:00,44,60,
2007,RS,6,62,330,CSK,PAQO,"HOLDEN, JON ROBERT",3FGA,Missed Three Pointer,0,148,643,G,,,,26,05:00,44,60,
2007,RS,6,62,334,BAS,PJZJ,"TELETOVIC, MIRZA",3FGA,Missed Three Pointer,0,71,697,G,,,,26,05:00,44,60,
2007,RS,6,62,337,CSK,PAKT,"ANDERSEN, DAVID",2FGA,Missed Two Pointer,0,43,382,C,,,,26,05:00,44,60,
2007,RS,6,62,339,BAS,PAFP,"PLANINIC, ZORAN",2FGM,Two Pointer,2,-76,48,D,,,,26,05:00,46,60,
2007,RS,6,62,350,CSK,PAQO,"HOLDEN, JON ROBERT",3FGM,Three Pointer,3,-28,669,J,,,,28,03:00,46,63,
2007,RS,6,62,356,BAS,PJTT,"MCDONALD, WILL",2FGM,Two Pointer,2,2,105,D,,,,28,03:00,48,63,
2007,RS,6,62,358,CSK,PAQO,"HOLDEN, JON ROBERT",3FGM,Three Pointer,3,274,597,G,,,,29,02:00,48,66,
2007,RS,6,62,360,BAS,PJZJ,"TELETOVIC, MIRZA",3FGM,Three Pointer,3,476,523,G,,,,29,02:00,51,66,
2007,RS,6,62,362,CSK,PLHI,"VORONTSEVICH, ANDREY",3FGA,Missed Three Pointer,0,646,43,A,,,,30,01:00,51,66,
2007,RS,6,62,364,BAS,PJTT,"MCDONALD, WILL",2FGM,Two Pointer,2,-15,97,D,,,,30,01:00,53,66,
2007,RS,6,62,365,CSK,PBEB,"LANGDON, TRAJAN",3FGA,Missed Three Pointer,0,-417,594,J,,,,30,01:00,53,66,
2007,RS,6,62,367,BAS,PCBX,"PRIGIONI, PABLO",3FGA,Missed Three Pointer,0,417,600,G,,,,30,01:00,53,66,
2007,RS,6,62,377,BAS,PJTT,"MCDONALD, WILL",2FGM,Two Pointer,2,20,374,C,,,,31,10:00,55,66,
2007,RS,6,62,379,CSK,PAKT,"ANDERSEN, DAVID",3FGM,Three Pointer,3,28,671,G,,,,31,10:00,55,69,
2007,RS,6,62,381,BAS,PJZJ,"TELETOVIC, MIRZA",3FGM,Three Pointer,3,-382,592,J,,,,31,10:00,58,69,
2007,RS,6,62,383,CSK,PAUC,"GOREE, MARCUS",2FGM,Two Pointer,2,-20,115,D,,,,32,09:00,58,71,
2007,RS,6,62,386,BAS,PJTT,"MCDONALD, WILL",2FGA,Missed Two Pointer,0,-166,58,D,,,,32,09:00,58,71,
2007,RS,6,62,393,CSK,PABN,"ZISIS, NIKOLAOS",2FGA,Missed Two Pointer,0,-48,171,D,,,,33,08:00,58,71,
2007,RS,6,62,395,BAS,PANB,"RAKOCEVIC, IGOR",3FGA,Missed Three Pointer,0,-79,671,J,,,,33,08:00,58,71,
2007,RS,6,62,396,CSK,PAUC,"GOREE, MARCUS",2FGM,Two Pointer,2,74,0,C,,,,33,08:00,58,73,
2007,RS,6,62,409,CSK,PAKT,"ANDERSEN, DAVID",FTM,Free Throw In,1,-1,-1, ,,,,34,07:00,58,74,
2007,RS,6,62,410,BAS,PANB,"RAKOCEVIC, IGOR",2FGM,Two Pointer,2,315,-7,B,,,,34,07:00,60,74,
2007,RS,6,62,411,CSK,PABN,"ZISIS, NIKOLAOS",2FGA,Missed Two Pointer,0,-384,484,I,,,,34,07:00,60,74,
2007,RS,6,62,413,CSK,PAKT,"ANDERSEN, DAVID",2FGA,Missed Two Pointer,0,-289,17,E,,,,34,07:00,60,74,
2007,RS,6,62,424,BAS,PCBY,"SPLITTER, TIAGO",FTM,Free Throw In,1,-1,-1, ,,,,35,06:00,61,74,
2007,RS,6,62,427,CSK,PBEB,"LANGDON, TRAJAN",3FGM,Three Pointer,3,500,461,G,,,,35,06:00,61,77,
2007,RS,6,62,431,CSK,PBEB,"LANGDON, TRAJAN",3FGM,Three Pointer,3,451,492,G,,,,36,05:00,61,80,
2007,RS,6,62,435,BAS,PCBY,"SPLITTER, TIAGO",2FGM,Two Pointer,2,82,20,C,,,,36,05:00,63,80,
2007,RS,6,62,438,BAS,PJZJ,"TELETOVIC, MIRZA",3FGA,Missed Three Pointer,0,53,700,G,,,,36,05:00,63,80,
2007,RS,6,62,441,CSK,PAYU,"PASHUTIN, ZAKHAR",3FGA,Missed Three Pointer,0,394,525,G,,,,37,04:00,63,80,
2007,RS,6,62,447,BAS,PCBX,"PRIGIONI, PABLO",3FGA,Missed Three Pointer,0,487,471,G,,,,37,04:00,63,80,
2007,RS,6,62,449,CSK,PAQO,"HOLDEN, JON ROBERT",2FGA,Missed Two Pointer,0,-197,374,E,,,,37,04:00,63,80,
2007,RS,6,62,453,BAS,PAFP,"PLANINIC, ZORAN",2FGM,Two Pointer,2,61,461,H,,,,38,03:00,65,80,
2007,RS,6,62,455,CSK,PAKT,"ANDERSEN, DAVID",2FGA,Missed Two Pointer,0,7,497,H,,,,38,03:00,65,80,
2007,RS,6,62,458,BAS,PCBY,"SPLITTER, TIAGO",2FGM,Two Pointer,2,15,292,C,,,,38,03:00,67,80,
2007,RS,6,62,460,CSK,PAUC,"GOREE, MARCUS",2FGAB,Missed Two Pointer,0,33,202,C,,,,39,02:00,67,80,
2007,RS,6,62,464,BAS,PAFP,"PLANINIC, ZORAN",2FGM,Two Pointer,2,94,587,H,,,,39,02:00,69,80,
2007,RS,6,62,468,CSK,PAKT,"ANDERSEN, DAVID",3FGA,Missed Three Pointer,0,-653,156,F,,,,40,01:00,69,80,
2007,RS,6,62,469,BAS,PAFP,"PLANINIC, ZORAN",3FGM,Three Pointer,3,343,607,G,,,,40,01:00,72,80,
2007,RS,6,62,470,CSK,PAQO,"HOLDEN, JON ROBERT",2FGM,Two Pointer,2,-120,171,D,,,,40,01:00,72,82,
2007,RS,6,62,471,BAS,PCBX,"PRIGIONI, PABLO",2FGAB,Missed Two Pointer,0,146,138,C,,,,40,01:00,72,82,
2007,RS,6,62,477,BAS,PCBX,"PRIGIONI, PABLO",FTM,Free Throw In,1,-1,-1, ,,,,40,01:00,73,82,
2007,RS,6,62,478,BAS,PCBX,"PRIGIONI, PABLO",FTM,Free Throw In,1,-1,-1, ,,,,40,01:00,74,82,
2007,RS,6,62,484,CSK,PBEB,"LANGDON, TRAJAN",FTM,Free Throw In,1,-1,-1, ,,,,40,01:00,74,83,
2007,RS,6,62,485,BAS,PAFP,"PLANINIC, ZORAN",2FGM,Two Pointer,2,128,53,C,,,,40,01:00,76,83,
2007,RS,6,62,488,CSK,PABN,"ZISIS, NIKOLAOS",FTM,Free Throw In,1,-1,-1, ,,,,40,01:00,76,84,
2007,RS,6,62,489,CSK,PABN,"ZISIS, NIKOLAOS",FTM,Free Throw In,1,-1,-1, ,,,,40,01:00,76,85,
2007,RS,6,62,490,BAS,PAFP,"PLANINIC, ZORAN",2FGA,Missed Two Pointer,0,-274,43,E,,,,40,01:00,76,85,
2007,RS,6,64,2,SIE,PCQO,"EZE, BENJAMIN",2FGA,Missed Two Pointer,0,358,7,B,,,,1,10:00,0,0,
2007,RS,6,64,5,SOP,PABC,"GUROVIC, MILAN",2FGA,Missed Two Pointer,0,58,28,C,,,,1,10:00,0,0,
2007,RS,6,64,7,SIE,PLMO,"SATO, ROMAIN",3FGA,Missed Three Pointer,0,-405,541,J,,,,1,10:00,0,0,
2007,RS,6,64,9,SOP,PBCM,"HARISSIS, CHRISTOS",2FGA,Missed Two Pointer,0,-210,310,E,,,,2,09:00,0,0,
2007,RS,6,64,11,SOP,PABC,"GUROVIC, MILAN",2FGM,Two Pointer,2,-46,2,D,,,,2,09:00,2,0,
2007,RS,6,64,12,SIE,PJOC,"STONEROOK, SHAUN",3FGM,Three Pointer,3,297,612,G,,,,2,09:00,2,3,
2007,RS,6,64,14,SOP,PACX,"MASIULIS, TOMAS",3FGM,Three Pointer,3,-507,425,F,,,,2,09:00,5,3,
2007,RS,6,64,16,SIE,PBJR,"KAUKENAS, RIMANTAS",2FGA,Missed Two Pointer,0,71,189,C,,,,2,09:00,5,3,
2007,RS,6,64,18,SIE,PBJR,"KAUKENAS, RIMANTAS",2FGM,Two Pointer,2,297,494,H,,,,2,09:00,5,5,
2007,RS,6,64,22,SIE,PLMO,"SATO, ROMAIN",2FGM,Two Pointer,2,-46,64,D,,,,2,09:00,5,7,
2007,RS,6,64,29,SIE,PKWI,"MCINTYRE, TERRELL",2FGA,Missed Two Pointer,0,-564,53,E,,,,4,07:00,5,7,
2007,RS,6,64,31,SOP,PACX,"MASIULIS, TOMAS",2FGM,Two Pointer,2,12,220,C,,,,4,07:00,7,7,
2007,RS,6,64,33,SIE,PLMO,"SATO, ROMAIN",3FGA,Missed Three Pointer,0,-692,-7,F,,,,4,07:00,7,7,
2007,RS,6,64,43,SIE,PKWI,"MCINTYRE, TERRELL",FTM,Free Throw In,1,-1,-1, ,,,,5,06:00,7,8,
2007,RS,6,64,44,SIE,PKWI,"MCINTYRE, TERRELL",FTM,Free Throw In,1,-1,-1, ,,,,5,06:00,7,9,
2007,RS,6,64,45,SIE,PBJR,"KAUKENAS, RIMANTAS",3FGA,Missed Three Pointer,0,-17,700,J,,,,5,06:00,7,9,
2007,RS,6,64,50,SOP,PACY,"SLANINA, DONATAS",2FGM,Two Pointer,2,87,448,H,,,,6,05:00,9,9,
2007,RS,6,64,51,SOP,PACY,"SLANINA, DONATAS",FTM,Free Throw In,1,-1,-1, ,,,,6,05:00,10,9,
2007,RS,6,64,52,SIE,PKWI,"MCINTYRE, TERRELL",2FGA,Missed Two Pointer,0,-17,358,D,,,,6,05:00,10,9,
2007,RS,6,64,54,SIE,PCQO,"EZE, BENJAMIN",2FGM,Two Pointer,2,2,89,D,,,,6,05:00,10,11,
2007,RS,6,64,59,SIE,PBJR,"KAUKENAS, RIMANTAS",3FGA,Missed Three Pointer,0,210,653,G,,,,6,05:00,10,11,
2007,RS,6,64,62,SIE,PLMO,"SATO, ROMAIN",2FGM,Two Pointer,2,-456,123,E,,,,6,05:00,10,13,
2007,RS,6,64,66,SIE,PBJR,"KAUKENAS, RIMANTAS",2FGM,Two Pointer,2,-358,225,E,,,,7,04:00,10,15,
2007,RS,6,64,67,SOP,PACX,"MASIULIS, TOMAS",3FGA,Missed Three Pointer,0,382,564,G,,,,7,04:00,10,15,
2007,RS,6,64,74,SIE,PBJR,"KAUKENAS, RIMANTAS",2FGA,Missed Two Pointer,0,-394,76,E,,,,8,03:00,10,15,
2007,RS,6,64,78,SIE,PKWI,"MCINTYRE, TERRELL",2FGA,Missed Two Pointer,0,-302,289,E,,,,8,03:00,10,15,
2007,RS,6,64,87,SOP,PASG,"VAN DEN SPIEGEL, TOMAS",FTM,Free Throw In,1,-1,-1, ,,,,9,02:00,11,15,
2007,RS,6,64,88,SOP,PASG,"VAN DEN SPIEGEL, TOMAS",FTM,Free Throw In,1,-1,-1, ,,,,9,02:00,12,15,
2007,RS,6,64,89,SIE,PCQO,"EZE, BENJAMIN",2FGA,Missed Two Pointer,0,-12,87,D,,,,9,02:00,12,15,
2007,RS,6,64,90,SOP,P000668,"SHAKUR, MUSTAFA",3FGA,Missed Three Pointer,0,-5,676,J,,,,9,02:00,12,15,
2007,RS,6,64,92,SIE,PKWI,"MCINTYRE, TERRELL",2FGM,Two Pointer,2,-53,25,D,,,,9,02:00,12,17,
2007,RS,6,64,95,SIE,PKWI,"MCINTYRE, TERRELL",FTM,Free Throw In,1,-1,-1, ,,,,9,02:00,12,18,
2007,RS,6,64,98,SIE,PKWI,"MCINTYRE, TERRELL",2FGM,Two Pointer,2,-223,151,D,,,,9,02:00,12,20,
2007,RS,6,64,106,SIE,PCQO,"EZE, BENJAMIN",FTM,Free Throw In,1,-1,-1, ,,,,10,01:00,12,21,
2007,RS,6,64,107,SIE,PCQO,"EZE, BENJAMIN",FTM,Free Throw In,1,-1,-1, ,,,,10,01:00,12,22,
2007,RS,6,64,112,SIE,PJOC,"STONEROOK, SHAUN",3FGA,Missed Three Pointer,0,392,576,G,,,,10,01:00,12,22,
2007,RS,6,64,114,SOP,PABC,"GUROVIC, MILAN",3FGA,Missed Three Pointer,0,279,602,G,,,,10,01:00,12,22,
2007,RS,6,64,122,SOP,PAUL,"STANOJEVIC, JOVO",2FGM,Two Pointer,2,146,87,C,,,,11,10:00,14,22,
2007,RS,6,64,127,SOP,PACY,"SLANINA, DONATAS",2FGA,Missed Two Pointer,0,-107,235,D,,,,11,10:00,14,22,
2007,RS,6,64,129,SIE,PLMK,"CARRARETTO, MARCO",3FGA,Missed Three Pointer,0,676,-38,A,,,,11,10:00,14,22,
2007,RS,6,64,132,SIE,PJOC,"STONEROOK, SHAUN",2FGM,Two Pointer,2,87,38,C,,,,12,09:00,14,24,
2007,RS,6,64,140,SOP,PCLQ,"DYLEWICZ, FILIP",2FGA,Missed Two Pointer,0,-15,589,I,,,,12,09:00,14,24,
2007,RS,6,64,142,SOP,PAUL,"STANOJEVIC, JOVO",2FGM,Two Pointer,2,-56,48,D,,,,12,09:00,16,24,
2007,RS,6,64,143,SIE,PAPS,"ILIEVSKI, VLADO",3FGM,Three Pointer,3,12,666,G,,,,12,09:00,16,27,
2007,RS,6,64,148,SIE,PLMK,"CARRARETTO, MARCO",2FGM,Two Pointer,2,241,330,B,,,,13,08:00,16,29,
2007,RS,6,64,149,SOP,PTFZ,"ROSZYK, KRZYSZTOF",3FGA,Missed Three Pointer,0,405,558,G,,,,13,08:00,16,29,
2007,RS,6,64,151,SIE,PAPS,"ILIEVSKI, VLADO",2FGA,Missed Two Pointer,0,587,-46,B,,,,13,08:00,16,29,
2007,RS,6,64,153,SIE,PBLH,"LAVRINOVIC, KSISTOF",2FGM,Two Pointer,2,51,35,C,,,,13,08:00,16,31,
2007,RS,6,64,157,SOP,P000668,"SHAKUR, MUSTAFA",2FGAB,Missed Two Pointer,0,115,184,C,,,,14,07:00,16,31,
2007,RS,6,64,161,SIE,PCQO,"EZE, BENJAMIN",2FGM,Two Pointer,2,-105,84,D,,,,14,07:00,16,33,
2007,RS,6,64,165,SIE,PCQO,"EZE, BENJAMIN",FTM,Free Throw In,1,-1,-1, ,,,,14,07:00,16,34,
2007,RS,6,64,167,SOP,PAUL,"STANOJEVIC, JOVO",2FGAB,Missed Two Pointer,0,-348,112,E,,,,15,06:00,16,34,
2007,RS,6,64,174,SIE,PBLH,"LAVRINOVIC, KSISTOF",3FGA,Missed Three Pointer,0,-589,351,F,,,,15,06:00,16,34,
2007,RS,6,64,181,SIE,PAPS,"ILIEVSKI, VLADO",2FGA,Missed Two Pointer,0,-164,171,D,,,,15,06:00,16,34,
2007,RS,6,64,183,SOP,PABC,"GUROVIC, MILAN",3FGA,Missed Three Pointer,0,346,605,G,,,,15,06:00,16,34,
2007,RS,6,64,185,SIE,PLMK,"CARRARETTO, MARCO",3FGA,Missed Three Pointer,0,202,664,G,,,,15,06:00,16,34,
2007,RS,6,64,188,SOP,PCLQ,"DYLEWICZ, FILIP",2FGA,Missed Two Pointer,0,-71,71,D,,,,16,05:00,16,34,
2007,RS,6,64,190,SIE,PCCA,"THORNTON, BOOTSY",2FGA,Missed Two Pointer,0,-82,41,D,,,,16,05:00,16,34,
2007,RS,6,64,192,SOP,PTFZ,"ROSZYK, KRZYSZTOF",3FGM,Three Pointer,3,-335,600,J,,,,16,05:00,19,34,
2007,RS,6,64,194,SIE,PCCA,"THORNTON, BOOTSY",3FGM,Three Pointer,3,-556,402,F,,,,17,04:00,19,37,
2007,RS,6,64,204,SOP,PAUL,"STANOJEVIC, JOVO",2FGM,Two Pointer,2,-64,17,D,,,,18,03:00,21,37,
2007,RS,6,64,210,SIE,PBJR,"KAUKENAS, RIMANTAS",2FGAB,Missed Two Pointer,0,105,105,C,,,,18,03:00,21,37,
2007,RS,6,64,218,SIE,PAPS,"ILIEVSKI, VLADO",FTM,Free Throw In,1,-1,-1, ,,,,18,03:00,21,38,
2007,RS,6,64,219,SOP,PTFZ,"ROSZYK, KRZYSZTOF",2FGA,Missed Two Pointer,0,271,248,B,,,,18,03:00,21,38,
2007,RS,6,64,226,SIE,PAPS,"ILIEVSKI, VLADO",FTM,Free Throw In,1,-1,-1, ,,,,19,02:00,21,39,
2007,RS,6,64,229,SOP,PCLQ,"DYLEWICZ, FILIP",2FGAB,Missed Two Pointer,0,138,169,C,,,,19,02:00,21,39,
2007,RS,6,64,232,SIE,PCCA,"THORNTON, BOOTSY",3FGA,Missed Three Pointer,0,-461,517,J,,,,19,02:00,21,39,
2007,RS,6,64,237,SIE,PJHL,"RESS, TOMAS",FTM,Free Throw In,1,-1,-1, ,,,,20,01:00,21,40,
2007,RS,6,64,240,SOP,PAUL,"STANOJEVIC, JOVO",2FGA,Missed Two Pointer,0,56,264,C,,,,20,01:00,21,40,
2007,RS,6,64,242,SIE,PAPS,"ILIEVSKI, VLADO",3FGM,Three Pointer,3,341,653,G,,,,20,01:00,21,43,
2007,RS,6,64,248,SOP,PBCM,"HARISSIS, CHRISTOS",3FGA,Missed Three Pointer,0,17,666,G,,,,20,01:00,21,43,
2007,RS,6,64,264,SIE,PLMO,"SATO, ROMAIN",3FGA,Missed Three Pointer,0,402,548,G,,,,21,10:00,21,43,
2007,RS,6,64,268,SIE,PBJR,"KAUKENAS, RIMANTAS",2FGM,Two Pointer,2,174,15,C,,,,21,10:00,21,45,
2007,RS,6,64,271,SIE,PCQO,"EZE, BENJAMIN",2FGM,Two Pointer,2,64,30,C,,,,21,10:00,21,47,
2007,RS,6,64,272,SOP,PACY,"SLANINA, DONATAS",3FGA,Missed Three Pointer,0,28,705,G,,,,21,10:00,21,47,
2007,RS,6,64,274,SIE,PJOC,"STONEROOK, SHAUN",3FGA,Missed Three Pointer,0,351,607,G,,,,21,10:00,21,47,
2007,RS,6,64,277,SOP,PAUL,"STANOJEVIC, JOVO",2FGA,Missed Two Pointer,0,179,415,C,,,,22,09:00,21,47,
2007,RS,6,64,279,SOP,PACX,"MASIULIS, TOMAS",2FGA,Missed Two Pointer,0,-97,53,D,,,,22,09:00,21,47,
2007,RS,6,64,281,SOP,PBCM,"HARISSIS, CHRISTOS",2FGAB,Missed Two Pointer,0,-220,215,D,,,,22,09:00,21,47,
2007,RS,6,64,285,SOP,PABC,"GUROVIC, MILAN",2FGAB,Missed Two Pointer,0,2,197,D,,,,22,09:00,21,47,
2007,RS,6,64,295,SOP,PAUL,"STANOJEVIC, JOVO",2FGM,Two Pointer,2,41,82,C,,,,23,08:00,23,47,
2007,RS,6,64,297,SIE,PKWI,"MCINTYRE, TERRELL",2FGM,Two Pointer,2,471,343,B,,,,23,08:00,23,49,
2007,RS,6,64,299,SOP,PABC,"GUROVIC, MILAN",2FGA,Missed Two Pointer,0,512,241,B,,,,24,07:00,23,49,
2007,RS,6,64,301,SOP,PBCM,"HARISSIS, CHRISTOS",3FGM,Three Pointer,3,258,638,G,,,,24,07:00,26,49,
2007,RS,6,64,307,SOP,PACX,"MASIULIS, TOMAS",FTM,Free Throw In,1,-1,-1, ,,,,24,07:00,27,49,
2007,RS,6,64,310,SOP,PAUL,"STANOJEVIC, JOVO",2FGAB,Missed Two Pointer,0,-74,48,D,,,,24,07:00,27,49,
2007,RS,6,64,315,SOP,PBCM,"HARISSIS, CHRISTOS",2FGA,Missed Two Pointer,0,-248,384,E,,,,24,07:00,27,49,
2007,RS,6,64,317,SIE,PLMO,"SATO, ROMAIN",2FGM,Two Pointer,2,-171,284,D,,,,24,07:00,27,51,
2007,RS,6,64,320,SOP,PACY,"SLANINA, DONATAS",3FGA,Missed Three Pointer,0,-102,712,J,,,,25,06:00,27,51,
2007,RS,6,64,322,SOP,PAUL,"STANOJEVIC, JOVO",2FGM,Two Pointer,2,-41,141,D,,,,25,06:00,29,51,
2007,RS,6,64,325,SIE,PLMO,"SATO, ROMAIN",2FGM,Two Pointer,2,343,276,B,,,,26,05:00,29,53,
2007,RS,6,64,332,SOP,PACY,"SLANINA, DONATAS",2FGA,Missed Two Pointer,0,-115,320,D,,,,26,05:00,29,53,
2007,RS,6,64,337,SOP,PAUL,"STANOJEVIC, JOVO",FTM,Free Throw In,1,-1,-1, ,,,,26,05:00,30,53,
2007,RS,6,64,344,SOP,PACY,"SLANINA, DONATAS",2FGA,Missed Two Pointer,0,-33,348,D,,,,27,04:00,30,53,
2007,RS,6,64,348,SIE,PBLH,"LAVRINOVIC, KSISTOF",2FGM,Two Pointer,2,7,535,H,,,,27,04:00,30,55,
2007,RS,6,64,349,SOP,PAUL,"STANOJEVIC, JOVO",2FGA,Missed Two Pointer,0,-202,53,D,,,,27,04:00,30,55,
2007,RS,6,64,351,SOP,PAUL,"STANOJEVIC, JOVO",2FGM,Two Pointer,2,-23,79,D,,,,27,04:00,32,55,
2007,RS,6,64,353,SIE,PBLH,"LAVRINOVIC, KSISTOF",2FGM,Two Pointer,2,33,53,C,,,,28,03:00,32,57,
2007,RS,6,64,355,SOP,PABC,"GUROVIC, MILAN",3FGM,Three Pointer,3,-641,176,F,,,,28,03:00,35,57,
2007,RS,6,64,357,SIE,PBJR,"KAUKENAS, RIMANTAS",3FGM,Three Pointer,3,-248,646,J,,,,28,03:00,35,60,
2007,RS,6,64,359,SOP,PAUL,"STANOJEVIC, JOVO",2FGM,Two Pointer,2,82,69,C,,,,29,02:00,37,60,
2007,RS,6,64,361,SIE,PBLH,"LAVRINOVIC, KSISTOF",3FGM,Three Pointer,3,-676,12,F,,,,29,02:00,37,63,
2007,RS,6,64,363,SOP,PACX,"MASIULIS, TOMAS",2FGM,Two Pointer,2,-105,82,D,,,,29,02:00,39,63,
2007,RS,6,64,366,SOP,PACX,"MASIULIS, TOMAS",FTM,Free Throw In,1,-1,-1, ,,,,29,02:00,40,63,
2007,RS,6,64,367,SIE,PKWI,"MCINTYRE, TERRELL",3FGM,Three Pointer,3,25,674,G,,,,29,02:00,40,66,
2007,RS,6,64,369,SOP,P000668,"SHAKUR, MUSTAFA",2FGAB,Missed Two Pointer,0,-100,92,D,,,,30,01:00,40,66,
2007,RS,6,64,373,SOP,P000668,"SHAKUR, MUSTAFA",2FGAB,Missed Two Pointer,0,-94,61,D,,,,30,01:00,40,66,
2007,RS,6,64,377,SOP,PABC,"GUROVIC, MILAN",3FGA,Missed Three Pointer,0,-671,74,F,,,,30,01:00,40,66,
2007,RS,6,64,386,SOP,P000668,"SHAKUR, MUSTAFA",FTM,Free Throw In,1,-1,-1, ,,,,30,01:00,41,66,
2007,RS,6,64,387,SIE,PKWI,"MCINTYRE, TERRELL",3FGA,Missed Three Pointer,0,20,679,G,,,,30,01:00,41,66,
2007,RS,6,64,394,SIE,PJHL,"RESS, TOMAS",3FGA,Missed Three Pointer,0,430,530,G,,,,31,10:00,41,66,
2007,RS,6,64,396,SIE,PBLH,"LAVRINOVIC, KSISTOF",2FGM,Two Pointer,2,-79,79,D,,,,31,10:00,41,68,
2007,RS,6,64,399,SOP,PACX,"MASIULIS, TOMAS",2FGM,Two Pointer,2,-74,82,D,,,,31,10:00,43,68,
2007,RS,6,64,405,SOP,PACX,"MASIULIS, TOMAS",FTM,Free Throw In,1,-1,-1, ,,,,31,10:00,44,68,
2007,RS,6,64,407,SIE,PAPS,"ILIEVSKI, VLADO",2FGA,Missed Two Pointer,0,-138,369,D,,,,32,09:00,44,68,
2007,RS,6,64,409,SOP,PACX,"MASIULIS, TOMAS",2FGM,Two Pointer,2,166,128,C,,,,32,09:00,46,68,
2007,RS,6,64,413,SIE,PCCA,"THORNTON, BOOTSY",FTM,Free Throw In,1,-1,-1, ,,,,32,09:00,46,69,
2007,RS,6,64,416,SOP,P000668,"SHAKUR, MUSTAFA",2FGM,Two Pointer,2,94,61,C,,,,32,09:00,48,69,
2007,RS,6,64,417,SIE,PBJR,"KAUKENAS, RIMANTAS",3FGA,Missed Three Pointer,0,-123,689,J,,,,32,09:00,48,69,
2007,RS,6,64,421,SIE,PAPS,"ILIEVSKI, VLADO",FTM,Free Throw In,1,-1,-1, ,,,,32,09:00,48,70,
2007,RS,6,64,422,SIE,PAPS,"ILIEVSKI, VLADO",FTM,Free Throw In,1,-1,-1, ,,,,32,09:00,48,71,
2007,RS,6,64,427,SOP,PABC,"GUROVIC, MILAN",3FGA,Missed Three Pointer,0,69,676,G,,,,34,07:00,48,71,
2007,RS,6,64,439,SIE,PJOC,"STONEROOK, SHAUN",3FGA,Missed Three Pointer,0,-664,30,F,,,,34,07:00,48,71,
2007,RS,6,64,441,SIE,PBJR,"KAUKENAS, RIMANTAS",2FGM,Two Pointer,2,384,210,B,,,,34,07:00,48,73,
2007,RS,6,64,443,SOP,P000668,"SHAKUR, MUSTAFA",3FGA,Missed Three Pointer,0,-346,605,J,,,,35,06:00,48,73,
2007,RS,6,64,448,SIE,PCQO,"EZE, BENJAMIN",FTM,Free Throw In,1,-1,-1, ,,,,35,06:00,48,74,
2007,RS,6,64,452,SOP,PACX,"MASIULIS, TOMAS",2FGM,Two Pointer,2,71,74,C,,,,36,05:00,50,74,
2007,RS,6,64,454,SIE,PCCA,"THORNTON, BOOTSY",2FGM,Two Pointer,2,335,143,B,,,,36,05:00,50,76,
2007,RS,6,64,459,SIE,PBJR,"KAUKENAS, RIMANTAS",FTM,Free Throw In,1,-1,-1, ,,,,36,05:00,50,77,
2007,RS,6,64,460,SIE,PBJR,"KAUKENAS, RIMANTAS",FTM,Free Throw In,1,-1,-1, ,,,,36,05:00,50,78,
2007,RS,6,64,464,SOP,PTFZ,"ROSZYK, KRZYSZTOF",3FGA,Missed Three Pointer,0,676,30,A,,,,37,04:00,50,78,
2007,RS,6,64,466,SIE,PKWI,"MCINTYRE, TERRELL",2FGA,Missed Two Pointer,0,-333,425,E,,,,37,04:00,50,78,
2007,RS,6,64,468,SOP,P000668,"SHAKUR, MUSTAFA",2FGA,Missed Two Pointer,0,197,141,C,,,,37,04:00,50,78,
2007,RS,6,64,472,SOP,P000668,"SHAKUR, MUSTAFA",3FGM,Three Pointer,3,205,689,G,,,,37,04:00,53,78,
2007,RS,6,64,480,SOP,P000668,"SHAKUR, MUSTAFA",FTM,Free Throw In,1,-1,-1, ,,,,38,03:00,54,78,
2007,RS,6,64,481,SOP,P000668,"SHAKUR, MUSTAFA",FTM,Free Throw In,1,-1,-1, ,,,,38,03:00,55,78,
2007,RS,6,64,485,SOP,PACX,"MASIULIS, TOMAS",2FGA,Missed Two Pointer,0,110,228,C,,,,39,02:00,55,78,
2007,RS,6,64,487,SIE,PAPS,"ILIEVSKI, VLADO",3FGM,Three Pointer,3,-146,664,J,,,,39,02:00,55,81,
2007,RS,6,64,494,SOP,PTFZ,"ROSZYK, KRZYSZTOF",2FGM,Two Pointer,2,-84,35,D,,,,39,02:00,57,81,
2007,RS,6,64,498,SIE,PBLH,"LAVRINOVIC, KSISTOF",2FGM,Two Pointer,2,-87,61,D,,,,40,01:00,57,83,
2007,RS,6,64,503,SIE,PKWI,"MCINTYRE, TERRELL",2FGAB,Missed Two Pointer,0,74,35,C,,,,40,01:00,57,83,
2007,RS,6,64,505,SIE,PJHL,"RESS, TOMAS",3FGA,Missed Three Pointer,0,-269,625,J,,,,40,01:00,57,83,
2007,RS,6,64,509,SIE,PBJR,"KAUKENAS, RIMANTAS",FTM,Free Throw In,1,-1,-1, ,,,,40,01:00,57,84,
2007,RS,6,64,510,SOP,PACY,"SLANINA, DONATAS",2FGM,Two Pointer,2,-110,61,D,,,,40,01:00,59,84,
2007,RS,6,65,2,ARI,PLGM,"TSALDARIS, DIMITRIOS",3FGM,Three Pointer,3,705,64,A,,,,1,10:00,3,0,
2007,RS,6,65,4,IST,PBXD,"PENN, JAMES",2FGM,Two Pointer,2,-69,28,D,,,,1,10:00,3,2,
2007,RS,6,65,5,ARI,PJXV,"CASTLE, TERREL",3FGA,Missed Three Pointer,0,569,456,G,,,,1,10:00,3,2,
2007,RS,6,65,7,IST,PAWN,"GONLUM, KEREM",2FGA,Missed Two Pointer,0,-135,41,D,,,,1,10:00,3,2,
2007,RS,6,65,9,ARI,PTEM,"WRIGHT, BRACEY",2FGA,Missed Two Pointer,0,5,538,H,,,,1,10:00,3,2,
2007,RS,6,65,10,ARI,PLGV,"MASSEY, JEREMIAH",2FGM,Two Pointer,2,76,51,C,,,,1,10:00,5,2,
2007,RS,6,65,12,IST,PKOJ,"GREGORY, KENNY",2FGA,Missed Two Pointer,0,-307,84,E,,,,2,09:00,5,2,
2007,RS,6,65,21,ARI,PLGM,"TSALDARIS, DIMITRIOS",2FGM,Two Pointer,2,-100,51,D,,,,3,08:00,7,2,
2007,RS,6,65,22,IST,PBXD,"PENN, JAMES",3FGA,Missed Three Pointer,0,-125,666,J,,,,3,08:00,7,2,
2007,RS,6,65,24,ARI,PTEM,"WRIGHT, BRACEY",2FGA,Missed Two Pointer,0,371,82,B,,,,3,08:00,7,2,
2007,RS,6,65,30,IST,PKOJ,"GREGORY, KENNY",2FGA,Missed Two Pointer,0,-20,56,D,,,,4,07:00,7,2,
2007,RS,6,65,40,ARI,PLGM,"TSALDARIS, DIMITRIOS",3FGA,Missed Three Pointer,0,607,387,A,,,,4,07:00,7,2,
2007,RS,6,65,42,IST,PKNG,"NICHOLAS, DREW",2FGM,Two Pointer,2,-66,46,D,,,,4,07:00,7,4,
2007,RS,6,65,48,ARI,PLGV,"MASSEY, JEREMIAH",FTM,Free Throw In,1,-1,-1, ,,,,5,06:00,8,4,
2007,RS,6,65,51,IST,PAWN,"GONLUM, KEREM",2FGM,Two Pointer,2,7,43,C,,,,5,06:00,8,6,
2007,RS,6,65,55,ARI,PJIX,"AGADAKOS, LAZAROS",2FGA,Missed Two Pointer,0,-20,76,D,,,,6,05:00,8,6,
2007,RS,6,65,59,IST,PKNG,"NICHOLAS, DREW",2FGA,Missed Two Pointer,0,-7,551,I,,,,6,05:00,8,6,
2007,RS,6,65,61,ARI,PJIX,"AGADAKOS, LAZAROS",3FGA,Missed Three Pointer,0,376,635,G,,,,6,05:00,8,6,
2007,RS,6,65,66,ARI,PLGV,"MASSEY, JEREMIAH",2FGM,Two Pointer,2,48,35,C,,,,6,05:00,10,6,
2007,RS,6,65,69,IST,PKCH,"HUTSON, ANDRE",2FGM,Two Pointer,2,-171,10,D,,,,7,04:00,10,8,
2007,RS,6,65,70,ARI,PTEM,"WRIGHT, BRACEY",2FGA,Missed Two Pointer,0,10,541,H,,,,7,04:00,10,8,
2007,RS,6,65,72,IST,PBKM,"KUQO, ERMAL",2FGM,Two Pointer,2,-202,71,D,,,,7,04:00,10,10,
2007,RS,6,65,74,ARI,PLGM,"TSALDARIS, DIMITRIOS",2FGA,Missed Two Pointer,0,-358,420,E,,,,7,04:00,10,10,
2007,RS,6,65,77,ARI,PTEM,"WRIGHT, BRACEY",3FGM,Three Pointer,3,612,341,A,,,,7,04:00,13,10,
2007,RS,6,65,79,IST,PBKM,"KUQO, ERMAL",2FGM,Two Pointer,2,-79,30,D,,,,8,03:00,13,12,
2007,RS,6,65,86,IST,PBKM,"KUQO, ERMAL",2FGA,Missed Two Pointer,0,-66,17,D,,,,8,03:00,13,12,
2007,RS,6,65,90,ARI,PJXV,"CASTLE, TERREL",3FGA,Missed Three Pointer,0,-669,151,F,,,,9,02:00,13,12,
2007,RS,6,65,92,IST,PKNG,"NICHOLAS, DREW",2FGA,Missed Two Pointer,0,48,64,C,,,,9,02:00,13,12,
2007,RS,6,65,100,ARI,PKRF,"ILIADIS, SAVVAS",2FGA,Missed Two Pointer,0,300,448,H,,,,9,02:00,13,12,
2007,RS,6,65,103,IST,PARN,"ARSLAN, ENDER",3FGM,Three Pointer,3,405,548,G,,,,10,01:00,13,15,
2007,RS,6,65,109,ARI,PJIX,"AGADAKOS, LAZAROS",FTM,Free Throw In,1,-1,-1, ,,,,10,01:00,14,15,
2007,RS,6,65,112,IST,PBKM,"KUQO, ERMAL",2FGM,Two Pointer,2,-92,2,D,,,,10,01:00,14,17,
2007,RS,6,65,113,ARI,PTEM,"WRIGHT, BRACEY",2FGA,Missed Two Pointer,0,374,246,B,,,,10,01:00,14,17,
2007,RS,6,65,118,IST,PBKM,"KUQO, ERMAL",2FGM,Two Pointer,2,-61,53,D,,,,11,10:00,14,19,
2007,RS,6,65,119,ARI,PJIX,"AGADAKOS, LAZAROS",2FGM,Two Pointer,2,82,12,C,,,,11,10:00,16,19,
2007,RS,6,65,120,IST,PARN,"ARSLAN, ENDER",3FGA,Missed Three Pointer,0,684,12,A,,,,11,10:00,16,19,
2007,RS,6,65,126,ARI,PTEO,"TERRY, REYSHAWN",2FGA,Missed Two Pointer,0,33,587,H,,,,12,09:00,16,19,
2007,RS,6,65,131,ARI,PKRF,"ILIADIS, SAVVAS",2FGA,Missed Two Pointer,0,-194,64,D,,,,12,09:00,16,19,
2007,RS,6,65,137,IST,PARN,"ARSLAN, ENDER",3FGA,Missed Three Pointer,0,-48,669,J,,,,13,08:00,16,19,
2007,RS,6,65,144,IST,PBXD,"PENN, JAMES",3FGA,Missed Three Pointer,0,-420,571,J,,,,13,08:00,16,19,
2007,RS,6,65,146,ARI,PTEO,"TERRY, REYSHAWN",2FGA,Missed Two Pointer,0,-271,471,I,,,,13,08:00,16,19,
2007,RS,6,65,149,IST,PBXD,"PENN, JAMES",2FGM,Two Pointer,2,82,41,C,,,,14,07:00,16,21,
2007,RS,6,65,156,ARI,PBAO,"SERAPINAS, SIMONAS",3FGA,Missed Three Pointer,0,697,69,A,,,,14,07:00,16,21,
2007,RS,6,65,161,ARI,PTEO,"TERRY, REYSHAWN",FTM,Free Throw In,1,-1,-1, ,,,,14,07:00,17,21,
2007,RS,6,65,162,IST,PAWN,"GONLUM, KEREM",2FGM,Two Pointer,2,-82,33,D,,,,14,07:00,17,23,
2007,RS,6,65,172,IST,PKNG,"NICHOLAS, DREW",FTM,Free Throw In,1,-1,-1, ,,,,15,06:00,17,24,
2007,RS,6,65,177,ARI,PJXV,"CASTLE, TERREL",2FGA,Missed Two Pointer,0,407,394,B,,,,15,06:00,17,24,
2007,RS,6,65,180,IST,PBXD,"PENN, JAMES",2FGA,Missed Two Pointer,0,-161,74,D,,,,16,05:00,17,24,
2007,RS,6,65,184,ARI,PBDH,"MOTTOLA, HANNO",2FGM,Two Pointer,2,15,87,C,,,,16,05:00,19,24,
2007,RS,6,65,186,IST,PKNG,"NICHOLAS, DREW",2FGA,Missed Two Pointer,0,556,23,B,,,,17,04:00,19,24,
2007,RS,6,65,188,ARI,PLGV,"MASSEY, JEREMIAH",2FGM,Two Pointer,2,-7,53,D,,,,17,04:00,21,24,
2007,RS,6,65,196,ARI,PBDH,"MOTTOLA, HANNO",2FGM,Two Pointer,2,-76,28,D,,,,17,04:00,23,24,
2007,RS,6,65,199,ARI,PBDH,"MOTTOLA, HANNO",3FGA,Missed Three Pointer,0,105,684,G,,,,18,03:00,23,24,
2007,RS,6,65,206,ARI,PBDH,"MOTTOLA, HANNO",2FGM,Two Pointer,2,61,46,C,,,,18,03:00,25,24,
2007,RS,6,65,211,IST,PBKM,"KUQO, ERMAL",2FGA,Missed Two Pointer,0,64,43,C,,,,19,02:00,25,24,
2007,RS,6,65,214,ARI,PJXV,"CASTLE, TERREL",3FGM,Three Pointer,3,464,528,G,,,,19,02:00,28,24,
2007,RS,6,65,222,ARI,PLGV,"MASSEY, JEREMIAH",FTM,Free Throw In,1,-1,-1, ,,,,19,02:00,29,24,
2007,RS,6,65,223,ARI,PLGV,"MASSEY, JEREMIAH",FTM,Free Throw In,1,-1,-1, ,,,,19,02:00,30,24,
2007,RS,6,65,225,IST,PKNG,"NICHOLAS, DREW",2FGA,Missed Two Pointer,0,105,48,C,,,,20,01:00,30,24,
2007,RS,6,65,227,ARI,PLGV,"MASSEY, JEREMIAH",2FGM,Two Pointer,2,92,20,C,,,,20,01:00,32,24,
2007,RS,6,65,238,IST,PBXD,"PENN, JAMES",FTM,Free Throw In,1,-1,-1, ,,,,20,01:00,32,25,
2007,RS,6,65,241,ARI,PBDH,"MOTTOLA, HANNO",3FGA,Missed Three Pointer,0,-664,92,F,,,,20,01:00,32,25,
2007,RS,6,65,256,IST,PKOJ,"GREGORY, KENNY",2FGM,Two Pointer,2,35,53,C,,,,21,10:00,32,27,
2007,RS,6,65,258,ARI,PLGM,"TSALDARIS, DIMITRIOS",2FGAB,Missed Two Pointer,0,2,543,H,,,,21,10:00,32,27,
2007,RS,6,65,264,ARI,PTEM,"WRIGHT, BRACEY",3FGM,Three Pointer,3,23,669,G,,,,22,09:00,35,27,
2007,RS,6,65,268,IST,PKNG,"NICHOLAS, DREW",3FGA,Missed Three Pointer,0,-692,-38,F,,,,22,09:00,35,27,
2007,RS,6,65,270,ARI,PTEM,"WRIGHT, BRACEY",2FGA,Missed Two Pointer,0,-266,261,E,,,,22,09:00,35,27,
2007,RS,6,65,273,IST,PKOJ,"GREGORY, KENNY",3FGA,Missed Three Pointer,0,484,548,G,,,,23,08:00,35,27,
2007,RS,6,65,280,ARI,PJXV,"CASTLE, TERREL",FTM,Free Throw In,1,-1,-1, ,,,,23,08:00,36,27,
2007,RS,6,65,286,ARI,PBDH,"MOTTOLA, HANNO",2FGA,Missed Two Pointer,0,10,53,C,,,,23,08:00,36,27,
2007,RS,6,65,292,IST,PBXD,"PENN, JAMES",2FGAB,Missed Two Pointer,0,87,38,C,,,,24,07:00,36,27,
2007,RS,6,65,296,ARI,PTEM,"WRIGHT, BRACEY",2FGM,Two Pointer,2,558,-15,B,,,,24,07:00,38,27,
2007,RS,6,65,307,ARI,PJIX,"AGADAKOS, LAZAROS",2FGA,Missed Two Pointer,0,-5,451,I,,,,24,07:00,38,27,
2007,RS,6,65,312,IST,PBXD,"PENN, JAMES",2FGA,Missed Two Pointer,0,-51,61,D,,,,25,06:00,38,27,
2007,RS,6,65,314,IST,PTFG,"WOODS, LOREN",2FGM,Two Pointer,2,61,28,C,,,,25,06:00,38,29,
2007,RS,6,65,324,ARI,PLGV,"MASSEY, JEREMIAH",2FGA,Missed Two Pointer,0,69,7,C,,,,26,05:00,38,29,
2007,RS,6,65,329,ARI,PTEM,"WRIGHT, BRACEY",2FGA,Missed Two Pointer,0,305,217,B,,,,26,05:00,38,29,
2007,RS,6,65,331,IST,PAWN,"GONLUM, KEREM",2FGA,Missed Two Pointer,0,94,51,C,,,,26,05:00,38,29,
2007,RS,6,65,333,IST,PTFG,"WOODS, LOREN",2FGM,Two Pointer,2,-105,28,D,,,,26,05:00,38,31,
2007,RS,6,65,339,ARI,PLGM,"TSALDARIS, DIMITRIOS",2FGM,Two Pointer,2,0,307,D,,,,27,04:00,40,31,
2007,RS,6,65,348,ARI,PJXV,"CASTLE, TERREL",FTM,Free Throw In,1,-1,-1, ,,,,27,04:00,41,31,
2007,RS,6,65,349,ARI,PJXV,"CASTLE, TERREL",FTM,Free Throw In,1,-1,-1, ,,,,27,04:00,42,31,
2007,RS,6,65,351,IST,PARN,"ARSLAN, ENDER",3FGA,Missed Three Pointer,0,53,687,G,,,,27,04:00,42,31,
2007,RS,6,65,354,IST,PAWN,"GONLUM, KEREM",2FGM,Two Pointer,2,-69,38,D,,,,28,03:00,42,33,
2007,RS,6,65,360,IST,PARN,"ARSLAN, ENDER",2FGA,Missed Two Pointer,0,-100,48,D,,,,28,03:00,42,33,
2007,RS,6,65,362,IST,PBDQ,"ERDOGAN, SERKAN",3FGA,Missed Three Pointer,0,494,507,G,,,,28,03:00,42,33,
2007,RS,6,65,367,ARI,PTEM,"WRIGHT, BRACEY",FTM,Free Throw In,1,-1,-1, ,,,,28,03:00,43,33,
2007,RS,6,65,368,IST,PKNG,"NICHOLAS, DREW",3FGA,Missed Three Pointer,0,94,738,G,,,,28,03:00,43,33,
2007,RS,6,65,370,ARI,PJXV,"CASTLE, TERREL",3FGA,Missed Three Pointer,0,-589,389,F,,,,28,03:00,43,33,
2007,RS,6,65,375,IST,PARN,"ARSLAN, ENDER",FTM,Free Throw In,1,-1,-1, ,,,,29,02:00,43,34,
2007,RS,6,65,376,IST,PARN,"ARSLAN, ENDER",FTM,Free Throw In,1,-1,-1, ,,,,29,02:00,43,35,
2007,RS,6,65,377,ARI,PTEO,"TERRY, REYSHAWN",2FGM,Two Pointer,2,74,128,C,,,,29,02:00,45,35,
2007,RS,6,65,383,IST,PTFG,"WOODS, LOREN",FTM,Free Throw In,1,-1,-1, ,,,,29,02:00,45,36,
2007,RS,6,65,384,IST,PTFG,"WOODS, LOREN",FTM,Free Throw In,1,-1,-1, ,,,,29,02:00,45,37,
2007,RS,6,65,387,ARI,PLGM,"TSALDARIS, DIMITRIOS",2FGA,Missed Two Pointer,0,-17,471,I,,,,30,01:00,45,37,
2007,RS,6,65,390,IST,PARN,"ARSLAN, ENDER",2FGAB,Missed Two Pointer,0,115,387,C,,,,30,01:00,45,37,
2007,RS,6,65,393,IST,PKNG,"NICHOLAS, DREW",2FGM,Two Pointer,2,-71,41,D,,,,30,01:00,45,39,
2007,RS,6,65,394,ARI,PJXV,"CASTLE, TERREL",3FGA,Missed Three Pointer,0,-20,661,J,,,,30,01:00,45,39,
2007,RS,6,65,395,ARI,PTEO,"TERRY, REYSHAWN",2FGAB,Missed Two Pointer,0,-33,69,D,,,,30,01:00,45,39,
2007,RS,6,65,407,IST,PARN,"ARSLAN, ENDER",3FGA,Missed Three Pointer,0,-433,558,J,,,,31,10:00,45,39,
2007,RS,6,65,409,IST,PAWN,"GONLUM, KEREM",2FGA,Missed Two Pointer,0,105,43,C,,,,31,10:00,45,39,
2007,RS,6,65,411,IST,PKNG,"NICHOLAS, DREW",2FGM,Two Pointer,2,-123,15,D,,,,31,10:00,45,41,
2007,RS,6,65,412,ARI,PAPI,"KALAITZIS, GEORGIOS",2FGA,Missed Two Pointer,0,-12,487,I,,,,31,10:00,45,41,
2007,RS,6,65,417,IST,PBDQ,"ERDOGAN, SERKAN",3FGA,Missed Three Pointer,0,-679,64,F,,,,32,09:00,45,41,
2007,RS,6,65,421,ARI,PTEO,"TERRY, REYSHAWN",2FGM,Two Pointer,2,82,15,C,,,,32,09:00,47,41,
2007,RS,6,65,425,ARI,PTEO,"TERRY, REYSHAWN",FTM,Free Throw In,1,-1,-1, ,,,,32,09:00,48,41,
2007,RS,6,65,429,IST,PAWN,"GONLUM, KEREM",3FGA,Missed Three Pointer,0,694,-53,A,,,,32,09:00,48,41,
2007,RS,6,65,430,ARI,PLGV,"MASSEY, JEREMIAH",2FGA,Missed Two Pointer,0,94,17,C,,,,32,09:00,48,41,
2007,RS,6,65,432,ARI,PTEO,"TERRY, REYSHAWN",2FGA,Missed Two Pointer,0,-123,12,D,,,,32,09:00,48,41,
2007,RS,6,65,438,ARI,PTEM,"WRIGHT, BRACEY",2FGA,Missed Two Pointer,0,261,420,B,,,,33,08:00,48,41,
2007,RS,6,65,440,ARI,PLGV,"MASSEY, JEREMIAH",2FGM,Two Pointer,2,61,15,C,,,,33,08:00,50,41,
2007,RS,6,65,444,IST,PARN,"ARSLAN, ENDER",2FGM,Two Pointer,2,-76,343,D,,,,34,07:00,50,43,
2007,RS,6,65,447,ARI,PTEM,"WRIGHT, BRACEY",2FGAB,Missed Two Pointer,0,84,20,C,,,,34,07:00,50,43,
2007,RS,6,65,449,IST,PKCH,"HUTSON, ANDRE",2FGM,Two Pointer,2,-35,61,D,,,,34,07:00,50,45,
2007,RS,6,65,451,ARI,PTEO,"TERRY, REYSHAWN",2FGM,Two Pointer,2,7,464,H,,,,34,07:00,52,45,
2007,RS,6,65,452,IST,PKNG,"NICHOLAS, DREW",3FGM,Three Pointer,3,-456,497,J,,,,34,07:00,52,48,
2007,RS,6,65,454,ARI,PAPI,"KALAITZIS, GEORGIOS",2FGA,Missed Two Pointer,0,-61,25,D,,,,34,07:00,52,48,
2007,RS,6,65,464,ARI,PTEO,"TERRY, REYSHAWN",2FGA,Missed Two Pointer,0,-33,66,D,,,,36,05:00,52,48,
2007,RS,6,65,468,IST,PKCH,"HUTSON, ANDRE",2FGA,Missed Two Pointer,0,51,69,C,,,,36,05:00,52,48,
2007,RS,6,65,471,ARI,PTEO,"TERRY, REYSHAWN",3FGA,Missed Three Pointer,0,492,482,G,,,,37,04:00,52,48,
2007,RS,6,65,473,IST,PARN,"ARSLAN, ENDER",3FGM,Three Pointer,3,71,694,G,,,,37,04:00,52,51,
2007,RS,6,65,475,ARI,PLGV,"MASSEY, JEREMIAH",3FGA,Missed Three Pointer,0,-543,435,J,,,,37,04:00,52,51,
2007,RS,6,65,478,IST,PKNG,"NICHOLAS, DREW",3FGA,Missed Three Pointer,0,-430,520,J,,,,38,03:00,52,51,
2007,RS,6,65,484,ARI,PTEO,"TERRY, REYSHAWN",FTM,Free Throw In,1,-1,-1, ,,,,38,03:00,53,51,
2007,RS,6,65,485,ARI,PTEO,"TERRY, REYSHAWN",FTM,Free Throw In,1,-1,-1, ,,,,38,03:00,54,51,
2007,RS,6,65,488,IST,PKCH,"HUTSON, ANDRE",2FGA,Missed Two Pointer,0,135,33,C,,,,38,03:00,54,51,
2007,RS,6,65,491,IST,PTFG,"WOODS, LOREN",2FGM,Two Pointer,2,-69,182,D,,,,38,03:00,54,53,
2007,RS,6,65,493,ARI,PTEM,"WRIGHT, BRACEY",2FGM,Two Pointer,2,323,7,B,,,,39,02:00,56,53,
2007,RS,6,65,494,IST,PKCH,"HUTSON, ANDRE",2FGM,Two Pointer,2,-35,58,D,,,,39,02:00,56,55,
2007,RS,6,65,497,ARI,PTEM,"WRIGHT, BRACEY",2FGM,Two Pointer,2,176,17,C,,,,39,02:00,58,55,
2007,RS,6,65,501,ARI,PTEM,"WRIGHT, BRACEY",2FGM,Two Pointer,2,2,443,H,,,,39,02:00,60,55,
2007,RS,6,65,508,IST,PARN,"ARSLAN, ENDER",3FGA,Missed Three Pointer,0,430,553,G,,,,39,02:00,60,55,
2007,RS,6,65,513,IST,PBXD,"PENN, JAMES",2FGA,Missed Two Pointer,0,-53,48,D,,,,40,01:00,60,55,
2007,RS,6,65,525,ARI,PTEM,"WRIGHT, BRACEY",FTM,Free Throw In,1,-1,-1, ,,,,40,01:00,61,55,
2007,RS,6,65,526,ARI,PTEM,"WRIGHT, BRACEY",FTM,Free Throw In,1,-1,-1, ,,,,40,01:00,62,55,
2007,RS,6,65,532,IST,PKCH,"HUTSON, ANDRE",2FGM,Two Pointer,2,-69,30,D,,,,40,01:00,62,57,
2007,RS,6,65,534,IST,PKCH,"HUTSON, ANDRE",FTM,Free Throw In,1,-1,-1, ,,,,40,01:00,62,58,
2007,RS,6,65,535,IST,PKNG,"NICHOLAS, DREW",3FGM,Three Pointer,3,497,530,G,,,,40,01:00,62,61,
2007,RS,6,65,546,ARI,PJXV,"CASTLE, TERREL",FTM,Free Throw In,1,-1,-1, ,,,,40,01:00,63,61,
2007,RS,6,65,547,ARI,PJXV,"CASTLE, TERREL",FTM,Free Throw In,1,-1,-1, ,,,,40,01:00,64,61,
2007,RS,6,65,553,IST,PARN,"ARSLAN, ENDER",FTM,Free Throw In,1,-1,-1, ,,,,40,01:00,64,62,
2007,RS,6,65,562,ARI,PTEM,"WRIGHT, BRACEY",FTM,Free Throw In,1,-1,-1, ,,,,40,01:00,65,62,
2007,RS,6,65,569,IST,PKNG,"NICHOLAS, DREW",FTM,Free Throw In,1,-1,-1, ,,,,40,01:00,65,63,
2007,RS,6,65,570,IST,PKNG,"NICHOLAS, DREW",FTM,Free Throw In,1,-1,-1, ,,,,40,01:00,65,64,
2007,RS,6,65,579,ARI,PTEM,"WRIGHT, BRACEY",FTM,Free Throw In,1,-1,-1, ,,,,40,01:00,66,64,
2007,RS,6,65,580,ARI,PTEM,"WRIGHT, BRACEY",FTM,Free Throw In,1,-1,-1, ,,,,40,01:00,67,64,
2007,RS,6,65,581,IST,PKNG,"NICHOLAS, DREW",3FGA,Missed Three Pointer,0,482,530,G,,,,40,01:00,67,64,
2007,RS,6,66,6,LIE,PJZN,"PETRAVICIUS, MARIJONAS",2FGM,Two Pointer,2,-74,20,D,,,,1,10:00,0,2,
2007,RS,6,66,15,MAL,PAGQ,"WELSCH, JIRI",3FGM,Three Pointer,3,682,0,A,,,,2,09:00,3,2,
2007,RS,6,66,16,LIE,PJZN,"PETRAVICIUS, MARIJONAS",2FGM,Two Pointer,2,-61,7,D,,,,2,09:00,3,4,
2007,RS,6,66,24,LIE,PLOC,"EIDSON, CHUCK",2FGM,Two Pointer,2,-56,0,D,,,,3,08:00,3,6,
2007,RS,6,66,31,MAL,PKML,"SANTIAGO, DANIEL",FTM,Free Throw In,1,-1,-1, ,,,,3,08:00,4,6,
2007,RS,6,66,32,LIE,PLOC,"EIDSON, CHUCK",2FGM,Two Pointer,2,-189,146,D,,,,3,08:00,4,8,
2007,RS,6,66,34,MAL,PKML,"SANTIAGO, DANIEL",2FGM,Two Pointer,2,-2,5,D,,,,3,08:00,6,8,
2007,RS,6,66,36,LIE,PJRD,"NIELSEN, MATT",2FGA,Missed Two Pointer,0,379,466,H,,,,4,07:00,6,8,
2007,RS,6,66,43,MAL,PAAS,"JIMENEZ, CARLOS",FTM,Free Throw In,1,-1,-1, ,,,,5,06:00,7,8,
2007,RS,6,66,47,LIE,PCOH,"PRICE, HOLLIS",3FGM,Three Pointer,3,669,-15,A,,,,5,06:00,7,11,
2007,RS,6,66,53,MAL,PAWS,"RODRIGUEZ, BERNI",3FGA,Missed Three Pointer,0,510,456,G,,,,6,05:00,7,11,
2007,RS,6,66,55,LIE,PBUU,"LUKAUSKIS, MINDAUGAS",2FGA,Missed Two Pointer,0,-605,-25,E,,,,6,05:00,7,11,
2007,RS,6,66,57,LIE,PTFN,"ANISIMOVAS, MICHAILIS",2FGA,Missed Two Pointer,0,-2,202,D,,,,6,05:00,7,11,
2007,RS,6,66,59,LIE,PLOC,"EIDSON, CHUCK",2FGA,Missed Two Pointer,0,-51,7,D,,,,6,05:00,7,11,
2007,RS,6,66,65,LIE,PLOC,"EIDSON, CHUCK",2FGM,Two Pointer,2,-2,5,D,,,,7,04:00,7,13,
2007,RS,6,66,68,MAL,PAAS,"JIMENEZ, CARLOS",FTM,Free Throw In,1,-1,-1, ,,,,7,04:00,8,13,
2007,RS,6,66,69,MAL,PAAS,"JIMENEZ, CARLOS",FTM,Free Throw In,1,-1,-1, ,,,,7,04:00,9,13,
2007,RS,6,66,70,LIE,PTFL,"BAJRAMOVIC, KENAN",2FGM,Two Pointer,2,-248,525,I,,,,7,04:00,9,15,
2007,RS,6,66,75,LIE,PTFN,"ANISIMOVAS, MICHAILIS",2FGA,Missed Two Pointer,0,-187,15,D,,,,8,03:00,9,15,
2007,RS,6,66,78,MAL,PAAS,"JIMENEZ, CARLOS",FTM,Free Throw In,1,-1,-1, ,,,,8,03:00,10,15,
2007,RS,6,66,79,MAL,PAAS,"JIMENEZ, CARLOS",FTM,Free Throw In,1,-1,-1, ,,,,8,03:00,11,15,
2007,RS,6,66,80,LIE,PTFL,"BAJRAMOVIC, KENAN",2FGM,Two Pointer,2,-112,15,D,,,,8,03:00,11,17,
2007,RS,6,66,87,MAL,PAGQ,"WELSCH, JIRI",FTM,Free Throw In,1,-1,-1, ,,,,9,02:00,12,17,
2007,RS,6,66,91,MAL,PAWX,"CABEZAS, CARLOS",2FGM,Two Pointer,2,-53,5,D,,,,9,02:00,14,17,
2007,RS,6,66,95,LIE,PTFL,"BAJRAMOVIC, KENAN",FTM,Free Throw In,1,-1,-1, ,,,,9,02:00,14,18,
2007,RS,6,66,100,MAL,PAWS,"RODRIGUEZ, BERNI",3FGM,Three Pointer,3,-674,38,F,,,,10,01:00,17,18,
2007,RS,6,66,101,LIE,PCOH,"PRICE, HOLLIS",3FGA,Missed Three Pointer,0,-271,615,J,,,,10,01:00,17,18,
2007,RS,6,66,105,MAL,PAWX,"CABEZAS, CARLOS",FTM,Free Throw In,1,-1,-1, ,,,,10,01:00,18,18,
2007,RS,6,66,106,MAL,PAWX,"CABEZAS, CARLOS",FTM,Free Throw In,1,-1,-1, ,,,,10,01:00,19,18,
2007,RS,6,66,111,LIE,PBUU,"LUKAUSKIS, MINDAUGAS",3FGA,Missed Three Pointer,0,-607,1184,J,,,,10,01:00,19,18,
2007,RS,6,66,120,LIE,PLML,"BATISTA, JOAO PAULO",2FGA,Missed Two Pointer,0,10,146,C,,,,11,10:00,19,18,
2007,RS,6,66,122,LIE,PLML,"BATISTA, JOAO PAULO",2FGA,Missed Two Pointer,0,30,46,C,,,,11,10:00,19,18,
2007,RS,6,66,125,MAL,PAWS,"RODRIGUEZ, BERNI",3FGM,Three Pointer,3,548,402,A,,,,11,10:00,22,18,
2007,RS,6,66,128,LIE,PLOC,"EIDSON, CHUCK",FTM,Free Throw In,1,-1,-1, ,,,,11,10:00,22,19,
2007,RS,6,66,129,LIE,PLOC,"EIDSON, CHUCK",FTM,Free Throw In,1,-1,-1, ,,,,11,10:00,22,20,
2007,RS,6,66,132,MAL,PAFJ,"KUS, DAVOR",FTM,Free Throw In,1,-1,-1, ,,,,11,10:00,23,20,
2007,RS,6,66,133,MAL,PAFJ,"KUS, DAVOR",FTM,Free Throw In,1,-1,-1, ,,,,11,10:00,24,20,
2007,RS,6,66,137,LIE,PCOH,"PRICE, HOLLIS",2FGM,Two Pointer,2,407,310,B,,,,12,09:00,24,22,
2007,RS,6,66,139,MAL,PAGQ,"WELSCH, JIRI",2FGM,Two Pointer,2,-546,-12,E,,,,12,09:00,26,22,
2007,RS,6,66,142,MAL,PTGE,"N'DONG, BONIFACE",2FGA,Missed Two Pointer,0,394,-12,B,,,,13,08:00,26,22,
2007,RS,6,66,144,MAL,PBOV,"POPOVIC, BOJAN",2FGA,Missed Two Pointer,0,-56,5,D,,,,13,08:00,26,22,
2007,RS,6,66,152,LIE,PLOC,"EIDSON, CHUCK",FTM,Free Throw In,1,-1,-1, ,,,,13,08:00,26,23,
2007,RS,6,66,154,LIE,PLOC,"EIDSON, CHUCK",FTM,Free Throw In,1,-1,-1, ,,,,13,08:00,26,24,
2007,RS,6,66,155,MAL,PTGE,"N'DONG, BONIFACE",2FGA,Missed Two Pointer,0,192,2,C,,,,13,08:00,26,24,
2007,RS,6,66,163,MAL,PAFJ,"KUS, DAVOR",3FGM,Three Pointer,3,110,689,G,,,,14,07:00,29,24,
2007,RS,6,66,171,LIE,PKNS,"JOMANTAS, ARTURAS",2FGM,Two Pointer,2,-56,-5,D,,,,14,07:00,29,26,
2007,RS,6,66,174,MAL,PKML,"SANTIAGO, DANIEL",2FGM,Two Pointer,2,-5,7,D,,,,15,06:00,31,26,
2007,RS,6,66,179,LIE,PCOH,"PRICE, HOLLIS",FTM,Free Throw In,1,-1,-1, ,,,,15,06:00,31,27,
2007,RS,6,66,180,LIE,PCOH,"PRICE, HOLLIS",FTM,Free Throw In,1,-1,-1, ,,,,15,06:00,31,28,
2007,RS,6,66,181,MAL,PAAS,"JIMENEZ, CARLOS",3FGA,Missed Three Pointer,0,484,461,G,,,,15,06:00,31,28,
2007,RS,6,66,183,MAL,PKML,"SANTIAGO, DANIEL",2FGM,Two Pointer,2,0,0,D,,,,15,06:00,33,28,
2007,RS,6,66,186,LIE,PTFL,"BAJRAMOVIC, KENAN",3FGM,Three Pointer,3,312,620,G,,,,16,05:00,33,31,
2007,RS,6,66,192,LIE,PLOC,"EIDSON, CHUCK",2FGA,Missed Two Pointer,0,-189,141,D,,,,16,05:00,33,31,
2007,RS,6,66,197,MAL,PAWX,"CABEZAS, CARLOS",2FGA,Missed Two Pointer,0,46,153,C,,,,17,04:00,33,31,
2007,RS,6,66,201,MAL,PKML,"SANTIAGO, DANIEL",2FGM,Two Pointer,2,-2,0,D,,,,17,04:00,35,31,
2007,RS,6,66,202,LIE,PCOH,"PRICE, HOLLIS",2FGM,Two Pointer,2,-448,69,E,,,,17,04:00,35,33,
2007,RS,6,66,204,MAL,PAAS,"JIMENEZ, CARLOS",3FGA,Missed Three Pointer,0,-476,497,J,,,,18,03:00,35,33,
2007,RS,6,66,206,LIE,PTFL,"BAJRAMOVIC, KENAN",2FGA,Missed Two Pointer,0,-64,10,D,,,,18,03:00,35,33,
2007,RS,6,66,208,LIE,PLML,"BATISTA, JOAO PAULO",2FGA,Missed Two Pointer,0,-51,2,D,,,,18,03:00,35,33,
2007,RS,6,66,214,MAL,PAFJ,"KUS, DAVOR",3FGA,Missed Three Pointer,0,-661,133,F,,,,18,03:00,35,33,
2007,RS,6,66,223,LIE,PKNS,"JOMANTAS, ARTURAS",FTM,Free Throw In,1,-1,-1, ,,,,19,02:00,35,34,
2007,RS,6,66,224,LIE,PKNS,"JOMANTAS, ARTURAS",FTM,Free Throw In,1,-1,-1, ,,,,19,02:00,35,35,
2007,RS,6,66,231,MAL,PKML,"SANTIAGO, DANIEL",FTM,Free Throw In,1,-1,-1, ,,,,19,02:00,36,35,
2007,RS,6,66,232,MAL,PKML,"SANTIAGO, DANIEL",FTM,Free Throw In,1,-1,-1, ,,,,19,02:00,37,35,
2007,RS,6,66,233,LIE,PKNS,"JOMANTAS, ARTURAS",2FGM,Two Pointer,2,-5,251,D,,,,19,02:00,37,37,
2007,RS,6,66,235,MAL,PAWS,"RODRIGUEZ, BERNI",2FGA,Missed Two Pointer,0,-82,48,D,,,,20,01:00,37,37,
2007,RS,6,66,237,LIE,PTFL,"BAJRAMOVIC, KENAN",2FGA,Missed Two Pointer,0,71,23,C,,,,20,01:00,37,37,
2007,RS,6,66,239,MAL,PAAS,"JIMENEZ, CARLOS",2FGM,Two Pointer,2,-97,10,D,,,,20,01:00,39,37,
2007,RS,6,66,247,MAL,PAAS,"JIMENEZ, CARLOS",FTM,Free Throw In,1,-1,-1, ,,,,20,01:00,40,37,
2007,RS,6,66,248,LIE,P000275,"MITCHELL, DARREL",2FGA,Missed Two Pointer,0,-420,397,E,,,,20,01:00,40,37,
2007,RS,6,66,258,MAL,PKML,"SANTIAGO, DANIEL",2FGA,Missed Two Pointer,0,-94,7,D,,,,21,10:00,40,37,
2007,RS,6,66,268,MAL,PAWS,"RODRIGUEZ, BERNI",2FGM,Two Pointer,2,7,161,C,,,,21,10:00,42,37,
2007,RS,6,66,271,MAL,PAWS,"RODRIGUEZ, BERNI",FTM,Free Throw In,1,-1,-1, ,,,,21,10:00,43,37,
2007,RS,6,66,273,LIE,PLOC,"EIDSON, CHUCK",2FGA,Missed Two Pointer,0,-10,84,D,,,,22,09:00,43,37,
2007,RS,6,66,275,LIE,PLOC,"EIDSON, CHUCK",2FGA,Missed Two Pointer,0,25,43,C,,,,22,09:00,43,37,
2007,RS,6,66,277,LIE,PLOC,"EIDSON, CHUCK",2FGAB,Missed Two Pointer,0,46,38,C,,,,22,09:00,43,37,
2007,RS,6,66,282,LIE,PJRD,"NIELSEN, MATT",2FGM,Two Pointer,2,-69,20,D,,,,22,09:00,43,39,
2007,RS,6,66,283,MAL,PAWS,"RODRIGUEZ, BERNI",2FGA,Missed Two Pointer,0,546,274,B,,,,22,09:00,43,39,
2007,RS,6,66,285,LIE,PLML,"BATISTA, JOAO PAULO",2FGA,Missed Two Pointer,0,-15,394,D,,,,22,09:00,43,39,
2007,RS,6,66,289,LIE,PKNS,"JOMANTAS, ARTURAS",FTM,Free Throw In,1,-1,-1, ,,,,22,09:00,43,40,
2007,RS,6,66,290,LIE,PKNS,"JOMANTAS, ARTURAS",FTM,Free Throw In,1,-1,-1, ,,,,22,09:00,43,41,
2007,RS,6,66,292,MAL,PAAS,"JIMENEZ, CARLOS",2FGA,Missed Two Pointer,0,74,23,C,,,,23,08:00,43,41,
2007,RS,6,66,294,MAL,PAWX,"CABEZAS, CARLOS",2FGA,Missed Two Pointer,0,-61,12,D,,,,23,08:00,43,41,
2007,RS,6,66,296,LIE,PCOH,"PRICE, HOLLIS",2FGA,Missed Two Pointer,0,387,300,B,,,,23,08:00,43,41,
2007,RS,6,66,298,LIE,PLOC,"EIDSON, CHUCK",2FGA,Missed Two Pointer,0,464,274,B,,,,23,08:00,43,41,
2007,RS,6,66,306,LIE,PCOH,"PRICE, HOLLIS",FTM,Free Throw In,1,-1,-1, ,,,,23,08:00,43,42,
2007,RS,6,66,307,LIE,PCOH,"PRICE, HOLLIS",FTM,Free Throw In,1,-1,-1, ,,,,23,08:00,43,43,
2007,RS,6,66,311,MAL,PAGQ,"WELSCH, JIRI",2FGM,Two Pointer,2,-61,17,D,,,,23,08:00,45,43,
2007,RS,6,66,315,MAL,PAWS,"RODRIGUEZ, BERNI",3FGA,Missed Three Pointer,0,543,415,A,,,,24,07:00,45,43,
2007,RS,6,66,322,LIE,PJRD,"NIELSEN, MATT",FTM,Free Throw In,1,-1,-1, ,,,,25,06:00,45,44,
2007,RS,6,66,323,LIE,PJRD,"NIELSEN, MATT",FTM,Free Throw In,1,-1,-1, ,,,,25,06:00,45,45,
2007,RS,6,66,324,MAL,PAGQ,"WELSCH, JIRI",2FGAB,Missed Two Pointer,0,74,5,C,,,,25,06:00,45,45,
2007,RS,6,66,332,LIE,PLOC,"EIDSON, CHUCK",FTM,Free Throw In,1,-1,-1, ,,,,25,06:00,45,46,
2007,RS,6,66,333,MAL,PTGE,"N'DONG, BONIFACE",2FGA,Missed Two Pointer,0,276,169,B,,,,25,06:00,45,46,
2007,RS,6,66,336,LIE,PLOC,"EIDSON, CHUCK",2FGA,Missed Two Pointer,0,-492,92,E,,,,26,05:00,45,46,
2007,RS,6,66,344,LIE,PCOH,"PRICE, HOLLIS",2FGM,Two Pointer,2,-64,12,D,,,,26,05:00,45,48,
2007,RS,6,66,346,MAL,PAGQ,"WELSCH, JIRI",2FGA,Missed Two Pointer,0,328,330,B,,,,27,04:00,45,48,
2007,RS,6,66,351,MAL,PAWX,"CABEZAS, CARLOS",2FGM,Two Pointer,2,69,33,C,,,,27,04:00,47,48,
2007,RS,6,66,359,MAL,PAGQ,"WELSCH, JIRI",2FGA,Missed Two Pointer,0,38,107,C,,,,27,04:00,47,48,
2007,RS,6,66,362,LIE,PCOH,"PRICE, HOLLIS",2FGA,Missed Two Pointer,0,464,35,B,,,,28,03:00,47,48,
2007,RS,6,66,364,MAL,PAFJ,"KUS, DAVOR",3FGA,Missed Three Pointer,0,656,197,A,,,,28,03:00,47,48,
2007,RS,6,66,366,LIE,PCOH,"PRICE, HOLLIS",2FGA,Missed Two Pointer,0,217,484,H,,,,28,03:00,47,48,
2007,RS,6,66,370,MAL,PTGE,"N'DONG, BONIFACE",2FGM,Two Pointer,2,48,66,C,,,,29,02:00,49,48,
2007,RS,6,66,375,MAL,PTGE,"N'DONG, BONIFACE",FTM,Free Throw In,1,-1,-1, ,,,,29,02:00,50,48,
2007,RS,6,66,377,LIE,PBUU,"LUKAUSKIS, MINDAUGAS",3FGM,Three Pointer,3,-489,482,J,,,,29,02:00,50,51,
2007,RS,6,66,378,MAL,PAGQ,"WELSCH, JIRI",2FGM,Two Pointer,2,69,38,C,,,,29,02:00,52,51,
2007,RS,6,66,380,LIE,PCOH,"PRICE, HOLLIS",3FGA,Missed Three Pointer,0,-438,556,J,,,,30,01:00,52,51,
2007,RS,6,66,382,MAL,PAGQ,"WELSCH, JIRI",3FGM,Three Pointer,3,-156,643,J,,,,30,01:00,55,51,
2007,RS,6,66,383,LIE,PJZN,"PETRAVICIUS, MARIJONAS",2FGA,Missed Two Pointer,0,235,441,H,,,,30,01:00,55,51,
2007,RS,6,66,385,MAL,PBOV,"POPOVIC, BOJAN",3FGA,Missed Three Pointer,0,502,469,G,,,,30,01:00,55,51,
2007,RS,6,66,389,LIE,PCOH,"PRICE, HOLLIS",2FGA,Missed Two Pointer,0,82,25,C,,,,31,10:00,55,51,
2007,RS,6,66,400,LIE,PJZN,"PETRAVICIUS, MARIJONAS",2FGAB,Missed Two Pointer,0,0,0,B,,,,31,10:00,55,51,
2007,RS,6,66,393,MAL,PAWS,"RODRIGUEZ, BERNI",2FGA,Missed Two Pointer,0,64,15,C,,,,31,10:00,55,51,
2007,RS,6,66,395,MAL,PTGE,"N'DONG, BONIFACE",2FGM,Two Pointer,2,2,10,D,,,,31,10:00,57,51,
2007,RS,6,66,398,MAL,PAWS,"RODRIGUEZ, BERNI",2FGM,Two Pointer,2,-53,5,D,,,,31,10:00,59,51,
2007,RS,6,66,406,MAL,PTGE,"N'DONG, BONIFACE",2FGA,Missed Two Pointer,0,-12,38,D,,,,32,09:00,59,51,
2007,RS,6,66,410,MAL,PBOV,"POPOVIC, BOJAN",3FGM,Three Pointer,3,-664,-41,F,,,,32,09:00,62,51,
2007,RS,6,66,414,MAL,PAGQ,"WELSCH, JIRI",3FGA,Missed Three Pointer,0,43,687,G,,,,33,08:00,62,51,
2007,RS,6,66,417,LIE,PCOH,"PRICE, HOLLIS",3FGM,Three Pointer,3,658,135,A,,,,33,08:00,62,54,
2007,RS,6,66,425,LIE,PBUU,"LUKAUSKIS, MINDAUGAS",3FGA,Missed Three Pointer,0,620,223,A,,,,34,07:00,62,54,
2007,RS,6,66,427,MAL,PBOV,"POPOVIC, BOJAN",3FGM,Three Pointer,3,346,584,G,,,,34,07:00,65,54,
2007,RS,6,66,429,LIE,PJZN,"PETRAVICIUS, MARIJONAS",2FGM,Two Pointer,2,51,0,C,,,,34,07:00,65,56,
2007,RS,6,66,434,LIE,PLOC,"EIDSON, CHUCK",2FGM,Two Pointer,2,279,412,B,,,,35,06:00,65,58,
2007,RS,6,66,435,MAL,PAGQ,"WELSCH, JIRI",2FGA,Missed Two Pointer,0,-107,482,I,,,,35,06:00,65,58,
2007,RS,6,66,438,LIE,PLOC,"EIDSON, CHUCK",3FGM,Three Pointer,3,-676,12,F,,,,35,06:00,65,61,
2007,RS,6,66,441,MAL,PKML,"SANTIAGO, DANIEL",2FGAB,Missed Two Pointer,0,-12,64,D,,,,36,05:00,65,61,
2007,RS,6,66,445,LIE,PCOH,"PRICE, HOLLIS",2FGA,Missed Two Pointer,0,-366,189,E,,,,36,05:00,65,61,
2007,RS,6,66,451,MAL,PAFJ,"KUS, DAVOR",2FGA,Missed Two Pointer,0,-61,112,D,,,,36,05:00,65,61,
2007,RS,6,66,457,LIE,PJZN,"PETRAVICIUS, MARIJONAS",2FGAB,Missed Two Pointer,0,53,35,C,,,,36,05:00,65,61,
2007,RS,6,66,464,MAL,PAGQ,"WELSCH, JIRI",2FGAB,Missed Two Pointer,0,-61,2,D,,,,37,04:00,65,61,
2007,RS,6,66,468,MAL,PAGQ,"WELSCH, JIRI",FTM,Free Throw In,1,-1,-1, ,,,,37,04:00,66,61,
2007,RS,6,66,472,MAL,PAWX,"CABEZAS, CARLOS",3FGM,Three Pointer,3,-407,546,J,,,,37,04:00,69,61,
2007,RS,6,66,478,LIE,PJRD,"NIELSEN, MATT",2FGM,Two Pointer,2,-2,2,D,,,,38,03:00,69,63,
2007,RS,6,66,481,LIE,PJRD,"NIELSEN, MATT",FTM,Free Throw In,1,-1,-1, ,,,,38,03:00,69,64,
2007,RS,6,66,482,MAL,PAFJ,"KUS, DAVOR",2FGA,Missed Two Pointer,0,0,112,D,,,,38,03:00,69,64,
2007,RS,6,66,488,LIE,PBUU,"LUKAUSKIS, MINDAUGAS",FTM,Free Throw In,1,-1,-1, ,,,,38,03:00,69,65,
2007,RS,6,66,496,LIE,PCOH,"PRICE, HOLLIS",3FGA,Missed Three Pointer,0,-410,543,J,,,,39,02:00,69,65,
2007,RS,6,66,498,MAL,PAAS,"JIMENEZ, CARLOS",3FGA,Missed Three Pointer,0,-312,607,J,,,,39,02:00,69,65,
2007,RS,6,66,504,LIE,PBUU,"LUKAUSKIS, MINDAUGAS",2FGM,Two Pointer,2,-2,2,D,,,,39,02:00,69,67,
2007,RS,6,66,508,MAL,PAGQ,"WELSCH, JIRI",3FGA,Missed Three Pointer,0,625,217,A,,,,40,01:00,69,67,
2007,RS,6,66,510,LIE,PLOC,"EIDSON, CHUCK",2FGM,Two Pointer,2,-20,97,D,,,,40,01:00,69,69,
2007,RS,6,66,512,MAL,PAWX,"CABEZAS, CARLOS",2FGM,Two Pointer,2,84,69,C,,,,40,01:00,71,69,
2007,RS,6,66,516,LIE,PJRD,"NIELSEN, MATT",3FGA,Missed Three Pointer,0,-192,679,J,,,,40,01:00,71,69,
2007,RS,6,67,3,LEM,PKZD,"CLANCY, SAM",2FGA,Missed Two Pointer,0,-261,376,E,,,,1,10:00,0,0,
2007,RS,6,67,5,CIB,PKXF,"AYUSO, LARRY",3FGA,Missed Three Pointer,0,394,543,G,,,,1,10:00,0,0,
2007,RS,6,67,7,CIB,PTFD,"VUKUSIC, VEDRAN",2FGM,Two Pointer,2,-48,25,D,,,,1,10:00,2,0,
2007,RS,6,67,9,LEM,PCOB,"KOFFI, ALAIN",2FGAB,Missed Two Pointer,0,-33,115,D,,,,2,09:00,2,0,
2007,RS,6,67,13,CIB,PTFD,"VUKUSIC, VEDRAN",2FGM,Two Pointer,2,-58,53,D,,,,2,09:00,4,0,
2007,RS,6,67,17,CIB,PKXF,"AYUSO, LARRY",2FGM,Two Pointer,2,-71,51,D,,,,2,09:00,6,0,
2007,RS,6,67,19,LEM,PDID,"LIMONAD, RAVIV",2FGM,Two Pointer,2,341,56,B,,,,2,09:00,6,2,
2007,RS,6,67,24,LEM,PKOH,"BATUM, NICOLAS",2FGA,Missed Two Pointer,0,-15,130,D,,,,3,08:00,6,2,
2007,RS,6,67,26,CIB,PAPL,"MULAOMEROVIC, DAMIR",3FGM,Three Pointer,3,669,-28,A,,,,3,08:00,9,2,
2007,RS,6,67,28,LEM,PKZD,"CLANCY, SAM",2FGM,Two Pointer,2,7,171,C,,,,3,08:00,9,4,
2007,RS,6,67,30,CIB,PAPL,"MULAOMEROVIC, DAMIR",3FGA,Missed Three Pointer,0,7,671,G,,,,4,07:00,9,4,
2007,RS,6,67,32,CIB,PLUI,"HOSKIN, SAM",2FGM,Two Pointer,2,-33,82,D,,,,4,07:00,11,4,
2007,RS,6,67,34,CIB,PKXF,"AYUSO, LARRY",3FGA,Missed Three Pointer,0,-148,676,J,,,,4,07:00,11,4,
2007,RS,6,67,36,LEM,PCHZ,"BOGDANOVIC, LUKA",2FGM,Two Pointer,2,476,297,B,,,,4,07:00,11,6,
2007,RS,6,67,40,LEM,PKZD,"CLANCY, SAM",2FGM,Two Pointer,2,20,302,C,,,,5,06:00,11,8,
2007,RS,6,67,42,CIB,PLUI,"HOSKIN, SAM",2FGA,Missed Two Pointer,0,-428,184,E,,,,5,06:00,11,8,
2007,RS,6,67,44,LEM,PCOB,"KOFFI, ALAIN",2FGM,Two Pointer,2,7,10,C,,,,5,06:00,11,10,
2007,RS,6,67,47,CIB,PLCC,"WARREN, CHRIS",3FGA,Missed Three Pointer,0,-412,510,J,,,,6,05:00,11,10,
2007,RS,6,67,49,LEM,PCHZ,"BOGDANOVIC, LUKA",3FGA,Missed Three Pointer,0,128,671,G,,,,6,05:00,11,10,
2007,RS,6,67,51,CIB,PTFD,"VUKUSIC, VEDRAN",3FGM,Three Pointer,3,343,569,G,,,,6,05:00,14,10,
2007,RS,6,67,53,LEM,PKZD,"CLANCY, SAM",2FGM,Two Pointer,2,15,53,C,,,,6,05:00,14,12,
2007,RS,6,67,58,LEM,PKOH,"BATUM, NICOLAS",2FGM,Two Pointer,2,5,92,C,,,,7,04:00,14,14,
2007,RS,6,67,61,CIB,PLUI,"HOSKIN, SAM",2FGM,Two Pointer,2,56,69,C,,,,7,04:00,16,14,
2007,RS,6,67,64,CIB,PLUI,"HOSKIN, SAM",FTM,Free Throw In,1,-1,-1, ,,,,7,04:00,17,14,
2007,RS,6,67,67,CIB,PKXF,"AYUSO, LARRY",2FGM,Two Pointer,2,23,89,C,,,,8,03:00,19,14,
2007,RS,6,67,68,LEM,PCHZ,"BOGDANOVIC, LUKA",2FGA,Missed Two Pointer,0,2,302,D,,,,8,03:00,19,14,
2007,RS,6,67,75,LEM,PDID,"LIMONAD, RAVIV",2FGM,Two Pointer,2,112,74,C,,,,9,02:00,19,16,
2007,RS,6,67,76,CIB,PLCC,"WARREN, CHRIS",2FGA,Missed Two Pointer,0,30,38,C,,,,9,02:00,19,16,
2007,RS,6,67,78,LEM,PCOB,"KOFFI, ALAIN",2FGM,Two Pointer,2,2,10,D,,,,9,02:00,19,18,
2007,RS,6,67,83,LEM,PKZD,"CLANCY, SAM",2FGM,Two Pointer,2,2,7,D,,,,10,01:00,19,20,
2007,RS,6,67,87,CIB,PLCC,"WARREN, CHRIS",2FGM,Two Pointer,2,-64,56,D,,,,10,01:00,21,20,
2007,RS,6,67,90,LEM,PCOB,"KOFFI, ALAIN",2FGA,Missed Two Pointer,0,58,28,C,,,,10,01:00,21,20,
2007,RS,6,67,93,LEM,PKZD,"CLANCY, SAM",2FGM,Two Pointer,2,-33,23,D,,,,10,01:00,21,22,
2007,RS,6,67,107,CIB,PAPL,"MULAOMEROVIC, DAMIR",FTM,Free Throw In,1,-1,-1, ,,,,11,10:00,22,22,
2007,RS,6,67,108,CIB,PAPL,"MULAOMEROVIC, DAMIR",FTM,Free Throw In,1,-1,-1, ,,,,11,10:00,23,22,
2007,RS,6,67,117,CIB,PJJV,"ROZIC, MARIN",2FGM,Two Pointer,2,-46,58,D,,,,12,09:00,25,22,
2007,RS,6,67,118,LEM,PJMH,"BOGAVAC, NEBOJSA",2FGA,Missed Two Pointer,0,-287,89,E,,,,12,09:00,25,22,
2007,RS,6,67,123,LEM,PKZD,"CLANCY, SAM",2FGA,Missed Two Pointer,0,-115,56,D,,,,12,09:00,25,22,
2007,RS,6,67,125,CIB,PLUI,"HOSKIN, SAM",2FGM,Two Pointer,2,-58,53,D,,,,12,09:00,27,22,
2007,RS,6,67,131,LEM,PKZD,"CLANCY, SAM",2FGM,Two Pointer,2,-61,87,D,,,,12,09:00,27,24,
2007,RS,6,67,133,CIB,PLUI,"HOSKIN, SAM",2FGM,Two Pointer,2,274,382,B,,,,13,08:00,29,24,
2007,RS,6,67,134,LEM,PTFJ,"RICCI, PHIL",2FGM,Two Pointer,2,225,325,B,,,,13,08:00,29,26,
2007,RS,6,67,135,CIB,PLCC,"WARREN, CHRIS",3FGA,Missed Three Pointer,0,515,433,G,,,,13,08:00,29,26,
2007,RS,6,67,139,CIB,PAPL,"MULAOMEROVIC, DAMIR",2FGA,Missed Two Pointer,0,-497,310,E,,,,14,07:00,29,26,
2007,RS,6,67,149,CIB,PLUI,"HOSKIN, SAM",2FGM,Two Pointer,2,-317,176,E,,,,15,06:00,31,26,
2007,RS,6,67,150,LEM,PTFJ,"RICCI, PHIL",2FGA,Missed Two Pointer,0,279,330,B,,,,15,06:00,31,26,
2007,RS,6,67,156,CIB,PJJV,"ROZIC, MARIN",FTM,Free Throw In,1,-1,-1, ,,,,15,06:00,32,26,
2007,RS,6,67,157,CIB,PJJV,"ROZIC, MARIN",FTM,Free Throw In,1,-1,-1, ,,,,15,06:00,33,26,
2007,RS,6,67,158,LEM,PKZD,"CLANCY, SAM",2FGM,Two Pointer,2,0,7,D,,,,15,06:00,33,28,
2007,RS,6,67,160,CIB,PKXF,"AYUSO, LARRY",3FGA,Missed Three Pointer,0,-500,458,J,,,,16,05:00,33,28,
2007,RS,6,67,162,LEM,PTFJ,"RICCI, PHIL",2FGA,Missed Two Pointer,0,51,43,C,,,,16,05:00,33,28,
2007,RS,6,67,171,LEM,PTFJ,"RICCI, PHIL",FTM,Free Throw In,1,-1,-1, ,,,,16,05:00,33,29,
2007,RS,6,67,172,LEM,PTFJ,"RICCI, PHIL",FTM,Free Throw In,1,-1,-1, ,,,,16,05:00,33,30,
2007,RS,6,67,177,LEM,PKZD,"CLANCY, SAM",2FGM,Two Pointer,2,-64,69,D,,,,17,04:00,33,32,
2007,RS,6,67,181,CIB,PLUI,"HOSKIN, SAM",3FGA,Missed Three Pointer,0,482,458,G,,,,17,04:00,33,32,
2007,RS,6,67,185,CIB,PTFE,"KELLEY, TRE",2FGM,Two Pointer,2,-61,25,D,,,,17,04:00,35,32,
2007,RS,6,67,187,LEM,PTFJ,"RICCI, PHIL",2FGA,Missed Two Pointer,0,-17,79,D,,,,18,03:00,35,32,
2007,RS,6,67,189,LEM,PTFJ,"RICCI, PHIL",2FGM,Two Pointer,2,7,41,C,,,,18,03:00,35,34,
2007,RS,6,67,190,CIB,PKXF,"AYUSO, LARRY",2FGM,Two Pointer,2,-41,74,D,,,,18,03:00,37,34,
2007,RS,6,67,195,LEM,PJMH,"BOGAVAC, NEBOJSA",FTM,Free Throw In,1,-1,-1, ,,,,18,03:00,37,35,
2007,RS,6,67,196,LEM,PJMH,"BOGAVAC, NEBOJSA",FTM,Free Throw In,1,-1,-1, ,,,,18,03:00,37,36,
2007,RS,6,67,199,CIB,PKXF,"AYUSO, LARRY",2FGA,Missed Two Pointer,0,410,366,B,,,,19,02:00,37,36,
2007,RS,6,67,201,LEM,PTFJ,"RICCI, PHIL",2FGM,Two Pointer,2,-46,369,D,,,,19,02:00,37,38,
2007,RS,6,67,205,LEM,PCOB,"KOFFI, ALAIN",2FGM,Two Pointer,2,2,5,D,,,,20,01:00,37,40,
2007,RS,6,67,210,CIB,PTFE,"KELLEY, TRE",FTM,Free Throw In,1,-1,-1, ,,,,20,01:00,38,40,
2007,RS,6,67,211,CIB,PTFE,"KELLEY, TRE",FTM,Free Throw In,1,-1,-1, ,,,,20,01:00,39,40,
2007,RS,6,67,214,CIB,PTFE,"KELLEY, TRE",2FGM,Two Pointer,2,-56,58,D,,,,20,01:00,41,40,
2007,RS,6,67,227,LEM,PCOB,"KOFFI, ALAIN",2FGM,Two Pointer,2,15,12,C,,,,21,10:00,41,42,
2007,RS,6,67,229,CIB,PKXF,"AYUSO, LARRY",3FGA,Missed Three Pointer,0,-64,661,J,,,,21,10:00,41,42,
2007,RS,6,67,231,LEM,PCOB,"KOFFI, ALAIN",2FGM,Two Pointer,2,333,153,B,,,,21,10:00,41,44,
2007,RS,6,67,233,CIB,PLCC,"WARREN, CHRIS",2FGM,Two Pointer,2,-348,446,I,,,,22,09:00,43,44,
2007,RS,6,67,234,LEM,PKOH,"BATUM, NICOLAS",3FGM,Three Pointer,3,210,638,G,,,,22,09:00,43,47,
2007,RS,6,67,236,CIB,PJDQ,"ANDRIC, LUKSA",2FGM,Two Pointer,2,0,-2,D,,,,22,09:00,45,47,
2007,RS,6,67,239,LEM,PKOH,"BATUM, NICOLAS",3FGA,Missed Three Pointer,0,471,471,G,,,,23,08:00,45,47,
2007,RS,6,67,241,LEM,PCOB,"KOFFI, ALAIN",2FGM,Two Pointer,2,0,7,D,,,,23,08:00,45,49,
2007,RS,6,67,243,CIB,PLCC,"WARREN, CHRIS",3FGM,Three Pointer,3,-530,405,F,,,,23,08:00,48,49,
2007,RS,6,67,246,LEM,PDID,"LIMONAD, RAVIV",3FGA,Missed Three Pointer,0,520,423,A,,,,24,07:00,48,49,
2007,RS,6,67,248,CIB,PLCC,"WARREN, CHRIS",3FGM,Three Pointer,3,-597,282,F,,,,24,07:00,51,49,
2007,RS,6,67,254,LEM,PKZD,"CLANCY, SAM",2FGA,Missed Two Pointer,0,-33,151,D,,,,24,07:00,51,49,
2007,RS,6,67,256,CIB,PTFE,"KELLEY, TRE",2FGA,Missed Two Pointer,0,-87,28,D,,,,24,07:00,51,49,
2007,RS,6,67,262,CIB,PLCC,"WARREN, CHRIS",3FGM,Three Pointer,3,-320,589,J,,,,24,07:00,54,49,
2007,RS,6,67,265,LEM,PKZD,"CLANCY, SAM",2FGA,Missed Two Pointer,0,-94,82,D,,,,25,06:00,54,49,
2007,RS,6,67,269,CIB,PJJV,"ROZIC, MARIN",3FGA,Missed Three Pointer,0,648,105,A,,,,25,06:00,54,49,
2007,RS,6,67,273,CIB,PJDQ,"ANDRIC, LUKSA",FTM,Free Throw In,1,-1,-1, ,,,,25,06:00,55,49,
2007,RS,6,67,279,LEM,PDID,"LIMONAD, RAVIV",3FGM,Three Pointer,3,25,682,G,,,,26,05:00,55,52,
2007,RS,6,67,281,CIB,PJJV,"ROZIC, MARIN",2FGA,Missed Two Pointer,0,264,7,C,,,,26,05:00,55,52,
2007,RS,6,67,283,LEM,PKOH,"BATUM, NICOLAS",2FGA,Missed Two Pointer,0,-87,61,D,,,,26,05:00,55,52,
2007,RS,6,67,287,CIB,PLCC,"WARREN, CHRIS",3FGA,Missed Three Pointer,0,461,512,G,,,,26,05:00,55,52,
2007,RS,6,67,291,CIB,PJDQ,"ANDRIC, LUKSA",2FGM,Two Pointer,2,79,51,C,,,,27,04:00,57,52,
2007,RS,6,67,292,LEM,PJMH,"BOGAVAC, NEBOJSA",3FGA,Missed Three Pointer,0,625,264,A,,,,27,04:00,57,52,
2007,RS,6,67,295,CIB,PTFE,"KELLEY, TRE",2FGM,Two Pointer,2,-51,10,D,,,,28,03:00,59,52,
2007,RS,6,67,296,LEM,PKZD,"CLANCY, SAM",2FGM,Two Pointer,2,-30,35,D,,,,28,03:00,59,54,
2007,RS,6,67,302,CIB,PKXF,"AYUSO, LARRY",FTM,Free Throw In,1,-1,-1, ,,,,28,03:00,60,54,
2007,RS,6,67,303,CIB,PKXF,"AYUSO, LARRY",FTM,Free Throw In,1,-1,-1, ,,,,28,03:00,61,54,
2007,RS,6,67,304,LEM,PKZD,"CLANCY, SAM",2FGA,Missed Two Pointer,0,35,69,C,,,,28,03:00,61,54,
2007,RS,6,67,307,CIB,PLCC,"WARREN, CHRIS",2FGM,Two Pointer,2,535,125,B,,,,29,02:00,63,54,
2007,RS,6,67,308,LEM,PCOC,"BOKOLO, YANNICK",2FGA,Missed Two Pointer,0,102,38,C,,,,29,02:00,63,54,
2007,RS,6,67,312,CIB,PTFE,"KELLEY, TRE",FTM,Free Throw In,1,-1,-1, ,,,,29,02:00,64,54,
2007,RS,6,67,313,CIB,PTFE,"KELLEY, TRE",FTM,Free Throw In,1,-1,-1, ,,,,29,02:00,65,54,
2007,RS,6,67,318,LEM,PKZD,"CLANCY, SAM",2FGM,Two Pointer,2,33,61,C,,,,29,02:00,65,56,
2007,RS,6,67,320,CIB,PJJV,"ROZIC, MARIN",2FGM,Two Pointer,2,-74,28,D,,,,30,01:00,67,56,
2007,RS,6,67,321,LEM,PTFJ,"RICCI, PHIL",2FGM,Two Pointer,2,-53,46,D,,,,30,01:00,67,58,
2007,RS,6,67,322,CIB,PTFE,"KELLEY, TRE",2FGA,Missed Two Pointer,0,-87,38,D,,,,30,01:00,67,58,
2007,RS,6,67,324,LEM,PTFJ,"RICCI, PHIL",3FGA,Missed Three Pointer,0,169,920,G,,,,30,01:00,67,58,
2007,RS,6,67,330,CIB,PTFE,"KELLEY, TRE",FTM,Free Throw In,1,-1,-1, ,,,,32,09:00,68,58,
2007,RS,6,67,331,CIB,PTFE,"KELLEY, TRE",FTM,Free Throw In,1,-1,-1, ,,,,32,09:00,69,58,
2007,RS,6,67,334,LEM,PKOH,"BATUM, NICOLAS",FTM,Free Throw In,1,-1,-1, ,,,,32,09:00,69,59,
2007,RS,6,67,337,CIB,PLCC,"WARREN, CHRIS",3FGA,Missed Three Pointer,0,-602,328,F,,,,32,09:00,69,59,
2007,RS,6,67,339,CIB,PJJV,"ROZIC, MARIN",3FGM,Three Pointer,3,489,471,G,,,,32,09:00,72,59,
2007,RS,6,67,342,CIB,PLCC,"WARREN, CHRIS",2FGM,Two Pointer,2,-92,35,D,,,,32,09:00,74,59,
2007,RS,6,67,349,LEM,PKOH,"BATUM, NICOLAS",2FGA,Missed Two Pointer,0,-207,474,I,,,,33,08:00,74,59,
2007,RS,6,67,356,CIB,PKXF,"AYUSO, LARRY",3FGM,Three Pointer,3,-376,561,J,,,,33,08:00,77,59,
2007,RS,6,67,359,LEM,PCHZ,"BOGDANOVIC, LUKA",2FGA,Missed Two Pointer,0,-43,61,D,,,,34,07:00,77,59,
2007,RS,6,67,361,CIB,PLCC,"WARREN, CHRIS",2FGM,Two Pointer,2,-64,30,D,,,,34,07:00,79,59,
2007,RS,6,67,366,LEM,PCOC,"BOKOLO, YANNICK",2FGA,Missed Two Pointer,0,105,23,C,,,,34,07:00,79,59,
2007,RS,6,67,370,LEM,PTFJ,"RICCI, PHIL",2FGM,Two Pointer,2,5,15,C,,,,34,07:00,79,61,
2007,RS,6,67,372,CIB,PKXF,"AYUSO, LARRY",3FGA,Missed Three Pointer,0,-261,620,J,,,,35,06:00,79,61,
2007,RS,6,67,375,LEM,PTFJ,"RICCI, PHIL",2FGA,Missed Two Pointer,0,66,38,C,,,,35,06:00,79,61,
2007,RS,6,67,383,LEM,PCOC,"BOKOLO, YANNICK",3FGM,Three Pointer,3,-600,248,F,,,,36,05:00,79,64,
2007,RS,6,67,390,CIB,PKXF,"AYUSO, LARRY",3FGA,Missed Three Pointer,0,-692,-30,F,,,,36,05:00,79,64,
2007,RS,6,67,392,LEM,PTFJ,"RICCI, PHIL",2FGM,Two Pointer,2,-102,53,D,,,,36,05:00,79,66,
2007,RS,6,67,394,CIB,PTFE,"KELLEY, TRE",3FGM,Three Pointer,3,571,369,A,,,,37,04:00,82,66,
2007,RS,6,67,400,CIB,PJDQ,"ANDRIC, LUKSA",3FGM,Three Pointer,3,-30,874,J,,,,38,03:00,85,66,
2007,RS,6,67,401,LEM,PDID,"LIMONAD, RAVIV",3FGA,Missed Three Pointer,0,79,664,G,,,,38,03:00,85,66,
2007,RS,6,67,405,CIB,PLCC,"WARREN, CHRIS",FTM,Free Throw In,1,-1,-1, ,,,,38,03:00,86,66,
2007,RS,6,67,408,CIB,PKXF,"AYUSO, LARRY",3FGM,Three Pointer,3,617,258,A,,,,38,03:00,89,66,
2007,RS,6,67,410,LEM,PCHZ,"BOGDANOVIC, LUKA",3FGA,Missed Three Pointer,0,-248,633,J,,,,39,02:00,89,66,
2007,RS,6,67,412,CIB,PLCC,"WARREN, CHRIS",3FGA,Missed Three Pointer,0,625,202,A,,,,39,02:00,89,66,
2007,RS,6,67,414,LEM,PTFJ,"RICCI, PHIL",2FGM,Two Pointer,2,-66,30,D,,,,39,02:00,89,68,
2007,RS,6,67,417,CIB,PLCC,"WARREN, CHRIS",2FGA,Missed Two Pointer,0,0,7,D,,,,39,02:00,89,68,
2007,RS,6,67,422,LEM,PTFJ,"RICCI, PHIL",3FGA,Missed Three Pointer,0,-633,187,F,,,,40,01:00,89,68,
2007,RS,6,67,424,CIB,PJJV,"ROZIC, MARIN",3FGA,Missed Three Pointer,0,241,633,G,,,,40,01:00,89,68,
2007,RS,6,67,426,LEM,PLGQ,"LELOUP, JEREMY",3FGA,Missed Three Pointer,0,671,105,A,,,,40,01:00,89,68,
2007,RS,6,67,428,CIB,PLEE,"KRUSLIN, FILIP",2FGM,Two Pointer,2,92,12,C,,,,40,01:00,91,68,
2007,RS,6,67,429,LEM,PDID,"LIMONAD, RAVIV",3FGM,Three Pointer,3,-510,430,J,,,,40,01:00,91,71,
2007,RS,6,68,10,MIL,PAVD,"BOOKER, MELVIN",3FGA,Missed Three Pointer,0,-671,10,F,,,,1,10:00,0,0,
2007,RS,6,68,12,TEL,PCQD,"CUMMINGS, VONTEEGO",2FGM,Two Pointer,2,69,51,C,,,,1,10:00,0,2,
2007,RS,6,68,13,MIL,PLGS,"SESAY, ANSU",2FGM,Two Pointer,2,-43,-2,D,,,,1,10:00,2,2,
2007,RS,6,68,15,TEL,PCQD,"CUMMINGS, VONTEEGO",3FGM,Three Pointer,3,676,-23,A,,,,1,10:00,2,5,
2007,RS,6,68,24,TEL,PCQD,"CUMMINGS, VONTEEGO",2FGM,Two Pointer,2,-74,579,I,,,,2,09:00,2,7,
2007,RS,6,68,26,TEL,PTFS,"FIZER, MARCUS",2FGA,Missed Two Pointer,0,-56,76,D,,,,3,08:00,2,7,
2007,RS,6,68,28,MIL,PLGS,"SESAY, ANSU",3FGM,Three Pointer,3,-179,658,J,,,,3,08:00,5,7,
2007,RS,6,68,30,TEL,PTFS,"FIZER, MARCUS",2FGA,Missed Two Pointer,0,-438,15,E,,,,3,08:00,5,7,
2007,RS,6,68,34,TEL,PBES,"BLUTHENTHAL, DAVID",2FGM,Two Pointer,2,-461,10,E,,,,3,08:00,5,9,
2007,RS,6,68,36,MIL,PAUT,"VUKCEVIC, DUSAN",3FGA,Missed Three Pointer,0,-625,253,F,,,,4,07:00,5,9,
2007,RS,6,68,38,TEL,PLGD,"ELIYAHU, LIOR",2FGA,Missed Two Pointer,0,-94,66,D,,,,4,07:00,5,9,
2007,RS,6,68,53,MIL,PAVD,"BOOKER, MELVIN",3FGA,Missed Three Pointer,0,369,579,G,,,,5,06:00,5,9,
2007,RS,6,68,55,MIL,PAUT,"VUKCEVIC, DUSAN",3FGM,Three Pointer,3,-548,423,F,,,,5,06:00,8,9,
2007,RS,6,68,56,TEL,PTFS,"FIZER, MARCUS",3FGM,Three Pointer,3,-489,466,J,,,,5,06:00,8,12,
2007,RS,6,68,58,MIL,PAUT,"VUKCEVIC, DUSAN",2FGA,Missed Two Pointer,0,-333,189,E,,,,6,05:00,8,12,
2007,RS,6,68,60,TEL,PBES,"BLUTHENTHAL, DAVID",3FGM,Three Pointer,3,-564,489,J,,,,6,05:00,8,15,
2007,RS,6,68,65,MIL,PKNZ,"WATSON, TRAVIS",FTM,Free Throw In,1,-1,-1, ,,,,6,05:00,9,15,
2007,RS,6,68,67,MIL,PKNZ,"WATSON, TRAVIS",FTM,Free Throw In,1,-1,-1, ,,,,6,05:00,10,15,
2007,RS,6,68,68,TEL,PLGD,"ELIYAHU, LIOR",2FGA,Missed Two Pointer,0,-23,123,D,,,,6,05:00,10,15,
2007,RS,6,68,72,MIL,PAUT,"VUKCEVIC, DUSAN",FTM,Free Throw In,1,-1,-1, ,,,,6,05:00,11,15,
2007,RS,6,68,73,MIL,PAUT,"VUKCEVIC, DUSAN",FTM,Free Throw In,1,-1,-1, ,,,,6,05:00,12,15,
2007,RS,6,68,79,TEL,PLTS,"MORRIS, TERENCE",3FGA,Missed Three Pointer,0,10,702,G,,,,7,04:00,12,15,
2007,RS,6,68,81,MIL,PLGS,"SESAY, ANSU",3FGA,Missed Three Pointer,0,-92,671,J,,,,7,04:00,12,15,
2007,RS,6,68,83,TEL,PAOZ,"HALPERIN, YOTAM",2FGM,Two Pointer,2,-471,2,E,,,,7,04:00,12,17,
2007,RS,6,68,85,MIL,PKRD,"GALLINARI, DANILO",2FGM,Two Pointer,2,-74,10,D,,,,8,03:00,14,17,
2007,RS,6,68,92,MIL,PKRD,"GALLINARI, DANILO",FTM,Free Throw In,1,-1,-1, ,,,,8,03:00,15,17,
2007,RS,6,68,93,TEL,PTFS,"FIZER, MARCUS",2FGA,Missed Two Pointer,0,-48,197,D,,,,8,03:00,15,17,
2007,RS,6,68,95,MIL,PAUT,"VUKCEVIC, DUSAN",3FGM,Three Pointer,3,405,556,G,,,,8,03:00,18,17,
2007,RS,6,68,97,TEL,PTFS,"FIZER, MARCUS",2FGA,Missed Two Pointer,0,-135,33,D,,,,9,02:00,18,17,
2007,RS,6,68,99,TEL,PLTS,"MORRIS, TERENCE",2FGA,Missed Two Pointer,0,-20,84,D,,,,9,02:00,18,17,
2007,RS,6,68,101,TEL,PLTS,"MORRIS, TERENCE",2FGM,Two Pointer,2,58,33,C,,,,9,02:00,18,19,
2007,RS,6,68,107,MIL,PKRD,"GALLINARI, DANILO",FTM,Free Throw In,1,-1,-1, ,,,,9,02:00,19,19,
2007,RS,6,68,108,MIL,PKRD,"GALLINARI, DANILO",FTM,Free Throw In,1,-1,-1, ,,,,9,02:00,20,19,
2007,RS,6,68,109,MIL,PKRD,"GALLINARI, DANILO",FTM,Free Throw In,1,-1,-1, ,,,,9,02:00,21,19,
2007,RS,6,68,111,MIL,PAUT,"VUKCEVIC, DUSAN",2FGA,Missed Two Pointer,0,-92,46,D,,,,9,02:00,21,19,
2007,RS,6,68,113,MIL,PCUG,"SHAW, CASEY",2FGM,Two Pointer,2,-41,23,D,,,,9,02:00,23,19,
2007,RS,6,68,115,TEL,PAOZ,"HALPERIN, YOTAM",2FGM,Two Pointer,2,-76,17,D,,,,10,01:00,23,21,
2007,RS,6,68,118,TEL,P000615,"GARCIA, ALEX",2FGM,Two Pointer,2,-2,89,D,,,,10,01:00,23,23,
2007,RS,6,68,123,MIL,PAUT,"VUKCEVIC, DUSAN",FTM,Free Throw In,1,-1,-1, ,,,,10,01:00,24,23,
2007,RS,6,68,124,MIL,PAUT,"VUKCEVIC, DUSAN",FTM,Free Throw In,1,-1,-1, ,,,,10,01:00,25,23,
2007,RS,6,68,130,TEL,PAOU,"SHARP, DERRICK",3FGA,Missed Three Pointer,0,671,-28,A,,,,11,10:00,25,23,
2007,RS,6,68,136,TEL,P000615,"GARCIA, ALEX",3FGA,Missed Three Pointer,0,-584,389,F,,,,11,10:00,25,23,
2007,RS,6,68,139,MIL,PTEQ,"ARADORI, PIETRO",2FGM,Two Pointer,2,-89,43,D,,,,11,10:00,27,23,
2007,RS,6,68,141,TEL,PAOZ,"HALPERIN, YOTAM",2FGA,Missed Two Pointer,0,-35,128,D,,,,12,09:00,27,23,
2007,RS,6,68,143,TEL,PLTS,"MORRIS, TERENCE",2FGM,Two Pointer,2,-66,30,D,,,,12,09:00,27,25,
2007,RS,6,68,144,MIL,PLGS,"SESAY, ANSU",2FGA,Missed Two Pointer,0,146,30,C,,,,12,09:00,27,25,
2007,RS,6,68,159,MIL,PCUG,"SHAW, CASEY",2FGA,Missed Two Pointer,0,66,28,C,,,,13,08:00,27,25,
2007,RS,6,68,167,MIL,PLGS,"SESAY, ANSU",2FGA,Missed Two Pointer,0,-292,146,E,,,,13,08:00,27,25,
2007,RS,6,68,175,TEL,PDHD,"BATISTA, ESTEBAN",2FGM,Two Pointer,2,76,12,C,,,,13,08:00,27,27,
2007,RS,6,68,177,MIL,P000664,"KATELYNAS, MINDAUGAS",3FGA,Missed Three Pointer,0,205,646,G,,,,14,07:00,27,27,
2007,RS,6,68,184,TEL,PAOZ,"HALPERIN, YOTAM",3FGM,Three Pointer,3,-623,289,F,,,,14,07:00,27,30,
2007,RS,6,68,186,MIL,PAVD,"BOOKER, MELVIN",3FGA,Missed Three Pointer,0,638,223,A,,,,15,06:00,27,30,
2007,RS,6,68,190,TEL,P000615,"GARCIA, ALEX",3FGA,Missed Three Pointer,0,-410,571,J,,,,15,06:00,27,30,
2007,RS,6,68,192,TEL,PDHD,"BATISTA, ESTEBAN",2FGM,Two Pointer,2,74,23,C,,,,15,06:00,27,32,
2007,RS,6,68,198,TEL,PDHD,"BATISTA, ESTEBAN",FTM,Free Throw In,1,-1,-1, ,,,,15,06:00,27,33,
2007,RS,6,68,199,MIL,PAUT,"VUKCEVIC, DUSAN",3FGM,Three Pointer,3,-535,435,J,,,,15,06:00,30,33,
2007,RS,6,68,201,TEL,PAOZ,"HALPERIN, YOTAM",3FGM,Three Pointer,3,-535,400,F,,,,15,06:00,30,36,
2007,RS,6,68,204,MIL,PKNZ,"WATSON, TRAVIS",2FGM,Two Pointer,2,56,48,C,,,,16,05:00,32,36,
2007,RS,6,68,206,TEL,PLFR,"BYNUM, WILL",3FGA,Missed Three Pointer,0,-464,558,J,,,,16,05:00,32,36,
2007,RS,6,68,214,MIL,PKRD,"GALLINARI, DANILO",2FGM,Two Pointer,2,-30,69,D,,,,16,05:00,34,36,
2007,RS,6,68,219,TEL,PDHD,"BATISTA, ESTEBAN",FTM,Free Throw In,1,-1,-1, ,,,,17,04:00,34,37,
2007,RS,6,68,224,MIL,PKNZ,"WATSON, TRAVIS",FTM,Free Throw In,1,-1,-1, ,,,,17,04:00,35,37,
2007,RS,6,68,227,MIL,PKNZ,"WATSON, TRAVIS",2FGM,Two Pointer,2,2,2,D,,,,17,04:00,37,37,
2007,RS,6,68,229,TEL,PJFO,"CASSPI, OMRI",2FGM,Two Pointer,2,58,25,C,,,,17,04:00,37,39,
2007,RS,6,68,233,TEL,PDHD,"BATISTA, ESTEBAN",2FGM,Two Pointer,2,53,30,C,,,,18,03:00,37,41,
2007,RS,6,68,235,MIL,P000664,"KATELYNAS, MINDAUGAS",3FGM,Three Pointer,3,102,664,G,,,,18,03:00,40,41,
2007,RS,6,68,240,TEL,PDHD,"BATISTA, ESTEBAN",2FGA,Missed Two Pointer,0,33,48,C,,,,19,02:00,40,41,
2007,RS,6,68,242,MIL,PKRD,"GALLINARI, DANILO",3FGM,Three Pointer,3,-466,479,J,,,,19,02:00,43,41,
2007,RS,6,68,249,TEL,PAOZ,"HALPERIN, YOTAM",3FGM,Three Pointer,3,671,-33,A,,,,19,02:00,43,44,
2007,RS,6,68,252,MIL,PAVD,"BOOKER, MELVIN",2FGM,Two Pointer,2,-82,33,D,,,,20,01:00,45,44,
2007,RS,6,68,254,TEL,PBES,"BLUTHENTHAL, DAVID",3FGM,Three Pointer,3,464,497,G,,,,20,01:00,45,47,
2007,RS,6,68,269,TEL,PJFO,"CASSPI, OMRI",3FGA,Missed Three Pointer,0,-374,587,J,,,,20,01:00,45,47,
2007,RS,6,68,285,TEL,PLGD,"ELIYAHU, LIOR",2FGM,Two Pointer,2,69,12,C,,,,21,10:00,45,49,
2007,RS,6,68,287,MIL,PAUT,"VUKCEVIC, DUSAN",2FGA,Missed Two Pointer,0,-264,512,I,,,,21,10:00,45,49,
2007,RS,6,68,291,MIL,PKRD,"GALLINARI, DANILO",3FGM,Three Pointer,3,482,497,G,,,,21,10:00,48,49,
2007,RS,6,68,293,TEL,PCQD,"CUMMINGS, VONTEEGO",3FGA,Missed Three Pointer,0,417,566,G,,,,21,10:00,48,49,
2007,RS,6,68,295,MIL,PLGS,"SESAY, ANSU",3FGA,Missed Three Pointer,0,676,-69,A,,,,21,10:00,48,49,
2007,RS,6,68,298,TEL,PAOZ,"HALPERIN, YOTAM",3FGA,Missed Three Pointer,0,-494,482,J,,,,22,09:00,48,49,
2007,RS,6,68,303,MIL,PAUT,"VUKCEVIC, DUSAN",3FGA,Missed Three Pointer,0,-694,-46,F,,,,23,08:00,48,49,
2007,RS,6,68,305,TEL,PLGD,"ELIYAHU, LIOR",2FGM,Two Pointer,2,-120,28,D,,,,23,08:00,48,51,
2007,RS,6,68,306,MIL,PKRD,"GALLINARI, DANILO",3FGA,Missed Three Pointer,0,458,523,G,,,,23,08:00,48,51,
2007,RS,6,68,308,TEL,PLGD,"ELIYAHU, LIOR",2FGM,Two Pointer,2,294,33,B,,,,23,08:00,48,53,
2007,RS,6,68,311,MIL,PKNZ,"WATSON, TRAVIS",2FGM,Two Pointer,2,5,61,C,,,,24,07:00,50,53,
2007,RS,6,68,318,TEL,PCQD,"CUMMINGS, VONTEEGO",2FGA,Missed Two Pointer,0,-256,258,E,,,,24,07:00,50,53,
2007,RS,6,68,323,MIL,PKRD,"GALLINARI, DANILO",FTM,Free Throw In,1,-1,-1, ,,,,24,07:00,51,53,
2007,RS,6,68,325,TEL,PBES,"BLUTHENTHAL, DAVID",2FGA,Missed Two Pointer,0,556,-17,B,,,,25,06:00,51,53,
2007,RS,6,68,327,MIL,PAUT,"VUKCEVIC, DUSAN",3FGA,Missed Three Pointer,0,107,676,G,,,,25,06:00,51,53,
2007,RS,6,68,329,TEL,PAOZ,"HALPERIN, YOTAM",2FGM,Two Pointer,2,-87,35,D,,,,25,06:00,51,55,
2007,RS,6,68,330,MIL,PKNZ,"WATSON, TRAVIS",2FGM,Two Pointer,2,115,23,C,,,,25,06:00,53,55,
2007,RS,6,68,332,TEL,PCQD,"CUMMINGS, VONTEEGO",3FGA,Missed Three Pointer,0,-320,602,J,,,,26,05:00,53,55,
2007,RS,6,68,334,MIL,PKNZ,"WATSON, TRAVIS",2FGM,Two Pointer,2,5,69,C,,,,26,05:00,55,55,
2007,RS,6,68,341,TEL,PDHD,"BATISTA, ESTEBAN",2FGA,Missed Two Pointer,0,-58,35,D,,,,26,05:00,55,55,
2007,RS,6,68,347,MIL,PKRD,"GALLINARI, DANILO",3FGA,Missed Three Pointer,0,628,300,A,,,,26,05:00,55,55,
2007,RS,6,68,350,MIL,PKRD,"GALLINARI, DANILO",2FGM,Two Pointer,2,92,53,C,,,,27,04:00,57,55,
2007,RS,6,68,365,MIL,PLGS,"SESAY, ANSU",2FGA,Missed Two Pointer,0,141,51,C,,,,27,04:00,57,55,
2007,RS,6,68,367,TEL,PLGD,"ELIYAHU, LIOR",2FGA,Missed Two Pointer,0,20,123,C,,,,27,04:00,57,55,
2007,RS,6,68,374,MIL,PLGS,"SESAY, ANSU",FTM,Free Throw In,1,-1,-1, ,,,,28,03:00,58,55,
2007,RS,6,68,375,MIL,PLGS,"SESAY, ANSU",FTM,Free Throw In,1,-1,-1, ,,,,28,03:00,59,55,
2007,RS,6,68,378,TEL,PCQD,"CUMMINGS, VONTEEGO",3FGA,Missed Three Pointer,0,702,-33,A,,,,28,03:00,59,55,
2007,RS,6,68,380,MIL,PAVD,"BOOKER, MELVIN",3FGM,Three Pointer,3,494,484,G,,,,28,03:00,62,55,
2007,RS,6,68,389,TEL,PAOU,"SHARP, DERRICK",3FGA,Missed Three Pointer,0,-497,464,J,,,,29,02:00,62,55,
2007,RS,6,68,391,TEL,PDHD,"BATISTA, ESTEBAN",2FGM,Two Pointer,2,-2,10,D,,,,29,02:00,62,57,
2007,RS,6,68,392,MIL,PAVD,"BOOKER, MELVIN",2FGM,Two Pointer,2,264,258,B,,,,29,02:00,64,57,
2007,RS,6,68,394,TEL,PLFR,"BYNUM, WILL",2FGA,Missed Two Pointer,0,-102,112,D,,,,30,01:00,64,57,
2007,RS,6,68,402,TEL,PDHD,"BATISTA, ESTEBAN",FTM,Free Throw In,1,-1,-1, ,,,,30,01:00,64,58,
2007,RS,6,68,407,TEL,PAOU,"SHARP, DERRICK",3FGM,Three Pointer,3,-556,387,F,,,,30,01:00,64,61,
2007,RS,6,68,409,MIL,P000689,"GIOVACCHINI, ANTHONY",2FGA,Missed Two Pointer,0,28,207,C,,,,30,01:00,64,61,
2007,RS,6,68,417,TEL,PLTS,"MORRIS, TERENCE",2FGM,Two Pointer,2,33,261,C,,,,31,10:00,64,63,
2007,RS,6,68,419,MIL,PLGS,"SESAY, ANSU",3FGA,Missed Three Pointer,0,-333,584,J,,,,31,10:00,64,63,
2007,RS,6,68,421,TEL,PLTS,"MORRIS, TERENCE",2FGM,Two Pointer,2,-394,28,E,,,,31,10:00,64,65,
2007,RS,6,68,424,MIL,PKRD,"GALLINARI, DANILO",2FGA,Missed Two Pointer,0,-51,300,D,,,,32,09:00,64,65,
2007,RS,6,68,426,TEL,P000615,"GARCIA, ALEX",2FGA,Missed Two Pointer,0,-35,61,D,,,,32,09:00,64,65,
2007,RS,6,68,428,TEL,PLTS,"MORRIS, TERENCE",2FGM,Two Pointer,2,5,10,C,,,,32,09:00,64,67,
2007,RS,6,68,432,MIL,PKNZ,"WATSON, TRAVIS",2FGM,Two Pointer,2,-53,15,D,,,,32,09:00,66,67,
2007,RS,6,68,436,TEL,PDHD,"BATISTA, ESTEBAN",2FGA,Missed Two Pointer,0,-64,69,D,,,,32,09:00,66,67,
2007,RS,6,68,446,MIL,PKNZ,"WATSON, TRAVIS",FTM,Free Throw In,1,-1,-1, ,,,,33,08:00,67,67,
2007,RS,6,68,450,TEL,PLFR,"BYNUM, WILL",2FGM,Two Pointer,2,58,174,C,,,,33,08:00,67,69,
2007,RS,6,68,452,MIL,PKRD,"GALLINARI, DANILO",3FGM,Three Pointer,3,-474,497,J,,,,34,07:00,70,69,
2007,RS,6,68,454,TEL,PAOU,"SHARP, DERRICK",3FGA,Missed Three Pointer,0,584,374,A,,,,34,07:00,70,69,
2007,RS,6,68,456,MIL,PKRD,"GALLINARI, DANILO",2FGA,Missed Two Pointer,0,58,66,C,,,,34,07:00,70,69,
2007,RS,6,68,458,MIL,PKNZ,"WATSON, TRAVIS",2FGA,Missed Two Pointer,0,117,38,C,,,,34,07:00,70,69,
2007,RS,6,68,460,MIL,PKNZ,"WATSON, TRAVIS",2FGA,Missed Two Pointer,0,43,74,C,,,,34,07:00,70,69,
2007,RS,6,68,474,MIL,PAUT,"VUKCEVIC, DUSAN",2FGM,Two Pointer,2,79,20,C,,,,35,06:00,72,69,
2007,RS,6,68,477,MIL,PAVD,"BOOKER, MELVIN",3FGA,Missed Three Pointer,0,-174,653,J,,,,35,06:00,72,69,
2007,RS,6,68,479,MIL,PCUG,"SHAW, CASEY",2FGM,Two Pointer,2,-41,41,D,,,,35,06:00,74,69,
2007,RS,6,68,487,TEL,PDHD,"BATISTA, ESTEBAN",2FGAB,Missed Two Pointer,0,-20,110,D,,,,36,05:00,74,69,
2007,RS,6,68,496,MIL,PAVD,"BOOKER, MELVIN",2FGM,Two Pointer,2,-300,428,I,,,,36,05:00,76,69,
2007,RS,6,68,498,TEL,PAOZ,"HALPERIN, YOTAM",3FGM,Three Pointer,3,694,-38,A,,,,37,04:00,76,72,
2007,RS,6,68,505,MIL,PAUT,"VUKCEVIC, DUSAN",FTM,Free Throw In,1,-1,-1, ,,,,38,03:00,77,72,
2007,RS,6,68,506,MIL,PAUT,"VUKCEVIC, DUSAN",FTM,Free Throw In,1,-1,-1, ,,,,38,03:00,78,72,
2007,RS,6,68,507,TEL,PLTS,"MORRIS, TERENCE",3FGM,Three Pointer,3,-200,635,J,,,,38,03:00,78,75,
2007,RS,6,68,509,MIL,PKRD,"GALLINARI, DANILO",3FGA,Missed Three Pointer,0,-210,661,J,,,,38,03:00,78,75,
2007,RS,6,68,511,TEL,PAOZ,"HALPERIN, YOTAM",2FGM,Two Pointer,2,-51,64,D,,,,38,03:00,78,77,
2007,RS,6,68,519,MIL,PLGS,"SESAY, ANSU",2FGA,Missed Two Pointer,0,-366,20,E,,,,39,02:00,78,77,
2007,RS,6,68,521,TEL,PLTS,"MORRIS, TERENCE",2FGM,Two Pointer,2,-2,2,D,,,,39,02:00,78,79,
2007,RS,6,68,523,MIL,PAUT,"VUKCEVIC, DUSAN",3FGM,Three Pointer,3,525,415,A,,,,39,02:00,81,79,
2007,RS,6,68,528,TEL,PCQD,"CUMMINGS, VONTEEGO",FTM,Free Throw In,1,-1,-1, ,,,,39,02:00,81,80,
2007,RS,6,68,530,MIL,PAVD,"BOOKER, MELVIN",3FGA,Missed Three Pointer,0,-464,535,J,,,,40,01:00,81,80,
2007,RS,6,68,532,MIL,PAVD,"BOOKER, MELVIN",2FGAB,Missed Two Pointer,0,61,133,C,,,,40,01:00,81,80,
2007,RS,6,68,539,MIL,PLGS,"SESAY, ANSU",3FGA,Missed Three Pointer,0,692,58,A,,,,40,01:00,81,80,
2007,RS,6,68,545,TEL,PLFR,"BYNUM, WILL",2FGA,Missed Two Pointer,0,107,56,C,,,,40,01:00,81,80,
2007,RS,6,68,547,TEL,PLTS,"MORRIS, TERENCE",2FGM,Two Pointer,2,-5,79,D,,,,40,01:00,81,82,
2007,RS,6,68,548,MIL,PAUT,"VUKCEVIC, DUSAN",3FGA,Missed Three Pointer,0,407,669,G,,,,40,01:00,81,82,
2007,RS,6,69,4,PAN,PAGG,"BECIROVIC, SANI",2FGM,Two Pointer,2,-102,46,D,,,,1,10:00,0,2,
2007,RS,6,69,9,ULK,PAYR,"TURKCAN, MIRSAD",3FGA,Missed Three Pointer,0,-638,271,F,,,,2,09:00,0,2,
2007,RS,6,69,11,ULK,PCOS,"SOLOMON, WILLIE",3FGA,Missed Three Pointer,0,438,541,G,,,,2,09:00,0,2,
2007,RS,6,69,13,ULK,PTHC,"WHITE, JAMES",2FGM,Two Pointer,2,69,143,C,,,,2,09:00,2,2,
2007,RS,6,69,14,PAN,PTFY,"WINSTON, KENNEDY",2FGM,Two Pointer,2,174,158,C,,,,2,09:00,2,4,
2007,RS,6,69,18,ULK,PTFI,"VIDMAR, GASPER",2FGM,Two Pointer,2,-143,66,D,,,,2,09:00,4,4,
2007,RS,6,69,20,PAN,PTFY,"WINSTON, KENNEDY",2FGA,Missed Two Pointer,0,-356,207,E,,,,2,09:00,4,4,
2007,RS,6,69,22,ULK,PCOS,"SOLOMON, WILLIE",3FGA,Missed Three Pointer,0,561,435,G,,,,2,09:00,4,4,
2007,RS,6,69,27,PAN,PJUO,"SPANOULIS, VASSILIS",FTM,Free Throw In,1,-1,-1, ,,,,2,09:00,4,5,
2007,RS,6,69,29,ULK,PTHC,"WHITE, JAMES",2FGM,Two Pointer,2,-30,115,D,,,,3,08:00,6,5,
2007,RS,6,69,30,PAN,PAJV,"BATISTE, MICHAEL",2FGM,Two Pointer,2,82,151,C,,,,3,08:00,6,7,
2007,RS,6,69,38,PAN,PAJV,"BATISTE, MICHAEL",2FGM,Two Pointer,2,351,310,B,,,,4,07:00,6,9,
2007,RS,6,69,39,ULK,PTFI,"VIDMAR, GASPER",2FGA,Missed Two Pointer,0,412,89,B,,,,4,07:00,6,9,
2007,RS,6,69,41,PAN,PJUO,"SPANOULIS, VASSILIS",3FGA,Missed Three Pointer,0,-192,710,J,,,,5,06:00,6,9,
2007,RS,6,69,43,ULK,PCOS,"SOLOMON, WILLIE",2FGM,Two Pointer,2,-315,415,E,,,,5,06:00,8,9,
2007,RS,6,69,44,PAN,PAJV,"BATISTE, MICHAEL",2FGA,Missed Two Pointer,0,200,205,C,,,,5,06:00,8,9,
2007,RS,6,69,46,ULK,PTHC,"WHITE, JAMES",2FGM,Two Pointer,2,-25,43,D,,,,5,06:00,10,9,
2007,RS,6,69,50,PAN,PTFY,"WINSTON, KENNEDY",2FGM,Two Pointer,2,-56,66,D,,,,5,06:00,10,11,
2007,RS,6,69,52,ULK,PCOS,"SOLOMON, WILLIE",2FGM,Two Pointer,2,-48,515,I,,,,6,05:00,12,11,
2007,RS,6,69,53,PAN,PJUO,"SPANOULIS, VASSILIS",2FGAB,Missed Two Pointer,0,174,46,C,,,,6,05:00,12,11,
2007,RS,6,69,56,PAN,PAJV,"BATISTE, MICHAEL",2FGM,Two Pointer,2,110,35,C,,,,6,05:00,12,13,
2007,RS,6,69,58,ULK,PARO,"ONAN, OMER",2FGA,Missed Two Pointer,0,453,30,B,,,,6,05:00,12,13,
2007,RS,6,69,65,ULK,PTHC,"WHITE, JAMES",FTM,Free Throw In,1,-1,-1, ,,,,7,04:00,13,13,
2007,RS,6,69,66,ULK,PTHC,"WHITE, JAMES",FTM,Free Throw In,1,-1,-1, ,,,,7,04:00,14,13,
2007,RS,6,69,67,PAN,PTFY,"WINSTON, KENNEDY",3FGA,Missed Three Pointer,0,-671,46,F,,,,7,04:00,14,13,
2007,RS,6,69,73,ULK,PAYR,"TURKCAN, MIRSAD",2FGA,Missed Two Pointer,0,141,15,C,,,,7,04:00,14,13,
2007,RS,6,69,75,ULK,PTFI,"VIDMAR, GASPER",2FGA,Missed Two Pointer,0,143,143,C,,,,7,04:00,14,13,
2007,RS,6,69,78,ULK,PCOS,"SOLOMON, WILLIE",2FGA,Missed Two Pointer,0,179,256,C,,,,7,04:00,14,13,
2007,RS,6,69,80,ULK,PAYR,"TURKCAN, MIRSAD",2FGAB,Missed Two Pointer,0,-174,125,D,,,,7,04:00,14,13,
2007,RS,6,69,86,ULK,PARO,"ONAN, OMER",2FGM,Two Pointer,2,-115,128,D,,,,7,04:00,16,13,
2007,RS,6,69,90,PAN,PJUO,"SPANOULIS, VASSILIS",2FGA,Missed Two Pointer,0,76,158,C,,,,8,03:00,16,13,
2007,RS,6,69,92,ULK,PTHC,"WHITE, JAMES",3FGA,Missed Three Pointer,0,666,287,A,,,,8,03:00,16,13,
2007,RS,6,69,99,PAN,PTFY,"WINSTON, KENNEDY",FTM,Free Throw In,1,-1,-1, ,,,,8,03:00,16,14,
2007,RS,6,69,101,ULK,PLGA,"KAAN, DAMIR",3FGA,Missed Three Pointer,0,-612,356,F,,,,9,02:00,16,14,
2007,RS,6,69,103,ULK,PTFI,"VIDMAR, GASPER",2FGM,Two Pointer,2,184,-17,C,,,,9,02:00,18,14,
2007,RS,6,69,104,PAN,PACN,"TSARTSARIS, KOSTAS",2FGA,Missed Two Pointer,0,-351,387,E,,,,9,02:00,18,14,
2007,RS,6,69,115,ULK,PARO,"ONAN, OMER",3FGA,Missed Three Pointer,0,-89,658,J,,,,9,02:00,18,14,
2007,RS,6,69,117,ULK,PAYR,"TURKCAN, MIRSAD",2FGA,Missed Two Pointer,0,-392,171,E,,,,9,02:00,18,14,
2007,RS,6,69,124,PAN,PTFY,"WINSTON, KENNEDY",FTM,Free Throw In,1,-1,-1, ,,,,10,01:00,18,15,
2007,RS,6,69,125,PAN,PTFY,"WINSTON, KENNEDY",FTM,Free Throw In,1,-1,-1, ,,,,10,01:00,18,16,
2007,RS,6,69,128,ULK,PJYB,"ERDEN, SEMIH",2FGM,Two Pointer,2,397,48,B,,,,10,01:00,20,16,
2007,RS,6,69,133,PAN,PADG,"JASIKEVICIUS, SARUNAS",FTM,Free Throw In,1,-1,-1, ,,,,10,01:00,20,17,
2007,RS,6,69,134,PAN,PADG,"JASIKEVICIUS, SARUNAS",FTM,Free Throw In,1,-1,-1, ,,,,10,01:00,20,18,
2007,RS,6,69,135,PAN,PADG,"JASIKEVICIUS, SARUNAS",FTM,Free Throw In,1,-1,-1, ,,,,10,01:00,20,19,
2007,RS,6,69,145,PAN,PBXE,"ZIZIC, ANDRIJA",2FGM,Two Pointer,2,53,220,C,,,,11,10:00,20,21,
2007,RS,6,69,151,ULK,PJYB,"ERDEN, SEMIH",FTM,Free Throw In,1,-1,-1, ,,,,11,10:00,21,21,
2007,RS,6,69,154,PAN,PBXE,"ZIZIC, ANDRIJA",2FGAB,Missed Two Pointer,0,146,79,C,,,,11,10:00,21,21,
2007,RS,6,69,160,ULK,PJYB,"ERDEN, SEMIH",FTM,Free Throw In,1,-1,-1, ,,,,11,10:00,22,21,
2007,RS,6,69,161,ULK,PJYB,"ERDEN, SEMIH",FTM,Free Throw In,1,-1,-1, ,,,,11,10:00,23,21,
2007,RS,6,69,167,ULK,PABI,"KUTLUAY, IBRAHIM",3FGM,Three Pointer,3,-25,705,J,,,,12,09:00,26,21,
2007,RS,6,69,169,PAN,PBXE,"ZIZIC, ANDRIJA",2FGM,Two Pointer,2,84,15,C,,,,12,09:00,26,23,
2007,RS,6,69,176,ULK,PABI,"KUTLUAY, IBRAHIM",3FGA,Missed Three Pointer,0,-515,487,J,,,,12,09:00,26,23,
2007,RS,6,69,178,PAN,PADG,"JASIKEVICIUS, SARUNAS",2FGM,Two Pointer,2,300,205,B,,,,12,09:00,26,25,
2007,RS,6,69,181,PAN,PADG,"JASIKEVICIUS, SARUNAS",2FGM,Two Pointer,2,-105,30,D,,,,12,09:00,26,27,
2007,RS,6,69,186,ULK,PJYB,"ERDEN, SEMIH",2FGM,Two Pointer,2,-10,58,D,,,,13,08:00,28,27,
2007,RS,6,69,191,PAN,PAGG,"BECIROVIC, SANI",3FGA,Missed Three Pointer,0,707,2,A,,,,14,07:00,28,27,
2007,RS,6,69,193,ULK,PJYB,"ERDEN, SEMIH",2FGM,Two Pointer,2,41,25,C,,,,14,07:00,30,27,
2007,RS,6,69,205,ULK,PCOS,"SOLOMON, WILLIE",FTM,Free Throw In,1,-1,-1, ,,,,14,07:00,31,27,
2007,RS,6,69,206,ULK,PCOS,"SOLOMON, WILLIE",FTM,Free Throw In,1,-1,-1, ,,,,14,07:00,32,27,
2007,RS,6,69,210,PAN,PADG,"JASIKEVICIUS, SARUNAS",2FGM,Two Pointer,2,5,541,H,,,,14,07:00,32,29,
2007,RS,6,69,215,ULK,PLGR,"BASAK, RASIM",2FGM,Two Pointer,2,-10,28,D,,,,15,06:00,34,29,
2007,RS,6,69,222,PAN,PADG,"JASIKEVICIUS, SARUNAS",2FGAB,Missed Two Pointer,0,-128,120,D,,,,15,06:00,34,29,
2007,RS,6,69,226,ULK,PTFH,"PRELDZIC, EMIR",3FGA,Missed Three Pointer,0,12,689,G,,,,15,06:00,34,29,
2007,RS,6,69,231,PAN,PBCS,"HATZIVRETTAS, NIKOS",FTM,Free Throw In,1,-1,-1, ,,,,15,06:00,34,30,
2007,RS,6,69,232,PAN,PBCS,"HATZIVRETTAS, NIKOS",FTM,Free Throw In,1,-1,-1, ,,,,15,06:00,34,31,
2007,RS,6,69,239,ULK,PTFH,"PRELDZIC, EMIR",2FGM,Two Pointer,2,102,15,C,,,,16,05:00,36,31,
2007,RS,6,69,241,PAN,PJUO,"SPANOULIS, VASSILIS",2FGA,Missed Two Pointer,0,-315,130,E,,,,17,04:00,36,31,
2007,RS,6,69,245,PAN,PTFY,"WINSTON, KENNEDY",2FGM,Two Pointer,2,-51,184,D,,,,17,04:00,36,33,
2007,RS,6,69,248,ULK,PTFH,"PRELDZIC, EMIR",3FGA,Missed Three Pointer,0,687,-17,A,,,,18,03:00,36,33,
2007,RS,6,69,257,PAN,PBXE,"ZIZIC, ANDRIJA",FTM,Free Throw In,1,-1,-1, ,,,,18,03:00,36,34,
2007,RS,6,69,258,PAN,PBXE,"ZIZIC, ANDRIJA",FTM,Free Throw In,1,-1,-1, ,,,,18,03:00,36,35,
2007,RS,6,69,259,ULK,PLGA,"KAAN, DAMIR",3FGA,Missed Three Pointer,0,148,669,G,,,,18,03:00,36,35,
2007,RS,6,69,264,PAN,PJUO,"SPANOULIS, VASSILIS",FTM,Free Throw In,1,-1,-1, ,,,,18,03:00,36,36,
2007,RS,6,69,265,PAN,PJUO,"SPANOULIS, VASSILIS",FTM,Free Throw In,1,-1,-1, ,,,,18,03:00,36,37,
2007,RS,6,69,270,PAN,PTFY,"WINSTON, KENNEDY",3FGA,Missed Three Pointer,0,-607,407,F,,,,18,03:00,36,37,
2007,RS,6,69,272,PAN,PBXE,"ZIZIC, ANDRIJA",2FGM,Two Pointer,2,-66,5,D,,,,18,03:00,36,39,
2007,RS,6,69,275,ULK,PJYB,"ERDEN, SEMIH",2FGA,Missed Two Pointer,0,-7,474,I,,,,19,02:00,36,39,
2007,RS,6,69,277,PAN,PBXE,"ZIZIC, ANDRIJA",2FGM,Two Pointer,2,82,41,C,,,,19,02:00,36,41,
2007,RS,6,69,282,ULK,PJYB,"ERDEN, SEMIH",2FGA,Missed Two Pointer,0,141,143,C,,,,19,02:00,36,41,
2007,RS,6,69,285,PAN,PAJV,"BATISTE, MICHAEL",2FGA,Missed Two Pointer,0,212,364,B,,,,20,01:00,36,41,
2007,RS,6,69,287,ULK,PLGA,"KAAN, DAMIR",3FGM,Three Pointer,3,269,623,G,,,,20,01:00,39,41,
2007,RS,6,69,294,PAN,PADG,"JASIKEVICIUS, SARUNAS",2FGM,Two Pointer,2,243,433,H,,,,20,01:00,39,43,
2007,RS,6,69,303,PAN,PAJV,"BATISTE, MICHAEL",2FGA,Missed Two Pointer,0,-469,148,E,,,,21,10:00,39,43,
2007,RS,6,69,307,PAN,PJUO,"SPANOULIS, VASSILIS",2FGM,Two Pointer,2,-110,100,D,,,,21,10:00,39,45,
2007,RS,6,69,309,ULK,PARO,"ONAN, OMER",3FGA,Missed Three Pointer,0,276,617,G,,,,21,10:00,39,45,
2007,RS,6,69,314,PAN,PAJV,"BATISTE, MICHAEL",2FGM,Two Pointer,2,5,33,C,,,,21,10:00,39,47,
2007,RS,6,69,319,PAN,PJUO,"SPANOULIS, VASSILIS",2FGM,Two Pointer,2,12,453,H,,,,22,09:00,39,49,
2007,RS,6,69,321,ULK,PJPF,"SAVAS, OGUZ",2FGA,Missed Two Pointer,0,-256,348,E,,,,23,08:00,39,49,
2007,RS,6,69,323,PAN,PBXE,"ZIZIC, ANDRIJA",2FGA,Missed Two Pointer,0,-156,115,D,,,,23,08:00,39,49,
2007,RS,6,69,327,ULK,PJPF,"SAVAS, OGUZ",2FGA,Missed Two Pointer,0,341,456,H,,,,23,08:00,39,49,
2007,RS,6,69,329,PAN,PJUO,"SPANOULIS, VASSILIS",2FGA,Missed Two Pointer,0,184,197,C,,,,23,08:00,39,49,
2007,RS,6,69,331,ULK,PCOS,"SOLOMON, WILLIE",3FGA,Missed Three Pointer,0,-705,56,F,,,,23,08:00,39,49,
2007,RS,6,69,333,PAN,PBXE,"ZIZIC, ANDRIJA",2FGA,Missed Two Pointer,0,-238,58,D,,,,23,08:00,39,49,
2007,RS,6,69,336,ULK,PCOS,"SOLOMON, WILLIE",3FGA,Missed Three Pointer,0,261,625,G,,,,24,07:00,39,49,
2007,RS,6,69,346,PAN,PBXE,"ZIZIC, ANDRIJA",2FGM,Two Pointer,2,12,287,C,,,,25,06:00,39,51,
2007,RS,6,69,349,ULK,PAYR,"TURKCAN, MIRSAD",2FGA,Missed Two Pointer,0,-397,84,E,,,,25,06:00,39,51,
2007,RS,6,69,351,PAN,PAJV,"BATISTE, MICHAEL",2FGM,Two Pointer,2,194,112,C,,,,25,06:00,39,53,
2007,RS,6,69,353,ULK,PTHC,"WHITE, JAMES",2FGM,Two Pointer,2,161,117,C,,,,26,05:00,41,53,
2007,RS,6,69,354,PAN,PBXE,"ZIZIC, ANDRIJA",2FGM,Two Pointer,2,20,94,C,,,,26,05:00,41,55,
2007,RS,6,69,356,ULK,PTHC,"WHITE, JAMES",2FGAB,Missed Two Pointer,0,66,138,C,,,,27,04:00,41,55,
2007,RS,6,69,361,ULK,PLGA,"KAAN, DAMIR",3FGA,Missed Three Pointer,0,-507,538,J,,,,27,04:00,41,55,
2007,RS,6,69,370,PAN,PAJV,"BATISTE, MICHAEL",2FGM,Two Pointer,2,153,243,C,,,,27,04:00,41,57,
2007,RS,6,69,371,ULK,PABI,"KUTLUAY, IBRAHIM",2FGA,Missed Two Pointer,0,256,466,H,,,,27,04:00,41,57,
2007,RS,6,69,373,PAN,PTFY,"WINSTON, KENNEDY",2FGM,Two Pointer,2,0,64,D,,,,27,04:00,41,59,
2007,RS,6,69,381,PAN,PAJV,"BATISTE, MICHAEL",2FGM,Two Pointer,2,30,510,H,,,,28,03:00,41,61,
2007,RS,6,69,383,ULK,PABI,"KUTLUAY, IBRAHIM",3FGA,Missed Three Pointer,0,341,584,G,,,,28,03:00,41,61,
2007,RS,6,69,385,PAN,PTFY,"WINSTON, KENNEDY",2FGAB,Missed Two Pointer,0,5,246,C,,,,28,03:00,41,61,
2007,RS,6,69,389,PAN,PJUO,"SPANOULIS, VASSILIS",2FGM,Two Pointer,2,-66,38,D,,,,29,02:00,41,63,
2007,RS,6,69,394,PAN,PAJV,"BATISTE, MICHAEL",3FGA,Missed Three Pointer,0,-692,43,F,,,,29,02:00,41,63,
2007,RS,6,69,396,PAN,PAJV,"BATISTE, MICHAEL",2FGM,Two Pointer,2,79,38,C,,,,29,02:00,41,65,
2007,RS,6,69,401,ULK,PTFI,"VIDMAR, GASPER",2FGA,Missed Two Pointer,0,-74,43,D,,,,30,01:00,41,65,
2007,RS,6,69,403,ULK,PJYB,"ERDEN, SEMIH",2FGA,Missed Two Pointer,0,76,51,C,,,,30,01:00,41,65,
2007,RS,6,69,405,ULK,PTFI,"VIDMAR, GASPER",2FGM,Two Pointer,2,53,71,C,,,,30,01:00,43,65,
2007,RS,6,69,407,ULK,PTFI,"VIDMAR, GASPER",FTM,Free Throw In,1,-1,-1, ,,,,30,01:00,44,65,
2007,RS,6,69,423,ULK,PJYB,"ERDEN, SEMIH",2FGM,Two Pointer,2,-5,84,D,,,,31,10:00,46,65,
2007,RS,6,69,426,ULK,PJYB,"ERDEN, SEMIH",2FGM,Two Pointer,2,-2,-2,D,,,,31,10:00,48,65,
2007,RS,6,69,435,ULK,PJYB,"ERDEN, SEMIH",2FGM,Two Pointer,2,-10,7,D,,,,32,09:00,50,65,
2007,RS,6,69,437,PAN,PAGG,"BECIROVIC, SANI",3FGA,Missed Three Pointer,0,300,633,G,,,,32,09:00,50,65,
2007,RS,6,69,439,PAN,PAFC,"TOMASEVIC, DEJAN",2FGAB,Missed Two Pointer,0,92,164,C,,,,32,09:00,50,65,
2007,RS,6,69,441,PAN,PAFC,"TOMASEVIC, DEJAN",2FGAB,Missed Two Pointer,0,76,161,C,,,,32,09:00,50,65,
2007,RS,6,69,445,PAN,PTFY,"WINSTON, KENNEDY",2FGM,Two Pointer,2,61,156,C,,,,32,09:00,50,67,
2007,RS,6,69,446,ULK,PTFI,"VIDMAR, GASPER",2FGA,Missed Two Pointer,0,-343,176,E,,,,32,09:00,50,67,
2007,RS,6,69,448,ULK,PLGA,"KAAN, DAMIR",3FGA,Missed Three Pointer,0,687,71,A,,,,32,09:00,50,67,
2007,RS,6,69,458,PAN,PACN,"TSARTSARIS, KOSTAS",FTM,Free Throw In,1,-1,-1, ,,,,33,08:00,50,68,
2007,RS,6,69,459,PAN,PACN,"TSARTSARIS, KOSTAS",FTM,Free Throw In,1,-1,-1, ,,,,33,08:00,50,69,
2007,RS,6,69,462,PAN,PAFC,"TOMASEVIC, DEJAN",2FGM,Two Pointer,2,20,174,C,,,,33,08:00,50,71,
2007,RS,6,69,464,ULK,PABI,"KUTLUAY, IBRAHIM",3FGM,Three Pointer,3,7,694,G,,,,33,08:00,53,71,
2007,RS,6,69,466,ULK,PTFI,"VIDMAR, GASPER",2FGA,Missed Two Pointer,0,353,287,B,,,,33,08:00,53,71,
2007,RS,6,69,468,PAN,PADG,"JASIKEVICIUS, SARUNAS",3FGM,Three Pointer,3,-656,246,F,,,,33,08:00,53,74,
2007,RS,6,69,471,ULK,PABI,"KUTLUAY, IBRAHIM",3FGA,Missed Three Pointer,0,-20,705,J,,,,35,06:00,53,74,
2007,RS,6,69,481,PAN,PADG,"JASIKEVICIUS, SARUNAS",3FGM,Three Pointer,3,456,558,G,,,,35,06:00,53,77,
2007,RS,6,69,482,ULK,PJPF,"SAVAS, OGUZ",2FGA,Missed Two Pointer,0,-102,153,D,,,,35,06:00,53,77,
2007,RS,6,69,486,PAN,PKRH,"PERPEROGLOU, EFSTRATIOS",2FGA,Missed Two Pointer,0,12,223,C,,,,36,05:00,53,77,
2007,RS,6,69,491,PAN,PACN,"TSARTSARIS, KOSTAS",3FGA,Missed Three Pointer,0,43,705,G,,,,36,05:00,53,77,
2007,RS,6,69,494,ULK,PTHC,"WHITE, JAMES",2FGM,Two Pointer,2,43,71,C,,,,37,04:00,55,77,
2007,RS,6,69,506,PAN,PKRH,"PERPEROGLOU, EFSTRATIOS",2FGM,Two Pointer,2,-120,74,D,,,,37,04:00,55,79,
2007,RS,6,69,511,ULK,PCOS,"SOLOMON, WILLIE",3FGM,Three Pointer,3,25,733,G,,,,38,03:00,58,79,
2007,RS,6,69,517,ULK,PCOS,"SOLOMON, WILLIE",2FGM,Two Pointer,2,46,394,C,,,,38,03:00,60,79,
2007,RS,6,69,519,PAN,PADG,"JASIKEVICIUS, SARUNAS",2FGA,Missed Two Pointer,0,10,405,C,,,,39,02:00,60,79,
2007,RS,6,69,521,ULK,PTFH,"PRELDZIC, EMIR",3FGA,Missed Three Pointer,0,-546,489,J,,,,39,02:00,60,79,
2007,RS,6,69,523,PAN,PBCS,"HATZIVRETTAS, NIKOS",2FGM,Two Pointer,2,-82,87,D,,,,39,02:00,60,81,
2007,RS,6,69,525,ULK,PTHC,"WHITE, JAMES",2FGM,Two Pointer,2,89,69,C,,,,39,02:00,62,81,
2007,RS,6,69,527,ULK,PTFI,"VIDMAR, GASPER",2FGM,Two Pointer,2,-2,330,D,,,,39,02:00,64,81,
2007,RS,6,69,530,PAN,PADG,"JASIKEVICIUS, SARUNAS",2FGM,Two Pointer,2,-330,407,E,,,,40,01:00,64,83,
2007,RS,6,69,531,ULK,PJPF,"SAVAS, OGUZ",3FGA,Missed Three Pointer,0,-287,605,J,,,,40,01:00,64,83,
2007,RS,6,69,533,PAN,PBXE,"ZIZIC, ANDRIJA",3FGA,Missed Three Pointer,0,410,597,G,,,,40,01:00,64,83,
2007,RS,6,70,3,ROA,PTEU,"SALYERS, MARC",2FGA,Missed Two Pointer,0,223,182,C,,,,1,10:00,0,0,
2007,RS,6,70,9,ROA,PTEU,"SALYERS, MARC",3FGA,Missed Three Pointer,0,-384,607,J,,,,1,10:00,0,0,
2007,RS,6,70,11,MAD,PAAX,"REYES, FELIPE",2FGA,Missed Two Pointer,0,-135,156,D,,,,1,10:00,0,0,
2007,RS,6,70,13,MAD,PAFB,"SEKULIC, BLAGOTA",2FGM,Two Pointer,2,-15,61,D,,,,1,10:00,2,0,
2007,RS,6,70,16,ROA,PTEZ,"RUSH, BRION",3FGM,Three Pointer,3,-271,635,J,,,,2,09:00,2,3,
2007,RS,6,70,17,MAD,PARR,"TUNCERI, KEREM",3FGA,Missed Three Pointer,0,451,528,G,,,,2,09:00,2,3,
2007,RS,6,70,20,MAD,PAFB,"SEKULIC, BLAGOTA",2FGM,Two Pointer,2,23,69,C,,,,2,09:00,4,3,
2007,RS,6,70,24,MAD,PACK,"PELEKANOS, MICHALIS",2FGM,Two Pointer,2,25,46,C,,,,3,08:00,6,3,
2007,RS,6,70,25,ROA,PTEY,"BADIANE, PAPE",2FGA,Missed Two Pointer,0,23,89,C,,,,3,08:00,6,3,
2007,RS,6,70,27,MAD,PACK,"PELEKANOS, MICHALIS",2FGA,Missed Two Pointer,0,-448,312,E,,,,3,08:00,6,3,
2007,RS,6,70,29,ROA,PTEZ,"RUSH, BRION",2FGM,Two Pointer,2,-46,97,D,,,,3,08:00,6,5,
2007,RS,6,70,37,MAD,PAJO,"BULLOCK, LOUIS",2FGA,Missed Two Pointer,0,-482,284,E,,,,4,07:00,6,5,
2007,RS,6,70,41,ROA,PTFA,"CAZALON, LAURENT",3FGA,Missed Three Pointer,0,53,687,G,,,,4,07:00,6,5,
2007,RS,6,70,47,ROA,PTEY,"BADIANE, PAPE",FTM,Free Throw In,1,-1,-1, ,,,,5,06:00,6,6,
2007,RS,6,70,51,MAD,PAFB,"SEKULIC, BLAGOTA",2FGM,Two Pointer,2,41,56,C,,,,5,06:00,8,6,
2007,RS,6,70,53,ROA,PTEU,"SALYERS, MARC",3FGM,Three Pointer,3,548,474,G,,,,5,06:00,8,9,
2007,RS,6,70,56,ROA,PTEY,"BADIANE, PAPE",2FGA,Missed Two Pointer,0,428,20,B,,,,6,05:00,8,9,
2007,RS,6,70,58,ROA,PTEU,"SALYERS, MARC",2FGA,Missed Two Pointer,0,102,30,C,,,,6,05:00,8,9,
2007,RS,6,70,63,ROA,PTEY,"BADIANE, PAPE",2FGM,Two Pointer,2,-2,7,D,,,,6,05:00,8,11,
2007,RS,6,70,66,MAD,PACK,"PELEKANOS, MICHALIS",FTM,Free Throw In,1,-1,-1, ,,,,6,05:00,9,11,
2007,RS,6,70,67,MAD,PACK,"PELEKANOS, MICHALIS",FTM,Free Throw In,1,-1,-1, ,,,,6,05:00,10,11,
2007,RS,6,70,68,MAD,PACK,"PELEKANOS, MICHALIS",FTM,Free Throw In,1,-1,-1, ,,,,6,05:00,11,11,
2007,RS,6,70,69,ROA,PTEU,"SALYERS, MARC",3FGA,Missed Three Pointer,0,684,10,A,,,,6,05:00,11,11,
2007,RS,6,70,73,MAD,PAAX,"REYES, FELIPE",2FGM,Two Pointer,2,0,2,D,,,,7,04:00,13,11,
2007,RS,6,70,76,MAD,PAFB,"SEKULIC, BLAGOTA",3FGA,Missed Three Pointer,0,-10,682,J,,,,7,04:00,13,11,
2007,RS,6,70,78,MAD,PACK,"PELEKANOS, MICHALIS",2FGA,Missed Two Pointer,0,-46,115,D,,,,7,04:00,13,11,
2007,RS,6,70,80,MAD,PAAX,"REYES, FELIPE",2FGM,Two Pointer,2,-30,64,D,,,,7,04:00,15,11,
2007,RS,6,70,87,MAD,PAAX,"REYES, FELIPE",FTM,Free Throw In,1,-1,-1, ,,,,7,04:00,16,11,
2007,RS,6,70,89,ROA,PTEU,"SALYERS, MARC",3FGA,Missed Three Pointer,0,-453,530,J,,,,8,03:00,16,11,
2007,RS,6,70,92,ROA,PTEU,"SALYERS, MARC",2FGAB,Missed Two Pointer,0,-120,92,D,,,,8,03:00,16,11,
2007,RS,6,70,96,MAD,PACK,"PELEKANOS, MICHALIS",2FGA,Missed Two Pointer,0,-12,153,D,,,,8,03:00,16,11,
2007,RS,6,70,98,MAD,PACK,"PELEKANOS, MICHALIS",2FGA,Missed Two Pointer,0,74,87,C,,,,8,03:00,16,11,
2007,RS,6,70,100,MAD,PCTN,"SMITH, CHARLES",2FGM,Two Pointer,2,15,89,C,,,,8,03:00,18,11,
2007,RS,6,70,104,MAD,PARR,"TUNCERI, KEREM",3FGM,Three Pointer,3,43,694,G,,,,9,02:00,21,11,
2007,RS,6,70,111,ROA,PTEZ,"RUSH, BRION",2FGA,Missed Two Pointer,0,56,538,H,,,,9,02:00,21,11,
2007,RS,6,70,115,ROA,PTEZ,"RUSH, BRION",2FGM,Two Pointer,2,-74,74,D,,,,9,02:00,21,13,
2007,RS,6,70,118,MAD,PCTN,"SMITH, CHARLES",2FGM,Two Pointer,2,435,107,B,,,,10,01:00,23,13,
2007,RS,6,70,119,ROA,PTFA,"CAZALON, LAURENT",3FGA,Missed Three Pointer,0,-510,471,J,,,,10,01:00,23,13,
2007,RS,6,70,128,MAD,PTGB,"LLULL, SERGIO",FTM,Free Throw In,1,-1,-1, ,,,,10,01:00,24,13,
2007,RS,6,70,133,ROA,PTEZ,"RUSH, BRION",2FGAB,Missed Two Pointer,0,-66,71,D,,,,10,01:00,24,13,
2007,RS,6,70,137,ROA,PTEZ,"RUSH, BRION",2FGM,Two Pointer,2,-46,79,D,,,,10,01:00,24,15,
2007,RS,6,70,146,MAD,PCTN,"SMITH, CHARLES",2FGA,Missed Two Pointer,0,128,123,C,,,,12,09:00,24,15,
2007,RS,6,70,150,ROA,PTEZ,"RUSH, BRION",FTM,Free Throw In,1,-1,-1, ,,,,12,09:00,24,16,
2007,RS,6,70,151,ROA,PTEZ,"RUSH, BRION",FTM,Free Throw In,1,-1,-1, ,,,,12,09:00,24,17,
2007,RS,6,70,154,MAD,PTGB,"LLULL, SERGIO",2FGAB,Missed Two Pointer,0,117,112,C,,,,12,09:00,24,17,
2007,RS,6,70,158,ROA,PTFC,"POUPET, PIERRIC",2FGM,Two Pointer,2,-46,69,D,,,,12,09:00,24,19,
2007,RS,6,70,160,MAD,PCTN,"SMITH, CHARLES",3FGM,Three Pointer,3,-648,197,F,,,,12,09:00,27,19,
2007,RS,6,70,162,ROA,PTFC,"POUPET, PIERRIC",3FGM,Three Pointer,3,464,730,G,,,,12,09:00,27,22,
2007,RS,6,70,165,ROA,PTEZ,"RUSH, BRION",3FGA,Missed Three Pointer,0,-74,748,J,,,,13,08:00,27,22,
2007,RS,6,70,171,MAD,PCRF,"HERVELLE, AXEL",3FGM,Three Pointer,3,-225,666,J,,,,13,08:00,30,22,
2007,RS,6,70,178,MAD,PAPP,"PAPADOPOULOS, LAZAROS",2FGAB,Missed Two Pointer,0,53,138,C,,,,14,07:00,30,22,
2007,RS,6,70,183,ROA,PTEU,"SALYERS, MARC",2FGM,Two Pointer,2,-46,110,D,,,,14,07:00,30,24,
2007,RS,6,70,190,MAD,PCTN,"SMITH, CHARLES",3FGA,Missed Three Pointer,0,646,307,A,,,,14,07:00,30,24,
2007,RS,6,70,195,MAD,PCRF,"HERVELLE, AXEL",FTM,Free Throw In,1,-1,-1, ,,,,14,07:00,31,24,
2007,RS,6,70,199,ROA,PTEX,"PELLIN, MARC-ANTOINE",3FGM,Three Pointer,3,433,566,G,,,,15,06:00,31,27,
2007,RS,6,70,201,MAD,PCTN,"SMITH, CHARLES",3FGM,Three Pointer,3,-33,679,J,,,,15,06:00,34,27,
2007,RS,6,70,202,ROA,PTEZ,"RUSH, BRION",3FGM,Three Pointer,3,576,384,A,,,,15,06:00,34,30,
2007,RS,6,70,204,MAD,PAPP,"PAPADOPOULOS, LAZAROS",2FGA,Missed Two Pointer,0,-61,82,D,,,,16,05:00,34,30,
2007,RS,6,70,206,MAD,PCTN,"SMITH, CHARLES",2FGA,Missed Two Pointer,0,-38,84,D,,,,16,05:00,34,30,
2007,RS,6,70,208,MAD,PAPP,"PAPADOPOULOS, LAZAROS",2FGM,Two Pointer,2,-12,87,D,,,,16,05:00,36,30,
2007,RS,6,70,214,MAD,PAAX,"REYES, FELIPE",2FGM,Two Pointer,2,-43,56,D,,,,16,05:00,38,30,
2007,RS,6,70,215,ROA,PTEX,"PELLIN, MARC-ANTOINE",3FGA,Missed Three Pointer,0,597,369,A,,,,16,05:00,38,30,
2007,RS,6,70,217,ROA,PTEU,"SALYERS, MARC",2FGM,Two Pointer,2,69,56,C,,,,16,05:00,38,32,
2007,RS,6,70,223,MAD,PCTN,"SMITH, CHARLES",2FGM,Two Pointer,2,-51,87,D,,,,17,04:00,40,32,
2007,RS,6,70,229,ROA,PTEX,"PELLIN, MARC-ANTOINE",3FGA,Missed Three Pointer,0,-600,410,F,,,,17,04:00,40,32,
2007,RS,6,70,231,MAD,PAPP,"PAPADOPOULOS, LAZAROS",2FGA,Missed Two Pointer,0,23,112,C,,,,17,04:00,40,32,
2007,RS,6,70,236,MAD,PAPP,"PAPADOPOULOS, LAZAROS",FTM,Free Throw In,1,-1,-1, ,,,,17,04:00,41,32,
2007,RS,6,70,238,ROA,PTFA,"CAZALON, LAURENT",2FGA,Missed Two Pointer,0,-35,123,D,,,,18,03:00,41,32,
2007,RS,6,70,241,MAD,PCTN,"SMITH, CHARLES",3FGM,Three Pointer,3,-666,79,F,,,,18,03:00,44,32,
2007,RS,6,70,243,ROA,PTEY,"BADIANE, PAPE",2FGM,Two Pointer,2,-5,10,D,,,,18,03:00,44,34,
2007,RS,6,70,246,MAD,PACK,"PELEKANOS, MICHALIS",3FGM,Three Pointer,3,607,315,A,,,,19,02:00,47,34,
2007,RS,6,70,251,ROA,PTEV,"HESS, ADAM",2FGA,Missed Two Pointer,0,66,105,C,,,,19,02:00,47,34,
2007,RS,6,70,259,MAD,PAAX,"REYES, FELIPE",FTM,Free Throw In,1,-1,-1, ,,,,19,02:00,48,34,
2007,RS,6,70,265,ROA,PTEY,"BADIANE, PAPE",FTM,Free Throw In,1,-1,-1, ,,,,19,02:00,48,35,
2007,RS,6,70,266,ROA,PTEY,"BADIANE, PAPE",FTM,Free Throw In,1,-1,-1, ,,,,19,02:00,48,36,
2007,RS,6,70,269,MAD,PAAX,"REYES, FELIPE",2FGA,Missed Two Pointer,0,205,179,C,,,,19,02:00,48,36,
2007,RS,6,70,272,ROA,PTEU,"SALYERS, MARC",2FGA,Missed Two Pointer,0,-82,164,D,,,,20,01:00,48,36,
2007,RS,6,70,275,MAD,PAFB,"SEKULIC, BLAGOTA",2FGM,Two Pointer,2,69,58,C,,,,20,01:00,50,36,
2007,RS,6,70,276,ROA,PTEY,"BADIANE, PAPE",2FGM,Two Pointer,2,-28,176,D,,,,20,01:00,50,38,
2007,RS,6,70,280,ROA,PTEU,"SALYERS, MARC",2FGM,Two Pointer,2,7,7,C,,,,20,01:00,50,40,
2007,RS,6,70,288,ROA,PTEU,"SALYERS, MARC",2FGM,Two Pointer,2,7,5,C,,,,21,10:00,50,42,
2007,RS,6,70,289,MAD,PAJO,"BULLOCK, LOUIS",2FGA,Missed Two Pointer,0,87,66,C,,,,21,10:00,50,42,
2007,RS,6,70,291,MAD,PACK,"PELEKANOS, MICHALIS",2FGA,Missed Two Pointer,0,-156,182,D,,,,21,10:00,50,42,
2007,RS,6,70,294,ROA,PTEZ,"RUSH, BRION",2FGA,Missed Two Pointer,0,120,302,C,,,,22,09:00,50,42,
2007,RS,6,70,296,MAD,PAFB,"SEKULIC, BLAGOTA",2FGA,Missed Two Pointer,0,371,107,B,,,,22,09:00,50,42,
2007,RS,6,70,301,MAD,PAJO,"BULLOCK, LOUIS",2FGA,Missed Two Pointer,0,-417,89,E,,,,22,09:00,50,42,
2007,RS,6,70,303,ROA,PTEU,"SALYERS, MARC",2FGA,Missed Two Pointer,0,102,187,C,,,,22,09:00,50,42,
2007,RS,6,70,308,ROA,PTEZ,"RUSH, BRION",3FGA,Missed Three Pointer,0,469,546,G,,,,23,08:00,50,42,
2007,RS,6,70,311,MAD,PAFB,"SEKULIC, BLAGOTA",2FGM,Two Pointer,2,-102,102,D,,,,23,08:00,52,42,
2007,RS,6,70,317,ROA,PTEY,"BADIANE, PAPE",2FGAB,Missed Two Pointer,0,46,107,C,,,,24,07:00,52,42,
2007,RS,6,70,321,ROA,PTEY,"BADIANE, PAPE",2FGM,Two Pointer,2,10,89,C,,,,24,07:00,52,44,
2007,RS,6,70,323,MAD,PAAX,"REYES, FELIPE",2FGM,Two Pointer,2,-48,79,D,,,,24,07:00,54,44,
2007,RS,6,70,324,ROA,PTEU,"SALYERS, MARC",2FGM,Two Pointer,2,-135,100,D,,,,24,07:00,54,46,
2007,RS,6,70,329,MAD,PARR,"TUNCERI, KEREM",3FGM,Three Pointer,3,-20,710,J,,,,25,06:00,57,46,
2007,RS,6,70,332,MAD,PACK,"PELEKANOS, MICHALIS",2FGM,Two Pointer,2,-28,71,D,,,,25,06:00,59,46,
2007,RS,6,70,343,MAD,PAJO,"BULLOCK, LOUIS",3FGM,Three Pointer,3,610,341,A,,,,26,05:00,62,46,
2007,RS,6,70,345,ROA,PTEZ,"RUSH, BRION",3FGM,Three Pointer,3,-615,330,F,,,,26,05:00,62,49,
2007,RS,6,70,346,MAD,PAJO,"BULLOCK, LOUIS",2FGM,Two Pointer,2,392,346,B,,,,26,05:00,64,49,
2007,RS,6,70,348,ROA,PTEV,"HESS, ADAM",2FGM,Two Pointer,2,-92,97,D,,,,27,04:00,64,51,
2007,RS,6,70,355,MAD,PCRF,"HERVELLE, AXEL",2FGM,Two Pointer,2,-79,105,D,,,,27,04:00,66,51,
2007,RS,6,70,358,MAD,PAJO,"BULLOCK, LOUIS",3FGM,Three Pointer,3,-343,628,J,,,,28,03:00,69,51,
2007,RS,6,70,363,MAD,PACK,"PELEKANOS, MICHALIS",2FGM,Two Pointer,2,-7,5,D,,,,28,03:00,71,51,
2007,RS,6,70,365,ROA,PTEV,"HESS, ADAM",3FGA,Missed Three Pointer,0,-489,556,J,,,,29,02:00,71,51,
2007,RS,6,70,367,MAD,PACK,"PELEKANOS, MICHALIS",3FGA,Missed Three Pointer,0,669,123,A,,,,29,02:00,71,51,
2007,RS,6,70,376,MAD,PAPP,"PAPADOPOULOS, LAZAROS",2FGA,Missed Two Pointer,0,48,130,C,,,,29,02:00,71,51,
2007,RS,6,70,377,MAD,PAPP,"PAPADOPOULOS, LAZAROS",2FGAB,Missed Two Pointer,0,10,107,C,,,,29,02:00,71,51,
2007,RS,6,70,382,ROA,PTEZ,"RUSH, BRION",3FGM,Three Pointer,3,305,620,G,,,,29,02:00,71,54,
2007,RS,6,70,385,ROA,PTEV,"HESS, ADAM",2FGM,Two Pointer,2,-2,10,D,,,,29,02:00,71,56,
2007,RS,6,70,389,MAD,PCRF,"HERVELLE, AXEL",3FGM,Three Pointer,3,-30,715,J,,,,29,02:00,74,56,
2007,RS,6,70,397,MAD,PCTN,"SMITH, CHARLES",3FGM,Three Pointer,3,-128,669,J,,,,31,10:00,77,56,
2007,RS,6,70,398,ROA,PTEZ,"RUSH, BRION",2FGAB,Missed Two Pointer,0,61,123,C,,,,31,10:00,77,56,
2007,RS,6,70,405,MAD,PCTN,"SMITH, CHARLES",2FGM,Two Pointer,2,-17,120,D,,,,31,10:00,79,56,
2007,RS,6,70,407,ROA,PTEV,"HESS, ADAM",2FGM,Two Pointer,2,38,92,C,,,,31,10:00,79,58,
2007,RS,6,70,409,MAD,PCRF,"HERVELLE, AXEL",2FGM,Two Pointer,2,-171,87,D,,,,32,09:00,81,58,
2007,RS,6,70,411,ROA,PTEU,"SALYERS, MARC",2FGA,Missed Two Pointer,0,-402,348,E,,,,33,08:00,81,58,
2007,RS,6,70,413,ROA,PTEV,"HESS, ADAM",2FGA,Missed Two Pointer,0,-135,123,D,,,,33,08:00,81,58,
2007,RS,6,70,415,MAD,PAJO,"BULLOCK, LOUIS",2FGM,Two Pointer,2,-105,110,D,,,,33,08:00,83,58,
2007,RS,6,70,420,ROA,PTEV,"HESS, ADAM",3FGA,Missed Three Pointer,0,-653,258,F,,,,33,08:00,83,58,
2007,RS,6,70,426,ROA,PTEU,"SALYERS, MARC",2FGM,Two Pointer,2,-102,100,D,,,,34,07:00,83,60,
2007,RS,6,70,429,ROA,PTEU,"SALYERS, MARC",FTM,Free Throw In,1,-1,-1, ,,,,34,07:00,83,61,
2007,RS,6,70,430,MAD,PAPP,"PAPADOPOULOS, LAZAROS",2FGM,Two Pointer,2,-205,97,D,,,,34,07:00,85,61,
2007,RS,6,70,437,ROA,PTEV,"HESS, ADAM",FTM,Free Throw In,1,-1,-1, ,,,,34,07:00,85,62,
2007,RS,6,70,438,ROA,PTEZ,"RUSH, BRION",2FGM,Two Pointer,2,46,87,C,,,,34,07:00,85,64,
2007,RS,6,70,439,MAD,PAPP,"PAPADOPOULOS, LAZAROS",2FGM,Two Pointer,2,228,87,C,,,,34,07:00,87,64,
2007,RS,6,70,443,MAD,PCTN,"SMITH, CHARLES",2FGM,Two Pointer,2,-2,0,D,,,,35,06:00,89,64,
2007,RS,6,70,461,ROA,PTEU,"SALYERS, MARC",2FGM,Two Pointer,2,66,64,C,,,,35,06:00,89,66,
2007,RS,6,70,463,MAD,PACK,"PELEKANOS, MICHALIS",2FGA,Missed Two Pointer,0,61,82,C,,,,36,05:00,89,66,
2007,RS,6,70,465,MAD,PAPP,"PAPADOPOULOS, LAZAROS",2FGM,Two Pointer,2,-41,89,D,,,,36,05:00,91,66,
2007,RS,6,70,468,MAD,PAPP,"PAPADOPOULOS, LAZAROS",FTM,Free Throw In,1,-1,-1, ,,,,36,05:00,92,66,
2007,RS,6,70,471,MAD,PACK,"PELEKANOS, MICHALIS",3FGA,Missed Three Pointer,0,579,387,A,,,,36,05:00,92,66,
2007,RS,6,70,473,MAD,PAFB,"SEKULIC, BLAGOTA",2FGM,Two Pointer,2,-5,94,D,,,,36,05:00,94,66,
2007,RS,6,70,476,ROA,PTEZ,"RUSH, BRION",3FGM,Three Pointer,3,-561,458,J,,,,37,04:00,94,69,
2007,RS,6,70,477,MAD,PCTN,"SMITH, CHARLES",3FGA,Missed Three Pointer,0,-653,269,F,,,,37,04:00,94,69,
2007,RS,6,70,479,MAD,PCTN,"SMITH, CHARLES",2FGA,Missed Two Pointer,0,-7,117,D,,,,37,04:00,94,69,
2007,RS,6,70,481,MAD,PAFB,"SEKULIC, BLAGOTA",2FGM,Two Pointer,2,-23,71,D,,,,37,04:00,96,69,
2007,RS,6,70,483,ROA,PTEU,"SALYERS, MARC",3FGA,Missed Three Pointer,0,-502,541,J,,,,38,03:00,96,69,
2007,RS,6,70,494,ROA,PTEZ,"RUSH, BRION",FTM,Free Throw In,1,-1,-1, ,,,,38,03:00,96,70,
2007,RS,6,70,495,ROA,PTEZ,"RUSH, BRION",FTM,Free Throw In,1,-1,-1, ,,,,38,03:00,96,71,
2007,RS,6,70,498,ROA,PTEZ,"RUSH, BRION",3FGA,Missed Three Pointer,0,379,620,G,,,,38,03:00,96,71,
2007,RS,6,70,505,MAD,PARR,"TUNCERI, KEREM",2FGM,Two Pointer,2,-512,87,E,,,,39,02:00,98,71,
2007,RS,6,70,506,ROA,P000691,"HALE, RONALD",2FGM,Two Pointer,2,17,97,C,,,,39,02:00,98,73,
2007,RS,6,70,510,MAD,PKSF,"AGUILAR, PABLO",FTM,Free Throw In,1,-1,-1, ,,,,39,02:00,99,73,
2007,RS,6,70,511,MAD,PKSF,"AGUILAR, PABLO",FTM,Free Throw In,1,-1,-1, ,,,,39,02:00,100,73,
2007,RS,6,70,512,ROA,PTEZ,"RUSH, BRION",3FGA,Missed Three Pointer,0,-641,328,F,,,,39,02:00,100,73,
2007,RS,6,70,514,ROA,P000691,"HALE, RONALD",2FGA,Missed Two Pointer,0,-128,156,D,,,,39,02:00,100,73,
2007,RS,6,70,517,MAD,PARR,"TUNCERI, KEREM",3FGA,Missed Three Pointer,0,569,428,G,,,,40,01:00,100,73,
2007,RS,6,70,519,MAD,PKSF,"AGUILAR, PABLO",2FGM,Two Pointer,2,100,61,C,,,,40,01:00,102,73,
2007,RS,6,70,522,MAD,PTGB,"LLULL, SERGIO",2FGM,Two Pointer,2,-76,71,D,,,,40,01:00,104,73,
2007,RS,6,70,523,ROA,PTEY,"BADIANE, PAPE",2FGAB,Missed Two Pointer,0,43,112,C,,,,40,01:00,104,73,
2007,RS,6,71,4,ROM,PJKN,"GABINI, ROBERTO",2FGA,Missed Two Pointer,0,-5,66,D,,,,1,10:00,0,0,
2007,RS,6,71,10,ROM,PBWL,"LORBEK, ERAZEM",2FGA,Missed Two Pointer,0,43,-5,C,,,,1,10:00,0,0,
2007,RS,6,71,13,BAR,PATA,"LAKOVIC, JAKA",2FGA,Missed Two Pointer,0,361,2,B,,,,2,09:00,0,0,
2007,RS,6,71,17,ROM,PJKN,"GABINI, ROBERTO",3FGA,Missed Three Pointer,0,51,676,G,,,,2,09:00,0,0,
2007,RS,6,71,23,BAR,PLGC,"ACKER, ALEX",2FGA,Missed Two Pointer,0,-17,597,I,,,,2,09:00,0,0,
2007,RS,6,71,25,BAR,PBOD,"KASUN, MARIO",2FGM,Two Pointer,2,-41,28,D,,,,2,09:00,0,2,
2007,RS,6,71,32,ROM,PLUK,"STEFANSSON, JON",2FGM,Two Pointer,2,-5,66,D,,,,3,08:00,2,2,
2007,RS,6,71,33,BAR,PJJF,"TRIAS, JORDI",2FGA,Missed Two Pointer,0,179,120,C,,,,3,08:00,2,2,
2007,RS,6,71,36,ROM,PCJA,"UKIC, ROKO-LENI",2FGM,Two Pointer,2,225,64,C,,,,4,07:00,4,2,
2007,RS,6,71,39,BAR,PLGC,"ACKER, ALEX",FTM,Free Throw In,1,-1,-1, ,,,,4,07:00,4,3,
2007,RS,6,71,40,BAR,PLGC,"ACKER, ALEX",FTM,Free Throw In,1,-1,-1, ,,,,4,07:00,4,4,
2007,RS,6,71,43,ROM,PLUK,"STEFANSSON, JON",2FGA,Missed Two Pointer,0,187,374,C,,,,4,07:00,4,4,
2007,RS,6,71,45,BAR,PBOD,"KASUN, MARIO",2FGM,Two Pointer,2,-28,56,D,,,,4,07:00,4,6,
2007,RS,6,71,49,ROM,PLUK,"STEFANSSON, JON",FTM,Free Throw In,1,-1,-1, ,,,,5,06:00,5,6,
2007,RS,6,71,52,ROM,PBWL,"LORBEK, ERAZEM",2FGA,Missed Two Pointer,0,48,7,C,,,,5,06:00,5,6,
2007,RS,6,71,56,ROM,PLUK,"STEFANSSON, JON",3FGA,Missed Three Pointer,0,525,407,A,,,,5,06:00,5,6,
2007,RS,6,71,59,ROM,PKZA,"HAWKINS, DAVID",3FGA,Missed Three Pointer,0,664,164,A,,,,6,05:00,5,6,
2007,RS,6,71,61,BAR,PADS,"BASILE, GIANLUCA",3FGM,Three Pointer,3,-538,420,F,,,,6,05:00,5,9,
2007,RS,6,71,64,ROM,PBWL,"LORBEK, ERAZEM",2FGA,Missed Two Pointer,0,-310,230,E,,,,6,05:00,5,9,
2007,RS,6,71,71,BAR,PADS,"BASILE, GIANLUCA",2FGM,Two Pointer,2,-17,587,I,,,,7,04:00,5,11,
2007,RS,6,71,73,ROM,PTFR,"RAY, ALLAN",2FGA,Missed Two Pointer,0,48,-2,C,,,,7,04:00,5,11,
2007,RS,6,71,75,BAR,PJJF,"TRIAS, JORDI",2FGM,Two Pointer,2,-61,30,D,,,,7,04:00,5,13,
2007,RS,6,71,79,ROM,PBWL,"LORBEK, ERAZEM",2FGA,Missed Two Pointer,0,35,33,C,,,,8,03:00,5,13,
2007,RS,6,71,83,ROM,PJKN,"GABINI, ROBERTO",2FGM,Two Pointer,2,7,33,C,,,,8,03:00,7,13,
2007,RS,6,71,84,BAR,PADS,"BASILE, GIANLUCA",2FGA,Missed Two Pointer,0,0,76,D,,,,8,03:00,7,13,
2007,RS,6,71,86,BAR,PBOD,"KASUN, MARIO",2FGM,Two Pointer,2,2,10,D,,,,8,03:00,7,15,
2007,RS,6,71,88,ROM,PCJA,"UKIC, ROKO-LENI",3FGA,Missed Three Pointer,0,-10,671,J,,,,9,02:00,7,15,
2007,RS,6,71,90,ROM,PBWL,"LORBEK, ERAZEM",2FGM,Two Pointer,2,25,38,C,,,,9,02:00,9,15,
2007,RS,6,71,92,BAR,PAZU,"SANCHEZ, PEPE",2FGM,Two Pointer,2,-297,210,E,,,,9,02:00,9,17,
2007,RS,6,71,94,ROM,PLUK,"STEFANSSON, JON",3FGA,Missed Three Pointer,0,679,-20,A,,,,10,01:00,9,17,
2007,RS,6,71,103,BAR,PLGC,"ACKER, ALEX",2FGM,Two Pointer,2,0,458,I,,,,10,01:00,9,19,
2007,RS,6,71,105,ROM,PCJA,"UKIC, ROKO-LENI",2FGAB,Missed Two Pointer,0,-53,-2,D,,,,10,01:00,9,19,
2007,RS,6,71,109,BAR,PADS,"BASILE, GIANLUCA",3FGM,Three Pointer,3,-517,433,J,,,,10,01:00,9,22,
2007,RS,6,71,110,ROM,PTFR,"RAY, ALLAN",2FGA,Missed Two Pointer,0,-2,43,D,,,,10,01:00,9,22,
2007,RS,6,71,121,ROM,PADP,"FUCKA, GREGOR",2FGM,Two Pointer,2,48,5,C,,,,11,10:00,11,22,
2007,RS,6,71,123,BAR,PAZU,"SANCHEZ, PEPE",3FGM,Three Pointer,3,628,179,A,,,,11,10:00,11,25,
2007,RS,6,71,128,BAR,PADS,"BASILE, GIANLUCA",2FGM,Two Pointer,2,-35,10,D,,,,12,09:00,11,27,
2007,RS,6,71,130,ROM,PADP,"FUCKA, GREGOR",2FGM,Two Pointer,2,35,5,C,,,,12,09:00,13,27,
2007,RS,6,71,132,BAR,PJJF,"TRIAS, JORDI",2FGA,Missed Two Pointer,0,176,223,C,,,,13,08:00,13,27,
2007,RS,6,71,134,ROM,PTFQ,"DANIELS, ERIK",2FGM,Two Pointer,2,12,53,C,,,,13,08:00,15,27,
2007,RS,6,71,145,ROM,PTFQ,"DANIELS, ERIK",FTM,Free Throw In,1,-1,-1, ,,,,13,08:00,16,27,
2007,RS,6,71,148,ROM,PTFR,"RAY, ALLAN",2FGAB,Missed Two Pointer,0,-46,2,D,,,,13,08:00,16,27,
2007,RS,6,71,153,BAR,PADS,"BASILE, GIANLUCA",2FGM,Two Pointer,2,-28,20,D,,,,14,07:00,16,29,
2007,RS,6,71,154,ROM,PTFQ,"DANIELS, ERIK",2FGAB,Missed Two Pointer,0,-51,28,D,,,,14,07:00,16,29,
2007,RS,6,71,158,BAR,PBOD,"KASUN, MARIO",2FGM,Two Pointer,2,2,7,D,,,,14,07:00,16,31,
2007,RS,6,71,171,ROM,PKZA,"HAWKINS, DAVID",FTM,Free Throw In,1,-1,-1, ,,,,15,06:00,17,31,
2007,RS,6,71,172,ROM,PKZA,"HAWKINS, DAVID",FTM,Free Throw In,1,-1,-1, ,,,,15,06:00,18,31,
2007,RS,6,71,185,BAR,PADS,"BASILE, GIANLUCA",2FGM,Two Pointer,2,492,325,B,,,,15,06:00,18,33,
2007,RS,6,71,188,ROM,PCJA,"UKIC, ROKO-LENI",2FGA,Missed Two Pointer,0,451,276,B,,,,15,06:00,18,33,
2007,RS,6,71,190,ROM,PCJA,"UKIC, ROKO-LENI",2FGA,Missed Two Pointer,0,425,289,B,,,,15,06:00,18,33,
2007,RS,6,71,191,ROM,PBWL,"LORBEK, ERAZEM",3FGA,Missed Three Pointer,0,451,497,G,,,,15,06:00,18,33,
2007,RS,6,71,193,BAR,PBKE,"GRIMAU, ROGER",3FGA,Missed Three Pointer,0,-389,546,J,,,,15,06:00,18,33,
2007,RS,6,71,196,BAR,PATA,"LAKOVIC, JAKA",3FGA,Missed Three Pointer,0,-282,625,J,,,,16,05:00,18,33,
2007,RS,6,71,198,BAR,PBKE,"GRIMAU, ROGER",2FGA,Missed Two Pointer,0,-51,23,D,,,,16,05:00,18,33,
2007,RS,6,71,200,BAR,PAXC,"VAZQUEZ, FRAN",2FGM,Two Pointer,2,-28,46,D,,,,16,05:00,18,35,
2007,RS,6,71,202,ROM,PADP,"FUCKA, GREGOR",3FGM,Three Pointer,3,-669,23,F,,,,17,04:00,21,35,
2007,RS,6,71,207,ROM,PADP,"FUCKA, GREGOR",FTM,Free Throw In,1,-1,-1, ,,,,17,04:00,22,35,
2007,RS,6,71,216,ROM,PBWL,"LORBEK, ERAZEM",2FGM,Two Pointer,2,74,235,C,,,,17,04:00,24,35,
2007,RS,6,71,218,BAR,PADS,"BASILE, GIANLUCA",3FGA,Missed Three Pointer,0,620,256,A,,,,18,03:00,24,35,
2007,RS,6,71,220,ROM,PCJA,"UKIC, ROKO-LENI",2FGM,Two Pointer,2,23,35,C,,,,18,03:00,26,35,
2007,RS,6,71,230,BAR,PAZU,"SANCHEZ, PEPE",3FGA,Missed Three Pointer,0,7,666,G,,,,18,03:00,26,35,
2007,RS,6,71,233,ROM,PBWL,"LORBEK, ERAZEM",3FGM,Three Pointer,3,-10,664,J,,,,19,02:00,29,35,
2007,RS,6,71,241,BAR,PBOD,"KASUN, MARIO",FTM,Free Throw In,1,-1,-1, ,,,,19,02:00,29,36,
2007,RS,6,71,242,BAR,PBOD,"KASUN, MARIO",FTM,Free Throw In,1,-1,-1, ,,,,19,02:00,29,37,
2007,RS,6,71,245,ROM,PKZA,"HAWKINS, DAVID",2FGM,Two Pointer,2,-53,-7,D,,,,19,02:00,31,37,
2007,RS,6,71,247,BAR,PBOD,"KASUN, MARIO",2FGA,Missed Two Pointer,0,-84,7,D,,,,20,01:00,31,37,
2007,RS,6,71,258,ROM,PJKN,"GABINI, ROBERTO",3FGA,Missed Three Pointer,0,-500,441,J,,,,20,01:00,31,37,
2007,RS,6,71,271,ROM,PLUK,"STEFANSSON, JON",3FGM,Three Pointer,3,-582,346,F,,,,21,10:00,34,37,
2007,RS,6,71,272,BAR,PLGC,"ACKER, ALEX",2FGA,Missed Two Pointer,0,79,87,C,,,,21,10:00,34,37,
2007,RS,6,71,274,BAR,PBOD,"KASUN, MARIO",2FGM,Two Pointer,2,-12,82,D,,,,21,10:00,34,39,
2007,RS,6,71,275,ROM,PJKN,"GABINI, ROBERTO",3FGA,Missed Three Pointer,0,202,674,G,,,,21,10:00,34,39,
2007,RS,6,71,282,BAR,PBOD,"KASUN, MARIO",FTM,Free Throw In,1,-1,-1, ,,,,22,09:00,34,40,
2007,RS,6,71,283,BAR,PBOD,"KASUN, MARIO",FTM,Free Throw In,1,-1,-1, ,,,,22,09:00,34,41,
2007,RS,6,71,286,BAR,PJJF,"TRIAS, JORDI",2FGM,Two Pointer,2,-117,10,D,,,,22,09:00,34,43,
2007,RS,6,71,290,ROM,PADP,"FUCKA, GREGOR",2FGM,Two Pointer,2,-66,48,D,,,,22,09:00,36,43,
2007,RS,6,71,293,BAR,PADS,"BASILE, GIANLUCA",2FGA,Missed Two Pointer,0,-146,530,I,,,,23,08:00,36,43,
2007,RS,6,71,295,ROM,PLUK,"STEFANSSON, JON",3FGA,Missed Three Pointer,0,412,541,G,,,,23,08:00,36,43,
2007,RS,6,71,297,BAR,PATA,"LAKOVIC, JAKA",3FGM,Three Pointer,3,-266,615,J,,,,23,08:00,36,46,
2007,RS,6,71,298,ROM,PCJA,"UKIC, ROKO-LENI",3FGM,Three Pointer,3,-2,700,J,,,,23,08:00,39,46,
2007,RS,6,71,302,BAR,PLGC,"ACKER, ALEX",2FGM,Two Pointer,2,-241,115,D,,,,24,07:00,39,48,
2007,RS,6,71,305,BAR,PBOD,"KASUN, MARIO",2FGM,Two Pointer,2,64,53,C,,,,24,07:00,39,50,
2007,RS,6,71,308,ROM,PADP,"FUCKA, GREGOR",2FGA,Missed Two Pointer,0,-82,120,D,,,,25,06:00,39,50,
2007,RS,6,71,310,ROM,PADP,"FUCKA, GREGOR",2FGA,Missed Two Pointer,0,-12,202,D,,,,25,06:00,39,50,
2007,RS,6,71,312,ROM,PBWL,"LORBEK, ERAZEM",2FGM,Two Pointer,2,71,48,C,,,,25,06:00,41,50,
2007,RS,6,71,322,ROM,PBWL,"LORBEK, ERAZEM",2FGAB,Missed Two Pointer,0,12,74,C,,,,25,06:00,41,50,
2007,RS,6,71,326,BAR,PATA,"LAKOVIC, JAKA",3FGM,Three Pointer,3,117,700,G,,,,25,06:00,41,53,
2007,RS,6,71,328,ROM,PBWL,"LORBEK, ERAZEM",2FGM,Two Pointer,2,392,66,B,,,,26,05:00,43,53,
2007,RS,6,71,331,ROM,PKZA,"HAWKINS, DAVID",2FGM,Two Pointer,2,2,5,D,,,,26,05:00,45,53,
2007,RS,6,71,336,BAR,PATA,"LAKOVIC, JAKA",3FGA,Missed Three Pointer,0,25,705,G,,,,26,05:00,45,53,
2007,RS,6,71,339,ROM,PADP,"FUCKA, GREGOR",2FGA,Missed Two Pointer,0,51,2,C,,,,27,04:00,45,53,
2007,RS,6,71,345,BAR,PLGC,"ACKER, ALEX",3FGA,Missed Three Pointer,0,-664,-41,F,,,,27,04:00,45,53,
2007,RS,6,71,347,BAR,PBKE,"GRIMAU, ROGER",3FGA,Missed Three Pointer,0,-661,5,F,,,,27,04:00,45,53,
2007,RS,6,71,349,BAR,PJJF,"TRIAS, JORDI",2FGM,Two Pointer,2,61,58,C,,,,27,04:00,45,55,
2007,RS,6,71,357,ROM,PTFR,"RAY, ALLAN",3FGA,Missed Three Pointer,0,-579,407,F,,,,28,03:00,45,55,
2007,RS,6,71,359,BAR,PJJF,"TRIAS, JORDI",2FGM,Two Pointer,2,-94,38,D,,,,28,03:00,45,57,
2007,RS,6,71,367,ROM,PBWL,"LORBEK, ERAZEM",3FGA,Missed Three Pointer,0,-605,292,F,,,,29,02:00,45,57,
2007,RS,6,71,369,BAR,PAXC,"VAZQUEZ, FRAN",2FGM,Two Pointer,2,17,466,H,,,,29,02:00,45,59,
2007,RS,6,71,372,ROM,PTFR,"RAY, ALLAN",3FGM,Three Pointer,3,661,25,A,,,,30,01:00,48,59,
2007,RS,6,71,374,BAR,PLGC,"ACKER, ALEX",3FGA,Missed Three Pointer,0,656,184,A,,,,30,01:00,48,59,
2007,RS,6,71,381,BAR,PBKE,"GRIMAU, ROGER",FTM,Free Throw In,1,-1,-1, ,,,,30,01:00,48,60,
2007,RS,6,71,384,ROM,PBWL,"LORBEK, ERAZEM",2FGM,Two Pointer,2,-74,20,D,,,,30,01:00,50,60,
2007,RS,6,71,393,ROM,PBWL,"LORBEK, ERAZEM",3FGA,Missed Three Pointer,0,143,676,G,,,,31,10:00,50,60,
2007,RS,6,71,395,BAR,PATA,"LAKOVIC, JAKA",3FGA,Missed Three Pointer,0,5,676,G,,,,31,10:00,50,60,
2007,RS,6,71,402,ROM,PTFR,"RAY, ALLAN",3FGM,Three Pointer,3,682,10,A,,,,32,09:00,53,60,
2007,RS,6,71,403,BAR,PATA,"LAKOVIC, JAKA",2FGM,Two Pointer,2,-7,256,D,,,,32,09:00,53,62,
2007,RS,6,71,404,ROM,PCJA,"UKIC, ROKO-LENI",2FGA,Missed Two Pointer,0,-64,297,D,,,,32,09:00,53,62,
2007,RS,6,71,409,BAR,PAXC,"VAZQUEZ, FRAN",2FGA,Missed Two Pointer,0,5,482,H,,,,33,08:00,53,62,
2007,RS,6,71,413,BAR,PAXC,"VAZQUEZ, FRAN",2FGA,Missed Two Pointer,0,-187,-7,D,,,,33,08:00,53,62,
2007,RS,6,71,423,BAR,PBKE,"GRIMAU, ROGER",FTM,Free Throw In,1,-1,-1, ,,,,34,07:00,53,63,
2007,RS,6,71,424,BAR,PAXC,"VAZQUEZ, FRAN",FTM,Free Throw In,1,-1,-1, ,,,,34,07:00,53,64,
2007,RS,6,71,427,ROM,PLUK,"STEFANSSON, JON",2FGM,Two Pointer,2,446,-23,B,,,,34,07:00,55,64,
2007,RS,6,71,431,ROM,PTFR,"RAY, ALLAN",2FGA,Missed Two Pointer,0,-89,23,D,,,,35,06:00,55,64,
2007,RS,6,71,433,BAR,PADS,"BASILE, GIANLUCA",2FGA,Missed Two Pointer,0,479,400,B,,,,35,06:00,55,64,
2007,RS,6,71,444,ROM,PKXO,"GIACHETTI, JACOPO",2FGM,Two Pointer,2,-48,610,I,,,,36,05:00,57,64,
2007,RS,6,71,449,BAR,PJJF,"TRIAS, JORDI",2FGA,Missed Two Pointer,0,15,417,C,,,,36,05:00,57,64,
2007,RS,6,71,454,BAR,PJJF,"TRIAS, JORDI",2FGA,Missed Two Pointer,0,97,12,C,,,,37,04:00,57,64,
2007,RS,6,71,456,BAR,PBOD,"KASUN, MARIO",2FGM,Two Pointer,2,-58,20,D,,,,37,04:00,57,66,
2007,RS,6,71,459,ROM,PKXO,"GIACHETTI, JACOPO",2FGA,Missed Two Pointer,0,-230,392,E,,,,37,04:00,57,66,
2007,RS,6,71,462,BAR,PATA,"LAKOVIC, JAKA",2FGA,Missed Two Pointer,0,12,448,H,,,,38,03:00,57,66,
2007,RS,6,71,464,ROM,PCJA,"UKIC, ROKO-LENI",2FGM,Two Pointer,2,64,20,C,,,,38,03:00,59,66,
2007,RS,6,71,469,BAR,PATA,"LAKOVIC, JAKA",3FGM,Three Pointer,3,-448,502,J,,,,38,03:00,59,69,
2007,RS,6,71,473,ROM,PKXO,"GIACHETTI, JACOPO",FTM,Free Throw In,1,-1,-1, ,,,,38,03:00,60,69,
2007,RS,6,71,474,ROM,PKXO,"GIACHETTI, JACOPO",FTM,Free Throw In,1,-1,-1, ,,,,38,03:00,61,69,
2007,RS,6,71,476,BAR,PAZU,"SANCHEZ, PEPE",3FGA,Missed Three Pointer,0,5,697,G,,,,39,02:00,61,69,
2007,RS,6,71,478,ROM,PADP,"FUCKA, GREGOR",2FGM,Two Pointer,2,-358,48,E,,,,39,02:00,63,69,
2007,RS,6,71,482,ROM,PLUK,"STEFANSSON, JON",3FGA,Missed Three Pointer,0,-605,358,F,,,,39,02:00,63,69,
2007,RS,6,71,490,BAR,PADS,"BASILE, GIANLUCA",FTM,Free Throw In,1,-1,-1, ,,,,40,01:00,63,70,
2007,RS,6,71,500,ROM,PKZA,"HAWKINS, DAVID",2FGM,Two Pointer,2,0,12,D,,,,40,01:00,65,70,
2007,RS,6,71,505,BAR,PJJF,"TRIAS, JORDI",FTM,Free Throw In,1,-1,-1, ,,,,40,01:00,65,71,
2007,RS,6,71,506,BAR,PJJF,"TRIAS, JORDI",FTM,Free Throw In,1,-1,-1, ,,,,40,01:00,65,72,
2007,RS,6,71,508,ROM,PKZA,"HAWKINS, DAVID",2FGA,Missed Two Pointer,0,43,35,C,,,,40,01:00,65,72,
2007,RS,6,71,512,BAR,PBKE,"GRIMAU, ROGER",FTM,Free Throw In,1,-1,-1, ,,,,40,01:00,65,73,
2007,RS,6,71,513,BAR,PBKE,"GRIMAU, ROGER",FTM,Free Throw In,1,-1,-1, ,,,,40,01:00,65,74,
2007,RS,6,71,514,ROM,PCJA,"UKIC, ROKO-LENI",2FGA,Missed Two Pointer,0,-12,184,D,,,,40,01:00,65,74,
2007,RS,6,72,3,PAR,PLGH,"TEPIC, MILENKO",2FGA,Missed Two Pointer,0,130,115,C,,,,1,10:00,0,0,
2007,RS,6,72,5,BAM,PLPI,"FENN, DARREN",2FGM,Two Pointer,2,12,546,H,,,,1,10:00,2,0,
2007,RS,6,72,9,PAR,PBFE,"KECMAN, DUSAN",3FGM,Three Pointer,3,443,535,G,,,,1,10:00,2,3,
2007,RS,6,72,11,BAM,PLPI,"FENN, DARREN",3FGA,Missed Three Pointer,0,-10,682,J,,,,1,10:00,2,3,
2007,RS,6,72,13,PAR,PJNN,"VELICKOVIC, NOVICA",3FGA,Missed Three Pointer,0,-133,656,J,,,,1,10:00,2,3,
2007,RS,6,72,15,PAR,PKNN,"PEKOVIC, NIKOLA",2FGA,Missed Two Pointer,0,58,28,C,,,,1,10:00,2,3,
2007,RS,6,72,19,BAM,PLPI,"FENN, DARREN",2FGA,Missed Two Pointer,0,-125,46,D,,,,2,09:00,2,3,
2007,RS,6,72,24,PAR,PKNN,"PEKOVIC, NIKOLA",2FGM,Two Pointer,2,-143,25,D,,,,3,08:00,2,5,
2007,RS,6,72,26,BAM,PLPI,"FENN, DARREN",2FGM,Two Pointer,2,43,56,C,,,,3,08:00,4,5,
2007,RS,6,72,32,PAR,PJNN,"VELICKOVIC, NOVICA",2FGA,Missed Two Pointer,0,-53,35,D,,,,3,08:00,4,5,
2007,RS,6,72,34,BAM,PJSS,"HAMANN, STEFFEN",3FGA,Missed Three Pointer,0,310,594,G,,,,3,08:00,4,5,
2007,RS,6,72,39,BAM,PJSS,"HAMANN, STEFFEN",2FGM,Two Pointer,2,-58,28,D,,,,4,07:00,6,5,
2007,RS,6,72,45,PAR,PBFB,"TRIPKOVIC, UROS",3FGA,Missed Three Pointer,0,666,46,A,,,,5,06:00,6,5,
2007,RS,6,72,47,BAM,PKOO,"GREENE, DEMOND",2FGM,Two Pointer,2,-66,20,D,,,,5,06:00,8,5,
2007,RS,6,72,50,PAR,PBFE,"KECMAN, DUSAN",2FGA,Missed Two Pointer,0,61,94,C,,,,5,06:00,8,5,
2007,RS,6,72,52,PAR,PJNN,"VELICKOVIC, NOVICA",2FGM,Two Pointer,2,46,20,C,,,,5,06:00,8,7,
2007,RS,6,72,54,BAM,PKOO,"GREENE, DEMOND",3FGA,Missed Three Pointer,0,389,535,G,,,,6,05:00,8,7,
2007,RS,6,72,56,PAR,PBFB,"TRIPKOVIC, UROS",3FGA,Missed Three Pointer,0,-525,420,F,,,,6,05:00,8,7,
2007,RS,6,72,58,BAM,PKOO,"GREENE, DEMOND",3FGM,Three Pointer,3,674,17,A,,,,6,05:00,11,7,
2007,RS,6,72,60,PAR,PKNN,"PEKOVIC, NIKOLA",2FGA,Missed Two Pointer,0,-23,84,D,,,,6,05:00,11,7,
2007,RS,6,72,62,BAM,PASB,"OKULAJA, ADEMOLA",3FGA,Missed Three Pointer,0,479,476,G,,,,6,05:00,11,7,
2007,RS,6,72,64,PAR,PTGU,"PALACIO, MILT",2FGM,Two Pointer,2,-38,43,D,,,,6,05:00,11,9,
2007,RS,6,72,76,BAM,PJJZ,"SUPUT, PREDRAG",FTM,Free Throw In,1,-1,-1, ,,,,7,04:00,12,9,
2007,RS,6,72,77,BAM,PJJZ,"SUPUT, PREDRAG",FTM,Free Throw In,1,-1,-1, ,,,,7,04:00,13,9,
2007,RS,6,72,80,PAR,PBFB,"TRIPKOVIC, UROS",3FGA,Missed Three Pointer,0,-633,133,F,,,,7,04:00,13,9,
2007,RS,6,72,90,PAR,PJNN,"VELICKOVIC, NOVICA",2FGAB,Missed Two Pointer,0,-43,64,D,,,,8,03:00,13,9,
2007,RS,6,72,94,BAM,PJSR,"ENSMINGER, CHRIS",2FGA,Missed Two Pointer,0,71,30,C,,,,8,03:00,13,9,
2007,RS,6,72,98,PAR,PJNN,"VELICKOVIC, NOVICA",FTM,Free Throw In,1,-1,-1, ,,,,8,03:00,13,10,
2007,RS,6,72,107,BAM,PBOF,"GARRETT, ROBERT",FTM,Free Throw In,1,-1,-1, ,,,,8,03:00,14,10,
2007,RS,6,72,108,BAM,PBOF,"GARRETT, ROBERT",FTM,Free Throw In,1,-1,-1, ,,,,8,03:00,15,10,
2007,RS,6,72,110,PAR,PTGU,"PALACIO, MILT",3FGA,Missed Three Pointer,0,-179,664,J,,,,9,02:00,15,10,
2007,RS,6,72,112,BAM,PJJZ,"SUPUT, PREDRAG",3FGM,Three Pointer,3,-533,405,F,,,,9,02:00,18,10,
2007,RS,6,72,118,PAR,PKNN,"PEKOVIC, NIKOLA",2FGA,Missed Two Pointer,0,156,17,C,,,,9,02:00,18,10,
2007,RS,6,72,119,PAR,PBFB,"TRIPKOVIC, UROS",3FGA,Missed Three Pointer,0,682,-43,A,,,,9,02:00,18,10,
2007,RS,6,72,123,PAR,PBFB,"TRIPKOVIC, UROS",2FGA,Missed Two Pointer,0,15,310,C,,,,9,02:00,18,10,
2007,RS,6,72,126,BAM,PJJZ,"SUPUT, PREDRAG",FTM,Free Throw In,1,-1,-1, ,,,,10,01:00,19,10,
2007,RS,6,72,136,BAM,PJJZ,"SUPUT, PREDRAG",FTM,Free Throw In,1,-1,-1, ,,,,10,01:00,20,10,
2007,RS,6,72,137,BAM,PJJZ,"SUPUT, PREDRAG",FTM,Free Throw In,1,-1,-1, ,,,,10,01:00,21,10,
2007,RS,6,72,140,PAR,PBFE,"KECMAN, DUSAN",2FGM,Two Pointer,2,333,-7,B,,,,10,01:00,21,12,
2007,RS,6,72,143,BAM,PJSS,"HAMANN, STEFFEN",FTM,Free Throw In,1,-1,-1, ,,,,10,01:00,22,12,
2007,RS,6,72,158,BAM,PJSR,"ENSMINGER, CHRIS",2FGM,Two Pointer,2,112,235,C,,,,11,10:00,24,12,
2007,RS,6,72,160,PAR,PBFB,"TRIPKOVIC, UROS",3FGM,Three Pointer,3,405,574,G,,,,11,10:00,24,15,
2007,RS,6,72,173,BAM,PBOF,"GARRETT, ROBERT",FTM,Free Throw In,1,-1,-1, ,,,,12,09:00,25,15,
2007,RS,6,72,174,PAR,PBFE,"KECMAN, DUSAN",3FGA,Missed Three Pointer,0,-630,171,F,,,,12,09:00,25,15,
2007,RS,6,72,184,PAR,PLGH,"TEPIC, MILENKO",2FGA,Missed Two Pointer,0,-92,25,D,,,,13,08:00,25,15,
2007,RS,6,72,191,PAR,PTGU,"PALACIO, MILT",2FGA,Missed Two Pointer,0,-64,33,D,,,,13,08:00,25,15,
2007,RS,6,72,193,BAM,PJSS,"HAMANN, STEFFEN",3FGA,Missed Three Pointer,0,-643,212,F,,,,13,08:00,25,15,
2007,RS,6,72,195,BAM,PLPI,"FENN, DARREN",2FGM,Two Pointer,2,-38,30,D,,,,13,08:00,27,15,
2007,RS,6,72,205,PAR,PTHY,"MILOSEVIC, STRAHINJA",3FGA,Missed Three Pointer,0,105,687,G,,,,14,07:00,27,15,
2007,RS,6,72,216,BAM,PJSS,"HAMANN, STEFFEN",FTM,Free Throw In,1,-1,-1, ,,,,14,07:00,28,15,
2007,RS,6,72,217,BAM,PJSS,"HAMANN, STEFFEN",FTM,Free Throw In,1,-1,-1, ,,,,14,07:00,29,15,
2007,RS,6,72,220,PAR,PTGU,"PALACIO, MILT",2FGA,Missed Two Pointer,0,-41,66,D,,,,14,07:00,29,15,
2007,RS,6,72,222,BAM,PJSS,"HAMANN, STEFFEN",2FGA,Missed Two Pointer,0,-7,69,D,,,,14,07:00,29,15,
2007,RS,6,72,227,BAM,PJSR,"ENSMINGER, CHRIS",2FGA,Missed Two Pointer,0,2,56,D,,,,15,06:00,29,15,
2007,RS,6,72,234,PAR,PTGU,"PALACIO, MILT",FTM,Free Throw In,1,-1,-1, ,,,,15,06:00,29,16,
2007,RS,6,72,235,PAR,PTGU,"PALACIO, MILT",FTM,Free Throw In,1,-1,-1, ,,,,15,06:00,29,17,
2007,RS,6,72,237,BAM,PLPI,"FENN, DARREN",2FGM,Two Pointer,2,-51,28,D,,,,16,05:00,31,17,
2007,RS,6,72,240,BAM,PKOO,"GREENE, DEMOND",3FGM,Three Pointer,3,-674,7,F,,,,16,05:00,34,17,
2007,RS,6,72,242,PAR,PBFE,"KECMAN, DUSAN",3FGA,Missed Three Pointer,0,-658,123,F,,,,16,05:00,34,17,
2007,RS,6,72,244,BAM,PJSS,"HAMANN, STEFFEN",3FGA,Missed Three Pointer,0,102,646,G,,,,16,05:00,34,17,
2007,RS,6,72,246,PAR,PJNN,"VELICKOVIC, NOVICA",3FGM,Three Pointer,3,348,748,G,,,,16,05:00,34,20,
2007,RS,6,72,248,BAM,PLPK,"OHLBRECHT, TIM",2FGAB,Missed Two Pointer,0,53,33,C,,,,17,04:00,34,20,
2007,RS,6,72,259,PAR,PBFE,"KECMAN, DUSAN",2FGA,Missed Two Pointer,0,7,102,C,,,,18,03:00,34,20,
2007,RS,6,72,261,PAR,PJNN,"VELICKOVIC, NOVICA",3FGM,Three Pointer,3,407,556,G,,,,18,03:00,34,23,
2007,RS,6,72,263,BAM,PASB,"OKULAJA, ADEMOLA",3FGM,Three Pointer,3,682,92,A,,,,18,03:00,37,23,
2007,RS,6,72,269,PAR,PBGJ,"VRANES, SLAVKO",FTM,Free Throw In,1,-1,-1, ,,,,19,02:00,37,24,
2007,RS,6,72,270,PAR,PBGJ,"VRANES, SLAVKO",FTM,Free Throw In,1,-1,-1, ,,,,19,02:00,37,25,
2007,RS,6,72,273,BAM,PJSR,"ENSMINGER, CHRIS",2FGM,Two Pointer,2,-51,105,D,,,,19,02:00,39,25,
2007,RS,6,72,275,PAR,PTGU,"PALACIO, MILT",2FGAB,Missed Two Pointer,0,-48,61,D,,,,19,02:00,39,25,
2007,RS,6,72,284,BAM,PJSS,"HAMANN, STEFFEN",FTM,Free Throw In,1,-1,-1, ,,,,20,01:00,40,25,
2007,RS,6,72,285,BAM,PJSS,"HAMANN, STEFFEN",FTM,Free Throw In,1,-1,-1, ,,,,20,01:00,41,25,
2007,RS,6,72,290,PAR,PKNN,"PEKOVIC, NIKOLA",2FGA,Missed Two Pointer,0,-110,35,D,,,,20,01:00,41,25,
2007,RS,6,72,293,PAR,PKNN,"PEKOVIC, NIKOLA",2FGM,Two Pointer,2,-48,12,D,,,,20,01:00,41,27,
2007,RS,6,72,295,PAR,PBFB,"TRIPKOVIC, UROS",2FGA,Missed Two Pointer,0,0,76,D,,,,20,01:00,41,27,
2007,RS,6,72,310,PAR,PBXO,"VITKOVAC, CEDOMIR",2FGA,Missed Two Pointer,0,-46,61,D,,,,21,10:00,41,27,
2007,RS,6,72,314,PAR,PLGH,"TEPIC, MILENKO",2FGA,Missed Two Pointer,0,-48,61,D,,,,21,10:00,41,27,
2007,RS,6,72,316,PAR,PKNN,"PEKOVIC, NIKOLA",2FGA,Missed Two Pointer,0,2,58,D,,,,21,10:00,41,27,
2007,RS,6,72,318,PAR,PJNN,"VELICKOVIC, NOVICA",2FGM,Two Pointer,2,-25,58,D,,,,21,10:00,41,29,
2007,RS,6,72,319,BAM,PLPI,"FENN, DARREN",2FGA,Missed Two Pointer,0,23,69,C,,,,21,10:00,41,29,
2007,RS,6,72,323,BAM,PJJZ,"SUPUT, PREDRAG",2FGA,Missed Two Pointer,0,310,2,B,,,,22,09:00,41,29,
2007,RS,6,72,324,PAR,PBFE,"KECMAN, DUSAN",2FGM,Two Pointer,2,35,71,C,,,,22,09:00,41,31,
2007,RS,6,72,327,BAM,PKOO,"GREENE, DEMOND",2FGM,Two Pointer,2,266,520,H,,,,23,08:00,43,31,
2007,RS,6,72,328,PAR,PBFE,"KECMAN, DUSAN",2FGM,Two Pointer,2,-66,58,D,,,,23,08:00,43,33,
2007,RS,6,72,335,PAR,PJNN,"VELICKOVIC, NOVICA",FTM,Free Throw In,1,-1,-1, ,,,,24,07:00,43,34,
2007,RS,6,72,336,PAR,PJNN,"VELICKOVIC, NOVICA",FTM,Free Throw In,1,-1,-1, ,,,,24,07:00,43,35,
2007,RS,6,72,346,BAM,PKOO,"GREENE, DEMOND",2FGA,Missed Two Pointer,0,2,430,H,,,,24,07:00,43,35,
2007,RS,6,72,347,BAM,PASB,"OKULAJA, ADEMOLA",3FGA,Missed Three Pointer,0,-215,646,J,,,,24,07:00,43,35,
2007,RS,6,72,349,BAM,PJSR,"ENSMINGER, CHRIS",2FGM,Two Pointer,2,-61,58,D,,,,24,07:00,45,35,
2007,RS,6,72,353,PAR,PKNN,"PEKOVIC, NIKOLA",FTM,Free Throw In,1,-1,-1, ,,,,25,06:00,45,36,
2007,RS,6,72,354,PAR,PKNN,"PEKOVIC, NIKOLA",FTM,Free Throw In,1,-1,-1, ,,,,25,06:00,45,37,
2007,RS,6,72,355,BAM,PKOO,"GREENE, DEMOND",3FGM,Three Pointer,3,-407,589,J,,,,25,06:00,48,37,
2007,RS,6,72,357,PAR,PJNN,"VELICKOVIC, NOVICA",3FGA,Missed Three Pointer,0,7,669,G,,,,25,06:00,48,37,
2007,RS,6,72,359,PAR,PKNN,"PEKOVIC, NIKOLA",2FGA,Missed Two Pointer,0,58,30,C,,,,25,06:00,48,37,
2007,RS,6,72,361,BAM,PASB,"OKULAJA, ADEMOLA",2FGA,Missed Two Pointer,0,-33,64,D,,,,25,06:00,48,37,
2007,RS,6,72,363,BAM,PLPI,"FENN, DARREN",2FGM,Two Pointer,2,20,74,C,,,,25,06:00,50,37,
2007,RS,6,72,368,PAR,PTGU,"PALACIO, MILT",2FGA,Missed Two Pointer,0,-46,76,D,,,,25,06:00,50,37,
2007,RS,6,72,379,PAR,PKNN,"PEKOVIC, NIKOLA",2FGAB,Missed Two Pointer,0,79,66,C,,,,25,06:00,50,37,
2007,RS,6,72,395,BAM,PKOO,"GREENE, DEMOND",FTM,Free Throw In,1,-1,-1, ,,,,27,04:00,51,37,
2007,RS,6,72,396,BAM,PKOO,"GREENE, DEMOND",FTM,Free Throw In,1,-1,-1, ,,,,27,04:00,52,37,
2007,RS,6,72,399,BAM,PBOF,"GARRETT, ROBERT",3FGA,Missed Three Pointer,0,466,579,G,,,,27,04:00,52,37,
2007,RS,6,72,401,PAR,PBXO,"VITKOVAC, CEDOMIR",2FGM,Two Pointer,2,89,46,C,,,,27,04:00,52,39,
2007,RS,6,72,403,BAM,PLPK,"OHLBRECHT, TIM",2FGAB,Missed Two Pointer,0,-56,61,D,,,,28,03:00,52,39,
2007,RS,6,72,407,PAR,PBFE,"KECMAN, DUSAN",2FGM,Two Pointer,2,-112,46,D,,,,28,03:00,52,41,
2007,RS,6,72,411,BAM,PJJZ,"SUPUT, PREDRAG",FTM,Free Throw In,1,-1,-1, ,,,,28,03:00,53,41,
2007,RS,6,72,416,PAR,PBXO,"VITKOVAC, CEDOMIR",FTM,Free Throw In,1,-1,-1, ,,,,28,03:00,53,42,
2007,RS,6,72,417,PAR,PBXO,"VITKOVAC, CEDOMIR",FTM,Free Throw In,1,-1,-1, ,,,,28,03:00,53,43,
2007,RS,6,72,419,BAM,PJJZ,"SUPUT, PREDRAG",2FGM,Two Pointer,2,107,307,C,,,,29,02:00,55,43,
2007,RS,6,72,420,PAR,PBGJ,"VRANES, SLAVKO",2FGA,Missed Two Pointer,0,-12,10,D,,,,29,02:00,55,43,
2007,RS,6,72,423,BAM,PLPK,"OHLBRECHT, TIM",2FGM,Two Pointer,2,-7,28,D,,,,29,02:00,57,43,
2007,RS,6,72,440,PAR,PKNN,"PEKOVIC, NIKOLA",FTM,Free Throw In,1,-1,-1, ,,,,30,01:00,57,44,
2007,RS,6,72,441,PAR,PKNN,"PEKOVIC, NIKOLA",FTM,Free Throw In,1,-1,-1, ,,,,30,01:00,57,45,
2007,RS,6,72,443,PAR,PBFE,"KECMAN, DUSAN",3FGM,Three Pointer,3,-617,292,F,,,,30,01:00,57,48,
2007,RS,6,72,454,PAR,PBFE,"KECMAN, DUSAN",3FGM,Three Pointer,3,-53,682,J,,,,31,10:00,57,51,
2007,RS,6,72,470,BAM,PASB,"OKULAJA, ADEMOLA",2FGM,Two Pointer,2,323,307,B,,,,32,09:00,59,51,
2007,RS,6,72,471,PAR,PBFE,"KECMAN, DUSAN",3FGA,Missed Three Pointer,0,-64,658,J,,,,32,09:00,59,51,
2007,RS,6,72,478,BAM,PBOF,"GARRETT, ROBERT",2FGA,Missed Two Pointer,0,517,2,B,,,,33,08:00,59,51,
2007,RS,6,72,487,PAR,PTGU,"PALACIO, MILT",3FGA,Missed Three Pointer,0,-15,674,J,,,,34,07:00,59,51,
2007,RS,6,72,489,BAM,PJSS,"HAMANN, STEFFEN",2FGA,Missed Two Pointer,0,-23,58,D,,,,34,07:00,59,51,
2007,RS,6,72,491,PAR,PBFB,"TRIPKOVIC, UROS",3FGA,Missed Three Pointer,0,-669,58,F,,,,34,07:00,59,51,
2007,RS,6,72,493,PAR,PKNN,"PEKOVIC, NIKOLA",2FGA,Missed Two Pointer,0,187,30,C,,,,34,07:00,59,51,
2007,RS,6,72,495,BAM,PLPI,"FENN, DARREN",3FGM,Three Pointer,3,-479,500,J,,,,34,07:00,62,51,
2007,RS,6,72,500,BAM,PBOF,"GARRETT, ROBERT",3FGA,Missed Three Pointer,0,-266,635,J,,,,35,06:00,62,51,
2007,RS,6,72,506,PAR,PKNN,"PEKOVIC, NIKOLA",2FGA,Missed Two Pointer,0,87,25,C,,,,35,06:00,62,51,
2007,RS,6,72,514,BAM,PLPI,"FENN, DARREN",3FGM,Three Pointer,3,-420,538,J,,,,36,05:00,65,51,
2007,RS,6,72,516,PAR,PTGU,"PALACIO, MILT",2FGAB,Missed Two Pointer,0,79,23,C,,,,36,05:00,65,51,
2007,RS,6,72,528,BAM,PJJZ,"SUPUT, PREDRAG",FTM,Free Throw In,1,-1,-1, ,,,,36,05:00,66,51,
2007,RS,6,72,529,BAM,PJJZ,"SUPUT, PREDRAG",FTM,Free Throw In,1,-1,-1, ,,,,36,05:00,67,51,
2007,RS,6,72,531,PAR,PKNN,"PEKOVIC, NIKOLA",2FGM,Two Pointer,2,-94,12,D,,,,37,04:00,67,53,
2007,RS,6,72,534,PAR,PJJY,"BOZIC, PETAR",3FGA,Missed Three Pointer,0,-669,58,F,,,,37,04:00,67,53,
2007,RS,6,72,536,PAR,PKNN,"PEKOVIC, NIKOLA",2FGM,Two Pointer,2,46,35,C,,,,37,04:00,67,55,
2007,RS,6,72,538,BAM,PJJZ,"SUPUT, PREDRAG",3FGA,Missed Three Pointer,0,174,700,G,,,,38,03:00,67,55,
2007,RS,6,72,542,PAR,PBFE,"KECMAN, DUSAN",FTM,Free Throw In,1,-1,-1, ,,,,38,03:00,67,56,
2007,RS,6,72,546,BAM,PJSS,"HAMANN, STEFFEN",3FGM,Three Pointer,3,-389,551,J,,,,39,02:00,70,56,
2007,RS,6,72,551,PAR,PKNN,"PEKOVIC, NIKOLA",2FGM,Two Pointer,2,-82,38,D,,,,39,02:00,70,58,
2007,RS,6,72,557,BAM,PJSS,"HAMANN, STEFFEN",FTM,Free Throw In,1,-1,-1, ,,,,39,02:00,71,58,
2007,RS,6,72,558,BAM,PJSS,"HAMANN, STEFFEN",FTM,Free Throw In,1,-1,-1, ,,,,39,02:00,72,58,
2007,RS,6,72,559,PAR,PKNN,"PEKOVIC, NIKOLA",2FGA,Missed Two Pointer,0,164,146,C,,,,39,02:00,72,58,
2007,RS,6,72,561,PAR,PBFE,"KECMAN, DUSAN",2FGM,Two Pointer,2,-74,20,D,,,,39,02:00,72,60,
2007,RS,6,72,567,BAM,PLPI,"FENN, DARREN",FTM,Free Throw In,1,-1,-1, ,,,,39,02:00,73,60,
2007,RS,6,72,569,PAR,PBFB,"TRIPKOVIC, UROS",3FGA,Missed Three Pointer,0,-469,489,J,,,,40,01:00,73,60,
2007,RS,6,72,571,BAM,PJSS,"HAMANN, STEFFEN",2FGA,Missed Two Pointer,0,0,112,D,,,,40,01:00,73,60,
2007,RS,6,72,573,PAR,PBXO,"VITKOVAC, CEDOMIR",2FGM,Two Pointer,2,56,320,C,,,,40,01:00,73,62,
2007,RS,6,72,577,BAM,PJJZ,"SUPUT, PREDRAG",FTM,Free Throw In,1,-1,-1, ,,,,40,01:00,74,62,
2007,RS,6,72,578,BAM,PJJZ,"SUPUT, PREDRAG",FTM,Free Throw In,1,-1,-1, ,,,,40,01:00,75,62,
2007,RS,6,72,579,PAR,PTGU,"PALACIO, MILT",3FGA,Missed Three Pointer,0,110,689,G,,,,40,01:00,75,62,
2007,RS,6,72,581,BAM,PKOO,"GREENE, DEMOND",3FGM,Three Pointer,3,364,753,G,,,,40,01:00,78,62,
2007,RS,7,73,3,SIE,PKWI,"MCINTYRE, TERRELL",3FGM,Three Pointer,3,430,523,G,,,,1,10:00,3,0,
2007,RS,7,73,7,SIE,PKWI,"MCINTYRE, TERRELL",2FGM,Two Pointer,2,53,5,C,,,,1,10:00,5,0,
2007,RS,7,73,9,OLY,PBFY,"BLAKNEY, RODERICK",2FGA,Missed Two Pointer,0,312,228,B,,,,2,09:00,5,0,
2007,RS,7,73,11,SIE,PKWI,"MCINTYRE, TERRELL",3FGA,Missed Three Pointer,0,12,669,G,,,,2,09:00,5,0,
2007,RS,7,73,13,OLY,PAQU,"BOUROUSIS, IOANNIS",3FGA,Missed Three Pointer,0,64,679,G,,,,2,09:00,5,0,
2007,RS,7,73,14,OLY,P000126,"JACKSON, MARC",2FGA,Missed Two Pointer,0,69,51,C,,,,2,09:00,5,0,
2007,RS,7,73,17,SIE,PLMO,"SATO, ROMAIN",3FGA,Missed Three Pointer,0,233,630,G,,,,2,09:00,5,0,
2007,RS,7,73,22,OLY,PCBV,"MACIJAUSKAS, ARVYDAS",2FGA,Missed Two Pointer,0,287,520,H,,,,3,08:00,5,0,
2007,RS,7,73,24,SIE,PJOC,"STONEROOK, SHAUN",3FGA,Missed Three Pointer,0,17,664,G,,,,3,08:00,5,0,
2007,RS,7,73,26,OLY,PBFY,"BLAKNEY, RODERICK",2FGA,Missed Two Pointer,0,-28,248,D,,,,3,08:00,5,0,
2007,RS,7,73,29,SIE,PLMK,"CARRARETTO, MARCO",3FGM,Three Pointer,3,689,-56,A,,,,4,07:00,8,0,
2007,RS,7,73,34,OLY,PCBV,"MACIJAUSKAS, ARVYDAS",FTM,Free Throw In,1,-1,-1, ,,,,4,07:00,8,1,
2007,RS,7,73,35,OLY,PCBV,"MACIJAUSKAS, ARVYDAS",FTM,Free Throw In,1,-1,-1, ,,,,4,07:00,8,2,
2007,RS,7,73,36,SIE,PLMO,"SATO, ROMAIN",3FGA,Missed Three Pointer,0,712,-82,A,,,,4,07:00,8,2,
2007,RS,7,73,38,OLY,PCBV,"MACIJAUSKAS, ARVYDAS",2FGA,Missed Two Pointer,0,-284,130,E,,,,4,07:00,8,2,
2007,RS,7,73,43,OLY,PJDR,"TEODOSIC, MILOS",3FGA,Missed Three Pointer,0,117,661,G,,,,5,06:00,8,2,
2007,RS,7,73,45,OLY,PAQU,"BOUROUSIS, IOANNIS",2FGM,Two Pointer,2,35,10,C,,,,5,06:00,8,4,
2007,RS,7,73,54,OLY,PAQU,"BOUROUSIS, IOANNIS",FTM,Free Throw In,1,-1,-1, ,,,,5,06:00,8,5,
2007,RS,7,73,57,OLY,PTFV,"WOODS, QYNTEL",2FGM,Two Pointer,2,0,2,D,,,,5,06:00,8,7,
2007,RS,7,73,58,SIE,PKWI,"MCINTYRE, TERRELL",3FGA,Missed Three Pointer,0,-348,600,J,,,,5,06:00,8,7,
2007,RS,7,73,60,SIE,PLMO,"SATO, ROMAIN",2FGM,Two Pointer,2,-58,2,D,,,,5,06:00,10,7,
2007,RS,7,73,68,SIE,PKWI,"MCINTYRE, TERRELL",2FGM,Two Pointer,2,364,351,B,,,,6,05:00,12,7,
2007,RS,7,73,69,OLY,PTFV,"WOODS, QYNTEL",2FGA,Missed Two Pointer,0,-161,405,D,,,,6,05:00,12,7,
2007,RS,7,73,71,OLY,P000126,"JACKSON, MARC",2FGM,Two Pointer,2,-7,46,D,,,,6,05:00,12,9,
2007,RS,7,73,73,SIE,PLMO,"SATO, ROMAIN",2FGM,Two Pointer,2,-64,2,D,,,,7,04:00,14,9,
2007,RS,7,73,79,SIE,PLMO,"SATO, ROMAIN",FTM,Free Throw In,1,-1,-1, ,,,,7,04:00,15,9,
2007,RS,7,73,80,OLY,P000126,"JACKSON, MARC",2FGA,Missed Two Pointer,0,35,89,C,,,,7,04:00,15,9,
2007,RS,7,73,83,OLY,PTFV,"WOODS, QYNTEL",3FGM,Three Pointer,3,-458,507,J,,,,7,04:00,15,12,
2007,RS,7,73,85,SIE,PJOC,"STONEROOK, SHAUN",3FGM,Three Pointer,3,530,417,A,,,,8,03:00,18,12,
2007,RS,7,73,87,OLY,P000126,"JACKSON, MARC",2FGM,Two Pointer,2,-5,38,D,,,,8,03:00,18,14,
2007,RS,7,73,93,OLY,P000126,"JACKSON, MARC",FTM,Free Throw In,1,-1,-1, ,,,,8,03:00,18,15,
2007,RS,7,73,94,SIE,PBJR,"KAUKENAS, RIMANTAS",3FGA,Missed Three Pointer,0,651,-66,A,,,,8,03:00,18,15,
2007,RS,7,73,96,SIE,PLMO,"SATO, ROMAIN",2FGM,Two Pointer,2,64,10,C,,,,8,03:00,20,15,
2007,RS,7,73,97,OLY,PALG,"VASILIADIS, KOSTAS",2FGM,Two Pointer,2,-394,469,I,,,,8,03:00,20,17,
2007,RS,7,73,106,OLY,PJDR,"TEODOSIC, MILOS",3FGA,Missed Three Pointer,0,484,502,G,,,,9,02:00,20,17,
2007,RS,7,73,108,SIE,PLMO,"SATO, ROMAIN",2FGA,Missed Two Pointer,0,510,-82,B,,,,9,02:00,20,17,
2007,RS,7,73,111,OLY,PJDR,"TEODOSIC, MILOS",2FGM,Two Pointer,2,82,128,C,,,,10,01:00,20,19,
2007,RS,7,73,112,SIE,PBJR,"KAUKENAS, RIMANTAS",3FGA,Missed Three Pointer,0,689,-58,A,,,,10,01:00,20,19,
2007,RS,7,73,114,SIE,PLMO,"SATO, ROMAIN",2FGA,Missed Two Pointer,0,23,279,C,,,,10,01:00,20,19,
2007,RS,7,73,116,OLY,PJDR,"TEODOSIC, MILOS",3FGA,Missed Three Pointer,0,-384,535,J,,,,10,01:00,20,19,
2007,RS,7,73,122,OLY,P000126,"JACKSON, MARC",2FGA,Missed Two Pointer,0,-43,53,D,,,,11,10:00,20,19,
2007,RS,7,73,124,OLY,P000126,"JACKSON, MARC",2FGA,Missed Two Pointer,0,33,35,C,,,,11,10:00,20,19,
2007,RS,7,73,128,OLY,P000126,"JACKSON, MARC",FTM,Free Throw In,1,-1,-1, ,,,,11,10:00,20,20,
2007,RS,7,73,129,OLY,P000126,"JACKSON, MARC",FTM,Free Throw In,1,-1,-1, ,,,,11,10:00,20,21,
2007,RS,7,73,130,SIE,PLMO,"SATO, ROMAIN",2FGA,Missed Two Pointer,0,333,189,B,,,,11,10:00,20,21,
2007,RS,7,73,132,OLY,PAMM,"PRINTEZIS, GEORGIOS",2FGA,Missed Two Pointer,0,61,5,C,,,,11,10:00,20,21,
2007,RS,7,73,135,SIE,PJOC,"STONEROOK, SHAUN",3FGA,Missed Three Pointer,0,469,489,G,,,,12,09:00,20,21,
2007,RS,7,73,137,OLY,PTFV,"WOODS, QYNTEL",3FGM,Three Pointer,3,456,494,G,,,,12,09:00,20,24,
2007,RS,7,73,141,SIE,PBJR,"KAUKENAS, RIMANTAS",3FGM,Three Pointer,3,-243,635,J,,,,12,09:00,23,24,
2007,RS,7,73,147,OLY,P000126,"JACKSON, MARC",FTM,Free Throw In,1,-1,-1, ,,,,12,09:00,23,25,
2007,RS,7,73,148,OLY,P000126,"JACKSON, MARC",FTM,Free Throw In,1,-1,-1, ,,,,12,09:00,23,26,
2007,RS,7,73,150,SIE,PCCA,"THORNTON, BOOTSY",3FGM,Three Pointer,3,-20,656,J,,,,13,08:00,26,26,
2007,RS,7,73,152,OLY,PALG,"VASILIADIS, KOSTAS",3FGA,Missed Three Pointer,0,666,-48,A,,,,13,08:00,26,26,
2007,RS,7,73,154,SIE,PBJR,"KAUKENAS, RIMANTAS",2FGM,Two Pointer,2,-48,53,D,,,,13,08:00,28,26,
2007,RS,7,73,156,OLY,PALG,"VASILIADIS, KOSTAS",3FGA,Missed Three Pointer,0,671,-38,A,,,,13,08:00,28,26,
2007,RS,7,73,163,OLY,PCBV,"MACIJAUSKAS, ARVYDAS",3FGA,Missed Three Pointer,0,705,-61,A,,,,14,07:00,28,26,
2007,RS,7,73,165,OLY,PTFV,"WOODS, QYNTEL",2FGM,Two Pointer,2,7,0,C,,,,14,07:00,28,28,
2007,RS,7,73,166,SIE,PCCA,"THORNTON, BOOTSY",3FGA,Missed Three Pointer,0,474,435,G,,,,14,07:00,28,28,
2007,RS,7,73,168,OLY,PTFV,"WOODS, QYNTEL",2FGA,Missed Two Pointer,0,107,535,H,,,,14,07:00,28,28,
2007,RS,7,73,173,OLY,PAMM,"PRINTEZIS, GEORGIOS",2FGM,Two Pointer,2,53,10,C,,,,14,07:00,28,30,
2007,RS,7,73,177,SIE,PBJR,"KAUKENAS, RIMANTAS",3FGA,Missed Three Pointer,0,-333,597,J,,,,15,06:00,28,30,
2007,RS,7,73,181,OLY,PAMM,"PRINTEZIS, GEORGIOS",2FGM,Two Pointer,2,66,35,C,,,,15,06:00,28,32,
2007,RS,7,73,183,SIE,PCCA,"THORNTON, BOOTSY",2FGM,Two Pointer,2,74,2,C,,,,16,05:00,30,32,
2007,RS,7,73,184,OLY,PTFV,"WOODS, QYNTEL",2FGA,Missed Two Pointer,0,205,566,H,,,,16,05:00,30,32,
2007,RS,7,73,186,OLY,P000126,"JACKSON, MARC",2FGM,Two Pointer,2,64,20,C,,,,16,05:00,30,34,
2007,RS,7,73,194,SIE,PBLH,"LAVRINOVIC, KSISTOF",2FGM,Two Pointer,2,41,43,C,,,,17,04:00,32,34,
2007,RS,7,73,195,OLY,PJDR,"TEODOSIC, MILOS",2FGA,Missed Two Pointer,0,15,48,C,,,,17,04:00,32,34,
2007,RS,7,73,199,SIE,PBJR,"KAUKENAS, RIMANTAS",2FGA,Missed Two Pointer,0,2,105,D,,,,17,04:00,32,34,
2007,RS,7,73,201,SIE,PAPS,"ILIEVSKI, VLADO",3FGM,Three Pointer,3,471,512,G,,,,17,04:00,35,34,
2007,RS,7,73,209,OLY,PCBV,"MACIJAUSKAS, ARVYDAS",FTM,Free Throw In,1,-1,-1, ,,,,18,03:00,35,35,
2007,RS,7,73,210,SIE,PBLH,"LAVRINOVIC, KSISTOF",2FGM,Two Pointer,2,0,0,D,,,,18,03:00,37,35,
2007,RS,7,73,216,SIE,PBJR,"KAUKENAS, RIMANTAS",2FGM,Two Pointer,2,-51,230,D,,,,18,03:00,39,35,
2007,RS,7,73,218,OLY,P000126,"JACKSON, MARC",2FGM,Two Pointer,2,-51,15,D,,,,19,02:00,39,37,
2007,RS,7,73,221,SIE,PBLH,"LAVRINOVIC, KSISTOF",2FGAB,Missed Two Pointer,0,100,43,C,,,,19,02:00,39,37,
2007,RS,7,73,223,OLY,PTFV,"WOODS, QYNTEL",2FGA,Missed Two Pointer,0,-61,164,D,,,,19,02:00,39,37,
2007,RS,7,73,225,OLY,PTFV,"WOODS, QYNTEL",2FGA,Missed Two Pointer,0,-61,76,D,,,,19,02:00,39,37,
2007,RS,7,73,233,OLY,P000126,"JACKSON, MARC",FTM,Free Throw In,1,-1,-1, ,,,,19,02:00,39,38,
2007,RS,7,73,234,OLY,P000126,"JACKSON, MARC",FTM,Free Throw In,1,-1,-1, ,,,,19,02:00,39,39,
2007,RS,7,73,242,SIE,PKWI,"MCINTYRE, TERRELL",3FGA,Missed Three Pointer,0,328,594,G,,,,20,01:00,39,39,
2007,RS,7,73,244,SIE,PBLH,"LAVRINOVIC, KSISTOF",2FGM,Two Pointer,2,15,94,C,,,,20,01:00,41,39,
2007,RS,7,73,245,OLY,PALG,"VASILIADIS, KOSTAS",3FGA,Missed Three Pointer,0,-694,7,F,,,,20,01:00,41,39,
2007,RS,7,73,255,OLY,P000126,"JACKSON, MARC",3FGA,Missed Three Pointer,0,-679,-56,F,,,,20,01:00,41,39,
2007,RS,7,73,257,OLY,PAQU,"BOUROUSIS, IOANNIS",2FGA,Missed Two Pointer,0,53,15,C,,,,20,01:00,41,39,
2007,RS,7,73,269,SIE,PLMO,"SATO, ROMAIN",3FGA,Missed Three Pointer,0,600,348,A,,,,21,10:00,41,39,
2007,RS,7,73,272,SIE,PKWI,"MCINTYRE, TERRELL",3FGA,Missed Three Pointer,0,-12,643,J,,,,21,10:00,41,39,
2007,RS,7,73,274,OLY,PTFV,"WOODS, QYNTEL",2FGM,Two Pointer,2,-125,66,D,,,,21,10:00,41,41,
2007,RS,7,73,275,SIE,PLMO,"SATO, ROMAIN",2FGM,Two Pointer,2,-66,17,D,,,,21,10:00,43,41,
2007,RS,7,73,278,OLY,PAMM,"PRINTEZIS, GEORGIOS",2FGM,Two Pointer,2,-94,58,D,,,,22,09:00,43,43,
2007,RS,7,73,279,SIE,PLMO,"SATO, ROMAIN",3FGM,Three Pointer,3,458,494,G,,,,22,09:00,46,43,
2007,RS,7,73,281,OLY,PJDR,"TEODOSIC, MILOS",3FGA,Missed Three Pointer,0,-123,653,J,,,,22,09:00,46,43,
2007,RS,7,73,284,SIE,PBJR,"KAUKENAS, RIMANTAS",2FGA,Missed Two Pointer,0,-169,353,D,,,,23,08:00,46,43,
2007,RS,7,73,286,OLY,PTFV,"WOODS, QYNTEL",3FGM,Three Pointer,3,-528,405,F,,,,23,08:00,46,46,
2007,RS,7,73,288,SIE,PBJR,"KAUKENAS, RIMANTAS",3FGA,Missed Three Pointer,0,-394,556,J,,,,23,08:00,46,46,
2007,RS,7,73,293,OLY,PCBV,"MACIJAUSKAS, ARVYDAS",2FGM,Two Pointer,2,-133,58,D,,,,24,07:00,46,48,
2007,RS,7,73,299,OLY,PCBV,"MACIJAUSKAS, ARVYDAS",FTM,Free Throw In,1,-1,-1, ,,,,24,07:00,46,49,
2007,RS,7,73,300,SIE,PBJR,"KAUKENAS, RIMANTAS",2FGA,Missed Two Pointer,0,-107,41,D,,,,24,07:00,46,49,
2007,RS,7,73,306,SIE,PLMO,"SATO, ROMAIN",3FGA,Missed Three Pointer,0,-343,592,J,,,,24,07:00,46,49,
2007,RS,7,73,309,OLY,PAMM,"PRINTEZIS, GEORGIOS",2FGM,Two Pointer,2,110,7,C,,,,25,06:00,46,51,
2007,RS,7,73,312,SIE,PJOC,"STONEROOK, SHAUN",2FGA,Missed Two Pointer,0,-82,100,D,,,,25,06:00,46,51,
2007,RS,7,73,313,SIE,PKWI,"MCINTYRE, TERRELL",3FGA,Missed Three Pointer,0,-158,658,J,,,,25,06:00,46,51,
2007,RS,7,73,315,SIE,PCCA,"THORNTON, BOOTSY",2FGA,Missed Two Pointer,0,143,161,C,,,,25,06:00,46,51,
2007,RS,7,73,317,SIE,PLMO,"SATO, ROMAIN",2FGM,Two Pointer,2,-87,30,D,,,,25,06:00,48,51,
2007,RS,7,73,319,OLY,PAMM,"PRINTEZIS, GEORGIOS",2FGA,Missed Two Pointer,0,156,179,C,,,,26,05:00,48,51,
2007,RS,7,73,321,OLY,PTFV,"WOODS, QYNTEL",2FGM,Two Pointer,2,-2,5,D,,,,26,05:00,48,53,
2007,RS,7,73,324,OLY,PJDR,"TEODOSIC, MILOS",2FGM,Two Pointer,2,92,43,C,,,,26,05:00,48,55,
2007,RS,7,73,327,SIE,PLMO,"SATO, ROMAIN",2FGA,Missed Two Pointer,0,87,56,C,,,,27,04:00,48,55,
2007,RS,7,73,329,SIE,PLMO,"SATO, ROMAIN",2FGM,Two Pointer,2,76,51,C,,,,27,04:00,50,55,
2007,RS,7,73,330,OLY,PJDR,"TEODOSIC, MILOS",3FGA,Missed Three Pointer,0,361,543,G,,,,27,04:00,50,55,
2007,RS,7,73,332,SIE,PJOC,"STONEROOK, SHAUN",3FGM,Three Pointer,3,-135,664,J,,,,27,04:00,53,55,
2007,RS,7,73,334,OLY,PTFV,"WOODS, QYNTEL",2FGA,Missed Two Pointer,0,46,223,C,,,,27,04:00,53,55,
2007,RS,7,73,341,SIE,PCCA,"THORNTON, BOOTSY",3FGM,Three Pointer,3,-151,651,J,,,,28,03:00,56,55,
2007,RS,7,73,343,OLY,PAMM,"PRINTEZIS, GEORGIOS",2FGM,Two Pointer,2,266,271,B,,,,28,03:00,56,57,
2007,RS,7,73,345,SIE,PKWI,"MCINTYRE, TERRELL",3FGA,Missed Three Pointer,0,664,-38,A,,,,28,03:00,56,57,
2007,RS,7,73,348,OLY,PTFV,"WOODS, QYNTEL",3FGM,Three Pointer,3,-682,-61,F,,,,29,02:00,56,60,
2007,RS,7,73,350,SIE,PBLH,"LAVRINOVIC, KSISTOF",3FGM,Three Pointer,3,-110,653,J,,,,29,02:00,59,60,
2007,RS,7,73,360,SIE,PCCA,"THORNTON, BOOTSY",FTM,Free Throw In,1,-1,-1, ,,,,30,01:00,60,60,
2007,RS,7,73,363,OLY,PJDR,"TEODOSIC, MILOS",FTM,Free Throw In,1,-1,-1, ,,,,30,01:00,60,61,
2007,RS,7,73,364,OLY,PJDR,"TEODOSIC, MILOS",FTM,Free Throw In,1,-1,-1, ,,,,30,01:00,60,62,
2007,RS,7,73,365,OLY,PJDR,"TEODOSIC, MILOS",FTM,Free Throw In,1,-1,-1, ,,,,30,01:00,60,63,
2007,RS,7,73,370,SIE,PLMO,"SATO, ROMAIN",3FGA,Missed Three Pointer,0,638,251,A,,,,30,01:00,60,63,
2007,RS,7,73,380,SIE,PCCA,"THORNTON, BOOTSY",2FGA,Missed Two Pointer,0,210,53,C,,,,30,01:00,60,63,
2007,RS,7,73,395,OLY,PAMM,"PRINTEZIS, GEORGIOS",2FGM,Two Pointer,2,-89,33,D,,,,31,10:00,60,65,
2007,RS,7,73,397,SIE,PBLH,"LAVRINOVIC, KSISTOF",2FGA,Missed Two Pointer,0,207,112,C,,,,31,10:00,60,65,
2007,RS,7,73,403,SIE,PCCA,"THORNTON, BOOTSY",FTM,Free Throw In,1,-1,-1, ,,,,31,10:00,61,65,
2007,RS,7,73,404,SIE,PCCA,"THORNTON, BOOTSY",FTM,Free Throw In,1,-1,-1, ,,,,31,10:00,62,65,
2007,RS,7,73,409,OLY,PJDR,"TEODOSIC, MILOS",FTM,Free Throw In,1,-1,-1, ,,,,32,09:00,62,66,
2007,RS,7,73,410,SIE,PBLH,"LAVRINOVIC, KSISTOF",2FGM,Two Pointer,2,-56,102,D,,,,32,09:00,64,66,
2007,RS,7,73,417,OLY,PCBV,"MACIJAUSKAS, ARVYDAS",2FGAB,Missed Two Pointer,0,-102,74,D,,,,32,09:00,64,66,
2007,RS,7,73,423,SIE,PBJR,"KAUKENAS, RIMANTAS",2FGAB,Missed Two Pointer,0,128,58,C,,,,32,09:00,64,66,
2007,RS,7,73,426,SIE,PBLH,"LAVRINOVIC, KSISTOF",2FGA,Missed Two Pointer,0,25,146,C,,,,32,09:00,64,66,
2007,RS,7,73,428,SIE,PCCA,"THORNTON, BOOTSY",2FGA,Missed Two Pointer,0,-12,189,D,,,,32,09:00,64,66,
2007,RS,7,73,429,OLY,P000126,"JACKSON, MARC",2FGM,Two Pointer,2,28,74,C,,,,32,09:00,64,68,
2007,RS,7,73,432,SIE,PAPS,"ILIEVSKI, VLADO",3FGA,Missed Three Pointer,0,-687,-33,F,,,,32,09:00,64,68,
2007,RS,7,73,434,OLY,PAMM,"PRINTEZIS, GEORGIOS",3FGM,Three Pointer,3,-369,569,J,,,,32,09:00,64,71,
2007,RS,7,73,437,SIE,PBJR,"KAUKENAS, RIMANTAS",3FGM,Three Pointer,3,446,525,G,,,,34,07:00,67,71,
2007,RS,7,73,440,SIE,PAPS,"ILIEVSKI, VLADO",3FGA,Missed Three Pointer,0,-12,705,J,,,,34,07:00,67,71,
2007,RS,7,73,442,SIE,PJOC,"STONEROOK, SHAUN",2FGM,Two Pointer,2,0,10,D,,,,34,07:00,69,71,
2007,RS,7,73,444,OLY,P000126,"JACKSON, MARC",2FGM,Two Pointer,2,117,5,C,,,,35,06:00,69,73,
2007,RS,7,73,449,OLY,PCBV,"MACIJAUSKAS, ARVYDAS",2FGAB,Missed Two Pointer,0,-279,87,E,,,,35,06:00,69,73,
2007,RS,7,73,453,SIE,PCCA,"THORNTON, BOOTSY",3FGM,Three Pointer,3,684,92,A,,,,35,06:00,72,73,
2007,RS,7,73,462,OLY,P000126,"JACKSON, MARC",FTM,Free Throw In,1,-1,-1, ,,,,36,05:00,72,74,
2007,RS,7,73,463,OLY,P000126,"JACKSON, MARC",FTM,Free Throw In,1,-1,-1, ,,,,36,05:00,72,75,
2007,RS,7,73,464,SIE,PAPS,"ILIEVSKI, VLADO",3FGA,Missed Three Pointer,0,-323,548,J,,,,36,05:00,72,75,
2007,RS,7,73,479,SIE,PKWI,"MCINTYRE, TERRELL",3FGA,Missed Three Pointer,0,-30,720,J,,,,37,04:00,72,75,
2007,RS,7,73,481,OLY,PAMM,"PRINTEZIS, GEORGIOS",2FGM,Two Pointer,2,110,46,C,,,,37,04:00,72,77,
2007,RS,7,73,482,SIE,PBLH,"LAVRINOVIC, KSISTOF",3FGAB,Missed Three Pointer,0,-617,274,F,,,,37,04:00,72,77,
2007,RS,7,73,491,SIE,PLMO,"SATO, ROMAIN",3FGM,Three Pointer,3,61,676,G,,,,38,03:00,75,77,
2007,RS,7,73,493,OLY,PAMM,"PRINTEZIS, GEORGIOS",3FGA,Missed Three Pointer,0,530,479,G,,,,38,03:00,75,77,
2007,RS,7,73,495,SIE,PKWI,"MCINTYRE, TERRELL",3FGA,Missed Three Pointer,0,461,541,G,,,,38,03:00,75,77,
2007,RS,7,73,502,OLY,PCBV,"MACIJAUSKAS, ARVYDAS",FTM,Free Throw In,1,-1,-1, ,,,,39,02:00,75,78,
2007,RS,7,73,503,OLY,PCBV,"MACIJAUSKAS, ARVYDAS",FTM,Free Throw In,1,-1,-1, ,,,,39,02:00,75,79,
2007,RS,7,73,506,SIE,PCCA,"THORNTON, BOOTSY",3FGM,Three Pointer,3,535,438,G,,,,39,02:00,78,79,
2007,RS,7,73,514,SIE,PJOC,"STONEROOK, SHAUN",FTM,Free Throw In,1,-1,-1, ,,,,39,02:00,79,79,
2007,RS,7,73,515,SIE,PJOC,"STONEROOK, SHAUN",FTM,Free Throw In,1,-1,-1, ,,,,39,02:00,80,79,
2007,RS,7,73,520,SIE,PKWI,"MCINTYRE, TERRELL",2FGM,Two Pointer,2,-110,43,D,,,,40,01:00,82,79,
2007,RS,7,73,522,OLY,PJDR,"TEODOSIC, MILOS",3FGA,Missed Three Pointer,0,-376,530,J,,,,40,01:00,82,79,
2007,RS,7,73,528,OLY,PCBV,"MACIJAUSKAS, ARVYDAS",FTM,Free Throw In,1,-1,-1, ,,,,40,01:00,82,80,
2007,RS,7,73,529,OLY,PCBV,"MACIJAUSKAS, ARVYDAS",FTM,Free Throw In,1,-1,-1, ,,,,40,01:00,82,81,
2007,RS,7,73,530,SIE,PLMO,"SATO, ROMAIN",2FGM,Two Pointer,2,-71,48,D,,,,40,01:00,84,81,
2007,RS,7,73,536,OLY,PTFV,"WOODS, QYNTEL",3FGA,Missed Three Pointer,0,-576,346,F,,,,40,01:00,84,81,
2007,RS,7,73,540,SIE,PLMO,"SATO, ROMAIN",FTM,Free Throw In,1,-1,-1, ,,,,40,01:00,85,81,
2007,RS,7,73,541,SIE,PLMO,"SATO, ROMAIN",FTM,Free Throw In,1,-1,-1, ,,,,40,01:00,86,81,
2007,RS,7,73,542,OLY,PCBV,"MACIJAUSKAS, ARVYDAS",3FGM,Three Pointer,3,-471,497,J,,,,40,01:00,86,84,
2007,RS,7,74,2,LJU,PAIV,"MILIC, MARKO",2FGM,Two Pointer,2,46,48,C,,,,1,10:00,2,0,
2007,RS,7,74,3,SOP,PBCM,"HARISSIS, CHRISTOS",3FGM,Three Pointer,3,-87,717,J,,,,1,10:00,2,3,
2007,RS,7,74,5,LJU,PTHB,"DRAGIC, GORAN",3FGA,Missed Three Pointer,0,246,689,G,,,,2,09:00,2,3,
2007,RS,7,74,8,LJU,PAIV,"MILIC, MARKO",2FGM,Two Pointer,2,100,166,C,,,,2,09:00,4,3,
2007,RS,7,74,9,SOP,PAUL,"STANOJEVIC, JOVO",2FGAB,Missed Two Pointer,0,174,-15,C,,,,2,09:00,4,3,
2007,RS,7,74,18,SOP,PACY,"SLANINA, DONATAS",2FGA,Missed Two Pointer,0,-130,341,D,,,,3,08:00,4,3,
2007,RS,7,74,21,LJU,PJYE,"RIZVIC, HASAN",2FGM,Two Pointer,2,-64,69,D,,,,3,08:00,6,3,
2007,RS,7,74,22,SOP,PABC,"GUROVIC, MILAN",2FGA,Missed Two Pointer,0,-82,76,D,,,,3,08:00,6,3,
2007,RS,7,74,24,LJU,PTGK,"BAILEY, MAURICE",2FGA,Missed Two Pointer,0,-76,87,D,,,,3,08:00,6,3,
2007,RS,7,74,26,SOP,PBCM,"HARISSIS, CHRISTOS",2FGA,Missed Two Pointer,0,-153,182,D,,,,3,08:00,6,3,
2007,RS,7,74,28,SOP,PACX,"MASIULIS, TOMAS",3FGA,Missed Three Pointer,0,-35,682,J,,,,4,07:00,6,3,
2007,RS,7,74,34,LJU,PTHB,"DRAGIC, GORAN",2FGM,Two Pointer,2,38,51,C,,,,4,07:00,8,3,
2007,RS,7,74,35,SOP,PAUL,"STANOJEVIC, JOVO",2FGM,Two Pointer,2,246,410,B,,,,4,07:00,8,5,
2007,RS,7,74,36,LJU,PAIV,"MILIC, MARKO",2FGA,Missed Two Pointer,0,-69,171,D,,,,4,07:00,8,5,
2007,RS,7,74,39,SOP,PABC,"GUROVIC, MILAN",3FGA,Missed Three Pointer,0,-535,523,J,,,,5,06:00,8,5,
2007,RS,7,74,47,SOP,PACY,"SLANINA, DONATAS",3FGAB,Missed Three Pointer,0,156,648,G,,,,5,06:00,8,5,
2007,RS,7,74,54,SOP,PAUL,"STANOJEVIC, JOVO",2FGM,Two Pointer,2,-51,58,D,,,,6,05:00,8,7,
2007,RS,7,74,55,LJU,PAPY,"HUKIC, JASMIN",3FGA,Missed Three Pointer,0,-369,587,J,,,,6,05:00,8,7,
2007,RS,7,74,58,SOP,PAUL,"STANOJEVIC, JOVO",2FGA,Missed Two Pointer,0,79,61,C,,,,6,05:00,8,7,
2007,RS,7,74,60,SOP,PABC,"GUROVIC, MILAN",2FGA,Missed Two Pointer,0,-102,61,D,,,,6,05:00,8,7,
2007,RS,7,74,62,LJU,P000184,"BOOKER, CHRIS",2FGM,Two Pointer,2,-97,417,D,,,,7,04:00,10,7,
2007,RS,7,74,69,LJU,P000184,"BOOKER, CHRIS",FTM,Free Throw In,1,-1,-1, ,,,,7,04:00,11,7,
2007,RS,7,74,73,LJU,PTGK,"BAILEY, MAURICE",3FGA,Missed Three Pointer,0,17,723,G,,,,7,04:00,11,7,
2007,RS,7,74,75,SOP,PBCM,"HARISSIS, CHRISTOS",2FGA,Missed Two Pointer,0,-102,64,D,,,,7,04:00,11,7,
2007,RS,7,74,77,LJU,PTGK,"BAILEY, MAURICE",3FGA,Missed Three Pointer,0,494,533,G,,,,7,04:00,11,7,
2007,RS,7,74,85,SOP,PTGA,"WAGNER, DAJUAN",2FGA,Missed Two Pointer,0,146,143,C,,,,8,03:00,11,7,
2007,RS,7,74,89,SOP,P000668,"SHAKUR, MUSTAFA",2FGA,Missed Two Pointer,0,-61,48,D,,,,8,03:00,11,7,
2007,RS,7,74,92,LJU,P000184,"BOOKER, CHRIS",3FGA,Missed Three Pointer,0,356,641,G,,,,9,02:00,11,7,
2007,RS,7,74,95,SOP,PTFZ,"ROSZYK, KRZYSZTOF",3FGM,Three Pointer,3,679,76,A,,,,9,02:00,11,10,
2007,RS,7,74,101,LJU,PAIV,"MILIC, MARKO",FTM,Free Throw In,1,-1,-1, ,,,,9,02:00,12,10,
2007,RS,7,74,104,LJU,PAIV,"MILIC, MARKO",FTM,Free Throw In,1,-1,-1, ,,,,9,02:00,13,10,
2007,RS,7,74,107,SOP,PTGA,"WAGNER, DAJUAN",2FGAB,Missed Two Pointer,0,-135,41,D,,,,9,02:00,13,10,
2007,RS,7,74,111,SOP,PTGA,"WAGNER, DAJUAN",3FGM,Three Pointer,3,210,674,G,,,,10,01:00,13,13,
2007,RS,7,74,112,LJU,PTGG,"TAYLOR, RONELL",3FGA,Missed Three Pointer,0,-630,341,F,,,,10,01:00,13,13,
2007,RS,7,74,114,SOP,PTGA,"WAGNER, DAJUAN",2FGM,Two Pointer,2,-76,289,D,,,,10,01:00,13,15,
2007,RS,7,74,121,SOP,P000668,"SHAKUR, MUSTAFA",2FGA,Missed Two Pointer,0,-400,441,I,,,,11,10:00,13,15,
2007,RS,7,74,124,SOP,P000668,"SHAKUR, MUSTAFA",2FGA,Missed Two Pointer,0,-164,74,D,,,,11,10:00,13,15,
2007,RS,7,74,128,SOP,PTGA,"WAGNER, DAJUAN",2FGA,Missed Two Pointer,0,-87,46,D,,,,12,09:00,13,15,
2007,RS,7,74,130,LJU,PTGJ,"MOCNIK, JAN",3FGA,Missed Three Pointer,0,230,671,G,,,,12,09:00,13,15,
2007,RS,7,74,132,SOP,PTFZ,"ROSZYK, KRZYSZTOF",3FGA,Missed Three Pointer,0,-415,592,J,,,,12,09:00,13,15,
2007,RS,7,74,135,LJU,PAPY,"HUKIC, JASMIN",3FGM,Three Pointer,3,671,192,A,,,,13,08:00,16,15,
2007,RS,7,74,136,SOP,PTGA,"WAGNER, DAJUAN",3FGA,Missed Three Pointer,0,697,115,A,,,,13,08:00,16,15,
2007,RS,7,74,144,LJU,PAPY,"HUKIC, JASMIN",3FGM,Three Pointer,3,558,443,G,,,,13,08:00,19,15,
2007,RS,7,74,152,LJU,PAPY,"HUKIC, JASMIN",3FGA,Missed Three Pointer,0,-379,594,J,,,,14,07:00,19,15,
2007,RS,7,74,154,SOP,PCLQ,"DYLEWICZ, FILIP",2FGA,Missed Two Pointer,0,-41,212,D,,,,14,07:00,19,15,
2007,RS,7,74,157,LJU,PTGK,"BAILEY, MAURICE",3FGM,Three Pointer,3,-279,625,J,,,,14,07:00,22,15,
2007,RS,7,74,165,SOP,PTGA,"WAGNER, DAJUAN",2FGA,Missed Two Pointer,0,-41,97,D,,,,15,06:00,22,15,
2007,RS,7,74,167,SOP,PAUL,"STANOJEVIC, JOVO",2FGM,Two Pointer,2,-41,66,D,,,,15,06:00,22,17,
2007,RS,7,74,169,LJU,PLHD,"ZUPAN, MIHA",3FGM,Three Pointer,3,-15,687,J,,,,15,06:00,25,17,
2007,RS,7,74,170,SOP,P000668,"SHAKUR, MUSTAFA",2FGM,Two Pointer,2,-10,10,D,,,,15,06:00,25,19,
2007,RS,7,74,171,LJU,PAPY,"HUKIC, JASMIN",3FGA,Missed Three Pointer,0,474,574,G,,,,15,06:00,25,19,
2007,RS,7,74,174,SOP,PAUL,"STANOJEVIC, JOVO",2FGA,Missed Two Pointer,0,-66,217,D,,,,16,05:00,25,19,
2007,RS,7,74,176,LJU,P000184,"BOOKER, CHRIS",2FGA,Missed Two Pointer,0,41,105,C,,,,16,05:00,25,19,
2007,RS,7,74,181,LJU,PTGK,"BAILEY, MAURICE",2FGA,Missed Two Pointer,0,58,51,C,,,,16,05:00,25,19,
2007,RS,7,74,186,LJU,P000184,"BOOKER, CHRIS",2FGM,Two Pointer,2,76,33,C,,,,16,05:00,27,19,
2007,RS,7,74,190,LJU,PAPY,"HUKIC, JASMIN",3FGA,Missed Three Pointer,0,494,505,G,,,,17,04:00,27,19,
2007,RS,7,74,192,SOP,PTGA,"WAGNER, DAJUAN",2FGA,Missed Two Pointer,0,-138,100,D,,,,17,04:00,27,19,
2007,RS,7,74,202,LJU,PTHB,"DRAGIC, GORAN",FTM,Free Throw In,1,-1,-1, ,,,,17,04:00,28,19,
2007,RS,7,74,203,LJU,PTHB,"DRAGIC, GORAN",FTM,Free Throw In,1,-1,-1, ,,,,17,04:00,29,19,
2007,RS,7,74,205,SOP,PCLQ,"DYLEWICZ, FILIP",2FGM,Two Pointer,2,7,84,C,,,,17,04:00,29,21,
2007,RS,7,74,207,LJU,PTGI,"DONCIC, SASA",2FGM,Two Pointer,2,53,89,C,,,,18,03:00,31,21,
2007,RS,7,74,208,SOP,PACY,"SLANINA, DONATAS",2FGA,Missed Two Pointer,0,-38,66,D,,,,18,03:00,31,21,
2007,RS,7,74,213,LJU,PTGK,"BAILEY, MAURICE",FTM,Free Throw In,1,-1,-1, ,,,,18,03:00,32,21,
2007,RS,7,74,217,SOP,PAUL,"STANOJEVIC, JOVO",2FGM,Two Pointer,2,-25,215,D,,,,19,02:00,32,23,
2007,RS,7,74,218,LJU,PTGK,"BAILEY, MAURICE",3FGA,Missed Three Pointer,0,169,653,G,,,,19,02:00,32,23,
2007,RS,7,74,220,LJU,PTGI,"DONCIC, SASA",2FGM,Two Pointer,2,253,364,B,,,,19,02:00,34,23,
2007,RS,7,74,228,LJU,PJYE,"RIZVIC, HASAN",2FGA,Missed Two Pointer,0,343,71,B,,,,19,02:00,34,23,
2007,RS,7,74,235,LJU,PTGI,"DONCIC, SASA",FTM,Free Throw In,1,-1,-1, ,,,,20,01:00,35,23,
2007,RS,7,74,239,SOP,PACY,"SLANINA, DONATAS",3FGM,Three Pointer,3,679,153,A,,,,20,01:00,35,26,
2007,RS,7,74,240,LJU,PLHD,"ZUPAN, MIHA",3FGA,Missed Three Pointer,0,697,69,A,,,,20,01:00,35,26,
2007,RS,7,74,252,SOP,PTGA,"WAGNER, DAJUAN",2FGA,Missed Two Pointer,0,-143,105,D,,,,20,01:00,35,26,
2007,RS,7,74,266,LJU,PTHB,"DRAGIC, GORAN",3FGA,Missed Three Pointer,0,-312,612,J,,,,21,10:00,35,26,
2007,RS,7,74,268,SOP,PCLQ,"DYLEWICZ, FILIP",3FGM,Three Pointer,3,251,610,G,,,,21,10:00,35,29,
2007,RS,7,74,273,SOP,PABC,"GUROVIC, MILAN",3FGA,Missed Three Pointer,0,551,533,G,,,,21,10:00,35,29,
2007,RS,7,74,274,SOP,PACY,"SLANINA, DONATAS",2FGM,Two Pointer,2,102,33,C,,,,21,10:00,35,31,
2007,RS,7,74,276,LJU,PAIV,"MILIC, MARKO",2FGA,Missed Two Pointer,0,-15,51,D,,,,22,09:00,35,31,
2007,RS,7,74,278,SOP,PAUL,"STANOJEVIC, JOVO",2FGAB,Missed Two Pointer,0,53,87,C,,,,22,09:00,35,31,
2007,RS,7,74,284,LJU,PTGK,"BAILEY, MAURICE",3FGA,Missed Three Pointer,0,-405,525,J,,,,22,09:00,35,31,
2007,RS,7,74,286,SOP,PACY,"SLANINA, DONATAS",2FGA,Missed Two Pointer,0,25,533,H,,,,22,09:00,35,31,
2007,RS,7,74,289,LJU,PAIV,"MILIC, MARKO",2FGA,Missed Two Pointer,0,-33,48,D,,,,23,08:00,35,31,
2007,RS,7,74,299,SOP,PAUL,"STANOJEVIC, JOVO",2FGM,Two Pointer,2,92,56,C,,,,24,07:00,35,33,
2007,RS,7,74,301,LJU,PAPY,"HUKIC, JASMIN",3FGM,Three Pointer,3,669,-2,A,,,,24,07:00,38,33,
2007,RS,7,74,305,LJU,PTHB,"DRAGIC, GORAN",2FGM,Two Pointer,2,28,30,C,,,,24,07:00,40,33,
2007,RS,7,74,314,SOP,PCLQ,"DYLEWICZ, FILIP",2FGM,Two Pointer,2,33,25,C,,,,25,06:00,40,35,
2007,RS,7,74,318,LJU,PLHD,"ZUPAN, MIHA",2FGA,Missed Two Pointer,0,-97,41,D,,,,26,05:00,40,35,
2007,RS,7,74,320,SOP,PABC,"GUROVIC, MILAN",2FGA,Missed Two Pointer,0,-338,17,E,,,,26,05:00,40,35,
2007,RS,7,74,321,LJU,PAPY,"HUKIC, JASMIN",3FGA,Missed Three Pointer,0,-651,200,F,,,,26,05:00,40,35,
2007,RS,7,74,325,SOP,PBCM,"HARISSIS, CHRISTOS",2FGM,Two Pointer,2,58,41,C,,,,26,05:00,40,37,
2007,RS,7,74,327,LJU,PTHB,"DRAGIC, GORAN",2FGM,Two Pointer,2,71,46,C,,,,27,04:00,42,37,
2007,RS,7,74,328,SOP,PBCM,"HARISSIS, CHRISTOS",3FGA,Missed Three Pointer,0,579,417,A,,,,27,04:00,42,37,
2007,RS,7,74,329,LJU,PLHD,"ZUPAN, MIHA",3FGA,Missed Three Pointer,0,-17,679,J,,,,27,04:00,42,37,
2007,RS,7,74,335,SOP,PACY,"SLANINA, DONATAS",3FGAB,Missed Three Pointer,0,-200,638,J,,,,27,04:00,42,37,
2007,RS,7,74,339,SOP,PCLQ,"DYLEWICZ, FILIP",2FGM,Two Pointer,2,138,48,C,,,,27,04:00,42,39,
2007,RS,7,74,344,LJU,PAIV,"MILIC, MARKO",2FGM,Two Pointer,2,-51,48,D,,,,28,03:00,44,39,
2007,RS,7,74,346,SOP,PBCM,"HARISSIS, CHRISTOS",2FGM,Two Pointer,2,-84,271,D,,,,29,02:00,44,41,
2007,RS,7,74,347,LJU,PAIV,"MILIC, MARKO",2FGA,Missed Two Pointer,0,48,33,C,,,,29,02:00,44,41,
2007,RS,7,74,349,LJU,PAIV,"MILIC, MARKO",2FGM,Two Pointer,2,-41,12,D,,,,29,02:00,46,41,
2007,RS,7,74,350,SOP,PTFZ,"ROSZYK, KRZYSZTOF",3FGA,Missed Three Pointer,0,-525,482,J,,,,29,02:00,46,41,
2007,RS,7,74,353,LJU,PTHB,"DRAGIC, GORAN",3FGM,Three Pointer,3,161,664,G,,,,30,01:00,49,41,
2007,RS,7,74,354,SOP,PTFZ,"ROSZYK, KRZYSZTOF",2FGA,Missed Two Pointer,0,-20,189,D,,,,30,01:00,49,41,
2007,RS,7,74,362,LJU,PTGJ,"MOCNIK, JAN",3FGA,Missed Three Pointer,0,-523,492,J,,,,30,01:00,49,41,
2007,RS,7,74,369,SOP,PACY,"SLANINA, DONATAS",FTM,Free Throw In,1,-1,-1, ,,,,31,10:00,49,42,
2007,RS,7,74,370,SOP,PACY,"SLANINA, DONATAS",FTM,Free Throw In,1,-1,-1, ,,,,31,10:00,49,43,
2007,RS,7,74,371,SOP,PACY,"SLANINA, DONATAS",3FGA,Missed Three Pointer,0,600,358,A,,,,31,10:00,49,43,
2007,RS,7,74,373,LJU,PAPY,"HUKIC, JASMIN",2FGM,Two Pointer,2,-43,343,D,,,,31,10:00,51,43,
2007,RS,7,74,384,LJU,PAIV,"MILIC, MARKO",2FGM,Two Pointer,2,5,76,C,,,,32,09:00,53,43,
2007,RS,7,74,394,LJU,PAPY,"HUKIC, JASMIN",3FGA,Missed Three Pointer,0,-692,343,F,,,,34,07:00,53,43,
2007,RS,7,74,397,LJU,PTGJ,"MOCNIK, JAN",3FGA,Missed Three Pointer,0,671,2,A,,,,34,07:00,53,43,
2007,RS,7,74,401,LJU,PTHB,"DRAGIC, GORAN",2FGM,Two Pointer,2,33,53,C,,,,34,07:00,55,43,
2007,RS,7,74,407,SOP,PBCM,"HARISSIS, CHRISTOS",2FGA,Missed Two Pointer,0,35,433,H,,,,35,06:00,55,43,
2007,RS,7,74,409,LJU,P000184,"BOOKER, CHRIS",2FGA,Missed Two Pointer,0,-28,43,D,,,,35,06:00,55,43,
2007,RS,7,74,419,SOP,PACX,"MASIULIS, TOMAS",3FGA,Missed Three Pointer,0,328,602,G,,,,35,06:00,55,43,
2007,RS,7,74,420,LJU,PTHB,"DRAGIC, GORAN",3FGA,Missed Three Pointer,0,-656,241,F,,,,35,06:00,55,43,
2007,RS,7,74,424,LJU,PTHB,"DRAGIC, GORAN",2FGM,Two Pointer,2,-58,43,D,,,,36,05:00,57,43,
2007,RS,7,74,426,SOP,PTGA,"WAGNER, DAJUAN",2FGA,Missed Two Pointer,0,76,38,C,,,,37,04:00,57,43,
2007,RS,7,74,428,SOP,PAUL,"STANOJEVIC, JOVO",2FGM,Two Pointer,2,117,17,C,,,,37,04:00,57,45,
2007,RS,7,74,429,LJU,PAPY,"HUKIC, JASMIN",2FGM,Two Pointer,2,-389,238,E,,,,37,04:00,59,45,
2007,RS,7,74,434,LJU,PTGK,"BAILEY, MAURICE",2FGM,Two Pointer,2,7,41,C,,,,38,03:00,61,45,
2007,RS,7,74,437,SOP,PTFZ,"ROSZYK, KRZYSZTOF",2FGA,Missed Two Pointer,0,-66,0,D,,,,38,03:00,61,45,
2007,RS,7,74,440,LJU,PAPY,"HUKIC, JASMIN",3FGM,Three Pointer,3,-430,564,J,,,,38,03:00,64,45,
2007,RS,7,74,448,LJU,PAIV,"MILIC, MARKO",2FGA,Missed Two Pointer,0,-107,41,D,,,,39,02:00,64,45,
2007,RS,7,74,452,SOP,PBCM,"HARISSIS, CHRISTOS",3FGM,Three Pointer,3,-374,538,J,,,,39,02:00,64,48,
2007,RS,7,74,453,LJU,PTGK,"BAILEY, MAURICE",2FGA,Missed Two Pointer,0,-169,197,D,,,,39,02:00,64,48,
2007,RS,7,74,456,LJU,PAIV,"MILIC, MARKO",2FGM,Two Pointer,2,-12,30,D,,,,39,02:00,66,48,
2007,RS,7,74,458,SOP,PTFZ,"ROSZYK, KRZYSZTOF",2FGAB,Missed Two Pointer,0,82,28,C,,,,39,02:00,66,48,
2007,RS,7,74,464,SOP,PAUL,"STANOJEVIC, JOVO",FTM,Free Throw In,1,-1,-1, ,,,,40,01:00,66,49,
2007,RS,7,74,468,LJU,PAIV,"MILIC, MARKO",2FGM,Two Pointer,2,-2,7,D,,,,40,01:00,68,49,
2007,RS,7,74,469,SOP,PCLQ,"DYLEWICZ, FILIP",3FGA,Missed Three Pointer,0,600,328,A,,,,40,01:00,68,49,
2007,RS,7,75,9,VIR,PTGV,"ANDERSON, ALAN",2FGM,Two Pointer,2,-151,276,D,,,,2,09:00,0,2,
2007,RS,7,75,10,CSK,PAUC,"GOREE, MARCUS",2FGA,Missed Two Pointer,0,138,-10,C,,,,2,09:00,0,2,
2007,RS,7,75,12,VIR,PTGQ,"DI BELLA, FABIO",3FGA,Missed Three Pointer,0,-325,602,J,,,,2,09:00,0,2,
2007,RS,7,75,17,CSK,PAKT,"ANDERSEN, DAVID",2FGM,Two Pointer,2,-46,0,D,,,,2,09:00,2,2,
2007,RS,7,75,19,VIR,PTGV,"ANDERSON, ALAN",2FGA,Missed Two Pointer,0,294,-2,B,,,,3,08:00,2,2,
2007,RS,7,75,22,CSK,PAKT,"ANDERSEN, DAVID",3FGM,Three Pointer,3,7,679,G,,,,3,08:00,5,2,
2007,RS,7,75,23,VIR,PTGM,"SPENCER, DEWARICK",3FGA,Missed Three Pointer,0,-405,523,J,,,,3,08:00,5,2,
2007,RS,7,75,25,CSK,PAQO,"HOLDEN, JON ROBERT",2FGM,Two Pointer,2,-46,28,D,,,,3,08:00,7,2,
2007,RS,7,75,28,CSK,PAQO,"HOLDEN, JON ROBERT",FTM,Free Throw In,1,-1,-1, ,,,,3,08:00,8,2,
2007,RS,7,75,29,VIR,PTGQ,"DI BELLA, FABIO",2FGM,Two Pointer,2,-58,-7,D,,,,3,08:00,8,4,
2007,RS,7,75,31,CSK,PBEB,"LANGDON, TRAJAN",3FGAB,Missed Three Pointer,0,23,666,G,,,,4,07:00,8,4,
2007,RS,7,75,39,VIR,PTGM,"SPENCER, DEWARICK",2FGA,Missed Two Pointer,0,-328,15,E,,,,4,07:00,8,4,
2007,RS,7,75,41,CSK,PAQO,"HOLDEN, JON ROBERT",2FGA,Missed Two Pointer,0,-61,69,D,,,,4,07:00,8,4,
2007,RS,7,75,43,CSK,PAUC,"GOREE, MARCUS",2FGM,Two Pointer,2,-51,35,D,,,,4,07:00,10,4,
2007,RS,7,75,44,VIR,PLHB,"GARRI, LUCA",3FGA,Missed Three Pointer,0,-387,553,J,,,,4,07:00,10,4,
2007,RS,7,75,46,VIR,PTGQ,"DI BELLA, FABIO",2FGA,Missed Two Pointer,0,-464,158,E,,,,4,07:00,10,4,
2007,RS,7,75,51,CSK,PJMM,"SISKAUSKAS, RAMUNAS",2FGM,Two Pointer,2,64,46,C,,,,5,06:00,12,4,
2007,RS,7,75,53,VIR,PLHB,"GARRI, LUCA",3FGM,Three Pointer,3,-423,510,J,,,,5,06:00,12,7,
2007,RS,7,75,55,CSK,PAUC,"GOREE, MARCUS",2FGM,Two Pointer,2,-66,79,D,,,,5,06:00,14,7,
2007,RS,7,75,57,VIR,PLHB,"GARRI, LUCA",2FGM,Two Pointer,2,-76,15,D,,,,6,05:00,14,9,
2007,RS,7,75,62,CSK,PAKT,"ANDERSEN, DAVID",2FGM,Two Pointer,2,-156,10,D,,,,6,05:00,16,9,
2007,RS,7,75,63,VIR,P000672,"MC GRATH, DONALD MICHAEL",2FGM,Two Pointer,2,-35,582,I,,,,6,05:00,16,11,
2007,RS,7,75,65,CSK,PAKT,"ANDERSEN, DAVID",2FGM,Two Pointer,2,46,33,C,,,,7,04:00,18,11,
2007,RS,7,75,67,VIR,PBEW,"CHIACIG, ROBERTO",2FGM,Two Pointer,2,-71,23,D,,,,7,04:00,18,13,
2007,RS,7,75,78,CSK,PBEB,"LANGDON, TRAJAN",2FGM,Two Pointer,2,430,146,B,,,,8,03:00,20,13,
2007,RS,7,75,79,VIR,PTGL,"HOLLAND, DELONTE",2FGA,Missed Two Pointer,0,112,25,C,,,,8,03:00,20,13,
2007,RS,7,75,80,VIR,PBEW,"CHIACIG, ROBERTO",2FGM,Two Pointer,2,-82,15,D,,,,8,03:00,20,15,
2007,RS,7,75,83,VIR,PBEW,"CHIACIG, ROBERTO",FTM,Free Throw In,1,-1,-1, ,,,,8,03:00,20,16,
2007,RS,7,75,86,CSK,PAKT,"ANDERSEN, DAVID",FTM,Free Throw In,1,-1,-1, ,,,,8,03:00,21,16,
2007,RS,7,75,87,CSK,PAKT,"ANDERSEN, DAVID",FTM,Free Throw In,1,-1,-1, ,,,,8,03:00,22,16,
2007,RS,7,75,91,VIR,PTGL,"HOLLAND, DELONTE",2FGM,Two Pointer,2,392,-25,B,,,,9,02:00,22,18,
2007,RS,7,75,96,CSK,PABN,"ZISIS, NIKOLAOS",FTM,Free Throw In,1,-1,-1, ,,,,9,02:00,23,18,
2007,RS,7,75,97,CSK,PABN,"ZISIS, NIKOLAOS",FTM,Free Throw In,1,-1,-1, ,,,,9,02:00,24,18,
2007,RS,7,75,100,VIR,PTGM,"SPENCER, DEWARICK",2FGA,Missed Two Pointer,0,-202,271,D,,,,9,02:00,24,18,
2007,RS,7,75,102,CSK,PAUC,"GOREE, MARCUS",2FGA,Missed Two Pointer,0,82,92,C,,,,9,02:00,24,18,
2007,RS,7,75,116,VIR,PTGL,"HOLLAND, DELONTE",2FGA,Missed Two Pointer,0,384,76,B,,,,10,01:00,24,18,
2007,RS,7,75,118,CSK,PABN,"ZISIS, NIKOLAOS",2FGM,Two Pointer,2,-71,238,D,,,,10,01:00,26,18,
2007,RS,7,75,125,CSK,PJMM,"SISKAUSKAS, RAMUNAS",2FGA,Missed Two Pointer,0,538,-51,B,,,,11,10:00,26,18,
2007,RS,7,75,129,VIR,PTGL,"HOLLAND, DELONTE",2FGM,Two Pointer,2,-61,28,D,,,,11,10:00,26,20,
2007,RS,7,75,133,VIR,PTGV,"ANDERSON, ALAN",2FGA,Missed Two Pointer,0,335,41,B,,,,11,10:00,26,20,
2007,RS,7,75,137,CSK,PJMM,"SISKAUSKAS, RAMUNAS",3FGM,Three Pointer,3,635,164,A,,,,12,09:00,29,20,
2007,RS,7,75,138,VIR,PTGO,"CROSARIOL, ANDREA",2FGA,Missed Two Pointer,0,-89,41,D,,,,12,09:00,29,20,
2007,RS,7,75,140,VIR,PTGL,"HOLLAND, DELONTE",2FGM,Two Pointer,2,58,12,C,,,,12,09:00,29,22,
2007,RS,7,75,142,CSK,PAUC,"GOREE, MARCUS",2FGM,Two Pointer,2,-53,38,D,,,,12,09:00,31,22,
2007,RS,7,75,144,VIR,PTGM,"SPENCER, DEWARICK",2FGM,Two Pointer,2,174,28,C,,,,13,08:00,31,24,
2007,RS,7,75,145,CSK,PAKT,"ANDERSEN, DAVID",3FGA,Missed Three Pointer,0,382,571,G,,,,13,08:00,31,24,
2007,RS,7,75,153,VIR,PTGO,"CROSARIOL, ANDREA",2FGM,Two Pointer,2,43,5,C,,,,13,08:00,31,26,
2007,RS,7,75,154,CSK,PJMM,"SISKAUSKAS, RAMUNAS",2FGA,Missed Two Pointer,0,-274,194,E,,,,13,08:00,31,26,
2007,RS,7,75,159,CSK,PAUC,"GOREE, MARCUS",2FGA,Missed Two Pointer,0,425,105,B,,,,14,07:00,31,26,
2007,RS,7,75,165,CSK,PBEB,"LANGDON, TRAJAN",3FGA,Missed Three Pointer,0,-207,656,J,,,,14,07:00,31,26,
2007,RS,7,75,168,CSK,PAUC,"GOREE, MARCUS",2FGM,Two Pointer,2,5,7,C,,,,14,07:00,33,26,
2007,RS,7,75,169,VIR,PLHB,"GARRI, LUCA",2FGA,Missed Two Pointer,0,315,123,B,,,,14,07:00,33,26,
2007,RS,7,75,172,CSK,PJMM,"SISKAUSKAS, RAMUNAS",3FGA,Missed Three Pointer,0,635,107,A,,,,15,06:00,33,26,
2007,RS,7,75,176,CSK,PABN,"ZISIS, NIKOLAOS",2FGA,Missed Two Pointer,0,89,7,C,,,,15,06:00,33,26,
2007,RS,7,75,178,VIR,PTGQ,"DI BELLA, FABIO",2FGAB,Missed Two Pointer,0,-46,48,D,,,,15,06:00,33,26,
2007,RS,7,75,190,CSK,PBEB,"LANGDON, TRAJAN",2FGM,Two Pointer,2,-97,10,D,,,,16,05:00,35,26,
2007,RS,7,75,191,VIR,PTGL,"HOLLAND, DELONTE",2FGM,Two Pointer,2,-317,469,I,,,,16,05:00,35,28,
2007,RS,7,75,198,CSK,PBEB,"LANGDON, TRAJAN",2FGAB,Missed Two Pointer,0,-56,51,D,,,,17,04:00,35,28,
2007,RS,7,75,212,CSK,PBEB,"LANGDON, TRAJAN",FTM,Free Throw In,1,-1,-1, ,,,,18,03:00,36,28,
2007,RS,7,75,213,CSK,PBEB,"LANGDON, TRAJAN",FTM,Free Throw In,1,-1,-1, ,,,,18,03:00,37,28,
2007,RS,7,75,214,VIR,PTGV,"ANDERSON, ALAN",3FGA,Missed Three Pointer,0,307,589,G,,,,18,03:00,37,28,
2007,RS,7,75,220,CSK,PAKT,"ANDERSEN, DAVID",FTM,Free Throw In,1,-1,-1, ,,,,18,03:00,38,28,
2007,RS,7,75,221,CSK,PAKT,"ANDERSEN, DAVID",FTM,Free Throw In,1,-1,-1, ,,,,18,03:00,39,28,
2007,RS,7,75,222,VIR,PTGL,"HOLLAND, DELONTE",2FGA,Missed Two Pointer,0,310,84,B,,,,18,03:00,39,28,
2007,RS,7,75,229,VIR,PTGV,"ANDERSON, ALAN",2FGM,Two Pointer,2,30,28,C,,,,19,02:00,39,30,
2007,RS,7,75,230,CSK,PAQO,"HOLDEN, JON ROBERT",2FGA,Missed Two Pointer,0,66,84,C,,,,19,02:00,39,30,
2007,RS,7,75,232,VIR,PTGV,"ANDERSON, ALAN",3FGA,Missed Three Pointer,0,-17,687,J,,,,19,02:00,39,30,
2007,RS,7,75,235,CSK,PBEB,"LANGDON, TRAJAN",2FGA,Missed Two Pointer,0,30,435,H,,,,20,01:00,39,30,
2007,RS,7,75,237,VIR,P000672,"MC GRATH, DONALD MICHAEL",3FGA,Missed Three Pointer,0,497,420,A,,,,20,01:00,39,30,
2007,RS,7,75,250,VIR,PTGL,"HOLLAND, DELONTE",3FGM,Three Pointer,3,658,2,A,,,,20,01:00,39,33,
2007,RS,7,75,256,VIR,PTGO,"CROSARIOL, ANDREA",2FGM,Two Pointer,2,-30,10,D,,,,21,10:00,39,35,
2007,RS,7,75,261,CSK,PAQO,"HOLDEN, JON ROBERT",2FGA,Missed Two Pointer,0,-2,569,I,,,,21,10:00,39,35,
2007,RS,7,75,271,VIR,PTGV,"ANDERSON, ALAN",2FGA,Missed Two Pointer,0,17,356,C,,,,22,09:00,39,35,
2007,RS,7,75,273,CSK,PAQO,"HOLDEN, JON ROBERT",2FGM,Two Pointer,2,353,438,H,,,,22,09:00,41,35,
2007,RS,7,75,275,VIR,PTGV,"ANDERSON, ALAN",2FGA,Missed Two Pointer,0,-374,274,E,,,,23,08:00,41,35,
2007,RS,7,75,279,CSK,PJMM,"SISKAUSKAS, RAMUNAS",FTM,Free Throw In,1,-1,-1, ,,,,23,08:00,42,35,
2007,RS,7,75,280,CSK,PJMM,"SISKAUSKAS, RAMUNAS",FTM,Free Throw In,1,-1,-1, ,,,,23,08:00,43,35,
2007,RS,7,75,281,CSK,PJMM,"SISKAUSKAS, RAMUNAS",FTM,Free Throw In,1,-1,-1, ,,,,23,08:00,44,35,
2007,RS,7,75,284,CSK,PAUC,"GOREE, MARCUS",2FGM,Two Pointer,2,0,0,D,,,,23,08:00,46,35,
2007,RS,7,75,286,VIR,PTGM,"SPENCER, DEWARICK",3FGA,Missed Three Pointer,0,-210,638,J,,,,24,07:00,46,35,
2007,RS,7,75,294,CSK,PJMM,"SISKAUSKAS, RAMUNAS",2FGM,Two Pointer,2,287,200,B,,,,24,07:00,48,35,
2007,RS,7,75,296,VIR,PTGM,"SPENCER, DEWARICK",3FGM,Three Pointer,3,-661,64,F,,,,24,07:00,48,38,
2007,RS,7,75,298,CSK,PJEQ,"KASHIROV, ANATOLY",2FGA,Missed Two Pointer,0,64,7,C,,,,25,06:00,48,38,
2007,RS,7,75,300,VIR,PTGQ,"DI BELLA, FABIO",2FGA,Missed Two Pointer,0,156,35,C,,,,25,06:00,48,38,
2007,RS,7,75,304,VIR,PTGM,"SPENCER, DEWARICK",2FGA,Missed Two Pointer,0,-56,5,D,,,,25,06:00,48,38,
2007,RS,7,75,305,VIR,PTGM,"SPENCER, DEWARICK",2FGAB,Missed Two Pointer,0,58,10,C,,,,25,06:00,48,38,
2007,RS,7,75,310,CSK,PJMM,"SISKAUSKAS, RAMUNAS",3FGA,Missed Three Pointer,0,643,41,A,,,,26,05:00,48,38,
2007,RS,7,75,316,VIR,PTGL,"HOLLAND, DELONTE",2FGA,Missed Two Pointer,0,-2,574,I,,,,26,05:00,48,38,
2007,RS,7,75,319,CSK,PAQO,"HOLDEN, JON ROBERT",2FGAB,Missed Two Pointer,0,-48,30,D,,,,27,04:00,48,38,
2007,RS,7,75,326,VIR,PTGM,"SPENCER, DEWARICK",2FGA,Missed Two Pointer,0,-17,420,D,,,,27,04:00,48,38,
2007,RS,7,75,329,CSK,PJEQ,"KASHIROV, ANATOLY",2FGA,Missed Two Pointer,0,141,56,C,,,,27,04:00,48,38,
2007,RS,7,75,339,VIR,PBEW,"CHIACIG, ROBERTO",FTM,Free Throw In,1,-1,-1, ,,,,27,04:00,48,39,
2007,RS,7,75,340,VIR,PBEW,"CHIACIG, ROBERTO",FTM,Free Throw In,1,-1,-1, ,,,,27,04:00,48,40,
2007,RS,7,75,345,CSK,PBEB,"LANGDON, TRAJAN",3FGM,Three Pointer,3,553,364,A,,,,28,03:00,51,40,
2007,RS,7,75,350,CSK,PAQO,"HOLDEN, JON ROBERT",3FGA,Missed Three Pointer,0,-2,648,J,,,,29,02:00,51,40,
2007,RS,7,75,355,CSK,PJMM,"SISKAUSKAS, RAMUNAS",3FGM,Three Pointer,3,507,405,A,,,,29,02:00,54,40,
2007,RS,7,75,356,VIR,PTGL,"HOLLAND, DELONTE",2FGM,Two Pointer,2,174,361,C,,,,29,02:00,54,42,
2007,RS,7,75,357,CSK,PBEB,"LANGDON, TRAJAN",3FGA,Missed Three Pointer,0,74,669,G,,,,29,02:00,54,42,
2007,RS,7,75,359,VIR,PTGL,"HOLLAND, DELONTE",2FGM,Two Pointer,2,-415,410,E,,,,29,02:00,54,44,
2007,RS,7,75,367,CSK,PAUC,"GOREE, MARCUS",FTM,Free Throw In,1,-1,-1, ,,,,30,01:00,55,44,
2007,RS,7,75,368,CSK,PAUC,"GOREE, MARCUS",FTM,Free Throw In,1,-1,-1, ,,,,30,01:00,56,44,
2007,RS,7,75,373,VIR,PTGL,"HOLLAND, DELONTE",FTM,Free Throw In,1,-1,-1, ,,,,30,01:00,56,45,
2007,RS,7,75,374,VIR,PTGL,"HOLLAND, DELONTE",FTM,Free Throw In,1,-1,-1, ,,,,30,01:00,56,46,
2007,RS,7,75,378,CSK,PJMM,"SISKAUSKAS, RAMUNAS",FTM,Free Throw In,1,-1,-1, ,,,,30,01:00,57,46,
2007,RS,7,75,385,CSK,PAKT,"ANDERSEN, DAVID",3FGA,Missed Three Pointer,0,161,646,G,,,,31,10:00,57,46,
2007,RS,7,75,389,CSK,PBEB,"LANGDON, TRAJAN",3FGA,Missed Three Pointer,0,-658,35,F,,,,31,10:00,57,46,
2007,RS,7,75,391,CSK,PAUC,"GOREE, MARCUS",2FGAB,Missed Two Pointer,0,-58,33,D,,,,31,10:00,57,46,
2007,RS,7,75,396,CSK,PBEB,"LANGDON, TRAJAN",3FGA,Missed Three Pointer,0,-197,620,J,,,,32,09:00,57,46,
2007,RS,7,75,398,VIR,PTGL,"HOLLAND, DELONTE",2FGA,Missed Two Pointer,0,-182,551,I,,,,32,09:00,57,46,
2007,RS,7,75,403,CSK,PAQO,"HOLDEN, JON ROBERT",2FGM,Two Pointer,2,-423,210,E,,,,33,08:00,59,46,
2007,RS,7,75,404,VIR,PBEW,"CHIACIG, ROBERTO",2FGA,Missed Two Pointer,0,289,438,H,,,,33,08:00,59,46,
2007,RS,7,75,407,CSK,PAQO,"HOLDEN, JON ROBERT",3FGM,Three Pointer,3,-420,543,J,,,,33,08:00,62,46,
2007,RS,7,75,409,VIR,PTGL,"HOLLAND, DELONTE",2FGA,Missed Two Pointer,0,364,405,B,,,,34,07:00,62,46,
2007,RS,7,75,412,CSK,PJMM,"SISKAUSKAS, RAMUNAS",2FGM,Two Pointer,2,82,564,H,,,,34,07:00,64,46,
2007,RS,7,75,420,VIR,PBEW,"CHIACIG, ROBERTO",2FGA,Missed Two Pointer,0,35,151,C,,,,34,07:00,64,46,
2007,RS,7,75,423,CSK,PJMM,"SISKAUSKAS, RAMUNAS",2FGA,Missed Two Pointer,0,-317,-30,E,,,,35,06:00,64,46,
2007,RS,7,75,425,VIR,PTGL,"HOLLAND, DELONTE",3FGA,Missed Three Pointer,0,507,502,G,,,,35,06:00,64,46,
2007,RS,7,75,435,VIR,PTGM,"SPENCER, DEWARICK",2FGM,Two Pointer,2,-7,410,D,,,,36,05:00,64,48,
2007,RS,7,75,444,CSK,PLHI,"VORONTSEVICH, ANDREY",FTM,Free Throw In,1,-1,-1, ,,,,36,05:00,65,48,
2007,RS,7,75,447,VIR,PTGM,"SPENCER, DEWARICK",2FGA,Missed Two Pointer,0,15,369,C,,,,36,05:00,65,48,
2007,RS,7,75,452,CSK,PBEB,"LANGDON, TRAJAN",2FGM,Two Pointer,2,74,-7,C,,,,37,04:00,67,48,
2007,RS,7,75,455,CSK,PBEB,"LANGDON, TRAJAN",FTM,Free Throw In,1,-1,-1, ,,,,37,04:00,68,48,
2007,RS,7,75,460,CSK,PABN,"ZISIS, NIKOLAOS",3FGA,Missed Three Pointer,0,-315,566,J,,,,37,04:00,68,48,
2007,RS,7,75,469,VIR,PTGO,"CROSARIOL, ANDREA",2FGA,Missed Two Pointer,0,92,94,C,,,,38,03:00,68,48,
2007,RS,7,75,472,CSK,PABN,"ZISIS, NIKOLAOS",3FGM,Three Pointer,3,500,412,A,,,,39,02:00,71,48,
2007,RS,7,75,482,CSK,PKVZ,"SHVED, ALEXEY",FTM,Free Throw In,1,-1,-1, ,,,,39,02:00,72,48,
2007,RS,7,75,483,CSK,PKVZ,"SHVED, ALEXEY",FTM,Free Throw In,1,-1,-1, ,,,,39,02:00,73,48,
2007,RS,7,75,484,CSK,PKVZ,"SHVED, ALEXEY",3FGA,Missed Three Pointer,0,-651,-92,F,,,,39,02:00,73,48,
2007,RS,7,75,488,CSK,PJEQ,"KASHIROV, ANATOLY",FTM,Free Throw In,1,-1,-1, ,,,,39,02:00,74,48,
2007,RS,7,75,489,CSK,PJEQ,"KASHIROV, ANATOLY",FTM,Free Throw In,1,-1,-1, ,,,,39,02:00,75,48,
2007,RS,7,75,494,VIR,PTGL,"HOLLAND, DELONTE",3FGM,Three Pointer,3,464,510,G,,,,39,02:00,75,51,
2007,RS,7,75,496,CSK,PLHI,"VORONTSEVICH, ANDREY",3FGA,Missed Three Pointer,0,428,517,G,,,,40,01:00,75,51,
2007,RS,7,75,498,VIR,P000672,"MC GRATH, DONALD MICHAEL",3FGA,Missed Three Pointer,0,-682,5,F,,,,40,01:00,75,51,
2007,RS,7,75,504,CSK,PABN,"ZISIS, NIKOLAOS",FTM,Free Throw In,1,-1,-1, ,,,,40,01:00,76,51,
2007,RS,7,75,505,CSK,PABN,"ZISIS, NIKOLAOS",FTM,Free Throw In,1,-1,-1, ,,,,40,01:00,77,51,
2007,RS,7,75,508,VIR,PTGQ,"DI BELLA, FABIO",FTM,Free Throw In,1,-1,-1, ,,,,40,01:00,77,52,
2007,RS,7,75,509,VIR,PTGQ,"DI BELLA, FABIO",FTM,Free Throw In,1,-1,-1, ,,,,40,01:00,77,53,
2007,RS,7,75,512,CSK,PABN,"ZISIS, NIKOLAOS",FTM,Free Throw In,1,-1,-1, ,,,,40,01:00,78,53,
2007,RS,7,75,513,CSK,PABN,"ZISIS, NIKOLAOS",FTM,Free Throw In,1,-1,-1, ,,,,40,01:00,79,53,
2007,RS,7,75,514,VIR,PTGL,"HOLLAND, DELONTE",2FGAB,Missed Two Pointer,0,-420,92,E,,,,40,01:00,79,53,
2007,RS,7,76,2,BAS,PCBY,"SPLITTER, TIAGO",2FGA,Missed Two Pointer,0,-25,92,D,,,,1,10:00,0,0,
2007,RS,7,76,6,ZAL,PBWI,"JANKUNAS, PAULIUS",2FGA,Missed Two Pointer,0,0,166,D,,,,1,10:00,0,0,
2007,RS,7,76,11,ZAL,PADX,"ZUKAUSKAS, EURELIJUS",2FGM,Two Pointer,2,2,2,D,,,,2,09:00,2,0,
2007,RS,7,76,13,BAS,P000343,"JOHNSON, LINTON",2FGM,Two Pointer,2,-71,125,D,,,,2,09:00,2,2,
2007,RS,7,76,17,BAS,PAFP,"PLANINIC, ZORAN",2FGM,Two Pointer,2,-10,7,D,,,,2,09:00,2,4,
2007,RS,7,76,19,ZAL,PADX,"ZUKAUSKAS, EURELIJUS",2FGM,Two Pointer,2,41,71,C,,,,3,08:00,4,4,
2007,RS,7,76,20,BAS,PCBY,"SPLITTER, TIAGO",2FGM,Two Pointer,2,7,51,C,,,,3,08:00,4,6,
2007,RS,7,76,24,BAS,PBVC,"JASAITIS, SIMAS",2FGA,Missed Two Pointer,0,264,392,B,,,,3,08:00,4,6,
2007,RS,7,76,26,BAS,PANB,"RAKOCEVIC, IGOR",3FGM,Three Pointer,3,705,61,A,,,,3,08:00,4,9,
2007,RS,7,76,29,ZAL,PAHT,"BROWN, MARCUS",2FGM,Two Pointer,2,-476,135,E,,,,4,07:00,6,9,
2007,RS,7,76,40,BAS,PBVC,"JASAITIS, SIMAS",3FGM,Three Pointer,3,528,502,G,,,,5,06:00,6,12,
2007,RS,7,76,42,ZAL,PBDE,"JURAK, GORAN",3FGA,Missed Three Pointer,0,-625,312,F,,,,5,06:00,6,12,
2007,RS,7,76,44,BAS,PAFP,"PLANINIC, ZORAN",2FGM,Two Pointer,2,64,84,C,,,,5,06:00,6,14,
2007,RS,7,76,46,ZAL,PJCC,"MACIULIS, JONAS",3FGA,Missed Three Pointer,0,12,758,G,,,,5,06:00,6,14,
2007,RS,7,76,49,ZAL,PADX,"ZUKAUSKAS, EURELIJUS",2FGM,Two Pointer,2,-5,74,D,,,,6,05:00,8,14,
2007,RS,7,76,53,ZAL,PADX,"ZUKAUSKAS, EURELIJUS",FTM,Free Throw In,1,-1,-1, ,,,,6,05:00,9,14,
2007,RS,7,76,54,BAS,PBVC,"JASAITIS, SIMAS",2FGA,Missed Two Pointer,0,-17,489,I,,,,6,05:00,9,14,
2007,RS,7,76,56,ZAL,PBDE,"JURAK, GORAN",2FGA,Missed Two Pointer,0,-292,61,E,,,,6,05:00,9,14,
2007,RS,7,76,58,BAS,PAFP,"PLANINIC, ZORAN",2FGM,Two Pointer,2,20,66,C,,,,6,05:00,9,16,
2007,RS,7,76,60,ZAL,PAHT,"BROWN, MARCUS",3FGM,Three Pointer,3,507,492,G,,,,7,04:00,12,16,
2007,RS,7,76,62,BAS,PANB,"RAKOCEVIC, IGOR",3FGA,Missed Three Pointer,0,425,571,G,,,,7,04:00,12,16,
2007,RS,7,76,64,ZAL,PAHT,"BROWN, MARCUS",2FGM,Two Pointer,2,-28,110,D,,,,7,04:00,14,16,
2007,RS,7,76,67,ZAL,PAHT,"BROWN, MARCUS",FTM,Free Throw In,1,-1,-1, ,,,,7,04:00,15,16,
2007,RS,7,76,72,BAS,PAFP,"PLANINIC, ZORAN",3FGA,Missed Three Pointer,0,258,610,G,,,,7,04:00,15,16,
2007,RS,7,76,75,ZAL,PAHT,"BROWN, MARCUS",3FGM,Three Pointer,3,574,433,G,,,,8,03:00,18,16,
2007,RS,7,76,81,BAS,PANB,"RAKOCEVIC, IGOR",2FGAB,Missed Two Pointer,0,-23,82,D,,,,8,03:00,18,16,
2007,RS,7,76,85,BAS,PCBY,"SPLITTER, TIAGO",2FGM,Two Pointer,2,33,110,C,,,,8,03:00,18,18,
2007,RS,7,76,92,ZAL,PBDB,"COLLINS, DeJUAN",3FGA,Missed Three Pointer,0,-394,592,J,,,,8,03:00,18,18,
2007,RS,7,76,111,ZAL,PJBX,"KALNIETIS, MANTAS",FTM,Free Throw In,1,-1,-1, ,,,,9,02:00,19,18,
2007,RS,7,76,114,BAS,PJWO,"MICKEAL, PETE",3FGM,Three Pointer,3,-356,638,J,,,,9,02:00,19,21,
2007,RS,7,76,117,ZAL,PATP,"POPOVIC, MARKO",3FGA,Missed Three Pointer,0,607,394,A,,,,10,01:00,19,21,
2007,RS,7,76,119,BAS,PJZJ,"TELETOVIC, MIRZA",2FGA,Missed Two Pointer,0,-15,107,D,,,,10,01:00,19,21,
2007,RS,7,76,122,BAS,PAFP,"PLANINIC, ZORAN",3FGA,Missed Three Pointer,0,423,587,G,,,,10,01:00,19,21,
2007,RS,7,76,124,BAS,PJWO,"MICKEAL, PETE",2FGM,Two Pointer,2,-25,110,D,,,,10,01:00,19,23,
2007,RS,7,76,126,ZAL,PJBX,"KALNIETIS, MANTAS",3FGA,Missed Three Pointer,0,-58,712,J,,,,10,01:00,19,23,
2007,RS,7,76,131,ZAL,PJCC,"MACIULIS, JONAS",2FGM,Two Pointer,2,61,120,C,,,,11,10:00,21,23,
2007,RS,7,76,134,ZAL,PJCC,"MACIULIS, JONAS",FTM,Free Throw In,1,-1,-1, ,,,,11,10:00,22,23,
2007,RS,7,76,138,ZAL,PJBX,"KALNIETIS, MANTAS",2FGM,Two Pointer,2,-7,66,D,,,,11,10:00,24,23,
2007,RS,7,76,142,BAS,PJTT,"MCDONALD, WILL",2FGM,Two Pointer,2,189,5,C,,,,12,09:00,24,25,
2007,RS,7,76,143,ZAL,P000127,"BRADLEY, MICHAEL",2FGM,Two Pointer,2,35,89,C,,,,12,09:00,26,25,
2007,RS,7,76,147,ZAL,PBWI,"JANKUNAS, PAULIUS",2FGM,Two Pointer,2,-43,38,D,,,,12,09:00,28,25,
2007,RS,7,76,150,BAS,PJTT,"MCDONALD, WILL",2FGM,Two Pointer,2,43,12,C,,,,13,08:00,28,27,
2007,RS,7,76,157,ZAL,PATP,"POPOVIC, MARKO",FTM,Free Throw In,1,-1,-1, ,,,,13,08:00,29,27,
2007,RS,7,76,158,ZAL,PATP,"POPOVIC, MARKO",FTM,Free Throw In,1,-1,-1, ,,,,13,08:00,30,27,
2007,RS,7,76,159,BAS,PAFP,"PLANINIC, ZORAN",3FGA,Missed Three Pointer,0,346,646,G,,,,13,08:00,30,27,
2007,RS,7,76,161,ZAL,PATP,"POPOVIC, MARKO",2FGM,Two Pointer,2,-76,20,D,,,,13,08:00,32,27,
2007,RS,7,76,163,BAS,PJTT,"MCDONALD, WILL",2FGA,Missed Two Pointer,0,23,100,C,,,,14,07:00,32,27,
2007,RS,7,76,165,ZAL,PJBX,"KALNIETIS, MANTAS",2FGA,Missed Two Pointer,0,-12,94,D,,,,14,07:00,32,27,
2007,RS,7,76,167,ZAL,P000127,"BRADLEY, MICHAEL",2FGA,Missed Two Pointer,0,-2,74,D,,,,14,07:00,32,27,
2007,RS,7,76,173,BAS,PJZJ,"TELETOVIC, MIRZA",3FGM,Three Pointer,3,-625,361,F,,,,14,07:00,32,30,
2007,RS,7,76,176,ZAL,PANY,"SALENGA, DAINIUS",2FGA,Missed Two Pointer,0,-2,82,D,,,,15,06:00,32,30,
2007,RS,7,76,178,ZAL,P000127,"BRADLEY, MICHAEL",2FGM,Two Pointer,2,2,10,D,,,,15,06:00,34,30,
2007,RS,7,76,180,BAS,PJTT,"MCDONALD, WILL",2FGM,Two Pointer,2,-46,138,D,,,,15,06:00,34,32,
2007,RS,7,76,184,ZAL,PANY,"SALENGA, DAINIUS",FTM,Free Throw In,1,-1,-1, ,,,,15,06:00,35,32,
2007,RS,7,76,190,BAS,PANB,"RAKOCEVIC, IGOR",3FGM,Three Pointer,3,-684,-41,F,,,,16,05:00,35,35,
2007,RS,7,76,192,ZAL,PATP,"POPOVIC, MARKO",3FGA,Missed Three Pointer,0,-69,753,J,,,,16,05:00,35,35,
2007,RS,7,76,198,ZAL,PJBX,"KALNIETIS, MANTAS",FTM,Free Throw In,1,-1,-1, ,,,,16,05:00,36,35,
2007,RS,7,76,205,BAS,PJTT,"MCDONALD, WILL",FTM,Free Throw In,1,-1,-1, ,,,,16,05:00,36,36,
2007,RS,7,76,206,BAS,PJTT,"MCDONALD, WILL",FTM,Free Throw In,1,-1,-1, ,,,,16,05:00,36,37,
2007,RS,7,76,210,ZAL,PBWI,"JANKUNAS, PAULIUS",2FGA,Missed Two Pointer,0,-2,84,D,,,,17,04:00,36,37,
2007,RS,7,76,212,BAS,PJTT,"MCDONALD, WILL",2FGA,Missed Two Pointer,0,125,-30,C,,,,17,04:00,36,37,
2007,RS,7,76,216,BAS,PJZJ,"TELETOVIC, MIRZA",2FGM,Two Pointer,2,74,25,C,,,,17,04:00,36,39,
2007,RS,7,76,221,BAS,PANB,"RAKOCEVIC, IGOR",2FGA,Missed Two Pointer,0,66,92,C,,,,18,03:00,36,39,
2007,RS,7,76,223,ZAL,PBDB,"COLLINS, DeJUAN",3FGA,Missed Three Pointer,0,-510,507,J,,,,18,03:00,36,39,
2007,RS,7,76,227,ZAL,PBWI,"JANKUNAS, PAULIUS",FTM,Free Throw In,1,-1,-1, ,,,,18,03:00,37,39,
2007,RS,7,76,228,ZAL,PBWI,"JANKUNAS, PAULIUS",FTM,Free Throw In,1,-1,-1, ,,,,18,03:00,38,39,
2007,RS,7,76,233,BAS,PCBX,"PRIGIONI, PABLO",FTM,Free Throw In,1,-1,-1, ,,,,18,03:00,38,40,
2007,RS,7,76,234,BAS,PCBX,"PRIGIONI, PABLO",FTM,Free Throw In,1,-1,-1, ,,,,18,03:00,38,41,
2007,RS,7,76,238,ZAL,PBDB,"COLLINS, DeJUAN",2FGM,Two Pointer,2,-71,30,D,,,,19,02:00,40,41,
2007,RS,7,76,239,BAS,PCBX,"PRIGIONI, PABLO",2FGA,Missed Two Pointer,0,-79,28,D,,,,19,02:00,40,41,
2007,RS,7,76,241,BAS,PBVC,"JASAITIS, SIMAS",3FGM,Three Pointer,3,684,-17,A,,,,19,02:00,40,44,
2007,RS,7,76,246,ZAL,PBDB,"COLLINS, DeJUAN",FTM,Free Throw In,1,-1,-1, ,,,,19,02:00,41,44,
2007,RS,7,76,247,ZAL,PBDB,"COLLINS, DeJUAN",FTM,Free Throw In,1,-1,-1, ,,,,19,02:00,42,44,
2007,RS,7,76,248,BAS,PJTT,"MCDONALD, WILL",2FGA,Missed Two Pointer,0,-46,46,D,,,,19,02:00,42,44,
2007,RS,7,76,252,ZAL,PBDB,"COLLINS, DeJUAN",2FGA,Missed Two Pointer,0,-87,82,D,,,,20,01:00,42,44,
2007,RS,7,76,256,ZAL,PJCC,"MACIULIS, JONAS",FTM,Free Throw In,1,-1,-1, ,,,,20,01:00,43,44,
2007,RS,7,76,257,ZAL,PJCC,"MACIULIS, JONAS",FTM,Free Throw In,1,-1,-1, ,,,,20,01:00,44,44,
2007,RS,7,76,258,BAS,PCBY,"SPLITTER, TIAGO",2FGM,Two Pointer,2,-33,58,D,,,,20,01:00,44,46,
2007,RS,7,76,266,ZAL,PAHT,"BROWN, MARCUS",FTM,Free Throw In,1,-1,-1, ,,,,20,01:00,45,46,
2007,RS,7,76,267,ZAL,PAHT,"BROWN, MARCUS",FTM,Free Throw In,1,-1,-1, ,,,,20,01:00,46,46,
2007,RS,7,76,272,BAS,PANB,"RAKOCEVIC, IGOR",2FGM,Two Pointer,2,17,79,C,,,,20,01:00,46,48,
2007,RS,7,76,283,BAS,PCBY,"SPLITTER, TIAGO",2FGA,Missed Two Pointer,0,-2,84,D,,,,21,10:00,46,48,
2007,RS,7,76,287,ZAL,PJCC,"MACIULIS, JONAS",3FGA,Missed Three Pointer,0,-371,587,J,,,,21,10:00,46,48,
2007,RS,7,76,289,BAS,PANB,"RAKOCEVIC, IGOR",3FGA,Missed Three Pointer,0,-171,689,J,,,,21,10:00,46,48,
2007,RS,7,76,292,ZAL,PBDB,"COLLINS, DeJUAN",2FGM,Two Pointer,2,135,48,C,,,,22,09:00,48,48,
2007,RS,7,76,295,ZAL,PJCC,"MACIULIS, JONAS",3FGA,Missed Three Pointer,0,-579,371,F,,,,22,09:00,48,48,
2007,RS,7,76,297,BAS,P000343,"JOHNSON, LINTON",3FGA,Missed Three Pointer,0,-671,138,F,,,,22,09:00,48,48,
2007,RS,7,76,301,BAS,PANB,"RAKOCEVIC, IGOR",3FGA,Missed Three Pointer,0,166,723,G,,,,23,08:00,48,48,
2007,RS,7,76,314,BAS,PANB,"RAKOCEVIC, IGOR",FTM,Free Throw In,1,-1,-1, ,,,,24,07:00,48,49,
2007,RS,7,76,315,BAS,PANB,"RAKOCEVIC, IGOR",FTM,Free Throw In,1,-1,-1, ,,,,24,07:00,48,50,
2007,RS,7,76,317,BAS,PCBY,"SPLITTER, TIAGO",2FGA,Missed Two Pointer,0,-151,30,D,,,,24,07:00,48,50,
2007,RS,7,76,319,ZAL,PJCC,"MACIULIS, JONAS",2FGM,Two Pointer,2,97,28,C,,,,24,07:00,50,50,
2007,RS,7,76,328,BAS,PJTT,"MCDONALD, WILL",2FGA,Missed Two Pointer,0,79,166,C,,,,24,07:00,50,50,
2007,RS,7,76,333,ZAL,PBWI,"JANKUNAS, PAULIUS",3FGA,Missed Three Pointer,0,-189,684,J,,,,25,06:00,50,50,
2007,RS,7,76,335,BAS,PBVC,"JASAITIS, SIMAS",3FGA,Missed Three Pointer,0,-658,312,F,,,,25,06:00,50,50,
2007,RS,7,76,337,BAS,PANB,"RAKOCEVIC, IGOR",2FGM,Two Pointer,2,2,397,D,,,,25,06:00,50,52,
2007,RS,7,76,339,ZAL,PAHT,"BROWN, MARCUS",3FGM,Three Pointer,3,-525,487,J,,,,26,05:00,53,52,
2007,RS,7,76,341,BAS,PANB,"RAKOCEVIC, IGOR",2FGM,Two Pointer,2,97,33,C,,,,26,05:00,53,54,
2007,RS,7,76,349,ZAL,PBWI,"JANKUNAS, PAULIUS",FTM,Free Throw In,1,-1,-1, ,,,,26,05:00,54,54,
2007,RS,7,76,351,BAS,P000343,"JOHNSON, LINTON",2FGA,Missed Two Pointer,0,74,74,C,,,,27,04:00,54,54,
2007,RS,7,76,357,ZAL,P000127,"BRADLEY, MICHAEL",FTM,Free Throw In,1,-1,-1, ,,,,27,04:00,55,54,
2007,RS,7,76,358,ZAL,P000127,"BRADLEY, MICHAEL",FTM,Free Throw In,1,-1,-1, ,,,,27,04:00,56,54,
2007,RS,7,76,361,BAS,PJTT,"MCDONALD, WILL",2FGA,Missed Two Pointer,0,-46,66,D,,,,27,04:00,56,54,
2007,RS,7,76,367,ZAL,PATP,"POPOVIC, MARKO",FTM,Free Throw In,1,-1,-1, ,,,,27,04:00,57,54,
2007,RS,7,76,368,ZAL,PATP,"POPOVIC, MARKO",FTM,Free Throw In,1,-1,-1, ,,,,27,04:00,58,54,
2007,RS,7,76,370,BAS,PAFP,"PLANINIC, ZORAN",2FGM,Two Pointer,2,-53,38,D,,,,28,03:00,58,56,
2007,RS,7,76,377,ZAL,PADX,"ZUKAUSKAS, EURELIJUS",2FGM,Two Pointer,2,23,64,C,,,,28,03:00,60,56,
2007,RS,7,76,379,BAS,PCBX,"PRIGIONI, PABLO",3FGA,Missed Three Pointer,0,-582,433,J,,,,28,03:00,60,56,
2007,RS,7,76,386,ZAL,PATP,"POPOVIC, MARKO",FTM,Free Throw In,1,-1,-1, ,,,,28,03:00,61,56,
2007,RS,7,76,387,ZAL,PATP,"POPOVIC, MARKO",FTM,Free Throw In,1,-1,-1, ,,,,28,03:00,62,56,
2007,RS,7,76,389,BAS,PAFP,"PLANINIC, ZORAN",2FGM,Two Pointer,2,64,33,C,,,,29,02:00,62,58,
2007,RS,7,76,390,ZAL,PJCC,"MACIULIS, JONAS",2FGM,Two Pointer,2,5,0,C,,,,29,02:00,64,58,
2007,RS,7,76,392,BAS,PAFP,"PLANINIC, ZORAN",3FGM,Three Pointer,3,-58,717,J,,,,29,02:00,64,61,
2007,RS,7,76,393,ZAL,PJCC,"MACIULIS, JONAS",2FGA,Missed Two Pointer,0,-74,102,D,,,,29,02:00,64,61,
2007,RS,7,76,400,BAS,PANB,"RAKOCEVIC, IGOR",FTM,Free Throw In,1,-1,-1, ,,,,30,01:00,64,62,
2007,RS,7,76,401,BAS,PANB,"RAKOCEVIC, IGOR",FTM,Free Throw In,1,-1,-1, ,,,,30,01:00,64,63,
2007,RS,7,76,404,ZAL,PATP,"POPOVIC, MARKO",2FGA,Missed Two Pointer,0,102,35,C,,,,30,01:00,64,63,
2007,RS,7,76,408,BAS,PJTT,"MCDONALD, WILL",2FGAB,Missed Two Pointer,0,41,135,C,,,,30,01:00,64,63,
2007,RS,7,76,413,ZAL,PATP,"POPOVIC, MARKO",2FGA,Missed Two Pointer,0,48,107,C,,,,30,01:00,64,63,
2007,RS,7,76,417,ZAL,PBDE,"JURAK, GORAN",2FGM,Two Pointer,2,-38,112,D,,,,31,10:00,66,63,
2007,RS,7,76,419,BAS,PJTT,"MCDONALD, WILL",2FGM,Two Pointer,2,10,97,C,,,,31,10:00,66,65,
2007,RS,7,76,424,BAS,PJTT,"MCDONALD, WILL",FTM,Free Throw In,1,-1,-1, ,,,,31,10:00,66,66,
2007,RS,7,76,425,BAS,PAFP,"PLANINIC, ZORAN",2FGA,Missed Two Pointer,0,205,492,H,,,,31,10:00,66,66,
2007,RS,7,76,427,ZAL,PATP,"POPOVIC, MARKO",2FGM,Two Pointer,2,92,46,C,,,,31,10:00,68,66,
2007,RS,7,76,429,BAS,PAFP,"PLANINIC, ZORAN",2FGM,Two Pointer,2,0,92,D,,,,32,09:00,68,68,
2007,RS,7,76,433,ZAL,PATP,"POPOVIC, MARKO",FTM,Free Throw In,1,-1,-1, ,,,,32,09:00,69,68,
2007,RS,7,76,434,ZAL,PATP,"POPOVIC, MARKO",FTM,Free Throw In,1,-1,-1, ,,,,32,09:00,70,68,
2007,RS,7,76,435,BAS,PJZJ,"TELETOVIC, MIRZA",3FGA,Missed Three Pointer,0,112,689,G,,,,32,09:00,70,68,
2007,RS,7,76,441,BAS,PJTT,"MCDONALD, WILL",2FGM,Two Pointer,2,51,69,C,,,,32,09:00,70,70,
2007,RS,7,76,447,ZAL,PJCC,"MACIULIS, JONAS",2FGM,Two Pointer,2,-56,20,D,,,,33,08:00,72,70,
2007,RS,7,76,452,ZAL,PATP,"POPOVIC, MARKO",FTM,Free Throw In,1,-1,-1, ,,,,33,08:00,73,70,
2007,RS,7,76,453,ZAL,PATP,"POPOVIC, MARKO",FTM,Free Throw In,1,-1,-1, ,,,,33,08:00,74,70,
2007,RS,7,76,454,ZAL,PATP,"POPOVIC, MARKO",FTM,Free Throw In,1,-1,-1, ,,,,33,08:00,75,70,
2007,RS,7,76,457,BAS,PAFP,"PLANINIC, ZORAN",2FGM,Two Pointer,2,71,74,C,,,,33,08:00,75,72,
2007,RS,7,76,458,ZAL,P000127,"BRADLEY, MICHAEL",3FGA,Missed Three Pointer,0,676,0,A,,,,33,08:00,75,72,
2007,RS,7,76,463,ZAL,P000127,"BRADLEY, MICHAEL",2FGAB,Missed Two Pointer,0,-51,82,D,,,,34,07:00,75,72,
2007,RS,7,76,467,ZAL,P000127,"BRADLEY, MICHAEL",2FGM,Two Pointer,2,-10,82,D,,,,34,07:00,77,72,
2007,RS,7,76,474,BAS,PCBX,"PRIGIONI, PABLO",FTM,Free Throw In,1,-1,-1, ,,,,34,07:00,77,73,
2007,RS,7,76,475,BAS,PCBX,"PRIGIONI, PABLO",FTM,Free Throw In,1,-1,-1, ,,,,34,07:00,77,74,
2007,RS,7,76,476,ZAL,PATP,"POPOVIC, MARKO",2FGA,Missed Two Pointer,0,-79,66,D,,,,34,07:00,77,74,
2007,RS,7,76,478,ZAL,PATP,"POPOVIC, MARKO",3FGM,Three Pointer,3,-671,74,F,,,,34,07:00,80,74,
2007,RS,7,76,480,BAS,PJZJ,"TELETOVIC, MIRZA",3FGM,Three Pointer,3,361,633,G,,,,35,06:00,80,77,
2007,RS,7,76,482,ZAL,PBDE,"JURAK, GORAN",3FGA,Missed Three Pointer,0,451,574,G,,,,35,06:00,80,77,
2007,RS,7,76,484,BAS,PANB,"RAKOCEVIC, IGOR",2FGAB,Missed Two Pointer,0,51,84,C,,,,35,06:00,80,77,
2007,RS,7,76,489,ZAL,PAHT,"BROWN, MARCUS",3FGM,Three Pointer,3,643,305,A,,,,36,05:00,83,77,
2007,RS,7,76,492,BAS,PCBY,"SPLITTER, TIAGO",2FGM,Two Pointer,2,-23,87,D,,,,36,05:00,83,79,
2007,RS,7,76,493,ZAL,PAHT,"BROWN, MARCUS",2FGA,Missed Two Pointer,0,156,15,C,,,,36,05:00,83,79,
2007,RS,7,76,495,ZAL,PBDE,"JURAK, GORAN",2FGM,Two Pointer,2,-76,53,D,,,,36,05:00,85,79,
2007,RS,7,76,497,BAS,PCBY,"SPLITTER, TIAGO",2FGM,Two Pointer,2,-79,33,D,,,,37,04:00,85,81,
2007,RS,7,76,503,ZAL,P000127,"BRADLEY, MICHAEL",FTM,Free Throw In,1,-1,-1, ,,,,37,04:00,86,81,
2007,RS,7,76,504,ZAL,P000127,"BRADLEY, MICHAEL",FTM,Free Throw In,1,-1,-1, ,,,,37,04:00,87,81,
2007,RS,7,76,505,BAS,PCBY,"SPLITTER, TIAGO",2FGM,Two Pointer,2,-79,30,D,,,,37,04:00,87,83,
2007,RS,7,76,508,ZAL,PAHT,"BROWN, MARCUS",3FGM,Three Pointer,3,-182,707,J,,,,38,03:00,90,83,
2007,RS,7,76,513,BAS,PCBX,"PRIGIONI, PABLO",FTM,Free Throw In,1,-1,-1, ,,,,38,03:00,90,84,
2007,RS,7,76,514,BAS,PCBX,"PRIGIONI, PABLO",FTM,Free Throw In,1,-1,-1, ,,,,38,03:00,90,85,
2007,RS,7,76,515,ZAL,PAHT,"BROWN, MARCUS",3FGM,Three Pointer,3,484,638,G,,,,38,03:00,93,85,
2007,RS,7,76,517,BAS,PCBY,"SPLITTER, TIAGO",2FGM,Two Pointer,2,-92,53,D,,,,38,03:00,93,87,
2007,RS,7,76,520,ZAL,PBDE,"JURAK, GORAN",2FGA,Missed Two Pointer,0,-33,87,D,,,,39,02:00,93,87,
2007,RS,7,76,524,BAS,PANB,"RAKOCEVIC, IGOR",FTM,Free Throw In,1,-1,-1, ,,,,39,02:00,93,88,
2007,RS,7,76,525,BAS,PANB,"RAKOCEVIC, IGOR",FTM,Free Throw In,1,-1,-1, ,,,,39,02:00,93,89,
2007,RS,7,76,526,ZAL,PAHT,"BROWN, MARCUS",2FGA,Missed Two Pointer,0,-405,17,E,,,,39,02:00,93,89,
2007,RS,7,76,528,BAS,PJZJ,"TELETOVIC, MIRZA",3FGA,Missed Three Pointer,0,648,320,A,,,,39,02:00,93,89,
2007,RS,7,76,532,BAS,PCBY,"SPLITTER, TIAGO",FTM,Free Throw In,1,-1,-1, ,,,,39,02:00,93,90,
2007,RS,7,76,533,BAS,PCBY,"SPLITTER, TIAGO",FTM,Free Throw In,1,-1,-1, ,,,,39,02:00,93,91,
2007,RS,7,76,537,ZAL,PBDE,"JURAK, GORAN",3FGA,Missed Three Pointer,0,517,551,G,,,,40,01:00,93,91,
2007,RS,7,76,538,BAS,PCBY,"SPLITTER, TIAGO",2FGAB,Missed Two Pointer,0,66,53,C,,,,40,01:00,93,91,
2007,RS,7,76,542,ZAL,PBDB,"COLLINS, DeJUAN",3FGA,Missed Three Pointer,0,676,248,A,,,,40,01:00,93,91,
2007,RS,7,76,549,BAS,PAFP,"PLANINIC, ZORAN",FTM,Free Throw In,1,-1,-1, ,,,,40,01:00,93,92,
2007,RS,7,76,555,ZAL,PAHT,"BROWN, MARCUS",FTM,Free Throw In,1,-1,-1, ,,,,40,01:00,94,92,
2007,RS,7,76,556,ZAL,PAHT,"BROWN, MARCUS",FTM,Free Throw In,1,-1,-1, ,,,,40,01:00,95,92,
2007,RS,7,76,560,BAS,PANB,"RAKOCEVIC, IGOR",3FGA,Missed Three Pointer,0,569,520,G,,,,40,01:00,95,92,
2007,RS,7,77,2,TEL,PTFS,"FIZER, MARCUS",2FGA,Missed Two Pointer,0,-92,43,D,,,,1,10:00,0,0,
2007,RS,7,77,4,ARI,PJXV,"CASTLE, TERREL",3FGA,Missed Three Pointer,0,574,448,G,,,,1,10:00,0,0,
2007,RS,7,77,6,ARI,PTEM,"WRIGHT, BRACEY",3FGA,Missed Three Pointer,0,76,679,G,,,,1,10:00,0,0,
2007,RS,7,77,8,TEL,PCQD,"CUMMINGS, VONTEEGO",3FGA,Missed Three Pointer,0,0,671,J,,,,1,10:00,0,0,
2007,RS,7,77,10,TEL,PBES,"BLUTHENTHAL, DAVID",2FGM,Two Pointer,2,-5,38,D,,,,1,10:00,2,0,
2007,RS,7,77,13,TEL,PTFS,"FIZER, MARCUS",2FGM,Two Pointer,2,7,56,C,,,,1,10:00,4,0,
2007,RS,7,77,15,ARI,PTEM,"WRIGHT, BRACEY",3FGA,Missed Three Pointer,0,674,53,A,,,,1,10:00,4,0,
2007,RS,7,77,20,TEL,PBES,"BLUTHENTHAL, DAVID",2FGM,Two Pointer,2,400,28,B,,,,2,09:00,6,0,
2007,RS,7,77,22,ARI,PBDH,"MOTTOLA, HANNO",2FGA,Missed Two Pointer,0,-394,361,E,,,,2,09:00,6,0,
2007,RS,7,77,24,TEL,PTFS,"FIZER, MARCUS",2FGM,Two Pointer,2,35,56,C,,,,2,09:00,8,0,
2007,RS,7,77,35,TEL,PBES,"BLUTHENTHAL, DAVID",2FGM,Two Pointer,2,-5,30,D,,,,3,08:00,10,0,
2007,RS,7,77,36,ARI,PTEO,"TERRY, REYSHAWN",3FGM,Three Pointer,3,-10,715,J,,,,3,08:00,10,3,
2007,RS,7,77,38,TEL,PTFS,"FIZER, MARCUS",2FGM,Two Pointer,2,417,-51,B,,,,3,08:00,12,3,
2007,RS,7,77,42,ARI,PBDH,"MOTTOLA, HANNO",2FGM,Two Pointer,2,-15,148,D,,,,4,07:00,12,5,
2007,RS,7,77,44,TEL,PAOZ,"HALPERIN, YOTAM",3FGA,Missed Three Pointer,0,-671,48,F,,,,4,07:00,12,5,
2007,RS,7,77,46,ARI,PLGM,"TSALDARIS, DIMITRIOS",3FGA,Missed Three Pointer,0,692,87,A,,,,4,07:00,12,5,
2007,RS,7,77,53,TEL,PLGD,"ELIYAHU, LIOR",2FGM,Two Pointer,2,-48,100,D,,,,5,06:00,14,5,
2007,RS,7,77,59,TEL,PCQD,"CUMMINGS, VONTEEGO",3FGA,Missed Three Pointer,0,-510,558,J,,,,5,06:00,14,5,
2007,RS,7,77,65,TEL,PBES,"BLUTHENTHAL, DAVID",2FGM,Two Pointer,2,-105,-7,D,,,,5,06:00,16,5,
2007,RS,7,77,68,TEL,PAOZ,"HALPERIN, YOTAM",2FGAB,Missed Two Pointer,0,-276,243,E,,,,5,06:00,16,5,
2007,RS,7,77,73,ARI,PJIX,"AGADAKOS, LAZAROS",2FGM,Two Pointer,2,-61,28,D,,,,5,06:00,16,7,
2007,RS,7,77,74,TEL,PLGD,"ELIYAHU, LIOR",2FGA,Missed Two Pointer,0,-261,151,E,,,,5,06:00,16,7,
2007,RS,7,77,76,ARI,PJIX,"AGADAKOS, LAZAROS",2FGM,Two Pointer,2,210,215,C,,,,5,06:00,16,9,
2007,RS,7,77,78,TEL,PTFS,"FIZER, MARCUS",2FGM,Two Pointer,2,-192,292,D,,,,5,06:00,18,9,
2007,RS,7,77,88,ARI,PTEO,"TERRY, REYSHAWN",FTM,Free Throw In,1,-1,-1, ,,,,7,04:00,18,10,
2007,RS,7,77,89,TEL,PBES,"BLUTHENTHAL, DAVID",3FGA,Missed Three Pointer,0,682,28,A,,,,7,04:00,18,10,
2007,RS,7,77,91,TEL,PCQD,"CUMMINGS, VONTEEGO",2FGA,Missed Two Pointer,0,-110,69,D,,,,7,04:00,18,10,
2007,RS,7,77,93,TEL,PLTS,"MORRIS, TERENCE",2FGA,Missed Two Pointer,0,-64,76,D,,,,7,04:00,18,10,
2007,RS,7,77,96,ARI,PJXV,"CASTLE, TERREL",2FGA,Missed Two Pointer,0,310,302,B,,,,8,03:00,18,10,
2007,RS,7,77,106,ARI,PJXV,"CASTLE, TERREL",FTM,Free Throw In,1,-1,-1, ,,,,8,03:00,18,11,
2007,RS,7,77,109,ARI,PJIX,"AGADAKOS, LAZAROS",2FGM,Two Pointer,2,58,30,C,,,,8,03:00,18,13,
2007,RS,7,77,110,TEL,PAOZ,"HALPERIN, YOTAM",3FGM,Three Pointer,3,551,497,G,,,,8,03:00,21,13,
2007,RS,7,77,114,ARI,PTEM,"WRIGHT, BRACEY",FTM,Free Throw In,1,-1,-1, ,,,,8,03:00,21,14,
2007,RS,7,77,116,TEL,PAOZ,"HALPERIN, YOTAM",2FGA,Missed Two Pointer,0,74,46,C,,,,9,02:00,21,14,
2007,RS,7,77,122,ARI,PJXV,"CASTLE, TERREL",2FGA,Missed Two Pointer,0,48,133,C,,,,9,02:00,21,14,
2007,RS,7,77,125,TEL,PLTS,"MORRIS, TERENCE",2FGM,Two Pointer,2,-120,56,D,,,,9,02:00,23,14,
2007,RS,7,77,126,ARI,PJXV,"CASTLE, TERREL",3FGA,Missed Three Pointer,0,587,446,G,,,,9,02:00,23,14,
2007,RS,7,77,136,ARI,PTEO,"TERRY, REYSHAWN",3FGA,Missed Three Pointer,0,38,771,G,,,,11,10:00,23,14,
2007,RS,7,77,137,TEL,PCQD,"CUMMINGS, VONTEEGO",3FGM,Three Pointer,3,487,476,G,,,,11,10:00,26,14,
2007,RS,7,77,145,TEL,PCQD,"CUMMINGS, VONTEEGO",2FGA,Missed Two Pointer,0,-407,133,E,,,,11,10:00,26,14,
2007,RS,7,77,147,TEL,PAOU,"SHARP, DERRICK",2FGA,Missed Two Pointer,0,-133,133,D,,,,11,10:00,26,14,
2007,RS,7,77,159,ARI,PJXV,"CASTLE, TERREL",FTM,Free Throw In,1,-1,-1, ,,,,12,09:00,26,15,
2007,RS,7,77,160,TEL,PAOU,"SHARP, DERRICK",3FGA,Missed Three Pointer,0,-684,-33,F,,,,12,09:00,26,15,
2007,RS,7,77,162,TEL,PLTS,"MORRIS, TERENCE",2FGM,Two Pointer,2,2,23,D,,,,12,09:00,28,15,
2007,RS,7,77,164,ARI,PTEO,"TERRY, REYSHAWN",2FGA,Missed Two Pointer,0,-5,102,D,,,,12,09:00,28,15,
2007,RS,7,77,171,TEL,PBES,"BLUTHENTHAL, DAVID",2FGM,Two Pointer,2,-33,153,D,,,,13,08:00,30,15,
2007,RS,7,77,177,ARI,PLGV,"MASSEY, JEREMIAH",FTM,Free Throw In,1,-1,-1, ,,,,13,08:00,30,16,
2007,RS,7,77,178,ARI,PLGV,"MASSEY, JEREMIAH",FTM,Free Throw In,1,-1,-1, ,,,,13,08:00,30,17,
2007,RS,7,77,185,TEL,PLTS,"MORRIS, TERENCE",2FGM,Two Pointer,2,20,25,C,,,,13,08:00,32,17,
2007,RS,7,77,187,ARI,PLGV,"MASSEY, JEREMIAH",2FGA,Missed Two Pointer,0,-20,69,D,,,,13,08:00,32,17,
2007,RS,7,77,189,TEL,PBES,"BLUTHENTHAL, DAVID",2FGM,Two Pointer,2,-400,92,E,,,,13,08:00,34,17,
2007,RS,7,77,196,ARI,PLGM,"TSALDARIS, DIMITRIOS",2FGM,Two Pointer,2,376,133,B,,,,14,07:00,34,19,
2007,RS,7,77,197,TEL,PBES,"BLUTHENTHAL, DAVID",3FGM,Three Pointer,3,612,287,A,,,,14,07:00,37,19,
2007,RS,7,77,199,ARI,PLGM,"TSALDARIS, DIMITRIOS",3FGA,Missed Three Pointer,0,394,725,G,,,,14,07:00,37,19,
2007,RS,7,77,201,ARI,PABK,"PANTELIADIS, SPYRIDON",3FGA,Missed Three Pointer,0,641,251,A,,,,14,07:00,37,19,
2007,RS,7,77,202,TEL,PBES,"BLUTHENTHAL, DAVID",3FGA,Missed Three Pointer,0,653,238,A,,,,14,07:00,37,19,
2007,RS,7,77,206,ARI,PLGM,"TSALDARIS, DIMITRIOS",2FGAB,Missed Two Pointer,0,-5,76,D,,,,15,06:00,37,19,
2007,RS,7,77,209,ARI,PLGM,"TSALDARIS, DIMITRIOS",3FGA,Missed Three Pointer,0,-584,476,J,,,,15,06:00,37,19,
2007,RS,7,77,214,ARI,PLGV,"MASSEY, JEREMIAH",2FGM,Two Pointer,2,-479,97,E,,,,15,06:00,37,21,
2007,RS,7,77,215,TEL,PLFR,"BYNUM, WILL",2FGM,Two Pointer,2,7,58,C,,,,15,06:00,39,21,
2007,RS,7,77,227,ARI,PBDH,"MOTTOLA, HANNO",FTM,Free Throw In,1,-1,-1, ,,,,16,05:00,39,22,
2007,RS,7,77,235,TEL,PDHD,"BATISTA, ESTEBAN",2FGM,Two Pointer,2,-12,7,D,,,,17,04:00,41,22,
2007,RS,7,77,236,ARI,PTEM,"WRIGHT, BRACEY",3FGA,Missed Three Pointer,0,558,453,G,,,,17,04:00,41,22,
2007,RS,7,77,241,TEL,PLTS,"MORRIS, TERENCE",2FGM,Two Pointer,2,-7,43,D,,,,17,04:00,43,22,
2007,RS,7,77,242,ARI,PBDH,"MOTTOLA, HANNO",2FGM,Two Pointer,2,-43,-30,D,,,,17,04:00,43,24,
2007,RS,7,77,243,TEL,PLTS,"MORRIS, TERENCE",2FGM,Two Pointer,2,58,38,C,,,,17,04:00,45,24,
2007,RS,7,77,245,ARI,PLGM,"TSALDARIS, DIMITRIOS",3FGA,Missed Three Pointer,0,382,635,G,,,,17,04:00,45,24,
2007,RS,7,77,248,TEL,PDHD,"BATISTA, ESTEBAN",2FGM,Two Pointer,2,-28,56,D,,,,17,04:00,47,24,
2007,RS,7,77,249,ARI,PTEM,"WRIGHT, BRACEY",2FGM,Two Pointer,2,110,179,C,,,,17,04:00,47,26,
2007,RS,7,77,265,ARI,PTEM,"WRIGHT, BRACEY",2FGM,Two Pointer,2,282,358,B,,,,18,03:00,47,28,
2007,RS,7,77,273,TEL,PLFR,"BYNUM, WILL",3FGM,Three Pointer,3,-517,458,J,,,,20,01:00,50,28,
2007,RS,7,77,274,ARI,PTEM,"WRIGHT, BRACEY",2FGM,Two Pointer,2,115,402,C,,,,20,01:00,50,30,
2007,RS,7,77,276,TEL,PLTS,"MORRIS, TERENCE",2FGA,Missed Two Pointer,0,392,35,B,,,,20,01:00,50,30,
2007,RS,7,77,291,TEL,PAOZ,"HALPERIN, YOTAM",2FGM,Two Pointer,2,15,353,C,,,,21,10:00,52,30,
2007,RS,7,77,292,ARI,PLGV,"MASSEY, JEREMIAH",2FGM,Two Pointer,2,-102,89,D,,,,21,10:00,52,32,
2007,RS,7,77,295,ARI,PLGV,"MASSEY, JEREMIAH",FTM,Free Throw In,1,-1,-1, ,,,,21,10:00,52,33,
2007,RS,7,77,296,TEL,PAOZ,"HALPERIN, YOTAM",2FGM,Two Pointer,2,-15,71,D,,,,21,10:00,54,33,
2007,RS,7,77,298,ARI,PLGV,"MASSEY, JEREMIAH",2FGA,Missed Two Pointer,0,148,97,C,,,,21,10:00,54,33,
2007,RS,7,77,301,TEL,PCQD,"CUMMINGS, VONTEEGO",2FGA,Missed Two Pointer,0,-487,33,E,,,,21,10:00,54,33,
2007,RS,7,77,302,ARI,PTEM,"WRIGHT, BRACEY",3FGA,Missed Three Pointer,0,-679,53,F,,,,21,10:00,54,33,
2007,RS,7,77,304,ARI,PTEM,"WRIGHT, BRACEY",2FGM,Two Pointer,2,-61,112,D,,,,21,10:00,54,35,
2007,RS,7,77,308,ARI,PTEO,"TERRY, REYSHAWN",2FGA,Missed Two Pointer,0,51,43,C,,,,22,09:00,54,35,
2007,RS,7,77,319,ARI,PTEM,"WRIGHT, BRACEY",FTM,Free Throw In,1,-1,-1, ,,,,23,08:00,54,36,
2007,RS,7,77,320,ARI,PTEM,"WRIGHT, BRACEY",FTM,Free Throw In,1,-1,-1, ,,,,23,08:00,54,37,
2007,RS,7,77,325,ARI,PTEM,"WRIGHT, BRACEY",2FGM,Two Pointer,2,58,15,C,,,,23,08:00,54,39,
2007,RS,7,77,327,TEL,PLGD,"ELIYAHU, LIOR",2FGM,Two Pointer,2,-384,20,E,,,,23,08:00,56,39,
2007,RS,7,77,328,ARI,PLGV,"MASSEY, JEREMIAH",2FGM,Two Pointer,2,-128,130,D,,,,23,08:00,56,41,
2007,RS,7,77,334,ARI,PTEO,"TERRY, REYSHAWN",2FGA,Missed Two Pointer,0,-415,35,E,,,,23,08:00,56,41,
2007,RS,7,77,336,ARI,PJIX,"AGADAKOS, LAZAROS",2FGM,Two Pointer,2,-348,28,E,,,,23,08:00,56,43,
2007,RS,7,77,339,TEL,PDHD,"BATISTA, ESTEBAN",2FGA,Missed Two Pointer,0,-194,102,D,,,,23,08:00,56,43,
2007,RS,7,77,340,ARI,PTEM,"WRIGHT, BRACEY",3FGA,Missed Three Pointer,0,-692,310,F,,,,23,08:00,56,43,
2007,RS,7,77,344,ARI,PTEM,"WRIGHT, BRACEY",2FGM,Two Pointer,2,12,38,C,,,,23,08:00,56,45,
2007,RS,7,77,359,ARI,PLGV,"MASSEY, JEREMIAH",2FGA,Missed Two Pointer,0,-74,148,D,,,,26,05:00,56,45,
2007,RS,7,77,361,TEL,PLTS,"MORRIS, TERENCE",2FGM,Two Pointer,2,-7,84,D,,,,26,05:00,58,45,
2007,RS,7,77,363,TEL,PLFR,"BYNUM, WILL",2FGA,Missed Two Pointer,0,-192,10,D,,,,26,05:00,58,45,
2007,RS,7,77,364,ARI,PLGV,"MASSEY, JEREMIAH",2FGM,Two Pointer,2,30,58,C,,,,26,05:00,58,47,
2007,RS,7,77,371,ARI,PTEM,"WRIGHT, BRACEY",3FGA,Missed Three Pointer,0,505,694,G,,,,26,05:00,58,47,
2007,RS,7,77,375,TEL,PLTS,"MORRIS, TERENCE",2FGM,Two Pointer,2,15,10,C,,,,26,05:00,60,47,
2007,RS,7,77,378,ARI,PJXV,"CASTLE, TERREL",3FGM,Three Pointer,3,274,630,G,,,,26,05:00,60,50,
2007,RS,7,77,383,TEL,PLTS,"MORRIS, TERENCE",FTM,Free Throw In,1,-1,-1, ,,,,26,05:00,61,50,
2007,RS,7,77,384,TEL,PLTS,"MORRIS, TERENCE",FTM,Free Throw In,1,-1,-1, ,,,,26,05:00,62,50,
2007,RS,7,77,394,ARI,PTEM,"WRIGHT, BRACEY",FTM,Free Throw In,1,-1,-1, ,,,,29,02:00,62,51,
2007,RS,7,77,395,ARI,PTEM,"WRIGHT, BRACEY",FTM,Free Throw In,1,-1,-1, ,,,,29,02:00,62,52,
2007,RS,7,77,399,TEL,PBES,"BLUTHENTHAL, DAVID",3FGM,Three Pointer,3,510,535,G,,,,30,01:00,65,52,
2007,RS,7,77,407,ARI,PJXV,"CASTLE, TERREL",FTM,Free Throw In,1,-1,-1, ,,,,30,01:00,65,53,
2007,RS,7,77,410,TEL,PLFR,"BYNUM, WILL",3FGA,Missed Three Pointer,0,453,592,G,,,,30,01:00,65,53,
2007,RS,7,77,424,TEL,PLFR,"BYNUM, WILL",FTM,Free Throw In,1,-1,-1, ,,,,31,10:00,66,53,
2007,RS,7,77,428,ARI,PTEO,"TERRY, REYSHAWN",2FGA,Missed Two Pointer,0,-58,174,D,,,,32,09:00,66,53,
2007,RS,7,77,430,TEL,PAOZ,"HALPERIN, YOTAM",3FGA,Missed Three Pointer,0,-684,84,F,,,,32,09:00,66,53,
2007,RS,7,77,432,ARI,PLGM,"TSALDARIS, DIMITRIOS",2FGA,Missed Two Pointer,0,-310,187,E,,,,32,09:00,66,53,
2007,RS,7,77,434,ARI,PBDH,"MOTTOLA, HANNO",2FGM,Two Pointer,2,5,58,C,,,,32,09:00,66,55,
2007,RS,7,77,435,TEL,PBES,"BLUTHENTHAL, DAVID",2FGM,Two Pointer,2,107,41,C,,,,32,09:00,68,55,
2007,RS,7,77,438,ARI,PBDH,"MOTTOLA, HANNO",2FGM,Two Pointer,2,0,12,D,,,,32,09:00,68,57,
2007,RS,7,77,445,TEL,PLTS,"MORRIS, TERENCE",2FGM,Two Pointer,2,266,-7,C,,,,32,09:00,70,57,
2007,RS,7,77,460,ARI,PBDH,"MOTTOLA, HANNO",2FGA,Missed Two Pointer,0,223,135,C,,,,34,07:00,70,57,
2007,RS,7,77,461,ARI,PLGM,"TSALDARIS, DIMITRIOS",2FGM,Two Pointer,2,151,387,C,,,,34,07:00,70,59,
2007,RS,7,77,462,TEL,PCQD,"CUMMINGS, VONTEEGO",2FGM,Two Pointer,2,358,317,B,,,,34,07:00,72,59,
2007,RS,7,77,464,ARI,PTEM,"WRIGHT, BRACEY",2FGA,Missed Two Pointer,0,405,317,B,,,,35,06:00,72,59,
2007,RS,7,77,468,ARI,PJXV,"CASTLE, TERREL",3FGA,Missed Three Pointer,0,484,530,G,,,,35,06:00,72,59,
2007,RS,7,77,472,TEL,P000615,"GARCIA, ALEX",2FGA,Missed Two Pointer,0,-112,-10,D,,,,35,06:00,72,59,
2007,RS,7,77,474,TEL,PTFS,"FIZER, MARCUS",2FGM,Two Pointer,2,23,46,C,,,,35,06:00,74,59,
2007,RS,7,77,480,TEL,PAOZ,"HALPERIN, YOTAM",2FGM,Two Pointer,2,10,25,C,,,,36,05:00,76,59,
2007,RS,7,77,482,ARI,PLGV,"MASSEY, JEREMIAH",2FGAB,Missed Two Pointer,0,76,-12,C,,,,36,05:00,76,59,
2007,RS,7,77,486,TEL,PTFS,"FIZER, MARCUS",2FGA,Missed Two Pointer,0,-394,223,E,,,,36,05:00,76,59,
2007,RS,7,77,491,ARI,PLGV,"MASSEY, JEREMIAH",2FGA,Missed Two Pointer,0,102,66,C,,,,37,04:00,76,59,
2007,RS,7,77,493,ARI,PLGV,"MASSEY, JEREMIAH",2FGM,Two Pointer,2,51,82,C,,,,37,04:00,76,61,
2007,RS,7,77,494,TEL,PTFS,"FIZER, MARCUS",2FGM,Two Pointer,2,-92,97,D,,,,37,04:00,78,61,
2007,RS,7,77,499,TEL,PCQD,"CUMMINGS, VONTEEGO",2FGM,Two Pointer,2,-461,217,E,,,,38,03:00,80,61,
2007,RS,7,77,506,ARI,PTEM,"WRIGHT, BRACEY",2FGA,Missed Two Pointer,0,66,530,H,,,,38,03:00,80,61,
2007,RS,7,77,509,TEL,P000615,"GARCIA, ALEX",3FGM,Three Pointer,3,-679,141,F,,,,38,03:00,83,61,
2007,RS,7,77,512,ARI,PJXV,"CASTLE, TERREL",FTM,Free Throw In,1,-1,-1, ,,,,38,03:00,83,62,
2007,RS,7,77,513,ARI,PJXV,"CASTLE, TERREL",FTM,Free Throw In,1,-1,-1, ,,,,38,03:00,83,63,
2007,RS,7,77,519,TEL,PTFS,"FIZER, MARCUS",2FGA,Missed Two Pointer,0,-374,61,E,,,,39,02:00,83,63,
2007,RS,7,77,521,ARI,PTEM,"WRIGHT, BRACEY",2FGM,Two Pointer,2,30,48,C,,,,39,02:00,83,65,
2007,RS,7,77,530,TEL,PJFO,"CASSPI, OMRI",2FGM,Two Pointer,2,-269,274,E,,,,39,02:00,85,65,
2007,RS,7,77,538,ARI,PJXV,"CASTLE, TERREL",FTM,Free Throw In,1,-1,-1, ,,,,40,01:00,85,66,
2007,RS,7,77,539,ARI,PJXV,"CASTLE, TERREL",FTM,Free Throw In,1,-1,-1, ,,,,40,01:00,85,67,
2007,RS,7,77,542,ARI,PTEO,"TERRY, REYSHAWN",3FGM,Three Pointer,3,-7,766,J,,,,40,01:00,85,70,
2007,RS,7,77,544,TEL,PLTS,"MORRIS, TERENCE",3FGA,Missed Three Pointer,0,-505,548,J,,,,40,01:00,85,70,
2007,RS,7,78,2,MIL,PLGS,"SESAY, ANSU",2FGM,Two Pointer,2,5,146,C,,,,1,10:00,0,2,
2007,RS,7,78,3,LEM,PCHZ,"BOGDANOVIC, LUKA",3FGM,Three Pointer,3,-582,297,F,,,,1,10:00,3,2,
2007,RS,7,78,5,MIL,PKRD,"GALLINARI, DANILO",2FGA,Missed Two Pointer,0,-351,176,E,,,,1,10:00,3,2,
2007,RS,7,78,13,LEM,PCOB,"KOFFI, ALAIN",2FGM,Two Pointer,2,-46,125,D,,,,1,10:00,5,2,
2007,RS,7,78,19,MIL,PLGS,"SESAY, ANSU",3FGA,Missed Three Pointer,0,584,351,A,,,,1,10:00,5,2,
2007,RS,7,78,21,LEM,PCOB,"KOFFI, ALAIN",2FGA,Missed Two Pointer,0,-348,189,E,,,,1,10:00,5,2,
2007,RS,7,78,23,MIL,PLGS,"SESAY, ANSU",2FGA,Missed Two Pointer,0,71,123,C,,,,1,10:00,5,2,
2007,RS,7,78,25,MIL,PLGS,"SESAY, ANSU",2FGAB,Missed Two Pointer,0,17,130,C,,,,1,10:00,5,2,
2007,RS,7,78,31,LEM,PDID,"LIMONAD, RAVIV",3FGM,Three Pointer,3,-643,66,F,,,,1,10:00,8,2,
2007,RS,7,78,35,MIL,PKNZ,"WATSON, TRAVIS",2FGM,Two Pointer,2,-10,184,D,,,,1,10:00,8,4,
2007,RS,7,78,37,LEM,PKOH,"BATUM, NICOLAS",2FGM,Two Pointer,2,412,153,B,,,,1,10:00,10,4,
2007,RS,7,78,42,MIL,PAUT,"VUKCEVIC, DUSAN",3FGA,Missed Three Pointer,0,294,600,G,,,,4,07:00,10,4,
2007,RS,7,78,51,MIL,PAVD,"BOOKER, MELVIN",3FGA,Missed Three Pointer,0,394,543,G,,,,4,07:00,10,4,
2007,RS,7,78,53,LEM,PDID,"LIMONAD, RAVIV",3FGA,Missed Three Pointer,0,5,661,G,,,,4,07:00,10,4,
2007,RS,7,78,55,MIL,PLGS,"SESAY, ANSU",3FGA,Missed Three Pointer,0,594,328,A,,,,4,07:00,10,4,
2007,RS,7,78,59,LEM,PDID,"LIMONAD, RAVIV",FTM,Free Throw In,1,-1,-1, ,,,,4,07:00,11,4,
2007,RS,7,78,65,MIL,PKNZ,"WATSON, TRAVIS",2FGM,Two Pointer,2,0,207,D,,,,4,07:00,11,6,
2007,RS,7,78,67,LEM,PCHZ,"BOGDANOVIC, LUKA",2FGA,Missed Two Pointer,0,-5,541,I,,,,4,07:00,11,6,
2007,RS,7,78,69,MIL,PLGS,"SESAY, ANSU",2FGA,Missed Two Pointer,0,12,153,C,,,,4,07:00,11,6,
2007,RS,7,78,71,MIL,PLGS,"SESAY, ANSU",2FGAB,Missed Two Pointer,0,23,133,C,,,,4,07:00,11,6,
2007,RS,7,78,74,LEM,PDID,"LIMONAD, RAVIV",2FGM,Two Pointer,2,-5,153,D,,,,4,07:00,13,6,
2007,RS,7,78,76,MIL,PAUT,"VUKCEVIC, DUSAN",2FGM,Two Pointer,2,17,141,C,,,,4,07:00,13,8,
2007,RS,7,78,77,LEM,PKZD,"CLANCY, SAM",2FGA,Missed Two Pointer,0,-376,210,E,,,,4,07:00,13,8,
2007,RS,7,78,82,LEM,PDID,"LIMONAD, RAVIV",2FGM,Two Pointer,2,2,128,D,,,,4,07:00,15,8,
2007,RS,7,78,88,MIL,PKNZ,"WATSON, TRAVIS",2FGM,Two Pointer,2,-2,174,D,,,,8,03:00,15,10,
2007,RS,7,78,98,LEM,PCOC,"BOKOLO, YANNICK",FTM,Free Throw In,1,-1,-1, ,,,,8,03:00,16,10,
2007,RS,7,78,99,LEM,PCOC,"BOKOLO, YANNICK",FTM,Free Throw In,1,-1,-1, ,,,,8,03:00,17,10,
2007,RS,7,78,103,MIL,PAVD,"BOOKER, MELVIN",3FGM,Three Pointer,3,592,292,A,,,,9,02:00,17,13,
2007,RS,7,78,111,MIL,PCUG,"SHAW, CASEY",2FGA,Missed Two Pointer,0,23,207,C,,,,10,01:00,17,13,
2007,RS,7,78,113,MIL,PCUG,"SHAW, CASEY",2FGAB,Missed Two Pointer,0,28,151,C,,,,10,01:00,17,13,
2007,RS,7,78,116,LEM,PCHZ,"BOGDANOVIC, LUKA",3FGA,Missed Three Pointer,0,-35,684,J,,,,10,01:00,17,13,
2007,RS,7,78,118,MIL,PKRD,"GALLINARI, DANILO",3FGA,Missed Three Pointer,0,-138,653,J,,,,10,01:00,17,13,
2007,RS,7,78,120,LEM,PCHZ,"BOGDANOVIC, LUKA",3FGA,Missed Three Pointer,0,5,792,G,,,,10,01:00,17,13,
2007,RS,7,78,127,LEM,PCOC,"BOKOLO, YANNICK",2FGM,Two Pointer,2,-17,153,D,,,,11,10:00,19,13,
2007,RS,7,78,130,MIL,PAVD,"BOOKER, MELVIN",2FGM,Two Pointer,2,-15,192,D,,,,11,10:00,19,15,
2007,RS,7,78,132,LEM,PCOB,"KOFFI, ALAIN",2FGA,Missed Two Pointer,0,-7,402,D,,,,11,10:00,19,15,
2007,RS,7,78,136,LEM,PCHZ,"BOGDANOVIC, LUKA",2FGA,Missed Two Pointer,0,-87,41,D,,,,11,10:00,19,15,
2007,RS,7,78,145,MIL,PAVD,"BOOKER, MELVIN",2FGA,Missed Two Pointer,0,23,469,H,,,,12,09:00,19,15,
2007,RS,7,78,156,LEM,PTFJ,"RICCI, PHIL",FTM,Free Throw In,1,-1,-1, ,,,,13,08:00,20,15,
2007,RS,7,78,157,MIL,PTEQ,"ARADORI, PIETRO",3FGA,Missed Three Pointer,0,574,351,A,,,,13,08:00,20,15,
2007,RS,7,78,159,LEM,PCOC,"BOKOLO, YANNICK",3FGA,Missed Three Pointer,0,0,666,J,,,,13,08:00,20,15,
2007,RS,7,78,165,LEM,PTFK,"DIOT, ANTOINE",3FGA,Missed Three Pointer,0,-533,392,F,,,,14,07:00,20,15,
2007,RS,7,78,167,MIL,PKNZ,"WATSON, TRAVIS",2FGA,Missed Two Pointer,0,5,233,C,,,,14,07:00,20,15,
2007,RS,7,78,169,MIL,PKNZ,"WATSON, TRAVIS",2FGAB,Missed Two Pointer,0,25,223,C,,,,14,07:00,20,15,
2007,RS,7,78,177,MIL,PKNZ,"WATSON, TRAVIS",FTM,Free Throw In,1,-1,-1, ,,,,15,06:00,20,16,
2007,RS,7,78,181,MIL,PAVD,"BOOKER, MELVIN",2FGA,Missed Two Pointer,0,-205,146,D,,,,15,06:00,20,16,
2007,RS,7,78,187,LEM,PKZD,"CLANCY, SAM",2FGM,Two Pointer,2,-294,133,E,,,,15,06:00,22,16,
2007,RS,7,78,191,MIL,PAUT,"VUKCEVIC, DUSAN",2FGA,Missed Two Pointer,0,10,192,C,,,,15,06:00,22,16,
2007,RS,7,78,193,LEM,PDID,"LIMONAD, RAVIV",3FGA,Missed Three Pointer,0,-58,666,J,,,,15,06:00,22,16,
2007,RS,7,78,195,MIL,PAUT,"VUKCEVIC, DUSAN",2FGM,Two Pointer,2,2,192,D,,,,15,06:00,22,18,
2007,RS,7,78,199,LEM,PKOH,"BATUM, NICOLAS",3FGM,Three Pointer,3,569,315,A,,,,16,05:00,25,18,
2007,RS,7,78,202,LEM,PCOC,"BOKOLO, YANNICK",2FGM,Two Pointer,2,241,407,B,,,,16,05:00,27,18,
2007,RS,7,78,207,MIL,PKRD,"GALLINARI, DANILO",2FGM,Two Pointer,2,20,153,C,,,,16,05:00,27,20,
2007,RS,7,78,213,MIL,PKRD,"GALLINARI, DANILO",FTM,Free Throw In,1,-1,-1, ,,,,17,04:00,27,21,
2007,RS,7,78,216,MIL,PAUT,"VUKCEVIC, DUSAN",2FGM,Two Pointer,2,10,58,C,,,,17,04:00,27,23,
2007,RS,7,78,226,MIL,PAVD,"BOOKER, MELVIN",FTM,Free Throw In,1,-1,-1, ,,,,18,03:00,27,24,
2007,RS,7,78,228,LEM,PKZD,"CLANCY, SAM",2FGM,Two Pointer,2,10,125,C,,,,18,03:00,29,24,
2007,RS,7,78,232,MIL,PKRD,"GALLINARI, DANILO",FTM,Free Throw In,1,-1,-1, ,,,,18,03:00,29,25,
2007,RS,7,78,233,MIL,PKRD,"GALLINARI, DANILO",FTM,Free Throw In,1,-1,-1, ,,,,18,03:00,29,26,
2007,RS,7,78,240,MIL,PLGS,"SESAY, ANSU",2FGM,Two Pointer,2,20,446,H,,,,18,03:00,29,28,
2007,RS,7,78,242,LEM,PTFK,"DIOT, ANTOINE",2FGM,Two Pointer,2,200,89,C,,,,18,03:00,31,28,
2007,RS,7,78,244,MIL,PAUT,"VUKCEVIC, DUSAN",2FGM,Two Pointer,2,294,151,B,,,,18,03:00,31,30,
2007,RS,7,78,246,LEM,PDID,"LIMONAD, RAVIV",3FGA,Missed Three Pointer,0,574,310,A,,,,18,03:00,31,30,
2007,RS,7,78,248,MIL,PAUT,"VUKCEVIC, DUSAN",3FGM,Three Pointer,3,648,43,A,,,,18,03:00,31,33,
2007,RS,7,78,253,MIL,PAUT,"VUKCEVIC, DUSAN",3FGA,Missed Three Pointer,0,400,520,G,,,,20,01:00,31,33,
2007,RS,7,78,255,LEM,PTFK,"DIOT, ANTOINE",3FGA,Missed Three Pointer,0,33,1169,G,,,,20,01:00,31,33,
2007,RS,7,78,264,MIL,PAVD,"BOOKER, MELVIN",FTM,Free Throw In,1,-1,-1, ,,,,21,10:00,31,34,
2007,RS,7,78,265,MIL,PAVD,"BOOKER, MELVIN",FTM,Free Throw In,1,-1,-1, ,,,,21,10:00,31,35,
2007,RS,7,78,266,LEM,PDID,"LIMONAD, RAVIV",3FGM,Three Pointer,3,-592,274,F,,,,21,10:00,34,35,
2007,RS,7,78,268,MIL,PKRD,"GALLINARI, DANILO",2FGA,Missed Two Pointer,0,-105,35,D,,,,21,10:00,34,35,
2007,RS,7,78,270,MIL,PKRD,"GALLINARI, DANILO",2FGAB,Missed Two Pointer,0,184,82,C,,,,21,10:00,34,35,
2007,RS,7,78,273,LEM,PDID,"LIMONAD, RAVIV",3FGM,Three Pointer,3,612,220,A,,,,21,10:00,37,35,
2007,RS,7,78,274,MIL,PLGS,"SESAY, ANSU",2FGA,Missed Two Pointer,0,-492,315,E,,,,21,10:00,37,35,
2007,RS,7,78,276,MIL,PKNZ,"WATSON, TRAVIS",2FGA,Missed Two Pointer,0,-69,23,D,,,,21,10:00,37,35,
2007,RS,7,78,278,MIL,PKRD,"GALLINARI, DANILO",2FGM,Two Pointer,2,-5,30,D,,,,21,10:00,37,37,
2007,RS,7,78,281,MIL,PKRD,"GALLINARI, DANILO",2FGA,Missed Two Pointer,0,174,64,C,,,,22,09:00,37,37,
2007,RS,7,78,285,LEM,PTFK,"DIOT, ANTOINE",2FGAB,Missed Two Pointer,0,-123,41,D,,,,23,08:00,37,37,
2007,RS,7,78,288,MIL,PLGS,"SESAY, ANSU",2FGA,Missed Two Pointer,0,-92,76,D,,,,23,08:00,37,37,
2007,RS,7,78,297,MIL,PAVD,"BOOKER, MELVIN",2FGM,Two Pointer,2,51,5,C,,,,24,07:00,37,39,
2007,RS,7,78,299,LEM,PKZD,"CLANCY, SAM",2FGM,Two Pointer,2,7,0,C,,,,25,06:00,39,39,
2007,RS,7,78,300,MIL,PKNZ,"WATSON, TRAVIS",2FGM,Two Pointer,2,2,0,D,,,,25,06:00,39,41,
2007,RS,7,78,313,LEM,PKZD,"CLANCY, SAM",FTM,Free Throw In,1,-1,-1, ,,,,26,05:00,40,41,
2007,RS,7,78,316,MIL,PAVD,"BOOKER, MELVIN",2FGA,Missed Two Pointer,0,-169,210,D,,,,26,05:00,40,41,
2007,RS,7,78,318,LEM,PCOC,"BOKOLO, YANNICK",2FGA,Missed Two Pointer,0,-53,23,D,,,,26,05:00,40,41,
2007,RS,7,78,326,MIL,PKRD,"GALLINARI, DANILO",FTM,Free Throw In,1,-1,-1, ,,,,26,05:00,40,42,
2007,RS,7,78,327,MIL,PKRD,"GALLINARI, DANILO",FTM,Free Throw In,1,-1,-1, ,,,,26,05:00,40,43,
2007,RS,7,78,330,LEM,PCOB,"KOFFI, ALAIN",2FGM,Two Pointer,2,94,130,C,,,,26,05:00,42,43,
2007,RS,7,78,331,MIL,PLGS,"SESAY, ANSU",2FGA,Missed Two Pointer,0,-194,130,D,,,,26,05:00,42,43,
2007,RS,7,78,338,LEM,PDID,"LIMONAD, RAVIV",2FGM,Two Pointer,2,130,156,C,,,,28,03:00,44,43,
2007,RS,7,78,339,MIL,PLGS,"SESAY, ANSU",3FGA,Missed Three Pointer,0,-546,400,F,,,,28,03:00,44,43,
2007,RS,7,78,341,MIL,PTEQ,"ARADORI, PIETRO",2FGM,Two Pointer,2,71,17,C,,,,28,03:00,44,45,
2007,RS,7,78,343,LEM,PKZD,"CLANCY, SAM",2FGM,Two Pointer,2,64,2,C,,,,28,03:00,46,45,
2007,RS,7,78,345,MIL,PAVD,"BOOKER, MELVIN",3FGA,Missed Three Pointer,0,292,600,G,,,,29,02:00,46,45,
2007,RS,7,78,347,MIL,PCUG,"SHAW, CASEY",2FGM,Two Pointer,2,-87,23,D,,,,29,02:00,46,47,
2007,RS,7,78,348,LEM,PCOB,"KOFFI, ALAIN",2FGM,Two Pointer,2,128,207,C,,,,29,02:00,48,47,
2007,RS,7,78,353,LEM,PCOB,"KOFFI, ALAIN",FTM,Free Throw In,1,-1,-1, ,,,,29,02:00,49,47,
2007,RS,7,78,355,MIL,PAUT,"VUKCEVIC, DUSAN",2FGM,Two Pointer,2,-61,0,D,,,,30,01:00,49,49,
2007,RS,7,78,356,LEM,PDID,"LIMONAD, RAVIV",3FGA,Missed Three Pointer,0,333,561,G,,,,30,01:00,49,49,
2007,RS,7,78,358,LEM,PCOB,"KOFFI, ALAIN",2FGM,Two Pointer,2,7,10,C,,,,30,01:00,51,49,
2007,RS,7,78,359,MIL,PTEQ,"ARADORI, PIETRO",2FGA,Missed Two Pointer,0,297,38,B,,,,30,01:00,51,49,
2007,RS,7,78,363,LEM,PDID,"LIMONAD, RAVIV",2FGM,Two Pointer,2,-146,12,D,,,,30,01:00,53,49,
2007,RS,7,78,374,LEM,PCOC,"BOKOLO, YANNICK",2FGA,Missed Two Pointer,0,41,238,C,,,,31,10:00,53,49,
2007,RS,7,78,377,LEM,PKZD,"CLANCY, SAM",2FGA,Missed Two Pointer,0,7,217,C,,,,31,10:00,53,49,
2007,RS,7,78,381,LEM,PKZD,"CLANCY, SAM",2FGM,Two Pointer,2,10,12,C,,,,31,10:00,55,49,
2007,RS,7,78,383,MIL,PKRD,"GALLINARI, DANILO",2FGM,Two Pointer,2,0,130,D,,,,31,10:00,55,51,
2007,RS,7,78,388,LEM,PCOB,"KOFFI, ALAIN",2FGM,Two Pointer,2,7,7,C,,,,32,09:00,57,51,
2007,RS,7,78,396,LEM,PCOC,"BOKOLO, YANNICK",FTM,Free Throw In,1,-1,-1, ,,,,33,08:00,58,51,
2007,RS,7,78,397,MIL,PAVD,"BOOKER, MELVIN",2FGM,Two Pointer,2,279,10,B,,,,33,08:00,58,53,
2007,RS,7,78,399,LEM,PKOH,"BATUM, NICOLAS",2FGA,Missed Two Pointer,0,-320,271,E,,,,33,08:00,58,53,
2007,RS,7,78,407,MIL,PAUT,"VUKCEVIC, DUSAN",2FGA,Missed Two Pointer,0,-64,43,D,,,,34,07:00,58,53,
2007,RS,7,78,409,MIL,P000664,"KATELYNAS, MINDAUGAS",2FGM,Two Pointer,2,-7,48,D,,,,34,07:00,58,55,
2007,RS,7,78,412,LEM,PCHZ,"BOGDANOVIC, LUKA",3FGA,Missed Three Pointer,0,523,423,A,,,,34,07:00,58,55,
2007,RS,7,78,416,MIL,PAUT,"VUKCEVIC, DUSAN",FTM,Free Throw In,1,-1,-1, ,,,,34,07:00,58,56,
2007,RS,7,78,417,MIL,PAUT,"VUKCEVIC, DUSAN",FTM,Free Throw In,1,-1,-1, ,,,,34,07:00,58,57,
2007,RS,7,78,421,LEM,PKZD,"CLANCY, SAM",FTM,Free Throw In,1,-1,-1, ,,,,35,06:00,59,57,
2007,RS,7,78,422,LEM,PKZD,"CLANCY, SAM",FTM,Free Throw In,1,-1,-1, ,,,,35,06:00,60,57,
2007,RS,7,78,423,MIL,PAUT,"VUKCEVIC, DUSAN",2FGM,Two Pointer,2,-79,100,D,,,,35,06:00,60,59,
2007,RS,7,78,425,LEM,PCHZ,"BOGDANOVIC, LUKA",2FGA,Missed Two Pointer,0,143,420,C,,,,36,05:00,60,59,
2007,RS,7,78,431,MIL,PKNZ,"WATSON, TRAVIS",FTM,Free Throw In,1,-1,-1, ,,,,36,05:00,60,60,
2007,RS,7,78,432,MIL,PKNZ,"WATSON, TRAVIS",FTM,Free Throw In,1,-1,-1, ,,,,36,05:00,60,61,
2007,RS,7,78,433,LEM,PDID,"LIMONAD, RAVIV",2FGM,Two Pointer,2,58,43,C,,,,36,05:00,62,61,
2007,RS,7,78,435,MIL,PAUT,"VUKCEVIC, DUSAN",3FGA,Missed Three Pointer,0,-661,30,F,,,,37,04:00,62,61,
2007,RS,7,78,438,MIL,PKRD,"GALLINARI, DANILO",2FGAB,Missed Two Pointer,0,-2,48,D,,,,37,04:00,62,61,
2007,RS,7,78,441,MIL,PKRD,"GALLINARI, DANILO",2FGA,Missed Two Pointer,0,-46,23,D,,,,37,04:00,62,61,
2007,RS,7,78,443,MIL,PKRD,"GALLINARI, DANILO",2FGM,Two Pointer,2,-53,17,D,,,,37,04:00,62,63,
2007,RS,7,78,451,MIL,PAUT,"VUKCEVIC, DUSAN",FTM,Free Throw In,1,-1,-1, ,,,,38,03:00,62,64,
2007,RS,7,78,454,MIL,PAVD,"BOOKER, MELVIN",3FGA,Missed Three Pointer,0,-289,594,J,,,,38,03:00,62,64,
2007,RS,7,78,461,MIL,PKRD,"GALLINARI, DANILO",FTM,Free Throw In,1,-1,-1, ,,,,38,03:00,62,65,
2007,RS,7,78,462,LEM,PKOH,"BATUM, NICOLAS",3FGA,Missed Three Pointer,0,564,382,A,,,,38,03:00,62,65,
2007,RS,7,78,465,MIL,PAUT,"VUKCEVIC, DUSAN",2FGA,Missed Two Pointer,0,310,220,B,,,,39,02:00,62,65,
2007,RS,7,78,473,MIL,PAVD,"BOOKER, MELVIN",3FGM,Three Pointer,3,-653,-7,F,,,,40,01:00,62,68,
2007,RS,7,78,478,LEM,PCOB,"KOFFI, ALAIN",FTM,Free Throw In,1,-1,-1, ,,,,40,01:00,63,68,
2007,RS,7,78,481,MIL,PLGS,"SESAY, ANSU",FTM,Free Throw In,1,-1,-1, ,,,,40,01:00,63,69,
2007,RS,7,78,482,MIL,PLGS,"SESAY, ANSU",FTM,Free Throw In,1,-1,-1, ,,,,40,01:00,63,70,
2007,RS,7,78,483,LEM,PKOH,"BATUM, NICOLAS",3FGA,Missed Three Pointer,0,-410,528,J,,,,40,01:00,63,70,
2007,RS,7,78,485,LEM,PKZD,"CLANCY, SAM",2FGA,Missed Two Pointer,0,223,464,H,,,,40,01:00,63,70,
2007,RS,7,78,490,MIL,PKRD,"GALLINARI, DANILO",FTM,Free Throw In,1,-1,-1, ,,,,40,01:00,63,71,
2007,RS,7,78,491,MIL,PAVD,"BOOKER, MELVIN",3FGA,Missed Three Pointer,0,-602,338,F,,,,40,01:00,63,71,
2007,RS,7,79,2,CIB,PTFD,"VUKUSIC, VEDRAN",2FGM,Two Pointer,2,-125,92,D,,,,1,10:00,0,2,
2007,RS,7,79,15,LIE,PBUU,"LUKAUSKIS, MINDAUGAS",2FGA,Missed Two Pointer,0,171,300,C,,,,2,09:00,0,2,
2007,RS,7,79,17,LIE,PBUU,"LUKAUSKIS, MINDAUGAS",2FGM,Two Pointer,2,58,115,C,,,,2,09:00,2,2,
2007,RS,7,79,25,LIE,PBUU,"LUKAUSKIS, MINDAUGAS",FTM,Free Throw In,1,-1,-1, ,,,,2,09:00,3,2,
2007,RS,7,79,26,LIE,PJZN,"PETRAVICIUS, MARIJONAS",2FGM,Two Pointer,2,-48,15,D,,,,2,09:00,5,2,
2007,RS,7,79,30,CIB,PTFD,"VUKUSIC, VEDRAN",2FGM,Two Pointer,2,-164,69,D,,,,3,08:00,5,4,
2007,RS,7,79,31,LIE,PJZN,"PETRAVICIUS, MARIJONAS",2FGA,Missed Two Pointer,0,-84,333,D,,,,3,08:00,5,4,
2007,RS,7,79,33,CIB,PAPL,"MULAOMEROVIC, DAMIR",3FGM,Three Pointer,3,-51,656,J,,,,3,08:00,5,7,
2007,RS,7,79,41,CIB,PLCC,"WARREN, CHRIS",FTM,Free Throw In,1,-1,-1, ,,,,4,07:00,5,8,
2007,RS,7,79,42,LIE,PJRD,"NIELSEN, MATT",2FGM,Two Pointer,2,51,25,C,,,,4,07:00,7,8,
2007,RS,7,79,44,CIB,PLUI,"HOSKIN, SAM",2FGA,Missed Two Pointer,0,197,20,C,,,,4,07:00,7,8,
2007,RS,7,79,46,LIE,PJRD,"NIELSEN, MATT",2FGM,Two Pointer,2,-76,33,D,,,,4,07:00,9,8,
2007,RS,7,79,49,CIB,PLCC,"WARREN, CHRIS",2FGA,Missed Two Pointer,0,415,74,B,,,,5,06:00,9,8,
2007,RS,7,79,51,LIE,PLOC,"EIDSON, CHUCK",3FGM,Three Pointer,3,425,543,G,,,,5,06:00,12,8,
2007,RS,7,79,55,CIB,PAPL,"MULAOMEROVIC, DAMIR",3FGA,Missed Three Pointer,0,-174,687,J,,,,5,06:00,12,8,
2007,RS,7,79,59,CIB,PJJV,"ROZIC, MARIN",2FGA,Missed Two Pointer,0,-133,241,D,,,,5,06:00,12,8,
2007,RS,7,79,62,LIE,PLOC,"EIDSON, CHUCK",3FGA,Missed Three Pointer,0,312,612,G,,,,6,05:00,12,8,
2007,RS,7,79,66,LIE,PJZN,"PETRAVICIUS, MARIJONAS",2FGM,Two Pointer,2,141,230,C,,,,6,05:00,14,8,
2007,RS,7,79,72,CIB,PLUI,"HOSKIN, SAM",2FGM,Two Pointer,2,48,17,C,,,,6,05:00,14,10,
2007,RS,7,79,75,LIE,PBUU,"LUKAUSKIS, MINDAUGAS",3FGA,Missed Three Pointer,0,-282,600,J,,,,7,04:00,14,10,
2007,RS,7,79,89,CIB,PJJV,"ROZIC, MARIN",FTM,Free Throw In,1,-1,-1, ,,,,8,03:00,14,11,
2007,RS,7,79,92,LIE,PTFL,"BAJRAMOVIC, KENAN",2FGM,Two Pointer,2,74,53,C,,,,8,03:00,16,11,
2007,RS,7,79,93,CIB,PAPL,"MULAOMEROVIC, DAMIR",3FGA,Missed Three Pointer,0,2,669,G,,,,8,03:00,16,11,
2007,RS,7,79,95,LIE,PLOC,"EIDSON, CHUCK",3FGM,Three Pointer,3,448,512,G,,,,8,03:00,19,11,
2007,RS,7,79,98,CIB,PAPL,"MULAOMEROVIC, DAMIR",2FGA,Missed Two Pointer,0,-153,123,D,,,,9,02:00,19,11,
2007,RS,7,79,102,LIE,P000275,"MITCHELL, DARREL",FTM,Free Throw In,1,-1,-1, ,,,,9,02:00,20,11,
2007,RS,7,79,103,LIE,P000275,"MITCHELL, DARREL",FTM,Free Throw In,1,-1,-1, ,,,,9,02:00,21,11,
2007,RS,7,79,106,CIB,PAPL,"MULAOMEROVIC, DAMIR",FTM,Free Throw In,1,-1,-1, ,,,,9,02:00,21,12,
2007,RS,7,79,109,LIE,PTFL,"BAJRAMOVIC, KENAN",3FGA,Missed Three Pointer,0,-176,648,J,,,,9,02:00,21,12,
2007,RS,7,79,112,CIB,PLUI,"HOSKIN, SAM",2FGM,Two Pointer,2,428,58,B,,,,10,01:00,21,14,
2007,RS,7,79,114,LIE,PTFL,"BAJRAMOVIC, KENAN",2FGM,Two Pointer,2,-53,10,D,,,,10,01:00,23,14,
2007,RS,7,79,116,CIB,PTFD,"VUKUSIC, VEDRAN",3FGA,Missed Three Pointer,0,-458,561,J,,,,10,01:00,23,14,
2007,RS,7,79,122,LIE,PLOC,"EIDSON, CHUCK",3FGA,Missed Three Pointer,0,441,548,G,,,,11,10:00,23,14,
2007,RS,7,79,124,LIE,PKNS,"JOMANTAS, ARTURAS",3FGM,Three Pointer,3,348,587,G,,,,11,10:00,26,14,
2007,RS,7,79,125,CIB,PLCC,"WARREN, CHRIS",2FGA,Missed Two Pointer,0,-330,174,E,,,,11,10:00,26,14,
2007,RS,7,79,129,LIE,PJZN,"PETRAVICIUS, MARIJONAS",FTM,Free Throw In,1,-1,-1, ,,,,11,10:00,27,14,
2007,RS,7,79,130,LIE,PJZN,"PETRAVICIUS, MARIJONAS",FTM,Free Throw In,1,-1,-1, ,,,,11,10:00,28,14,
2007,RS,7,79,131,CIB,PLUI,"HOSKIN, SAM",2FGA,Missed Two Pointer,0,-161,228,D,,,,11,10:00,28,14,
2007,RS,7,79,133,LIE,PJZN,"PETRAVICIUS, MARIJONAS",2FGM,Two Pointer,2,151,197,C,,,,11,10:00,30,14,
2007,RS,7,79,141,LIE,PLOC,"EIDSON, CHUCK",2FGM,Two Pointer,2,-425,164,E,,,,12,09:00,32,14,
2007,RS,7,79,151,CIB,PJDQ,"ANDRIC, LUKSA",2FGA,Missed Two Pointer,0,-274,82,E,,,,13,08:00,32,14,
2007,RS,7,79,153,LIE,PKNS,"JOMANTAS, ARTURAS",2FGM,Two Pointer,2,112,130,C,,,,13,08:00,34,14,
2007,RS,7,79,157,CIB,PLCC,"WARREN, CHRIS",2FGA,Missed Two Pointer,0,-320,10,E,,,,14,07:00,34,14,
2007,RS,7,79,159,LIE,PJZN,"PETRAVICIUS, MARIJONAS",2FGM,Two Pointer,2,5,12,C,,,,14,07:00,36,14,
2007,RS,7,79,163,CIB,PKXF,"AYUSO, LARRY",3FGA,Missed Three Pointer,0,187,638,G,,,,14,07:00,36,14,
2007,RS,7,79,167,CIB,PLCC,"WARREN, CHRIS",2FGM,Two Pointer,2,-74,25,D,,,,14,07:00,36,16,
2007,RS,7,79,177,CIB,PJDQ,"ANDRIC, LUKSA",FTM,Free Throw In,1,-1,-1, ,,,,15,06:00,36,17,
2007,RS,7,79,178,LIE,PJZN,"PETRAVICIUS, MARIJONAS",2FGAB,Missed Two Pointer,0,58,28,C,,,,15,06:00,36,17,
2007,RS,7,79,182,CIB,PKXF,"AYUSO, LARRY",2FGA,Missed Two Pointer,0,-48,117,D,,,,15,06:00,36,17,
2007,RS,7,79,186,LIE,PTFL,"BAJRAMOVIC, KENAN",3FGM,Three Pointer,3,469,492,G,,,,15,06:00,39,17,
2007,RS,7,79,188,CIB,PLCC,"WARREN, CHRIS",3FGM,Three Pointer,3,-364,587,J,,,,16,05:00,39,20,
2007,RS,7,79,192,LIE,PJZN,"PETRAVICIUS, MARIJONAS",FTM,Free Throw In,1,-1,-1, ,,,,16,05:00,40,20,
2007,RS,7,79,202,LIE,PKNS,"JOMANTAS, ARTURAS",2FGM,Two Pointer,2,-58,33,D,,,,17,04:00,42,20,
2007,RS,7,79,208,CIB,P000092,"PRINC, VEDRAN",FTM,Free Throw In,1,-1,-1, ,,,,17,04:00,42,21,
2007,RS,7,79,209,LIE,PTFL,"BAJRAMOVIC, KENAN",2FGA,Missed Two Pointer,0,-169,243,D,,,,17,04:00,42,21,
2007,RS,7,79,212,CIB,PJDQ,"ANDRIC, LUKSA",2FGM,Two Pointer,2,-84,38,D,,,,18,03:00,42,23,
2007,RS,7,79,220,LIE,PTFL,"BAJRAMOVIC, KENAN",FTM,Free Throw In,1,-1,-1, ,,,,18,03:00,43,23,
2007,RS,7,79,221,CIB,PKXF,"AYUSO, LARRY",3FGA,Missed Three Pointer,0,658,79,A,,,,18,03:00,43,23,
2007,RS,7,79,226,LIE,PTFL,"BAJRAMOVIC, KENAN",FTM,Free Throw In,1,-1,-1, ,,,,18,03:00,44,23,
2007,RS,7,79,227,CIB,P000092,"PRINC, VEDRAN",3FGA,Missed Three Pointer,0,630,158,A,,,,18,03:00,44,23,
2007,RS,7,79,238,LIE,PTFL,"BAJRAMOVIC, KENAN",3FGA,Missed Three Pointer,0,523,448,G,,,,19,02:00,44,23,
2007,RS,7,79,240,LIE,P000275,"MITCHELL, DARREL",3FGM,Three Pointer,3,271,615,G,,,,19,02:00,47,23,
2007,RS,7,79,243,CIB,PLCC,"WARREN, CHRIS",2FGM,Two Pointer,2,-94,138,D,,,,20,01:00,47,25,
2007,RS,7,79,249,LIE,P000275,"MITCHELL, DARREL",2FGA,Missed Two Pointer,0,156,79,C,,,,20,01:00,47,25,
2007,RS,7,79,269,LIE,PJRD,"NIELSEN, MATT",3FGA,Missed Three Pointer,0,-235,617,J,,,,21,10:00,47,25,
2007,RS,7,79,271,CIB,PLCC,"WARREN, CHRIS",2FGA,Missed Two Pointer,0,112,356,C,,,,21,10:00,47,25,
2007,RS,7,79,274,LIE,PLOC,"EIDSON, CHUCK",2FGA,Missed Two Pointer,0,-346,197,E,,,,22,09:00,47,25,
2007,RS,7,79,276,CIB,PLUI,"HOSKIN, SAM",2FGM,Two Pointer,2,110,107,C,,,,22,09:00,47,27,
2007,RS,7,79,279,LIE,PLOC,"EIDSON, CHUCK",2FGM,Two Pointer,2,-261,64,E,,,,22,09:00,49,27,
2007,RS,7,79,282,CIB,PLUI,"HOSKIN, SAM",2FGA,Missed Two Pointer,0,223,69,C,,,,23,08:00,49,27,
2007,RS,7,79,288,CIB,PLCC,"WARREN, CHRIS",2FGA,Missed Two Pointer,0,-125,174,D,,,,23,08:00,49,27,
2007,RS,7,79,292,CIB,PLUI,"HOSKIN, SAM",2FGM,Two Pointer,2,105,89,C,,,,23,08:00,49,29,
2007,RS,7,79,294,LIE,PBUU,"LUKAUSKIS, MINDAUGAS",3FGA,Missed Three Pointer,0,-464,484,J,,,,24,07:00,49,29,
2007,RS,7,79,296,LIE,PCOH,"PRICE, HOLLIS",2FGM,Two Pointer,2,74,87,C,,,,24,07:00,51,29,
2007,RS,7,79,299,LIE,PCOH,"PRICE, HOLLIS",FTM,Free Throw In,1,-1,-1, ,,,,24,07:00,52,29,
2007,RS,7,79,302,CIB,PLCC,"WARREN, CHRIS",3FGA,Missed Three Pointer,0,-348,564,J,,,,24,07:00,52,29,
2007,RS,7,79,305,LIE,PBUU,"LUKAUSKIS, MINDAUGAS",2FGM,Two Pointer,2,51,74,C,,,,25,06:00,54,29,
2007,RS,7,79,306,CIB,PAPL,"MULAOMEROVIC, DAMIR",3FGM,Three Pointer,3,-123,669,J,,,,25,06:00,54,32,
2007,RS,7,79,313,LIE,PJRD,"NIELSEN, MATT",2FGM,Two Pointer,2,-66,15,D,,,,25,06:00,56,32,
2007,RS,7,79,318,CIB,PLUI,"HOSKIN, SAM",FTM,Free Throw In,1,-1,-1, ,,,,26,05:00,56,33,
2007,RS,7,79,319,CIB,PLUI,"HOSKIN, SAM",FTM,Free Throw In,1,-1,-1, ,,,,26,05:00,56,34,
2007,RS,7,79,320,LIE,PJZN,"PETRAVICIUS, MARIJONAS",2FGM,Two Pointer,2,-43,43,D,,,,26,05:00,58,34,
2007,RS,7,79,322,CIB,PAPL,"MULAOMEROVIC, DAMIR",2FGM,Two Pointer,2,-41,76,D,,,,26,05:00,58,36,
2007,RS,7,79,325,LIE,PCOH,"PRICE, HOLLIS",FTM,Free Throw In,1,-1,-1, ,,,,26,05:00,59,36,
2007,RS,7,79,326,LIE,PCOH,"PRICE, HOLLIS",FTM,Free Throw In,1,-1,-1, ,,,,26,05:00,60,36,
2007,RS,7,79,328,CIB,PKXF,"AYUSO, LARRY",3FGA,Missed Three Pointer,0,238,625,G,,,,27,04:00,60,36,
2007,RS,7,79,330,CIB,PKXF,"AYUSO, LARRY",2FGA,Missed Two Pointer,0,148,333,C,,,,27,04:00,60,36,
2007,RS,7,79,332,CIB,PLUI,"HOSKIN, SAM",2FGM,Two Pointer,2,53,100,C,,,,27,04:00,60,38,
2007,RS,7,79,334,LIE,PJZN,"PETRAVICIUS, MARIJONAS",2FGM,Two Pointer,2,-361,46,E,,,,28,03:00,62,38,
2007,RS,7,79,336,CIB,PKXF,"AYUSO, LARRY",2FGA,Missed Two Pointer,0,266,266,B,,,,28,03:00,62,38,
2007,RS,7,79,338,LIE,PLOC,"EIDSON, CHUCK",3FGM,Three Pointer,3,-556,407,F,,,,28,03:00,65,38,
2007,RS,7,79,345,CIB,PKXF,"AYUSO, LARRY",2FGM,Two Pointer,2,69,79,C,,,,28,03:00,65,40,
2007,RS,7,79,348,LIE,P000275,"MITCHELL, DARREL",3FGM,Three Pointer,3,-469,512,J,,,,29,02:00,68,40,
2007,RS,7,79,354,CIB,PLCC,"WARREN, CHRIS",2FGM,Two Pointer,2,102,87,C,,,,29,02:00,68,42,
2007,RS,7,79,356,LIE,PJRD,"NIELSEN, MATT",3FGA,Missed Three Pointer,0,-171,633,J,,,,30,01:00,68,42,
2007,RS,7,79,362,LIE,PJZN,"PETRAVICIUS, MARIJONAS",FTM,Free Throw In,1,-1,-1, ,,,,30,01:00,69,42,
2007,RS,7,79,363,LIE,PJZN,"PETRAVICIUS, MARIJONAS",FTM,Free Throw In,1,-1,-1, ,,,,30,01:00,70,42,
2007,RS,7,79,373,LIE,PCOH,"PRICE, HOLLIS",3FGA,Missed Three Pointer,0,669,94,A,,,,30,01:00,70,42,
2007,RS,7,79,375,LIE,PKNS,"JOMANTAS, ARTURAS",2FGA,Missed Two Pointer,0,-102,166,D,,,,30,01:00,70,42,
2007,RS,7,79,387,LIE,PBUU,"LUKAUSKIS, MINDAUGAS",3FGA,Missed Three Pointer,0,656,84,A,,,,31,10:00,70,42,
2007,RS,7,79,389,CIB,PKXF,"AYUSO, LARRY",2FGA,Missed Two Pointer,0,-82,56,D,,,,31,10:00,70,42,
2007,RS,7,79,391,LIE,PTFL,"BAJRAMOVIC, KENAN",2FGM,Two Pointer,2,-2,5,D,,,,31,10:00,72,42,
2007,RS,7,79,393,CIB,PAPL,"MULAOMEROVIC, DAMIR",2FGM,Two Pointer,2,71,28,C,,,,31,10:00,72,44,
2007,RS,7,79,401,LIE,PBUU,"LUKAUSKIS, MINDAUGAS",2FGA,Missed Two Pointer,0,-15,584,I,,,,32,09:00,72,44,
2007,RS,7,79,403,CIB,PJJV,"ROZIC, MARIN",2FGAB,Missed Two Pointer,0,79,25,C,,,,32,09:00,72,44,
2007,RS,7,79,407,LIE,PBUU,"LUKAUSKIS, MINDAUGAS",2FGA,Missed Two Pointer,0,-2,12,D,,,,32,09:00,72,44,
2007,RS,7,79,412,CIB,PKXF,"AYUSO, LARRY",FTM,Free Throw In,1,-1,-1, ,,,,32,09:00,72,45,
2007,RS,7,79,414,LIE,P000275,"MITCHELL, DARREL",2FGM,Two Pointer,2,207,202,C,,,,33,08:00,74,45,
2007,RS,7,79,421,CIB,PAPL,"MULAOMEROVIC, DAMIR",2FGA,Missed Two Pointer,0,274,307,B,,,,33,08:00,74,45,
2007,RS,7,79,431,CIB,PKXF,"AYUSO, LARRY",3FGA,Missed Three Pointer,0,-330,607,J,,,,34,07:00,74,45,
2007,RS,7,79,435,LIE,PTFL,"BAJRAMOVIC, KENAN",FTM,Free Throw In,1,-1,-1, ,,,,34,07:00,75,45,
2007,RS,7,79,436,LIE,PTFL,"BAJRAMOVIC, KENAN",FTM,Free Throw In,1,-1,-1, ,,,,34,07:00,76,45,
2007,RS,7,79,440,CIB,PLUI,"HOSKIN, SAM",2FGA,Missed Two Pointer,0,94,158,C,,,,34,07:00,76,45,
2007,RS,7,79,442,CIB,PLUI,"HOSKIN, SAM",2FGM,Two Pointer,2,56,30,C,,,,34,07:00,76,47,
2007,RS,7,79,445,LIE,PLTT,"GECEVICIUS, MARTYNAS",3FGA,Missed Three Pointer,0,264,625,G,,,,35,06:00,76,47,
2007,RS,7,79,453,CIB,PJJV,"ROZIC, MARIN",2FGAB,Missed Two Pointer,0,58,23,C,,,,35,06:00,76,47,
2007,RS,7,79,457,LIE,PLTT,"GECEVICIUS, MARTYNAS",3FGA,Missed Three Pointer,0,646,84,A,,,,35,06:00,76,47,
2007,RS,7,79,460,LIE,PBUX,"SLEZAS, ANDRIUS",2FGM,Two Pointer,2,-76,41,D,,,,36,05:00,78,47,
2007,RS,7,79,462,CIB,PLUI,"HOSKIN, SAM",2FGM,Two Pointer,2,-41,15,D,,,,36,05:00,78,49,
2007,RS,7,79,466,CIB,PLUI,"HOSKIN, SAM",FTM,Free Throw In,1,-1,-1, ,,,,36,05:00,78,50,
2007,RS,7,79,471,CIB,PLUI,"HOSKIN, SAM",FTM,Free Throw In,1,-1,-1, ,,,,36,05:00,78,51,
2007,RS,7,79,472,CIB,PLUI,"HOSKIN, SAM",FTM,Free Throw In,1,-1,-1, ,,,,36,05:00,78,52,
2007,RS,7,79,478,LIE,PBUX,"SLEZAS, ANDRIUS",3FGA,Missed Three Pointer,0,-223,625,J,,,,37,04:00,78,52,
2007,RS,7,79,480,CIB,PAPL,"MULAOMEROVIC, DAMIR",2FGM,Two Pointer,2,-41,17,D,,,,37,04:00,78,54,
2007,RS,7,79,481,LIE,PCOH,"PRICE, HOLLIS",2FGM,Two Pointer,2,-138,256,D,,,,37,04:00,80,54,
2007,RS,7,79,486,CIB,PLUI,"HOSKIN, SAM",FTM,Free Throw In,1,-1,-1, ,,,,38,03:00,80,55,
2007,RS,7,79,487,CIB,PLUI,"HOSKIN, SAM",FTM,Free Throw In,1,-1,-1, ,,,,38,03:00,80,56,
2007,RS,7,79,490,LIE,PLTT,"GECEVICIUS, MARTYNAS",FTM,Free Throw In,1,-1,-1, ,,,,38,03:00,81,56,
2007,RS,7,79,491,LIE,PLTT,"GECEVICIUS, MARTYNAS",FTM,Free Throw In,1,-1,-1, ,,,,38,03:00,82,56,
2007,RS,7,79,492,CIB,PLCC,"WARREN, CHRIS",2FGA,Missed Two Pointer,0,79,79,C,,,,38,03:00,82,56,
2007,RS,7,79,494,LIE,PCOH,"PRICE, HOLLIS",3FGM,Three Pointer,3,-179,643,J,,,,38,03:00,85,56,
2007,RS,7,79,502,LIE,PBUX,"SLEZAS, ANDRIUS",3FGM,Three Pointer,3,-546,389,F,,,,39,02:00,88,56,
2007,RS,7,79,506,CIB,PAPL,"MULAOMEROVIC, DAMIR",FTM,Free Throw In,1,-1,-1, ,,,,39,02:00,88,57,
2007,RS,7,79,510,LIE,PCOH,"PRICE, HOLLIS",3FGM,Three Pointer,3,-223,651,J,,,,40,01:00,91,57,
2007,RS,7,79,513,CIB,PAPL,"MULAOMEROVIC, DAMIR",FTM,Free Throw In,1,-1,-1, ,,,,40,01:00,91,58,
2007,RS,7,79,516,LIE,PBUU,"LUKAUSKIS, MINDAUGAS",2FGM,Two Pointer,2,-17,7,D,,,,40,01:00,93,58,
2007,RS,7,79,522,CIB,PAPL,"MULAOMEROVIC, DAMIR",FTM,Free Throw In,1,-1,-1, ,,,,40,01:00,93,59,
2007,RS,7,80,2,IST,PBXD,"PENN, JAMES",2FGA,Missed Two Pointer,0,389,420,B,,,,1,10:00,0,0,
2007,RS,7,80,4,IST,PTFG,"WOODS, LOREN",2FGM,Two Pointer,2,-100,400,D,,,,1,10:00,2,0,
2007,RS,7,80,6,MAL,PAAS,"JIMENEZ, CARLOS",2FGA,Missed Two Pointer,0,248,217,B,,,,1,10:00,2,0,
2007,RS,7,80,8,MAL,PKML,"SANTIAGO, DANIEL",2FGA,Missed Two Pointer,0,-69,76,D,,,,1,10:00,2,0,
2007,RS,7,80,12,MAL,PKML,"SANTIAGO, DANIEL",FTM,Free Throw In,1,-1,-1, ,,,,1,10:00,2,1,
2007,RS,7,80,13,MAL,PKML,"SANTIAGO, DANIEL",FTM,Free Throw In,1,-1,-1, ,,,,1,10:00,2,2,
2007,RS,7,80,15,IST,PAWN,"GONLUM, KEREM",2FGM,Two Pointer,2,-112,74,D,,,,2,09:00,4,2,
2007,RS,7,80,17,MAL,PAWS,"RODRIGUEZ, BERNI",3FGA,Missed Three Pointer,0,-548,402,F,,,,2,09:00,4,2,
2007,RS,7,80,23,MAL,PAWX,"CABEZAS, CARLOS",2FGA,Missed Two Pointer,0,0,148,D,,,,2,09:00,4,2,
2007,RS,7,80,30,MAL,PAWX,"CABEZAS, CARLOS",FTM,Free Throw In,1,-1,-1, ,,,,3,08:00,4,3,
2007,RS,7,80,31,MAL,PAWX,"CABEZAS, CARLOS",FTM,Free Throw In,1,-1,-1, ,,,,3,08:00,4,4,
2007,RS,7,80,32,IST,PBKM,"KUQO, ERMAL",2FGA,Missed Two Pointer,0,51,510,H,,,,3,08:00,4,4,
2007,RS,7,80,34,MAL,PAGQ,"WELSCH, JIRI",3FGA,Missed Three Pointer,0,-617,312,F,,,,3,08:00,4,4,
2007,RS,7,80,36,IST,PKNG,"NICHOLAS, DREW",2FGM,Two Pointer,2,79,38,C,,,,3,08:00,6,4,
2007,RS,7,80,40,IST,PKNG,"NICHOLAS, DREW",FTM,Free Throw In,1,-1,-1, ,,,,3,08:00,7,4,
2007,RS,7,80,41,MAL,PAWS,"RODRIGUEZ, BERNI",3FGA,Missed Three Pointer,0,-53,694,J,,,,3,08:00,7,4,
2007,RS,7,80,43,MAL,PKML,"SANTIAGO, DANIEL",2FGM,Two Pointer,2,0,87,D,,,,3,08:00,7,6,
2007,RS,7,80,44,IST,PBKM,"KUQO, ERMAL",2FGM,Two Pointer,2,-20,105,D,,,,3,08:00,9,6,
2007,RS,7,80,46,MAL,PKML,"SANTIAGO, DANIEL",2FGM,Two Pointer,2,5,112,C,,,,4,07:00,9,8,
2007,RS,7,80,49,MAL,PKML,"SANTIAGO, DANIEL",FTM,Free Throw In,1,-1,-1, ,,,,4,07:00,9,9,
2007,RS,7,80,50,IST,PBXD,"PENN, JAMES",2FGA,Missed Two Pointer,0,-107,28,D,,,,4,07:00,9,9,
2007,RS,7,80,53,IST,PBKM,"KUQO, ERMAL",3FGM,Three Pointer,3,35,682,G,,,,4,07:00,12,9,
2007,RS,7,80,54,MAL,PKML,"SANTIAGO, DANIEL",2FGM,Two Pointer,2,-38,153,D,,,,4,07:00,12,11,
2007,RS,7,80,55,IST,PAWN,"GONLUM, KEREM",2FGM,Two Pointer,2,-97,71,D,,,,4,07:00,14,11,
2007,RS,7,80,62,IST,PKNG,"NICHOLAS, DREW",2FGAB,Missed Two Pointer,0,-92,53,D,,,,5,06:00,14,11,
2007,RS,7,80,66,MAL,PAAS,"JIMENEZ, CARLOS",2FGA,Missed Two Pointer,0,-156,53,D,,,,5,06:00,14,11,
2007,RS,7,80,69,IST,PBKM,"KUQO, ERMAL",2FGM,Two Pointer,2,-112,15,D,,,,6,05:00,16,11,
2007,RS,7,80,76,MAL,PAFJ,"KUS, DAVOR",2FGM,Two Pointer,2,61,87,C,,,,6,05:00,16,13,
2007,RS,7,80,79,IST,PBKM,"KUQO, ERMAL",3FGA,Missed Three Pointer,0,512,512,G,,,,7,04:00,16,13,
2007,RS,7,80,81,MAL,PKML,"SANTIAGO, DANIEL",2FGM,Two Pointer,2,-74,48,D,,,,7,04:00,16,15,
2007,RS,7,80,83,IST,PKNG,"NICHOLAS, DREW",2FGA,Missed Two Pointer,0,133,25,C,,,,7,04:00,16,15,
2007,RS,7,80,85,MAL,PAAS,"JIMENEZ, CARLOS",2FGM,Two Pointer,2,66,41,C,,,,7,04:00,16,17,
2007,RS,7,80,87,IST,PBXD,"PENN, JAMES",3FGM,Three Pointer,3,420,538,G,,,,7,04:00,19,17,
2007,RS,7,80,92,IST,PBXD,"PENN, JAMES",2FGM,Two Pointer,2,-89,15,D,,,,8,03:00,21,17,
2007,RS,7,80,93,MAL,PKML,"SANTIAGO, DANIEL",2FGA,Missed Two Pointer,0,110,117,C,,,,8,03:00,21,17,
2007,RS,7,80,96,MAL,PKML,"SANTIAGO, DANIEL",2FGM,Two Pointer,2,5,20,C,,,,9,02:00,21,19,
2007,RS,7,80,98,IST,PBXD,"PENN, JAMES",3FGA,Missed Three Pointer,0,48,669,G,,,,9,02:00,21,19,
2007,RS,7,80,100,MAL,PKML,"SANTIAGO, DANIEL",2FGM,Two Pointer,2,2,10,D,,,,9,02:00,21,21,
2007,RS,7,80,101,IST,PKOJ,"GREGORY, KENNY",3FGM,Three Pointer,3,674,-38,A,,,,9,02:00,24,21,
2007,RS,7,80,104,MAL,PAWS,"RODRIGUEZ, BERNI",2FGA,Missed Two Pointer,0,2,135,D,,,,10,01:00,24,21,
2007,RS,7,80,106,IST,PKNG,"NICHOLAS, DREW",2FGM,Two Pointer,2,15,115,C,,,,10,01:00,26,21,
2007,RS,7,80,113,MAL,PAWS,"RODRIGUEZ, BERNI",2FGAB,Missed Two Pointer,0,-7,123,D,,,,10,01:00,26,21,
2007,RS,7,80,116,IST,PKNG,"NICHOLAS, DREW",2FGM,Two Pointer,2,-87,38,D,,,,10,01:00,28,21,
2007,RS,7,80,123,MAL,PAWX,"CABEZAS, CARLOS",3FGA,Missed Three Pointer,0,571,382,A,,,,11,10:00,28,21,
2007,RS,7,80,131,IST,PBXD,"PENN, JAMES",2FGA,Missed Two Pointer,0,-323,282,E,,,,11,10:00,28,21,
2007,RS,7,80,133,MAL,PTGE,"NDONG, BONIFACE",2FGM,Two Pointer,2,-194,105,D,,,,11,10:00,28,23,
2007,RS,7,80,140,IST,PKSU,"WRIGHT, RASHAD",2FGM,Two Pointer,2,-125,430,I,,,,11,10:00,30,23,
2007,RS,7,80,144,IST,PBXD,"PENN, JAMES",2FGM,Two Pointer,2,-87,33,D,,,,12,09:00,32,23,
2007,RS,7,80,146,MAL,PAFJ,"KUS, DAVOR",2FGA,Missed Two Pointer,0,2,125,D,,,,12,09:00,32,23,
2007,RS,7,80,154,MAL,PAGQ,"WELSCH, JIRI",3FGM,Three Pointer,3,671,-33,A,,,,13,08:00,32,26,
2007,RS,7,80,167,IST,PTFG,"WOODS, LOREN",FTM,Free Throw In,1,-1,-1, ,,,,14,07:00,33,26,
2007,RS,7,80,168,IST,PTFG,"WOODS, LOREN",FTM,Free Throw In,1,-1,-1, ,,,,14,07:00,34,26,
2007,RS,7,80,178,MAL,PAWS,"RODRIGUEZ, BERNI",3FGA,Missed Three Pointer,0,671,12,A,,,,14,07:00,34,26,
2007,RS,7,80,181,IST,PKSU,"WRIGHT, RASHAD",3FGM,Three Pointer,3,510,446,G,,,,15,06:00,37,26,
2007,RS,7,80,183,MAL,PAGQ,"WELSCH, JIRI",3FGA,Missed Three Pointer,0,202,661,G,,,,15,06:00,37,26,
2007,RS,7,80,185,IST,PARN,"ARSLAN, ENDER",2FGM,Two Pointer,2,-110,20,D,,,,15,06:00,39,26,
2007,RS,7,80,189,MAL,PBOV,"POPOVIC, BOJAN",3FGA,Missed Three Pointer,0,579,376,A,,,,15,06:00,39,26,
2007,RS,7,80,198,MAL,PKML,"SANTIAGO, DANIEL",2FGA,Missed Two Pointer,0,0,130,D,,,,16,05:00,39,26,
2007,RS,7,80,200,IST,PARN,"ARSLAN, ENDER",3FGM,Three Pointer,3,-105,697,J,,,,16,05:00,42,26,
2007,RS,7,80,203,MAL,PBOV,"POPOVIC, BOJAN",2FGA,Missed Two Pointer,0,-5,102,D,,,,17,04:00,42,26,
2007,RS,7,80,205,IST,PARN,"ARSLAN, ENDER",2FGM,Two Pointer,2,-87,5,D,,,,17,04:00,44,26,
2007,RS,7,80,219,IST,PTFG,"WOODS, LOREN",2FGM,Two Pointer,2,-10,146,D,,,,17,04:00,46,26,
2007,RS,7,80,226,MAL,PAFJ,"KUS, DAVOR",2FGM,Two Pointer,2,-46,217,D,,,,18,03:00,46,28,
2007,RS,7,80,231,MAL,PAFJ,"KUS, DAVOR",FTM,Free Throw In,1,-1,-1, ,,,,18,03:00,46,29,
2007,RS,7,80,232,IST,PKNG,"NICHOLAS, DREW",2FGM,Two Pointer,2,66,41,C,,,,18,03:00,48,29,
2007,RS,7,80,235,IST,PKNG,"NICHOLAS, DREW",FTM,Free Throw In,1,-1,-1, ,,,,18,03:00,49,29,
2007,RS,7,80,237,MAL,PAFJ,"KUS, DAVOR",3FGM,Three Pointer,3,-412,558,J,,,,19,02:00,49,32,
2007,RS,7,80,239,IST,PKCH,"HUTSON, ANDRE",2FGM,Two Pointer,2,412,41,B,,,,19,02:00,51,32,
2007,RS,7,80,242,MAL,PKML,"SANTIAGO, DANIEL",2FGM,Two Pointer,2,5,20,C,,,,20,01:00,51,34,
2007,RS,7,80,244,IST,PKNG,"NICHOLAS, DREW",2FGA,Missed Two Pointer,0,-400,2,E,,,,20,01:00,51,34,
2007,RS,7,80,251,MAL,PKML,"SANTIAGO, DANIEL",FTM,Free Throw In,1,-1,-1, ,,,,20,01:00,51,35,
2007,RS,7,80,252,MAL,PKML,"SANTIAGO, DANIEL",FTM,Free Throw In,1,-1,-1, ,,,,20,01:00,51,36,
2007,RS,7,80,257,IST,PKNG,"NICHOLAS, DREW",3FGA,Missed Three Pointer,0,-443,694,J,,,,20,01:00,51,36,
2007,RS,7,80,258,MAL,PTGE,"NDONG, BONIFACE",3FGA,Missed Three Pointer,0,28,825,G,,,,20,01:00,51,36,
2007,RS,7,80,267,IST,PKCH,"HUTSON, ANDRE",2FGM,Two Pointer,2,407,23,B,,,,21,10:00,53,36,
2007,RS,7,80,271,MAL,PKML,"SANTIAGO, DANIEL",2FGA,Missed Two Pointer,0,-274,46,E,,,,21,10:00,53,36,
2007,RS,7,80,273,IST,PKCH,"HUTSON, ANDRE",2FGA,Missed Two Pointer,0,-387,120,E,,,,21,10:00,53,36,
2007,RS,7,80,276,IST,PBKM,"KUQO, ERMAL",2FGM,Two Pointer,2,-115,30,D,,,,21,10:00,55,36,
2007,RS,7,80,281,IST,PKCH,"HUTSON, ANDRE",2FGA,Missed Two Pointer,0,-274,428,I,,,,21,10:00,55,36,
2007,RS,7,80,285,IST,PBKM,"KUQO, ERMAL",2FGM,Two Pointer,2,-92,35,D,,,,22,09:00,57,36,
2007,RS,7,80,287,MAL,PAAS,"JIMENEZ, CARLOS",2FGA,Missed Two Pointer,0,0,161,D,,,,23,08:00,57,36,
2007,RS,7,80,289,IST,PKOJ,"GREGORY, KENNY",2FGA,Missed Two Pointer,0,-82,192,D,,,,23,08:00,57,36,
2007,RS,7,80,291,MAL,PAGQ,"WELSCH, JIRI",3FGA,Missed Three Pointer,0,-566,353,F,,,,23,08:00,57,36,
2007,RS,7,80,293,IST,PBXD,"PENN, JAMES",2FGM,Two Pointer,2,-20,94,D,,,,23,08:00,59,36,
2007,RS,7,80,300,MAL,PAGQ,"WELSCH, JIRI",2FGM,Two Pointer,2,241,371,B,,,,24,07:00,59,38,
2007,RS,7,80,301,IST,PKNG,"NICHOLAS, DREW",3FGA,Missed Three Pointer,0,592,379,A,,,,24,07:00,59,38,
2007,RS,7,80,303,MAL,PAFJ,"KUS, DAVOR",2FGA,Missed Two Pointer,0,-15,164,D,,,,24,07:00,59,38,
2007,RS,7,80,306,MAL,PAFJ,"KUS, DAVOR",2FGA,Missed Two Pointer,0,-553,10,E,,,,25,06:00,59,38,
2007,RS,7,80,308,IST,PKOJ,"GREGORY, KENNY",3FGA,Missed Three Pointer,0,620,315,A,,,,25,06:00,59,38,
2007,RS,7,80,310,MAL,PTGE,"NDONG, BONIFACE",2FGM,Two Pointer,2,207,117,C,,,,25,06:00,59,40,
2007,RS,7,80,312,IST,PKNG,"NICHOLAS, DREW",3FGM,Three Pointer,3,241,764,G,,,,26,05:00,62,40,
2007,RS,7,80,314,MAL,PAGQ,"WELSCH, JIRI",2FGM,Two Pointer,2,-110,17,D,,,,26,05:00,62,42,
2007,RS,7,80,316,IST,PKCH,"HUTSON, ANDRE",2FGM,Two Pointer,2,7,115,C,,,,26,05:00,64,42,
2007,RS,7,80,317,MAL,PAWS,"RODRIGUEZ, BERNI",2FGM,Two Pointer,2,-35,28,D,,,,26,05:00,64,44,
2007,RS,7,80,323,MAL,PTGE,"NDONG, BONIFACE",2FGA,Missed Two Pointer,0,205,148,C,,,,27,04:00,64,44,
2007,RS,7,80,325,IST,PBKM,"KUQO, ERMAL",2FGM,Two Pointer,2,23,158,C,,,,27,04:00,66,44,
2007,RS,7,80,335,IST,PBXD,"PENN, JAMES",3FGA,Missed Three Pointer,0,-156,658,J,,,,28,03:00,66,44,
2007,RS,7,80,337,MAL,PLFX,"CHILINSKY, MICHAL",2FGM,Two Pointer,2,-76,38,D,,,,28,03:00,66,46,
2007,RS,7,80,340,MAL,PLFX,"CHILINSKY, MICHAL",FTM,Free Throw In,1,-1,-1, ,,,,28,03:00,66,47,
2007,RS,7,80,341,IST,PKCH,"HUTSON, ANDRE",2FGA,Missed Two Pointer,0,-123,38,D,,,,28,03:00,66,47,
2007,RS,7,80,343,IST,PTFG,"WOODS, LOREN",2FGAB,Missed Two Pointer,0,-82,61,D,,,,28,03:00,66,47,
2007,RS,7,80,347,IST,PKCH,"HUTSON, ANDRE",2FGM,Two Pointer,2,-61,102,D,,,,28,03:00,68,47,
2007,RS,7,80,348,MAL,PAWX,"CABEZAS, CARLOS",3FGM,Three Pointer,3,-266,643,J,,,,28,03:00,68,50,
2007,RS,7,80,350,IST,PKNG,"NICHOLAS, DREW",2FGA,Missed Two Pointer,0,-187,510,I,,,,29,02:00,68,50,
2007,RS,7,80,356,MAL,PAGQ,"WELSCH, JIRI",FTM,Free Throw In,1,-1,-1, ,,,,29,02:00,68,51,
2007,RS,7,80,357,IST,PTFG,"WOODS, LOREN",2FGM,Two Pointer,2,-10,464,I,,,,29,02:00,70,51,
2007,RS,7,80,360,MAL,PLFX,"CHILINSKY, MICHAL",3FGM,Three Pointer,3,702,-25,A,,,,30,01:00,70,54,
2007,RS,7,80,371,IST,PKNG,"NICHOLAS, DREW",FTM,Free Throw In,1,-1,-1, ,,,,30,01:00,71,54,
2007,RS,7,80,377,MAL,PTGE,"NDONG, BONIFACE",FTM,Free Throw In,1,-1,-1, ,,,,30,01:00,71,55,
2007,RS,7,80,380,MAL,PAGQ,"WELSCH, JIRI",2FGA,Missed Two Pointer,0,-176,428,I,,,,31,10:00,71,55,
2007,RS,7,80,382,IST,PBXD,"PENN, JAMES",3FGM,Three Pointer,3,561,417,A,,,,31,10:00,74,55,
2007,RS,7,80,385,IST,PAWN,"GONLUM, KEREM",2FGM,Two Pointer,2,-7,2,D,,,,31,10:00,76,55,
2007,RS,7,80,387,MAL,PAWX,"CABEZAS, CARLOS",2FGA,Missed Two Pointer,0,-89,43,D,,,,32,09:00,76,55,
2007,RS,7,80,391,IST,PARN,"ARSLAN, ENDER",FTM,Free Throw In,1,-1,-1, ,,,,32,09:00,77,55,
2007,RS,7,80,392,IST,PARN,"ARSLAN, ENDER",FTM,Free Throw In,1,-1,-1, ,,,,32,09:00,78,55,
2007,RS,7,80,393,MAL,PTGE,"NDONG, BONIFACE",2FGA,Missed Two Pointer,0,-2,197,D,,,,32,09:00,78,55,
2007,RS,7,80,395,IST,PBXD,"PENN, JAMES",3FGA,Missed Three Pointer,0,-23,700,J,,,,32,09:00,78,55,
2007,RS,7,80,397,MAL,PAFJ,"KUS, DAVOR",3FGA,Missed Three Pointer,0,671,43,A,,,,32,09:00,78,55,
2007,RS,7,80,400,MAL,PLFX,"CHILINSKY, MICHAL",3FGM,Three Pointer,3,-630,258,F,,,,33,08:00,78,58,
2007,RS,7,80,402,IST,PBXD,"PENN, JAMES",3FGM,Three Pointer,3,-674,148,F,,,,33,08:00,81,58,
2007,RS,7,80,406,IST,PARN,"ARSLAN, ENDER",2FGM,Two Pointer,2,-64,41,D,,,,33,08:00,83,58,
2007,RS,7,80,417,IST,PBXD,"PENN, JAMES",2FGA,Missed Two Pointer,0,451,33,B,,,,34,07:00,83,58,
2007,RS,7,80,428,MAL,PAFJ,"KUS, DAVOR",3FGM,Three Pointer,3,-315,610,J,,,,35,06:00,83,61,
2007,RS,7,80,430,IST,PBXD,"PENN, JAMES",3FGA,Missed Three Pointer,0,-674,-25,F,,,,35,06:00,83,61,
2007,RS,7,80,433,MAL,PKML,"SANTIAGO, DANIEL",2FGM,Two Pointer,2,-10,12,D,,,,36,05:00,83,63,
2007,RS,7,80,434,IST,PKNG,"NICHOLAS, DREW",3FGA,Missed Three Pointer,0,-287,600,J,,,,36,05:00,83,63,
2007,RS,7,80,440,MAL,PKML,"SANTIAGO, DANIEL",FTM,Free Throw In,1,-1,-1, ,,,,36,05:00,83,64,
2007,RS,7,80,441,MAL,PKML,"SANTIAGO, DANIEL",FTM,Free Throw In,1,-1,-1, ,,,,36,05:00,83,65,
2007,RS,7,80,442,IST,PARN,"ARSLAN, ENDER",3FGA,Missed Three Pointer,0,-120,676,J,,,,36,05:00,83,65,
2007,RS,7,80,444,MAL,PAGQ,"WELSCH, JIRI",3FGA,Missed Three Pointer,0,412,541,G,,,,37,04:00,83,65,
2007,RS,7,80,446,IST,PKNG,"NICHOLAS, DREW",2FGM,Two Pointer,2,369,369,B,,,,37,04:00,85,65,
2007,RS,7,80,449,MAL,PKML,"SANTIAGO, DANIEL",FTM,Free Throw In,1,-1,-1, ,,,,37,04:00,85,66,
2007,RS,7,80,450,MAL,PKML,"SANTIAGO, DANIEL",FTM,Free Throw In,1,-1,-1, ,,,,37,04:00,85,67,
2007,RS,7,80,451,IST,PAWN,"GONLUM, KEREM",2FGM,Two Pointer,2,0,7,D,,,,37,04:00,87,67,
2007,RS,7,80,454,MAL,PLFX,"CHILINSKY, MICHAL",2FGA,Missed Two Pointer,0,238,102,C,,,,38,03:00,87,67,
2007,RS,7,80,456,IST,PAWN,"GONLUM, KEREM",2FGM,Two Pointer,2,-71,38,D,,,,38,03:00,89,67,
2007,RS,7,80,458,MAL,PLFX,"CHILINSKY, MICHAL",3FGA,Missed Three Pointer,0,666,210,A,,,,38,03:00,89,67,
2007,RS,7,80,467,IST,PTFG,"WOODS, LOREN",2FGM,Two Pointer,2,25,153,C,,,,39,02:00,91,67,
2007,RS,7,80,469,MAL,PBOV,"POPOVIC, BOJAN",3FGM,Three Pointer,3,202,656,G,,,,39,02:00,91,70,
2007,RS,7,80,472,IST,PARN,"ARSLAN, ENDER",2FGA,Missed Two Pointer,0,-43,169,D,,,,39,02:00,91,70,
2007,RS,7,80,474,MAL,PAGQ,"WELSCH, JIRI",2FGM,Two Pointer,2,-89,56,D,,,,39,02:00,91,72,
2007,RS,7,80,477,MAL,PAGQ,"WELSCH, JIRI",FTM,Free Throw In,1,-1,-1, ,,,,39,02:00,91,73,
2007,RS,7,80,479,IST,PARN,"ARSLAN, ENDER",3FGA,Missed Three Pointer,0,584,430,G,,,,40,01:00,91,73,
2007,RS,7,80,481,MAL,PAFJ,"KUS, DAVOR",3FGA,Missed Three Pointer,0,671,28,A,,,,40,01:00,91,73,
2007,RS,7,80,485,MAL,PAGQ,"WELSCH, JIRI",FTM,Free Throw In,1,-1,-1, ,,,,40,01:00,91,74,
2007,RS,7,80,486,MAL,PAGQ,"WELSCH, JIRI",FTM,Free Throw In,1,-1,-1, ,,,,40,01:00,91,75,
2007,RS,7,80,487,IST,PAWH,"ABI, MUSTAFA",3FGA,Missed Three Pointer,0,-523,474,J,,,,40,01:00,91,75,
2007,RS,7,81,2,ULK,PCOS,"SOLOMON, WILLIE",3FGM,Three Pointer,3,-205,617,J,,,,1,10:00,0,3,
2007,RS,7,81,5,PAR,PKNN,"PEKOVIC, NIKOLA",2FGA,Missed Two Pointer,0,274,53,B,,,,1,10:00,0,3,
2007,RS,7,81,7,PAR,PJNN,"VELICKOVIC, NOVICA",2FGA,Missed Two Pointer,0,23,53,C,,,,1,10:00,0,3,
2007,RS,7,81,12,PAR,PTGU,"PALACIO, MILT",2FGA,Missed Two Pointer,0,-315,458,I,,,,1,10:00,0,3,
2007,RS,7,81,15,ULK,PTHC,"WHITE, JAMES",3FGM,Three Pointer,3,-623,151,F,,,,2,09:00,0,6,
2007,RS,7,81,16,PAR,PKNN,"PEKOVIC, NIKOLA",2FGM,Two Pointer,2,-66,64,D,,,,2,09:00,2,6,
2007,RS,7,81,18,ULK,PTFI,"VIDMAR, GASPER",2FGA,Missed Two Pointer,0,205,133,C,,,,2,09:00,2,6,
2007,RS,7,81,27,PAR,PLGH,"TEPIC, MILENKO",2FGA,Missed Two Pointer,0,-23,82,D,,,,3,08:00,2,6,
2007,RS,7,81,29,PAR,PLGH,"TEPIC, MILENKO",2FGA,Missed Two Pointer,0,-5,94,D,,,,3,08:00,2,6,
2007,RS,7,81,31,ULK,PARO,"ONAN, OMER",2FGA,Missed Two Pointer,0,5,100,C,,,,3,08:00,2,6,
2007,RS,7,81,33,PAR,PBXO,"VITKOVAC, CEDOMIR",2FGA,Missed Two Pointer,0,-48,89,D,,,,3,08:00,2,6,
2007,RS,7,81,35,ULK,PJYB,"ERDEN, SEMIH",2FGM,Two Pointer,2,15,89,C,,,,3,08:00,2,8,
2007,RS,7,81,36,PAR,PBXO,"VITKOVAC, CEDOMIR",2FGA,Missed Two Pointer,0,7,274,C,,,,3,08:00,2,8,
2007,RS,7,81,38,PAR,PKNN,"PEKOVIC, NIKOLA",2FGM,Two Pointer,2,66,23,C,,,,3,08:00,4,8,
2007,RS,7,81,42,ULK,PCOS,"SOLOMON, WILLIE",3FGA,Missed Three Pointer,0,189,633,G,,,,4,07:00,4,8,
2007,RS,7,81,46,PAR,PBXO,"VITKOVAC, CEDOMIR",FTM,Free Throw In,1,-1,-1, ,,,,4,07:00,5,8,
2007,RS,7,81,47,PAR,PBXO,"VITKOVAC, CEDOMIR",FTM,Free Throw In,1,-1,-1, ,,,,4,07:00,6,8,
2007,RS,7,81,48,ULK,PJYB,"ERDEN, SEMIH",2FGA,Missed Two Pointer,0,-284,417,E,,,,4,07:00,6,8,
2007,RS,7,81,51,PAR,PTGU,"PALACIO, MILT",2FGAB,Missed Two Pointer,0,66,61,C,,,,4,07:00,6,8,
2007,RS,7,81,55,ULK,PARO,"ONAN, OMER",2FGM,Two Pointer,2,-92,69,D,,,,5,06:00,6,10,
2007,RS,7,81,57,PAR,PKNN,"PEKOVIC, NIKOLA",2FGM,Two Pointer,2,-7,0,D,,,,5,06:00,8,10,
2007,RS,7,81,65,PAR,PJNN,"VELICKOVIC, NOVICA",2FGA,Missed Two Pointer,0,179,58,C,,,,5,06:00,8,10,
2007,RS,7,81,67,ULK,PTHC,"WHITE, JAMES",2FGM,Two Pointer,2,-302,353,E,,,,5,06:00,8,12,
2007,RS,7,81,69,PAR,PTGU,"PALACIO, MILT",3FGA,Missed Three Pointer,0,-369,535,J,,,,6,05:00,8,12,
2007,RS,7,81,72,PAR,PKNN,"PEKOVIC, NIKOLA",2FGM,Two Pointer,2,66,23,C,,,,6,05:00,10,12,
2007,RS,7,81,74,ULK,PCOS,"SOLOMON, WILLIE",3FGA,Missed Three Pointer,0,-284,579,J,,,,6,05:00,10,12,
2007,RS,7,81,77,PAR,PBFE,"KECMAN, DUSAN",2FGA,Missed Two Pointer,0,64,33,C,,,,7,04:00,10,12,
2007,RS,7,81,79,ULK,PARO,"ONAN, OMER",3FGM,Three Pointer,3,571,315,A,,,,7,04:00,10,15,
2007,RS,7,81,86,ULK,PJPF,"SAVAS, OGUZ",2FGM,Two Pointer,2,94,487,H,,,,7,04:00,10,17,
2007,RS,7,81,93,PAR,PKNN,"PEKOVIC, NIKOLA",FTM,Free Throw In,1,-1,-1, ,,,,8,03:00,11,17,
2007,RS,7,81,94,PAR,PKNN,"PEKOVIC, NIKOLA",FTM,Free Throw In,1,-1,-1, ,,,,8,03:00,12,17,
2007,RS,7,81,97,ULK,PTHC,"WHITE, JAMES",3FGM,Three Pointer,3,-358,535,J,,,,8,03:00,12,20,
2007,RS,7,81,99,PAR,PKNN,"PEKOVIC, NIKOLA",2FGM,Two Pointer,2,110,35,C,,,,8,03:00,14,20,
2007,RS,7,81,102,ULK,PTFH,"PRELDZIC, EMIR",3FGA,Missed Three Pointer,0,110,661,G,,,,9,02:00,14,20,
2007,RS,7,81,118,ULK,PLGA,"KAAN, DAMIR",3FGA,Missed Three Pointer,0,161,641,G,,,,9,02:00,14,20,
2007,RS,7,81,121,PAR,PBFE,"KECMAN, DUSAN",2FGA,Missed Two Pointer,0,169,148,C,,,,10,01:00,14,20,
2007,RS,7,81,123,PAR,PBFB,"TRIPKOVIC, UROS",2FGA,Missed Two Pointer,0,-171,61,D,,,,10,01:00,14,20,
2007,RS,7,81,127,ULK,PTHC,"WHITE, JAMES",2FGA,Missed Two Pointer,0,356,53,B,,,,10,01:00,14,20,
2007,RS,7,81,129,PAR,PBXO,"VITKOVAC, CEDOMIR",2FGM,Two Pointer,2,97,38,C,,,,10,01:00,16,20,
2007,RS,7,81,130,ULK,PTFH,"PRELDZIC, EMIR",3FGA,Missed Three Pointer,0,312,576,G,,,,10,01:00,16,20,
2007,RS,7,81,139,PAR,PBFE,"KECMAN, DUSAN",2FGM,Two Pointer,2,74,28,C,,,,11,10:00,18,20,
2007,RS,7,81,140,ULK,PABI,"KUTLUAY, IBRAHIM",3FGM,Three Pointer,3,-356,541,J,,,,11,10:00,18,23,
2007,RS,7,81,142,PAR,PTGU,"PALACIO, MILT",2FGA,Missed Two Pointer,0,125,323,C,,,,11,10:00,18,23,
2007,RS,7,81,153,ULK,PABI,"KUTLUAY, IBRAHIM",3FGA,Missed Three Pointer,0,-417,500,J,,,,12,09:00,18,23,
2007,RS,7,81,155,PAR,PTGU,"PALACIO, MILT",2FGA,Missed Two Pointer,0,-97,43,D,,,,12,09:00,18,23,
2007,RS,7,81,158,ULK,PCOS,"SOLOMON, WILLIE",2FGAB,Missed Two Pointer,0,-43,71,D,,,,12,09:00,18,23,
2007,RS,7,81,161,PAR,PTGU,"PALACIO, MILT",2FGM,Two Pointer,2,61,20,C,,,,12,09:00,20,23,
2007,RS,7,81,169,ULK,PCOS,"SOLOMON, WILLIE",2FGM,Two Pointer,2,-35,38,D,,,,12,09:00,20,25,
2007,RS,7,81,171,PAR,PKNN,"PEKOVIC, NIKOLA",2FGA,Missed Two Pointer,0,146,38,C,,,,13,08:00,20,25,
2007,RS,7,81,181,PAR,PLGH,"TEPIC, MILENKO",2FGA,Missed Two Pointer,0,71,38,C,,,,13,08:00,20,25,
2007,RS,7,81,183,ULK,PTFH,"PRELDZIC, EMIR",2FGM,Two Pointer,2,76,53,C,,,,13,08:00,20,27,
2007,RS,7,81,188,PAR,PJNN,"VELICKOVIC, NOVICA",2FGA,Missed Two Pointer,0,264,61,B,,,,14,07:00,20,27,
2007,RS,7,81,190,ULK,PJYB,"ERDEN, SEMIH",2FGA,Missed Two Pointer,0,-302,264,E,,,,14,07:00,20,27,
2007,RS,7,81,192,PAR,PJNN,"VELICKOVIC, NOVICA",2FGM,Two Pointer,2,-5,2,D,,,,14,07:00,22,27,
2007,RS,7,81,197,ULK,PCOS,"SOLOMON, WILLIE",2FGM,Two Pointer,2,87,33,C,,,,15,06:00,22,29,
2007,RS,7,81,198,PAR,PKNN,"PEKOVIC, NIKOLA",2FGM,Two Pointer,2,146,30,C,,,,15,06:00,24,29,
2007,RS,7,81,199,ULK,PJYB,"ERDEN, SEMIH",2FGA,Missed Two Pointer,0,-33,284,D,,,,15,06:00,24,29,
2007,RS,7,81,207,PAR,PBFE,"KECMAN, DUSAN",2FGA,Missed Two Pointer,0,-30,189,D,,,,16,05:00,24,29,
2007,RS,7,81,209,PAR,PKNN,"PEKOVIC, NIKOLA",2FGM,Two Pointer,2,-41,25,D,,,,16,05:00,26,29,
2007,RS,7,81,210,ULK,PCOS,"SOLOMON, WILLIE",3FGA,Missed Three Pointer,0,-307,576,J,,,,16,05:00,26,29,
2007,RS,7,81,217,ULK,PCOS,"SOLOMON, WILLIE",2FGA,Missed Two Pointer,0,233,312,B,,,,16,05:00,26,29,
2007,RS,7,81,220,PAR,PBFE,"KECMAN, DUSAN",2FGM,Two Pointer,2,46,17,C,,,,17,04:00,28,29,
2007,RS,7,81,223,PAR,PLGH,"TEPIC, MILENKO",3FGM,Three Pointer,3,307,566,G,,,,17,04:00,31,29,
2007,RS,7,81,237,ULK,PTHC,"WHITE, JAMES",2FGA,Missed Two Pointer,0,53,461,H,,,,18,03:00,31,29,
2007,RS,7,81,238,PAR,PKNN,"PEKOVIC, NIKOLA",2FGA,Missed Two Pointer,0,-71,20,D,,,,18,03:00,31,29,
2007,RS,7,81,253,ULK,PARO,"ONAN, OMER",2FGM,Two Pointer,2,-66,33,D,,,,19,02:00,31,31,
2007,RS,7,81,254,PAR,PBFB,"TRIPKOVIC, UROS",2FGM,Two Pointer,2,-307,66,E,,,,19,02:00,33,31,
2007,RS,7,81,256,ULK,PARO,"ONAN, OMER",2FGM,Two Pointer,2,584,30,B,,,,19,02:00,33,33,
2007,RS,7,81,259,PAR,PJNN,"VELICKOVIC, NOVICA",3FGA,Missed Three Pointer,0,289,587,G,,,,20,01:00,33,33,
2007,RS,7,81,261,ULK,PARO,"ONAN, OMER",3FGA,Missed Three Pointer,0,2,656,G,,,,20,01:00,33,33,
2007,RS,7,81,267,PAR,PBXO,"VITKOVAC, CEDOMIR",FTM,Free Throw In,1,-1,-1, ,,,,20,01:00,34,33,
2007,RS,7,81,280,ULK,PCOS,"SOLOMON, WILLIE",FTM,Free Throw In,1,-1,-1, ,,,,20,01:00,34,34,
2007,RS,7,81,281,ULK,PCOS,"SOLOMON, WILLIE",FTM,Free Throw In,1,-1,-1, ,,,,20,01:00,34,35,
2007,RS,7,81,292,ULK,PCOS,"SOLOMON, WILLIE",3FGA,Missed Three Pointer,0,-646,15,F,,,,20,01:00,34,35,
2007,RS,7,81,310,ULK,PJYB,"ERDEN, SEMIH",2FGA,Missed Two Pointer,0,84,15,C,,,,21,10:00,34,35,
2007,RS,7,81,312,PAR,PBFB,"TRIPKOVIC, UROS",3FGA,Missed Three Pointer,0,620,210,A,,,,21,10:00,34,35,
2007,RS,7,81,314,ULK,PCOS,"SOLOMON, WILLIE",2FGA,Missed Two Pointer,0,-271,441,I,,,,21,10:00,34,35,
2007,RS,7,81,316,PAR,PKNN,"PEKOVIC, NIKOLA",2FGA,Missed Two Pointer,0,-197,71,D,,,,21,10:00,34,35,
2007,RS,7,81,319,ULK,PCOS,"SOLOMON, WILLIE",3FGA,Missed Three Pointer,0,156,638,G,,,,22,09:00,34,35,
2007,RS,7,81,321,PAR,PTGU,"PALACIO, MILT",2FGA,Missed Two Pointer,0,-61,176,D,,,,22,09:00,34,35,
2007,RS,7,81,323,PAR,PBFB,"TRIPKOVIC, UROS",2FGM,Two Pointer,2,112,64,C,,,,22,09:00,36,35,
2007,RS,7,81,325,ULK,PARO,"ONAN, OMER",2FGAB,Missed Two Pointer,0,-87,148,D,,,,22,09:00,36,35,
2007,RS,7,81,328,ULK,PTHC,"WHITE, JAMES",2FGA,Missed Two Pointer,0,-333,138,E,,,,22,09:00,36,35,
2007,RS,7,81,333,PAR,PBFB,"TRIPKOVIC, UROS",2FGA,Missed Two Pointer,0,51,5,C,,,,23,08:00,36,35,
2007,RS,7,81,338,ULK,PTFI,"VIDMAR, GASPER",2FGM,Two Pointer,2,30,133,C,,,,23,08:00,36,37,
2007,RS,7,81,344,PAR,PBFE,"KECMAN, DUSAN",3FGM,Three Pointer,3,556,343,A,,,,24,07:00,39,37,
2007,RS,7,81,348,PAR,PBFB,"TRIPKOVIC, UROS",2FGM,Two Pointer,2,2,7,D,,,,24,07:00,41,37,
2007,RS,7,81,355,ULK,PCOS,"SOLOMON, WILLIE",FTM,Free Throw In,1,-1,-1, ,,,,25,06:00,41,38,
2007,RS,7,81,356,ULK,PCOS,"SOLOMON, WILLIE",FTM,Free Throw In,1,-1,-1, ,,,,25,06:00,41,39,
2007,RS,7,81,357,ULK,PCOS,"SOLOMON, WILLIE",FTM,Free Throw In,1,-1,-1, ,,,,25,06:00,41,40,
2007,RS,7,81,361,PAR,PBFB,"TRIPKOVIC, UROS",3FGAB,Missed Three Pointer,0,-238,602,J,,,,25,06:00,41,40,
2007,RS,7,81,364,ULK,PLGR,"BASAK, RASIM",3FGM,Three Pointer,3,551,348,A,,,,25,06:00,41,43,
2007,RS,7,81,367,PAR,PKNN,"PEKOVIC, NIKOLA",2FGA,Missed Two Pointer,0,112,-7,C,,,,26,05:00,41,43,
2007,RS,7,81,375,ULK,PCOS,"SOLOMON, WILLIE",FTM,Free Throw In,1,-1,-1, ,,,,26,05:00,41,44,
2007,RS,7,81,376,ULK,PCOS,"SOLOMON, WILLIE",FTM,Free Throw In,1,-1,-1, ,,,,26,05:00,41,45,
2007,RS,7,81,377,ULK,PCOS,"SOLOMON, WILLIE",3FGM,Three Pointer,3,-297,589,J,,,,26,05:00,41,48,
2007,RS,7,81,383,PAR,PLGH,"TEPIC, MILENKO",3FGA,Missed Three Pointer,0,-371,538,J,,,,26,05:00,41,48,
2007,RS,7,81,385,PAR,PKNN,"PEKOVIC, NIKOLA",2FGM,Two Pointer,2,69,38,C,,,,26,05:00,43,48,
2007,RS,7,81,391,PAR,PBFE,"KECMAN, DUSAN",2FGM,Two Pointer,2,-71,33,D,,,,27,04:00,45,48,
2007,RS,7,81,393,ULK,PARO,"ONAN, OMER",3FGA,Missed Three Pointer,0,-653,10,F,,,,27,04:00,45,48,
2007,RS,7,81,395,ULK,PLGA,"KAAN, DAMIR",3FGM,Three Pointer,3,-256,605,J,,,,27,04:00,45,51,
2007,RS,7,81,398,PAR,PJNN,"VELICKOVIC, NOVICA",2FGA,Missed Two Pointer,0,-7,174,D,,,,28,03:00,45,51,
2007,RS,7,81,402,ULK,PCOS,"SOLOMON, WILLIE",3FGA,Missed Three Pointer,0,-623,215,F,,,,28,03:00,45,51,
2007,RS,7,81,406,ULK,PCOS,"SOLOMON, WILLIE",3FGA,Missed Three Pointer,0,-415,512,J,,,,28,03:00,45,51,
2007,RS,7,81,408,PAR,PBFE,"KECMAN, DUSAN",3FGM,Three Pointer,3,-335,548,J,,,,28,03:00,48,51,
2007,RS,7,81,411,ULK,PJPF,"SAVAS, OGUZ",3FGA,Missed Three Pointer,0,-105,643,J,,,,29,02:00,48,51,
2007,RS,7,81,413,ULK,PCOS,"SOLOMON, WILLIE",2FGM,Two Pointer,2,-64,369,D,,,,29,02:00,48,53,
2007,RS,7,81,418,PAR,PKNN,"PEKOVIC, NIKOLA",FTM,Free Throw In,1,-1,-1, ,,,,29,02:00,49,53,
2007,RS,7,81,419,PAR,PKNN,"PEKOVIC, NIKOLA",FTM,Free Throw In,1,-1,-1, ,,,,29,02:00,50,53,
2007,RS,7,81,424,ULK,PLGA,"KAAN, DAMIR",3FGA,Missed Three Pointer,0,353,541,G,,,,29,02:00,50,53,
2007,RS,7,81,428,PAR,PJJY,"BOZIC, PETAR",FTM,Free Throw In,1,-1,-1, ,,,,29,02:00,51,53,
2007,RS,7,81,429,PAR,PJJY,"BOZIC, PETAR",FTM,Free Throw In,1,-1,-1, ,,,,29,02:00,52,53,
2007,RS,7,81,434,ULK,PJPF,"SAVAS, OGUZ",2FGAB,Missed Two Pointer,0,-84,64,D,,,,30,01:00,52,53,
2007,RS,7,81,440,ULK,PJPF,"SAVAS, OGUZ",2FGM,Two Pointer,2,79,28,C,,,,30,01:00,52,55,
2007,RS,7,81,447,PAR,PLGH,"TEPIC, MILENKO",2FGA,Missed Two Pointer,0,23,97,C,,,,31,10:00,52,55,
2007,RS,7,81,450,ULK,PARO,"ONAN, OMER",2FGAB,Missed Two Pointer,0,-292,143,E,,,,31,10:00,52,55,
2007,RS,7,81,457,PAR,PKNN,"PEKOVIC, NIKOLA",2FGA,Missed Two Pointer,0,292,25,B,,,,31,10:00,52,55,
2007,RS,7,81,469,PAR,PKNN,"PEKOVIC, NIKOLA",2FGM,Two Pointer,2,5,184,C,,,,32,09:00,54,55,
2007,RS,7,81,471,ULK,PTHC,"WHITE, JAMES",2FGA,Missed Two Pointer,0,338,256,B,,,,32,09:00,54,55,
2007,RS,7,81,475,PAR,PTGU,"PALACIO, MILT",FTM,Free Throw In,1,-1,-1, ,,,,32,09:00,55,55,
2007,RS,7,81,479,ULK,PCOS,"SOLOMON, WILLIE",2FGA,Missed Two Pointer,0,-12,448,I,,,,33,08:00,55,55,
2007,RS,7,81,481,ULK,PCOS,"SOLOMON, WILLIE",2FGA,Missed Two Pointer,0,-33,197,D,,,,33,08:00,55,55,
2007,RS,7,81,486,ULK,PJPF,"SAVAS, OGUZ",FTM,Free Throw In,1,-1,-1, ,,,,33,08:00,55,56,
2007,RS,7,81,495,ULK,PLGR,"BASAK, RASIM",3FGA,Missed Three Pointer,0,-182,630,J,,,,33,08:00,55,56,
2007,RS,7,81,500,ULK,PLGA,"KAAN, DAMIR",3FGA,Missed Three Pointer,0,379,517,G,,,,34,07:00,55,56,
2007,RS,7,81,508,PAR,PBFB,"TRIPKOVIC, UROS",3FGM,Three Pointer,3,-528,397,F,,,,34,07:00,58,56,
2007,RS,7,81,515,ULK,PJPF,"SAVAS, OGUZ",2FGA,Missed Two Pointer,0,-210,66,D,,,,35,06:00,58,56,
2007,RS,7,81,517,PAR,PKNN,"PEKOVIC, NIKOLA",2FGM,Two Pointer,2,66,30,C,,,,35,06:00,60,56,
2007,RS,7,81,519,ULK,PARO,"ONAN, OMER",3FGM,Three Pointer,3,641,87,A,,,,35,06:00,60,59,
2007,RS,7,81,523,ULK,PTHC,"WHITE, JAMES",2FGM,Two Pointer,2,-2,171,D,,,,36,05:00,60,61,
2007,RS,7,81,524,PAR,PKNN,"PEKOVIC, NIKOLA",2FGM,Two Pointer,2,-148,28,D,,,,36,05:00,62,61,
2007,RS,7,81,528,ULK,PTHC,"WHITE, JAMES",2FGM,Two Pointer,2,-46,46,D,,,,37,04:00,62,63,
2007,RS,7,81,538,ULK,PARO,"ONAN, OMER",3FGM,Three Pointer,3,382,525,G,,,,37,04:00,62,66,
2007,RS,7,81,547,PAR,PBFE,"KECMAN, DUSAN",FTM,Free Throw In,1,-1,-1, ,,,,38,03:00,63,66,
2007,RS,7,81,548,PAR,PBFE,"KECMAN, DUSAN",FTM,Free Throw In,1,-1,-1, ,,,,38,03:00,64,66,
2007,RS,7,81,553,ULK,PJPF,"SAVAS, OGUZ",FTM,Free Throw In,1,-1,-1, ,,,,38,03:00,64,67,
2007,RS,7,81,554,ULK,PJPF,"SAVAS, OGUZ",FTM,Free Throw In,1,-1,-1, ,,,,38,03:00,64,68,
2007,RS,7,81,562,ULK,PCOS,"SOLOMON, WILLIE",2FGA,Missed Two Pointer,0,84,28,C,,,,38,03:00,64,68,
2007,RS,7,81,571,PAR,PTGU,"PALACIO, MILT",FTM,Free Throw In,1,-1,-1, ,,,,39,02:00,65,68,
2007,RS,7,81,572,PAR,PTGU,"PALACIO, MILT",FTM,Free Throw In,1,-1,-1, ,,,,39,02:00,66,68,
2007,RS,7,81,575,ULK,PJPF,"SAVAS, OGUZ",2FGM,Two Pointer,2,-69,28,D,,,,39,02:00,66,70,
2007,RS,7,81,582,ULK,PJPF,"SAVAS, OGUZ",FTM,Free Throw In,1,-1,-1, ,,,,39,02:00,66,71,
2007,RS,7,81,583,PAR,PTGU,"PALACIO, MILT",2FGM,Two Pointer,2,-58,23,D,,,,39,02:00,68,71,
2007,RS,7,81,587,ULK,PJPF,"SAVAS, OGUZ",FTM,Free Throw In,1,-1,-1, ,,,,40,01:00,68,72,
2007,RS,7,81,588,ULK,PJPF,"SAVAS, OGUZ",FTM,Free Throw In,1,-1,-1, ,,,,40,01:00,68,73,
2007,RS,7,81,589,PAR,PTGU,"PALACIO, MILT",2FGM,Two Pointer,2,56,35,C,,,,40,01:00,70,73,
2007,RS,7,81,595,ULK,PTFH,"PRELDZIC, EMIR",FTM,Free Throw In,1,-1,-1, ,,,,40,01:00,70,74,
2007,RS,7,81,596,PAR,PTGU,"PALACIO, MILT",2FGA,Missed Two Pointer,0,141,525,H,,,,40,01:00,70,74,
2007,RS,7,81,602,ULK,PCOS,"SOLOMON, WILLIE",FTM,Free Throw In,1,-1,-1, ,,,,40,01:00,70,75,
2007,RS,7,81,603,ULK,PCOS,"SOLOMON, WILLIE",FTM,Free Throw In,1,-1,-1, ,,,,40,01:00,70,76,
2007,RS,7,81,604,PAR,PBFE,"KECMAN, DUSAN",3FGA,Missed Three Pointer,0,310,574,G,,,,40,01:00,70,76,
2007,RS,7,81,606,PAR,PBFB,"TRIPKOVIC, UROS",3FGA,Missed Three Pointer,0,543,371,A,,,,40,01:00,70,76,
2007,RS,7,81,608,PAR,PBFE,"KECMAN, DUSAN",2FGM,Two Pointer,2,64,28,C,,,,40,01:00,72,76,
2007,RS,7,82,3,BAR,PAXC,"VAZQUEZ, FRAN",2FGM,Two Pointer,2,30,507,H,,,,1,10:00,2,0,
2007,RS,7,82,5,BAM,PLPI,"FENN, DARREN",3FGA,Missed Three Pointer,0,-200,643,J,,,,1,10:00,2,0,
2007,RS,7,82,7,BAR,PADS,"BASILE, GIANLUCA",2FGM,Two Pointer,2,151,556,H,,,,1,10:00,4,0,
2007,RS,7,82,10,BAM,PASB,"OKULAJA, ADEMOLA",3FGA,Missed Three Pointer,0,25,692,G,,,,2,09:00,4,0,
2007,RS,7,82,12,BAR,PAXC,"VAZQUEZ, FRAN",2FGA,Missed Two Pointer,0,307,351,B,,,,2,09:00,4,0,
2007,RS,7,82,14,BAM,PLPI,"FENN, DARREN",2FGA,Missed Two Pointer,0,51,148,C,,,,2,09:00,4,0,
2007,RS,7,82,19,BAR,PBOD,"KASUN, MARIO",FTM,Free Throw In,1,-1,-1, ,,,,3,08:00,5,0,
2007,RS,7,82,20,BAR,PBOD,"KASUN, MARIO",FTM,Free Throw In,1,-1,-1, ,,,,3,08:00,6,0,
2007,RS,7,82,21,BAM,PASB,"OKULAJA, ADEMOLA",2FGM,Two Pointer,2,-133,33,D,,,,3,08:00,6,2,
2007,RS,7,82,26,BAR,PLGC,"ACKER, ALEX",3FGM,Three Pointer,3,64,666,G,,,,3,08:00,9,2,
2007,RS,7,82,31,BAR,PBOD,"KASUN, MARIO",2FGA,Missed Two Pointer,0,-148,-5,D,,,,4,07:00,9,2,
2007,RS,7,82,33,BAM,PJSS,"HAMANN, STEFFEN",2FGA,Missed Two Pointer,0,351,0,B,,,,4,07:00,9,2,
2007,RS,7,82,39,BAR,PATA,"LAKOVIC, JAKA",3FGA,Missed Three Pointer,0,-387,556,J,,,,5,06:00,9,2,
2007,RS,7,82,43,BAM,PKOO,"GREENE, DEMOND",3FGA,Missed Three Pointer,0,661,500,G,,,,5,06:00,9,2,
2007,RS,7,82,50,BAR,PAXC,"VAZQUEZ, FRAN",2FGA,Missed Two Pointer,0,376,302,B,,,,6,05:00,9,2,
2007,RS,7,82,52,BAM,PKOO,"GREENE, DEMOND",2FGA,Missed Two Pointer,0,112,110,C,,,,6,05:00,9,2,
2007,RS,7,82,54,BAM,PJSR,"ENSMINGER, CHRIS",2FGM,Two Pointer,2,23,23,C,,,,6,05:00,9,4,
2007,RS,7,82,55,BAR,PBOD,"KASUN, MARIO",2FGM,Two Pointer,2,-12,7,D,,,,6,05:00,11,4,
2007,RS,7,82,58,BAM,PKOO,"GREENE, DEMOND",3FGM,Three Pointer,3,-656,92,F,,,,7,04:00,11,7,
2007,RS,7,82,60,BAR,PBOD,"KASUN, MARIO",2FGA,Missed Two Pointer,0,-102,43,D,,,,7,04:00,11,7,
2007,RS,7,82,66,BAR,PADS,"BASILE, GIANLUCA",2FGM,Two Pointer,2,17,597,H,,,,7,04:00,13,7,
2007,RS,7,82,68,BAM,PKOO,"GREENE, DEMOND",2FGA,Missed Two Pointer,0,-43,17,D,,,,8,03:00,13,7,
2007,RS,7,82,70,BAM,PJSR,"ENSMINGER, CHRIS",2FGM,Two Pointer,2,25,51,C,,,,8,03:00,13,9,
2007,RS,7,82,71,BAR,PADS,"BASILE, GIANLUCA",3FGA,Missed Three Pointer,0,0,664,J,,,,8,03:00,13,9,
2007,RS,7,82,79,BAR,PLGC,"ACKER, ALEX",3FGA,Missed Three Pointer,0,-656,-48,F,,,,9,02:00,13,9,
2007,RS,7,82,81,BAR,PADS,"BASILE, GIANLUCA",3FGA,Missed Three Pointer,0,-17,666,J,,,,9,02:00,13,9,
2007,RS,7,82,83,BAM,PJSS,"HAMANN, STEFFEN",3FGA,Missed Three Pointer,0,-287,628,J,,,,9,02:00,13,9,
2007,RS,7,82,86,BAR,PAXC,"VAZQUEZ, FRAN",FTM,Free Throw In,1,-1,-1, ,,,,9,02:00,14,9,
2007,RS,7,82,91,BAM,PBOF,"GARRETT, ROBERT",2FGA,Missed Two Pointer,0,223,548,H,,,,9,02:00,14,9,
2007,RS,7,82,103,BAR,PADS,"BASILE, GIANLUCA",3FGA,Missed Three Pointer,0,541,412,A,,,,10,01:00,14,9,
2007,RS,7,82,105,BAM,PBOF,"GARRETT, ROBERT",2FGM,Two Pointer,2,0,5,D,,,,10,01:00,14,11,
2007,RS,7,82,107,BAR,PAXC,"VAZQUEZ, FRAN",2FGA,Missed Two Pointer,0,-35,5,D,,,,10,01:00,14,11,
2007,RS,7,82,111,BAR,PBOD,"KASUN, MARIO",FTM,Free Throw In,1,-1,-1, ,,,,10,01:00,15,11,
2007,RS,7,82,112,BAR,PBOD,"KASUN, MARIO",FTM,Free Throw In,1,-1,-1, ,,,,10,01:00,16,11,
2007,RS,7,82,125,BAM,PLPK,"OHLBRECHT, TIM",2FGM,Two Pointer,2,-30,51,D,,,,11,10:00,16,13,
2007,RS,7,82,128,BAM,PBOF,"GARRETT, ROBERT",3FGM,Three Pointer,3,661,38,A,,,,12,09:00,16,16,
2007,RS,7,82,130,BAR,PLGC,"ACKER, ALEX",3FGM,Three Pointer,3,-297,607,J,,,,12,09:00,19,16,
2007,RS,7,82,131,BAM,PLPI,"FENN, DARREN",3FGM,Three Pointer,3,-653,23,F,,,,12,09:00,19,19,
2007,RS,7,82,133,BAR,PJJF,"TRIAS, JORDI",2FGM,Two Pointer,2,-10,12,D,,,,12,09:00,21,19,
2007,RS,7,82,142,BAM,PBOF,"GARRETT, ROBERT",3FGA,Missed Three Pointer,0,528,466,G,,,,13,08:00,21,19,
2007,RS,7,82,144,BAR,PLGC,"ACKER, ALEX",3FGM,Three Pointer,3,-664,-10,F,,,,13,08:00,24,19,
2007,RS,7,82,147,BAM,PKOO,"GREENE, DEMOND",3FGM,Three Pointer,3,661,-23,A,,,,13,08:00,24,22,
2007,RS,7,82,158,BAR,PATA,"LAKOVIC, JAKA",FTM,Free Throw In,1,-1,-1, ,,,,14,07:00,25,22,
2007,RS,7,82,159,BAR,PATA,"LAKOVIC, JAKA",FTM,Free Throw In,1,-1,-1, ,,,,14,07:00,26,22,
2007,RS,7,82,160,BAR,PLGC,"ACKER, ALEX",2FGM,Two Pointer,2,-310,64,E,,,,14,07:00,28,22,
2007,RS,7,82,161,BAM,PJJZ,"SUPUT, PREDRAG",2FGM,Two Pointer,2,112,105,C,,,,14,07:00,28,24,
2007,RS,7,82,166,BAR,PBKE,"GRIMAU, ROGER",2FGM,Two Pointer,2,-84,66,D,,,,14,07:00,30,24,
2007,RS,7,82,168,BAM,PJJZ,"SUPUT, PREDRAG",2FGM,Two Pointer,2,212,141,C,,,,15,06:00,30,26,
2007,RS,7,82,170,BAR,PAHW,"MARCONATO, DENIS",2FGA,Missed Two Pointer,0,200,46,C,,,,15,06:00,30,26,
2007,RS,7,82,183,BAR,PBKE,"GRIMAU, ROGER",3FGA,Missed Three Pointer,0,297,600,G,,,,16,05:00,30,26,
2007,RS,7,82,187,BAM,PASB,"OKULAJA, ADEMOLA",3FGA,Missed Three Pointer,0,658,61,A,,,,16,05:00,30,26,
2007,RS,7,82,189,BAM,PLPK,"OHLBRECHT, TIM",2FGM,Two Pointer,2,-110,79,D,,,,16,05:00,30,28,
2007,RS,7,82,192,BAR,PATA,"LAKOVIC, JAKA",3FGA,Missed Three Pointer,0,238,605,G,,,,17,04:00,30,28,
2007,RS,7,82,205,BAR,PAHW,"MARCONATO, DENIS",2FGA,Missed Two Pointer,0,-305,364,E,,,,18,03:00,30,28,
2007,RS,7,82,207,BAR,PATA,"LAKOVIC, JAKA",3FGM,Three Pointer,3,-558,371,F,,,,18,03:00,33,28,
2007,RS,7,82,209,BAM,PKOO,"GREENE, DEMOND",3FGM,Three Pointer,3,-566,361,F,,,,18,03:00,33,31,
2007,RS,7,82,210,BAR,PJJF,"TRIAS, JORDI",2FGM,Two Pointer,2,-17,17,D,,,,18,03:00,35,31,
2007,RS,7,82,221,BAM,PASB,"OKULAJA, ADEMOLA",2FGA,Missed Two Pointer,0,-33,310,D,,,,19,02:00,35,31,
2007,RS,7,82,223,BAR,PJJF,"TRIAS, JORDI",2FGM,Two Pointer,2,-12,7,D,,,,19,02:00,37,31,
2007,RS,7,82,225,BAM,PJJZ,"SUPUT, PREDRAG",2FGA,Missed Two Pointer,0,84,94,C,,,,19,02:00,37,31,
2007,RS,7,82,231,BAM,PJSR,"ENSMINGER, CHRIS",2FGM,Two Pointer,2,-28,64,D,,,,20,01:00,37,33,
2007,RS,7,82,233,BAR,PBKE,"GRIMAU, ROGER",3FGA,Missed Three Pointer,0,638,207,A,,,,20,01:00,37,33,
2007,RS,7,82,235,BAM,PKOO,"GREENE, DEMOND",2FGA,Missed Two Pointer,0,417,410,B,,,,20,01:00,37,33,
2007,RS,7,82,237,BAR,PATA,"LAKOVIC, JAKA",2FGA,Missed Two Pointer,0,-458,343,E,,,,20,01:00,37,33,
2007,RS,7,82,250,BAM,PJJZ,"SUPUT, PREDRAG",3FGA,Missed Three Pointer,0,651,7,A,,,,21,10:00,37,33,
2007,RS,7,82,256,BAR,PBKE,"GRIMAU, ROGER",2FGM,Two Pointer,2,17,35,C,,,,21,10:00,39,33,
2007,RS,7,82,258,BAM,PLPI,"FENN, DARREN",3FGM,Three Pointer,3,-210,661,J,,,,21,10:00,39,36,
2007,RS,7,82,261,BAR,PATA,"LAKOVIC, JAKA",2FGA,Missed Two Pointer,0,-17,261,D,,,,22,09:00,39,36,
2007,RS,7,82,267,BAM,PJSS,"HAMANN, STEFFEN",2FGA,Missed Two Pointer,0,-82,69,D,,,,22,09:00,39,36,
2007,RS,7,82,269,BAR,PBOD,"KASUN, MARIO",2FGA,Missed Two Pointer,0,46,148,C,,,,22,09:00,39,36,
2007,RS,7,82,271,BAM,PASB,"OKULAJA, ADEMOLA",3FGA,Missed Three Pointer,0,-269,635,J,,,,22,09:00,39,36,
2007,RS,7,82,274,BAR,PBOD,"KASUN, MARIO",2FGM,Two Pointer,2,161,38,C,,,,23,08:00,41,36,
2007,RS,7,82,281,BAR,PJKP,"ILYASOVA, ERSAN",3FGA,Missed Three Pointer,0,-671,12,F,,,,23,08:00,41,36,
2007,RS,7,82,284,BAM,PKOO,"GREENE, DEMOND",2FGAB,Missed Two Pointer,0,0,87,D,,,,24,07:00,41,36,
2007,RS,7,82,288,BAR,PATA,"LAKOVIC, JAKA",3FGA,Missed Three Pointer,0,558,394,A,,,,24,07:00,41,36,
2007,RS,7,82,300,BAR,PBOD,"KASUN, MARIO",2FGM,Two Pointer,2,-46,46,D,,,,25,06:00,43,36,
2007,RS,7,82,301,BAM,PLPI,"FENN, DARREN",3FGA,Missed Three Pointer,0,646,115,A,,,,25,06:00,43,36,
2007,RS,7,82,303,BAR,PJJF,"TRIAS, JORDI",2FGA,Missed Two Pointer,0,128,402,C,,,,25,06:00,43,36,
2007,RS,7,82,305,BAR,PBOD,"KASUN, MARIO",2FGM,Two Pointer,2,7,43,C,,,,25,06:00,45,36,
2007,RS,7,82,317,BAM,PJSR,"ENSMINGER, CHRIS",2FGA,Missed Two Pointer,0,30,320,C,,,,26,05:00,45,36,
2007,RS,7,82,319,BAR,PBKE,"GRIMAU, ROGER",2FGM,Two Pointer,2,5,5,C,,,,26,05:00,47,36,
2007,RS,7,82,323,BAR,PBOD,"KASUN, MARIO",2FGM,Two Pointer,2,64,35,C,,,,26,05:00,49,36,
2007,RS,7,82,325,BAM,PLKE,"DICKEL, MARK",3FGA,Missed Three Pointer,0,-43,687,J,,,,27,04:00,49,36,
2007,RS,7,82,328,BAM,PBOF,"GARRETT, ROBERT",2FGA,Missed Two Pointer,0,64,187,C,,,,27,04:00,49,36,
2007,RS,7,82,332,BAR,PADS,"BASILE, GIANLUCA",3FGA,Missed Three Pointer,0,-346,592,J,,,,27,04:00,49,36,
2007,RS,7,82,336,BAM,PJSR,"ENSMINGER, CHRIS",2FGA,Missed Two Pointer,0,-135,46,D,,,,28,03:00,49,36,
2007,RS,7,82,340,BAM,PLPK,"OHLBRECHT, TIM",2FGM,Two Pointer,2,-35,12,D,,,,28,03:00,49,38,
2007,RS,7,82,344,BAR,PAZU,"SANCHEZ, PEPE",3FGA,Missed Three Pointer,0,-661,10,F,,,,28,03:00,49,38,
2007,RS,7,82,347,BAR,PJJF,"TRIAS, JORDI",2FGM,Two Pointer,2,48,23,C,,,,29,02:00,51,38,
2007,RS,7,82,348,BAM,PLKE,"DICKEL, MARK",3FGA,Missed Three Pointer,0,369,566,G,,,,29,02:00,51,38,
2007,RS,7,82,350,BAR,PJJF,"TRIAS, JORDI",2FGM,Two Pointer,2,174,553,H,,,,29,02:00,53,38,
2007,RS,7,82,357,BAM,PASB,"OKULAJA, ADEMOLA",3FGA,Missed Three Pointer,0,-358,584,J,,,,30,01:00,53,38,
2007,RS,7,82,359,BAR,PBOD,"KASUN, MARIO",2FGA,Missed Two Pointer,0,7,166,C,,,,30,01:00,53,38,
2007,RS,7,82,363,BAM,PLKE,"DICKEL, MARK",FTM,Free Throw In,1,-1,-1, ,,,,30,01:00,53,39,
2007,RS,7,82,364,BAM,PLKE,"DICKEL, MARK",FTM,Free Throw In,1,-1,-1, ,,,,30,01:00,53,40,
2007,RS,7,82,365,BAR,PBKE,"GRIMAU, ROGER",2FGM,Two Pointer,2,64,58,C,,,,30,01:00,55,40,
2007,RS,7,82,369,BAM,PASB,"OKULAJA, ADEMOLA",FTM,Free Throw In,1,-1,-1, ,,,,30,01:00,55,41,
2007,RS,7,82,370,BAM,PASB,"OKULAJA, ADEMOLA",FTM,Free Throw In,1,-1,-1, ,,,,30,01:00,55,42,
2007,RS,7,82,373,BAM,PKOO,"GREENE, DEMOND",3FGAB,Missed Three Pointer,0,-415,625,J,,,,30,01:00,55,42,
2007,RS,7,82,378,BAR,PAZU,"SANCHEZ, PEPE",3FGA,Missed Three Pointer,0,-102,676,J,,,,31,10:00,55,42,
2007,RS,7,82,380,BAR,PAZU,"SANCHEZ, PEPE",2FGA,Missed Two Pointer,0,0,76,D,,,,31,10:00,55,42,
2007,RS,7,82,382,BAM,PKOO,"GREENE, DEMOND",3FGA,Missed Three Pointer,0,-574,392,F,,,,31,10:00,55,42,
2007,RS,7,82,388,BAR,PADS,"BASILE, GIANLUCA",2FGM,Two Pointer,2,-294,494,I,,,,32,09:00,57,42,
2007,RS,7,82,400,BAR,PAXC,"VAZQUEZ, FRAN",FTM,Free Throw In,1,-1,-1, ,,,,32,09:00,58,42,
2007,RS,7,82,401,BAR,PAXC,"VAZQUEZ, FRAN",FTM,Free Throw In,1,-1,-1, ,,,,32,09:00,59,42,
2007,RS,7,82,409,BAR,PADS,"BASILE, GIANLUCA",3FGA,Missed Three Pointer,0,-415,612,J,,,,33,08:00,59,42,
2007,RS,7,82,417,BAM,PLPI,"FENN, DARREN",3FGM,Three Pointer,3,-56,682,J,,,,33,08:00,59,45,
2007,RS,7,82,428,BAM,PKOO,"GREENE, DEMOND",3FGA,Missed Three Pointer,0,-600,294,F,,,,34,07:00,59,45,
2007,RS,7,82,432,BAM,PKOO,"GREENE, DEMOND",FTM,Free Throw In,1,-1,-1, ,,,,34,07:00,59,46,
2007,RS,7,82,433,BAM,PKOO,"GREENE, DEMOND",FTM,Free Throw In,1,-1,-1, ,,,,34,07:00,59,47,
2007,RS,7,82,434,BAR,PAXC,"VAZQUEZ, FRAN",2FGM,Two Pointer,2,207,197,C,,,,34,07:00,61,47,
2007,RS,7,82,439,BAR,PJCL,"MONCASI, ALBERT",2FGM,Two Pointer,2,5,66,C,,,,35,06:00,63,47,
2007,RS,7,82,446,BAM,PLPK,"OHLBRECHT, TIM",2FGM,Two Pointer,2,-7,-5,D,,,,35,06:00,63,49,
2007,RS,7,82,449,BAR,PATA,"LAKOVIC, JAKA",3FGM,Three Pointer,3,-161,646,J,,,,36,05:00,66,49,
2007,RS,7,82,451,BAM,PLPI,"FENN, DARREN",3FGA,Missed Three Pointer,0,-407,528,J,,,,36,05:00,66,49,
2007,RS,7,82,457,BAM,PJSS,"HAMANN, STEFFEN",2FGM,Two Pointer,2,-110,30,D,,,,36,05:00,66,51,
2007,RS,7,82,459,BAR,PLGC,"ACKER, ALEX",2FGA,Missed Two Pointer,0,-115,23,D,,,,37,04:00,66,51,
2007,RS,7,82,461,BAR,PAHW,"MARCONATO, DENIS",2FGM,Two Pointer,2,46,20,C,,,,37,04:00,68,51,
2007,RS,7,82,462,BAM,PJSS,"HAMANN, STEFFEN",2FGA,Missed Two Pointer,0,66,66,C,,,,37,04:00,68,51,
2007,RS,7,82,468,BAR,PATA,"LAKOVIC, JAKA",FTM,Free Throw In,1,-1,-1, ,,,,37,04:00,69,51,
2007,RS,7,82,469,BAR,PATA,"LAKOVIC, JAKA",FTM,Free Throw In,1,-1,-1, ,,,,37,04:00,70,51,
2007,RS,7,82,475,BAM,PBOF,"GARRETT, ROBERT",FTM,Free Throw In,1,-1,-1, ,,,,38,03:00,70,52,
2007,RS,7,82,476,BAM,PBOF,"GARRETT, ROBERT",FTM,Free Throw In,1,-1,-1, ,,,,38,03:00,70,53,
2007,RS,7,82,479,BAR,PJCL,"MONCASI, ALBERT",2FGM,Two Pointer,2,-107,82,D,,,,38,03:00,72,53,
2007,RS,7,82,484,BAM,PLPK,"OHLBRECHT, TIM",FTM,Free Throw In,1,-1,-1, ,,,,38,03:00,72,54,
2007,RS,7,82,485,BAM,PLPK,"OHLBRECHT, TIM",FTM,Free Throw In,1,-1,-1, ,,,,38,03:00,72,55,
2007,RS,7,82,486,BAR,PJKP,"ILYASOVA, ERSAN",2FGM,Two Pointer,2,61,302,C,,,,38,03:00,74,55,
2007,RS,7,82,490,BAR,PATA,"LAKOVIC, JAKA",3FGA,Missed Three Pointer,0,-330,605,J,,,,39,02:00,74,55,
2007,RS,7,82,492,BAR,PAXC,"VAZQUEZ, FRAN",2FGM,Two Pointer,2,15,69,C,,,,39,02:00,76,55,
2007,RS,7,82,494,BAR,PJKP,"ILYASOVA, ERSAN",2FGA,Missed Two Pointer,0,192,261,C,,,,39,02:00,76,55,
2007,RS,7,82,499,BAR,PATA,"LAKOVIC, JAKA",2FGM,Two Pointer,2,7,5,C,,,,40,01:00,78,55,
2007,RS,7,82,501,BAM,PJSE,"PAVIC, IVAN",2FGAB,Missed Two Pointer,0,41,33,C,,,,40,01:00,78,55,
2007,RS,7,82,505,BAR,PAXC,"VAZQUEZ, FRAN",2FGM,Two Pointer,2,10,10,C,,,,40,01:00,80,55,
2007,RS,7,82,507,BAM,PKOO,"GREENE, DEMOND",3FGM,Three Pointer,3,-556,523,J,,,,40,01:00,80,58,
2007,RS,7,83,2,ROM,PBWL,"LORBEK, ERAZEM",2FGAB,Missed Two Pointer,0,135,30,C,,,,1,10:00,0,0,
2007,RS,7,83,5,ROA,PTEU,"SALYERS, MARC",3FGM,Three Pointer,3,-107,661,J,,,,1,10:00,3,0,
2007,RS,7,83,7,ROM,PBWL,"LORBEK, ERAZEM",2FGA,Missed Two Pointer,0,84,123,C,,,,1,10:00,3,0,
2007,RS,7,83,11,ROM,PKZA,"HAWKINS, DAVID",2FGM,Two Pointer,2,-7,7,D,,,,1,10:00,3,2,
2007,RS,7,83,14,ROM,PJKN,"GABINI, ROBERTO",2FGM,Two Pointer,2,353,471,H,,,,2,09:00,3,4,
2007,RS,7,83,16,ROA,PTEU,"SALYERS, MARC",2FGA,Missed Two Pointer,0,-187,266,D,,,,2,09:00,3,4,
2007,RS,7,83,18,ROM,PKZA,"HAWKINS, DAVID",3FGA,Missed Three Pointer,0,-630,248,F,,,,2,09:00,3,4,
2007,RS,7,83,20,ROA,PTEZ,"RUSH, BRION",2FGM,Two Pointer,2,2,-7,D,,,,2,09:00,5,4,
2007,RS,7,83,21,ROM,PBWL,"LORBEK, ERAZEM",2FGM,Two Pointer,2,-107,117,D,,,,2,09:00,5,6,
2007,RS,7,83,23,ROA,PTEV,"HESS, ADAM",3FGM,Three Pointer,3,-46,658,J,,,,2,09:00,8,6,
2007,RS,7,83,27,ROM,PKXO,"GIACHETTI, JACOPO",2FGM,Two Pointer,2,-76,66,D,,,,4,07:00,8,8,
2007,RS,7,83,30,ROA,PTEZ,"RUSH, BRION",2FGAB,Missed Two Pointer,0,-164,238,D,,,,4,07:00,8,8,
2007,RS,7,83,34,ROA,PTEU,"SALYERS, MARC",2FGM,Two Pointer,2,-97,33,D,,,,4,07:00,10,8,
2007,RS,7,83,40,ROA,PTEY,"BADIANE, PAPE",2FGA,Missed Two Pointer,0,-189,46,D,,,,5,06:00,10,8,
2007,RS,7,83,47,ROM,PJKN,"GABINI, ROBERTO",2FGA,Missed Two Pointer,0,-307,43,E,,,,5,06:00,10,8,
2007,RS,7,83,55,ROA,PTEU,"SALYERS, MARC",FTM,Free Throw In,1,-1,-1, ,,,,5,06:00,11,8,
2007,RS,7,83,60,ROM,PBWL,"LORBEK, ERAZEM",2FGA,Missed Two Pointer,0,341,446,H,,,,5,06:00,11,8,
2007,RS,7,83,68,ROA,PTEY,"BADIANE, PAPE",FTM,Free Throw In,1,-1,-1, ,,,,6,05:00,12,8,
2007,RS,7,83,70,ROA,PTEY,"BADIANE, PAPE",FTM,Free Throw In,1,-1,-1, ,,,,6,05:00,13,8,
2007,RS,7,83,71,ROM,PTFQ,"DANIELS, ERIK",2FGM,Two Pointer,2,197,112,C,,,,6,05:00,13,10,
2007,RS,7,83,72,ROA,PTEV,"HESS, ADAM",3FGA,Missed Three Pointer,0,-138,653,J,,,,6,05:00,13,10,
2007,RS,7,83,77,ROM,PKZA,"HAWKINS, DAVID",2FGM,Two Pointer,2,-58,69,D,,,,7,04:00,13,12,
2007,RS,7,83,79,ROA,PTEX,"PELLIN, MARC-ANTOINE",2FGM,Two Pointer,2,-64,48,D,,,,7,04:00,15,12,
2007,RS,7,83,81,ROM,PKZA,"HAWKINS, DAVID",2FGA,Missed Two Pointer,0,230,389,B,,,,7,04:00,15,12,
2007,RS,7,83,83,ROA,PTEU,"SALYERS, MARC",2FGM,Two Pointer,2,-215,20,D,,,,7,04:00,17,12,
2007,RS,7,83,96,ROA,PTEZ,"RUSH, BRION",3FGA,Missed Three Pointer,0,-515,530,J,,,,8,03:00,17,12,
2007,RS,7,83,98,ROM,PADP,"FUCKA, GREGOR",2FGA,Missed Two Pointer,0,64,94,C,,,,8,03:00,17,12,
2007,RS,7,83,106,ROM,PTFR,"RAY, ALLAN",FTM,Free Throw In,1,-1,-1, ,,,,9,02:00,17,13,
2007,RS,7,83,107,ROA,PTFA,"CAZALON, LAURENT",3FGM,Three Pointer,3,-292,623,J,,,,9,02:00,20,13,
2007,RS,7,83,111,ROA,PTEZ,"RUSH, BRION",2FGA,Missed Two Pointer,0,-112,53,D,,,,9,02:00,20,13,
2007,RS,7,83,113,ROA,PTEY,"BADIANE, PAPE",2FGM,Two Pointer,2,56,46,C,,,,9,02:00,22,13,
2007,RS,7,83,115,ROM,PTFR,"RAY, ALLAN",3FGA,Missed Three Pointer,0,-407,553,J,,,,9,02:00,22,13,
2007,RS,7,83,117,ROA,PTFA,"CAZALON, LAURENT",3FGA,Missed Three Pointer,0,215,641,G,,,,9,02:00,22,13,
2007,RS,7,83,122,ROA,PTFA,"CAZALON, LAURENT",FTM,Free Throw In,1,-1,-1, ,,,,10,01:00,23,13,
2007,RS,7,83,123,ROA,PTFA,"CAZALON, LAURENT",FTM,Free Throw In,1,-1,-1, ,,,,10,01:00,24,13,
2007,RS,7,83,124,ROM,PTFR,"RAY, ALLAN",2FGM,Two Pointer,2,135,20,C,,,,10,01:00,24,15,
2007,RS,7,83,130,ROA,PTEZ,"RUSH, BRION",2FGM,Two Pointer,2,38,48,C,,,,10,01:00,26,15,
2007,RS,7,83,135,ROA,PTEZ,"RUSH, BRION",2FGA,Missed Two Pointer,0,-430,323,E,,,,11,10:00,26,15,
2007,RS,7,83,137,ROA,PTEV,"HESS, ADAM",2FGA,Missed Two Pointer,0,-161,82,D,,,,11,10:00,26,15,
2007,RS,7,83,139,ROA,PTEY,"BADIANE, PAPE",2FGA,Missed Two Pointer,0,-112,48,D,,,,11,10:00,26,15,
2007,RS,7,83,141,ROA,PTFA,"CAZALON, LAURENT",2FGA,Missed Two Pointer,0,35,69,C,,,,11,10:00,26,15,
2007,RS,7,83,145,ROA,PTEZ,"RUSH, BRION",2FGM,Two Pointer,2,-138,128,D,,,,11,10:00,28,15,
2007,RS,7,83,148,ROM,PADP,"FUCKA, GREGOR",2FGA,Missed Two Pointer,0,148,64,C,,,,12,09:00,28,15,
2007,RS,7,83,150,ROM,PLUK,"STEFANSSON, JON",2FGA,Missed Two Pointer,0,-348,338,E,,,,12,09:00,28,15,
2007,RS,7,83,155,ROM,PADP,"FUCKA, GREGOR",2FGM,Two Pointer,2,92,43,C,,,,12,09:00,28,17,
2007,RS,7,83,156,ROA,PTEY,"BADIANE, PAPE",2FGA,Missed Two Pointer,0,51,82,C,,,,12,09:00,28,17,
2007,RS,7,83,160,ROA,PTEV,"HESS, ADAM",2FGM,Two Pointer,2,-130,41,D,,,,12,09:00,30,17,
2007,RS,7,83,163,ROM,PTFR,"RAY, ALLAN",3FGM,Three Pointer,3,-253,648,J,,,,13,08:00,30,20,
2007,RS,7,83,175,ROA,PTEV,"HESS, ADAM",3FGM,Three Pointer,3,392,589,G,,,,13,08:00,33,20,
2007,RS,7,83,178,ROM,PBWL,"LORBEK, ERAZEM",2FGM,Two Pointer,2,0,133,D,,,,13,08:00,33,22,
2007,RS,7,83,188,ROM,PADP,"FUCKA, GREGOR",2FGM,Two Pointer,2,-66,58,D,,,,14,07:00,33,24,
2007,RS,7,83,191,ROM,PTFR,"RAY, ALLAN",3FGM,Three Pointer,3,674,35,A,,,,14,07:00,33,27,
2007,RS,7,83,204,ROA,PTFA,"CAZALON, LAURENT",FTM,Free Throw In,1,-1,-1, ,,,,15,06:00,34,27,
2007,RS,7,83,205,ROM,PKZA,"HAWKINS, DAVID",3FGM,Three Pointer,3,584,371,A,,,,15,06:00,34,30,
2007,RS,7,83,207,ROA,PTFA,"CAZALON, LAURENT",2FGM,Two Pointer,2,-128,10,D,,,,15,06:00,36,30,
2007,RS,7,83,209,ROM,PTFQ,"DANIELS, ERIK",2FGM,Two Pointer,2,53,117,C,,,,16,05:00,36,32,
2007,RS,7,83,210,ROA,PTEU,"SALYERS, MARC",2FGA,Missed Two Pointer,0,-130,41,D,,,,16,05:00,36,32,
2007,RS,7,83,217,ROM,PADP,"FUCKA, GREGOR",2FGM,Two Pointer,2,56,182,C,,,,17,04:00,36,34,
2007,RS,7,83,218,ROA,PTFC,"POUPET, PIERRIC",3FGM,Three Pointer,3,561,338,A,,,,17,04:00,39,34,
2007,RS,7,83,220,ROM,PKZA,"HAWKINS, DAVID",2FGA,Missed Two Pointer,0,-100,43,D,,,,17,04:00,39,34,
2007,RS,7,83,222,ROM,PTFQ,"DANIELS, ERIK",2FGA,Missed Two Pointer,0,61,48,C,,,,17,04:00,39,34,
2007,RS,7,83,228,ROM,PTFQ,"DANIELS, ERIK",2FGM,Two Pointer,2,179,28,C,,,,18,03:00,39,36,
2007,RS,7,83,229,ROA,PTEU,"SALYERS, MARC",3FGM,Three Pointer,3,-69,676,J,,,,18,03:00,42,36,
2007,RS,7,83,235,ROA,PTEV,"HESS, ADAM",2FGM,Two Pointer,2,-346,330,E,,,,19,02:00,44,36,
2007,RS,7,83,237,ROM,PTFR,"RAY, ALLAN",2FGM,Two Pointer,2,107,74,C,,,,19,02:00,44,38,
2007,RS,7,83,238,ROA,PTEV,"HESS, ADAM",2FGA,Missed Two Pointer,0,-125,15,D,,,,19,02:00,44,38,
2007,RS,7,83,240,ROM,PKZA,"HAWKINS, DAVID",3FGM,Three Pointer,3,671,43,A,,,,19,02:00,44,41,
2007,RS,7,83,245,ROA,PTEZ,"RUSH, BRION",2FGA,Missed Two Pointer,0,-79,25,D,,,,20,01:00,44,41,
2007,RS,7,83,247,ROA,PTEY,"BADIANE, PAPE",2FGM,Two Pointer,2,2,-5,D,,,,20,01:00,46,41,
2007,RS,7,83,248,ROM,PTFR,"RAY, ALLAN",2FGA,Missed Two Pointer,0,405,276,B,,,,20,01:00,46,41,
2007,RS,7,83,250,ROA,PTEV,"HESS, ADAM",3FGM,Three Pointer,3,-646,82,F,,,,20,01:00,49,41,
2007,RS,7,83,260,ROM,PBWL,"LORBEK, ERAZEM",2FGM,Two Pointer,2,2,-5,D,,,,21,10:00,49,43,
2007,RS,7,83,261,ROA,PTEU,"SALYERS, MARC",3FGA,Missed Three Pointer,0,-151,689,J,,,,21,10:00,49,43,
2007,RS,7,83,265,ROM,PBWL,"LORBEK, ERAZEM",2FGA,Missed Two Pointer,0,-92,105,D,,,,21,10:00,49,43,
2007,RS,7,83,267,ROM,PBWL,"LORBEK, ERAZEM",2FGM,Two Pointer,2,-71,71,D,,,,21,10:00,49,45,
2007,RS,7,83,269,ROA,PTEU,"SALYERS, MARC",2FGM,Two Pointer,2,-79,66,D,,,,22,09:00,51,45,
2007,RS,7,83,271,ROM,PJKN,"GABINI, ROBERTO",3FGA,Missed Three Pointer,0,-469,533,J,,,,22,09:00,51,45,
2007,RS,7,83,273,ROA,PTEX,"PELLIN, MARC-ANTOINE",2FGM,Two Pointer,2,87,89,C,,,,22,09:00,53,45,
2007,RS,7,83,275,ROM,PKXO,"GIACHETTI, JACOPO",3FGA,Missed Three Pointer,0,-464,661,J,,,,23,08:00,53,45,
2007,RS,7,83,277,ROM,PJKN,"GABINI, ROBERTO",2FGAB,Missed Two Pointer,0,-82,53,D,,,,23,08:00,53,45,
2007,RS,7,83,285,ROA,PTEV,"HESS, ADAM",2FGM,Two Pointer,2,66,102,C,,,,23,08:00,55,45,
2007,RS,7,83,288,ROA,PTEV,"HESS, ADAM",FTM,Free Throw In,1,-1,-1, ,,,,23,08:00,56,45,
2007,RS,7,83,289,ROA,PTEU,"SALYERS, MARC",2FGA,Missed Two Pointer,0,292,261,B,,,,23,08:00,56,45,
2007,RS,7,83,292,ROM,PTFQ,"DANIELS, ERIK",2FGM,Two Pointer,2,-120,143,D,,,,23,08:00,56,47,
2007,RS,7,83,294,ROA,PTEV,"HESS, ADAM",3FGA,Missed Three Pointer,0,-41,694,J,,,,24,07:00,56,47,
2007,RS,7,83,296,ROM,PTFQ,"DANIELS, ERIK",2FGA,Missed Two Pointer,0,-79,84,D,,,,24,07:00,56,47,
2007,RS,7,83,300,ROA,PTEY,"BADIANE, PAPE",FTM,Free Throw In,1,-1,-1, ,,,,24,07:00,57,47,
2007,RS,7,83,305,ROM,PBWL,"LORBEK, ERAZEM",2FGM,Two Pointer,2,0,-2,D,,,,24,07:00,57,49,
2007,RS,7,83,307,ROA,PTEY,"BADIANE, PAPE",2FGM,Two Pointer,2,25,79,C,,,,24,07:00,59,49,
2007,RS,7,83,308,ROM,PKZA,"HAWKINS, DAVID",2FGM,Two Pointer,2,-5,10,D,,,,24,07:00,59,51,
2007,RS,7,83,319,ROA,PTEY,"BADIANE, PAPE",FTM,Free Throw In,1,-1,-1, ,,,,25,06:00,60,51,
2007,RS,7,83,322,ROM,PTFQ,"DANIELS, ERIK",2FGA,Missed Two Pointer,0,-74,117,D,,,,25,06:00,60,51,
2007,RS,7,83,324,ROM,PTFQ,"DANIELS, ERIK",2FGA,Missed Two Pointer,0,76,89,C,,,,25,06:00,60,51,
2007,RS,7,83,329,ROA,PTEX,"PELLIN, MARC-ANTOINE",FTM,Free Throw In,1,-1,-1, ,,,,26,05:00,61,51,
2007,RS,7,83,330,ROA,PTEX,"PELLIN, MARC-ANTOINE",FTM,Free Throw In,1,-1,-1, ,,,,26,05:00,62,51,
2007,RS,7,83,331,ROM,PADP,"FUCKA, GREGOR",2FGM,Two Pointer,2,-5,-2,D,,,,26,05:00,62,53,
2007,RS,7,83,334,ROA,PTEY,"BADIANE, PAPE",2FGM,Two Pointer,2,10,7,C,,,,26,05:00,64,53,
2007,RS,7,83,336,ROM,PTFR,"RAY, ALLAN",3FGA,Missed Three Pointer,0,-407,584,J,,,,27,04:00,64,53,
2007,RS,7,83,338,ROA,PTEZ,"RUSH, BRION",3FGM,Three Pointer,3,694,-76,A,,,,27,04:00,67,53,
2007,RS,7,83,340,ROM,PKZA,"HAWKINS, DAVID",2FGA,Missed Two Pointer,0,-61,97,D,,,,27,04:00,67,53,
2007,RS,7,83,342,ROA,PTEV,"HESS, ADAM",2FGM,Two Pointer,2,-51,46,D,,,,27,04:00,69,53,
2007,RS,7,83,346,ROM,PTFQ,"DANIELS, ERIK",3FGA,Missed Three Pointer,0,-69,658,J,,,,28,03:00,69,53,
2007,RS,7,83,354,ROA,PTEX,"PELLIN, MARC-ANTOINE",FTM,Free Throw In,1,-1,-1, ,,,,28,03:00,70,53,
2007,RS,7,83,357,ROA,PTEZ,"RUSH, BRION",2FGA,Missed Two Pointer,0,66,97,C,,,,28,03:00,70,53,
2007,RS,7,83,359,ROM,PCCI,"TONOLLI, ALESSANDRO",3FGA,Missed Three Pointer,0,679,38,A,,,,28,03:00,70,53,
2007,RS,7,83,364,ROM,PADP,"FUCKA, GREGOR",2FGM,Two Pointer,2,-66,56,D,,,,28,03:00,70,55,
2007,RS,7,83,367,ROM,PLUK,"STEFANSSON, JON",3FGA,Missed Three Pointer,0,-648,279,F,,,,28,03:00,70,55,
2007,RS,7,83,372,ROA,PTEY,"BADIANE, PAPE",FTM,Free Throw In,1,-1,-1, ,,,,28,03:00,71,55,
2007,RS,7,83,373,ROA,PTEY,"BADIANE, PAPE",FTM,Free Throw In,1,-1,-1, ,,,,28,03:00,72,55,
2007,RS,7,83,377,ROM,PADP,"FUCKA, GREGOR",2FGA,Missed Two Pointer,0,-138,97,D,,,,29,02:00,72,55,
2007,RS,7,83,386,ROM,PTFR,"RAY, ALLAN",2FGA,Missed Two Pointer,0,-64,92,D,,,,29,02:00,72,55,
2007,RS,7,83,388,ROA,PTEU,"SALYERS, MARC",3FGM,Three Pointer,3,664,115,A,,,,29,02:00,75,55,
2007,RS,7,83,397,ROM,PLUK,"STEFANSSON, JON",FTM,Free Throw In,1,-1,-1, ,,,,30,01:00,75,56,
2007,RS,7,83,398,ROM,PLUK,"STEFANSSON, JON",FTM,Free Throw In,1,-1,-1, ,,,,30,01:00,75,57,
2007,RS,7,83,399,ROA,PTEU,"SALYERS, MARC",3FGA,Missed Three Pointer,0,-517,443,J,,,,30,01:00,75,57,
2007,RS,7,83,401,ROM,PTFQ,"DANIELS, ERIK",3FGA,Missed Three Pointer,0,541,438,G,,,,30,01:00,75,57,
2007,RS,7,83,414,ROA,PTFB,"SOLIMAN, WILLIAMS",FTM,Free Throw In,1,-1,-1, ,,,,31,10:00,76,57,
2007,RS,7,83,418,ROM,PTFQ,"DANIELS, ERIK",2FGM,Two Pointer,2,43,35,C,,,,31,10:00,76,59,
2007,RS,7,83,419,ROA,PTEX,"PELLIN, MARC-ANTOINE",2FGA,Missed Two Pointer,0,158,482,H,,,,31,10:00,76,59,
2007,RS,7,83,425,ROA,PTFB,"SOLIMAN, WILLIAMS",2FGM,Two Pointer,2,-84,61,D,,,,32,09:00,78,59,
2007,RS,7,83,427,ROM,PTFQ,"DANIELS, ERIK",2FGM,Two Pointer,2,66,38,C,,,,32,09:00,78,61,
2007,RS,7,83,430,ROM,PKZA,"HAWKINS, DAVID",2FGM,Two Pointer,2,41,64,C,,,,32,09:00,78,63,
2007,RS,7,83,438,ROA,PTEZ,"RUSH, BRION",3FGM,Three Pointer,3,682,74,A,,,,33,08:00,81,63,
2007,RS,7,83,440,ROM,PBWL,"LORBEK, ERAZEM",2FGA,Missed Two Pointer,0,-492,158,E,,,,33,08:00,81,63,
2007,RS,7,83,444,ROA,PTEZ,"RUSH, BRION",2FGM,Two Pointer,2,-361,353,E,,,,33,08:00,83,63,
2007,RS,7,83,447,ROM,PKZA,"HAWKINS, DAVID",2FGM,Two Pointer,2,-94,166,D,,,,34,07:00,83,65,
2007,RS,7,83,452,ROA,PTEZ,"RUSH, BRION",3FGM,Three Pointer,3,541,497,G,,,,34,07:00,86,65,
2007,RS,7,83,460,ROM,PJKN,"GABINI, ROBERTO",3FGA,Missed Three Pointer,0,-543,420,F,,,,35,06:00,86,65,
2007,RS,7,83,464,ROA,PTEU,"SALYERS, MARC",FTM,Free Throw In,1,-1,-1, ,,,,35,06:00,87,65,
2007,RS,7,83,467,ROM,PLUK,"STEFANSSON, JON",3FGA,Missed Three Pointer,0,464,489,G,,,,35,06:00,87,65,
2007,RS,7,83,469,ROA,PTEU,"SALYERS, MARC",2FGM,Two Pointer,2,-5,2,D,,,,35,06:00,89,65,
2007,RS,7,83,472,ROM,PLUK,"STEFANSSON, JON",3FGA,Missed Three Pointer,0,205,641,G,,,,35,06:00,89,65,
2007,RS,7,83,474,ROA,PTEZ,"RUSH, BRION",2FGA,Missed Two Pointer,0,-110,66,D,,,,35,06:00,89,65,
2007,RS,7,83,479,ROA,PTEZ,"RUSH, BRION",2FGM,Two Pointer,2,115,94,C,,,,35,06:00,91,65,
2007,RS,7,83,480,ROM,PBWL,"LORBEK, ERAZEM",2FGAB,Missed Two Pointer,0,-102,135,D,,,,35,06:00,91,65,
2007,RS,7,83,490,ROA,PTEZ,"RUSH, BRION",FTM,Free Throw In,1,-1,-1, ,,,,37,04:00,92,65,
2007,RS,7,83,491,ROA,PTEZ,"RUSH, BRION",FTM,Free Throw In,1,-1,-1, ,,,,37,04:00,93,65,
2007,RS,7,83,494,ROM,PLUK,"STEFANSSON, JON",2FGA,Missed Two Pointer,0,92,53,C,,,,37,04:00,93,65,
2007,RS,7,83,498,ROM,PJKN,"GABINI, ROBERTO",3FGM,Three Pointer,3,689,12,A,,,,37,04:00,93,68,
2007,RS,7,83,505,ROA,PTEU,"SALYERS, MARC",FTM,Free Throw In,1,-1,-1, ,,,,38,03:00,94,68,
2007,RS,7,83,506,ROA,PTEU,"SALYERS, MARC",FTM,Free Throw In,1,-1,-1, ,,,,38,03:00,95,68,
2007,RS,7,83,512,ROA,PTEU,"SALYERS, MARC",FTM,Free Throw In,1,-1,-1, ,,,,38,03:00,96,68,
2007,RS,7,83,515,ROM,PKXO,"GIACHETTI, JACOPO",3FGM,Three Pointer,3,171,689,G,,,,38,03:00,96,71,
2007,RS,7,83,518,ROA,PTFB,"SOLIMAN, WILLIAMS",2FGM,Two Pointer,2,84,66,C,,,,38,03:00,98,71,
2007,RS,7,83,524,ROA,PTFB,"SOLIMAN, WILLIAMS",FTM,Free Throw In,1,-1,-1, ,,,,39,02:00,99,71,
2007,RS,7,83,525,ROM,PKXO,"GIACHETTI, JACOPO",2FGM,Two Pointer,2,-97,71,D,,,,39,02:00,99,73,
2007,RS,7,83,528,ROM,PKXO,"GIACHETTI, JACOPO",FTM,Free Throw In,1,-1,-1, ,,,,39,02:00,99,74,
2007,RS,7,83,529,ROA,PTEU,"SALYERS, MARC",3FGA,Missed Three Pointer,0,-276,630,J,,,,39,02:00,99,74,
2007,RS,7,83,531,ROM,PKZA,"HAWKINS, DAVID",2FGA,Missed Two Pointer,0,38,110,C,,,,39,02:00,99,74,
2007,RS,7,83,536,ROM,PLUK,"STEFANSSON, JON",FTM,Free Throw In,1,-1,-1, ,,,,39,02:00,99,75,
2007,RS,7,83,543,ROA,PTEU,"SALYERS, MARC",FTM,Free Throw In,1,-1,-1, ,,,,39,02:00,100,75,
2007,RS,7,83,544,ROA,PTEU,"SALYERS, MARC",FTM,Free Throw In,1,-1,-1, ,,,,39,02:00,101,75,
2007,RS,7,83,548,ROM,PKXO,"GIACHETTI, JACOPO",FTM,Free Throw In,1,-1,-1, ,,,,39,02:00,101,76,
2007,RS,7,83,552,ROM,PLUK,"STEFANSSON, JON",2FGM,Two Pointer,2,-61,53,D,,,,40,01:00,101,78,
2007,RS,7,83,557,ROM,PTFR,"RAY, ALLAN",FTM,Free Throw In,1,-1,-1, ,,,,40,01:00,101,79,
2007,RS,7,83,558,ROM,PTFR,"RAY, ALLAN",FTM,Free Throw In,1,-1,-1, ,,,,40,01:00,101,80,
2007,RS,7,83,561,ROA,PTFC,"POUPET, PIERRIC",FTM,Free Throw In,1,-1,-1, ,,,,40,01:00,102,80,
2007,RS,7,83,564,ROM,PTFQ,"DANIELS, ERIK",2FGAB,Missed Two Pointer,0,-125,84,D,,,,40,01:00,102,80,
2007,RS,7,83,568,ROM,PKXO,"GIACHETTI, JACOPO",2FGM,Two Pointer,2,-120,105,D,,,,40,01:00,102,82,
2007,RS,7,83,572,ROM,PKXO,"GIACHETTI, JACOPO",FTM,Free Throw In,1,-1,-1, ,,,,40,01:00,102,83,
2007,RS,7,83,575,ROA,PTFC,"POUPET, PIERRIC",FTM,Free Throw In,1,-1,-1, ,,,,40,01:00,103,83,
2007,RS,7,83,576,ROA,PTFC,"POUPET, PIERRIC",FTM,Free Throw In,1,-1,-1, ,,,,40,01:00,104,83,
2007,RS,7,83,577,ROM,PKXO,"GIACHETTI, JACOPO",2FGM,Two Pointer,2,56,64,C,,,,40,01:00,104,85,
2007,RS,7,84,4,PAN,PADG,"JASIKEVICIUS, SARUNAS",2FGA,Missed Two Pointer,0,-74,7,D,,,,1,10:00,0,0,
2007,RS,7,84,6,MAD,PCRF,"HERVELLE, AXEL",3FGA,Missed Three Pointer,0,-125,682,J,,,,1,10:00,0,0,
2007,RS,7,84,9,MAD,PAJO,"BULLOCK, LOUIS",3FGA,Missed Three Pointer,0,643,207,A,,,,2,09:00,0,0,
2007,RS,7,84,11,MAD,PAPP,"PAPADOPOULOS, LAZAROS",2FGA,Missed Two Pointer,0,58,2,C,,,,2,09:00,0,0,
2007,RS,7,84,15,PAN,PADG,"JASIKEVICIUS, SARUNAS",2FGM,Two Pointer,2,28,0,C,,,,2,09:00,2,0,
2007,RS,7,84,17,MAD,PAPP,"PAPADOPOULOS, LAZAROS",2FGA,Missed Two Pointer,0,46,38,C,,,,2,09:00,2,0,
2007,RS,7,84,19,MAD,PCRF,"HERVELLE, AXEL",2FGM,Two Pointer,2,38,7,C,,,,2,09:00,2,2,
2007,RS,7,84,21,PAN,PAJV,"BATISTE, MICHAEL",2FGM,Two Pointer,2,-351,233,E,,,,2,09:00,4,2,
2007,RS,7,84,23,MAD,PAJO,"BULLOCK, LOUIS",3FGM,Three Pointer,3,592,366,A,,,,2,09:00,4,5,
2007,RS,7,84,25,PAN,PABB,"DIKOUDIS, DEMOS",2FGM,Two Pointer,2,-453,184,E,,,,3,08:00,6,5,
2007,RS,7,84,26,MAD,PACK,"PELEKANOS, MICHALIS",3FGA,Missed Three Pointer,0,661,169,A,,,,3,08:00,6,5,
2007,RS,7,84,28,MAD,PCRF,"HERVELLE, AXEL",2FGA,Missed Two Pointer,0,51,-2,C,,,,3,08:00,6,5,
2007,RS,7,84,30,PAN,PABB,"DIKOUDIS, DEMOS",2FGM,Two Pointer,2,66,5,C,,,,3,08:00,8,5,
2007,RS,7,84,31,MAD,PACK,"PELEKANOS, MICHALIS",2FGM,Two Pointer,2,58,0,C,,,,3,08:00,8,7,
2007,RS,7,84,32,MAD,PARR,"TUNCERI, KEREM",2FGA,Missed Two Pointer,0,69,43,C,,,,3,08:00,8,7,
2007,RS,7,84,45,MAD,PAPP,"PAPADOPOULOS, LAZAROS",2FGM,Two Pointer,2,41,17,C,,,,3,08:00,8,9,
2007,RS,7,84,49,PAN,PABB,"DIKOUDIS, DEMOS",2FGA,Missed Two Pointer,0,-51,2,D,,,,5,06:00,8,9,
2007,RS,7,84,50,PAN,PADG,"JASIKEVICIUS, SARUNAS",2FGM,Two Pointer,2,69,5,C,,,,5,06:00,10,9,
2007,RS,7,84,54,MAD,PAJO,"BULLOCK, LOUIS",2FGM,Two Pointer,2,43,35,C,,,,5,06:00,10,11,
2007,RS,7,84,55,MAD,PARR,"TUNCERI, KEREM",2FGA,Missed Two Pointer,0,30,25,C,,,,5,06:00,10,11,
2007,RS,7,84,57,PAN,PABB,"DIKOUDIS, DEMOS",FTM,Free Throw In,1,-1,-1, ,,,,5,06:00,11,11,
2007,RS,7,84,61,PAN,PAJV,"BATISTE, MICHAEL",2FGM,Two Pointer,2,56,-5,C,,,,5,06:00,13,11,
2007,RS,7,84,64,PAN,PTFY,"WINSTON, KENNEDY",2FGM,Two Pointer,2,69,12,C,,,,5,06:00,15,11,
2007,RS,7,84,72,MAD,PAJO,"BULLOCK, LOUIS",2FGA,Missed Two Pointer,0,71,15,C,,,,5,06:00,15,11,
2007,RS,7,84,78,PAN,PAJV,"BATISTE, MICHAEL",FTM,Free Throw In,1,-1,-1, ,,,,7,04:00,16,11,
2007,RS,7,84,79,PAN,PAJV,"BATISTE, MICHAEL",FTM,Free Throw In,1,-1,-1, ,,,,7,04:00,17,11,
2007,RS,7,84,82,MAD,PCRF,"HERVELLE, AXEL",2FGA,Missed Two Pointer,0,51,-7,C,,,,7,04:00,17,11,
2007,RS,7,84,84,PAN,PADG,"JASIKEVICIUS, SARUNAS",2FGM,Two Pointer,2,-35,25,D,,,,7,04:00,19,11,
2007,RS,7,84,85,PAN,PJKO,"DIAMANTIDIS, DIMITRIS",3FGA,Missed Three Pointer,0,230,664,G,,,,7,04:00,19,11,
2007,RS,7,84,87,MAD,PARR,"TUNCERI, KEREM",3FGM,Three Pointer,3,156,651,G,,,,7,04:00,19,14,
2007,RS,7,84,88,PAN,PAJV,"BATISTE, MICHAEL",2FGA,Missed Two Pointer,0,-71,20,D,,,,7,04:00,19,14,
2007,RS,7,84,93,MAD,PAAX,"REYES, FELIPE",2FGA,Missed Two Pointer,0,74,10,C,,,,8,03:00,19,14,
2007,RS,7,84,95,MAD,PARR,"TUNCERI, KEREM",2FGM,Two Pointer,2,48,53,C,,,,8,03:00,19,16,
2007,RS,7,84,102,PAN,PAJV,"BATISTE, MICHAEL",2FGA,Missed Two Pointer,0,41,10,C,,,,9,02:00,19,16,
2007,RS,7,84,109,PAN,PAJV,"BATISTE, MICHAEL",FTM,Free Throw In,1,-1,-1, ,,,,9,02:00,20,16,
2007,RS,7,84,110,PAN,PAJV,"BATISTE, MICHAEL",FTM,Free Throw In,1,-1,-1, ,,,,9,02:00,21,16,
2007,RS,7,84,120,MAD,PAFB,"SEKULIC, BLAGOTA",2FGA,Missed Two Pointer,0,100,15,C,,,,9,02:00,21,16,
2007,RS,7,84,123,MAD,PAAX,"REYES, FELIPE",FTM,Free Throw In,1,-1,-1, ,,,,9,02:00,21,17,
2007,RS,7,84,124,MAD,PAJO,"BULLOCK, LOUIS",3FGM,Three Pointer,3,0,664,J,,,,9,02:00,21,20,
2007,RS,7,84,125,PAN,PBXE,"ZIZIC, ANDRIJA",2FGM,Two Pointer,2,107,94,C,,,,9,02:00,23,20,
2007,RS,7,84,130,PAN,PJKO,"DIAMANTIDIS, DIMITRIS",3FGA,Missed Three Pointer,0,292,617,G,,,,9,02:00,23,20,
2007,RS,7,84,135,PAN,PAGG,"BECIROVIC, SANI",2FGM,Two Pointer,2,58,-12,C,,,,10,01:00,25,20,
2007,RS,7,84,137,MAD,PAIT,"LOPEZ, RAUL",3FGA,Missed Three Pointer,0,87,676,G,,,,10,01:00,25,20,
2007,RS,7,84,141,PAN,PAGG,"BECIROVIC, SANI",FTM,Free Throw In,1,-1,-1, ,,,,11,10:00,26,20,
2007,RS,7,84,144,PAN,PBXE,"ZIZIC, ANDRIJA",2FGM,Two Pointer,2,58,12,C,,,,11,10:00,28,20,
2007,RS,7,84,147,MAD,PAIT,"LOPEZ, RAUL",2FGM,Two Pointer,2,46,15,C,,,,11,10:00,28,22,
2007,RS,7,84,149,MAD,PAIT,"LOPEZ, RAUL",FTM,Free Throw In,1,-1,-1, ,,,,11,10:00,28,23,
2007,RS,7,84,151,MAD,PCTN,"SMITH, CHARLES",2FGM,Two Pointer,2,446,182,B,,,,11,10:00,28,25,
2007,RS,7,84,156,PAN,PBXE,"ZIZIC, ANDRIJA",FTM,Free Throw In,1,-1,-1, ,,,,12,09:00,29,25,
2007,RS,7,84,158,MAD,PCTN,"SMITH, CHARLES",3FGM,Three Pointer,3,533,417,A,,,,12,09:00,29,28,
2007,RS,7,84,164,MAD,PCTN,"SMITH, CHARLES",3FGA,Missed Three Pointer,0,623,428,G,,,,13,08:00,29,28,
2007,RS,7,84,176,MAD,PAFB,"SEKULIC, BLAGOTA",2FGM,Two Pointer,2,56,-2,C,,,,13,08:00,29,30,
2007,RS,7,84,178,PAN,PJUO,"SPANOULIS, VASSILIS",3FGM,Three Pointer,3,628,256,A,,,,13,08:00,32,30,
2007,RS,7,84,181,MAD,PTGB,"LLULL, SERGIO",2FGM,Two Pointer,2,43,17,C,,,,14,07:00,32,32,
2007,RS,7,84,183,MAD,PAAX,"REYES, FELIPE",2FGA,Missed Two Pointer,0,-238,25,D,,,,14,07:00,32,32,
2007,RS,7,84,189,PAN,PAJV,"BATISTE, MICHAEL",2FGM,Two Pointer,2,84,0,C,,,,14,07:00,34,32,
2007,RS,7,84,193,PAN,PAJV,"BATISTE, MICHAEL",FTM,Free Throw In,1,-1,-1, ,,,,14,07:00,35,32,
2007,RS,7,84,195,MAD,PAIT,"LOPEZ, RAUL",3FGM,Three Pointer,3,528,479,G,,,,15,06:00,35,35,
2007,RS,7,84,196,PAN,PADG,"JASIKEVICIUS, SARUNAS",2FGA,Missed Two Pointer,0,-38,17,D,,,,15,06:00,35,35,
2007,RS,7,84,198,MAD,PCTN,"SMITH, CHARLES",3FGA,Missed Three Pointer,0,505,517,G,,,,15,06:00,35,35,
2007,RS,7,84,205,MAD,PCTN,"SMITH, CHARLES",3FGA,Missed Three Pointer,0,556,384,A,,,,15,06:00,35,35,
2007,RS,7,84,210,MAD,PTGB,"LLULL, SERGIO",2FGM,Two Pointer,2,76,10,C,,,,16,05:00,35,37,
2007,RS,7,84,215,PAN,PAGG,"BECIROVIC, SANI",FTM,Free Throw In,1,-1,-1, ,,,,16,05:00,36,37,
2007,RS,7,84,216,PAN,PAGG,"BECIROVIC, SANI",FTM,Free Throw In,1,-1,-1, ,,,,16,05:00,37,37,
2007,RS,7,84,217,MAD,PAFB,"SEKULIC, BLAGOTA",2FGM,Two Pointer,2,341,261,B,,,,16,05:00,37,39,
2007,RS,7,84,219,PAN,PAJV,"BATISTE, MICHAEL",2FGM,Two Pointer,2,-2,5,D,,,,16,05:00,39,39,
2007,RS,7,84,223,PAN,PADG,"JASIKEVICIUS, SARUNAS",2FGM,Two Pointer,2,-48,7,D,,,,17,04:00,41,39,
2007,RS,7,84,230,PAN,PADG,"JASIKEVICIUS, SARUNAS",3FGA,Missed Three Pointer,0,33,705,G,,,,18,03:00,41,39,
2007,RS,7,84,232,MAD,PTGB,"LLULL, SERGIO",2FGA,Missed Two Pointer,0,35,17,C,,,,18,03:00,41,39,
2007,RS,7,84,239,PAN,PAJV,"BATISTE, MICHAEL",2FGM,Two Pointer,2,-48,-2,D,,,,19,02:00,43,39,
2007,RS,7,84,250,PAN,PAJV,"BATISTE, MICHAEL",2FGA,Missed Two Pointer,0,-48,20,D,,,,19,02:00,43,39,
2007,RS,7,84,251,MAD,PAJO,"BULLOCK, LOUIS",3FGM,Three Pointer,3,15,679,G,,,,19,02:00,43,42,
2007,RS,7,84,254,PAN,PAGG,"BECIROVIC, SANI",FTM,Free Throw In,1,-1,-1, ,,,,19,02:00,44,42,
2007,RS,7,84,255,PAN,PAGG,"BECIROVIC, SANI",FTM,Free Throw In,1,-1,-1, ,,,,19,02:00,45,42,
2007,RS,7,84,257,MAD,PCRF,"HERVELLE, AXEL",3FGM,Three Pointer,3,-702,-33,F,,,,20,01:00,45,45,
2007,RS,7,84,259,PAN,PJUO,"SPANOULIS, VASSILIS",3FGA,Missed Three Pointer,0,94,656,G,,,,20,01:00,45,45,
2007,RS,7,84,261,MAD,PACK,"PELEKANOS, MICHALIS",2FGM,Two Pointer,2,66,17,C,,,,20,01:00,45,47,
2007,RS,7,84,268,PAN,PAJV,"BATISTE, MICHAEL",FTM,Free Throw In,1,-1,-1, ,,,,20,01:00,46,47,
2007,RS,7,84,273,MAD,PAJO,"BULLOCK, LOUIS",3FGA,Missed Three Pointer,0,-105,689,J,,,,20,01:00,46,47,
2007,RS,7,84,292,PAN,PABB,"DIKOUDIS, DEMOS",3FGA,Missed Three Pointer,0,-571,312,F,,,,21,10:00,46,47,
2007,RS,7,84,293,MAD,PAPP,"PAPADOPOULOS, LAZAROS",2FGM,Two Pointer,2,41,17,C,,,,21,10:00,46,49,
2007,RS,7,84,295,MAD,PAPP,"PAPADOPOULOS, LAZAROS",2FGA,Missed Two Pointer,0,66,223,C,,,,21,10:00,46,49,
2007,RS,7,84,297,PAN,PJUO,"SPANOULIS, VASSILIS",2FGA,Missed Two Pointer,0,-35,15,D,,,,21,10:00,46,49,
2007,RS,7,84,303,MAD,PAAX,"REYES, FELIPE",FTM,Free Throw In,1,-1,-1, ,,,,21,10:00,46,50,
2007,RS,7,84,305,PAN,PAJV,"BATISTE, MICHAEL",3FGA,Missed Three Pointer,0,653,-69,A,,,,22,09:00,46,50,
2007,RS,7,84,313,MAD,PACK,"PELEKANOS, MICHALIS",2FGM,Two Pointer,2,-43,17,D,,,,23,08:00,46,52,
2007,RS,7,84,315,PAN,PAJV,"BATISTE, MICHAEL",2FGM,Two Pointer,2,53,5,C,,,,23,08:00,48,52,
2007,RS,7,84,321,MAD,PAAX,"REYES, FELIPE",2FGA,Missed Two Pointer,0,-58,-23,D,,,,24,07:00,48,52,
2007,RS,7,84,323,PAN,PJUO,"SPANOULIS, VASSILIS",2FGAB,Missed Two Pointer,0,66,15,C,,,,24,07:00,48,52,
2007,RS,7,84,326,PAN,PABB,"DIKOUDIS, DEMOS",2FGM,Two Pointer,2,-87,5,D,,,,24,07:00,50,52,
2007,RS,7,84,327,MAD,PCTN,"SMITH, CHARLES",3FGA,Missed Three Pointer,0,-417,543,J,,,,24,07:00,50,52,
2007,RS,7,84,336,MAD,PCTN,"SMITH, CHARLES",2FGAB,Missed Two Pointer,0,-71,2,D,,,,25,06:00,50,52,
2007,RS,7,84,340,PAN,PAJV,"BATISTE, MICHAEL",2FGA,Missed Two Pointer,0,-64,15,D,,,,25,06:00,50,52,
2007,RS,7,84,344,PAN,PJUO,"SPANOULIS, VASSILIS",2FGM,Two Pointer,2,-66,15,D,,,,25,06:00,52,52,
2007,RS,7,84,363,PAN,PJUO,"SPANOULIS, VASSILIS",3FGA,Missed Three Pointer,0,-128,671,J,,,,26,05:00,52,52,
2007,RS,7,84,365,MAD,PAJO,"BULLOCK, LOUIS",2FGM,Two Pointer,2,-48,0,D,,,,26,05:00,52,54,
2007,RS,7,84,382,PAN,PTFY,"WINSTON, KENNEDY",3FGM,Three Pointer,3,600,335,A,,,,27,04:00,55,54,
2007,RS,7,84,384,MAD,PARR,"TUNCERI, KEREM",3FGM,Three Pointer,3,615,264,A,,,,27,04:00,55,57,
2007,RS,7,84,388,MAD,PCTN,"SMITH, CHARLES",2FGM,Two Pointer,2,-46,-10,D,,,,28,03:00,55,59,
2007,RS,7,84,389,PAN,PADG,"JASIKEVICIUS, SARUNAS",2FGM,Two Pointer,2,-248,461,I,,,,28,03:00,57,59,
2007,RS,7,84,390,MAD,PARR,"TUNCERI, KEREM",3FGM,Three Pointer,3,-84,666,J,,,,28,03:00,57,62,
2007,RS,7,84,392,PAN,PAPH,"ALVERTIS, FRAGISKOS",FTM,Free Throw In,1,-1,-1, ,,,,28,03:00,58,62,
2007,RS,7,84,393,PAN,PAPH,"ALVERTIS, FRAGISKOS",FTM,Free Throw In,1,-1,-1, ,,,,28,03:00,59,62,
2007,RS,7,84,396,PAN,PADG,"JASIKEVICIUS, SARUNAS",FTM,Free Throw In,1,-1,-1, ,,,,28,03:00,60,62,
2007,RS,7,84,397,PAN,PADG,"JASIKEVICIUS, SARUNAS",FTM,Free Throw In,1,-1,-1, ,,,,28,03:00,61,62,
2007,RS,7,84,402,MAD,PACK,"PELEKANOS, MICHALIS",2FGM,Two Pointer,2,-56,2,D,,,,29,02:00,61,64,
2007,RS,7,84,408,MAD,PAJO,"BULLOCK, LOUIS",FTM,Free Throw In,1,-1,-1, ,,,,29,02:00,61,65,
2007,RS,7,84,409,MAD,PAJO,"BULLOCK, LOUIS",FTM,Free Throw In,1,-1,-1, ,,,,29,02:00,61,66,
2007,RS,7,84,413,PAN,PAPH,"ALVERTIS, FRAGISKOS",FTM,Free Throw In,1,-1,-1, ,,,,30,01:00,62,66,
2007,RS,7,84,414,PAN,PAPH,"ALVERTIS, FRAGISKOS",FTM,Free Throw In,1,-1,-1, ,,,,30,01:00,63,66,
2007,RS,7,84,418,PAN,PAPH,"ALVERTIS, FRAGISKOS",2FGM,Two Pointer,2,69,-20,C,,,,30,01:00,65,66,
2007,RS,7,84,419,MAD,PACK,"PELEKANOS, MICHALIS",2FGM,Two Pointer,2,2,0,D,,,,30,01:00,65,68,
2007,RS,7,84,422,PAN,PBXE,"ZIZIC, ANDRIJA",2FGA,Missed Two Pointer,0,300,128,B,,,,30,01:00,65,68,
2007,RS,7,84,427,PAN,PADG,"JASIKEVICIUS, SARUNAS",3FGM,Three Pointer,3,487,497,G,,,,31,10:00,68,68,
2007,RS,7,84,429,MAD,PARR,"TUNCERI, KEREM",3FGA,Missed Three Pointer,0,-341,553,J,,,,31,10:00,68,68,
2007,RS,7,84,432,PAN,PADG,"JASIKEVICIUS, SARUNAS",2FGA,Missed Two Pointer,0,64,15,C,,,,32,09:00,68,68,
2007,RS,7,84,434,PAN,PBXE,"ZIZIC, ANDRIJA",2FGA,Missed Two Pointer,0,41,20,C,,,,32,09:00,68,68,
2007,RS,7,84,444,MAD,PAJO,"BULLOCK, LOUIS",3FGA,Missed Three Pointer,0,179,630,G,,,,32,09:00,68,68,
2007,RS,7,84,454,PAN,PAPH,"ALVERTIS, FRAGISKOS",3FGM,Three Pointer,3,184,623,G,,,,33,08:00,71,68,
2007,RS,7,84,460,MAD,PAJO,"BULLOCK, LOUIS",FTM,Free Throw In,1,-1,-1, ,,,,33,08:00,71,69,
2007,RS,7,84,461,MAD,PAJO,"BULLOCK, LOUIS",FTM,Free Throw In,1,-1,-1, ,,,,33,08:00,71,70,
2007,RS,7,84,462,PAN,PADG,"JASIKEVICIUS, SARUNAS",2FGAB,Missed Two Pointer,0,-1,-1, ,,,,33,08:00,71,70,
2007,RS,7,84,465,PAN,PAPH,"ALVERTIS, FRAGISKOS",3FGA,Missed Three Pointer,0,2,689,G,,,,33,08:00,71,70,
2007,RS,7,84,466,PAN,PAGG,"BECIROVIC, SANI",3FGA,Missed Three Pointer,0,56,694,G,,,,33,08:00,71,70,
2007,RS,7,84,467,MAD,PARR,"TUNCERI, KEREM",2FGA,Missed Two Pointer,0,-38,15,D,,,,33,08:00,71,70,
2007,RS,7,84,468,MAD,PAAX,"REYES, FELIPE",2FGM,Two Pointer,2,-5,2,D,,,,33,08:00,71,72,
2007,RS,7,84,471,MAD,PAJO,"BULLOCK, LOUIS",FTM,Free Throw In,1,-1,-1, ,,,,33,08:00,71,73,
2007,RS,7,84,472,MAD,PAJO,"BULLOCK, LOUIS",FTM,Free Throw In,1,-1,-1, ,,,,33,08:00,71,74,
2007,RS,7,84,479,PAN,PJKO,"DIAMANTIDIS, DIMITRIS",3FGA,Missed Three Pointer,0,-41,705,J,,,,35,06:00,71,74,
2007,RS,7,84,484,MAD,PACK,"PELEKANOS, MICHALIS",FTM,Free Throw In,1,-1,-1, ,,,,35,06:00,71,75,
2007,RS,7,84,485,PAN,PAPH,"ALVERTIS, FRAGISKOS",3FGA,Missed Three Pointer,0,-451,538,J,,,,35,06:00,71,75,
2007,RS,7,84,487,MAD,PAAX,"REYES, FELIPE",2FGA,Missed Two Pointer,0,415,25,B,,,,35,06:00,71,75,
2007,RS,7,84,496,PAN,PJKO,"DIAMANTIDIS, DIMITRIS",3FGA,Missed Three Pointer,0,-256,671,J,,,,36,05:00,71,75,
2007,RS,7,84,498,MAD,PCRF,"HERVELLE, AXEL",2FGM,Two Pointer,2,-56,-5,D,,,,36,05:00,71,77,
2007,RS,7,84,499,MAD,PAFB,"SEKULIC, BLAGOTA",2FGA,Missed Two Pointer,0,-33,0,D,,,,36,05:00,71,77,
2007,RS,7,84,501,PAN,PJKO,"DIAMANTIDIS, DIMITRIS",3FGM,Three Pointer,3,-64,692,J,,,,36,05:00,74,77,
2007,RS,7,84,504,MAD,PAJO,"BULLOCK, LOUIS",3FGA,Missed Three Pointer,0,438,510,G,,,,37,04:00,74,77,
2007,RS,7,84,506,MAD,PACK,"PELEKANOS, MICHALIS",2FGA,Missed Two Pointer,0,-66,-2,D,,,,37,04:00,74,77,
2007,RS,7,84,510,PAN,PAJV,"BATISTE, MICHAEL",FTM,Free Throw In,1,-1,-1, ,,,,37,04:00,75,77,
2007,RS,7,84,511,PAN,PAJV,"BATISTE, MICHAEL",FTM,Free Throw In,1,-1,-1, ,,,,37,04:00,76,77,
2007,RS,7,84,512,MAD,PAJO,"BULLOCK, LOUIS",2FGAB,Missed Two Pointer,0,-53,38,D,,,,37,04:00,76,77,
2007,RS,7,84,518,MAD,PARR,"TUNCERI, KEREM",3FGM,Three Pointer,3,471,456,G,,,,37,04:00,76,80,
2007,RS,7,84,520,PAN,PAGG,"BECIROVIC, SANI",3FGM,Three Pointer,3,-69,687,J,,,,38,03:00,79,80,
2007,RS,7,84,528,PAN,PADG,"JASIKEVICIUS, SARUNAS",2FGM,Two Pointer,2,41,25,C,,,,38,03:00,81,80,
2007,RS,7,84,534,PAN,PAJV,"BATISTE, MICHAEL",2FGM,Two Pointer,2,-328,289,E,,,,39,02:00,83,80,
2007,RS,7,84,539,MAD,PACK,"PELEKANOS, MICHALIS",FTM,Free Throw In,1,-1,-1, ,,,,39,02:00,83,81,
2007,RS,7,84,544,PAN,PADG,"JASIKEVICIUS, SARUNAS",FTM,Free Throw In,1,-1,-1, ,,,,39,02:00,84,81,
2007,RS,7,84,545,PAN,PADG,"JASIKEVICIUS, SARUNAS",FTM,Free Throw In,1,-1,-1, ,,,,39,02:00,85,81,
2007,RS,7,84,547,MAD,PAIT,"LOPEZ, RAUL",3FGA,Missed Three Pointer,0,-625,279,F,,,,40,01:00,85,81,
2007,RS,7,84,549,PAN,PJUO,"SPANOULIS, VASSILIS",3FGM,Three Pointer,3,441,566,G,,,,40,01:00,88,81,
2007,RS,7,84,551,MAD,PAIT,"LOPEZ, RAUL",2FGA,Missed Two Pointer,0,207,466,H,,,,40,01:00,88,81,
2007,RS,7,84,554,MAD,PAAX,"REYES, FELIPE",FTM,Free Throw In,1,-1,-1, ,,,,40,01:00,88,82,
2007,RS,7,84,555,MAD,PAAX,"REYES, FELIPE",FTM,Free Throw In,1,-1,-1, ,,,,40,01:00,88,83,
2007,RS,7,84,562,PAN,PADG,"JASIKEVICIUS, SARUNAS",FTM,Free Throw In,1,-1,-1, ,,,,40,01:00,89,83,
2007,RS,7,84,563,PAN,PADG,"JASIKEVICIUS, SARUNAS",FTM,Free Throw In,1,-1,-1, ,,,,40,01:00,90,83,
2007,RS,7,84,566,MAD,PTGB,"LLULL, SERGIO",FTM,Free Throw In,1,-1,-1, ,,,,40,01:00,90,84,
2007,RS,7,84,567,MAD,PTGB,"LLULL, SERGIO",FTM,Free Throw In,1,-1,-1, ,,,,40,01:00,90,85,
2007,RS,7,84,568,PAN,PAJV,"BATISTE, MICHAEL",2FGM,Two Pointer,2,7,2,C,,,,40,01:00,92,85,
2007,RS,8,85,3,OLY,PTFV,"WOODS, QYNTEL",3FGA,Missed Three Pointer,0,587,366,A,,,,1,10:00,0,0,
2007,RS,8,85,7,BAS,PAFP,"PLANINIC, ZORAN",FTM,Free Throw In,1,-1,-1, ,,,,1,10:00,1,0,
2007,RS,8,85,8,BAS,PAFP,"PLANINIC, ZORAN",FTM,Free Throw In,1,-1,-1, ,,,,1,10:00,2,0,
2007,RS,8,85,9,OLY,PJDR,"TEODOSIC, MILOS",2FGA,Missed Two Pointer,0,274,71,B,,,,1,10:00,2,0,
2007,RS,8,85,11,BAS,PJWO,"MICKEAL, PETE",3FGA,Missed Three Pointer,0,533,423,A,,,,1,10:00,2,0,
2007,RS,8,85,19,OLY,PTFV,"WOODS, QYNTEL",2FGM,Two Pointer,2,5,15,C,,,,2,09:00,2,2,
2007,RS,8,85,21,BAS,PJZJ,"TELETOVIC, MIRZA",3FGM,Three Pointer,3,-2,661,J,,,,2,09:00,5,2,
2007,RS,8,85,23,OLY,PAQU,"BOUROUSIS, IOANNIS",3FGA,Missed Three Pointer,0,-679,2,F,,,,3,08:00,5,2,
2007,RS,8,85,31,BAS,PANB,"RAKOCEVIC, IGOR",2FGA,Missed Two Pointer,0,-156,200,D,,,,3,08:00,5,2,
2007,RS,8,85,33,OLY,PTFV,"WOODS, QYNTEL",2FGM,Two Pointer,2,292,33,B,,,,3,08:00,5,4,
2007,RS,8,85,35,BAS,PJZJ,"TELETOVIC, MIRZA",2FGM,Two Pointer,2,92,92,C,,,,4,07:00,7,4,
2007,RS,8,85,38,OLY,PJRF,"VASILOPOULOS, PANAGIOTIS",3FGA,Missed Three Pointer,0,674,-48,A,,,,4,07:00,7,4,
2007,RS,8,85,40,OLY,P000126,"JACKSON, MARC",2FGA,Missed Two Pointer,0,-292,179,E,,,,4,07:00,7,4,
2007,RS,8,85,42,BAS,PJWO,"MICKEAL, PETE",2FGA,Missed Two Pointer,0,146,-35,C,,,,4,07:00,7,4,
2007,RS,8,85,44,BAS,PJWO,"MICKEAL, PETE",2FGM,Two Pointer,2,12,76,C,,,,4,07:00,9,4,
2007,RS,8,85,46,OLY,PJRF,"VASILOPOULOS, PANAGIOTIS",2FGM,Two Pointer,2,-23,358,D,,,,5,06:00,9,6,
2007,RS,8,85,51,BAS,PANB,"RAKOCEVIC, IGOR",3FGM,Three Pointer,3,-661,-23,F,,,,5,06:00,12,6,
2007,RS,8,85,52,OLY,PJRF,"VASILOPOULOS, PANAGIOTIS",2FGA,Missed Two Pointer,0,412,51,B,,,,5,06:00,12,6,
2007,RS,8,85,62,BAS,PJZJ,"TELETOVIC, MIRZA",2FGM,Two Pointer,2,97,25,C,,,,6,05:00,14,6,
2007,RS,8,85,64,OLY,PALG,"VASILIADIS, KOSTAS",3FGM,Three Pointer,3,653,-43,A,,,,6,05:00,14,9,
2007,RS,8,85,71,OLY,PJDR,"TEODOSIC, MILOS",3FGA,Missed Three Pointer,0,-374,571,J,,,,7,04:00,14,9,
2007,RS,8,85,73,BAS,PJWO,"MICKEAL, PETE",2FGM,Two Pointer,2,-5,5,D,,,,7,04:00,16,9,
2007,RS,8,85,76,OLY,PJRF,"VASILOPOULOS, PANAGIOTIS",2FGAB,Missed Two Pointer,0,-100,38,D,,,,8,03:00,16,9,
2007,RS,8,85,80,OLY,PALG,"VASILIADIS, KOSTAS",3FGA,Missed Three Pointer,0,-251,620,J,,,,8,03:00,16,9,
2007,RS,8,85,83,BAS,PJZJ,"TELETOVIC, MIRZA",3FGM,Three Pointer,3,-615,253,F,,,,8,03:00,19,9,
2007,RS,8,85,85,OLY,P000126,"JACKSON, MARC",2FGM,Two Pointer,2,-7,82,D,,,,8,03:00,19,11,
2007,RS,8,85,86,BAS,PANB,"RAKOCEVIC, IGOR",3FGM,Three Pointer,3,102,674,G,,,,8,03:00,22,11,
2007,RS,8,85,88,OLY,PTFV,"WOODS, QYNTEL",3FGA,Missed Three Pointer,0,-310,615,J,,,,9,02:00,22,11,
2007,RS,8,85,90,BAS,PANB,"RAKOCEVIC, IGOR",3FGA,Missed Three Pointer,0,-223,641,J,,,,9,02:00,22,11,
2007,RS,8,85,93,OLY,PALG,"VASILIADIS, KOSTAS",3FGM,Three Pointer,3,-643,200,F,,,,9,02:00,22,14,
2007,RS,8,85,103,BAS,PANB,"RAKOCEVIC, IGOR",FTM,Free Throw In,1,-1,-1, ,,,,10,01:00,23,14,
2007,RS,8,85,104,BAS,PANB,"RAKOCEVIC, IGOR",FTM,Free Throw In,1,-1,-1, ,,,,10,01:00,24,14,
2007,RS,8,85,109,OLY,PBFY,"BLAKNEY, RODERICK",3FGA,Missed Three Pointer,0,207,664,G,,,,10,01:00,24,14,
2007,RS,8,85,115,BAS,P000343,"JOHNSON, LINTON",FTM,Free Throw In,1,-1,-1, ,,,,10,01:00,25,14,
2007,RS,8,85,126,BAS,PAJK,"VIDAL, SERGI",3FGA,Missed Three Pointer,0,328,594,G,,,,10,01:00,25,14,
2007,RS,8,85,135,BAS,P000343,"JOHNSON, LINTON",3FGA,Missed Three Pointer,0,-492,448,J,,,,11,10:00,25,14,
2007,RS,8,85,139,BAS,PAFP,"PLANINIC, ZORAN",2FGM,Two Pointer,2,-46,176,D,,,,11,10:00,27,14,
2007,RS,8,85,145,OLY,PCBV,"MACIJAUSKAS, ARVYDAS",FTM,Free Throw In,1,-1,-1, ,,,,12,09:00,27,15,
2007,RS,8,85,146,OLY,PCBV,"MACIJAUSKAS, ARVYDAS",FTM,Free Throw In,1,-1,-1, ,,,,12,09:00,27,16,
2007,RS,8,85,149,BAS,PAFP,"PLANINIC, ZORAN",2FGA,Missed Two Pointer,0,-2,128,D,,,,12,09:00,27,16,
2007,RS,8,85,151,OLY,PCBV,"MACIJAUSKAS, ARVYDAS",2FGM,Two Pointer,2,-82,48,D,,,,12,09:00,27,18,
2007,RS,8,85,152,BAS,PJWO,"MICKEAL, PETE",2FGA,Missed Two Pointer,0,-15,148,D,,,,12,09:00,27,18,
2007,RS,8,85,154,OLY,PBFY,"BLAKNEY, RODERICK",2FGM,Two Pointer,2,397,394,B,,,,12,09:00,27,20,
2007,RS,8,85,158,BAS,PBVC,"JASAITIS, SIMAS",2FGA,Missed Two Pointer,0,246,192,B,,,,13,08:00,27,20,
2007,RS,8,85,165,OLY,PTFV,"WOODS, QYNTEL",2FGA,Missed Two Pointer,0,-164,130,D,,,,13,08:00,27,20,
2007,RS,8,85,168,BAS,PAFP,"PLANINIC, ZORAN",3FGM,Three Pointer,3,-353,561,J,,,,14,07:00,30,20,
2007,RS,8,85,169,OLY,PBFY,"BLAKNEY, RODERICK",2FGM,Two Pointer,2,87,53,C,,,,14,07:00,30,22,
2007,RS,8,85,174,OLY,PTFV,"WOODS, QYNTEL",3FGA,Missed Three Pointer,0,-420,543,J,,,,14,07:00,30,22,
2007,RS,8,85,178,BAS,PBVC,"JASAITIS, SIMAS",2FGM,Two Pointer,2,-69,2,D,,,,15,06:00,32,22,
2007,RS,8,85,179,OLY,PTFV,"WOODS, QYNTEL",3FGA,Missed Three Pointer,0,-371,571,J,,,,15,06:00,32,22,
2007,RS,8,85,182,OLY,P000126,"JACKSON, MARC",2FGM,Two Pointer,2,84,25,C,,,,15,06:00,32,24,
2007,RS,8,85,184,BAS,P000343,"JOHNSON, LINTON",2FGA,Missed Two Pointer,0,197,228,C,,,,15,06:00,32,24,
2007,RS,8,85,201,BAS,PANB,"RAKOCEVIC, IGOR",3FGA,Missed Three Pointer,0,525,430,G,,,,16,05:00,32,24,
2007,RS,8,85,212,OLY,PTFV,"WOODS, QYNTEL",FTM,Free Throw In,1,-1,-1, ,,,,16,05:00,32,25,
2007,RS,8,85,213,OLY,PTFV,"WOODS, QYNTEL",FTM,Free Throw In,1,-1,-1, ,,,,16,05:00,32,26,
2007,RS,8,85,214,OLY,P000126,"JACKSON, MARC",FTM,Free Throw In,1,-1,-1, ,,,,16,05:00,32,27,
2007,RS,8,85,215,OLY,P000126,"JACKSON, MARC",FTM,Free Throw In,1,-1,-1, ,,,,16,05:00,32,28,
2007,RS,8,85,217,OLY,P000126,"JACKSON, MARC",2FGM,Two Pointer,2,-71,10,D,,,,16,05:00,32,30,
2007,RS,8,85,218,BAS,PJTT,"MCDONALD, WILL",2FGAB,Missed Two Pointer,0,69,48,C,,,,16,05:00,32,30,
2007,RS,8,85,222,BAS,PBVC,"JASAITIS, SIMAS",2FGM,Two Pointer,2,87,7,C,,,,16,05:00,34,30,
2007,RS,8,85,223,OLY,P000126,"JACKSON, MARC",2FGA,Missed Two Pointer,0,-105,25,D,,,,16,05:00,34,30,
2007,RS,8,85,226,BAS,PJZJ,"TELETOVIC, MIRZA",3FGA,Missed Three Pointer,0,-23,679,J,,,,17,04:00,34,30,
2007,RS,8,85,232,OLY,PCBV,"MACIJAUSKAS, ARVYDAS",FTM,Free Throw In,1,-1,-1, ,,,,17,04:00,34,31,
2007,RS,8,85,233,OLY,PCBV,"MACIJAUSKAS, ARVYDAS",FTM,Free Throw In,1,-1,-1, ,,,,17,04:00,34,32,
2007,RS,8,85,238,OLY,PTFV,"WOODS, QYNTEL",2FGM,Two Pointer,2,2,10,D,,,,18,03:00,34,34,
2007,RS,8,85,242,OLY,PCBV,"MACIJAUSKAS, ARVYDAS",2FGM,Two Pointer,2,38,23,C,,,,18,03:00,34,36,
2007,RS,8,85,247,OLY,PCBV,"MACIJAUSKAS, ARVYDAS",2FGAB,Missed Two Pointer,0,-28,48,D,,,,18,03:00,34,36,
2007,RS,8,85,254,BAS,PCBY,"SPLITTER, TIAGO",2FGM,Two Pointer,2,-61,7,D,,,,19,02:00,36,36,
2007,RS,8,85,259,OLY,P000126,"JACKSON, MARC",FTM,Free Throw In,1,-1,-1, ,,,,19,02:00,36,37,
2007,RS,8,85,260,OLY,P000126,"JACKSON, MARC",FTM,Free Throw In,1,-1,-1, ,,,,19,02:00,36,38,
2007,RS,8,85,261,BAS,PANB,"RAKOCEVIC, IGOR",3FGA,Missed Three Pointer,0,623,282,A,,,,19,02:00,36,38,
2007,RS,8,85,267,BAS,PANB,"RAKOCEVIC, IGOR",2FGA,Missed Two Pointer,0,-64,71,D,,,,20,01:00,36,38,
2007,RS,8,85,269,OLY,P000126,"JACKSON, MARC",3FGA,Missed Three Pointer,0,33,674,G,,,,20,01:00,36,38,
2007,RS,8,85,271,BAS,PJWO,"MICKEAL, PETE",3FGA,Missed Three Pointer,0,110,666,G,,,,20,01:00,36,38,
2007,RS,8,85,278,OLY,PTFV,"WOODS, QYNTEL",2FGM,Two Pointer,2,-12,333,D,,,,21,10:00,36,40,
2007,RS,8,85,279,BAS,PJZJ,"TELETOVIC, MIRZA",3FGA,Missed Three Pointer,0,315,605,G,,,,21,10:00,36,40,
2007,RS,8,85,281,OLY,P000126,"JACKSON, MARC",2FGA,Missed Two Pointer,0,53,376,C,,,,21,10:00,36,40,
2007,RS,8,85,287,OLY,PBFY,"BLAKNEY, RODERICK",2FGM,Two Pointer,2,-82,10,D,,,,22,09:00,36,42,
2007,RS,8,85,288,BAS,PJWO,"MICKEAL, PETE",2FGM,Two Pointer,2,61,41,C,,,,22,09:00,38,42,
2007,RS,8,85,289,OLY,P000126,"JACKSON, MARC",2FGA,Missed Two Pointer,0,-7,17,D,,,,22,09:00,38,42,
2007,RS,8,85,292,BAS,PANB,"RAKOCEVIC, IGOR",2FGM,Two Pointer,2,392,25,B,,,,22,09:00,40,42,
2007,RS,8,85,298,OLY,PCBV,"MACIJAUSKAS, ARVYDAS",3FGM,Three Pointer,3,-361,566,J,,,,23,08:00,40,45,
2007,RS,8,85,301,OLY,PCBV,"MACIJAUSKAS, ARVYDAS",2FGM,Two Pointer,2,61,28,C,,,,23,08:00,40,47,
2007,RS,8,85,306,OLY,PCBV,"MACIJAUSKAS, ARVYDAS",FTM,Free Throw In,1,-1,-1, ,,,,23,08:00,40,48,
2007,RS,8,85,308,BAS,PJZJ,"TELETOVIC, MIRZA",2FGA,Missed Two Pointer,0,-217,128,D,,,,24,07:00,40,48,
2007,RS,8,85,310,BAS,PCBX,"PRIGIONI, PABLO",3FGM,Three Pointer,3,466,482,G,,,,24,07:00,43,48,
2007,RS,8,85,311,OLY,PAQU,"BOUROUSIS, IOANNIS",2FGM,Two Pointer,2,-117,51,D,,,,24,07:00,43,50,
2007,RS,8,85,312,BAS,PJTT,"MCDONALD, WILL",2FGM,Two Pointer,2,194,338,C,,,,24,07:00,45,50,
2007,RS,8,85,314,OLY,PAQU,"BOUROUSIS, IOANNIS",2FGA,Missed Two Pointer,0,-217,156,D,,,,25,06:00,45,50,
2007,RS,8,85,316,BAS,PJWO,"MICKEAL, PETE",2FGA,Missed Two Pointer,0,-15,128,D,,,,25,06:00,45,50,
2007,RS,8,85,318,BAS,PCBX,"PRIGIONI, PABLO",3FGA,Missed Three Pointer,0,510,441,G,,,,25,06:00,45,50,
2007,RS,8,85,327,BAS,PJTT,"MCDONALD, WILL",2FGM,Two Pointer,2,-71,35,D,,,,25,06:00,47,50,
2007,RS,8,85,330,BAS,PJTT,"MCDONALD, WILL",FTM,Free Throw In,1,-1,-1, ,,,,25,06:00,48,50,
2007,RS,8,85,336,OLY,PCBV,"MACIJAUSKAS, ARVYDAS",2FGAB,Missed Two Pointer,0,-123,41,D,,,,26,05:00,48,50,
2007,RS,8,85,342,BAS,PJWO,"MICKEAL, PETE",FTM,Free Throw In,1,-1,-1, ,,,,26,05:00,49,50,
2007,RS,8,85,343,BAS,PJWO,"MICKEAL, PETE",FTM,Free Throw In,1,-1,-1, ,,,,26,05:00,50,50,
2007,RS,8,85,349,BAS,PJWO,"MICKEAL, PETE",2FGM,Two Pointer,2,2,2,D,,,,27,04:00,52,50,
2007,RS,8,85,351,OLY,PBFY,"BLAKNEY, RODERICK",2FGM,Two Pointer,2,-61,35,D,,,,27,04:00,52,52,
2007,RS,8,85,355,BAS,PJZJ,"TELETOVIC, MIRZA",FTM,Free Throw In,1,-1,-1, ,,,,27,04:00,53,52,
2007,RS,8,85,357,BAS,PJZJ,"TELETOVIC, MIRZA",FTM,Free Throw In,1,-1,-1, ,,,,27,04:00,54,52,
2007,RS,8,85,365,BAS,PCBX,"PRIGIONI, PABLO",3FGM,Three Pointer,3,-387,584,J,,,,28,03:00,57,52,
2007,RS,8,85,367,BAS,PJZJ,"TELETOVIC, MIRZA",3FGA,Missed Three Pointer,0,-458,525,J,,,,28,03:00,57,52,
2007,RS,8,85,370,OLY,P000126,"JACKSON, MARC",2FGM,Two Pointer,2,-451,-2,E,,,,28,03:00,57,54,
2007,RS,8,85,372,BAS,PAJK,"VIDAL, SERGI",3FGA,Missed Three Pointer,0,-666,79,F,,,,29,02:00,57,54,
2007,RS,8,85,374,OLY,PBFY,"BLAKNEY, RODERICK",3FGM,Three Pointer,3,-379,561,J,,,,29,02:00,57,57,
2007,RS,8,85,375,BAS,PJWO,"MICKEAL, PETE",3FGA,Missed Three Pointer,0,-41,702,J,,,,29,02:00,57,57,
2007,RS,8,85,377,OLY,PBFY,"BLAKNEY, RODERICK",2FGM,Two Pointer,2,228,169,C,,,,29,02:00,57,59,
2007,RS,8,85,380,BAS,PCBX,"PRIGIONI, PABLO",3FGA,Missed Three Pointer,0,-658,89,F,,,,30,01:00,57,59,
2007,RS,8,85,382,BAS,PJWO,"MICKEAL, PETE",2FGA,Missed Two Pointer,0,-58,107,D,,,,30,01:00,57,59,
2007,RS,8,85,386,BAS,PJZJ,"TELETOVIC, MIRZA",3FGA,Missed Three Pointer,0,-643,279,F,,,,30,01:00,57,59,
2007,RS,8,85,388,OLY,PCBV,"MACIJAUSKAS, ARVYDAS",3FGA,Missed Three Pointer,0,315,589,G,,,,30,01:00,57,59,
2007,RS,8,85,390,OLY,PTFW,"TSAKALIDIS, JAKE",2FGA,Missed Two Pointer,0,-153,28,D,,,,30,01:00,57,59,
2007,RS,8,85,403,BAS,PJWO,"MICKEAL, PETE",FTM,Free Throw In,1,-1,-1, ,,,,31,10:00,58,59,
2007,RS,8,85,404,BAS,PJWO,"MICKEAL, PETE",FTM,Free Throw In,1,-1,-1, ,,,,31,10:00,59,59,
2007,RS,8,85,405,OLY,P000126,"JACKSON, MARC",3FGA,Missed Three Pointer,0,-512,410,F,,,,31,10:00,59,59,
2007,RS,8,85,407,BAS,PAJK,"VIDAL, SERGI",2FGM,Two Pointer,2,-74,48,D,,,,31,10:00,61,59,
2007,RS,8,85,408,OLY,PTFV,"WOODS, QYNTEL",2FGA,Missed Two Pointer,0,-153,100,D,,,,31,10:00,61,59,
2007,RS,8,85,411,OLY,P000126,"JACKSON, MARC",2FGA,Missed Two Pointer,0,-17,451,I,,,,32,09:00,61,59,
2007,RS,8,85,413,BAS,PJZJ,"TELETOVIC, MIRZA",3FGA,Missed Three Pointer,0,364,648,G,,,,32,09:00,61,59,
2007,RS,8,85,415,OLY,PJDR,"TEODOSIC, MILOS",3FGA,Missed Three Pointer,0,-241,648,J,,,,32,09:00,61,59,
2007,RS,8,85,422,BAS,PAFP,"PLANINIC, ZORAN",2FGM,Two Pointer,2,102,46,C,,,,33,08:00,63,59,
2007,RS,8,85,429,BAS,PAJK,"VIDAL, SERGI",3FGA,Missed Three Pointer,0,-341,602,J,,,,33,08:00,63,59,
2007,RS,8,85,432,BAS,PJZJ,"TELETOVIC, MIRZA",3FGM,Three Pointer,3,28,679,G,,,,34,07:00,66,59,
2007,RS,8,85,443,BAS,PAJK,"VIDAL, SERGI",FTM,Free Throw In,1,-1,-1, ,,,,34,07:00,67,59,
2007,RS,8,85,444,BAS,PAJK,"VIDAL, SERGI",FTM,Free Throw In,1,-1,-1, ,,,,34,07:00,68,59,
2007,RS,8,85,450,OLY,P000126,"JACKSON, MARC",3FGA,Missed Three Pointer,0,-282,615,J,,,,35,06:00,68,59,
2007,RS,8,85,452,BAS,PAFP,"PLANINIC, ZORAN",2FGA,Missed Two Pointer,0,0,135,D,,,,35,06:00,68,59,
2007,RS,8,85,467,BAS,PJTT,"MCDONALD, WILL",2FGA,Missed Two Pointer,0,-46,76,D,,,,35,06:00,68,59,
2007,RS,8,85,474,BAS,PJWO,"MICKEAL, PETE",2FGA,Missed Two Pointer,0,-87,33,D,,,,36,05:00,68,59,
2007,RS,8,85,481,OLY,PTFW,"TSAKALIDIS, JAKE",FTM,Free Throw In,1,-1,-1, ,,,,36,05:00,68,60,
2007,RS,8,85,482,OLY,PTFW,"TSAKALIDIS, JAKE",FTM,Free Throw In,1,-1,-1, ,,,,36,05:00,68,61,
2007,RS,8,85,483,BAS,P000343,"JOHNSON, LINTON",2FGA,Missed Two Pointer,0,-251,115,E,,,,36,05:00,68,61,
2007,RS,8,85,486,OLY,PTFV,"WOODS, QYNTEL",2FGA,Missed Two Pointer,0,164,466,H,,,,37,04:00,68,61,
2007,RS,8,85,491,OLY,P000126,"JACKSON, MARC",2FGA,Missed Two Pointer,0,7,435,H,,,,37,04:00,68,61,
2007,RS,8,85,493,BAS,PJTT,"MCDONALD, WILL",2FGA,Missed Two Pointer,0,-174,400,D,,,,37,04:00,68,61,
2007,RS,8,85,496,BAS,PJTT,"MCDONALD, WILL",2FGAB,Missed Two Pointer,0,215,35,C,,,,38,03:00,68,61,
2007,RS,8,85,512,BAS,PJZJ,"TELETOVIC, MIRZA",3FGA,Missed Three Pointer,0,523,420,A,,,,38,03:00,68,61,
2007,RS,8,85,515,OLY,PCBV,"MACIJAUSKAS, ARVYDAS",3FGA,Missed Three Pointer,0,-276,628,J,,,,39,02:00,68,61,
2007,RS,8,85,525,OLY,PTFW,"TSAKALIDIS, JAKE",2FGA,Missed Two Pointer,0,148,125,C,,,,39,02:00,68,61,
2007,RS,8,85,528,BAS,PJZJ,"TELETOVIC, MIRZA",2FGM,Two Pointer,2,61,48,C,,,,40,01:00,70,61,
2007,RS,8,85,529,OLY,PJDR,"TEODOSIC, MILOS",3FGM,Three Pointer,3,294,669,G,,,,40,01:00,70,64,
2007,RS,8,85,531,BAS,PJZJ,"TELETOVIC, MIRZA",2FGM,Two Pointer,2,-61,43,D,,,,40,01:00,72,64,
2007,RS,8,85,535,OLY,PJDR,"TEODOSIC, MILOS",2FGA,Missed Two Pointer,0,79,66,C,,,,40,01:00,72,64,
2007,RS,8,85,537,BAS,PAFP,"PLANINIC, ZORAN",3FGM,Three Pointer,3,-330,612,J,,,,40,01:00,75,64,
2007,RS,8,86,2,ZAL,PJCC,"MACIULIS, JONAS",3FGM,Three Pointer,3,38,725,G,,,,1,10:00,3,0,
2007,RS,8,86,4,VIR,PTGL,"HOLLAND, DELONTE",3FGAB,Missed Three Pointer,0,-430,587,J,,,,1,10:00,3,0,
2007,RS,8,86,8,ZAL,PADX,"ZUKAUSKAS, EURELIJUS",2FGAB,Missed Two Pointer,0,179,35,C,,,,1,10:00,3,0,
2007,RS,8,86,12,ZAL,PBDB,"COLLINS, DeJUAN",2FGA,Missed Two Pointer,0,376,133,B,,,,2,09:00,3,0,
2007,RS,8,86,13,VIR,PTGL,"HOLLAND, DELONTE",2FGM,Two Pointer,2,-110,87,D,,,,2,09:00,3,2,
2007,RS,8,86,16,VIR,PTGV,"ANDERSON, ALAN",2FGM,Two Pointer,2,-33,87,D,,,,2,09:00,3,4,
2007,RS,8,86,22,VIR,PTGL,"HOLLAND, DELONTE",FTM,Free Throw In,1,-1,-1, ,,,,3,08:00,3,5,
2007,RS,8,86,23,VIR,PTGL,"HOLLAND, DELONTE",FTM,Free Throw In,1,-1,-1, ,,,,3,08:00,3,6,
2007,RS,8,86,26,ZAL,PAHT,"BROWN, MARCUS",2FGM,Two Pointer,2,97,115,C,,,,3,08:00,5,6,
2007,RS,8,86,27,VIR,PTGQ,"DI BELLA, FABIO",3FGM,Three Pointer,3,446,564,G,,,,3,08:00,5,9,
2007,RS,8,86,30,ZAL,PJCC,"MACIULIS, JONAS",2FGA,Missed Two Pointer,0,15,117,C,,,,4,07:00,5,9,
2007,RS,8,86,34,ZAL,PJCC,"MACIULIS, JONAS",FTM,Free Throw In,1,-1,-1, ,,,,4,07:00,6,9,
2007,RS,8,86,35,ZAL,PJCC,"MACIULIS, JONAS",FTM,Free Throw In,1,-1,-1, ,,,,4,07:00,7,9,
2007,RS,8,86,36,VIR,PBEW,"CHIACIG, ROBERTO",2FGA,Missed Two Pointer,0,143,371,C,,,,4,07:00,7,9,
2007,RS,8,86,40,ZAL,PAHT,"BROWN, MARCUS",2FGM,Two Pointer,2,102,56,C,,,,4,07:00,9,9,
2007,RS,8,86,41,VIR,PBXA,"GIOVANNONI, GUILHERME",2FGA,Missed Two Pointer,0,-138,74,D,,,,4,07:00,9,9,
2007,RS,8,86,47,VIR,PTGL,"HOLLAND, DELONTE",2FGA,Missed Two Pointer,0,464,25,B,,,,5,06:00,9,9,
2007,RS,8,86,49,ZAL,PBWI,"JANKUNAS, PAULIUS",2FGM,Two Pointer,2,-56,66,D,,,,5,06:00,11,9,
2007,RS,8,86,51,VIR,PBEW,"CHIACIG, ROBERTO",2FGA,Missed Two Pointer,0,-74,46,D,,,,5,06:00,11,9,
2007,RS,8,86,53,ZAL,PJCC,"MACIULIS, JONAS",2FGM,Two Pointer,2,0,12,D,,,,5,06:00,13,9,
2007,RS,8,86,56,VIR,PTGL,"HOLLAND, DELONTE",2FGA,Missed Two Pointer,0,43,28,C,,,,6,05:00,13,9,
2007,RS,8,86,63,ZAL,PJCC,"MACIULIS, JONAS",2FGAB,Missed Two Pointer,0,-66,33,D,,,,6,05:00,13,9,
2007,RS,8,86,67,ZAL,PBDB,"COLLINS, DeJUAN",3FGA,Missed Three Pointer,0,-361,602,J,,,,6,05:00,13,9,
2007,RS,8,86,71,ZAL,PAHT,"BROWN, MARCUS",3FGA,Missed Three Pointer,0,-669,-20,F,,,,6,05:00,13,9,
2007,RS,8,86,74,VIR,PTGO,"CROSARIOL, ANDREA",2FGM,Two Pointer,2,64,0,C,,,,7,04:00,13,11,
2007,RS,8,86,78,ZAL,PAHT,"BROWN, MARCUS",FTM,Free Throw In,1,-1,-1, ,,,,7,04:00,14,11,
2007,RS,8,86,79,ZAL,PAHT,"BROWN, MARCUS",FTM,Free Throw In,1,-1,-1, ,,,,7,04:00,15,11,
2007,RS,8,86,80,VIR,PTGQ,"DI BELLA, FABIO",2FGM,Two Pointer,2,-82,35,D,,,,7,04:00,15,13,
2007,RS,8,86,83,ZAL,PBDB,"COLLINS, DeJUAN",2FGM,Two Pointer,2,-64,25,D,,,,7,04:00,17,13,
2007,RS,8,86,85,VIR,PTGL,"HOLLAND, DELONTE",3FGA,Missed Three Pointer,0,425,587,G,,,,8,03:00,17,13,
2007,RS,8,86,87,VIR,PTGO,"CROSARIOL, ANDREA",2FGM,Two Pointer,2,28,43,C,,,,8,03:00,17,15,
2007,RS,8,86,88,ZAL,PAHT,"BROWN, MARCUS",3FGM,Three Pointer,3,566,946,G,,,,8,03:00,20,15,
2007,RS,8,86,91,VIR,P000672,"MC GRATH, DONALD MICHAEL",3FGA,Missed Three Pointer,0,-282,638,J,,,,9,02:00,20,15,
2007,RS,8,86,97,ZAL,PAHT,"BROWN, MARCUS",2FGA,Missed Two Pointer,0,-87,158,D,,,,9,02:00,20,15,
2007,RS,8,86,99,ZAL,P000127,"BRADLEY, MICHAEL",2FGM,Two Pointer,2,-94,138,D,,,,9,02:00,22,15,
2007,RS,8,86,104,VIR,PTGO,"CROSARIOL, ANDREA",2FGM,Two Pointer,2,53,43,C,,,,9,02:00,22,17,
2007,RS,8,86,106,ZAL,P000127,"BRADLEY, MICHAEL",2FGM,Two Pointer,2,71,41,C,,,,10,01:00,24,17,
2007,RS,8,86,109,ZAL,PBDB,"COLLINS, DeJUAN",2FGM,Two Pointer,2,-69,38,D,,,,10,01:00,26,17,
2007,RS,8,86,115,ZAL,PBDB,"COLLINS, DeJUAN",FTM,Free Throw In,1,-1,-1, ,,,,10,01:00,27,17,
2007,RS,8,86,116,VIR,PTGM,"SPENCER, DEWARICK",3FGA,Missed Three Pointer,0,-435,600,J,,,,10,01:00,27,17,
2007,RS,8,86,123,ZAL,PATP,"POPOVIC, MARKO",3FGM,Three Pointer,3,56,733,G,,,,10,01:00,30,17,
2007,RS,8,86,134,VIR,PBXA,"GIOVANNONI, GUILHERME",2FGA,Missed Two Pointer,0,384,17,B,,,,11,10:00,30,17,
2007,RS,8,86,136,ZAL,P000127,"BRADLEY, MICHAEL",2FGAB,Missed Two Pointer,0,0,248,D,,,,11,10:00,30,17,
2007,RS,8,86,140,VIR,PTGV,"ANDERSON, ALAN",3FGA,Missed Three Pointer,0,-394,569,J,,,,11,10:00,30,17,
2007,RS,8,86,142,ZAL,PATP,"POPOVIC, MARKO",3FGA,Missed Three Pointer,0,-517,551,J,,,,11,10:00,30,17,
2007,RS,8,86,144,ZAL,PBDE,"JURAK, GORAN",2FGM,Two Pointer,2,-94,84,D,,,,11,10:00,32,17,
2007,RS,8,86,152,VIR,PTGO,"CROSARIOL, ANDREA",FTM,Free Throw In,1,-1,-1, ,,,,12,09:00,32,18,
2007,RS,8,86,153,ZAL,PJBX,"KALNIETIS, MANTAS",2FGM,Two Pointer,2,7,0,C,,,,12,09:00,34,18,
2007,RS,8,86,163,ZAL,P000127,"BRADLEY, MICHAEL",2FGA,Missed Two Pointer,0,-30,79,D,,,,13,08:00,34,18,
2007,RS,8,86,165,ZAL,P000127,"BRADLEY, MICHAEL",2FGM,Two Pointer,2,2,61,D,,,,13,08:00,36,18,
2007,RS,8,86,171,ZAL,PBDE,"JURAK, GORAN",2FGM,Two Pointer,2,64,130,C,,,,13,08:00,38,18,
2007,RS,8,86,172,VIR,PTGQ,"DI BELLA, FABIO",2FGA,Missed Two Pointer,0,-246,451,I,,,,13,08:00,38,18,
2007,RS,8,86,182,ZAL,PANY,"SALENGA, DAINIUS",FTM,Free Throw In,1,-1,-1, ,,,,14,07:00,39,18,
2007,RS,8,86,183,VIR,PTGM,"SPENCER, DEWARICK",2FGA,Missed Two Pointer,0,-30,84,D,,,,14,07:00,39,18,
2007,RS,8,86,188,VIR,PBEW,"CHIACIG, ROBERTO",FTM,Free Throw In,1,-1,-1, ,,,,14,07:00,39,19,
2007,RS,8,86,193,VIR,P000672,"MC GRATH, DONALD MICHAEL",2FGAB,Missed Two Pointer,0,-92,158,D,,,,14,07:00,39,19,
2007,RS,8,86,202,VIR,PTGL,"HOLLAND, DELONTE",FTM,Free Throw In,1,-1,-1, ,,,,14,07:00,39,20,
2007,RS,8,86,204,VIR,PTGL,"HOLLAND, DELONTE",2FGA,Missed Two Pointer,0,71,107,C,,,,15,06:00,39,20,
2007,RS,8,86,208,ZAL,PJBX,"KALNIETIS, MANTAS",3FGA,Missed Three Pointer,0,338,651,G,,,,16,05:00,39,20,
2007,RS,8,86,210,VIR,P000672,"MC GRATH, DONALD MICHAEL",3FGM,Three Pointer,3,-343,600,J,,,,16,05:00,39,23,
2007,RS,8,86,211,ZAL,P000127,"BRADLEY, MICHAEL",2FGM,Two Pointer,2,-64,43,D,,,,16,05:00,41,23,
2007,RS,8,86,212,VIR,PTGM,"SPENCER, DEWARICK",2FGAB,Missed Two Pointer,0,-53,230,D,,,,16,05:00,41,23,
2007,RS,8,86,216,ZAL,PATP,"POPOVIC, MARKO",3FGA,Missed Three Pointer,0,369,605,G,,,,16,05:00,41,23,
2007,RS,8,86,229,ZAL,PATP,"POPOVIC, MARKO",FTM,Free Throw In,1,-1,-1, ,,,,16,05:00,42,23,
2007,RS,8,86,230,ZAL,PATP,"POPOVIC, MARKO",FTM,Free Throw In,1,-1,-1, ,,,,16,05:00,43,23,
2007,RS,8,86,234,VIR,PTGL,"HOLLAND, DELONTE",FTM,Free Throw In,1,-1,-1, ,,,,17,04:00,43,24,
2007,RS,8,86,235,VIR,PTGL,"HOLLAND, DELONTE",FTM,Free Throw In,1,-1,-1, ,,,,17,04:00,43,25,
2007,RS,8,86,236,ZAL,PJCC,"MACIULIS, JONAS",2FGM,Two Pointer,2,-15,130,D,,,,17,04:00,45,25,
2007,RS,8,86,240,VIR,PLHB,"GARRI, LUCA",FTM,Free Throw In,1,-1,-1, ,,,,17,04:00,45,26,
2007,RS,8,86,241,VIR,PLHB,"GARRI, LUCA",FTM,Free Throw In,1,-1,-1, ,,,,17,04:00,45,27,
2007,RS,8,86,242,ZAL,PJCC,"MACIULIS, JONAS",2FGM,Two Pointer,2,56,105,C,,,,17,04:00,47,27,
2007,RS,8,86,244,VIR,PTGM,"SPENCER, DEWARICK",2FGM,Two Pointer,2,123,2,C,,,,18,03:00,47,29,
2007,RS,8,86,245,ZAL,PATP,"POPOVIC, MARKO",2FGA,Missed Two Pointer,0,-89,20,D,,,,18,03:00,47,29,
2007,RS,8,86,247,ZAL,PATP,"POPOVIC, MARKO",3FGA,Missed Three Pointer,0,-592,407,F,,,,18,03:00,47,29,
2007,RS,8,86,249,VIR,PTGV,"ANDERSON, ALAN",3FGA,Missed Three Pointer,0,-320,612,J,,,,18,03:00,47,29,
2007,RS,8,86,252,ZAL,PATP,"POPOVIC, MARKO",2FGM,Two Pointer,2,-46,100,D,,,,19,02:00,49,29,
2007,RS,8,86,253,VIR,PTGM,"SPENCER, DEWARICK",3FGM,Three Pointer,3,512,525,G,,,,19,02:00,49,32,
2007,RS,8,86,263,VIR,PTGL,"HOLLAND, DELONTE",2FGA,Missed Two Pointer,0,35,56,C,,,,20,01:00,49,32,
2007,RS,8,86,265,ZAL,PBDE,"JURAK, GORAN",2FGM,Two Pointer,2,-43,53,D,,,,20,01:00,51,32,
2007,RS,8,86,277,ZAL,PANY,"SALENGA, DAINIUS",2FGA,Missed Two Pointer,0,-30,128,D,,,,20,01:00,51,32,
2007,RS,8,86,286,ZAL,PBWI,"JANKUNAS, PAULIUS",FTM,Free Throw In,1,-1,-1, ,,,,21,10:00,52,32,
2007,RS,8,86,287,ZAL,PBWI,"JANKUNAS, PAULIUS",FTM,Free Throw In,1,-1,-1, ,,,,21,10:00,53,32,
2007,RS,8,86,290,ZAL,PBWI,"JANKUNAS, PAULIUS",2FGM,Two Pointer,2,15,115,C,,,,21,10:00,55,32,
2007,RS,8,86,292,VIR,PTGM,"SPENCER, DEWARICK",3FGA,Missed Three Pointer,0,289,687,G,,,,21,10:00,55,32,
2007,RS,8,86,296,VIR,PBXA,"GIOVANNONI, GUILHERME",FTM,Free Throw In,1,-1,-1, ,,,,21,10:00,55,33,
2007,RS,8,86,297,VIR,PBXA,"GIOVANNONI, GUILHERME",FTM,Free Throw In,1,-1,-1, ,,,,21,10:00,55,34,
2007,RS,8,86,304,VIR,PBEW,"CHIACIG, ROBERTO",FTM,Free Throw In,1,-1,-1, ,,,,22,09:00,55,35,
2007,RS,8,86,305,VIR,PBEW,"CHIACIG, ROBERTO",FTM,Free Throw In,1,-1,-1, ,,,,22,09:00,55,36,
2007,RS,8,86,308,ZAL,PAHT,"BROWN, MARCUS",3FGM,Three Pointer,3,-446,558,J,,,,22,09:00,58,36,
2007,RS,8,86,313,ZAL,PADX,"ZUKAUSKAS, EURELIJUS",2FGM,Two Pointer,2,2,2,D,,,,23,08:00,60,36,
2007,RS,8,86,315,VIR,PBEW,"CHIACIG, ROBERTO",2FGM,Two Pointer,2,2,12,D,,,,23,08:00,60,38,
2007,RS,8,86,317,ZAL,PBDB,"COLLINS, DeJUAN",2FGM,Two Pointer,2,56,43,C,,,,23,08:00,62,38,
2007,RS,8,86,319,VIR,PTGM,"SPENCER, DEWARICK",2FGM,Two Pointer,2,10,135,C,,,,24,07:00,62,40,
2007,RS,8,86,320,ZAL,PBDE,"JURAK, GORAN",2FGA,Missed Two Pointer,0,7,74,C,,,,24,07:00,62,40,
2007,RS,8,86,322,VIR,PTGM,"SPENCER, DEWARICK",2FGM,Two Pointer,2,182,158,C,,,,24,07:00,62,42,
2007,RS,8,86,323,ZAL,PAHT,"BROWN, MARCUS",2FGM,Two Pointer,2,110,148,C,,,,24,07:00,64,42,
2007,RS,8,86,327,VIR,PTGM,"SPENCER, DEWARICK",FTM,Free Throw In,1,-1,-1, ,,,,24,07:00,64,43,
2007,RS,8,86,335,ZAL,PBDB,"COLLINS, DeJUAN",FTM,Free Throw In,1,-1,-1, ,,,,25,06:00,65,43,
2007,RS,8,86,336,ZAL,PBDB,"COLLINS, DeJUAN",FTM,Free Throw In,1,-1,-1, ,,,,25,06:00,66,43,
2007,RS,8,86,337,VIR,PTGM,"SPENCER, DEWARICK",2FGA,Missed Two Pointer,0,43,138,C,,,,25,06:00,66,43,
2007,RS,8,86,339,ZAL,PBDB,"COLLINS, DeJUAN",3FGA,Missed Three Pointer,0,-207,712,J,,,,25,06:00,66,43,
2007,RS,8,86,343,ZAL,PAHT,"BROWN, MARCUS",3FGM,Three Pointer,3,-451,584,J,,,,25,06:00,69,43,
2007,RS,8,86,344,VIR,PBXA,"GIOVANNONI, GUILHERME",3FGA,Missed Three Pointer,0,497,574,G,,,,25,06:00,69,43,
2007,RS,8,86,346,ZAL,PBDE,"JURAK, GORAN",3FGA,Missed Three Pointer,0,-289,612,J,,,,25,06:00,69,43,
2007,RS,8,86,351,VIR,PTGQ,"DI BELLA, FABIO",FTM,Free Throw In,1,-1,-1, ,,,,26,05:00,69,44,
2007,RS,8,86,356,VIR,PTGQ,"DI BELLA, FABIO",FTM,Free Throw In,1,-1,-1, ,,,,26,05:00,69,45,
2007,RS,8,86,357,ZAL,PJCC,"MACIULIS, JONAS",2FGM,Two Pointer,2,-112,107,D,,,,26,05:00,71,45,
2007,RS,8,86,359,VIR,PTGL,"HOLLAND, DELONTE",2FGA,Missed Two Pointer,0,-115,128,D,,,,26,05:00,71,45,
2007,RS,8,86,361,ZAL,PBDB,"COLLINS, DeJUAN",2FGM,Two Pointer,2,394,25,B,,,,27,04:00,73,45,
2007,RS,8,86,362,VIR,PBXA,"GIOVANNONI, GUILHERME",2FGA,Missed Two Pointer,0,-56,179,D,,,,27,04:00,73,45,
2007,RS,8,86,364,ZAL,PAHT,"BROWN, MARCUS",3FGM,Three Pointer,3,525,584,G,,,,27,04:00,76,45,
2007,RS,8,86,370,VIR,PTGQ,"DI BELLA, FABIO",2FGA,Missed Two Pointer,0,348,328,B,,,,28,03:00,76,45,
2007,RS,8,86,372,ZAL,PBDB,"COLLINS, DeJUAN",3FGA,Missed Three Pointer,0,-535,446,J,,,,28,03:00,76,45,
2007,RS,8,86,379,VIR,PLHB,"GARRI, LUCA",FTM,Free Throw In,1,-1,-1, ,,,,28,03:00,76,46,
2007,RS,8,86,380,ZAL,PBWI,"JANKUNAS, PAULIUS",2FGAB,Missed Two Pointer,0,-35,48,D,,,,28,03:00,76,46,
2007,RS,8,86,384,VIR,PTGL,"HOLLAND, DELONTE",2FGA,Missed Two Pointer,0,58,205,C,,,,28,03:00,76,46,
2007,RS,8,86,386,VIR,PTGO,"CROSARIOL, ANDREA",2FGM,Two Pointer,2,53,151,C,,,,28,03:00,76,48,
2007,RS,8,86,388,ZAL,PAHT,"BROWN, MARCUS",2FGM,Two Pointer,2,-25,100,D,,,,29,02:00,78,48,
2007,RS,8,86,389,ZAL,PAHT,"BROWN, MARCUS",3FGM,Three Pointer,3,-615,502,J,,,,29,02:00,81,48,
2007,RS,8,86,396,VIR,PTGL,"HOLLAND, DELONTE",FTM,Free Throw In,1,-1,-1, ,,,,29,02:00,81,49,
2007,RS,8,86,397,VIR,PTGL,"HOLLAND, DELONTE",FTM,Free Throw In,1,-1,-1, ,,,,29,02:00,81,50,
2007,RS,8,86,400,ZAL,PADX,"ZUKAUSKAS, EURELIJUS",2FGA,Missed Two Pointer,0,-35,102,D,,,,29,02:00,81,50,
2007,RS,8,86,402,ZAL,PBWI,"JANKUNAS, PAULIUS",2FGA,Missed Two Pointer,0,-64,105,D,,,,29,02:00,81,50,
2007,RS,8,86,411,ZAL,PADX,"ZUKAUSKAS, EURELIJUS",2FGM,Two Pointer,2,2,5,D,,,,30,01:00,83,50,
2007,RS,8,86,413,VIR,PTGM,"SPENCER, DEWARICK",3FGA,Missed Three Pointer,0,535,456,G,,,,30,01:00,83,50,
2007,RS,8,86,419,VIR,PLHB,"GARRI, LUCA",3FGA,Missed Three Pointer,0,251,661,G,,,,31,10:00,83,50,
2007,RS,8,86,423,VIR,PLHB,"GARRI, LUCA",2FGM,Two Pointer,2,110,120,C,,,,31,10:00,83,52,
2007,RS,8,86,426,ZAL,PAHT,"BROWN, MARCUS",3FGM,Three Pointer,3,633,338,A,,,,32,09:00,86,52,
2007,RS,8,86,427,VIR,PTGM,"SPENCER, DEWARICK",2FGM,Two Pointer,2,-407,84,E,,,,32,09:00,86,54,
2007,RS,8,86,429,ZAL,PAHT,"BROWN, MARCUS",3FGM,Three Pointer,3,-679,-61,F,,,,32,09:00,89,54,
2007,RS,8,86,432,VIR,PLHB,"GARRI, LUCA",2FGA,Missed Two Pointer,0,120,-25,C,,,,33,08:00,89,54,
2007,RS,8,86,434,ZAL,PBWI,"JANKUNAS, PAULIUS",2FGM,Two Pointer,2,0,82,D,,,,33,08:00,91,54,
2007,RS,8,86,444,VIR,PTGM,"SPENCER, DEWARICK",FTM,Free Throw In,1,-1,-1, ,,,,33,08:00,91,55,
2007,RS,8,86,445,VIR,PTGM,"SPENCER, DEWARICK",FTM,Free Throw In,1,-1,-1, ,,,,33,08:00,91,56,
2007,RS,8,86,450,ZAL,PBWI,"JANKUNAS, PAULIUS",3FGA,Missed Three Pointer,0,-20,707,J,,,,33,08:00,91,56,
2007,RS,8,86,452,VIR,PTGM,"SPENCER, DEWARICK",3FGM,Three Pointer,3,361,664,G,,,,33,08:00,91,59,
2007,RS,8,86,454,ZAL,P000127,"BRADLEY, MICHAEL",2FGM,Two Pointer,2,-87,23,D,,,,34,07:00,93,59,
2007,RS,8,86,456,VIR,PTGZ,"LESTINI, FEDERICO",2FGA,Missed Two Pointer,0,423,-30,B,,,,34,07:00,93,59,
2007,RS,8,86,458,ZAL,PATP,"POPOVIC, MARKO",3FGA,Missed Three Pointer,0,-525,494,J,,,,34,07:00,93,59,
2007,RS,8,86,462,ZAL,PBWI,"JANKUNAS, PAULIUS",2FGM,Two Pointer,2,97,28,C,,,,34,07:00,95,59,
2007,RS,8,86,465,VIR,PTGM,"SPENCER, DEWARICK",2FGM,Two Pointer,2,341,110,B,,,,35,06:00,95,61,
2007,RS,8,86,468,VIR,PTGM,"SPENCER, DEWARICK",FTM,Free Throw In,1,-1,-1, ,,,,35,06:00,95,62,
2007,RS,8,86,470,VIR,PTGO,"CROSARIOL, ANDREA",2FGM,Two Pointer,2,0,12,D,,,,35,06:00,95,64,
2007,RS,8,86,474,VIR,PTGL,"HOLLAND, DELONTE",2FGM,Two Pointer,2,-79,58,D,,,,35,06:00,95,66,
2007,RS,8,86,476,ZAL,PATP,"POPOVIC, MARKO",3FGA,Missed Three Pointer,0,-182,702,J,,,,36,05:00,95,66,
2007,RS,8,86,478,VIR,PTGM,"SPENCER, DEWARICK",2FGM,Two Pointer,2,12,102,C,,,,36,05:00,95,68,
2007,RS,8,86,485,VIR,PTGL,"HOLLAND, DELONTE",2FGM,Two Pointer,2,115,233,C,,,,36,05:00,95,70,
2007,RS,8,86,487,ZAL,PANY,"SALENGA, DAINIUS",3FGA,Missed Three Pointer,0,620,415,A,,,,37,04:00,95,70,
2007,RS,8,86,489,VIR,PTGZ,"LESTINI, FEDERICO",2FGM,Two Pointer,2,41,128,C,,,,37,04:00,95,72,
2007,RS,8,86,490,ZAL,PATP,"POPOVIC, MARKO",2FGAB,Missed Two Pointer,0,-7,143,D,,,,37,04:00,95,72,
2007,RS,8,86,497,ZAL,PANY,"SALENGA, DAINIUS",3FGM,Three Pointer,3,-643,241,F,,,,37,04:00,98,72,
2007,RS,8,86,505,ZAL,P000127,"BRADLEY, MICHAEL",FTM,Free Throw In,1,-1,-1, ,,,,37,04:00,99,72,
2007,RS,8,86,506,ZAL,P000127,"BRADLEY, MICHAEL",FTM,Free Throw In,1,-1,-1, ,,,,37,04:00,100,72,
2007,RS,8,86,509,ZAL,PAHT,"BROWN, MARCUS",3FGA,Missed Three Pointer,0,-130,689,J,,,,38,03:00,100,72,
2007,RS,8,86,511,VIR,PTGL,"HOLLAND, DELONTE",2FGA,Missed Two Pointer,0,38,48,C,,,,38,03:00,100,72,
2007,RS,8,86,513,VIR,PTGO,"CROSARIOL, ANDREA",2FGM,Two Pointer,2,66,38,C,,,,38,03:00,100,74,
2007,RS,8,86,515,ZAL,PBDB,"COLLINS, DeJUAN",2FGA,Missed Two Pointer,0,187,125,C,,,,39,02:00,100,74,
2007,RS,8,86,517,VIR,PTGM,"SPENCER, DEWARICK",3FGA,Missed Three Pointer,0,-33,733,J,,,,39,02:00,100,74,
2007,RS,8,86,519,VIR,PTGL,"HOLLAND, DELONTE",2FGM,Two Pointer,2,82,25,C,,,,39,02:00,100,76,
2007,RS,8,86,520,ZAL,PKPD,"MILAKNIS, ARTURAS",2FGM,Two Pointer,2,117,12,C,,,,39,02:00,102,76,
2007,RS,8,86,523,VIR,PBXA,"GIOVANNONI, GUILHERME",3FGA,Missed Three Pointer,0,538,484,G,,,,39,02:00,102,76,
2007,RS,8,86,527,ZAL,PBDB,"COLLINS, DeJUAN",2FGAB,Missed Two Pointer,0,51,58,C,,,,39,02:00,102,76,
2007,RS,8,86,532,VIR,PTGO,"CROSARIOL, ANDREA",2FGM,Two Pointer,2,-43,92,D,,,,40,01:00,102,78,
2007,RS,8,86,538,VIR,PBXA,"GIOVANNONI, GUILHERME",3FGM,Three Pointer,3,-256,682,J,,,,40,01:00,102,81,
2007,RS,8,86,540,ZAL,P000127,"BRADLEY, MICHAEL",3FGA,Missed Three Pointer,0,-443,543,J,,,,40,01:00,102,81,
2007,RS,8,86,547,VIR,PTGQ,"DI BELLA, FABIO",FTM,Free Throw In,1,-1,-1, ,,,,40,01:00,102,82,
2007,RS,8,86,548,ZAL,PBDB,"COLLINS, DeJUAN",2FGA,Missed Two Pointer,0,441,174,B,,,,40,01:00,102,82,
2007,RS,8,87,5,CSK,PJMM,"SISKAUSKAS, RAMUNAS",2FGM,Two Pointer,2,2,2,D,,,,1,10:00,2,0,
2007,RS,8,87,6,SOP,PAUL,"STANOJEVIC, JOVO",2FGM,Two Pointer,2,-64,535,I,,,,1,10:00,2,2,
2007,RS,8,87,7,CSK,PBEB,"LANGDON, TRAJAN",2FGM,Two Pointer,2,79,33,C,,,,1,10:00,4,2,
2007,RS,8,87,9,SOP,PTGA,"WAGNER, DAJUAN",2FGAB,Missed Two Pointer,0,56,0,C,,,,2,09:00,4,2,
2007,RS,8,87,15,CSK,PAKT,"ANDERSEN, DAVID",2FGM,Two Pointer,2,-294,100,E,,,,2,09:00,6,2,
2007,RS,8,87,19,CSK,PBEB,"LANGDON, TRAJAN",3FGA,Missed Three Pointer,0,448,517,G,,,,3,08:00,6,2,
2007,RS,8,87,21,SOP,P000668,"SHAKUR, MUSTAFA",2FGM,Two Pointer,2,48,-5,C,,,,3,08:00,6,4,
2007,RS,8,87,22,CSK,PAUC,"GOREE, MARCUS",2FGA,Missed Two Pointer,0,-41,153,D,,,,3,08:00,6,4,
2007,RS,8,87,24,SOP,PAUL,"STANOJEVIC, JOVO",2FGA,Missed Two Pointer,0,-20,43,D,,,,3,08:00,6,4,
2007,RS,8,87,27,CSK,PAUC,"GOREE, MARCUS",3FGA,Missed Three Pointer,0,15,664,G,,,,4,07:00,6,4,
2007,RS,8,87,29,CSK,PAKT,"ANDERSEN, DAVID",2FGA,Missed Two Pointer,0,107,102,C,,,,4,07:00,6,4,
2007,RS,8,87,31,SOP,P000668,"SHAKUR, MUSTAFA",2FGA,Missed Two Pointer,0,58,5,C,,,,4,07:00,6,4,
2007,RS,8,87,35,CSK,PJMM,"SISKAUSKAS, RAMUNAS",2FGA,Missed Two Pointer,0,89,23,C,,,,4,07:00,6,4,
2007,RS,8,87,37,SOP,PAUL,"STANOJEVIC, JOVO",2FGA,Missed Two Pointer,0,-69,20,D,,,,4,07:00,6,4,
2007,RS,8,87,40,CSK,PAQO,"HOLDEN, JON ROBERT",2FGA,Missed Two Pointer,0,-2,400,D,,,,5,06:00,6,4,
2007,RS,8,87,43,SOP,PAUL,"STANOJEVIC, JOVO",2FGM,Two Pointer,2,271,89,B,,,,5,06:00,6,6,
2007,RS,8,87,46,CSK,PJMM,"SISKAUSKAS, RAMUNAS",FTM,Free Throw In,1,-1,-1, ,,,,5,06:00,7,6,
2007,RS,8,87,47,CSK,PJMM,"SISKAUSKAS, RAMUNAS",FTM,Free Throw In,1,-1,-1, ,,,,5,06:00,8,6,
2007,RS,8,87,48,SOP,PTGA,"WAGNER, DAJUAN",2FGA,Missed Two Pointer,0,305,507,H,,,,5,06:00,8,6,
2007,RS,8,87,53,CSK,PBEB,"LANGDON, TRAJAN",FTM,Free Throw In,1,-1,-1, ,,,,6,05:00,9,6,
2007,RS,8,87,54,CSK,PBEB,"LANGDON, TRAJAN",FTM,Free Throw In,1,-1,-1, ,,,,6,05:00,10,6,
2007,RS,8,87,57,CSK,PJMM,"SISKAUSKAS, RAMUNAS",2FGM,Two Pointer,2,-2,2,D,,,,6,05:00,12,6,
2007,RS,8,87,59,SOP,PCLQ,"DYLEWICZ, FILIP",2FGM,Two Pointer,2,-71,20,D,,,,6,05:00,12,8,
2007,RS,8,87,62,SOP,PCLQ,"DYLEWICZ, FILIP",FTM,Free Throw In,1,-1,-1, ,,,,6,05:00,12,9,
2007,RS,8,87,65,CSK,PAKT,"ANDERSEN, DAVID",FTM,Free Throw In,1,-1,-1, ,,,,6,05:00,13,9,
2007,RS,8,87,66,CSK,PAKT,"ANDERSEN, DAVID",FTM,Free Throw In,1,-1,-1, ,,,,6,05:00,14,9,
2007,RS,8,87,68,SOP,PAUL,"STANOJEVIC, JOVO",2FGM,Two Pointer,2,-15,100,D,,,,7,04:00,14,11,
2007,RS,8,87,69,CSK,PJMM,"SISKAUSKAS, RAMUNAS",2FGA,Missed Two Pointer,0,61,23,C,,,,7,04:00,14,11,
2007,RS,8,87,71,CSK,PAUC,"GOREE, MARCUS",2FGM,Two Pointer,2,46,38,C,,,,7,04:00,16,11,
2007,RS,8,87,74,CSK,PAKT,"ANDERSEN, DAVID",2FGA,Missed Two Pointer,0,-297,117,E,,,,7,04:00,16,11,
2007,RS,8,87,77,CSK,PBEB,"LANGDON, TRAJAN",3FGA,Missed Three Pointer,0,241,628,G,,,,8,03:00,16,11,
2007,RS,8,87,79,SOP,PACY,"SLANINA, DONATAS",2FGA,Missed Two Pointer,0,-261,376,E,,,,8,03:00,16,11,
2007,RS,8,87,81,CSK,PAQO,"HOLDEN, JON ROBERT",3FGM,Three Pointer,3,-497,435,J,,,,8,03:00,19,11,
2007,RS,8,87,89,CSK,PAKT,"ANDERSEN, DAVID",2FGA,Missed Two Pointer,0,246,302,B,,,,8,03:00,19,11,
2007,RS,8,87,92,SOP,P000668,"SHAKUR, MUSTAFA",3FGA,Missed Three Pointer,0,-484,471,J,,,,9,02:00,19,11,
2007,RS,8,87,97,CSK,PATW,"PAPALOUKAS, THEODOROS",2FGA,Missed Two Pointer,0,-107,-5,D,,,,9,02:00,19,11,
2007,RS,8,87,100,SOP,P000668,"SHAKUR, MUSTAFA",2FGAB,Missed Two Pointer,0,-58,53,D,,,,10,01:00,19,11,
2007,RS,8,87,105,CSK,PLHI,"VORONTSEVICH, ANDREY",2FGM,Two Pointer,2,7,12,C,,,,10,01:00,21,11,
2007,RS,8,87,106,SOP,PCLQ,"DYLEWICZ, FILIP",3FGA,Missed Three Pointer,0,423,517,G,,,,10,01:00,21,11,
2007,RS,8,87,112,SOP,P000668,"SHAKUR, MUSTAFA",FTM,Free Throw In,1,-1,-1, ,,,,10,01:00,21,12,
2007,RS,8,87,113,SOP,P000668,"SHAKUR, MUSTAFA",FTM,Free Throw In,1,-1,-1, ,,,,10,01:00,21,13,
2007,RS,8,87,114,CSK,PABN,"ZISIS, NIKOLAOS",2FGA,Missed Two Pointer,0,-297,115,E,,,,10,01:00,21,13,
2007,RS,8,87,125,SOP,PACY,"SLANINA, DONATAS",2FGM,Two Pointer,2,-74,-7,D,,,,11,10:00,21,15,
2007,RS,8,87,127,CSK,PAUC,"GOREE, MARCUS",3FGM,Three Pointer,3,-517,410,F,,,,11,10:00,24,15,
2007,RS,8,87,129,SOP,PAUL,"STANOJEVIC, JOVO",2FGM,Two Pointer,2,-64,61,D,,,,12,09:00,24,17,
2007,RS,8,87,130,CSK,PATW,"PAPALOUKAS, THEODOROS",3FGA,Missed Three Pointer,0,289,612,G,,,,12,09:00,24,17,
2007,RS,8,87,133,CSK,PBEB,"LANGDON, TRAJAN",3FGA,Missed Three Pointer,0,-376,538,J,,,,12,09:00,24,17,
2007,RS,8,87,140,CSK,PAUC,"GOREE, MARCUS",3FGM,Three Pointer,3,525,405,A,,,,13,08:00,27,17,
2007,RS,8,87,152,CSK,PLHI,"VORONTSEVICH, ANDREY",2FGM,Two Pointer,2,51,2,C,,,,14,07:00,29,17,
2007,RS,8,87,153,SOP,P000668,"SHAKUR, MUSTAFA",3FGM,Three Pointer,3,-315,635,J,,,,14,07:00,29,20,
2007,RS,8,87,154,CSK,PATW,"PAPALOUKAS, THEODOROS",3FGA,Missed Three Pointer,0,-489,453,J,,,,14,07:00,29,20,
2007,RS,8,87,156,SOP,PCLQ,"DYLEWICZ, FILIP",2FGM,Two Pointer,2,38,69,C,,,,14,07:00,29,22,
2007,RS,8,87,158,CSK,PABN,"ZISIS, NIKOLAOS",3FGA,Missed Three Pointer,0,-643,-5,F,,,,15,06:00,29,22,
2007,RS,8,87,166,SOP,PTGA,"WAGNER, DAJUAN",2FGA,Missed Two Pointer,0,92,92,C,,,,15,06:00,29,22,
2007,RS,8,87,170,CSK,PAKT,"ANDERSEN, DAVID",2FGM,Two Pointer,2,502,15,B,,,,15,06:00,31,22,
2007,RS,8,87,171,SOP,PAUL,"STANOJEVIC, JOVO",2FGM,Two Pointer,2,-58,10,D,,,,15,06:00,31,24,
2007,RS,8,87,179,CSK,PBEB,"LANGDON, TRAJAN",FTM,Free Throw In,1,-1,-1, ,,,,16,05:00,32,24,
2007,RS,8,87,180,CSK,PBEB,"LANGDON, TRAJAN",FTM,Free Throw In,1,-1,-1, ,,,,16,05:00,33,24,
2007,RS,8,87,184,SOP,PTFZ,"ROSZYK, KRZYSZTOF",2FGM,Two Pointer,2,-76,15,D,,,,16,05:00,33,26,
2007,RS,8,87,186,CSK,PLHI,"VORONTSEVICH, ANDREY",2FGM,Two Pointer,2,-56,7,D,,,,16,05:00,35,26,
2007,RS,8,87,189,SOP,P000668,"SHAKUR, MUSTAFA",3FGM,Three Pointer,3,651,-38,A,,,,17,04:00,35,29,
2007,RS,8,87,191,CSK,PAQO,"HOLDEN, JON ROBERT",2FGM,Two Pointer,2,238,558,H,,,,17,04:00,37,29,
2007,RS,8,87,192,SOP,PTGA,"WAGNER, DAJUAN",2FGA,Missed Two Pointer,0,120,7,C,,,,17,04:00,37,29,
2007,RS,8,87,197,CSK,PAKT,"ANDERSEN, DAVID",2FGA,Missed Two Pointer,0,-7,89,D,,,,18,03:00,37,29,
2007,RS,8,87,205,CSK,PAKT,"ANDERSEN, DAVID",FTM,Free Throw In,1,-1,-1, ,,,,18,03:00,38,29,
2007,RS,8,87,206,CSK,PAKT,"ANDERSEN, DAVID",FTM,Free Throw In,1,-1,-1, ,,,,18,03:00,39,29,
2007,RS,8,87,207,SOP,PTGA,"WAGNER, DAJUAN",2FGAB,Missed Two Pointer,0,-43,82,D,,,,18,03:00,39,29,
2007,RS,8,87,212,CSK,PAKT,"ANDERSEN, DAVID",2FGM,Two Pointer,2,2,7,D,,,,18,03:00,41,29,
2007,RS,8,87,215,CSK,PJMM,"SISKAUSKAS, RAMUNAS",2FGA,Missed Two Pointer,0,-56,33,D,,,,19,02:00,41,29,
2007,RS,8,87,217,CSK,PAKT,"ANDERSEN, DAVID",2FGM,Two Pointer,2,5,2,C,,,,19,02:00,43,29,
2007,RS,8,87,218,SOP,PTGA,"WAGNER, DAJUAN",3FGA,Missed Three Pointer,0,-323,566,J,,,,19,02:00,43,29,
2007,RS,8,87,221,SOP,PTFZ,"ROSZYK, KRZYSZTOF",2FGM,Two Pointer,2,-51,17,D,,,,19,02:00,43,31,
2007,RS,8,87,222,CSK,PABN,"ZISIS, NIKOLAOS",2FGM,Two Pointer,2,-38,0,D,,,,19,02:00,45,31,
2007,RS,8,87,224,SOP,PACY,"SLANINA, DONATAS",3FGM,Three Pointer,3,-307,574,J,,,,20,01:00,45,34,
2007,RS,8,87,226,CSK,PAKT,"ANDERSEN, DAVID",3FGM,Three Pointer,3,-382,530,J,,,,20,01:00,48,34,
2007,RS,8,87,227,SOP,PACY,"SLANINA, DONATAS",3FGA,Missed Three Pointer,0,89,646,G,,,,20,01:00,48,34,
2007,RS,8,87,229,CSK,PLHI,"VORONTSEVICH, ANDREY",2FGA,Missed Two Pointer,0,-61,28,D,,,,20,01:00,48,34,
2007,RS,8,87,242,CSK,PAQO,"HOLDEN, JON ROBERT",3FGM,Three Pointer,3,-664,-84,F,,,,21,10:00,51,34,
2007,RS,8,87,243,SOP,PAUL,"STANOJEVIC, JOVO",2FGA,Missed Two Pointer,0,-10,384,D,,,,21,10:00,51,34,
2007,RS,8,87,245,CSK,PAUC,"GOREE, MARCUS",2FGA,Missed Two Pointer,0,-394,12,E,,,,21,10:00,51,34,
2007,RS,8,87,250,SOP,PCLQ,"DYLEWICZ, FILIP",FTM,Free Throw In,1,-1,-1, ,,,,22,09:00,51,35,
2007,RS,8,87,251,SOP,PCLQ,"DYLEWICZ, FILIP",FTM,Free Throw In,1,-1,-1, ,,,,22,09:00,51,36,
2007,RS,8,87,255,SOP,PAUL,"STANOJEVIC, JOVO",2FGM,Two Pointer,2,-2,79,D,,,,22,09:00,51,38,
2007,RS,8,87,256,CSK,PAKT,"ANDERSEN, DAVID",2FGA,Missed Two Pointer,0,230,20,C,,,,22,09:00,51,38,
2007,RS,8,87,258,CSK,PBEB,"LANGDON, TRAJAN",2FGM,Two Pointer,2,-125,66,D,,,,22,09:00,53,38,
2007,RS,8,87,259,SOP,P000668,"SHAKUR, MUSTAFA",2FGA,Missed Two Pointer,0,-210,58,D,,,,22,09:00,53,38,
2007,RS,8,87,264,CSK,PJMM,"SISKAUSKAS, RAMUNAS",FTM,Free Throw In,1,-1,-1, ,,,,23,08:00,54,38,
2007,RS,8,87,265,CSK,PJMM,"SISKAUSKAS, RAMUNAS",FTM,Free Throw In,1,-1,-1, ,,,,23,08:00,55,38,
2007,RS,8,87,266,SOP,P000668,"SHAKUR, MUSTAFA",3FGA,Missed Three Pointer,0,-323,676,J,,,,23,08:00,55,38,
2007,RS,8,87,268,SOP,PTFZ,"ROSZYK, KRZYSZTOF",2FGM,Two Pointer,2,-64,15,D,,,,23,08:00,55,40,
2007,RS,8,87,273,SOP,PAUL,"STANOJEVIC, JOVO",2FGM,Two Pointer,2,-46,20,D,,,,24,07:00,55,42,
2007,RS,8,87,275,CSK,PBEB,"LANGDON, TRAJAN",3FGM,Three Pointer,3,-497,482,J,,,,24,07:00,58,42,
2007,RS,8,87,278,SOP,PAUL,"STANOJEVIC, JOVO",2FGA,Missed Two Pointer,0,215,117,C,,,,24,07:00,58,42,
2007,RS,8,87,283,CSK,PJMM,"SISKAUSKAS, RAMUNAS",2FGM,Two Pointer,2,89,5,C,,,,25,06:00,60,42,
2007,RS,8,87,284,SOP,P000668,"SHAKUR, MUSTAFA",2FGM,Two Pointer,2,353,428,H,,,,25,06:00,60,44,
2007,RS,8,87,285,CSK,PAKT,"ANDERSEN, DAVID",2FGA,Missed Two Pointer,0,-169,15,D,,,,25,06:00,60,44,
2007,RS,8,87,298,CSK,PAUC,"GOREE, MARCUS",FTM,Free Throw In,1,-1,-1, ,,,,26,05:00,61,44,
2007,RS,8,87,299,SOP,PCLQ,"DYLEWICZ, FILIP",2FGA,Missed Two Pointer,0,-15,125,D,,,,26,05:00,61,44,
2007,RS,8,87,301,CSK,PAKT,"ANDERSEN, DAVID",2FGM,Two Pointer,2,-74,56,D,,,,26,05:00,63,44,
2007,RS,8,87,304,CSK,PJMM,"SISKAUSKAS, RAMUNAS",2FGA,Missed Two Pointer,0,364,-12,B,,,,27,04:00,63,44,
2007,RS,8,87,307,SOP,PAUL,"STANOJEVIC, JOVO",2FGA,Missed Two Pointer,0,92,43,C,,,,27,04:00,63,44,
2007,RS,8,87,310,CSK,PAUC,"GOREE, MARCUS",2FGM,Two Pointer,2,-102,38,D,,,,27,04:00,65,44,
2007,RS,8,87,311,SOP,PACY,"SLANINA, DONATAS",2FGAB,Missed Two Pointer,0,48,38,C,,,,27,04:00,65,44,
2007,RS,8,87,316,SOP,PCLQ,"DYLEWICZ, FILIP",2FGM,Two Pointer,2,-423,25,E,,,,28,03:00,65,46,
2007,RS,8,87,317,CSK,PATW,"PAPALOUKAS, THEODOROS",2FGA,Missed Two Pointer,0,151,12,C,,,,28,03:00,65,46,
2007,RS,8,87,319,SOP,P000668,"SHAKUR, MUSTAFA",2FGA,Missed Two Pointer,0,61,115,C,,,,28,03:00,65,46,
2007,RS,8,87,322,CSK,PBEB,"LANGDON, TRAJAN",3FGM,Three Pointer,3,-528,392,F,,,,28,03:00,68,46,
2007,RS,8,87,324,SOP,PACY,"SLANINA, DONATAS",3FGA,Missed Three Pointer,0,638,210,A,,,,29,02:00,68,46,
2007,RS,8,87,326,CSK,PATW,"PAPALOUKAS, THEODOROS",2FGA,Missed Two Pointer,0,79,25,C,,,,29,02:00,68,46,
2007,RS,8,87,328,SOP,P000668,"SHAKUR, MUSTAFA",2FGA,Missed Two Pointer,0,430,397,B,,,,29,02:00,68,46,
2007,RS,8,87,343,SOP,PCLQ,"DYLEWICZ, FILIP",3FGM,Three Pointer,3,200,635,G,,,,29,02:00,68,49,
2007,RS,8,87,344,CSK,PAQO,"HOLDEN, JON ROBERT",2FGM,Two Pointer,2,79,7,C,,,,29,02:00,70,49,
2007,RS,8,87,348,CSK,PAUC,"GOREE, MARCUS",3FGM,Three Pointer,3,133,638,G,,,,30,01:00,73,49,
2007,RS,8,87,351,SOP,PCLQ,"DYLEWICZ, FILIP",FTM,Free Throw In,1,-1,-1, ,,,,30,01:00,73,50,
2007,RS,8,87,352,SOP,PCLQ,"DYLEWICZ, FILIP",FTM,Free Throw In,1,-1,-1, ,,,,30,01:00,73,51,
2007,RS,8,87,355,CSK,PABN,"ZISIS, NIKOLAOS",2FGAB,Missed Two Pointer,0,205,556,H,,,,30,01:00,73,51,
2007,RS,8,87,366,SOP,PACY,"SLANINA, DONATAS",2FGA,Missed Two Pointer,0,-43,176,D,,,,31,10:00,73,51,
2007,RS,8,87,368,SOP,PTGA,"WAGNER, DAJUAN",2FGA,Missed Two Pointer,0,-58,284,D,,,,31,10:00,73,51,
2007,RS,8,87,371,CSK,PLHI,"VORONTSEVICH, ANDREY",2FGM,Two Pointer,2,-58,7,D,,,,31,10:00,75,51,
2007,RS,8,87,373,SOP,PCLQ,"DYLEWICZ, FILIP",2FGA,Missed Two Pointer,0,-310,64,E,,,,32,09:00,75,51,
2007,RS,8,87,375,CSK,PABN,"ZISIS, NIKOLAOS",2FGM,Two Pointer,2,56,-5,C,,,,32,09:00,77,51,
2007,RS,8,87,382,CSK,PABN,"ZISIS, NIKOLAOS",FTM,Free Throw In,1,-1,-1, ,,,,32,09:00,78,51,
2007,RS,8,87,385,CSK,PABN,"ZISIS, NIKOLAOS",2FGM,Two Pointer,2,-489,312,E,,,,32,09:00,80,51,
2007,RS,8,87,387,SOP,PCLQ,"DYLEWICZ, FILIP",2FGA,Missed Two Pointer,0,-35,84,D,,,,33,08:00,80,51,
2007,RS,8,87,389,CSK,PATW,"PAPALOUKAS, THEODOROS",2FGA,Missed Two Pointer,0,107,7,C,,,,33,08:00,80,51,
2007,RS,8,87,391,SOP,P000668,"SHAKUR, MUSTAFA",2FGA,Missed Two Pointer,0,48,366,C,,,,33,08:00,80,51,
2007,RS,8,87,394,CSK,PAYU,"PASHUTIN, ZAKHAR",2FGM,Two Pointer,2,71,0,C,,,,33,08:00,82,51,
2007,RS,8,87,401,SOP,PACY,"SLANINA, DONATAS",3FGA,Missed Three Pointer,0,428,525,G,,,,34,07:00,82,51,
2007,RS,8,87,405,SOP,PTFZ,"ROSZYK, KRZYSZTOF",3FGM,Three Pointer,3,-461,471,J,,,,34,07:00,82,54,
2007,RS,8,87,406,CSK,PATW,"PAPALOUKAS, THEODOROS",2FGA,Missed Two Pointer,0,-79,10,D,,,,34,07:00,82,54,
2007,RS,8,87,411,SOP,P000668,"SHAKUR, MUSTAFA",2FGM,Two Pointer,2,-74,20,D,,,,35,06:00,82,56,
2007,RS,8,87,416,CSK,PAYU,"PASHUTIN, ZAKHAR",2FGA,Missed Two Pointer,0,10,323,C,,,,35,06:00,82,56,
2007,RS,8,87,426,SOP,PJHV,"LAPETA, ADAM",2FGM,Two Pointer,2,-2,2,D,,,,35,06:00,82,58,
2007,RS,8,87,428,CSK,PABN,"ZISIS, NIKOLAOS",3FGM,Three Pointer,3,-148,641,J,,,,36,05:00,85,58,
2007,RS,8,87,433,SOP,PLPY,"ZAMOJSKI, PRZEMYSLAW",2FGAB,Missed Two Pointer,0,53,74,C,,,,36,05:00,85,58,
2007,RS,8,87,437,CSK,PAYU,"PASHUTIN, ZAKHAR",2FGM,Two Pointer,2,-56,25,D,,,,36,05:00,87,58,
2007,RS,8,87,442,SOP,PJHV,"LAPETA, ADAM",FTM,Free Throw In,1,-1,-1, ,,,,36,05:00,87,59,
2007,RS,8,87,447,SOP,PLPY,"ZAMOJSKI, PRZEMYSLAW",FTM,Free Throw In,1,-1,-1, ,,,,37,04:00,87,60,
2007,RS,8,87,448,CSK,PAYU,"PASHUTIN, ZAKHAR",3FGA,Missed Three Pointer,0,289,587,G,,,,37,04:00,87,60,
2007,RS,8,87,452,CSK,PTFF,"ZABELIN, ARTEM",2FGM,Two Pointer,2,-2,0,D,,,,37,04:00,89,60,
2007,RS,8,87,456,CSK,PAYU,"PASHUTIN, ZAKHAR",2FGA,Missed Two Pointer,0,-84,51,D,,,,37,04:00,89,60,
2007,RS,8,87,458,CSK,PTFF,"ZABELIN, ARTEM",2FGM,Two Pointer,2,-2,7,D,,,,37,04:00,91,60,
2007,RS,8,87,460,SOP,PACY,"SLANINA, DONATAS",2FGA,Missed Two Pointer,0,79,25,C,,,,38,03:00,91,60,
2007,RS,8,87,464,CSK,PKVZ,"SHVED, ALEXEY",FTM,Free Throw In,1,-1,-1, ,,,,38,03:00,92,60,
2007,RS,8,87,465,CSK,PKVZ,"SHVED, ALEXEY",FTM,Free Throw In,1,-1,-1, ,,,,38,03:00,93,60,
2007,RS,8,87,466,SOP,P000668,"SHAKUR, MUSTAFA",3FGA,Missed Three Pointer,0,-374,561,J,,,,38,03:00,93,60,
2007,RS,8,87,468,CSK,PTFF,"ZABELIN, ARTEM",2FGA,Missed Two Pointer,0,43,38,C,,,,38,03:00,93,60,
2007,RS,8,87,470,SOP,PLPY,"ZAMOJSKI, PRZEMYSLAW",2FGA,Missed Two Pointer,0,-146,405,D,,,,38,03:00,93,60,
2007,RS,8,87,472,CSK,PABN,"ZISIS, NIKOLAOS",2FGM,Two Pointer,2,-374,346,E,,,,38,03:00,95,60,
2007,RS,8,87,474,SOP,P000668,"SHAKUR, MUSTAFA",2FGM,Two Pointer,2,74,15,C,,,,39,02:00,95,62,
2007,RS,8,87,475,CSK,PKVZ,"SHVED, ALEXEY",2FGM,Two Pointer,2,-5,117,D,,,,39,02:00,97,62,
2007,RS,8,87,481,CSK,PTFF,"ZABELIN, ARTEM",FTM,Free Throw In,1,-1,-1, ,,,,39,02:00,98,62,
2007,RS,8,87,484,SOP,PJHV,"LAPETA, ADAM",2FGM,Two Pointer,2,61,-5,C,,,,40,01:00,98,64,
2007,RS,8,87,487,CSK,PTFF,"ZABELIN, ARTEM",FTM,Free Throw In,1,-1,-1, ,,,,40,01:00,99,64,
2007,RS,8,87,490,SOP,PJHV,"LAPETA, ADAM",2FGA,Missed Two Pointer,0,-5,-15,D,,,,40,01:00,99,64,
2007,RS,8,87,493,SOP,P000668,"SHAKUR, MUSTAFA",3FGM,Three Pointer,3,-256,607,J,,,,40,01:00,99,67,
2007,RS,8,88,4,SIE,PAPS,"ILIEVSKI, VLADO",FTM,Free Throw In,1,-1,-1, ,,,,1,10:00,0,1,
2007,RS,8,88,8,LJU,PJYE,"RIZVIC, HASAN",2FGM,Two Pointer,2,7,276,C,,,,1,10:00,2,1,
2007,RS,8,88,10,SIE,PLMO,"SATO, ROMAIN",3FGA,Missed Three Pointer,0,-351,620,J,,,,2,09:00,2,1,
2007,RS,8,88,12,LJU,PAIV,"MILIC, MARKO",2FGA,Missed Two Pointer,0,51,87,C,,,,2,09:00,2,1,
2007,RS,8,88,14,SIE,PAPS,"ILIEVSKI, VLADO",2FGA,Missed Two Pointer,0,-64,71,D,,,,2,09:00,2,1,
2007,RS,8,88,17,LJU,PAIV,"MILIC, MARKO",2FGM,Two Pointer,2,-10,46,D,,,,2,09:00,4,1,
2007,RS,8,88,18,SIE,PBJR,"KAUKENAS, RIMANTAS",2FGA,Missed Two Pointer,0,38,43,C,,,,2,09:00,4,1,
2007,RS,8,88,20,SIE,PCQO,"EZE, BENJAMIN",2FGM,Two Pointer,2,12,56,C,,,,2,09:00,4,3,
2007,RS,8,88,22,LJU,PTGG,"TAYLOR, RONELL",2FGA,Missed Two Pointer,0,274,289,B,,,,3,08:00,4,3,
2007,RS,8,88,27,LJU,PAIV,"MILIC, MARKO",2FGM,Two Pointer,2,-189,174,D,,,,3,08:00,6,3,
2007,RS,8,88,29,SIE,PBJR,"KAUKENAS, RIMANTAS",2FGM,Two Pointer,2,-251,369,E,,,,4,07:00,6,5,
2007,RS,8,88,30,LJU,PAPY,"HUKIC, JASMIN",3FGM,Three Pointer,3,323,571,G,,,,4,07:00,9,5,
2007,RS,8,88,31,SIE,PBJR,"KAUKENAS, RIMANTAS",2FGA,Missed Two Pointer,0,-46,64,D,,,,4,07:00,9,5,
2007,RS,8,88,35,SIE,PLMO,"SATO, ROMAIN",FTM,Free Throw In,1,-1,-1, ,,,,4,07:00,9,6,
2007,RS,8,88,36,SIE,PLMO,"SATO, ROMAIN",FTM,Free Throw In,1,-1,-1, ,,,,4,07:00,9,7,
2007,RS,8,88,38,LJU,PAPY,"HUKIC, JASMIN",2FGA,Missed Two Pointer,0,-12,264,D,,,,5,06:00,9,7,
2007,RS,8,88,40,SIE,PLMO,"SATO, ROMAIN",2FGAB,Missed Two Pointer,0,-61,53,D,,,,5,06:00,9,7,
2007,RS,8,88,47,LJU,PJYE,"RIZVIC, HASAN",2FGM,Two Pointer,2,41,46,C,,,,5,06:00,11,7,
2007,RS,8,88,58,LJU,PAIV,"MILIC, MARKO",FTM,Free Throw In,1,-1,-1, ,,,,6,05:00,12,7,
2007,RS,8,88,59,LJU,PAIV,"MILIC, MARKO",FTM,Free Throw In,1,-1,-1, ,,,,6,05:00,13,7,
2007,RS,8,88,62,SIE,PBJR,"KAUKENAS, RIMANTAS",FTM,Free Throw In,1,-1,-1, ,,,,6,05:00,13,8,
2007,RS,8,88,63,SIE,PBJR,"KAUKENAS, RIMANTAS",FTM,Free Throw In,1,-1,-1, ,,,,6,05:00,13,9,
2007,RS,8,88,65,LJU,PAIV,"MILIC, MARKO",2FGM,Two Pointer,2,-66,53,D,,,,7,04:00,15,9,
2007,RS,8,88,66,SIE,PLMO,"SATO, ROMAIN",2FGAB,Missed Two Pointer,0,-51,66,D,,,,7,04:00,15,9,
2007,RS,8,88,71,LJU,PTHB,"DRAGIC, GORAN",2FGM,Two Pointer,2,76,69,C,,,,7,04:00,17,9,
2007,RS,8,88,74,LJU,PTHB,"DRAGIC, GORAN",FTM,Free Throw In,1,-1,-1, ,,,,7,04:00,18,9,
2007,RS,8,88,81,SIE,PCQO,"EZE, BENJAMIN",FTM,Free Throw In,1,-1,-1, ,,,,7,04:00,18,10,
2007,RS,8,88,82,SIE,PCQO,"EZE, BENJAMIN",FTM,Free Throw In,1,-1,-1, ,,,,7,04:00,18,11,
2007,RS,8,88,83,LJU,PTHB,"DRAGIC, GORAN",2FGM,Two Pointer,2,94,292,C,,,,7,04:00,20,11,
2007,RS,8,88,87,SIE,PBJR,"KAUKENAS, RIMANTAS",FTM,Free Throw In,1,-1,-1, ,,,,8,03:00,20,12,
2007,RS,8,88,88,SIE,PBJR,"KAUKENAS, RIMANTAS",FTM,Free Throw In,1,-1,-1, ,,,,8,03:00,20,13,
2007,RS,8,88,89,LJU,PTHB,"DRAGIC, GORAN",3FGA,Missed Three Pointer,0,-569,428,J,,,,8,03:00,20,13,
2007,RS,8,88,91,SIE,PCCA,"THORNTON, BOOTSY",2FGM,Two Pointer,2,-584,-5,E,,,,8,03:00,20,15,
2007,RS,8,88,96,LJU,PAIV,"MILIC, MARKO",3FGA,Missed Three Pointer,0,697,-10,A,,,,9,02:00,20,15,
2007,RS,8,88,98,SIE,PJOC,"STONEROOK, SHAUN",2FGM,Two Pointer,2,-10,0,D,,,,9,02:00,20,17,
2007,RS,8,88,99,LJU,PTGI,"DONCIC, SASA",3FGA,Missed Three Pointer,0,-651,212,F,,,,9,02:00,20,17,
2007,RS,8,88,105,SIE,PCCA,"THORNTON, BOOTSY",FTM,Free Throw In,1,-1,-1, ,,,,10,01:00,20,18,
2007,RS,8,88,106,SIE,PCCA,"THORNTON, BOOTSY",FTM,Free Throw In,1,-1,-1, ,,,,10,01:00,20,19,
2007,RS,8,88,109,LJU,PTGK,"BAILEY, MAURICE",2FGA,Missed Two Pointer,0,202,433,H,,,,10,01:00,20,19,
2007,RS,8,88,112,SIE,PCCA,"THORNTON, BOOTSY",2FGM,Two Pointer,2,-38,66,D,,,,10,01:00,20,21,
2007,RS,8,88,116,LJU,PAPY,"HUKIC, JASMIN",2FGM,Two Pointer,2,66,35,C,,,,10,01:00,22,21,
2007,RS,8,88,121,LJU,PAPY,"HUKIC, JASMIN",2FGA,Missed Two Pointer,0,-407,194,E,,,,11,10:00,22,21,
2007,RS,8,88,125,LJU,PLHD,"ZUPAN, MIHA",2FGA,Missed Two Pointer,0,102,74,C,,,,11,10:00,22,21,
2007,RS,8,88,128,SIE,PBLH,"LAVRINOVIC, KSISTOF",2FGM,Two Pointer,2,-53,76,D,,,,11,10:00,22,23,
2007,RS,8,88,130,LJU,PAIV,"MILIC, MARKO",2FGA,Missed Two Pointer,0,184,164,C,,,,12,09:00,22,23,
2007,RS,8,88,135,LJU,PAPY,"HUKIC, JASMIN",3FGM,Three Pointer,3,-664,210,F,,,,13,08:00,25,23,
2007,RS,8,88,136,SIE,PBJR,"KAUKENAS, RIMANTAS",2FGA,Missed Two Pointer,0,-20,297,D,,,,13,08:00,25,23,
2007,RS,8,88,138,LJU,PTGK,"BAILEY, MAURICE",3FGA,Missed Three Pointer,0,-289,651,J,,,,13,08:00,25,23,
2007,RS,8,88,147,SIE,PJHL,"RESS, TOMAS",3FGM,Three Pointer,3,674,35,A,,,,14,07:00,25,26,
2007,RS,8,88,148,LJU,PTGK,"BAILEY, MAURICE",2FGA,Missed Two Pointer,0,-171,64,D,,,,14,07:00,25,26,
2007,RS,8,88,155,SIE,PCCA,"THORNTON, BOOTSY",3FGM,Three Pointer,3,-517,515,J,,,,14,07:00,25,29,
2007,RS,8,88,161,LJU,PAPY,"HUKIC, JASMIN",FTM,Free Throw In,1,-1,-1, ,,,,15,06:00,26,29,
2007,RS,8,88,165,SIE,PBLH,"LAVRINOVIC, KSISTOF",2FGM,Two Pointer,2,48,48,C,,,,15,06:00,26,31,
2007,RS,8,88,169,LJU,PTGG,"TAYLOR, RONELL",FTM,Free Throw In,1,-1,-1, ,,,,15,06:00,27,31,
2007,RS,8,88,173,SIE,PBLH,"LAVRINOVIC, KSISTOF",3FGA,Missed Three Pointer,0,653,128,A,,,,16,05:00,27,31,
2007,RS,8,88,176,LJU,PTGG,"TAYLOR, RONELL",2FGM,Two Pointer,2,48,71,C,,,,16,05:00,29,31,
2007,RS,8,88,179,SIE,PBLH,"LAVRINOVIC, KSISTOF",2FGM,Two Pointer,2,-82,189,D,,,,16,05:00,29,33,
2007,RS,8,88,183,SIE,PCCA,"THORNTON, BOOTSY",3FGA,Missed Three Pointer,0,669,153,A,,,,17,04:00,29,33,
2007,RS,8,88,195,LJU,PAPY,"HUKIC, JASMIN",3FGM,Three Pointer,3,664,192,A,,,,17,04:00,32,33,
2007,RS,8,88,197,SIE,PLMO,"SATO, ROMAIN",3FGM,Three Pointer,3,548,441,G,,,,18,03:00,32,36,
2007,RS,8,88,198,LJU,PAPY,"HUKIC, JASMIN",2FGA,Missed Two Pointer,0,223,351,B,,,,18,03:00,32,36,
2007,RS,8,88,200,LJU,PTGI,"DONCIC, SASA",2FGM,Two Pointer,2,30,74,C,,,,18,03:00,34,36,
2007,RS,8,88,212,LJU,PAIV,"MILIC, MARKO",2FGA,Missed Two Pointer,0,-61,48,D,,,,19,02:00,34,36,
2007,RS,8,88,215,SIE,PBLH,"LAVRINOVIC, KSISTOF",2FGAB,Missed Two Pointer,0,-48,43,D,,,,20,01:00,34,36,
2007,RS,8,88,221,SIE,PLMO,"SATO, ROMAIN",2FGA,Missed Two Pointer,0,43,315,C,,,,20,01:00,34,36,
2007,RS,8,88,223,LJU,PTHB,"DRAGIC, GORAN",2FGM,Two Pointer,2,84,56,C,,,,20,01:00,36,36,
2007,RS,8,88,226,LJU,PTHB,"DRAGIC, GORAN",FTM,Free Throw In,1,-1,-1, ,,,,20,01:00,37,36,
2007,RS,8,88,227,SIE,PBJR,"KAUKENAS, RIMANTAS",3FGA,Missed Three Pointer,0,17,671,G,,,,20,01:00,37,36,
2007,RS,8,88,236,LJU,PJYE,"RIZVIC, HASAN",2FGM,Two Pointer,2,451,38,B,,,,20,01:00,39,36,
2007,RS,8,88,245,SIE,PKWI,"MCINTYRE, TERRELL",3FGM,Three Pointer,3,-453,512,J,,,,21,10:00,39,39,
2007,RS,8,88,250,SIE,PBJR,"KAUKENAS, RIMANTAS",FTM,Free Throw In,1,-1,-1, ,,,,21,10:00,39,40,
2007,RS,8,88,251,SIE,PBJR,"KAUKENAS, RIMANTAS",FTM,Free Throw In,1,-1,-1, ,,,,21,10:00,39,41,
2007,RS,8,88,253,LJU,PJYE,"RIZVIC, HASAN",2FGA,Missed Two Pointer,0,-64,10,D,,,,22,09:00,39,41,
2007,RS,8,88,255,SIE,PBJR,"KAUKENAS, RIMANTAS",2FGM,Two Pointer,2,58,43,C,,,,22,09:00,39,43,
2007,RS,8,88,257,LJU,PAIV,"MILIC, MARKO",2FGM,Two Pointer,2,-51,15,D,,,,22,09:00,41,43,
2007,RS,8,88,258,SIE,PCCA,"THORNTON, BOOTSY",3FGA,Missed Three Pointer,0,315,648,G,,,,22,09:00,41,43,
2007,RS,8,88,261,LJU,PJYE,"RIZVIC, HASAN",2FGM,Two Pointer,2,76,7,C,,,,22,09:00,43,43,
2007,RS,8,88,267,SIE,PJOC,"STONEROOK, SHAUN",2FGA,Missed Two Pointer,0,97,7,C,,,,23,08:00,43,43,
2007,RS,8,88,270,LJU,PTHB,"DRAGIC, GORAN",2FGM,Two Pointer,2,64,23,C,,,,23,08:00,45,43,
2007,RS,8,88,272,SIE,PKWI,"MCINTYRE, TERRELL",3FGA,Missed Three Pointer,0,682,15,A,,,,24,07:00,45,43,
2007,RS,8,88,279,LJU,PAIV,"MILIC, MARKO",2FGM,Two Pointer,2,56,43,C,,,,24,07:00,47,43,
2007,RS,8,88,283,SIE,PBJR,"KAUKENAS, RIMANTAS",2FGA,Missed Two Pointer,0,-35,66,D,,,,24,07:00,47,43,
2007,RS,8,88,285,LJU,PLHD,"ZUPAN, MIHA",2FGM,Two Pointer,2,-112,46,D,,,,24,07:00,49,43,
2007,RS,8,88,289,SIE,PLMO,"SATO, ROMAIN",3FGA,Missed Three Pointer,0,707,130,A,,,,25,06:00,49,43,
2007,RS,8,88,291,LJU,PAIV,"MILIC, MARKO",2FGM,Two Pointer,2,-84,33,D,,,,25,06:00,51,43,
2007,RS,8,88,292,SIE,PLMO,"SATO, ROMAIN",2FGM,Two Pointer,2,97,28,C,,,,25,06:00,51,45,
2007,RS,8,88,297,SIE,PLMO,"SATO, ROMAIN",FTM,Free Throw In,1,-1,-1, ,,,,25,06:00,51,46,
2007,RS,8,88,298,LJU,PLHD,"ZUPAN, MIHA",2FGA,Missed Two Pointer,0,10,56,C,,,,25,06:00,51,46,
2007,RS,8,88,306,SIE,PBJR,"KAUKENAS, RIMANTAS",FTM,Free Throw In,1,-1,-1, ,,,,26,05:00,51,47,
2007,RS,8,88,307,SIE,PBJR,"KAUKENAS, RIMANTAS",FTM,Free Throw In,1,-1,-1, ,,,,26,05:00,51,48,
2007,RS,8,88,310,SIE,PLMO,"SATO, ROMAIN",2FGM,Two Pointer,2,87,58,C,,,,26,05:00,51,50,
2007,RS,8,88,312,LJU,PAPY,"HUKIC, JASMIN",2FGA,Missed Two Pointer,0,-382,76,E,,,,26,05:00,51,50,
2007,RS,8,88,314,SIE,PBLH,"LAVRINOVIC, KSISTOF",2FGA,Missed Two Pointer,0,-151,61,D,,,,27,04:00,51,50,
2007,RS,8,88,319,SIE,PKWI,"MCINTYRE, TERRELL",3FGM,Three Pointer,3,230,648,G,,,,27,04:00,51,53,
2007,RS,8,88,321,LJU,PLHD,"ZUPAN, MIHA",3FGM,Three Pointer,3,20,676,G,,,,28,03:00,54,53,
2007,RS,8,88,322,SIE,PKWI,"MCINTYRE, TERRELL",2FGAB,Missed Two Pointer,0,53,64,C,,,,28,03:00,54,53,
2007,RS,8,88,326,LJU,PAIV,"MILIC, MARKO",2FGM,Two Pointer,2,-53,35,D,,,,28,03:00,56,53,
2007,RS,8,88,335,SIE,PAPS,"ILIEVSKI, VLADO",3FGA,Missed Three Pointer,0,-523,458,J,,,,29,02:00,56,53,
2007,RS,8,88,341,LJU,PAIV,"MILIC, MARKO",FTM,Free Throw In,1,-1,-1, ,,,,29,02:00,57,53,
2007,RS,8,88,342,LJU,PAPY,"HUKIC, JASMIN",3FGA,Missed Three Pointer,0,-607,500,J,,,,29,02:00,57,53,
2007,RS,8,88,343,SIE,PLMO,"SATO, ROMAIN",2FGA,Missed Two Pointer,0,148,210,C,,,,29,02:00,57,53,
2007,RS,8,88,354,LJU,PTHB,"DRAGIC, GORAN",2FGM,Two Pointer,2,-94,33,D,,,,30,01:00,59,53,
2007,RS,8,88,355,SIE,PJOC,"STONEROOK, SHAUN",2FGA,Missed Two Pointer,0,28,58,C,,,,30,01:00,59,53,
2007,RS,8,88,359,LJU,PLHD,"ZUPAN, MIHA",FTM,Free Throw In,1,-1,-1, ,,,,30,01:00,60,53,
2007,RS,8,88,362,SIE,PAPS,"ILIEVSKI, VLADO",2FGM,Two Pointer,2,46,35,C,,,,30,01:00,60,55,
2007,RS,8,88,368,LJU,PLHD,"ZUPAN, MIHA",2FGAB,Missed Two Pointer,0,-76,25,D,,,,31,10:00,60,55,
2007,RS,8,88,371,LJU,PTHB,"DRAGIC, GORAN",2FGM,Two Pointer,2,-74,35,D,,,,31,10:00,62,55,
2007,RS,8,88,374,SIE,PAPS,"ILIEVSKI, VLADO",2FGAB,Missed Two Pointer,0,115,64,C,,,,31,10:00,62,55,
2007,RS,8,88,378,SIE,PAPS,"ILIEVSKI, VLADO",2FGAB,Missed Two Pointer,0,61,33,C,,,,31,10:00,62,55,
2007,RS,8,88,382,LJU,PLHD,"ZUPAN, MIHA",3FGA,Missed Three Pointer,0,-123,710,J,,,,31,10:00,62,55,
2007,RS,8,88,385,LJU,PTHB,"DRAGIC, GORAN",3FGA,Missed Three Pointer,0,-58,692,J,,,,32,09:00,62,55,
2007,RS,8,88,395,LJU,PAPY,"HUKIC, JASMIN",3FGA,Missed Three Pointer,0,-623,258,F,,,,33,08:00,62,55,
2007,RS,8,88,406,SIE,PBLH,"LAVRINOVIC, KSISTOF",FTM,Free Throw In,1,-1,-1, ,,,,33,08:00,62,56,
2007,RS,8,88,407,SIE,PBLH,"LAVRINOVIC, KSISTOF",FTM,Free Throw In,1,-1,-1, ,,,,33,08:00,62,57,
2007,RS,8,88,408,LJU,PLHD,"ZUPAN, MIHA",2FGM,Two Pointer,2,61,38,C,,,,33,08:00,64,57,
2007,RS,8,88,410,SIE,PBJR,"KAUKENAS, RIMANTAS",3FGM,Three Pointer,3,648,225,A,,,,34,07:00,64,60,
2007,RS,8,88,418,SIE,PBJR,"KAUKENAS, RIMANTAS",FTM,Free Throw In,1,-1,-1, ,,,,34,07:00,64,61,
2007,RS,8,88,419,SIE,PBJR,"KAUKENAS, RIMANTAS",FTM,Free Throw In,1,-1,-1, ,,,,34,07:00,64,62,
2007,RS,8,88,420,SIE,PCCA,"THORNTON, BOOTSY",2FGM,Two Pointer,2,264,235,B,,,,34,07:00,64,64,
2007,RS,8,88,424,LJU,PTGI,"DONCIC, SASA",FTM,Free Throw In,1,-1,-1, ,,,,35,06:00,65,64,
2007,RS,8,88,425,LJU,PTGI,"DONCIC, SASA",FTM,Free Throw In,1,-1,-1, ,,,,35,06:00,66,64,
2007,RS,8,88,427,SIE,PBLH,"LAVRINOVIC, KSISTOF",2FGM,Two Pointer,2,115,28,C,,,,35,06:00,66,66,
2007,RS,8,88,428,LJU,PTGI,"DONCIC, SASA",2FGM,Two Pointer,2,-394,97,E,,,,35,06:00,68,66,
2007,RS,8,88,430,SIE,PBJR,"KAUKENAS, RIMANTAS",2FGM,Two Pointer,2,176,64,C,,,,36,05:00,68,68,
2007,RS,8,88,435,SIE,PKWI,"MCINTYRE, TERRELL",3FGM,Three Pointer,3,325,610,G,,,,36,05:00,68,71,
2007,RS,8,88,436,LJU,PTHB,"DRAGIC, GORAN",3FGM,Three Pointer,3,-558,405,F,,,,36,05:00,71,71,
2007,RS,8,88,438,SIE,PKWI,"MCINTYRE, TERRELL",3FGM,Three Pointer,3,384,684,G,,,,37,04:00,71,74,
2007,RS,8,88,439,LJU,PAPY,"HUKIC, JASMIN",2FGA,Missed Two Pointer,0,-428,-7,E,,,,37,04:00,71,74,
2007,RS,8,88,447,SIE,PKWI,"MCINTYRE, TERRELL",2FGM,Two Pointer,2,105,17,C,,,,37,04:00,71,76,
2007,RS,8,88,450,LJU,PAIV,"MILIC, MARKO",2FGM,Two Pointer,2,-58,10,D,,,,37,04:00,73,76,
2007,RS,8,88,452,SIE,PCCA,"THORNTON, BOOTSY",2FGA,Missed Two Pointer,0,28,84,C,,,,38,03:00,73,76,
2007,RS,8,88,454,LJU,PTHB,"DRAGIC, GORAN",2FGM,Two Pointer,2,38,53,C,,,,38,03:00,75,76,
2007,RS,8,88,456,SIE,PKWI,"MCINTYRE, TERRELL",3FGM,Three Pointer,3,-12,735,J,,,,39,02:00,75,79,
2007,RS,8,88,458,LJU,PAIV,"MILIC, MARKO",2FGM,Two Pointer,2,-76,10,D,,,,39,02:00,77,79,
2007,RS,8,88,459,SIE,PBLH,"LAVRINOVIC, KSISTOF",3FGA,Missed Three Pointer,0,-653,158,F,,,,39,02:00,77,79,
2007,RS,8,88,461,LJU,PAIV,"MILIC, MARKO",2FGA,Missed Two Pointer,0,2,51,D,,,,39,02:00,77,79,
2007,RS,8,88,463,SIE,PKWI,"MCINTYRE, TERRELL",3FGM,Three Pointer,3,48,725,G,,,,39,02:00,77,82,
2007,RS,8,88,465,LJU,PAPY,"HUKIC, JASMIN",3FGA,Missed Three Pointer,0,-661,225,F,,,,40,01:00,77,82,
2007,RS,8,88,467,SIE,PBLH,"LAVRINOVIC, KSISTOF",2FGA,Missed Two Pointer,0,-107,35,D,,,,40,01:00,77,82,
2007,RS,8,88,471,LJU,PTGI,"DONCIC, SASA",3FGA,Missed Three Pointer,0,-682,30,F,,,,40,01:00,77,82,
2007,RS,8,88,475,SIE,PCCA,"THORNTON, BOOTSY",FTM,Free Throw In,1,-1,-1, ,,,,40,01:00,77,83,
2007,RS,8,88,476,SIE,PCCA,"THORNTON, BOOTSY",FTM,Free Throw In,1,-1,-1, ,,,,40,01:00,77,84,
2007,RS,8,88,477,LJU,PTGJ,"MOCNIK, JAN",3FGA,Missed Three Pointer,0,541,464,G,,,,40,01:00,77,84,
2007,RS,8,88,479,LJU,PTHB,"DRAGIC, GORAN",3FGM,Three Pointer,3,-630,248,F,,,,40,01:00,80,84,
2007,RS,8,88,480,SIE,PKWI,"MCINTYRE, TERRELL",3FGA,Missed Three Pointer,0,-284,671,J,,,,40,01:00,80,84,
2007,RS,8,88,486,SIE,PBJR,"KAUKENAS, RIMANTAS",FTM,Free Throw In,1,-1,-1, ,,,,40,01:00,80,85,
2007,RS,8,88,487,SIE,PBJR,"KAUKENAS, RIMANTAS",FTM,Free Throw In,1,-1,-1, ,,,,40,01:00,80,86,
2007,RS,8,88,490,SIE,PCCA,"THORNTON, BOOTSY",3FGA,Missed Three Pointer,0,674,-41,A,,,,40,01:00,80,86,
2007,RS,8,89,3,MAL,PAWS,"RODRIGUEZ, BERNI",2FGM,Two Pointer,2,71,10,C,,,,1,10:00,2,0,
2007,RS,8,89,4,ARI,PLGV,"MASSEY, JEREMIAH",2FGM,Two Pointer,2,87,46,C,,,,1,10:00,2,2,
2007,RS,8,89,5,MAL,PKMV,"HAISLIP, MARCUS",3FGA,Missed Three Pointer,0,2,697,G,,,,1,10:00,2,2,
2007,RS,8,89,8,ARI,PTEM,"WRIGHT, BRACEY",2FGM,Two Pointer,2,489,276,B,,,,2,09:00,2,4,
2007,RS,8,89,9,MAL,PAWS,"RODRIGUEZ, BERNI",3FGA,Missed Three Pointer,0,666,46,A,,,,2,09:00,2,4,
2007,RS,8,89,13,ARI,PLGV,"MASSEY, JEREMIAH",2FGAB,Missed Two Pointer,0,15,125,C,,,,2,09:00,2,4,
2007,RS,8,89,20,MAL,PTGE,"NDONG, BONIFACE",2FGM,Two Pointer,2,41,33,C,,,,3,08:00,4,4,
2007,RS,8,89,21,ARI,PBDH,"MOTTOLA, HANNO",2FGM,Two Pointer,2,-82,25,D,,,,3,08:00,4,6,
2007,RS,8,89,22,MAL,PKMV,"HAISLIP, MARCUS",3FGA,Missed Three Pointer,0,651,225,A,,,,3,08:00,4,6,
2007,RS,8,89,25,ARI,PLGM,"TSALDARIS, DIMITRIOS",2FGA,Missed Two Pointer,0,-153,43,D,,,,4,07:00,4,6,
2007,RS,8,89,27,ARI,PTEM,"WRIGHT, BRACEY",3FGA,Missed Three Pointer,0,-630,233,F,,,,4,07:00,4,6,
2007,RS,8,89,29,MAL,PAWS,"RODRIGUEZ, BERNI",2FGA,Missed Two Pointer,0,-133,48,D,,,,4,07:00,4,6,
2007,RS,8,89,34,ARI,PTEM,"WRIGHT, BRACEY",FTM,Free Throw In,1,-1,-1, ,,,,4,07:00,4,7,
2007,RS,8,89,35,MAL,PAGQ,"WELSCH, JIRI",2FGA,Missed Two Pointer,0,-169,25,D,,,,4,07:00,4,7,
2007,RS,8,89,39,MAL,PTGE,"NDONG, BONIFACE",2FGM,Two Pointer,2,84,10,C,,,,5,06:00,6,7,
2007,RS,8,89,40,ARI,PBDH,"MOTTOLA, HANNO",3FGA,Missed Three Pointer,0,-112,684,J,,,,5,06:00,6,7,
2007,RS,8,89,44,ARI,PLGM,"TSALDARIS, DIMITRIOS",3FGA,Missed Three Pointer,0,-674,-15,F,,,,5,06:00,6,7,
2007,RS,8,89,52,ARI,PTEM,"WRIGHT, BRACEY",2FGAB,Missed Two Pointer,0,105,30,C,,,,6,05:00,6,7,
2007,RS,8,89,56,MAL,PTGE,"NDONG, BONIFACE",2FGA,Missed Two Pointer,0,-112,102,D,,,,6,05:00,6,7,
2007,RS,8,89,62,ARI,PLGV,"MASSEY, JEREMIAH",3FGA,Missed Three Pointer,0,-364,579,J,,,,6,05:00,6,7,
2007,RS,8,89,71,ARI,PJIX,"AGADAKOS, LAZAROS",2FGA,Missed Two Pointer,0,23,453,H,,,,7,04:00,6,7,
2007,RS,8,89,73,MAL,PAWX,"CABEZAS, CARLOS",2FGA,Missed Two Pointer,0,5,212,C,,,,7,04:00,6,7,
2007,RS,8,89,79,MAL,PAWX,"CABEZAS, CARLOS",2FGM,Two Pointer,2,56,5,C,,,,7,04:00,8,7,
2007,RS,8,89,80,ARI,PJXV,"CASTLE, TERREL",2FGM,Two Pointer,2,-71,10,D,,,,7,04:00,8,9,
2007,RS,8,89,82,MAL,PAGQ,"WELSCH, JIRI",3FGA,Missed Three Pointer,0,182,658,G,,,,8,03:00,8,9,
2007,RS,8,89,84,ARI,PTEM,"WRIGHT, BRACEY",2FGA,Missed Two Pointer,0,0,241,D,,,,8,03:00,8,9,
2007,RS,8,89,87,MAL,PAWX,"CABEZAS, CARLOS",3FGM,Three Pointer,3,-684,38,F,,,,8,03:00,11,9,
2007,RS,8,89,89,ARI,PTEM,"WRIGHT, BRACEY",3FGA,Missed Three Pointer,0,602,325,A,,,,9,02:00,11,9,
2007,RS,8,89,91,MAL,PAAS,"JIMENEZ, CARLOS",3FGA,Missed Three Pointer,0,489,471,G,,,,9,02:00,11,9,
2007,RS,8,89,99,MAL,PAWX,"CABEZAS, CARLOS",FTM,Free Throw In,1,-1,-1, ,,,,9,02:00,12,9,
2007,RS,8,89,100,MAL,PAWX,"CABEZAS, CARLOS",FTM,Free Throw In,1,-1,-1, ,,,,9,02:00,13,9,
2007,RS,8,89,101,ARI,PLGV,"MASSEY, JEREMIAH",2FGA,Missed Two Pointer,0,7,179,C,,,,9,02:00,13,9,
2007,RS,8,89,104,MAL,PAGQ,"WELSCH, JIRI",3FGA,Missed Three Pointer,0,-523,443,J,,,,10,01:00,13,9,
2007,RS,8,89,106,ARI,PTEO,"TERRY, REYSHAWN",2FGA,Missed Two Pointer,0,-110,10,D,,,,10,01:00,13,9,
2007,RS,8,89,110,MAL,PAWX,"CABEZAS, CARLOS",3FGM,Three Pointer,3,402,546,G,,,,10,01:00,16,9,
2007,RS,8,89,113,MAL,PAGQ,"WELSCH, JIRI",2FGA,Missed Two Pointer,0,-56,5,D,,,,10,01:00,16,9,
2007,RS,8,89,122,MAL,PAWX,"CABEZAS, CARLOS",2FGM,Two Pointer,2,-61,12,D,,,,10,01:00,18,9,
2007,RS,8,89,135,ARI,PTEO,"TERRY, REYSHAWN",2FGM,Two Pointer,2,128,607,H,,,,11,10:00,18,11,
2007,RS,8,89,136,MAL,PAFJ,"KUS, DAVOR",2FGA,Missed Two Pointer,0,87,33,C,,,,11,10:00,18,11,
2007,RS,8,89,138,ARI,PAPI,"KALAITZIS, GEORGIOS",2FGAB,Missed Two Pointer,0,97,56,C,,,,11,10:00,18,11,
2007,RS,8,89,143,MAL,PAWX,"CABEZAS, CARLOS",2FGM,Two Pointer,2,200,520,H,,,,12,09:00,20,11,
2007,RS,8,89,144,ARI,PLGM,"TSALDARIS, DIMITRIOS",2FGM,Two Pointer,2,-302,435,I,,,,12,09:00,20,13,
2007,RS,8,89,145,MAL,PAWS,"RODRIGUEZ, BERNI",3FGA,Missed Three Pointer,0,505,451,G,,,,12,09:00,20,13,
2007,RS,8,89,147,ARI,PTEO,"TERRY, REYSHAWN",2FGA,Missed Two Pointer,0,-94,12,D,,,,12,09:00,20,13,
2007,RS,8,89,156,ARI,PLGM,"TSALDARIS, DIMITRIOS",2FGM,Two Pointer,2,333,364,B,,,,13,08:00,20,15,
2007,RS,8,89,157,MAL,PAFJ,"KUS, DAVOR",3FGA,Missed Three Pointer,0,205,635,G,,,,13,08:00,20,15,
2007,RS,8,89,160,ARI,PLGM,"TSALDARIS, DIMITRIOS",3FGA,Missed Three Pointer,0,-558,379,F,,,,14,07:00,20,15,
2007,RS,8,89,162,MAL,PAFJ,"KUS, DAVOR",3FGA,Missed Three Pointer,0,-605,305,F,,,,14,07:00,20,15,
2007,RS,8,89,170,MAL,PBIM,"GABRIEL, GERMAN",3FGA,Missed Three Pointer,0,-376,571,J,,,,14,07:00,20,15,
2007,RS,8,89,175,MAL,PAFJ,"KUS, DAVOR",2FGA,Missed Two Pointer,0,-56,17,D,,,,15,06:00,20,15,
2007,RS,8,89,185,MAL,PAAS,"JIMENEZ, CARLOS",FTM,Free Throw In,1,-1,-1, ,,,,15,06:00,21,15,
2007,RS,8,89,186,MAL,PAAS,"JIMENEZ, CARLOS",FTM,Free Throw In,1,-1,-1, ,,,,15,06:00,22,15,
2007,RS,8,89,190,ARI,PTEM,"WRIGHT, BRACEY",2FGA,Missed Two Pointer,0,-351,233,E,,,,16,05:00,22,15,
2007,RS,8,89,193,MAL,PKMV,"HAISLIP, MARCUS",2FGM,Two Pointer,2,-2,2,D,,,,16,05:00,24,15,
2007,RS,8,89,202,ARI,PBDH,"MOTTOLA, HANNO",2FGA,Missed Two Pointer,0,-133,51,D,,,,16,05:00,24,15,
2007,RS,8,89,205,MAL,PBOV,"POPOVIC, BOJAN",2FGA,Missed Two Pointer,0,-66,12,D,,,,17,04:00,24,15,
2007,RS,8,89,210,ARI,PTEM,"WRIGHT, BRACEY",3FGM,Three Pointer,3,397,553,G,,,,17,04:00,24,18,
2007,RS,8,89,215,MAL,PAAS,"JIMENEZ, CARLOS",FTM,Free Throw In,1,-1,-1, ,,,,17,04:00,25,18,
2007,RS,8,89,216,MAL,PAAS,"JIMENEZ, CARLOS",FTM,Free Throw In,1,-1,-1, ,,,,17,04:00,26,18,
2007,RS,8,89,218,ARI,PLGM,"TSALDARIS, DIMITRIOS",3FGA,Missed Three Pointer,0,502,464,G,,,,18,03:00,26,18,
2007,RS,8,89,226,ARI,PBDH,"MOTTOLA, HANNO",3FGM,Three Pointer,3,17,676,G,,,,18,03:00,26,21,
2007,RS,8,89,228,MAL,PLFX,"CHILINSKY, MICHAL",3FGM,Three Pointer,3,666,117,A,,,,18,03:00,29,21,
2007,RS,8,89,232,ARI,PLGM,"TSALDARIS, DIMITRIOS",3FGA,Missed Three Pointer,0,366,602,G,,,,19,02:00,29,21,
2007,RS,8,89,236,ARI,PLGV,"MASSEY, JEREMIAH",2FGAB,Missed Two Pointer,0,174,174,C,,,,19,02:00,29,21,
2007,RS,8,89,240,MAL,PKMV,"HAISLIP, MARCUS",2FGM,Two Pointer,2,-74,20,D,,,,19,02:00,31,21,
2007,RS,8,89,241,ARI,PLGV,"MASSEY, JEREMIAH",2FGM,Two Pointer,2,205,148,C,,,,19,02:00,31,23,
2007,RS,8,89,242,MAL,PBIM,"GABRIEL, GERMAN",2FGA,Missed Two Pointer,0,158,17,C,,,,19,02:00,31,23,
2007,RS,8,89,245,ARI,PLGM,"TSALDARIS, DIMITRIOS",3FGM,Three Pointer,3,607,294,A,,,,19,02:00,31,26,
2007,RS,8,89,247,MAL,PKMV,"HAISLIP, MARCUS",2FGA,Missed Two Pointer,0,605,15,B,,,,20,01:00,31,26,
2007,RS,8,89,255,MAL,PBOV,"POPOVIC, BOJAN",3FGA,Missed Three Pointer,0,-30,823,J,,,,20,01:00,31,26,
2007,RS,8,89,268,MAL,PKMV,"HAISLIP, MARCUS",2FGM,Two Pointer,2,17,97,C,,,,21,10:00,33,26,
2007,RS,8,89,269,ARI,PTEM,"WRIGHT, BRACEY",2FGA,Missed Two Pointer,0,12,484,H,,,,21,10:00,33,26,
2007,RS,8,89,272,MAL,PTGE,"NDONG, BONIFACE",2FGM,Two Pointer,2,2,5,D,,,,21,10:00,35,26,
2007,RS,8,89,277,MAL,PTGE,"NDONG, BONIFACE",2FGM,Two Pointer,2,5,10,C,,,,22,09:00,37,26,
2007,RS,8,89,279,ARI,PLGM,"TSALDARIS, DIMITRIOS",2FGA,Missed Two Pointer,0,-20,387,D,,,,22,09:00,37,26,
2007,RS,8,89,281,ARI,PTEM,"WRIGHT, BRACEY",2FGAB,Missed Two Pointer,0,17,51,C,,,,22,09:00,37,26,
2007,RS,8,89,286,MAL,PTGE,"NDONG, BONIFACE",2FGA,Missed Two Pointer,0,-105,15,D,,,,23,08:00,37,26,
2007,RS,8,89,291,ARI,PTEM,"WRIGHT, BRACEY",3FGM,Three Pointer,3,-520,456,J,,,,23,08:00,37,29,
2007,RS,8,89,293,MAL,PKMV,"HAISLIP, MARCUS",2FGM,Two Pointer,2,0,5,D,,,,23,08:00,39,29,
2007,RS,8,89,297,ARI,PLGV,"MASSEY, JEREMIAH",FTM,Free Throw In,1,-1,-1, ,,,,24,07:00,39,30,
2007,RS,8,89,298,ARI,PLGV,"MASSEY, JEREMIAH",FTM,Free Throw In,1,-1,-1, ,,,,24,07:00,39,31,
2007,RS,8,89,299,MAL,PAGQ,"WELSCH, JIRI",3FGA,Missed Three Pointer,0,217,641,G,,,,24,07:00,39,31,
2007,RS,8,89,304,ARI,PTEM,"WRIGHT, BRACEY",2FGAB,Missed Two Pointer,0,-61,43,D,,,,24,07:00,39,31,
2007,RS,8,89,306,ARI,PTEM,"WRIGHT, BRACEY",FTM,Free Throw In,1,-1,-1, ,,,,24,07:00,39,32,
2007,RS,8,89,309,MAL,PTGE,"NDONG, BONIFACE",2FGA,Missed Two Pointer,0,-89,371,D,,,,24,07:00,39,32,
2007,RS,8,89,311,MAL,PKMV,"HAISLIP, MARCUS",2FGM,Two Pointer,2,2,5,D,,,,24,07:00,41,32,
2007,RS,8,89,313,ARI,PLGV,"MASSEY, JEREMIAH",2FGA,Missed Two Pointer,0,-38,156,D,,,,25,06:00,41,32,
2007,RS,8,89,319,MAL,PKMV,"HAISLIP, MARCUS",FTM,Free Throw In,1,-1,-1, ,,,,25,06:00,42,32,
2007,RS,8,89,324,MAL,PAWS,"RODRIGUEZ, BERNI",2FGM,Two Pointer,2,-89,23,D,,,,25,06:00,44,32,
2007,RS,8,89,326,ARI,PBDH,"MOTTOLA, HANNO",3FGM,Three Pointer,3,553,389,A,,,,25,06:00,44,35,
2007,RS,8,89,328,MAL,PKMV,"HAISLIP, MARCUS",2FGA,Missed Two Pointer,0,-100,17,D,,,,26,05:00,44,35,
2007,RS,8,89,330,MAL,PTGE,"NDONG, BONIFACE",2FGA,Missed Two Pointer,0,-64,33,D,,,,26,05:00,44,35,
2007,RS,8,89,333,ARI,PLGM,"TSALDARIS, DIMITRIOS",2FGM,Two Pointer,2,-58,12,D,,,,26,05:00,44,37,
2007,RS,8,89,336,MAL,PAWS,"RODRIGUEZ, BERNI",2FGA,Missed Two Pointer,0,-48,146,D,,,,26,05:00,44,37,
2007,RS,8,89,339,ARI,PLGM,"TSALDARIS, DIMITRIOS",2FGA,Missed Two Pointer,0,-94,38,D,,,,27,04:00,44,37,
2007,RS,8,89,343,ARI,PLGV,"MASSEY, JEREMIAH",3FGA,Missed Three Pointer,0,-43,707,J,,,,27,04:00,44,37,
2007,RS,8,89,346,MAL,PKMV,"HAISLIP, MARCUS",2FGA,Missed Two Pointer,0,-97,7,D,,,,28,03:00,44,37,
2007,RS,8,89,348,MAL,PAGQ,"WELSCH, JIRI",2FGA,Missed Two Pointer,0,-5,351,D,,,,28,03:00,44,37,
2007,RS,8,89,354,ARI,PBDH,"MOTTOLA, HANNO",FTM,Free Throw In,1,-1,-1, ,,,,28,03:00,44,38,
2007,RS,8,89,355,ARI,PBDH,"MOTTOLA, HANNO",FTM,Free Throw In,1,-1,-1, ,,,,28,03:00,44,39,
2007,RS,8,89,356,MAL,PKMV,"HAISLIP, MARCUS",2FGM,Two Pointer,2,12,174,C,,,,28,03:00,46,39,
2007,RS,8,89,366,MAL,PAGQ,"WELSCH, JIRI",FTM,Free Throw In,1,-1,-1, ,,,,29,02:00,47,39,
2007,RS,8,89,367,MAL,PAGQ,"WELSCH, JIRI",FTM,Free Throw In,1,-1,-1, ,,,,29,02:00,48,39,
2007,RS,8,89,368,ARI,PTEM,"WRIGHT, BRACEY",2FGA,Missed Two Pointer,0,161,38,C,,,,29,02:00,48,39,
2007,RS,8,89,370,ARI,PLGV,"MASSEY, JEREMIAH",2FGM,Two Pointer,2,-53,10,D,,,,29,02:00,48,41,
2007,RS,8,89,371,MAL,PAGQ,"WELSCH, JIRI",2FGM,Two Pointer,2,56,33,C,,,,29,02:00,50,41,
2007,RS,8,89,373,ARI,PBDH,"MOTTOLA, HANNO",2FGM,Two Pointer,2,5,102,C,,,,30,01:00,50,43,
2007,RS,8,89,374,MAL,PAFJ,"KUS, DAVOR",2FGM,Two Pointer,2,82,25,C,,,,30,01:00,52,43,
2007,RS,8,89,375,ARI,PTEM,"WRIGHT, BRACEY",2FGA,Missed Two Pointer,0,348,10,B,,,,30,01:00,52,43,
2007,RS,8,89,378,MAL,PBIM,"GABRIEL, GERMAN",3FGM,Three Pointer,3,71,671,G,,,,30,01:00,55,43,
2007,RS,8,89,390,MAL,PBOV,"POPOVIC, BOJAN",3FGM,Three Pointer,3,576,341,A,,,,31,10:00,58,43,
2007,RS,8,89,395,MAL,PAFJ,"KUS, DAVOR",3FGM,Three Pointer,3,451,553,G,,,,31,10:00,61,43,
2007,RS,8,89,397,ARI,PTEO,"TERRY, REYSHAWN",2FGA,Missed Two Pointer,0,-300,435,I,,,,32,09:00,61,43,
2007,RS,8,89,399,ARI,PLGM,"TSALDARIS, DIMITRIOS",2FGAB,Missed Two Pointer,0,241,33,C,,,,32,09:00,61,43,
2007,RS,8,89,403,ARI,PLGM,"TSALDARIS, DIMITRIOS",2FGA,Missed Two Pointer,0,71,15,C,,,,32,09:00,61,43,
2007,RS,8,89,408,MAL,PAGQ,"WELSCH, JIRI",2FGM,Two Pointer,2,-7,279,D,,,,33,08:00,63,43,
2007,RS,8,89,412,ARI,PLGM,"TSALDARIS, DIMITRIOS",2FGA,Missed Two Pointer,0,-305,220,E,,,,33,08:00,63,43,
2007,RS,8,89,416,ARI,PLGV,"MASSEY, JEREMIAH",2FGM,Two Pointer,2,-7,2,D,,,,33,08:00,63,45,
2007,RS,8,89,420,ARI,PAPI,"KALAITZIS, GEORGIOS",3FGA,Missed Three Pointer,0,-671,15,F,,,,34,07:00,63,45,
2007,RS,8,89,423,MAL,PKMV,"HAISLIP, MARCUS",2FGM,Two Pointer,2,0,10,D,,,,34,07:00,65,45,
2007,RS,8,89,428,MAL,PKMV,"HAISLIP, MARCUS",FTM,Free Throw In,1,-1,-1, ,,,,34,07:00,66,45,
2007,RS,8,89,433,ARI,PTEM,"WRIGHT, BRACEY",FTM,Free Throw In,1,-1,-1, ,,,,35,06:00,66,46,
2007,RS,8,89,434,MAL,PBOV,"POPOVIC, BOJAN",3FGM,Three Pointer,3,-443,535,J,,,,35,06:00,69,46,
2007,RS,8,89,435,ARI,PTEM,"WRIGHT, BRACEY",3FGA,Missed Three Pointer,0,392,561,G,,,,35,06:00,69,46,
2007,RS,8,89,438,MAL,PKMV,"HAISLIP, MARCUS",2FGM,Two Pointer,2,-64,15,D,,,,35,06:00,71,46,
2007,RS,8,89,448,ARI,PBAO,"SERAPINAS, SIMONAS",3FGM,Three Pointer,3,128,669,G,,,,36,05:00,71,49,
2007,RS,8,89,449,MAL,PAFJ,"KUS, DAVOR",3FGA,Missed Three Pointer,0,-671,56,F,,,,36,05:00,71,49,
2007,RS,8,89,458,ARI,PLGM,"TSALDARIS, DIMITRIOS",2FGM,Two Pointer,2,53,33,C,,,,37,04:00,71,51,
2007,RS,8,89,459,MAL,PAFJ,"KUS, DAVOR",3FGA,Missed Three Pointer,0,-671,194,F,,,,37,04:00,71,51,
2007,RS,8,89,462,MAL,PAFJ,"KUS, DAVOR",2FGA,Missed Two Pointer,0,120,43,C,,,,37,04:00,71,51,
2007,RS,8,89,467,ARI,PLGV,"MASSEY, JEREMIAH",2FGAB,Missed Two Pointer,0,76,10,C,,,,38,03:00,71,51,
2007,RS,8,89,477,MAL,PLFX,"CHILINSKY, MICHAL",2FGM,Two Pointer,2,61,20,C,,,,39,02:00,73,51,
2007,RS,8,89,478,ARI,PLGV,"MASSEY, JEREMIAH",3FGA,Missed Three Pointer,0,669,-30,A,,,,39,02:00,73,51,
2007,RS,8,89,480,MAL,PBOV,"POPOVIC, BOJAN",3FGA,Missed Three Pointer,0,-15,694,J,,,,39,02:00,73,51,
2007,RS,8,89,485,ARI,PJXV,"CASTLE, TERREL",FTM,Free Throw In,1,-1,-1, ,,,,39,02:00,73,52,
2007,RS,8,89,488,ARI,PBAO,"SERAPINAS, SIMONAS",3FGA,Missed Three Pointer,0,-692,35,F,,,,40,01:00,73,52,
2007,RS,8,89,496,ARI,PJXV,"CASTLE, TERREL",3FGA,Missed Three Pointer,0,-48,841,J,,,,40,01:00,73,52,
2007,RS,8,90,2,IST,PKNG,"NICHOLAS, DREW",2FGM,Two Pointer,2,235,405,B,,,,1,10:00,2,0,
2007,RS,8,90,3,CIB,PLUI,"HOSKIN, SAM",2FGM,Two Pointer,2,-174,541,I,,,,1,10:00,2,2,
2007,RS,8,90,5,IST,PAWN,"GONLUM, KEREM",2FGM,Two Pointer,2,-92,28,D,,,,1,10:00,4,2,
2007,RS,8,90,11,IST,PAWN,"GONLUM, KEREM",2FGAB,Missed Two Pointer,0,-25,94,D,,,,2,09:00,4,2,
2007,RS,8,90,14,CIB,PKXF,"AYUSO, LARRY",3FGM,Three Pointer,3,5,674,G,,,,2,09:00,4,5,
2007,RS,8,90,18,IST,PBXD,"PENN, JAMES",3FGM,Three Pointer,3,687,-33,A,,,,3,08:00,7,5,
2007,RS,8,90,20,CIB,PAPL,"MULAOMEROVIC, DAMIR",3FGA,Missed Three Pointer,0,-182,638,J,,,,3,08:00,7,5,
2007,RS,8,90,24,IST,PKCH,"HUTSON, ANDRE",2FGM,Two Pointer,2,-271,-2,E,,,,3,08:00,9,5,
2007,RS,8,90,25,CIB,PLCC,"WARREN, CHRIS",3FGA,Missed Three Pointer,0,464,500,G,,,,3,08:00,9,5,
2007,RS,8,90,29,CIB,PJDQ,"ANDRIC, LUKSA",3FGA,Missed Three Pointer,0,-56,697,J,,,,3,08:00,9,5,
2007,RS,8,90,31,IST,PKOJ,"GREGORY, KENNY",2FGM,Two Pointer,2,48,-2,C,,,,3,08:00,11,5,
2007,RS,8,90,37,CIB,PJDQ,"ANDRIC, LUKSA",FTM,Free Throw In,1,-1,-1, ,,,,4,07:00,11,6,
2007,RS,8,90,39,IST,PKNG,"NICHOLAS, DREW",2FGA,Missed Two Pointer,0,258,364,B,,,,5,06:00,11,6,
2007,RS,8,90,48,IST,PKNG,"NICHOLAS, DREW",3FGM,Three Pointer,3,697,-48,A,,,,5,06:00,14,6,
2007,RS,8,90,50,CIB,PAPL,"MULAOMEROVIC, DAMIR",3FGA,Missed Three Pointer,0,-594,369,F,,,,5,06:00,14,6,
2007,RS,8,90,54,CIB,PAPL,"MULAOMEROVIC, DAMIR",2FGM,Two Pointer,2,146,48,C,,,,5,06:00,14,8,
2007,RS,8,90,57,CIB,PLUI,"HOSKIN, SAM",2FGM,Two Pointer,2,202,51,C,,,,6,05:00,14,10,
2007,RS,8,90,60,IST,PKOJ,"GREGORY, KENNY",3FGM,Three Pointer,3,-682,-51,F,,,,7,04:00,17,10,
2007,RS,8,90,62,CIB,PKXF,"AYUSO, LARRY",2FGM,Two Pointer,2,374,294,B,,,,7,04:00,17,12,
2007,RS,8,90,63,IST,PKCH,"HUTSON, ANDRE",2FGM,Two Pointer,2,-5,335,D,,,,7,04:00,19,12,
2007,RS,8,90,72,CIB,PKXF,"AYUSO, LARRY",3FGA,Missed Three Pointer,0,-476,507,J,,,,8,03:00,19,12,
2007,RS,8,90,77,IST,PBKM,"KUQO, ERMAL",FTM,Free Throw In,1,-1,-1, ,,,,8,03:00,20,12,
2007,RS,8,90,82,CIB,PLCC,"WARREN, CHRIS",3FGM,Three Pointer,3,-666,61,F,,,,8,03:00,20,15,
2007,RS,8,90,85,IST,PKNG,"NICHOLAS, DREW",3FGA,Missed Three Pointer,0,-610,510,J,,,,9,02:00,20,15,
2007,RS,8,90,94,CIB,PTFD,"VUKUSIC, VEDRAN",FTM,Free Throw In,1,-1,-1, ,,,,9,02:00,20,16,
2007,RS,8,90,95,CIB,PTFD,"VUKUSIC, VEDRAN",FTM,Free Throw In,1,-1,-1, ,,,,9,02:00,20,17,
2007,RS,8,90,96,IST,PBXD,"PENN, JAMES",3FGA,Missed Three Pointer,0,-669,174,F,,,,9,02:00,20,17,
2007,RS,8,90,103,IST,PTFG,"WOODS, LOREN",FTM,Free Throw In,1,-1,-1, ,,,,10,01:00,21,17,
2007,RS,8,90,104,IST,PTFG,"WOODS, LOREN",FTM,Free Throw In,1,-1,-1, ,,,,10,01:00,22,17,
2007,RS,8,90,106,IST,PBDQ,"ERDOGAN, SERKAN",3FGM,Three Pointer,3,-258,648,J,,,,10,01:00,25,17,
2007,RS,8,90,113,CIB,PAPL,"MULAOMEROVIC, DAMIR",FTM,Free Throw In,1,-1,-1, ,,,,10,01:00,25,18,
2007,RS,8,90,114,IST,PARN,"ARSLAN, ENDER",3FGA,Missed Three Pointer,0,482,494,G,,,,10,01:00,25,18,
2007,RS,8,90,121,CIB,PLCC,"WARREN, CHRIS",3FGA,Missed Three Pointer,0,-710,20,F,,,,11,10:00,25,18,
2007,RS,8,90,127,CIB,PTFE,"KELLEY, TRE",2FGM,Two Pointer,2,-210,102,D,,,,11,10:00,25,20,
2007,RS,8,90,132,CIB,PTFE,"KELLEY, TRE",FTM,Free Throw In,1,-1,-1, ,,,,11,10:00,25,21,
2007,RS,8,90,144,IST,PBDQ,"ERDOGAN, SERKAN",FTM,Free Throw In,1,-1,-1, ,,,,12,09:00,26,21,
2007,RS,8,90,145,IST,PBDQ,"ERDOGAN, SERKAN",FTM,Free Throw In,1,-1,-1, ,,,,12,09:00,27,21,
2007,RS,8,90,146,CIB,PLCC,"WARREN, CHRIS",2FGM,Two Pointer,2,-484,33,E,,,,12,09:00,27,23,
2007,RS,8,90,147,IST,PBDQ,"ERDOGAN, SERKAN",3FGM,Three Pointer,3,579,348,A,,,,12,09:00,30,23,
2007,RS,8,90,154,IST,PKCH,"HUTSON, ANDRE",2FGAB,Missed Two Pointer,0,169,38,C,,,,13,08:00,30,23,
2007,RS,8,90,158,IST,PBDQ,"ERDOGAN, SERKAN",3FGA,Missed Three Pointer,0,-592,351,F,,,,13,08:00,30,23,
2007,RS,8,90,166,CIB,PJDQ,"ANDRIC, LUKSA",FTM,Free Throw In,1,-1,-1, ,,,,14,07:00,30,24,
2007,RS,8,90,167,IST,PKCH,"HUTSON, ANDRE",2FGM,Two Pointer,2,-87,5,D,,,,14,07:00,32,24,
2007,RS,8,90,169,CIB,PLCC,"WARREN, CHRIS",3FGA,Missed Three Pointer,0,-548,387,F,,,,14,07:00,32,24,
2007,RS,8,90,178,IST,PTFG,"WOODS, LOREN",2FGA,Missed Two Pointer,0,258,202,B,,,,14,07:00,32,24,
2007,RS,8,90,186,CIB,PJDQ,"ANDRIC, LUKSA",FTM,Free Throw In,1,-1,-1, ,,,,15,06:00,32,25,
2007,RS,8,90,187,IST,PKOJ,"GREGORY, KENNY",2FGA,Missed Two Pointer,0,-194,66,D,,,,15,06:00,32,25,
2007,RS,8,90,190,IST,PKNG,"NICHOLAS, DREW",FTM,Free Throw In,1,-1,-1, ,,,,15,06:00,33,25,
2007,RS,8,90,191,IST,PKNG,"NICHOLAS, DREW",FTM,Free Throw In,1,-1,-1, ,,,,15,06:00,34,25,
2007,RS,8,90,192,CIB,PTFE,"KELLEY, TRE",2FGM,Two Pointer,2,2,97,D,,,,15,06:00,34,27,
2007,RS,8,90,194,IST,PKNG,"NICHOLAS, DREW",3FGA,Missed Three Pointer,0,-676,-35,F,,,,16,05:00,34,27,
2007,RS,8,90,196,IST,PKOJ,"GREGORY, KENNY",2FGM,Two Pointer,2,58,23,C,,,,16,05:00,36,27,
2007,RS,8,90,200,IST,PKOJ,"GREGORY, KENNY",FTM,Free Throw In,1,-1,-1, ,,,,16,05:00,37,27,
2007,RS,8,90,201,CIB,PLCC,"WARREN, CHRIS",2FGM,Two Pointer,2,-17,164,D,,,,16,05:00,37,29,
2007,RS,8,90,202,IST,PBXD,"PENN, JAMES",3FGM,Three Pointer,3,-548,433,J,,,,16,05:00,40,29,
2007,RS,8,90,203,CIB,PJDQ,"ANDRIC, LUKSA",2FGM,Two Pointer,2,-53,15,D,,,,16,05:00,40,31,
2007,RS,8,90,206,IST,PKNG,"NICHOLAS, DREW",2FGA,Missed Two Pointer,0,-230,120,D,,,,17,04:00,40,31,
2007,RS,8,90,208,CIB,PTFD,"VUKUSIC, VEDRAN",3FGA,Missed Three Pointer,0,-682,-17,F,,,,17,04:00,40,31,
2007,RS,8,90,210,CIB,PJDQ,"ANDRIC, LUKSA",2FGM,Two Pointer,2,10,66,C,,,,17,04:00,40,33,
2007,RS,8,90,212,IST,PAWN,"GONLUM, KEREM",2FGM,Two Pointer,2,12,7,C,,,,17,04:00,42,33,
2007,RS,8,90,214,CIB,PTFE,"KELLEY, TRE",3FGA,Missed Three Pointer,0,-110,676,J,,,,17,04:00,42,33,
2007,RS,8,90,217,CIB,PJJV,"ROZIC, MARIN",2FGM,Two Pointer,2,87,41,C,,,,18,03:00,42,35,
2007,RS,8,90,223,IST,PKNG,"NICHOLAS, DREW",FTM,Free Throw In,1,-1,-1, ,,,,18,03:00,43,35,
2007,RS,8,90,225,IST,PKOJ,"GREGORY, KENNY",2FGM,Two Pointer,2,-7,17,D,,,,18,03:00,45,35,
2007,RS,8,90,230,CIB,PLUI,"HOSKIN, SAM",2FGA,Missed Two Pointer,0,61,69,C,,,,18,03:00,45,35,
2007,RS,8,90,235,IST,PBXD,"PENN, JAMES",FTM,Free Throw In,1,-1,-1, ,,,,19,02:00,46,35,
2007,RS,8,90,236,IST,PBXD,"PENN, JAMES",FTM,Free Throw In,1,-1,-1, ,,,,19,02:00,47,35,
2007,RS,8,90,237,CIB,PJJV,"ROZIC, MARIN",2FGAB,Missed Two Pointer,0,-12,117,D,,,,19,02:00,47,35,
2007,RS,8,90,241,IST,PKNG,"NICHOLAS, DREW",3FGM,Three Pointer,3,-684,-105,F,,,,19,02:00,50,35,
2007,RS,8,90,243,CIB,PTFE,"KELLEY, TRE",2FGA,Missed Two Pointer,0,500,-33,B,,,,19,02:00,50,35,
2007,RS,8,90,245,CIB,PLUI,"HOSKIN, SAM",2FGM,Two Pointer,2,51,89,C,,,,19,02:00,50,37,
2007,RS,8,90,252,CIB,PLUI,"HOSKIN, SAM",FTM,Free Throw In,1,-1,-1, ,,,,19,02:00,50,38,
2007,RS,8,90,254,IST,PKCH,"HUTSON, ANDRE",2FGA,Missed Two Pointer,0,428,371,B,,,,20,01:00,50,38,
2007,RS,8,90,259,IST,PKOJ,"GREGORY, KENNY",2FGM,Two Pointer,2,5,10,C,,,,20,01:00,52,38,
2007,RS,8,90,261,CIB,PKXF,"AYUSO, LARRY",3FGM,Three Pointer,3,-525,382,F,,,,20,01:00,52,41,
2007,RS,8,90,265,CIB,PKXF,"AYUSO, LARRY",FTM,Free Throw In,1,-1,-1, ,,,,20,01:00,52,42,
2007,RS,8,90,266,IST,PKNG,"NICHOLAS, DREW",3FGA,Missed Three Pointer,0,-15,1010,J,,,,20,01:00,52,42,
2007,RS,8,90,279,IST,PKCH,"HUTSON, ANDRE",2FGM,Two Pointer,2,89,79,C,,,,21,10:00,54,42,
2007,RS,8,90,285,IST,PBKM,"KUQO, ERMAL",2FGM,Two Pointer,2,84,53,C,,,,21,10:00,56,42,
2007,RS,8,90,286,CIB,PJDQ,"ANDRIC, LUKSA",2FGM,Two Pointer,2,105,74,C,,,,21,10:00,56,44,
2007,RS,8,90,292,CIB,PAPL,"MULAOMEROVIC, DAMIR",3FGA,Missed Three Pointer,0,348,576,G,,,,21,10:00,56,44,
2007,RS,8,90,296,CIB,PLCC,"WARREN, CHRIS",2FGM,Two Pointer,2,-12,-2,D,,,,21,10:00,56,46,
2007,RS,8,90,299,IST,PBKM,"KUQO, ERMAL",3FGM,Three Pointer,3,-35,700,J,,,,23,08:00,59,46,
2007,RS,8,90,304,CIB,PKXF,"AYUSO, LARRY",3FGA,Missed Three Pointer,0,335,610,G,,,,23,08:00,59,46,
2007,RS,8,90,306,IST,PBKM,"KUQO, ERMAL",3FGM,Three Pointer,3,282,630,G,,,,23,08:00,62,46,
2007,RS,8,90,311,CIB,PKXF,"AYUSO, LARRY",FTM,Free Throw In,1,-1,-1, ,,,,24,07:00,62,47,
2007,RS,8,90,312,CIB,PKXF,"AYUSO, LARRY",FTM,Free Throw In,1,-1,-1, ,,,,24,07:00,62,48,
2007,RS,8,90,313,IST,PBXD,"PENN, JAMES",3FGM,Three Pointer,3,-346,566,J,,,,24,07:00,65,48,
2007,RS,8,90,316,IST,PKNG,"NICHOLAS, DREW",2FGM,Two Pointer,2,-92,35,D,,,,24,07:00,67,48,
2007,RS,8,90,322,IST,PKNG,"NICHOLAS, DREW",FTM,Free Throw In,1,-1,-1, ,,,,24,07:00,68,48,
2007,RS,8,90,324,CIB,PAPL,"MULAOMEROVIC, DAMIR",2FGA,Missed Two Pointer,0,-135,43,D,,,,24,07:00,68,48,
2007,RS,8,90,328,IST,PKNG,"NICHOLAS, DREW",3FGM,Three Pointer,3,574,407,A,,,,25,06:00,71,48,
2007,RS,8,90,336,CIB,PLUI,"HOSKIN, SAM",FTM,Free Throw In,1,-1,-1, ,,,,25,06:00,71,49,
2007,RS,8,90,337,CIB,PLUI,"HOSKIN, SAM",FTM,Free Throw In,1,-1,-1, ,,,,25,06:00,71,50,
2007,RS,8,90,338,IST,PKCH,"HUTSON, ANDRE",2FGM,Two Pointer,2,0,-5,D,,,,25,06:00,73,50,
2007,RS,8,90,343,CIB,PLUI,"HOSKIN, SAM",2FGA,Missed Two Pointer,0,-100,48,D,,,,26,05:00,73,50,
2007,RS,8,90,346,CIB,PTFE,"KELLEY, TRE",2FGA,Missed Two Pointer,0,169,330,C,,,,26,05:00,73,50,
2007,RS,8,90,350,IST,PKOJ,"GREGORY, KENNY",2FGA,Missed Two Pointer,0,-12,392,D,,,,26,05:00,73,50,
2007,RS,8,90,354,CIB,PLCC,"WARREN, CHRIS",2FGA,Missed Two Pointer,0,-451,102,E,,,,27,04:00,73,50,
2007,RS,8,90,356,CIB,PLCC,"WARREN, CHRIS",2FGA,Missed Two Pointer,0,-28,166,D,,,,27,04:00,73,50,
2007,RS,8,90,358,CIB,PLCC,"WARREN, CHRIS",2FGA,Missed Two Pointer,0,-61,76,D,,,,27,04:00,73,50,
2007,RS,8,90,362,CIB,PLCC,"WARREN, CHRIS",FTM,Free Throw In,1,-1,-1, ,,,,27,04:00,73,51,
2007,RS,8,90,363,CIB,PLCC,"WARREN, CHRIS",FTM,Free Throw In,1,-1,-1, ,,,,27,04:00,73,52,
2007,RS,8,90,365,IST,PKCH,"HUTSON, ANDRE",2FGM,Two Pointer,2,-458,10,E,,,,28,03:00,75,52,
2007,RS,8,90,367,CIB,PLCC,"WARREN, CHRIS",3FGA,Missed Three Pointer,0,338,607,G,,,,28,03:00,75,52,
2007,RS,8,90,370,IST,PKOJ,"GREGORY, KENNY",2FGM,Two Pointer,2,0,7,D,,,,28,03:00,77,52,
2007,RS,8,90,377,CIB,PLCC,"WARREN, CHRIS",FTM,Free Throw In,1,-1,-1, ,,,,28,03:00,77,53,
2007,RS,8,90,379,CIB,PTFE,"KELLEY, TRE",2FGAB,Missed Two Pointer,0,28,123,C,,,,28,03:00,77,53,
2007,RS,8,90,382,IST,PARN,"ARSLAN, ENDER",2FGA,Missed Two Pointer,0,-205,94,D,,,,28,03:00,77,53,
2007,RS,8,90,384,CIB,PLCC,"WARREN, CHRIS",2FGM,Two Pointer,2,179,66,C,,,,28,03:00,77,55,
2007,RS,8,90,386,IST,PBDQ,"ERDOGAN, SERKAN",3FGA,Missed Three Pointer,0,423,558,G,,,,29,02:00,77,55,
2007,RS,8,90,393,IST,PARN,"ARSLAN, ENDER",3FGA,Missed Three Pointer,0,-669,-10,F,,,,29,02:00,77,55,
2007,RS,8,90,395,IST,PKOJ,"GREGORY, KENNY",2FGM,Two Pointer,2,0,58,D,,,,29,02:00,79,55,
2007,RS,8,90,398,CIB,PTFD,"VUKUSIC, VEDRAN",2FGM,Two Pointer,2,23,294,C,,,,30,01:00,79,57,
2007,RS,8,90,403,IST,PBDQ,"ERDOGAN, SERKAN",3FGA,Missed Three Pointer,0,-502,479,J,,,,30,01:00,79,57,
2007,RS,8,90,409,CIB,PLCC,"WARREN, CHRIS",FTM,Free Throw In,1,-1,-1, ,,,,30,01:00,79,58,
2007,RS,8,90,410,CIB,PLCC,"WARREN, CHRIS",FTM,Free Throw In,1,-1,-1, ,,,,30,01:00,79,59,
2007,RS,8,90,411,CIB,PTFE,"KELLEY, TRE",2FGAB,Missed Two Pointer,0,261,146,B,,,,30,01:00,79,59,
2007,RS,8,90,421,IST,PTFG,"WOODS, LOREN",2FGA,Missed Two Pointer,0,79,61,C,,,,31,10:00,79,59,
2007,RS,8,90,423,CIB,PTFD,"VUKUSIC, VEDRAN",3FGM,Three Pointer,3,-553,407,F,,,,31,10:00,79,62,
2007,RS,8,90,427,IST,PTFG,"WOODS, LOREN",2FGM,Two Pointer,2,-223,117,D,,,,31,10:00,81,62,
2007,RS,8,90,429,CIB,PTFE,"KELLEY, TRE",3FGA,Missed Three Pointer,0,-600,500,J,,,,32,09:00,81,62,
2007,RS,8,90,431,IST,PKNG,"NICHOLAS, DREW",3FGA,Missed Three Pointer,0,-423,543,J,,,,32,09:00,81,62,
2007,RS,8,90,435,IST,PKCH,"HUTSON, ANDRE",2FGA,Missed Two Pointer,0,92,74,C,,,,32,09:00,81,62,
2007,RS,8,90,437,IST,PKCH,"HUTSON, ANDRE",2FGM,Two Pointer,2,43,30,C,,,,32,09:00,83,62,
2007,RS,8,90,445,IST,PTFG,"WOODS, LOREN",2FGA,Missed Two Pointer,0,69,69,C,,,,33,08:00,83,62,
2007,RS,8,90,447,IST,PKCH,"HUTSON, ANDRE",2FGM,Two Pointer,2,53,71,C,,,,33,08:00,85,62,
2007,RS,8,90,452,CIB,PKXF,"AYUSO, LARRY",3FGA,Missed Three Pointer,0,679,17,A,,,,33,08:00,85,62,
2007,RS,8,90,461,IST,PBKM,"KUQO, ERMAL",2FGM,Two Pointer,2,41,138,C,,,,34,07:00,87,62,
2007,RS,8,90,466,IST,PKNG,"NICHOLAS, DREW",3FGA,Missed Three Pointer,0,297,820,G,,,,35,06:00,87,62,
2007,RS,8,90,470,CIB,PTFD,"VUKUSIC, VEDRAN",2FGM,Two Pointer,2,10,0,C,,,,35,06:00,87,64,
2007,RS,8,90,480,IST,PTFG,"WOODS, LOREN",FTM,Free Throw In,1,-1,-1, ,,,,36,05:00,88,64,
2007,RS,8,90,483,CIB,PKXF,"AYUSO, LARRY",3FGA,Missed Three Pointer,0,487,487,G,,,,36,05:00,88,64,
2007,RS,8,90,490,IST,PKNG,"NICHOLAS, DREW",FTM,Free Throw In,1,-1,-1, ,,,,36,05:00,89,64,
2007,RS,8,90,493,CIB,PJJV,"ROZIC, MARIN",2FGM,Two Pointer,2,-5,0,D,,,,36,05:00,89,66,
2007,RS,8,90,498,IST,PAWN,"GONLUM, KEREM",FTM,Free Throw In,1,-1,-1, ,,,,37,04:00,90,66,
2007,RS,8,90,499,CIB,PJJV,"ROZIC, MARIN",3FGA,Missed Three Pointer,0,-487,471,J,,,,37,04:00,90,66,
2007,RS,8,90,501,CIB,PBCB,"ZORIC, LUKA",2FGAB,Missed Two Pointer,0,64,89,C,,,,37,04:00,90,66,
2007,RS,8,90,505,IST,PKNG,"NICHOLAS, DREW",2FGM,Two Pointer,2,66,61,C,,,,37,04:00,92,66,
2007,RS,8,90,508,CIB,PBCB,"ZORIC, LUKA",2FGM,Two Pointer,2,-10,102,D,,,,38,03:00,92,68,
2007,RS,8,90,510,IST,PARN,"ARSLAN, ENDER",3FGM,Three Pointer,3,-297,628,J,,,,38,03:00,95,68,
2007,RS,8,90,512,CIB,PLUI,"HOSKIN, SAM",2FGM,Two Pointer,2,441,56,B,,,,38,03:00,95,70,
2007,RS,8,90,518,IST,PARN,"ARSLAN, ENDER",3FGA,Missed Three Pointer,0,-497,538,J,,,,39,02:00,95,70,
2007,RS,8,90,521,IST,PAWH,"ABI, MUSTAFA",2FGA,Missed Two Pointer,0,-15,125,D,,,,39,02:00,95,70,
2007,RS,8,90,531,IST,PARN,"ARSLAN, ENDER",FTM,Free Throw In,1,-1,-1, ,,,,39,02:00,96,70,
2007,RS,8,90,533,CIB,PTFE,"KELLEY, TRE",2FGA,Missed Two Pointer,0,-223,112,D,,,,40,01:00,96,70,
2007,RS,8,90,535,CIB,PLUI,"HOSKIN, SAM",2FGM,Two Pointer,2,2,79,D,,,,40,01:00,96,72,
2007,RS,8,90,538,IST,PBXD,"PENN, JAMES",FTM,Free Throw In,1,-1,-1, ,,,,40,01:00,97,72,
2007,RS,8,90,539,IST,PBXD,"PENN, JAMES",FTM,Free Throw In,1,-1,-1, ,,,,40,01:00,98,72,
2007,RS,8,90,546,CIB,PLUI,"HOSKIN, SAM",3FGA,Missed Three Pointer,0,287,620,G,,,,40,01:00,98,72,
2007,RS,8,90,550,IST,PARN,"ARSLAN, ENDER",FTM,Free Throw In,1,-1,-1, ,,,,40,01:00,99,72,
2007,RS,8,90,551,IST,PARN,"ARSLAN, ENDER",FTM,Free Throw In,1,-1,-1, ,,,,40,01:00,100,72,
2007,RS,8,90,552,CIB,PLUI,"HOSKIN, SAM",2FGM,Two Pointer,2,-274,130,E,,,,40,01:00,100,74,
2007,RS,8,91,2,MIL,PKRD,"GALLINARI, DANILO",2FGA,Missed Two Pointer,0,-97,266,D,,,,1,10:00,0,0,
2007,RS,8,91,4,LIE,PJRD,"NIELSEN, MATT",2FGA,Missed Two Pointer,0,61,182,C,,,,1,10:00,0,0,
2007,RS,8,91,9,LIE,PJRD,"NIELSEN, MATT",2FGM,Two Pointer,2,25,30,C,,,,2,09:00,2,0,
2007,RS,8,91,11,MIL,PAVD,"BOOKER, MELVIN",2FGM,Two Pointer,2,17,387,C,,,,2,09:00,2,2,
2007,RS,8,91,14,LIE,PJZN,"PETRAVICIUS, MARIJONAS",FTM,Free Throw In,1,-1,-1, ,,,,2,09:00,3,2,
2007,RS,8,91,15,LIE,PJZN,"PETRAVICIUS, MARIJONAS",FTM,Free Throw In,1,-1,-1, ,,,,2,09:00,4,2,
2007,RS,8,91,16,MIL,PLGS,"SESAY, ANSU",3FGM,Three Pointer,3,-12,664,J,,,,2,09:00,4,5,
2007,RS,8,91,18,LIE,PLOC,"EIDSON, CHUCK",2FGA,Missed Two Pointer,0,-61,89,D,,,,3,08:00,4,5,
2007,RS,8,91,20,MIL,PKRD,"GALLINARI, DANILO",3FGM,Three Pointer,3,656,79,A,,,,3,08:00,4,8,
2007,RS,8,91,24,MIL,PLGS,"SESAY, ANSU",2FGM,Two Pointer,2,-215,305,E,,,,4,07:00,4,10,
2007,RS,8,91,25,LIE,PBUU,"LUKAUSKIS, MINDAUGAS",3FGM,Three Pointer,3,-266,597,J,,,,4,07:00,7,10,
2007,RS,8,91,27,MIL,PCUG,"SHAW, CASEY",2FGM,Two Pointer,2,-53,28,D,,,,5,06:00,7,12,
2007,RS,8,91,29,LIE,PBUU,"LUKAUSKIS, MINDAUGAS",3FGA,Missed Three Pointer,0,317,584,G,,,,5,06:00,7,12,
2007,RS,8,91,33,MIL,PLGS,"SESAY, ANSU",3FGM,Three Pointer,3,-400,610,J,,,,5,06:00,7,15,
2007,RS,8,91,39,MIL,PCUG,"SHAW, CASEY",2FGA,Missed Two Pointer,0,-53,38,D,,,,6,05:00,7,15,
2007,RS,8,91,41,MIL,PAVD,"BOOKER, MELVIN",3FGA,Missed Three Pointer,0,-202,653,J,,,,6,05:00,7,15,
2007,RS,8,91,43,LIE,PCOH,"PRICE, HOLLIS",2FGM,Two Pointer,2,228,512,H,,,,6,05:00,9,15,
2007,RS,8,91,44,MIL,PLGS,"SESAY, ANSU",2FGM,Two Pointer,2,74,187,C,,,,6,05:00,9,17,
2007,RS,8,91,52,LIE,PLOC,"EIDSON, CHUCK",3FGM,Three Pointer,3,-600,241,F,,,,7,04:00,12,17,
2007,RS,8,91,53,MIL,PLGS,"SESAY, ANSU",2FGA,Missed Two Pointer,0,-297,125,E,,,,7,04:00,12,17,
2007,RS,8,91,55,LIE,PCOH,"PRICE, HOLLIS",2FGM,Two Pointer,2,-153,130,D,,,,7,04:00,14,17,
2007,RS,8,91,65,MIL,PLGS,"SESAY, ANSU",3FGA,Missed Three Pointer,0,46,697,G,,,,8,03:00,14,17,
2007,RS,8,91,73,LIE,PCOH,"PRICE, HOLLIS",2FGM,Two Pointer,2,-46,46,D,,,,8,03:00,16,17,
2007,RS,8,91,80,MIL,PKRD,"GALLINARI, DANILO",2FGA,Missed Two Pointer,0,33,30,C,,,,9,02:00,16,17,
2007,RS,8,91,82,LIE,PTFL,"BAJRAMOVIC, KENAN",3FGM,Three Pointer,3,282,612,G,,,,9,02:00,19,17,
2007,RS,8,91,88,LIE,PKNS,"JOMANTAS, ARTURAS",3FGM,Three Pointer,3,-625,210,F,,,,9,02:00,22,17,
2007,RS,8,91,93,MIL,PLGS,"SESAY, ANSU",FTM,Free Throw In,1,-1,-1, ,,,,10,01:00,22,18,
2007,RS,8,91,94,MIL,PLGS,"SESAY, ANSU",FTM,Free Throw In,1,-1,-1, ,,,,10,01:00,22,19,
2007,RS,8,91,95,LIE,PTFL,"BAJRAMOVIC, KENAN",2FGA,Missed Two Pointer,0,58,179,C,,,,10,01:00,22,19,
2007,RS,8,91,97,MIL,PKRD,"GALLINARI, DANILO",2FGA,Missed Two Pointer,0,176,194,C,,,,10,01:00,22,19,
2007,RS,8,91,103,LIE,PTFL,"BAJRAMOVIC, KENAN",2FGM,Two Pointer,2,-184,269,D,,,,12,09:00,24,19,
2007,RS,8,91,104,MIL,PKNZ,"WATSON, TRAVIS",2FGM,Two Pointer,2,43,30,C,,,,12,09:00,24,21,
2007,RS,8,91,105,LIE,PLOC,"EIDSON, CHUCK",2FGA,Missed Two Pointer,0,151,92,C,,,,12,09:00,24,21,
2007,RS,8,91,107,MIL,PKNZ,"WATSON, TRAVIS",2FGA,Missed Two Pointer,0,23,64,C,,,,12,09:00,24,21,
2007,RS,8,91,109,LIE,PTFL,"BAJRAMOVIC, KENAN",3FGA,Missed Three Pointer,0,-279,617,J,,,,12,09:00,24,21,
2007,RS,8,91,113,LIE,PTFL,"BAJRAMOVIC, KENAN",2FGM,Two Pointer,2,-2,7,D,,,,12,09:00,26,21,
2007,RS,8,91,121,MIL,PAVD,"BOOKER, MELVIN",2FGA,Missed Two Pointer,0,35,38,C,,,,12,09:00,26,21,
2007,RS,8,91,128,MIL,PKRD,"GALLINARI, DANILO",FTM,Free Throw In,1,-1,-1, ,,,,13,08:00,26,22,
2007,RS,8,91,129,MIL,PKRD,"GALLINARI, DANILO",FTM,Free Throw In,1,-1,-1, ,,,,13,08:00,26,23,
2007,RS,8,91,130,LIE,PJZN,"PETRAVICIUS, MARIJONAS",2FGM,Two Pointer,2,-46,15,D,,,,13,08:00,28,23,
2007,RS,8,91,132,MIL,PKNZ,"WATSON, TRAVIS",2FGA,Missed Two Pointer,0,-56,58,D,,,,13,08:00,28,23,
2007,RS,8,91,135,LIE,PJZN,"PETRAVICIUS, MARIJONAS",2FGM,Two Pointer,2,-28,23,D,,,,14,07:00,30,23,
2007,RS,8,91,137,MIL,PAUT,"VUKCEVIC, DUSAN",3FGA,Missed Three Pointer,0,533,397,A,,,,14,07:00,30,23,
2007,RS,8,91,144,LIE,PCOH,"PRICE, HOLLIS",3FGM,Three Pointer,3,-656,92,F,,,,14,07:00,33,23,
2007,RS,8,91,149,LIE,PLOC,"EIDSON, CHUCK",3FGA,Missed Three Pointer,0,664,15,A,,,,15,06:00,33,23,
2007,RS,8,91,151,MIL,PAVD,"BOOKER, MELVIN",2FGM,Two Pointer,2,564,15,B,,,,15,06:00,33,25,
2007,RS,8,91,158,MIL,PAVD,"BOOKER, MELVIN",2FGA,Missed Two Pointer,0,-151,525,I,,,,15,06:00,33,25,
2007,RS,8,91,160,LIE,PTFL,"BAJRAMOVIC, KENAN",2FGA,Missed Two Pointer,0,148,551,H,,,,15,06:00,33,25,
2007,RS,8,91,163,MIL,PLGS,"SESAY, ANSU",2FGM,Two Pointer,2,-161,564,I,,,,16,05:00,33,27,
2007,RS,8,91,171,MIL,PLGS,"SESAY, ANSU",2FGA,Missed Two Pointer,0,266,158,B,,,,17,04:00,33,27,
2007,RS,8,91,175,LIE,PLOC,"EIDSON, CHUCK",FTM,Free Throw In,1,-1,-1, ,,,,17,04:00,34,27,
2007,RS,8,91,176,LIE,PLOC,"EIDSON, CHUCK",FTM,Free Throw In,1,-1,-1, ,,,,17,04:00,35,27,
2007,RS,8,91,181,LIE,PKNS,"JOMANTAS, ARTURAS",2FGM,Two Pointer,2,161,330,C,,,,17,04:00,37,27,
2007,RS,8,91,183,MIL,PCUG,"SHAW, CASEY",2FGA,Missed Two Pointer,0,46,33,C,,,,18,03:00,37,27,
2007,RS,8,91,193,MIL,P000689,"GIOVACCHINI, ANTHONY",FTM,Free Throw In,1,-1,-1, ,,,,18,03:00,37,28,
2007,RS,8,91,194,MIL,P000689,"GIOVACCHINI, ANTHONY",FTM,Free Throw In,1,-1,-1, ,,,,18,03:00,37,29,
2007,RS,8,91,200,MIL,PAUT,"VUKCEVIC, DUSAN",2FGM,Two Pointer,2,-79,48,D,,,,19,02:00,37,31,
2007,RS,8,91,203,MIL,PAUT,"VUKCEVIC, DUSAN",FTM,Free Throw In,1,-1,-1, ,,,,19,02:00,37,32,
2007,RS,8,91,206,MIL,PAUT,"VUKCEVIC, DUSAN",2FGM,Two Pointer,2,58,117,C,,,,19,02:00,37,34,
2007,RS,8,91,211,LIE,PLTT,"GECEVICIUS, MARTYNAS",2FGM,Two Pointer,2,-474,53,E,,,,20,01:00,39,34,
2007,RS,8,91,212,MIL,PKRD,"GALLINARI, DANILO",3FGA,Missed Three Pointer,0,474,464,G,,,,20,01:00,39,34,
2007,RS,8,91,214,LIE,PCOH,"PRICE, HOLLIS",3FGM,Three Pointer,3,100,679,G,,,,20,01:00,42,34,
2007,RS,8,91,229,LIE,PLOC,"EIDSON, CHUCK",2FGA,Missed Two Pointer,0,-156,53,D,,,,21,10:00,42,34,
2007,RS,8,91,234,MIL,PAVD,"BOOKER, MELVIN",2FGA,Missed Two Pointer,0,128,43,C,,,,22,09:00,42,34,
2007,RS,8,91,236,LIE,PKNS,"JOMANTAS, ARTURAS",2FGA,Missed Two Pointer,0,10,441,H,,,,22,09:00,42,34,
2007,RS,8,91,243,MIL,PKRD,"GALLINARI, DANILO",FTM,Free Throw In,1,-1,-1, ,,,,22,09:00,42,35,
2007,RS,8,91,244,LIE,PJRD,"NIELSEN, MATT",3FGA,Missed Three Pointer,0,-387,546,J,,,,22,09:00,42,35,
2007,RS,8,91,248,LIE,PCOH,"PRICE, HOLLIS",3FGA,Missed Three Pointer,0,-530,415,F,,,,22,09:00,42,35,
2007,RS,8,91,258,LIE,PJRD,"NIELSEN, MATT",FTM,Free Throw In,1,-1,-1, ,,,,23,08:00,43,35,
2007,RS,8,91,259,MIL,PKNZ,"WATSON, TRAVIS",2FGM,Two Pointer,2,5,10,C,,,,23,08:00,43,37,
2007,RS,8,91,262,LIE,PCOH,"PRICE, HOLLIS",3FGA,Missed Three Pointer,0,-356,579,J,,,,24,07:00,43,37,
2007,RS,8,91,264,MIL,PKRD,"GALLINARI, DANILO",2FGA,Missed Two Pointer,0,7,10,C,,,,24,07:00,43,37,
2007,RS,8,91,268,MIL,PKNZ,"WATSON, TRAVIS",2FGM,Two Pointer,2,56,61,C,,,,24,07:00,43,39,
2007,RS,8,91,273,LIE,PJRD,"NIELSEN, MATT",FTM,Free Throw In,1,-1,-1, ,,,,24,07:00,44,39,
2007,RS,8,91,274,LIE,PJRD,"NIELSEN, MATT",FTM,Free Throw In,1,-1,-1, ,,,,24,07:00,45,39,
2007,RS,8,91,275,MIL,PLGS,"SESAY, ANSU",2FGA,Missed Two Pointer,0,248,474,H,,,,24,07:00,45,39,
2007,RS,8,91,278,LIE,PBUU,"LUKAUSKIS, MINDAUGAS",3FGM,Three Pointer,3,658,33,A,,,,25,06:00,48,39,
2007,RS,8,91,279,MIL,PAUT,"VUKCEVIC, DUSAN",3FGA,Missed Three Pointer,0,158,646,G,,,,25,06:00,48,39,
2007,RS,8,91,281,LIE,PBUU,"LUKAUSKIS, MINDAUGAS",3FGM,Three Pointer,3,-651,187,F,,,,25,06:00,51,39,
2007,RS,8,91,284,MIL,PAUT,"VUKCEVIC, DUSAN",3FGM,Three Pointer,3,653,84,A,,,,25,06:00,51,42,
2007,RS,8,91,286,LIE,PJZN,"PETRAVICIUS, MARIJONAS",2FGM,Two Pointer,2,-169,164,D,,,,25,06:00,53,42,
2007,RS,8,91,288,MIL,PKRD,"GALLINARI, DANILO",2FGA,Missed Two Pointer,0,315,61,B,,,,26,05:00,53,42,
2007,RS,8,91,290,LIE,PJZN,"PETRAVICIUS, MARIJONAS",2FGM,Two Pointer,2,-48,12,D,,,,26,05:00,55,42,
2007,RS,8,91,291,MIL,PKNZ,"WATSON, TRAVIS",2FGM,Two Pointer,2,58,35,C,,,,26,05:00,55,44,
2007,RS,8,91,292,LIE,PJZN,"PETRAVICIUS, MARIJONAS",2FGM,Two Pointer,2,-58,28,D,,,,26,05:00,57,44,
2007,RS,8,91,299,MIL,PKRD,"GALLINARI, DANILO",3FGM,Three Pointer,3,192,658,G,,,,27,04:00,57,47,
2007,RS,8,91,301,LIE,PBUU,"LUKAUSKIS, MINDAUGAS",3FGM,Three Pointer,3,-430,530,J,,,,28,03:00,60,47,
2007,RS,8,91,309,MIL,PKRD,"GALLINARI, DANILO",FTM,Free Throw In,1,-1,-1, ,,,,28,03:00,60,48,
2007,RS,8,91,325,LIE,PTFL,"BAJRAMOVIC, KENAN",FTM,Free Throw In,1,-1,-1, ,,,,29,02:00,61,48,
2007,RS,8,91,326,LIE,PTFL,"BAJRAMOVIC, KENAN",FTM,Free Throw In,1,-1,-1, ,,,,29,02:00,62,48,
2007,RS,8,91,327,MIL,PLGS,"SESAY, ANSU",2FGA,Missed Two Pointer,0,241,69,C,,,,29,02:00,62,48,
2007,RS,8,91,331,MIL,PKRD,"GALLINARI, DANILO",2FGM,Two Pointer,2,-148,364,D,,,,29,02:00,62,50,
2007,RS,8,91,332,LIE,PBUU,"LUKAUSKIS, MINDAUGAS",3FGA,Missed Three Pointer,0,-392,556,J,,,,29,02:00,62,50,
2007,RS,8,91,335,MIL,PKRD,"GALLINARI, DANILO",3FGA,Missed Three Pointer,0,-374,546,J,,,,30,01:00,62,50,
2007,RS,8,91,337,MIL,PLGS,"SESAY, ANSU",3FGA,Missed Three Pointer,0,564,438,G,,,,30,01:00,62,50,
2007,RS,8,91,339,MIL,PAVD,"BOOKER, MELVIN",2FGA,Missed Two Pointer,0,97,41,C,,,,30,01:00,62,50,
2007,RS,8,91,342,LIE,PLOC,"EIDSON, CHUCK",2FGA,Missed Two Pointer,0,446,261,B,,,,31,10:00,62,50,
2007,RS,8,91,344,MIL,P000689,"GIOVACCHINI, ANTHONY",2FGM,Two Pointer,2,515,312,B,,,,31,10:00,62,52,
2007,RS,8,91,345,LIE,PBUU,"LUKAUSKIS, MINDAUGAS",2FGA,Missed Two Pointer,0,166,220,C,,,,31,10:00,62,52,
2007,RS,8,91,351,MIL,P000689,"GIOVACCHINI, ANTHONY",FTM,Free Throw In,1,-1,-1, ,,,,31,10:00,62,53,
2007,RS,8,91,352,MIL,P000689,"GIOVACCHINI, ANTHONY",FTM,Free Throw In,1,-1,-1, ,,,,31,10:00,62,54,
2007,RS,8,91,363,LIE,PJRD,"NIELSEN, MATT",3FGA,Missed Three Pointer,0,-341,576,J,,,,32,09:00,62,54,
2007,RS,8,91,368,MIL,PKRD,"GALLINARI, DANILO",FTM,Free Throw In,1,-1,-1, ,,,,32,09:00,62,55,
2007,RS,8,91,370,LIE,PCOH,"PRICE, HOLLIS",2FGA,Missed Two Pointer,0,-305,225,E,,,,33,08:00,62,55,
2007,RS,8,91,376,MIL,PKRD,"GALLINARI, DANILO",3FGA,Missed Three Pointer,0,-476,469,J,,,,33,08:00,62,55,
2007,RS,8,91,380,LIE,PBUU,"LUKAUSKIS, MINDAUGAS",3FGA,Missed Three Pointer,0,641,61,A,,,,33,08:00,62,55,
2007,RS,8,91,382,MIL,PKRD,"GALLINARI, DANILO",2FGM,Two Pointer,2,187,512,H,,,,33,08:00,62,57,
2007,RS,8,91,384,LIE,PJRD,"NIELSEN, MATT",2FGM,Two Pointer,2,-169,387,D,,,,33,08:00,64,57,
2007,RS,8,91,387,MIL,P000664,"KATELYNAS, MINDAUGAS",2FGA,Missed Two Pointer,0,-5,443,I,,,,35,06:00,64,57,
2007,RS,8,91,395,LIE,PBUU,"LUKAUSKIS, MINDAUGAS",3FGA,Missed Three Pointer,0,-48,669,J,,,,35,06:00,64,57,
2007,RS,8,91,397,LIE,PJZN,"PETRAVICIUS, MARIJONAS",2FGA,Missed Two Pointer,0,-53,35,D,,,,35,06:00,64,57,
2007,RS,8,91,400,MIL,PKRD,"GALLINARI, DANILO",3FGA,Missed Three Pointer,0,548,412,A,,,,36,05:00,64,57,
2007,RS,8,91,406,MIL,PKNZ,"WATSON, TRAVIS",2FGA,Missed Two Pointer,0,-110,130,D,,,,36,05:00,64,57,
2007,RS,8,91,413,LIE,PJRD,"NIELSEN, MATT",2FGA,Missed Two Pointer,0,-415,212,E,,,,37,04:00,64,57,
2007,RS,8,91,415,MIL,PAVD,"BOOKER, MELVIN",3FGA,Missed Three Pointer,0,553,410,A,,,,37,04:00,64,57,
2007,RS,8,91,417,LIE,PKNS,"JOMANTAS, ARTURAS",3FGA,Missed Three Pointer,0,-656,130,F,,,,37,04:00,64,57,
2007,RS,8,91,422,MIL,PLGS,"SESAY, ANSU",2FGA,Missed Two Pointer,0,153,35,C,,,,37,04:00,64,57,
2007,RS,8,91,424,LIE,PLOC,"EIDSON, CHUCK",3FGA,Missed Three Pointer,0,471,553,G,,,,37,04:00,64,57,
2007,RS,8,91,426,LIE,PCOH,"PRICE, HOLLIS",3FGM,Three Pointer,3,-23,664,J,,,,37,04:00,67,57,
2007,RS,8,91,433,MIL,PAUT,"VUKCEVIC, DUSAN",2FGA,Missed Two Pointer,0,-276,43,E,,,,38,03:00,67,57,
2007,RS,8,91,435,LIE,PCOH,"PRICE, HOLLIS",3FGA,Missed Three Pointer,0,-658,-38,F,,,,38,03:00,67,57,
2007,RS,8,91,442,MIL,PAUT,"VUKCEVIC, DUSAN",FTM,Free Throw In,1,-1,-1, ,,,,39,02:00,67,58,
2007,RS,8,91,443,MIL,PAUT,"VUKCEVIC, DUSAN",FTM,Free Throw In,1,-1,-1, ,,,,39,02:00,67,59,
2007,RS,8,91,447,LIE,PJZN,"PETRAVICIUS, MARIJONAS",2FGM,Two Pointer,2,-43,169,D,,,,39,02:00,69,59,
2007,RS,8,91,451,LIE,PJZN,"PETRAVICIUS, MARIJONAS",FTM,Free Throw In,1,-1,-1, ,,,,39,02:00,70,59,
2007,RS,8,91,455,MIL,PKRD,"GALLINARI, DANILO",FTM,Free Throw In,1,-1,-1, ,,,,39,02:00,70,60,
2007,RS,8,91,460,LIE,PLOC,"EIDSON, CHUCK",2FGA,Missed Two Pointer,0,89,82,C,,,,39,02:00,70,60,
2007,RS,8,91,467,LIE,PJZN,"PETRAVICIUS, MARIJONAS",FTM,Free Throw In,1,-1,-1, ,,,,40,01:00,71,60,
2007,RS,8,91,468,LIE,PJZN,"PETRAVICIUS, MARIJONAS",FTM,Free Throw In,1,-1,-1, ,,,,40,01:00,72,60,
2007,RS,8,91,469,MIL,PAUT,"VUKCEVIC, DUSAN",2FGM,Two Pointer,2,143,100,C,,,,40,01:00,72,62,
2007,RS,8,91,470,LIE,PLOC,"EIDSON, CHUCK",3FGM,Three Pointer,3,656,66,A,,,,40,01:00,75,62,
2007,RS,8,91,472,MIL,PCUG,"SHAW, CASEY",2FGA,Missed Two Pointer,0,169,176,C,,,,40,01:00,75,62,
2007,RS,8,92,2,TEL,PDHD,"BATISTA, ESTEBAN",2FGM,Two Pointer,2,-10,151,D,,,,1,10:00,0,2,
2007,RS,8,92,6,TEL,PDHD,"BATISTA, ESTEBAN",FTM,Free Throw In,1,-1,-1, ,,,,1,10:00,0,3,
2007,RS,8,92,8,LEM,PKZD,"CLANCY, SAM",2FGAB,Missed Two Pointer,0,-46,130,D,,,,1,10:00,0,3,
2007,RS,8,92,11,TEL,PCQD,"CUMMINGS, VONTEEGO",2FGA,Missed Two Pointer,0,-346,248,E,,,,1,10:00,0,3,
2007,RS,8,92,13,TEL,PDHD,"BATISTA, ESTEBAN",2FGM,Two Pointer,2,51,66,C,,,,1,10:00,0,5,
2007,RS,8,92,15,LEM,PCOB,"KOFFI, ALAIN",2FGA,Missed Two Pointer,0,369,471,H,,,,1,10:00,0,5,
2007,RS,8,92,17,LEM,PKZD,"CLANCY, SAM",2FGM,Two Pointer,2,-102,23,D,,,,1,10:00,2,5,
2007,RS,8,92,18,TEL,PCQD,"CUMMINGS, VONTEEGO",2FGM,Two Pointer,2,-171,333,D,,,,1,10:00,2,7,
2007,RS,8,92,20,LEM,PDID,"LIMONAD, RAVIV",3FGA,Missed Three Pointer,0,-582,305,F,,,,2,09:00,2,7,
2007,RS,8,92,25,LEM,PCOC,"BOKOLO, YANNICK",2FGAB,Missed Two Pointer,0,-53,10,D,,,,2,09:00,2,7,
2007,RS,8,92,28,TEL,PLTS,"MORRIS, TERENCE",3FGM,Three Pointer,3,441,502,G,,,,2,09:00,2,10,
2007,RS,8,92,37,LEM,PCOB,"KOFFI, ALAIN",2FGAB,Missed Two Pointer,0,-35,48,D,,,,4,07:00,2,10,
2007,RS,8,92,44,TEL,PBES,"BLUTHENTHAL, DAVID",2FGAB,Missed Two Pointer,0,74,23,C,,,,4,07:00,2,10,
2007,RS,8,92,47,LEM,PKOH,"BATUM, NICOLAS",2FGM,Two Pointer,2,5,110,C,,,,4,07:00,4,10,
2007,RS,8,92,50,TEL,PBES,"BLUTHENTHAL, DAVID",2FGM,Two Pointer,2,-407,23,E,,,,5,06:00,4,12,
2007,RS,8,92,52,LEM,PCOB,"KOFFI, ALAIN",2FGM,Two Pointer,2,66,33,C,,,,5,06:00,6,12,
2007,RS,8,92,56,LEM,PKOH,"BATUM, NICOLAS",2FGM,Two Pointer,2,-10,20,D,,,,6,05:00,8,12,
2007,RS,8,92,58,TEL,PLTS,"MORRIS, TERENCE",2FGA,Missed Two Pointer,0,-61,56,D,,,,6,05:00,8,12,
2007,RS,8,92,60,TEL,PBES,"BLUTHENTHAL, DAVID",2FGM,Two Pointer,2,441,256,B,,,,6,05:00,8,14,
2007,RS,8,92,65,LEM,PDID,"LIMONAD, RAVIV",2FGM,Two Pointer,2,246,441,H,,,,6,05:00,10,14,
2007,RS,8,92,67,TEL,PLFR,"BYNUM, WILL",3FGA,Missed Three Pointer,0,-174,625,J,,,,7,04:00,10,14,
2007,RS,8,92,69,TEL,PDHD,"BATISTA, ESTEBAN",2FGA,Missed Two Pointer,0,51,25,C,,,,7,04:00,10,14,
2007,RS,8,92,71,LEM,PCOB,"KOFFI, ALAIN",2FGM,Two Pointer,2,-5,5,D,,,,7,04:00,12,14,
2007,RS,8,92,76,TEL,PBES,"BLUTHENTHAL, DAVID",3FGA,Missed Three Pointer,0,-656,15,F,,,,7,04:00,12,14,
2007,RS,8,92,78,LEM,PKOH,"BATUM, NICOLAS",2FGM,Two Pointer,2,84,17,C,,,,7,04:00,14,14,
2007,RS,8,92,81,TEL,PLFR,"BYNUM, WILL",3FGM,Three Pointer,3,633,158,A,,,,8,03:00,14,17,
2007,RS,8,92,83,LEM,PKOH,"BATUM, NICOLAS",3FGM,Three Pointer,3,-248,615,J,,,,8,03:00,17,17,
2007,RS,8,92,85,TEL,PLTS,"MORRIS, TERENCE",3FGM,Three Pointer,3,192,638,G,,,,8,03:00,17,20,
2007,RS,8,92,88,LEM,PDID,"LIMONAD, RAVIV",2FGM,Two Pointer,2,-543,38,E,,,,9,02:00,19,20,
2007,RS,8,92,97,LEM,PTFJ,"RICCI, PHIL",FTM,Free Throw In,1,-1,-1, ,,,,9,02:00,20,20,
2007,RS,8,92,98,LEM,PTFJ,"RICCI, PHIL",FTM,Free Throw In,1,-1,-1, ,,,,9,02:00,21,20,
2007,RS,8,92,99,TEL,PLTS,"MORRIS, TERENCE",3FGA,Missed Three Pointer,0,107,653,G,,,,9,02:00,21,20,
2007,RS,8,92,101,TEL,PTFS,"FIZER, MARCUS",2FGM,Two Pointer,2,-43,-7,D,,,,9,02:00,21,22,
2007,RS,8,92,103,LEM,PKOH,"BATUM, NICOLAS",2FGM,Two Pointer,2,-56,30,D,,,,10,01:00,23,22,
2007,RS,8,92,105,TEL,PLFR,"BYNUM, WILL",2FGM,Two Pointer,2,-64,-5,D,,,,10,01:00,23,24,
2007,RS,8,92,112,LEM,PDID,"LIMONAD, RAVIV",2FGM,Two Pointer,2,-100,23,D,,,,10,01:00,25,24,
2007,RS,8,92,113,TEL,PLFR,"BYNUM, WILL",3FGA,Missed Three Pointer,0,-569,341,F,,,,10,01:00,25,24,
2007,RS,8,92,117,LEM,PKOH,"BATUM, NICOLAS",2FGM,Two Pointer,2,-12,17,D,,,,11,10:00,27,24,
2007,RS,8,92,124,LEM,PTFJ,"RICCI, PHIL",2FGA,Missed Two Pointer,0,-12,130,D,,,,11,10:00,27,24,
2007,RS,8,92,127,TEL,PTFS,"FIZER, MARCUS",2FGM,Two Pointer,2,-110,15,D,,,,12,09:00,27,26,
2007,RS,8,92,128,LEM,PTFJ,"RICCI, PHIL",2FGM,Two Pointer,2,46,17,C,,,,12,09:00,29,26,
2007,RS,8,92,130,TEL,PTFS,"FIZER, MARCUS",2FGM,Two Pointer,2,415,110,B,,,,12,09:00,29,28,
2007,RS,8,92,135,TEL,PAOU,"SHARP, DERRICK",2FGAB,Missed Two Pointer,0,-102,15,D,,,,12,09:00,29,28,
2007,RS,8,92,138,LEM,PTFJ,"RICCI, PHIL",2FGM,Two Pointer,2,-7,82,D,,,,12,09:00,31,28,
2007,RS,8,92,143,TEL,PLFR,"BYNUM, WILL",3FGA,Missed Three Pointer,0,625,225,A,,,,13,08:00,31,28,
2007,RS,8,92,147,TEL,PLTS,"MORRIS, TERENCE",2FGM,Two Pointer,2,141,102,C,,,,13,08:00,31,30,
2007,RS,8,92,152,TEL,PAOU,"SHARP, DERRICK",3FGM,Three Pointer,3,376,548,G,,,,14,07:00,31,33,
2007,RS,8,92,157,LEM,PCOC,"BOKOLO, YANNICK",3FGA,Missed Three Pointer,0,-315,592,J,,,,14,07:00,31,33,
2007,RS,8,92,159,LEM,PTFK,"DIOT, ANTOINE",2FGA,Missed Two Pointer,0,-138,20,D,,,,14,07:00,31,33,
2007,RS,8,92,161,LEM,PTFJ,"RICCI, PHIL",2FGM,Two Pointer,2,5,82,C,,,,14,07:00,33,33,
2007,RS,8,92,163,TEL,PTFS,"FIZER, MARCUS",2FGM,Two Pointer,2,120,138,C,,,,15,06:00,33,35,
2007,RS,8,92,166,TEL,PTFS,"FIZER, MARCUS",FTM,Free Throw In,1,-1,-1, ,,,,15,06:00,33,36,
2007,RS,8,92,167,LEM,PCHZ,"BOGDANOVIC, LUKA",3FGA,Missed Three Pointer,0,533,405,A,,,,15,06:00,33,36,
2007,RS,8,92,169,TEL,PLFR,"BYNUM, WILL",3FGA,Missed Three Pointer,0,-574,312,F,,,,15,06:00,33,36,
2007,RS,8,92,173,TEL,P000615,"GARCIA, ALEX",2FGM,Two Pointer,2,156,20,C,,,,15,06:00,33,38,
2007,RS,8,92,175,LEM,PCOC,"BOKOLO, YANNICK",2FGA,Missed Two Pointer,0,-261,166,E,,,,16,05:00,33,38,
2007,RS,8,92,177,LEM,PKOH,"BATUM, NICOLAS",2FGM,Two Pointer,2,253,153,B,,,,16,05:00,35,38,
2007,RS,8,92,185,LEM,PKOH,"BATUM, NICOLAS",FTM,Free Throw In,1,-1,-1, ,,,,17,04:00,36,38,
2007,RS,8,92,186,TEL,PTFS,"FIZER, MARCUS",2FGM,Two Pointer,2,-48,25,D,,,,17,04:00,36,40,
2007,RS,8,92,192,TEL,PTFS,"FIZER, MARCUS",FTM,Free Throw In,1,-1,-1, ,,,,17,04:00,36,41,
2007,RS,8,92,193,LEM,PLGQ,"LELOUP, JEREMY",3FGA,Missed Three Pointer,0,-579,323,F,,,,17,04:00,36,41,
2007,RS,8,92,195,LEM,PCOC,"BOKOLO, YANNICK",2FGM,Two Pointer,2,-56,0,D,,,,17,04:00,38,41,
2007,RS,8,92,198,TEL,PTFS,"FIZER, MARCUS",2FGM,Two Pointer,2,-74,10,D,,,,18,03:00,38,43,
2007,RS,8,92,206,LEM,PCOC,"BOKOLO, YANNICK",2FGM,Two Pointer,2,-53,5,D,,,,18,03:00,40,43,
2007,RS,8,92,208,TEL,PAOZ,"HALPERIN, YOTAM",3FGA,Missed Three Pointer,0,-582,297,F,,,,18,03:00,40,43,
2007,RS,8,92,210,TEL,PDHD,"BATISTA, ESTEBAN",2FGM,Two Pointer,2,64,12,C,,,,18,03:00,40,45,
2007,RS,8,92,214,LEM,PCHZ,"BOGDANOVIC, LUKA",2FGA,Missed Two Pointer,0,382,453,H,,,,19,02:00,40,45,
2007,RS,8,92,216,TEL,P000615,"GARCIA, ALEX",3FGM,Three Pointer,3,648,12,A,,,,19,02:00,40,48,
2007,RS,8,92,221,LEM,PKZD,"CLANCY, SAM",FTM,Free Throw In,1,-1,-1, ,,,,19,02:00,41,48,
2007,RS,8,92,222,LEM,PKZD,"CLANCY, SAM",FTM,Free Throw In,1,-1,-1, ,,,,19,02:00,42,48,
2007,RS,8,92,224,TEL,PAOU,"SHARP, DERRICK",3FGA,Missed Three Pointer,0,523,425,A,,,,20,01:00,42,48,
2007,RS,8,92,226,TEL,PDHD,"BATISTA, ESTEBAN",2FGA,Missed Two Pointer,0,-143,25,D,,,,20,01:00,42,48,
2007,RS,8,92,228,LEM,PKZD,"CLANCY, SAM",2FGA,Missed Two Pointer,0,294,35,B,,,,20,01:00,42,48,
2007,RS,8,92,230,LEM,PKOH,"BATUM, NICOLAS",2FGM,Two Pointer,2,-5,10,D,,,,20,01:00,44,48,
2007,RS,8,92,238,TEL,PLFR,"BYNUM, WILL",2FGA,Missed Two Pointer,0,-123,28,D,,,,20,01:00,44,48,
2007,RS,8,92,240,TEL,PLTS,"MORRIS, TERENCE",2FGM,Two Pointer,2,-125,2,D,,,,20,01:00,44,50,
2007,RS,8,92,251,TEL,PTFS,"FIZER, MARCUS",3FGA,Missed Three Pointer,0,-653,-25,F,,,,21,10:00,44,50,
2007,RS,8,92,256,TEL,PBES,"BLUTHENTHAL, DAVID",3FGM,Three Pointer,3,-617,251,F,,,,21,10:00,44,53,
2007,RS,8,92,260,TEL,PAOU,"SHARP, DERRICK",2FGA,Missed Two Pointer,0,253,469,H,,,,22,09:00,44,53,
2007,RS,8,92,262,TEL,PBES,"BLUTHENTHAL, DAVID",3FGM,Three Pointer,3,-10,656,J,,,,22,09:00,44,56,
2007,RS,8,92,264,LEM,PKZD,"CLANCY, SAM",2FGM,Two Pointer,2,-10,7,D,,,,22,09:00,46,56,
2007,RS,8,92,271,TEL,PAOU,"SHARP, DERRICK",3FGA,Missed Three Pointer,0,-151,658,J,,,,23,08:00,46,56,
2007,RS,8,92,275,LEM,PKZD,"CLANCY, SAM",FTM,Free Throw In,1,-1,-1, ,,,,23,08:00,47,56,
2007,RS,8,92,277,LEM,PKZD,"CLANCY, SAM",FTM,Free Throw In,1,-1,-1, ,,,,23,08:00,48,56,
2007,RS,8,92,278,LEM,PDID,"LIMONAD, RAVIV",2FGA,Missed Two Pointer,0,-287,384,E,,,,23,08:00,48,56,
2007,RS,8,92,280,LEM,PKZD,"CLANCY, SAM",2FGA,Missed Two Pointer,0,66,66,C,,,,23,08:00,48,56,
2007,RS,8,92,285,LEM,PCOB,"KOFFI, ALAIN",2FGM,Two Pointer,2,130,79,C,,,,24,07:00,50,56,
2007,RS,8,92,286,TEL,PBES,"BLUTHENTHAL, DAVID",2FGM,Two Pointer,2,328,-25,B,,,,24,07:00,50,58,
2007,RS,8,92,291,TEL,PAOU,"SHARP, DERRICK",2FGM,Two Pointer,2,53,10,C,,,,25,06:00,50,60,
2007,RS,8,92,292,LEM,PDID,"LIMONAD, RAVIV",3FGA,Missed Three Pointer,0,-287,605,J,,,,25,06:00,50,60,
2007,RS,8,92,294,TEL,PLFR,"BYNUM, WILL",2FGM,Two Pointer,2,-43,38,D,,,,25,06:00,50,62,
2007,RS,8,92,300,TEL,PLFR,"BYNUM, WILL",FTM,Free Throw In,1,-1,-1, ,,,,25,06:00,50,63,
2007,RS,8,92,303,TEL,PBES,"BLUTHENTHAL, DAVID",3FGA,Missed Three Pointer,0,469,502,G,,,,25,06:00,50,63,
2007,RS,8,92,305,LEM,PKZD,"CLANCY, SAM",2FGA,Missed Two Pointer,0,400,74,B,,,,25,06:00,50,63,
2007,RS,8,92,307,TEL,PTFS,"FIZER, MARCUS",2FGM,Two Pointer,2,-61,25,D,,,,25,06:00,50,65,
2007,RS,8,92,319,LEM,PDID,"LIMONAD, RAVIV",2FGM,Two Pointer,2,74,2,C,,,,27,04:00,52,65,
2007,RS,8,92,321,TEL,PBES,"BLUTHENTHAL, DAVID",3FGM,Three Pointer,3,-469,466,J,,,,27,04:00,52,68,
2007,RS,8,92,323,LEM,PDID,"LIMONAD, RAVIV",2FGM,Two Pointer,2,-61,5,D,,,,27,04:00,54,68,
2007,RS,8,92,333,TEL,PDHD,"BATISTA, ESTEBAN",FTM,Free Throw In,1,-1,-1, ,,,,27,04:00,54,69,
2007,RS,8,92,337,LEM,PTFK,"DIOT, ANTOINE",3FGM,Three Pointer,3,505,435,G,,,,28,03:00,57,69,
2007,RS,8,92,339,TEL,PBES,"BLUTHENTHAL, DAVID",3FGM,Three Pointer,3,515,446,G,,,,28,03:00,57,72,
2007,RS,8,92,346,LEM,PTFJ,"RICCI, PHIL",FTM,Free Throw In,1,-1,-1, ,,,,28,03:00,58,72,
2007,RS,8,92,347,LEM,PTFJ,"RICCI, PHIL",FTM,Free Throw In,1,-1,-1, ,,,,28,03:00,59,72,
2007,RS,8,92,351,TEL,PDHD,"BATISTA, ESTEBAN",FTM,Free Throw In,1,-1,-1, ,,,,29,02:00,59,73,
2007,RS,8,92,352,TEL,PDHD,"BATISTA, ESTEBAN",FTM,Free Throw In,1,-1,-1, ,,,,29,02:00,59,74,
2007,RS,8,92,355,TEL,PCQD,"CUMMINGS, VONTEEGO",2FGA,Missed Two Pointer,0,-105,43,D,,,,29,02:00,59,74,
2007,RS,8,92,357,LEM,PDID,"LIMONAD, RAVIV",2FGA,Missed Two Pointer,0,-102,17,D,,,,29,02:00,59,74,
2007,RS,8,92,360,TEL,PBES,"BLUTHENTHAL, DAVID",3FGA,Missed Three Pointer,0,356,576,G,,,,30,01:00,59,74,
2007,RS,8,92,369,LEM,PTFJ,"RICCI, PHIL",FTM,Free Throw In,1,-1,-1, ,,,,30,01:00,60,74,
2007,RS,8,92,372,TEL,PCQD,"CUMMINGS, VONTEEGO",3FGM,Three Pointer,3,-348,584,J,,,,30,01:00,60,77,
2007,RS,8,92,378,TEL,PBES,"BLUTHENTHAL, DAVID",FTM,Free Throw In,1,-1,-1, ,,,,30,01:00,60,78,
2007,RS,8,92,379,TEL,PBES,"BLUTHENTHAL, DAVID",FTM,Free Throw In,1,-1,-1, ,,,,30,01:00,60,79,
2007,RS,8,92,382,LEM,PTFK,"DIOT, ANTOINE",3FGA,Missed Three Pointer,0,410,1058,G,,,,30,01:00,60,79,
2007,RS,8,92,391,LEM,PCHZ,"BOGDANOVIC, LUKA",FTM,Free Throw In,1,-1,-1, ,,,,31,10:00,61,79,
2007,RS,8,92,392,LEM,PCHZ,"BOGDANOVIC, LUKA",FTM,Free Throw In,1,-1,-1, ,,,,31,10:00,62,79,
2007,RS,8,92,393,TEL,PAOZ,"HALPERIN, YOTAM",3FGM,Three Pointer,3,-320,633,J,,,,31,10:00,62,82,
2007,RS,8,92,396,TEL,PAOZ,"HALPERIN, YOTAM",2FGM,Two Pointer,2,-94,89,D,,,,31,10:00,62,84,
2007,RS,8,92,409,LEM,PKZD,"CLANCY, SAM",2FGM,Two Pointer,2,-94,5,D,,,,32,09:00,64,84,
2007,RS,8,92,413,LEM,PKZD,"CLANCY, SAM",FTM,Free Throw In,1,-1,-1, ,,,,32,09:00,65,84,
2007,RS,8,92,416,LEM,PKOH,"BATUM, NICOLAS",3FGM,Three Pointer,3,543,384,A,,,,32,09:00,68,84,
2007,RS,8,92,419,TEL,PCQD,"CUMMINGS, VONTEEGO",2FGM,Two Pointer,2,-74,23,D,,,,33,08:00,68,86,
2007,RS,8,92,420,LEM,PCHZ,"BOGDANOVIC, LUKA",3FGA,Missed Three Pointer,0,-128,651,J,,,,33,08:00,68,86,
2007,RS,8,92,422,TEL,PCQD,"CUMMINGS, VONTEEGO",2FGM,Two Pointer,2,69,15,C,,,,33,08:00,68,88,
2007,RS,8,92,427,TEL,PCQD,"CUMMINGS, VONTEEGO",FTM,Free Throw In,1,-1,-1, ,,,,33,08:00,68,89,
2007,RS,8,92,429,LEM,PDID,"LIMONAD, RAVIV",3FGM,Three Pointer,3,253,617,G,,,,34,07:00,71,89,
2007,RS,8,92,430,TEL,PAOZ,"HALPERIN, YOTAM",3FGA,Missed Three Pointer,0,-517,433,J,,,,34,07:00,71,89,
2007,RS,8,92,438,LEM,PTFJ,"RICCI, PHIL",2FGA,Missed Two Pointer,0,30,48,C,,,,34,07:00,71,89,
2007,RS,8,92,441,TEL,PTFS,"FIZER, MARCUS",2FGAB,Missed Two Pointer,0,7,107,C,,,,34,07:00,71,89,
2007,RS,8,92,451,LEM,PDID,"LIMONAD, RAVIV",FTM,Free Throw In,1,-1,-1, ,,,,34,07:00,72,89,
2007,RS,8,92,452,LEM,PDID,"LIMONAD, RAVIV",FTM,Free Throw In,1,-1,-1, ,,,,34,07:00,73,89,
2007,RS,8,92,455,LEM,PDID,"LIMONAD, RAVIV",2FGM,Two Pointer,2,-102,10,D,,,,34,07:00,75,89,
2007,RS,8,92,457,TEL,PLTS,"MORRIS, TERENCE",2FGM,Two Pointer,2,-10,2,D,,,,34,07:00,75,91,
2007,RS,8,92,460,LEM,PTFJ,"RICCI, PHIL",3FGA,Missed Three Pointer,0,653,33,A,,,,35,06:00,75,91,
2007,RS,8,92,469,TEL,PLFR,"BYNUM, WILL",3FGA,Missed Three Pointer,0,530,446,G,,,,36,05:00,75,91,
2007,RS,8,92,474,LEM,PCOB,"KOFFI, ALAIN",FTM,Free Throw In,1,-1,-1, ,,,,36,05:00,76,91,
2007,RS,8,92,475,TEL,PTFS,"FIZER, MARCUS",2FGM,Two Pointer,2,361,302,B,,,,36,05:00,76,93,
2007,RS,8,92,477,LEM,PTFJ,"RICCI, PHIL",2FGM,Two Pointer,2,-12,5,D,,,,37,04:00,78,93,
2007,RS,8,92,478,TEL,PLFR,"BYNUM, WILL",2FGA,Missed Two Pointer,0,-74,33,D,,,,37,04:00,78,93,
2007,RS,8,92,484,LEM,PCHZ,"BOGDANOVIC, LUKA",FTM,Free Throw In,1,-1,-1, ,,,,37,04:00,79,93,
2007,RS,8,92,485,LEM,PCHZ,"BOGDANOVIC, LUKA",FTM,Free Throw In,1,-1,-1, ,,,,37,04:00,80,93,
2007,RS,8,92,494,LEM,PDID,"LIMONAD, RAVIV",2FGM,Two Pointer,2,48,23,C,,,,37,04:00,82,93,
2007,RS,8,92,497,TEL,PLTS,"MORRIS, TERENCE",2FGM,Two Pointer,2,-58,53,D,,,,38,03:00,82,95,
2007,RS,8,92,500,LEM,PKOH,"BATUM, NICOLAS",3FGM,Three Pointer,3,420,587,G,,,,38,03:00,85,95,
2007,RS,8,92,505,LEM,PTFJ,"RICCI, PHIL",2FGM,Two Pointer,2,-7,7,D,,,,38,03:00,87,95,
2007,RS,8,92,507,TEL,P000615,"GARCIA, ALEX",3FGA,Missed Three Pointer,0,-579,328,F,,,,39,02:00,87,95,
2007,RS,8,92,509,LEM,PDID,"LIMONAD, RAVIV",2FGM,Two Pointer,2,-105,23,D,,,,39,02:00,89,95,
2007,RS,8,92,514,TEL,PAOZ,"HALPERIN, YOTAM",3FGA,Missed Three Pointer,0,635,238,A,,,,39,02:00,89,95,
2007,RS,8,92,516,LEM,PTFJ,"RICCI, PHIL",2FGM,Two Pointer,2,-66,12,D,,,,39,02:00,91,95,
2007,RS,8,92,521,TEL,PLTS,"MORRIS, TERENCE",2FGM,Two Pointer,2,-76,20,D,,,,40,01:00,91,97,
2007,RS,8,92,526,LEM,PCHZ,"BOGDANOVIC, LUKA",3FGA,Missed Three Pointer,0,584,325,A,,,,40,01:00,91,97,
2007,RS,8,92,530,TEL,PAOU,"SHARP, DERRICK",FTM,Free Throw In,1,-1,-1, ,,,,40,01:00,91,98,
2007,RS,8,92,531,TEL,PAOU,"SHARP, DERRICK",FTM,Free Throw In,1,-1,-1, ,,,,40,01:00,91,99,
2007,RS,8,92,532,LEM,PDID,"LIMONAD, RAVIV",2FGA,Missed Two Pointer,0,-153,23,D,,,,40,01:00,91,99,
2007,RS,8,93,4,ULK,PTFI,"VIDMAR, GASPER",2FGM,Two Pointer,2,-38,87,D,,,,1,10:00,0,2,
2007,RS,8,93,5,MAD,PAFB,"SEKULIC, BLAGOTA",2FGA,Missed Two Pointer,0,-202,89,D,,,,1,10:00,0,2,
2007,RS,8,93,7,ULK,PTFI,"VIDMAR, GASPER",2FGA,Missed Two Pointer,0,-271,84,E,,,,1,10:00,0,2,
2007,RS,8,93,15,MAD,PAAX,"REYES, FELIPE",2FGM,Two Pointer,2,-387,84,E,,,,2,09:00,2,2,
2007,RS,8,93,18,ULK,PAYR,"TURKCAN, MIRSAD",2FGM,Two Pointer,2,-251,451,I,,,,2,09:00,2,4,
2007,RS,8,93,20,MAD,PAAX,"REYES, FELIPE",2FGA,Missed Two Pointer,0,10,530,H,,,,2,09:00,2,4,
2007,RS,8,93,23,ULK,PCOS,"SOLOMON, WILLIE",3FGA,Missed Three Pointer,0,297,684,G,,,,3,08:00,2,4,
2007,RS,8,93,26,MAD,PARR,"TUNCERI, KEREM",3FGM,Three Pointer,3,-543,425,F,,,,3,08:00,5,4,
2007,RS,8,93,28,ULK,PTFI,"VIDMAR, GASPER",2FGM,Two Pointer,2,2,5,D,,,,3,08:00,5,6,
2007,RS,8,93,34,ULK,PARO,"ONAN, OMER",3FGA,Missed Three Pointer,0,84,676,G,,,,4,07:00,5,6,
2007,RS,8,93,36,MAD,PAAX,"REYES, FELIPE",2FGM,Two Pointer,2,-48,241,D,,,,4,07:00,7,6,
2007,RS,8,93,39,MAD,PAAX,"REYES, FELIPE",FTM,Free Throw In,1,-1,-1, ,,,,4,07:00,8,6,
2007,RS,8,93,41,ULK,PCOS,"SOLOMON, WILLIE",2FGA,Missed Two Pointer,0,169,56,C,,,,5,06:00,8,6,
2007,RS,8,93,46,ULK,PCOS,"SOLOMON, WILLIE",FTM,Free Throw In,1,-1,-1, ,,,,5,06:00,8,7,
2007,RS,8,93,47,ULK,PCOS,"SOLOMON, WILLIE",FTM,Free Throw In,1,-1,-1, ,,,,5,06:00,8,8,
2007,RS,8,93,48,MAD,PCTN,"SMITH, CHARLES",3FGA,Missed Three Pointer,0,-656,215,F,,,,5,06:00,8,8,
2007,RS,8,93,50,ULK,PTFI,"VIDMAR, GASPER",2FGA,Missed Two Pointer,0,0,435,I,,,,5,06:00,8,8,
2007,RS,8,93,61,MAD,PARR,"TUNCERI, KEREM",2FGM,Two Pointer,2,43,56,C,,,,6,05:00,10,8,
2007,RS,8,93,63,ULK,PJPF,"SAVAS, OGUZ",2FGM,Two Pointer,2,35,64,C,,,,6,05:00,10,10,
2007,RS,8,93,66,ULK,PJPF,"SAVAS, OGUZ",FTM,Free Throw In,1,-1,-1, ,,,,6,05:00,10,11,
2007,RS,8,93,67,MAD,PARR,"TUNCERI, KEREM",3FGA,Missed Three Pointer,0,-425,558,J,,,,6,05:00,10,11,
2007,RS,8,93,70,MAD,PARR,"TUNCERI, KEREM",2FGM,Two Pointer,2,-48,333,D,,,,7,04:00,12,11,
2007,RS,8,93,72,ULK,PJPF,"SAVAS, OGUZ",2FGM,Two Pointer,2,-61,82,D,,,,7,04:00,12,13,
2007,RS,8,93,74,MAD,PARR,"TUNCERI, KEREM",3FGM,Three Pointer,3,92,689,G,,,,7,04:00,15,13,
2007,RS,8,93,75,ULK,PAYR,"TURKCAN, MIRSAD",3FGA,Missed Three Pointer,0,-446,576,J,,,,7,04:00,15,13,
2007,RS,8,93,78,ULK,PAYR,"TURKCAN, MIRSAD",2FGA,Missed Two Pointer,0,51,87,C,,,,8,03:00,15,13,
2007,RS,8,93,80,MAD,PAFB,"SEKULIC, BLAGOTA",2FGM,Two Pointer,2,-12,125,D,,,,8,03:00,17,13,
2007,RS,8,93,81,ULK,PARO,"ONAN, OMER",3FGA,Missed Three Pointer,0,566,420,A,,,,8,03:00,17,13,
2007,RS,8,93,84,MAD,PAAX,"REYES, FELIPE",2FGA,Missed Two Pointer,0,-2,328,D,,,,9,02:00,17,13,
2007,RS,8,93,86,MAD,PAFB,"SEKULIC, BLAGOTA",2FGM,Two Pointer,2,17,53,C,,,,9,02:00,19,13,
2007,RS,8,93,87,ULK,PAYR,"TURKCAN, MIRSAD",2FGA,Missed Two Pointer,0,-166,484,I,,,,9,02:00,19,13,
2007,RS,8,93,90,MAD,PACK,"PELEKANOS, MICHALIS",2FGM,Two Pointer,2,-46,76,D,,,,9,02:00,21,13,
2007,RS,8,93,102,ULK,PCOS,"SOLOMON, WILLIE",2FGA,Missed Two Pointer,0,53,520,H,,,,9,02:00,21,13,
2007,RS,8,93,104,ULK,PCOS,"SOLOMON, WILLIE",3FGM,Three Pointer,3,74,676,G,,,,9,02:00,21,16,
2007,RS,8,93,109,MAD,PAJO,"BULLOCK, LOUIS",2FGM,Two Pointer,2,-17,315,D,,,,10,01:00,23,16,
2007,RS,8,93,112,ULK,PCOS,"SOLOMON, WILLIE",FTM,Free Throw In,1,-1,-1, ,,,,10,01:00,23,17,
2007,RS,8,93,113,ULK,PCOS,"SOLOMON, WILLIE",FTM,Free Throw In,1,-1,-1, ,,,,10,01:00,23,18,
2007,RS,8,93,114,MAD,PCTN,"SMITH, CHARLES",3FGM,Three Pointer,3,-41,664,J,,,,10,01:00,26,18,
2007,RS,8,93,121,MAD,PACK,"PELEKANOS, MICHALIS",2FGA,Missed Two Pointer,0,-12,207,D,,,,11,10:00,26,18,
2007,RS,8,93,125,MAD,PAJO,"BULLOCK, LOUIS",2FGM,Two Pointer,2,-38,64,D,,,,11,10:00,28,18,
2007,RS,8,93,127,ULK,PTFH,"PRELDZIC, EMIR",2FGM,Two Pointer,2,48,56,C,,,,11,10:00,28,20,
2007,RS,8,93,129,MAD,PACK,"PELEKANOS, MICHALIS",2FGA,Missed Two Pointer,0,564,41,B,,,,12,09:00,28,20,
2007,RS,8,93,131,ULK,PTFH,"PRELDZIC, EMIR",3FGA,Missed Three Pointer,0,-684,66,F,,,,12,09:00,28,20,
2007,RS,8,93,137,MAD,PTGB,"LLULL, SERGIO",FTM,Free Throw In,1,-1,-1, ,,,,12,09:00,29,20,
2007,RS,8,93,138,MAD,PTGB,"LLULL, SERGIO",FTM,Free Throw In,1,-1,-1, ,,,,12,09:00,30,20,
2007,RS,8,93,140,ULK,P000709,"ASIK, OMER FARUK",2FGA,Missed Two Pointer,0,-38,115,D,,,,13,08:00,30,20,
2007,RS,8,93,143,MAD,PAJO,"BULLOCK, LOUIS",3FGM,Three Pointer,3,-566,371,F,,,,13,08:00,33,20,
2007,RS,8,93,148,ULK,PARO,"ONAN, OMER",2FGA,Missed Two Pointer,0,-17,179,D,,,,13,08:00,33,20,
2007,RS,8,93,150,MAD,PTGB,"LLULL, SERGIO",3FGA,Missed Three Pointer,0,-410,551,J,,,,13,08:00,33,20,
2007,RS,8,93,154,ULK,PJPF,"SAVAS, OGUZ",2FGA,Missed Two Pointer,0,-84,115,D,,,,14,07:00,33,20,
2007,RS,8,93,156,ULK,PCOS,"SOLOMON, WILLIE",3FGM,Three Pointer,3,430,533,G,,,,14,07:00,33,23,
2007,RS,8,93,167,MAD,PACK,"PELEKANOS, MICHALIS",FTM,Free Throw In,1,-1,-1, ,,,,14,07:00,34,23,
2007,RS,8,93,171,ULK,PARO,"ONAN, OMER",2FGM,Two Pointer,2,-61,64,D,,,,14,07:00,34,25,
2007,RS,8,93,173,MAD,PAJO,"BULLOCK, LOUIS",2FGA,Missed Two Pointer,0,151,112,C,,,,15,06:00,34,25,
2007,RS,8,93,177,ULK,PARO,"ONAN, OMER",3FGA,Missed Three Pointer,0,-392,607,J,,,,15,06:00,34,25,
2007,RS,8,93,179,MAD,PAJO,"BULLOCK, LOUIS",3FGA,Missed Three Pointer,0,-533,435,J,,,,15,06:00,34,25,
2007,RS,8,93,182,MAD,PCRF,"HERVELLE, AXEL",3FGM,Three Pointer,3,-625,238,F,,,,15,06:00,37,25,
2007,RS,8,93,184,ULK,PTHC,"WHITE, JAMES",2FGM,Two Pointer,2,79,100,C,,,,16,05:00,37,27,
2007,RS,8,93,185,MAD,PCRF,"HERVELLE, AXEL",3FGA,Missed Three Pointer,0,-553,412,F,,,,16,05:00,37,27,
2007,RS,8,93,193,MAD,PBFJ,"MUMBRU, ALEX",2FGA,Missed Two Pointer,0,-82,71,D,,,,17,04:00,37,27,
2007,RS,8,93,195,ULK,PLFV,"DEMIREL, HAKAN",2FGM,Two Pointer,2,48,97,C,,,,17,04:00,37,29,
2007,RS,8,93,197,MAD,PAJO,"BULLOCK, LOUIS",2FGM,Two Pointer,2,289,469,H,,,,17,04:00,39,29,
2007,RS,8,93,198,ULK,PTHC,"WHITE, JAMES",3FGA,Missed Three Pointer,0,-541,464,J,,,,17,04:00,39,29,
2007,RS,8,93,202,ULK,PAYR,"TURKCAN, MIRSAD",2FGM,Two Pointer,2,-71,66,D,,,,18,03:00,39,31,
2007,RS,8,93,203,MAD,PAPP,"PAPADOPOULOS, LAZAROS",2FGM,Two Pointer,2,61,133,C,,,,18,03:00,41,31,
2007,RS,8,93,210,ULK,PTHC,"WHITE, JAMES",FTM,Free Throw In,1,-1,-1, ,,,,18,03:00,41,32,
2007,RS,8,93,211,ULK,PTHC,"WHITE, JAMES",FTM,Free Throw In,1,-1,-1, ,,,,18,03:00,41,33,
2007,RS,8,93,216,MAD,PAAX,"REYES, FELIPE",FTM,Free Throw In,1,-1,-1, ,,,,19,02:00,42,33,
2007,RS,8,93,217,MAD,PAAX,"REYES, FELIPE",FTM,Free Throw In,1,-1,-1, ,,,,19,02:00,43,33,
2007,RS,8,93,220,MAD,PAIT,"LOPEZ, RAUL",3FGA,Missed Three Pointer,0,235,646,G,,,,19,02:00,43,33,
2007,RS,8,93,223,ULK,PTFI,"VIDMAR, GASPER",2FGA,Missed Two Pointer,0,56,182,C,,,,20,01:00,43,33,
2007,RS,8,93,231,MAD,PBFJ,"MUMBRU, ALEX",2FGA,Missed Two Pointer,0,46,100,C,,,,20,01:00,43,33,
2007,RS,8,93,233,MAD,PAAX,"REYES, FELIPE",2FGM,Two Pointer,2,2,66,D,,,,20,01:00,45,33,
2007,RS,8,93,234,ULK,PCOS,"SOLOMON, WILLIE",2FGA,Missed Two Pointer,0,66,94,C,,,,20,01:00,45,33,
2007,RS,8,93,236,ULK,PCOS,"SOLOMON, WILLIE",3FGA,Missed Three Pointer,0,-366,574,J,,,,20,01:00,45,33,
2007,RS,8,93,238,MAD,PAIT,"LOPEZ, RAUL",2FGA,Missed Two Pointer,0,-48,82,D,,,,20,01:00,45,33,
2007,RS,8,93,240,MAD,PBFJ,"MUMBRU, ALEX",2FGM,Two Pointer,2,12,74,C,,,,20,01:00,47,33,
2007,RS,8,93,260,MAD,PAFB,"SEKULIC, BLAGOTA",FTM,Free Throw In,1,-1,-1, ,,,,21,10:00,48,33,
2007,RS,8,93,261,MAD,PAFB,"SEKULIC, BLAGOTA",FTM,Free Throw In,1,-1,-1, ,,,,21,10:00,49,33,
2007,RS,8,93,263,ULK,PJPF,"SAVAS, OGUZ",2FGM,Two Pointer,2,10,79,C,,,,21,10:00,49,35,
2007,RS,8,93,266,ULK,PARO,"ONAN, OMER",2FGM,Two Pointer,2,-20,97,D,,,,21,10:00,49,37,
2007,RS,8,93,268,MAD,PAAX,"REYES, FELIPE",2FGM,Two Pointer,2,-112,579,I,,,,22,09:00,51,37,
2007,RS,8,93,269,ULK,PJPF,"SAVAS, OGUZ",2FGA,Missed Two Pointer,0,348,66,B,,,,22,09:00,51,37,
2007,RS,8,93,273,MAD,PACK,"PELEKANOS, MICHALIS",3FGM,Three Pointer,3,625,256,A,,,,23,08:00,54,37,
2007,RS,8,93,274,ULK,PJPF,"SAVAS, OGUZ",2FGA,Missed Two Pointer,0,5,164,C,,,,23,08:00,54,37,
2007,RS,8,93,277,MAD,PAAX,"REYES, FELIPE",2FGM,Two Pointer,2,-48,69,D,,,,23,08:00,56,37,
2007,RS,8,93,279,ULK,PCOS,"SOLOMON, WILLIE",3FGA,Missed Three Pointer,0,341,594,G,,,,24,07:00,56,37,
2007,RS,8,93,281,MAD,PAAX,"REYES, FELIPE",2FGA,Missed Two Pointer,0,-7,105,D,,,,24,07:00,56,37,
2007,RS,8,93,283,MAD,PAFB,"SEKULIC, BLAGOTA",2FGA,Missed Two Pointer,0,-2,105,D,,,,24,07:00,56,37,
2007,RS,8,93,285,MAD,PAFB,"SEKULIC, BLAGOTA",2FGA,Missed Two Pointer,0,-76,110,D,,,,24,07:00,56,37,
2007,RS,8,93,288,MAD,PAFB,"SEKULIC, BLAGOTA",2FGA,Missed Two Pointer,0,41,105,C,,,,24,07:00,56,37,
2007,RS,8,93,293,ULK,PCOS,"SOLOMON, WILLIE",2FGM,Two Pointer,2,174,235,C,,,,25,06:00,56,39,
2007,RS,8,93,294,MAD,PARR,"TUNCERI, KEREM",2FGM,Two Pointer,2,-51,92,D,,,,25,06:00,58,39,
2007,RS,8,93,296,ULK,PJPF,"SAVAS, OGUZ",2FGM,Two Pointer,2,-84,92,D,,,,25,06:00,58,41,
2007,RS,8,93,303,ULK,PCOS,"SOLOMON, WILLIE",2FGM,Two Pointer,2,64,92,C,,,,26,05:00,58,43,
2007,RS,8,93,304,MAD,PARR,"TUNCERI, KEREM",3FGA,Missed Three Pointer,0,-433,543,J,,,,26,05:00,58,43,
2007,RS,8,93,311,ULK,PTHC,"WHITE, JAMES",3FGA,Missed Three Pointer,0,-671,200,F,,,,27,04:00,58,43,
2007,RS,8,93,314,ULK,PJPF,"SAVAS, OGUZ",2FGM,Two Pointer,2,-161,138,D,,,,27,04:00,58,45,
2007,RS,8,93,315,MAD,PAFB,"SEKULIC, BLAGOTA",2FGA,Missed Two Pointer,0,117,138,C,,,,27,04:00,58,45,
2007,RS,8,93,320,MAD,PCRF,"HERVELLE, AXEL",2FGA,Missed Two Pointer,0,38,105,C,,,,27,04:00,58,45,
2007,RS,8,93,321,ULK,PJPF,"SAVAS, OGUZ",3FGA,Missed Three Pointer,0,-338,669,J,,,,27,04:00,58,45,
2007,RS,8,93,325,MAD,PAPP,"PAPADOPOULOS, LAZAROS",2FGM,Two Pointer,2,0,7,D,,,,28,03:00,60,45,
2007,RS,8,93,326,ULK,PTHC,"WHITE, JAMES",3FGM,Three Pointer,3,-489,561,J,,,,28,03:00,60,48,
2007,RS,8,93,328,MAD,PCTN,"SMITH, CHARLES",2FGM,Two Pointer,2,100,89,C,,,,28,03:00,62,48,
2007,RS,8,93,330,ULK,PARO,"ONAN, OMER",2FGM,Two Pointer,2,46,82,C,,,,29,02:00,62,50,
2007,RS,8,93,335,MAD,PAJO,"BULLOCK, LOUIS",2FGA,Missed Two Pointer,0,-146,128,D,,,,29,02:00,62,50,
2007,RS,8,93,337,ULK,PAYR,"TURKCAN, MIRSAD",3FGA,Missed Three Pointer,0,-294,653,J,,,,29,02:00,62,50,
2007,RS,8,93,339,MAD,PCRF,"HERVELLE, AXEL",2FGA,Missed Two Pointer,0,-56,143,D,,,,29,02:00,62,50,
2007,RS,8,93,346,ULK,PARO,"ONAN, OMER",2FGA,Missed Two Pointer,0,-94,133,D,,,,30,01:00,62,50,
2007,RS,8,93,349,ULK,PARO,"ONAN, OMER",2FGA,Missed Two Pointer,0,-48,133,D,,,,30,01:00,62,50,
2007,RS,8,93,352,ULK,PCOS,"SOLOMON, WILLIE",3FGA,Missed Three Pointer,0,-397,576,J,,,,30,01:00,62,50,
2007,RS,8,93,355,ULK,PCOS,"SOLOMON, WILLIE",3FGA,Missed Three Pointer,0,-379,607,J,,,,30,01:00,62,50,
2007,RS,8,93,361,MAD,PCRF,"HERVELLE, AXEL",2FGM,Two Pointer,2,-2,7,D,,,,31,10:00,64,50,
2007,RS,8,93,363,ULK,PAYR,"TURKCAN, MIRSAD",2FGM,Two Pointer,2,-66,69,D,,,,31,10:00,64,52,
2007,RS,8,93,367,MAD,PAPP,"PAPADOPOULOS, LAZAROS",2FGA,Missed Two Pointer,0,-66,89,D,,,,32,09:00,64,52,
2007,RS,8,93,371,MAD,PAIT,"LOPEZ, RAUL",3FGA,Missed Three Pointer,0,-402,558,J,,,,32,09:00,64,52,
2007,RS,8,93,380,ULK,PAYR,"TURKCAN, MIRSAD",2FGA,Missed Two Pointer,0,-366,256,E,,,,33,08:00,64,52,
2007,RS,8,93,386,MAD,PAIT,"LOPEZ, RAUL",FTM,Free Throw In,1,-1,-1, ,,,,33,08:00,65,52,
2007,RS,8,93,387,MAD,PAIT,"LOPEZ, RAUL",FTM,Free Throw In,1,-1,-1, ,,,,33,08:00,66,52,
2007,RS,8,93,388,MAD,PAIT,"LOPEZ, RAUL",FTM,Free Throw In,1,-1,-1, ,,,,33,08:00,67,52,
2007,RS,8,93,389,ULK,P000709,"ASIK, OMER FARUK",2FGM,Two Pointer,2,0,5,D,,,,33,08:00,67,54,
2007,RS,8,93,390,MAD,PAPP,"PAPADOPOULOS, LAZAROS",2FGM,Two Pointer,2,56,105,C,,,,33,08:00,69,54,
2007,RS,8,93,393,ULK,PJPF,"SAVAS, OGUZ",2FGM,Two Pointer,2,-58,79,D,,,,34,07:00,69,56,
2007,RS,8,93,396,ULK,PJPF,"SAVAS, OGUZ",FTM,Free Throw In,1,-1,-1, ,,,,34,07:00,69,57,
2007,RS,8,93,397,MAD,PAPP,"PAPADOPOULOS, LAZAROS",2FGM,Two Pointer,2,-33,74,D,,,,34,07:00,71,57,
2007,RS,8,93,399,MAD,PAPP,"PAPADOPOULOS, LAZAROS",2FGA,Missed Two Pointer,0,64,87,C,,,,34,07:00,71,57,
2007,RS,8,93,407,MAD,PAIT,"LOPEZ, RAUL",FTM,Free Throw In,1,-1,-1, ,,,,35,06:00,72,57,
2007,RS,8,93,408,MAD,PAIT,"LOPEZ, RAUL",FTM,Free Throw In,1,-1,-1, ,,,,35,06:00,73,57,
2007,RS,8,93,409,ULK,PCOS,"SOLOMON, WILLIE",2FGM,Two Pointer,2,117,302,C,,,,35,06:00,73,59,
2007,RS,8,93,411,MAD,PCRF,"HERVELLE, AXEL",3FGM,Three Pointer,3,635,284,A,,,,35,06:00,76,59,
2007,RS,8,93,412,ULK,PJPF,"SAVAS, OGUZ",2FGA,Missed Two Pointer,0,430,146,B,,,,35,06:00,76,59,
2007,RS,8,93,427,ULK,PTHC,"WHITE, JAMES",3FGM,Three Pointer,3,-594,389,F,,,,35,06:00,76,62,
2007,RS,8,93,431,ULK,P000709,"ASIK, OMER FARUK",2FGM,Two Pointer,2,66,76,C,,,,36,05:00,76,64,
2007,RS,8,93,434,MAD,PAPP,"PAPADOPOULOS, LAZAROS",FTM,Free Throw In,1,-1,-1, ,,,,36,05:00,77,64,
2007,RS,8,93,445,ULK,PARO,"ONAN, OMER",FTM,Free Throw In,1,-1,-1, ,,,,37,04:00,77,65,
2007,RS,8,93,446,ULK,PARO,"ONAN, OMER",FTM,Free Throw In,1,-1,-1, ,,,,37,04:00,77,66,
2007,RS,8,93,449,MAD,PTGB,"LLULL, SERGIO",2FGA,Missed Two Pointer,0,-328,92,E,,,,37,04:00,77,66,
2007,RS,8,93,458,ULK,P000709,"ASIK, OMER FARUK",FTM,Free Throw In,1,-1,-1, ,,,,37,04:00,77,67,
2007,RS,8,93,464,MAD,PAAX,"REYES, FELIPE",2FGM,Two Pointer,2,-2,2,D,,,,38,03:00,79,67,
2007,RS,8,93,465,ULK,PARO,"ONAN, OMER",2FGM,Two Pointer,2,-53,82,D,,,,38,03:00,79,69,
2007,RS,8,93,468,ULK,PCOS,"SOLOMON, WILLIE",3FGA,Missed Three Pointer,0,-543,497,J,,,,38,03:00,79,69,
2007,RS,8,93,471,ULK,PJPF,"SAVAS, OGUZ",2FGM,Two Pointer,2,-71,87,D,,,,38,03:00,79,71,
2007,RS,8,93,472,MAD,PBFJ,"MUMBRU, ALEX",2FGM,Two Pointer,2,-28,107,D,,,,38,03:00,81,71,
2007,RS,8,93,477,MAD,PBFJ,"MUMBRU, ALEX",3FGA,Missed Three Pointer,0,579,533,G,,,,39,02:00,81,71,
2007,RS,8,93,482,ULK,PTHC,"WHITE, JAMES",FTM,Free Throw In,1,-1,-1, ,,,,40,01:00,81,72,
2007,RS,8,93,483,ULK,PTHC,"WHITE, JAMES",FTM,Free Throw In,1,-1,-1, ,,,,40,01:00,81,73,
2007,RS,8,93,485,MAD,PAAX,"REYES, FELIPE",2FGM,Two Pointer,2,-51,94,D,,,,40,01:00,83,73,
2007,RS,8,93,486,ULK,PTHC,"WHITE, JAMES",2FGA,Missed Two Pointer,0,-389,153,E,,,,40,01:00,83,73,
2007,RS,8,93,490,ULK,PTHC,"WHITE, JAMES",2FGM,Two Pointer,2,-107,141,D,,,,40,01:00,83,75,
2007,RS,8,93,493,MAD,PTGB,"LLULL, SERGIO",FTM,Free Throw In,1,-1,-1, ,,,,40,01:00,84,75,
2007,RS,8,93,494,MAD,PTGB,"LLULL, SERGIO",FTM,Free Throw In,1,-1,-1, ,,,,40,01:00,85,75,
2007,RS,8,93,495,ULK,PARO,"ONAN, OMER",3FGA,Missed Three Pointer,0,184,679,G,,,,40,01:00,85,75,
2007,RS,8,93,498,MAD,PKSF,"AGUILAR, PABLO",2FGM,Two Pointer,2,-10,156,D,,,,40,01:00,87,75,
2007,RS,8,93,500,ULK,P000709,"ASIK, OMER FARUK",2FGM,Two Pointer,2,-15,7,D,,,,40,01:00,87,77,
2007,RS,8,93,501,MAD,PBFJ,"MUMBRU, ALEX",3FGA,Missed Three Pointer,0,541,805,G,,,,40,01:00,87,77,
2007,RS,8,94,4,ROM,PJKN,"GABINI, ROBERTO",2FGA,Missed Two Pointer,0,-241,366,E,,,,2,09:00,0,0,
2007,RS,8,94,6,PAN,PABB,"DIKOUDIS, DEMOS",2FGM,Two Pointer,2,158,133,C,,,,2,09:00,0,2,
2007,RS,8,94,12,PAN,PABB,"DIKOUDIS, DEMOS",3FGM,Three Pointer,3,-441,515,J,,,,3,08:00,0,5,
2007,RS,8,94,15,ROM,PJKN,"GABINI, ROBERTO",3FGM,Three Pointer,3,-469,469,J,,,,3,08:00,3,5,
2007,RS,8,94,16,PAN,PADG,"JASIKEVICIUS, SARUNAS",3FGA,Missed Three Pointer,0,-48,687,J,,,,3,08:00,3,5,
2007,RS,8,94,18,ROM,PTFR,"RAY, ALLAN",2FGM,Two Pointer,2,41,58,C,,,,3,08:00,5,5,
2007,RS,8,94,19,PAN,PADG,"JASIKEVICIUS, SARUNAS",2FGA,Missed Two Pointer,0,-112,15,D,,,,3,08:00,5,5,
2007,RS,8,94,21,ROM,PTFR,"RAY, ALLAN",2FGM,Two Pointer,2,-61,58,D,,,,3,08:00,7,5,
2007,RS,8,94,23,PAN,PJKO,"DIAMANTIDIS, DIMITRIS",3FGA,Missed Three Pointer,0,-151,684,J,,,,4,07:00,7,5,
2007,RS,8,94,25,ROM,PKZA,"HAWKINS, DAVID",3FGA,Missed Three Pointer,0,-407,571,J,,,,4,07:00,7,5,
2007,RS,8,94,27,PAN,PAJV,"BATISTE, MICHAEL",2FGM,Two Pointer,2,51,30,C,,,,4,07:00,7,7,
2007,RS,8,94,32,ROM,PTFR,"RAY, ALLAN",3FGA,Missed Three Pointer,0,-451,507,J,,,,5,06:00,7,7,
2007,RS,8,94,34,PAN,PAJV,"BATISTE, MICHAEL",2FGM,Two Pointer,2,133,0,C,,,,5,06:00,7,9,
2007,RS,8,94,45,PAN,PADG,"JASIKEVICIUS, SARUNAS",FTM,Free Throw In,1,-1,-1, ,,,,5,06:00,7,10,
2007,RS,8,94,46,PAN,PADG,"JASIKEVICIUS, SARUNAS",FTM,Free Throw In,1,-1,-1, ,,,,5,06:00,7,11,
2007,RS,8,94,48,PAN,PADG,"JASIKEVICIUS, SARUNAS",3FGM,Three Pointer,3,187,651,G,,,,6,05:00,7,14,
2007,RS,8,94,54,ROM,PCJA,"UKIC, ROKO-LENI",3FGA,Missed Three Pointer,0,-423,533,J,,,,6,05:00,7,14,
2007,RS,8,94,56,PAN,PTFY,"WINSTON, KENNEDY",2FGA,Missed Two Pointer,0,105,82,C,,,,6,05:00,7,14,
2007,RS,8,94,61,ROM,PKZA,"HAWKINS, DAVID",FTM,Free Throw In,1,-1,-1, ,,,,6,05:00,8,14,
2007,RS,8,94,62,ROM,PKZA,"HAWKINS, DAVID",FTM,Free Throw In,1,-1,-1, ,,,,6,05:00,9,14,
2007,RS,8,94,68,ROM,PCJA,"UKIC, ROKO-LENI",2FGM,Two Pointer,2,-69,38,D,,,,7,04:00,11,14,
2007,RS,8,94,69,PAN,PAJV,"BATISTE, MICHAEL",2FGM,Two Pointer,2,97,289,C,,,,7,04:00,11,16,
2007,RS,8,94,73,PAN,PAJV,"BATISTE, MICHAEL",2FGA,Missed Two Pointer,0,89,51,C,,,,7,04:00,11,16,
2007,RS,8,94,78,PAN,PTFY,"WINSTON, KENNEDY",2FGM,Two Pointer,2,0,7,D,,,,8,03:00,11,18,
2007,RS,8,94,80,ROM,PTFR,"RAY, ALLAN",3FGM,Three Pointer,3,456,530,G,,,,8,03:00,14,18,
2007,RS,8,94,82,PAN,PAJV,"BATISTE, MICHAEL",2FGA,Missed Two Pointer,0,-84,248,D,,,,8,03:00,14,18,
2007,RS,8,94,84,ROM,PTFR,"RAY, ALLAN",2FGA,Missed Two Pointer,0,53,102,C,,,,8,03:00,14,18,
2007,RS,8,94,88,ROM,PKZA,"HAWKINS, DAVID",2FGM,Two Pointer,2,-2,5,D,,,,8,03:00,16,18,
2007,RS,8,94,96,PAN,PJUO,"SPANOULIS, VASSILIS",2FGM,Two Pointer,2,-94,51,D,,,,9,02:00,16,20,
2007,RS,8,94,97,ROM,PBWL,"LORBEK, ERAZEM",3FGA,Missed Three Pointer,0,64,671,G,,,,9,02:00,16,20,
2007,RS,8,94,102,ROM,PCJA,"UKIC, ROKO-LENI",2FGM,Two Pointer,2,-61,66,D,,,,10,01:00,18,20,
2007,RS,8,94,106,PAN,PABB,"DIKOUDIS, DEMOS",2FGM,Two Pointer,2,-2,7,D,,,,10,01:00,18,22,
2007,RS,8,94,115,PAN,PABB,"DIKOUDIS, DEMOS",FTM,Free Throw In,1,-1,-1, ,,,,10,01:00,18,23,
2007,RS,8,94,116,ROM,PBWL,"LORBEK, ERAZEM",2FGM,Two Pointer,2,153,143,C,,,,10,01:00,20,23,
2007,RS,8,94,129,PAN,PBCS,"HATZIVRETTAS, NIKOS",2FGA,Missed Two Pointer,0,-394,446,I,,,,11,10:00,20,23,
2007,RS,8,94,131,ROM,PTFR,"RAY, ALLAN",3FGM,Three Pointer,3,15,707,G,,,,11,10:00,23,23,
2007,RS,8,94,133,PAN,PJUO,"SPANOULIS, VASSILIS",2FGM,Two Pointer,2,-84,71,D,,,,11,10:00,23,25,
2007,RS,8,94,135,ROM,PCJA,"UKIC, ROKO-LENI",2FGM,Two Pointer,2,-61,46,D,,,,12,09:00,25,25,
2007,RS,8,94,137,PAN,PABB,"DIKOUDIS, DEMOS",3FGA,Missed Three Pointer,0,-397,541,J,,,,12,09:00,25,25,
2007,RS,8,94,145,PAN,PBXE,"ZIZIC, ANDRIJA",FTM,Free Throw In,1,-1,-1, ,,,,12,09:00,25,26,
2007,RS,8,94,147,ROM,PTFR,"RAY, ALLAN",3FGM,Three Pointer,3,-523,412,F,,,,13,08:00,28,26,
2007,RS,8,94,148,PAN,PAGG,"BECIROVIC, SANI",2FGM,Two Pointer,2,64,20,C,,,,13,08:00,28,28,
2007,RS,8,94,157,PAN,PAGG,"BECIROVIC, SANI",FTM,Free Throw In,1,-1,-1, ,,,,13,08:00,28,29,
2007,RS,8,94,160,ROM,PJKN,"GABINI, ROBERTO",2FGM,Two Pointer,2,117,489,H,,,,13,08:00,30,29,
2007,RS,8,94,165,PAN,PBXE,"ZIZIC, ANDRIJA",FTM,Free Throw In,1,-1,-1, ,,,,14,07:00,30,30,
2007,RS,8,94,166,ROM,PLUK,"STEFANSSON, JON",2FGM,Two Pointer,2,58,46,C,,,,14,07:00,32,30,
2007,RS,8,94,168,PAN,PJUO,"SPANOULIS, VASSILIS",3FGA,Missed Three Pointer,0,674,-25,A,,,,14,07:00,32,30,
2007,RS,8,94,175,PAN,PBXE,"ZIZIC, ANDRIJA",FTM,Free Throw In,1,-1,-1, ,,,,14,07:00,32,31,
2007,RS,8,94,193,ROM,PLUK,"STEFANSSON, JON",FTM,Free Throw In,1,-1,-1, ,,,,15,06:00,33,31,
2007,RS,8,94,194,ROM,PLUK,"STEFANSSON, JON",FTM,Free Throw In,1,-1,-1, ,,,,15,06:00,34,31,
2007,RS,8,94,195,ROM,PLUK,"STEFANSSON, JON",3FGM,Three Pointer,3,15,684,G,,,,15,06:00,37,31,
2007,RS,8,94,198,PAN,PAGG,"BECIROVIC, SANI",3FGM,Three Pointer,3,371,558,G,,,,15,06:00,37,34,
2007,RS,8,94,200,ROM,PADP,"FUCKA, GREGOR",2FGA,Missed Two Pointer,0,-271,351,E,,,,16,05:00,37,34,
2007,RS,8,94,202,PAN,PAGG,"BECIROVIC, SANI",2FGA,Missed Two Pointer,0,125,335,C,,,,16,05:00,37,34,
2007,RS,8,94,204,PAN,PAJV,"BATISTE, MICHAEL",2FGM,Two Pointer,2,-64,46,D,,,,16,05:00,37,36,
2007,RS,8,94,205,ROM,PBWL,"LORBEK, ERAZEM",2FGA,Missed Two Pointer,0,476,284,B,,,,16,05:00,37,36,
2007,RS,8,94,207,PAN,PJUO,"SPANOULIS, VASSILIS",2FGM,Two Pointer,2,-46,15,D,,,,16,05:00,37,38,
2007,RS,8,94,224,ROM,PKZA,"HAWKINS, DAVID",FTM,Free Throw In,1,-1,-1, ,,,,17,04:00,38,38,
2007,RS,8,94,233,PAN,PAGG,"BECIROVIC, SANI",3FGM,Three Pointer,3,-366,569,J,,,,17,04:00,38,41,
2007,RS,8,94,236,ROM,PBWL,"LORBEK, ERAZEM",2FGM,Two Pointer,2,248,489,H,,,,18,03:00,40,41,
2007,RS,8,94,237,PAN,PADG,"JASIKEVICIUS, SARUNAS",2FGA,Missed Two Pointer,0,-35,220,D,,,,18,03:00,40,41,
2007,RS,8,94,245,ROM,PADP,"FUCKA, GREGOR",FTM,Free Throw In,1,-1,-1, ,,,,18,03:00,41,41,
2007,RS,8,94,246,ROM,PADP,"FUCKA, GREGOR",FTM,Free Throw In,1,-1,-1, ,,,,18,03:00,42,41,
2007,RS,8,94,248,PAN,PAGG,"BECIROVIC, SANI",3FGA,Missed Three Pointer,0,571,328,A,,,,19,02:00,42,41,
2007,RS,8,94,250,ROM,PTFR,"RAY, ALLAN",3FGA,Missed Three Pointer,0,569,446,G,,,,19,02:00,42,41,
2007,RS,8,94,256,PAN,PADG,"JASIKEVICIUS, SARUNAS",FTM,Free Throw In,1,-1,-1, ,,,,19,02:00,42,42,
2007,RS,8,94,257,PAN,PADG,"JASIKEVICIUS, SARUNAS",FTM,Free Throw In,1,-1,-1, ,,,,19,02:00,42,43,
2007,RS,8,94,258,ROM,PKXO,"GIACHETTI, JACOPO",3FGM,Three Pointer,3,-171,651,J,,,,19,02:00,45,43,
2007,RS,8,94,261,PAN,PACN,"TSARTSARIS, KOSTAS",3FGM,Three Pointer,3,682,-23,A,,,,20,01:00,45,46,
2007,RS,8,94,263,ROM,PADP,"FUCKA, GREGOR",3FGM,Three Pointer,3,-287,625,J,,,,20,01:00,48,46,
2007,RS,8,94,267,PAN,PBXE,"ZIZIC, ANDRIJA",2FGM,Two Pointer,2,71,338,C,,,,20,01:00,48,48,
2007,RS,8,94,277,ROM,PTFR,"RAY, ALLAN",2FGA,Missed Two Pointer,0,-89,148,D,,,,20,01:00,48,48,
2007,RS,8,94,289,ROM,PKZA,"HAWKINS, DAVID",3FGA,Missed Three Pointer,0,-656,30,F,,,,21,10:00,48,48,
2007,RS,8,94,293,PAN,PAJV,"BATISTE, MICHAEL",2FGM,Two Pointer,2,58,30,C,,,,21,10:00,48,50,
2007,RS,8,94,297,ROM,PBWL,"LORBEK, ERAZEM",FTM,Free Throw In,1,-1,-1, ,,,,21,10:00,49,50,
2007,RS,8,94,299,PAN,PAJV,"BATISTE, MICHAEL",2FGAB,Missed Two Pointer,0,-53,28,D,,,,22,09:00,49,50,
2007,RS,8,94,303,ROM,PTFR,"RAY, ALLAN",2FGAB,Missed Two Pointer,0,61,25,C,,,,22,09:00,49,50,
2007,RS,8,94,310,ROM,PBWL,"LORBEK, ERAZEM",FTM,Free Throw In,1,-1,-1, ,,,,22,09:00,50,50,
2007,RS,8,94,313,ROM,PKZA,"HAWKINS, DAVID",2FGM,Two Pointer,2,-102,82,D,,,,22,09:00,52,50,
2007,RS,8,94,316,ROM,PKZA,"HAWKINS, DAVID",2FGA,Missed Two Pointer,0,-2,5,D,,,,22,09:00,52,50,
2007,RS,8,94,318,PAN,PAGG,"BECIROVIC, SANI",3FGA,Missed Three Pointer,0,587,333,A,,,,22,09:00,52,50,
2007,RS,8,94,321,ROM,PKXO,"GIACHETTI, JACOPO",2FGM,Two Pointer,2,-100,207,D,,,,23,08:00,54,50,
2007,RS,8,94,322,PAN,PJUO,"SPANOULIS, VASSILIS",3FGA,Missed Three Pointer,0,-210,646,J,,,,23,08:00,54,50,
2007,RS,8,94,324,ROM,PADP,"FUCKA, GREGOR",2FGM,Two Pointer,2,41,5,C,,,,23,08:00,56,50,
2007,RS,8,94,330,ROM,PADP,"FUCKA, GREGOR",2FGM,Two Pointer,2,0,0,D,,,,24,07:00,58,50,
2007,RS,8,94,332,PAN,PTFY,"WINSTON, KENNEDY",2FGA,Missed Two Pointer,0,-7,74,D,,,,24,07:00,58,50,
2007,RS,8,94,340,ROM,PTFR,"RAY, ALLAN",3FGA,Missed Three Pointer,0,302,610,G,,,,24,07:00,58,50,
2007,RS,8,94,342,ROM,PADP,"FUCKA, GREGOR",2FGM,Two Pointer,2,33,20,C,,,,24,07:00,60,50,
2007,RS,8,94,350,ROM,PKXO,"GIACHETTI, JACOPO",3FGM,Three Pointer,3,89,658,G,,,,25,06:00,63,50,
2007,RS,8,94,353,ROM,PKZA,"HAWKINS, DAVID",2FGM,Two Pointer,2,56,12,C,,,,25,06:00,65,50,
2007,RS,8,94,358,PAN,PJKO,"DIAMANTIDIS, DIMITRIS",2FGA,Missed Two Pointer,0,-128,15,D,,,,25,06:00,65,50,
2007,RS,8,94,363,ROM,PKXO,"GIACHETTI, JACOPO",3FGA,Missed Three Pointer,0,-664,-20,F,,,,26,05:00,65,50,
2007,RS,8,94,365,PAN,PADG,"JASIKEVICIUS, SARUNAS",3FGM,Three Pointer,3,10,674,G,,,,26,05:00,65,53,
2007,RS,8,94,378,PAN,PJUO,"SPANOULIS, VASSILIS",2FGA,Missed Two Pointer,0,-156,492,I,,,,27,04:00,65,53,
2007,RS,8,94,380,PAN,PADG,"JASIKEVICIUS, SARUNAS",3FGA,Missed Three Pointer,0,30,697,G,,,,27,04:00,65,53,
2007,RS,8,94,387,ROM,PBWL,"LORBEK, ERAZEM",FTM,Free Throw In,1,-1,-1, ,,,,27,04:00,66,53,
2007,RS,8,94,389,PAN,PADG,"JASIKEVICIUS, SARUNAS",3FGM,Three Pointer,3,-666,15,F,,,,28,03:00,66,56,
2007,RS,8,94,394,PAN,PBXE,"ZIZIC, ANDRIJA",2FGA,Missed Two Pointer,0,184,456,H,,,,28,03:00,66,56,
2007,RS,8,94,396,ROM,PBWL,"LORBEK, ERAZEM",2FGA,Missed Two Pointer,0,535,217,B,,,,28,03:00,66,56,
2007,RS,8,94,399,ROM,PTFP,"BAGNOLI, SIMONE",2FGA,Missed Two Pointer,0,-56,25,D,,,,29,02:00,66,56,
2007,RS,8,94,401,PAN,PJUO,"SPANOULIS, VASSILIS",3FGA,Missed Three Pointer,0,-66,782,J,,,,29,02:00,66,56,
2007,RS,8,94,403,ROM,PTFP,"BAGNOLI, SIMONE",3FGA,Missed Three Pointer,0,-17,666,J,,,,29,02:00,66,56,
2007,RS,8,94,412,PAN,PABB,"DIKOUDIS, DEMOS",FTM,Free Throw In,1,-1,-1, ,,,,30,01:00,66,57,
2007,RS,8,94,415,ROM,PLUK,"STEFANSSON, JON",3FGA,Missed Three Pointer,0,-169,633,J,,,,30,01:00,66,57,
2007,RS,8,94,419,ROM,PCJA,"UKIC, ROKO-LENI",2FGM,Two Pointer,2,-48,2,D,,,,30,01:00,68,57,
2007,RS,8,94,424,PAN,PADG,"JASIKEVICIUS, SARUNAS",3FGA,Missed Three Pointer,0,-274,617,J,,,,31,10:00,68,57,
2007,RS,8,94,432,ROM,PJKN,"GABINI, ROBERTO",2FGM,Two Pointer,2,46,2,C,,,,31,10:00,70,57,
2007,RS,8,94,436,ROM,PTFR,"RAY, ALLAN",3FGM,Three Pointer,3,-646,328,F,,,,32,09:00,73,57,
2007,RS,8,94,442,PAN,PADG,"JASIKEVICIUS, SARUNAS",3FGA,Missed Three Pointer,0,317,589,G,,,,32,09:00,73,57,
2007,RS,8,94,446,ROM,PCJA,"UKIC, ROKO-LENI",3FGA,Missed Three Pointer,0,661,141,A,,,,32,09:00,73,57,
2007,RS,8,94,449,ROM,PLUK,"STEFANSSON, JON",3FGA,Missed Three Pointer,0,-407,533,J,,,,33,08:00,73,57,
2007,RS,8,94,453,ROM,PTFR,"RAY, ALLAN",2FGM,Two Pointer,2,417,66,B,,,,33,08:00,75,57,
2007,RS,8,94,454,PAN,PBXE,"ZIZIC, ANDRIJA",2FGM,Two Pointer,2,-56,7,D,,,,33,08:00,75,59,
2007,RS,8,94,464,PAN,PJUO,"SPANOULIS, VASSILIS",2FGA,Missed Two Pointer,0,-130,179,D,,,,34,07:00,75,59,
2007,RS,8,94,466,ROM,PLUK,"STEFANSSON, JON",3FGA,Missed Three Pointer,0,-610,202,F,,,,34,07:00,75,59,
2007,RS,8,94,469,PAN,PJKO,"DIAMANTIDIS, DIMITRIS",3FGM,Three Pointer,3,674,-28,A,,,,34,07:00,75,62,
2007,RS,8,94,471,ROM,PJKN,"GABINI, ROBERTO",2FGM,Two Pointer,2,-23,84,D,,,,35,06:00,77,62,
2007,RS,8,94,473,PAN,PJUO,"SPANOULIS, VASSILIS",3FGM,Three Pointer,3,664,-46,A,,,,36,05:00,77,65,
2007,RS,8,94,485,ROM,PCJA,"UKIC, ROKO-LENI",2FGM,Two Pointer,2,-7,41,D,,,,36,05:00,79,65,
2007,RS,8,94,489,ROM,PBWL,"LORBEK, ERAZEM",2FGA,Missed Two Pointer,0,120,12,C,,,,37,04:00,79,65,
2007,RS,8,94,493,ROM,PJKN,"GABINI, ROBERTO",3FGA,Missed Three Pointer,0,333,584,G,,,,37,04:00,79,65,
2007,RS,8,94,504,PAN,PBCS,"HATZIVRETTAS, NIKOS",FTM,Free Throw In,1,-1,-1, ,,,,38,03:00,79,66,
2007,RS,8,94,505,PAN,PBCS,"HATZIVRETTAS, NIKOS",FTM,Free Throw In,1,-1,-1, ,,,,38,03:00,79,67,
2007,RS,8,94,513,ROM,PBWL,"LORBEK, ERAZEM",2FGM,Two Pointer,2,-5,38,D,,,,38,03:00,81,67,
2007,RS,8,94,521,ROM,PBWL,"LORBEK, ERAZEM",FTM,Free Throw In,1,-1,-1, ,,,,38,03:00,82,67,
2007,RS,8,94,523,PAN,PAGG,"BECIROVIC, SANI",2FGA,Missed Two Pointer,0,579,-23,B,,,,39,02:00,82,67,
2007,RS,8,94,530,ROM,PTFR,"RAY, ALLAN",3FGA,Missed Three Pointer,0,-615,674,J,,,,39,02:00,82,67,
2007,RS,8,94,532,PAN,PTFY,"WINSTON, KENNEDY",2FGA,Missed Two Pointer,0,-23,51,D,,,,39,02:00,82,67,
2007,RS,8,94,534,PAN,PTFY,"WINSTON, KENNEDY",2FGA,Missed Two Pointer,0,-43,38,D,,,,39,02:00,82,67,
2007,RS,8,94,536,PAN,PABB,"DIKOUDIS, DEMOS",2FGA,Missed Two Pointer,0,-43,30,D,,,,39,02:00,82,67,
2007,RS,8,94,539,ROM,PCJA,"UKIC, ROKO-LENI",3FGA,Missed Three Pointer,0,-20,684,J,,,,40,01:00,82,67,
2007,RS,8,94,543,ROM,PCJA,"UKIC, ROKO-LENI",3FGM,Three Pointer,3,-558,420,F,,,,40,01:00,85,67,
2007,RS,8,95,5,BAM,PJSS,"HAMANN, STEFFEN",2FGM,Two Pointer,2,141,15,C,,,,1,10:00,0,2,
2007,RS,8,95,6,ROA,PTEX,"PELLIN, MARC-ANTOINE",2FGM,Two Pointer,2,-84,12,D,,,,1,10:00,2,2,
2007,RS,8,95,7,BAM,PLPI,"FENN, DARREN",3FGAB,Missed Three Pointer,0,-258,620,J,,,,1,10:00,2,2,
2007,RS,8,95,14,ROA,PTEU,"SALYERS, MARC",3FGM,Three Pointer,3,-448,517,J,,,,2,09:00,5,2,
2007,RS,8,95,18,BAM,PASB,"OKULAJA, ADEMOLA",2FGA,Missed Two Pointer,0,64,123,C,,,,2,09:00,5,2,
2007,RS,8,95,20,ROA,PTEV,"HESS, ADAM",3FGA,Missed Three Pointer,0,30,666,G,,,,2,09:00,5,2,
2007,RS,8,95,23,BAM,PLPI,"FENN, DARREN",2FGA,Missed Two Pointer,0,-294,435,I,,,,3,08:00,5,2,
2007,RS,8,95,25,BAM,PASB,"OKULAJA, ADEMOLA",2FGA,Missed Two Pointer,0,-56,94,D,,,,3,08:00,5,2,
2007,RS,8,95,27,ROA,PTEU,"SALYERS, MARC",2FGA,Missed Two Pointer,0,43,143,C,,,,3,08:00,5,2,
2007,RS,8,95,28,BAM,PASB,"OKULAJA, ADEMOLA",2FGA,Missed Two Pointer,0,161,158,C,,,,3,08:00,5,2,
2007,RS,8,95,31,BAM,PJJZ,"SUPUT, PREDRAG",3FGM,Three Pointer,3,635,256,A,,,,3,08:00,5,5,
2007,RS,8,95,36,ROA,PTEU,"SALYERS, MARC",2FGA,Missed Two Pointer,0,-376,374,E,,,,4,07:00,5,5,
2007,RS,8,95,39,BAM,PLPI,"FENN, DARREN",2FGM,Two Pointer,2,-30,82,D,,,,4,07:00,5,7,
2007,RS,8,95,40,ROA,PTEZ,"RUSH, BRION",3FGA,Missed Three Pointer,0,-166,633,J,,,,4,07:00,5,7,
2007,RS,8,95,42,BAM,PLPI,"FENN, DARREN",2FGA,Missed Two Pointer,0,74,135,C,,,,4,07:00,5,7,
2007,RS,8,95,46,BAM,PJJZ,"SUPUT, PREDRAG",3FGM,Three Pointer,3,-189,658,J,,,,5,06:00,5,10,
2007,RS,8,95,48,ROA,PTEX,"PELLIN, MARC-ANTOINE",2FGM,Two Pointer,2,389,410,B,,,,5,06:00,7,10,
2007,RS,8,95,50,BAM,PJJZ,"SUPUT, PREDRAG",3FGA,Missed Three Pointer,0,-602,361,F,,,,5,06:00,7,10,
2007,RS,8,95,54,BAM,PKOO,"GREENE, DEMOND",2FGM,Two Pointer,2,105,82,C,,,,5,06:00,7,12,
2007,RS,8,95,64,ROA,PTEZ,"RUSH, BRION",FTM,Free Throw In,1,-1,-1, ,,,,7,04:00,8,12,
2007,RS,8,95,65,ROA,PTEZ,"RUSH, BRION",FTM,Free Throw In,1,-1,-1, ,,,,7,04:00,9,12,
2007,RS,8,95,66,BAM,PJSR,"ENSMINGER, CHRIS",2FGA,Missed Two Pointer,0,161,58,C,,,,7,04:00,9,12,
2007,RS,8,95,71,ROA,PTEU,"SALYERS, MARC",3FGM,Three Pointer,3,-289,671,J,,,,7,04:00,12,12,
2007,RS,8,95,74,BAM,PLPI,"FENN, DARREN",2FGM,Two Pointer,2,128,110,C,,,,8,03:00,12,14,
2007,RS,8,95,75,ROA,PTEZ,"RUSH, BRION",2FGM,Two Pointer,2,-169,15,D,,,,8,03:00,14,14,
2007,RS,8,95,77,BAM,PJSS,"HAMANN, STEFFEN",2FGA,Missed Two Pointer,0,123,58,C,,,,8,03:00,14,14,
2007,RS,8,95,80,ROA,PTEU,"SALYERS, MARC",3FGM,Three Pointer,3,-33,648,J,,,,8,03:00,17,14,
2007,RS,8,95,89,BAM,PJSS,"HAMANN, STEFFEN",3FGM,Three Pointer,3,-312,617,J,,,,9,02:00,17,17,
2007,RS,8,95,91,ROA,PTEX,"PELLIN, MARC-ANTOINE",3FGA,Missed Three Pointer,0,446,507,G,,,,9,02:00,17,17,
2007,RS,8,95,93,BAM,PJSS,"HAMANN, STEFFEN",3FGM,Three Pointer,3,-43,653,J,,,,9,02:00,17,20,
2007,RS,8,95,98,ROA,PTEU,"SALYERS, MARC",FTM,Free Throw In,1,-1,-1, ,,,,10,01:00,18,20,
2007,RS,8,95,99,ROA,PTEU,"SALYERS, MARC",FTM,Free Throw In,1,-1,-1, ,,,,10,01:00,19,20,
2007,RS,8,95,104,ROA,PTEU,"SALYERS, MARC",FTM,Free Throw In,1,-1,-1, ,,,,10,01:00,20,20,
2007,RS,8,95,105,ROA,PTEU,"SALYERS, MARC",FTM,Free Throw In,1,-1,-1, ,,,,10,01:00,21,20,
2007,RS,8,95,110,BAM,PLPI,"FENN, DARREN",3FGA,Missed Three Pointer,0,348,630,G,,,,10,01:00,21,20,
2007,RS,8,95,126,ROA,PTEU,"SALYERS, MARC",2FGA,Missed Two Pointer,0,-184,-25,D,,,,12,09:00,21,20,
2007,RS,8,95,128,BAM,PLPI,"FENN, DARREN",3FGA,Missed Three Pointer,0,84,648,G,,,,12,09:00,21,20,
2007,RS,8,95,135,ROA,PTFC,"POUPET, PIERRIC",3FGA,Missed Three Pointer,0,-374,571,J,,,,12,09:00,21,20,
2007,RS,8,95,137,ROA,PTEU,"SALYERS, MARC",2FGAB,Missed Two Pointer,0,133,228,C,,,,12,09:00,21,20,
2007,RS,8,95,145,ROA,PTFC,"POUPET, PIERRIC",FTM,Free Throw In,1,-1,-1, ,,,,13,08:00,22,20,
2007,RS,8,95,148,ROA,PTEZ,"RUSH, BRION",3FGM,Three Pointer,3,-494,500,J,,,,13,08:00,25,20,
2007,RS,8,95,150,BAM,PLPK,"OHLBRECHT, TIM",2FGA,Missed Two Pointer,0,-117,128,D,,,,13,08:00,25,20,
2007,RS,8,95,161,ROA,PTEZ,"RUSH, BRION",3FGA,Missed Three Pointer,0,-487,546,J,,,,14,07:00,25,20,
2007,RS,8,95,163,BAM,PJSS,"HAMANN, STEFFEN",2FGM,Two Pointer,2,276,128,B,,,,14,07:00,25,22,
2007,RS,8,95,169,BAM,PJJZ,"SUPUT, PREDRAG",3FGA,Missed Three Pointer,0,12,684,G,,,,15,06:00,25,22,
2007,RS,8,95,171,ROA,PTFC,"POUPET, PIERRIC",2FGA,Missed Two Pointer,0,-161,48,D,,,,15,06:00,25,22,
2007,RS,8,95,173,ROA,PTEY,"BADIANE, PAPE",2FGM,Two Pointer,2,33,69,C,,,,15,06:00,27,22,
2007,RS,8,95,181,BAM,PBOF,"GARRETT, ROBERT",2FGM,Two Pointer,2,69,92,C,,,,15,06:00,27,24,
2007,RS,8,95,185,ROA,PTFC,"POUPET, PIERRIC",FTM,Free Throw In,1,-1,-1, ,,,,16,05:00,28,24,
2007,RS,8,95,188,ROA,PTFC,"POUPET, PIERRIC",FTM,Free Throw In,1,-1,-1, ,,,,16,05:00,29,24,
2007,RS,8,95,193,BAM,PJSR,"ENSMINGER, CHRIS",2FGAB,Missed Two Pointer,0,61,38,C,,,,16,05:00,29,24,
2007,RS,8,95,198,BAM,PJJZ,"SUPUT, PREDRAG",2FGM,Two Pointer,2,-484,-12,E,,,,16,05:00,29,26,
2007,RS,8,95,200,ROA,PTEU,"SALYERS, MARC",3FGA,Missed Three Pointer,0,164,658,G,,,,17,04:00,29,26,
2007,RS,8,95,202,ROA,PTEU,"SALYERS, MARC",2FGA,Missed Two Pointer,0,-125,184,D,,,,17,04:00,29,26,
2007,RS,8,95,204,BAM,PJJZ,"SUPUT, PREDRAG",2FGA,Missed Two Pointer,0,61,66,C,,,,17,04:00,29,26,
2007,RS,8,95,209,ROA,PTFC,"POUPET, PIERRIC",FTM,Free Throw In,1,-1,-1, ,,,,18,03:00,30,26,
2007,RS,8,95,210,ROA,PTFC,"POUPET, PIERRIC",FTM,Free Throw In,1,-1,-1, ,,,,18,03:00,31,26,
2007,RS,8,95,211,BAM,PJSR,"ENSMINGER, CHRIS",2FGM,Two Pointer,2,84,46,C,,,,18,03:00,31,28,
2007,RS,8,95,212,ROA,PTFC,"POUPET, PIERRIC",2FGA,Missed Two Pointer,0,-33,430,I,,,,18,03:00,31,28,
2007,RS,8,95,214,BAM,PBOF,"GARRETT, ROBERT",2FGM,Two Pointer,2,-51,138,D,,,,18,03:00,31,30,
2007,RS,8,95,220,ROA,PTEX,"PELLIN, MARC-ANTOINE",FTM,Free Throw In,1,-1,-1, ,,,,19,02:00,32,30,
2007,RS,8,95,221,ROA,PTEX,"PELLIN, MARC-ANTOINE",FTM,Free Throw In,1,-1,-1, ,,,,19,02:00,33,30,
2007,RS,8,95,222,BAM,PASB,"OKULAJA, ADEMOLA",3FGA,Missed Three Pointer,0,105,692,G,,,,19,02:00,33,30,
2007,RS,8,95,224,ROA,PTFB,"SOLIMAN, WILLIAMS",2FGAB,Missed Two Pointer,0,-89,89,D,,,,19,02:00,33,30,
2007,RS,8,95,228,BAM,PJJZ,"SUPUT, PREDRAG",2FGA,Missed Two Pointer,0,133,110,C,,,,19,02:00,33,30,
2007,RS,8,95,230,BAM,PASB,"OKULAJA, ADEMOLA",2FGM,Two Pointer,2,-87,87,D,,,,19,02:00,33,32,
2007,RS,8,95,231,ROA,PTEX,"PELLIN, MARC-ANTOINE",3FGA,Missed Three Pointer,0,-361,617,J,,,,19,02:00,33,32,
2007,RS,8,95,235,BAM,PASB,"OKULAJA, ADEMOLA",2FGM,Two Pointer,2,-56,46,D,,,,20,01:00,33,34,
2007,RS,8,95,236,ROA,PTEU,"SALYERS, MARC",2FGA,Missed Two Pointer,0,97,66,C,,,,20,01:00,33,34,
2007,RS,8,95,242,BAM,PJSR,"ENSMINGER, CHRIS",FTM,Free Throw In,1,-1,-1, ,,,,20,01:00,33,35,
2007,RS,8,95,243,BAM,PJSR,"ENSMINGER, CHRIS",FTM,Free Throw In,1,-1,-1, ,,,,20,01:00,33,36,
2007,RS,8,95,244,ROA,PTEZ,"RUSH, BRION",3FGA,Missed Three Pointer,0,612,1064,G,,,,20,01:00,33,36,
2007,RS,8,95,255,ROA,PTEZ,"RUSH, BRION",2FGM,Two Pointer,2,-58,112,D,,,,21,10:00,35,36,
2007,RS,8,95,257,BAM,PASB,"OKULAJA, ADEMOLA",2FGM,Two Pointer,2,74,43,C,,,,21,10:00,35,38,
2007,RS,8,95,259,ROA,PTEV,"HESS, ADAM",2FGA,Missed Two Pointer,0,-66,51,D,,,,22,09:00,35,38,
2007,RS,8,95,263,BAM,PLPI,"FENN, DARREN",2FGM,Two Pointer,2,-71,48,D,,,,22,09:00,35,40,
2007,RS,8,95,265,BAM,PLPI,"FENN, DARREN",FTM,Free Throw In,1,-1,-1, ,,,,22,09:00,35,41,
2007,RS,8,95,270,BAM,PJJZ,"SUPUT, PREDRAG",2FGA,Missed Two Pointer,0,284,143,B,,,,22,09:00,35,41,
2007,RS,8,95,272,BAM,PKOO,"GREENE, DEMOND",3FGA,Missed Three Pointer,0,-584,407,F,,,,22,09:00,35,41,
2007,RS,8,95,277,ROA,PTEY,"BADIANE, PAPE",2FGM,Two Pointer,2,-248,464,I,,,,23,08:00,37,41,
2007,RS,8,95,279,BAM,PJSS,"HAMANN, STEFFEN",2FGA,Missed Two Pointer,0,-105,102,D,,,,23,08:00,37,41,
2007,RS,8,95,281,ROA,PTEU,"SALYERS, MARC",3FGM,Three Pointer,3,-528,387,F,,,,23,08:00,40,41,
2007,RS,8,95,283,BAM,PJJZ,"SUPUT, PREDRAG",2FGM,Two Pointer,2,-87,43,D,,,,23,08:00,40,43,
2007,RS,8,95,288,BAM,PJJZ,"SUPUT, PREDRAG",2FGAB,Missed Two Pointer,0,-82,94,D,,,,24,07:00,40,43,
2007,RS,8,95,294,BAM,PJSS,"HAMANN, STEFFEN",2FGM,Two Pointer,2,-2,-2,D,,,,24,07:00,40,45,
2007,RS,8,95,296,ROA,PTEU,"SALYERS, MARC",2FGM,Two Pointer,2,10,138,C,,,,25,06:00,42,45,
2007,RS,8,95,297,BAM,PJJZ,"SUPUT, PREDRAG",2FGA,Missed Two Pointer,0,66,64,C,,,,25,06:00,42,45,
2007,RS,8,95,308,BAM,PJJZ,"SUPUT, PREDRAG",3FGM,Three Pointer,3,-384,564,J,,,,25,06:00,42,48,
2007,RS,8,95,312,ROA,PTEY,"BADIANE, PAPE",FTM,Free Throw In,1,-1,-1, ,,,,26,05:00,43,48,
2007,RS,8,95,313,ROA,PTEY,"BADIANE, PAPE",FTM,Free Throw In,1,-1,-1, ,,,,26,05:00,44,48,
2007,RS,8,95,319,ROA,PTEX,"PELLIN, MARC-ANTOINE",FTM,Free Throw In,1,-1,-1, ,,,,26,05:00,45,48,
2007,RS,8,95,320,BAM,PJSR,"ENSMINGER, CHRIS",2FGM,Two Pointer,2,-7,128,D,,,,26,05:00,45,50,
2007,RS,8,95,321,ROA,PTGW,"WILSON, RAPHAEL",3FGA,Missed Three Pointer,0,-7,710,J,,,,26,05:00,45,50,
2007,RS,8,95,329,ROA,PTEU,"SALYERS, MARC",FTM,Free Throw In,1,-1,-1, ,,,,27,04:00,46,50,
2007,RS,8,95,331,BAM,PJSR,"ENSMINGER, CHRIS",2FGM,Two Pointer,2,-79,56,D,,,,27,04:00,46,52,
2007,RS,8,95,332,ROA,PTEZ,"RUSH, BRION",2FGM,Two Pointer,2,-541,76,E,,,,27,04:00,48,52,
2007,RS,8,95,341,ROA,PTEZ,"RUSH, BRION",2FGM,Two Pointer,2,358,451,H,,,,28,03:00,50,52,
2007,RS,8,95,349,ROA,PTEU,"SALYERS, MARC",FTM,Free Throw In,1,-1,-1, ,,,,28,03:00,51,52,
2007,RS,8,95,357,ROA,PTEX,"PELLIN, MARC-ANTOINE",2FGA,Missed Two Pointer,0,-446,292,E,,,,28,03:00,51,52,
2007,RS,8,95,360,BAM,PJSR,"ENSMINGER, CHRIS",2FGM,Two Pointer,2,-66,74,D,,,,28,03:00,51,54,
2007,RS,8,95,367,ROA,PTEZ,"RUSH, BRION",3FGM,Three Pointer,3,428,561,G,,,,29,02:00,54,54,
2007,RS,8,95,369,BAM,PJSS,"HAMANN, STEFFEN",2FGAB,Missed Two Pointer,0,-117,151,D,,,,29,02:00,54,54,
2007,RS,8,95,373,ROA,PTEV,"HESS, ADAM",3FGM,Three Pointer,3,689,169,A,,,,29,02:00,57,54,
2007,RS,8,95,376,BAM,PJSS,"HAMANN, STEFFEN",3FGM,Three Pointer,3,410,541,G,,,,30,01:00,57,57,
2007,RS,8,95,377,ROA,PTEZ,"RUSH, BRION",3FGA,Missed Three Pointer,0,-10,682,J,,,,30,01:00,57,57,
2007,RS,8,95,384,ROA,PTEY,"BADIANE, PAPE",2FGA,Missed Two Pointer,0,-156,561,I,,,,32,09:00,57,57,
2007,RS,8,95,386,BAM,PJSR,"ENSMINGER, CHRIS",2FGA,Missed Two Pointer,0,-330,46,E,,,,32,09:00,57,57,
2007,RS,8,95,390,BAM,PBOF,"GARRETT, ROBERT",3FGM,Three Pointer,3,674,-17,A,,,,32,09:00,57,60,
2007,RS,8,95,394,ROA,PTEV,"HESS, ADAM",3FGA,Missed Three Pointer,0,579,392,A,,,,32,09:00,57,60,
2007,RS,8,95,396,BAM,PJSS,"HAMANN, STEFFEN",2FGM,Two Pointer,2,-82,92,D,,,,32,09:00,57,62,
2007,RS,8,95,397,ROA,PTEY,"BADIANE, PAPE",2FGA,Missed Two Pointer,0,179,217,C,,,,32,09:00,57,62,
2007,RS,8,95,398,ROA,PTEZ,"RUSH, BRION",2FGM,Two Pointer,2,-33,138,D,,,,32,09:00,59,62,
2007,RS,8,95,407,ROA,PTEU,"SALYERS, MARC",2FGM,Two Pointer,2,2,35,D,,,,33,08:00,61,62,
2007,RS,8,95,418,BAM,PASB,"OKULAJA, ADEMOLA",3FGA,Missed Three Pointer,0,-405,602,J,,,,34,07:00,61,62,
2007,RS,8,95,421,BAM,PBOF,"GARRETT, ROBERT",3FGM,Three Pointer,3,-5,676,J,,,,34,07:00,61,65,
2007,RS,8,95,423,ROA,PTEZ,"RUSH, BRION",2FGA,Missed Two Pointer,0,-320,494,I,,,,35,06:00,61,65,
2007,RS,8,95,425,BAM,PLPI,"FENN, DARREN",3FGA,Missed Three Pointer,0,-651,169,F,,,,35,06:00,61,65,
2007,RS,8,95,427,ROA,PTFB,"SOLIMAN, WILLIAMS",2FGM,Two Pointer,2,20,164,C,,,,35,06:00,63,65,
2007,RS,8,95,442,BAM,PJSS,"HAMANN, STEFFEN",3FGM,Three Pointer,3,-692,20,F,,,,36,05:00,63,68,
2007,RS,8,95,451,ROA,PTEU,"SALYERS, MARC",3FGM,Three Pointer,3,-507,461,J,,,,36,05:00,66,68,
2007,RS,8,95,462,ROA,PTEY,"BADIANE, PAPE",FTM,Free Throw In,1,-1,-1, ,,,,37,04:00,67,68,
2007,RS,8,95,464,ROA,PTEY,"BADIANE, PAPE",FTM,Free Throw In,1,-1,-1, ,,,,37,04:00,68,68,
2007,RS,8,95,465,BAM,PJSR,"ENSMINGER, CHRIS",2FGM,Two Pointer,2,-20,97,D,,,,37,04:00,68,70,
2007,RS,8,95,467,ROA,PTEZ,"RUSH, BRION",3FGA,Missed Three Pointer,0,-648,182,F,,,,38,03:00,68,70,
2007,RS,8,95,469,BAM,PBOF,"GARRETT, ROBERT",2FGM,Two Pointer,2,-51,107,D,,,,38,03:00,68,72,
2007,RS,8,95,477,ROA,PTEU,"SALYERS, MARC",3FGM,Three Pointer,3,387,607,G,,,,38,03:00,71,72,
2007,RS,8,95,482,BAM,PJSS,"HAMANN, STEFFEN",FTM,Free Throw In,1,-1,-1, ,,,,39,02:00,71,73,
2007,RS,8,95,483,BAM,PJSS,"HAMANN, STEFFEN",FTM,Free Throw In,1,-1,-1, ,,,,39,02:00,71,74,
2007,RS,8,95,484,ROA,PTEY,"BADIANE, PAPE",2FGM,Two Pointer,2,33,471,H,,,,39,02:00,73,74,
2007,RS,8,95,487,ROA,PTEZ,"RUSH, BRION",2FGM,Two Pointer,2,2,20,D,,,,39,02:00,75,74,
2007,RS,8,95,494,BAM,PASB,"OKULAJA, ADEMOLA",FTM,Free Throw In,1,-1,-1, ,,,,40,01:00,75,75,
2007,RS,8,95,495,BAM,PASB,"OKULAJA, ADEMOLA",FTM,Free Throw In,1,-1,-1, ,,,,40,01:00,75,76,
2007,RS,8,95,497,ROA,PTEZ,"RUSH, BRION",3FGM,Three Pointer,3,300,620,G,,,,40,01:00,78,76,
2007,RS,8,95,498,BAM,PJSS,"HAMANN, STEFFEN",2FGAB,Missed Two Pointer,0,-84,53,D,,,,40,01:00,78,76,
2007,RS,8,95,504,ROA,PTEV,"HESS, ADAM",FTM,Free Throw In,1,-1,-1, ,,,,40,01:00,79,76,
2007,RS,8,95,505,ROA,PTEV,"HESS, ADAM",FTM,Free Throw In,1,-1,-1, ,,,,40,01:00,80,76,
2007,RS,8,95,506,BAM,PJJZ,"SUPUT, PREDRAG",3FGM,Three Pointer,3,289,607,G,,,,40,01:00,80,79,
2007,RS,8,95,510,ROA,PTEX,"PELLIN, MARC-ANTOINE",FTM,Free Throw In,1,-1,-1, ,,,,40,01:00,81,79,
2007,RS,8,95,511,ROA,PTEX,"PELLIN, MARC-ANTOINE",FTM,Free Throw In,1,-1,-1, ,,,,40,01:00,82,79,
2007,RS,8,95,514,BAM,PJSS,"HAMANN, STEFFEN",FTM,Free Throw In,1,-1,-1, ,,,,40,01:00,82,80,
2007,RS,8,95,515,BAM,PJSS,"HAMANN, STEFFEN",FTM,Free Throw In,1,-1,-1, ,,,,40,01:00,82,81,
2007,RS,8,95,520,ROA,PTEZ,"RUSH, BRION",FTM,Free Throw In,1,-1,-1, ,,,,40,01:00,83,81,
2007,RS,8,95,521,ROA,PTEZ,"RUSH, BRION",FTM,Free Throw In,1,-1,-1, ,,,,40,01:00,84,81,
2007,RS,8,95,522,BAM,PLPI,"FENN, DARREN",3FGA,Missed Three Pointer,0,341,579,G,,,,40,01:00,84,81,
2007,RS,8,96,3,BAR,PBOD,"KASUN, MARIO",2FGA,Missed Two Pointer,0,51,148,C,,,,1,10:00,0,0,
2007,RS,8,96,5,PAR,PTGU,"PALACIO, MILT",2FGM,Two Pointer,2,-253,0,D,,,,1,10:00,0,2,
2007,RS,8,96,6,BAR,PJJF,"TRIAS, JORDI",2FGM,Two Pointer,2,-2,2,D,,,,1,10:00,2,2,
2007,RS,8,96,10,BAR,PADS,"BASILE, GIANLUCA",2FGA,Missed Two Pointer,0,-356,261,E,,,,2,09:00,2,2,
2007,RS,8,96,14,BAR,PATA,"LAKOVIC, JAKA",3FGA,Missed Three Pointer,0,635,243,A,,,,2,09:00,2,2,
2007,RS,8,96,18,BAR,PLGC,"ACKER, ALEX",2FGAB,Missed Two Pointer,0,128,12,C,,,,2,09:00,2,2,
2007,RS,8,96,23,BAR,PADS,"BASILE, GIANLUCA",3FGA,Missed Three Pointer,0,-669,197,F,,,,2,09:00,2,2,
2007,RS,8,96,27,BAR,PATA,"LAKOVIC, JAKA",2FGM,Two Pointer,2,-158,74,D,,,,2,09:00,4,2,
2007,RS,8,96,29,PAR,PJNN,"VELICKOVIC, NOVICA",3FGA,Missed Three Pointer,0,-392,692,J,,,,3,08:00,4,2,
2007,RS,8,96,33,BAR,PBOD,"KASUN, MARIO",2FGM,Two Pointer,2,-107,64,D,,,,3,08:00,6,2,
2007,RS,8,96,35,PAR,PBXO,"VITKOVAC, CEDOMIR",2FGA,Missed Two Pointer,0,-115,225,D,,,,4,07:00,6,2,
2007,RS,8,96,38,BAR,PLGC,"ACKER, ALEX",2FGA,Missed Two Pointer,0,323,-41,B,,,,4,07:00,6,2,
2007,RS,8,96,40,BAR,PBOD,"KASUN, MARIO",2FGM,Two Pointer,2,48,-12,C,,,,4,07:00,8,2,
2007,RS,8,96,47,PAR,PBFE,"KECMAN, DUSAN",2FGA,Missed Two Pointer,0,110,51,C,,,,4,07:00,8,2,
2007,RS,8,96,51,PAR,PBFB,"TRIPKOVIC, UROS",2FGM,Two Pointer,2,-300,38,E,,,,5,06:00,8,4,
2007,RS,8,96,52,BAR,PBOD,"KASUN, MARIO",2FGA,Missed Two Pointer,0,161,69,C,,,,5,06:00,8,4,
2007,RS,8,96,56,BAR,PBOD,"KASUN, MARIO",FTM,Free Throw In,1,-1,-1, ,,,,5,06:00,9,4,
2007,RS,8,96,62,BAR,PADS,"BASILE, GIANLUCA",2FGM,Two Pointer,2,230,535,H,,,,6,05:00,11,4,
2007,RS,8,96,64,PAR,PBFE,"KECMAN, DUSAN",3FGM,Three Pointer,3,671,-25,A,,,,6,05:00,11,7,
2007,RS,8,96,70,PAR,PLGH,"TEPIC, MILENKO",3FGA,Missed Three Pointer,0,-171,692,J,,,,7,04:00,11,7,
2007,RS,8,96,75,PAR,PBGJ,"VRANES, SLAVKO",2FGA,Missed Two Pointer,0,-328,12,E,,,,7,04:00,11,7,
2007,RS,8,96,77,BAR,PBOD,"KASUN, MARIO",2FGM,Two Pointer,2,-2,5,D,,,,7,04:00,13,7,
2007,RS,8,96,81,BAR,PBOD,"KASUN, MARIO",FTM,Free Throw In,1,-1,-1, ,,,,7,04:00,14,7,
2007,RS,8,96,92,BAR,PATA,"LAKOVIC, JAKA",2FGA,Missed Two Pointer,0,-438,176,E,,,,8,03:00,14,7,
2007,RS,8,96,94,BAR,PBKE,"GRIMAU, ROGER",3FGM,Three Pointer,3,-641,192,F,,,,8,03:00,17,7,
2007,RS,8,96,101,PAR,PJNN,"VELICKOVIC, NOVICA",FTM,Free Throw In,1,-1,-1, ,,,,9,02:00,17,8,
2007,RS,8,96,102,PAR,PJNN,"VELICKOVIC, NOVICA",FTM,Free Throw In,1,-1,-1, ,,,,9,02:00,17,9,
2007,RS,8,96,103,BAR,PBKE,"GRIMAU, ROGER",2FGM,Two Pointer,2,-82,41,D,,,,9,02:00,19,9,
2007,RS,8,96,108,BAR,PATA,"LAKOVIC, JAKA",FTM,Free Throw In,1,-1,-1, ,,,,9,02:00,20,9,
2007,RS,8,96,109,BAR,PATA,"LAKOVIC, JAKA",FTM,Free Throw In,1,-1,-1, ,,,,9,02:00,21,9,
2007,RS,8,96,112,PAR,PBFB,"TRIPKOVIC, UROS",FTM,Free Throw In,1,-1,-1, ,,,,9,02:00,21,10,
2007,RS,8,96,113,PAR,PBFB,"TRIPKOVIC, UROS",FTM,Free Throw In,1,-1,-1, ,,,,9,02:00,21,11,
2007,RS,8,96,115,BAR,PBKE,"GRIMAU, ROGER",3FGM,Three Pointer,3,-671,79,F,,,,10,01:00,24,11,
2007,RS,8,96,120,BAR,PATA,"LAKOVIC, JAKA",3FGA,Missed Three Pointer,0,-530,420,F,,,,10,01:00,24,11,
2007,RS,8,96,122,PAR,PJNL,"BOROVNJAK, DEJAN",2FGM,Two Pointer,2,-107,43,D,,,,10,01:00,24,13,
2007,RS,8,96,126,PAR,PJNL,"BOROVNJAK, DEJAN",FTM,Free Throw In,1,-1,-1, ,,,,10,01:00,24,14,
2007,RS,8,96,127,BAR,PAXC,"VAZQUEZ, FRAN",2FGM,Two Pointer,2,-17,2,D,,,,10,01:00,26,14,
2007,RS,8,96,131,BAR,PJJF,"TRIAS, JORDI",2FGM,Two Pointer,2,-2,2,D,,,,10,01:00,28,14,
2007,RS,8,96,133,PAR,PJNN,"VELICKOVIC, NOVICA",3FGA,Missed Three Pointer,0,-441,987,J,,,,10,01:00,28,14,
2007,RS,8,96,144,PAR,PBFE,"KECMAN, DUSAN",3FGA,Missed Three Pointer,0,-194,700,J,,,,11,10:00,28,14,
2007,RS,8,96,146,BAR,PBOD,"KASUN, MARIO",2FGM,Two Pointer,2,-2,176,D,,,,11,10:00,30,14,
2007,RS,8,96,148,PAR,PBFB,"TRIPKOVIC, UROS",3FGM,Three Pointer,3,674,-53,A,,,,12,09:00,30,17,
2007,RS,8,96,153,BAR,PJKP,"ILYASOVA, ERSAN",2FGM,Two Pointer,2,-430,12,E,,,,12,09:00,32,17,
2007,RS,8,96,155,PAR,PJNN,"VELICKOVIC, NOVICA",2FGM,Two Pointer,2,248,35,C,,,,12,09:00,32,19,
2007,RS,8,96,158,BAR,PJJF,"TRIAS, JORDI",2FGA,Missed Two Pointer,0,-102,20,D,,,,13,08:00,32,19,
2007,RS,8,96,160,PAR,PTGU,"PALACIO, MILT",2FGAB,Missed Two Pointer,0,-74,58,D,,,,13,08:00,32,19,
2007,RS,8,96,164,PAR,PKNN,"PEKOVIC, NIKOLA",2FGA,Missed Two Pointer,0,-279,184,E,,,,13,08:00,32,19,
2007,RS,8,96,166,BAR,PBKE,"GRIMAU, ROGER",3FGA,Missed Three Pointer,0,535,410,A,,,,13,08:00,32,19,
2007,RS,8,96,168,BAR,PBOD,"KASUN, MARIO",2FGM,Two Pointer,2,-66,28,D,,,,13,08:00,34,19,
2007,RS,8,96,176,BAR,PBOD,"KASUN, MARIO",FTM,Free Throw In,1,-1,-1, ,,,,13,08:00,35,19,
2007,RS,8,96,177,PAR,PJNN,"VELICKOVIC, NOVICA",3FGM,Three Pointer,3,600,374,A,,,,13,08:00,35,22,
2007,RS,8,96,179,BAR,PBOD,"KASUN, MARIO",2FGAB,Missed Two Pointer,0,-112,0,D,,,,14,07:00,35,22,
2007,RS,8,96,183,PAR,PBXO,"VITKOVAC, CEDOMIR",3FGA,Missed Three Pointer,0,617,312,A,,,,14,07:00,35,22,
2007,RS,8,96,185,PAR,PBXO,"VITKOVAC, CEDOMIR",2FGM,Two Pointer,2,97,46,C,,,,14,07:00,35,24,
2007,RS,8,96,190,PAR,PBXO,"VITKOVAC, CEDOMIR",FTM,Free Throw In,1,-1,-1, ,,,,14,07:00,35,25,
2007,RS,8,96,191,BAR,PJKP,"ILYASOVA, ERSAN",2FGA,Missed Two Pointer,0,341,415,B,,,,14,07:00,35,25,
2007,RS,8,96,198,PAR,PTGU,"PALACIO, MILT",2FGM,Two Pointer,2,-158,48,D,,,,15,06:00,35,27,
2007,RS,8,96,199,BAR,PJKP,"ILYASOVA, ERSAN",3FGA,Missed Three Pointer,0,671,115,A,,,,15,06:00,35,27,
2007,RS,8,96,209,BAR,PJJF,"TRIAS, JORDI",FTM,Free Throw In,1,-1,-1, ,,,,15,06:00,36,27,
2007,RS,8,96,217,PAR,PLGH,"TEPIC, MILENKO",3FGM,Three Pointer,3,-576,400,F,,,,16,05:00,36,30,
2007,RS,8,96,219,BAR,PADS,"BASILE, GIANLUCA",3FGM,Three Pointer,3,-43,800,J,,,,16,05:00,39,30,
2007,RS,8,96,222,PAR,PBFE,"KECMAN, DUSAN",3FGA,Missed Three Pointer,0,-669,107,F,,,,17,04:00,39,30,
2007,RS,8,96,228,BAR,PBKE,"GRIMAU, ROGER",FTM,Free Throw In,1,-1,-1, ,,,,17,04:00,40,30,
2007,RS,8,96,229,BAR,PBKE,"GRIMAU, ROGER",FTM,Free Throw In,1,-1,-1, ,,,,17,04:00,41,30,
2007,RS,8,96,230,PAR,PBFB,"TRIPKOVIC, UROS",2FGA,Missed Two Pointer,0,412,369,B,,,,17,04:00,41,30,
2007,RS,8,96,234,BAR,PJKP,"ILYASOVA, ERSAN",2FGA,Missed Two Pointer,0,-20,92,D,,,,17,04:00,41,30,
2007,RS,8,96,236,BAR,PJKP,"ILYASOVA, ERSAN",2FGA,Missed Two Pointer,0,-51,135,D,,,,17,04:00,41,30,
2007,RS,8,96,239,PAR,PBFB,"TRIPKOVIC, UROS",3FGM,Three Pointer,3,638,294,A,,,,18,03:00,41,33,
2007,RS,8,96,241,BAR,PATA,"LAKOVIC, JAKA",3FGM,Three Pointer,3,-628,258,F,,,,18,03:00,44,33,
2007,RS,8,96,242,PAR,PLGH,"TEPIC, MILENKO",3FGA,Missed Three Pointer,0,-425,592,J,,,,18,03:00,44,33,
2007,RS,8,96,251,BAR,PADS,"BASILE, GIANLUCA",FTM,Free Throw In,1,-1,-1, ,,,,19,02:00,45,33,
2007,RS,8,96,254,BAR,PBKE,"GRIMAU, ROGER",2FGM,Two Pointer,2,100,30,C,,,,19,02:00,47,33,
2007,RS,8,96,255,PAR,PTGU,"PALACIO, MILT",2FGA,Missed Two Pointer,0,-166,94,D,,,,19,02:00,47,33,
2007,RS,8,96,257,PAR,PTGU,"PALACIO, MILT",2FGA,Missed Two Pointer,0,-394,225,E,,,,19,02:00,47,33,
2007,RS,8,96,260,BAR,PADS,"BASILE, GIANLUCA",3FGA,Missed Three Pointer,0,435,538,G,,,,20,01:00,47,33,
2007,RS,8,96,262,PAR,PBFB,"TRIPKOVIC, UROS",3FGM,Three Pointer,3,676,17,A,,,,20,01:00,47,36,
2007,RS,8,96,266,BAR,PADS,"BASILE, GIANLUCA",2FGAB,Missed Two Pointer,0,-120,38,D,,,,20,01:00,47,36,
2007,RS,8,96,270,BAR,PJKP,"ILYASOVA, ERSAN",2FGA,Missed Two Pointer,0,-156,115,D,,,,20,01:00,47,36,
2007,RS,8,96,276,PAR,PBFB,"TRIPKOVIC, UROS",3FGA,Missed Three Pointer,0,582,405,A,,,,20,01:00,47,36,
2007,RS,8,96,292,BAR,PADS,"BASILE, GIANLUCA",3FGA,Missed Three Pointer,0,476,582,G,,,,21,10:00,47,36,
2007,RS,8,96,294,PAR,PJNN,"VELICKOVIC, NOVICA",2FGA,Missed Two Pointer,0,-38,266,D,,,,21,10:00,47,36,
2007,RS,8,96,296,PAR,PBGJ,"VRANES, SLAVKO",2FGM,Two Pointer,2,-69,56,D,,,,21,10:00,47,38,
2007,RS,8,96,297,BAR,PLGC,"ACKER, ALEX",2FGM,Two Pointer,2,-451,-7,E,,,,21,10:00,49,38,
2007,RS,8,96,300,BAR,PATA,"LAKOVIC, JAKA",3FGA,Missed Three Pointer,0,-397,623,J,,,,22,09:00,49,38,
2007,RS,8,96,307,PAR,PJNN,"VELICKOVIC, NOVICA",FTM,Free Throw In,1,-1,-1, ,,,,22,09:00,49,39,
2007,RS,8,96,308,BAR,PATA,"LAKOVIC, JAKA",2FGA,Missed Two Pointer,0,-430,-20,E,,,,22,09:00,49,39,
2007,RS,8,96,311,PAR,PTGU,"PALACIO, MILT",2FGM,Two Pointer,2,5,400,C,,,,23,08:00,49,41,
2007,RS,8,96,312,BAR,PADS,"BASILE, GIANLUCA",2FGM,Two Pointer,2,341,412,B,,,,23,08:00,51,41,
2007,RS,8,96,314,PAR,PTGU,"PALACIO, MILT",2FGA,Missed Two Pointer,0,-320,74,E,,,,23,08:00,51,41,
2007,RS,8,96,316,BAR,PLGC,"ACKER, ALEX",3FGA,Missed Three Pointer,0,-541,435,J,,,,23,08:00,51,41,
2007,RS,8,96,318,BAR,PADS,"BASILE, GIANLUCA",2FGM,Two Pointer,2,120,41,C,,,,23,08:00,53,41,
2007,RS,8,96,320,PAR,PBFB,"TRIPKOVIC, UROS",3FGA,Missed Three Pointer,0,-684,10,F,,,,24,07:00,53,41,
2007,RS,8,96,327,PAR,PBFE,"KECMAN, DUSAN",FTM,Free Throw In,1,-1,-1, ,,,,24,07:00,53,42,
2007,RS,8,96,328,BAR,PADS,"BASILE, GIANLUCA",3FGA,Missed Three Pointer,0,-341,628,J,,,,24,07:00,53,42,
2007,RS,8,96,330,BAR,PLGC,"ACKER, ALEX",2FGA,Missed Two Pointer,0,105,89,C,,,,24,07:00,53,42,
2007,RS,8,96,333,BAR,PATA,"LAKOVIC, JAKA",2FGM,Two Pointer,2,-558,20,E,,,,25,06:00,55,42,
2007,RS,8,96,340,BAR,PLGC,"ACKER, ALEX",3FGA,Missed Three Pointer,0,589,402,A,,,,25,06:00,55,42,
2007,RS,8,96,344,PAR,PBFE,"KECMAN, DUSAN",2FGM,Two Pointer,2,-89,66,D,,,,25,06:00,55,44,
2007,RS,8,96,346,BAR,PATA,"LAKOVIC, JAKA",3FGA,Missed Three Pointer,0,646,223,A,,,,26,05:00,55,44,
2007,RS,8,96,365,PAR,PBFB,"TRIPKOVIC, UROS",FTM,Free Throw In,1,-1,-1, ,,,,26,05:00,55,45,
2007,RS,8,96,369,BAR,PBKE,"GRIMAU, ROGER",2FGA,Missed Two Pointer,0,-210,58,D,,,,27,04:00,55,45,
2007,RS,8,96,371,PAR,PBFB,"TRIPKOVIC, UROS",2FGM,Two Pointer,2,-243,53,D,,,,27,04:00,55,47,
2007,RS,8,96,372,BAR,PBKE,"GRIMAU, ROGER",2FGM,Two Pointer,2,115,79,C,,,,27,04:00,57,47,
2007,RS,8,96,375,BAR,PBKE,"GRIMAU, ROGER",FTM,Free Throw In,1,-1,-1, ,,,,27,04:00,58,47,
2007,RS,8,96,380,PAR,PJNL,"BOROVNJAK, DEJAN",FTM,Free Throw In,1,-1,-1, ,,,,27,04:00,58,48,
2007,RS,8,96,381,PAR,PJNL,"BOROVNJAK, DEJAN",FTM,Free Throw In,1,-1,-1, ,,,,27,04:00,58,49,
2007,RS,8,96,383,BAR,PAHW,"MARCONATO, DENIS",2FGM,Two Pointer,2,-230,333,E,,,,28,03:00,60,49,
2007,RS,8,96,389,PAR,PJNL,"BOROVNJAK, DEJAN",2FGA,Missed Two Pointer,0,-458,-7,E,,,,28,03:00,60,49,
2007,RS,8,96,391,PAR,PBXO,"VITKOVAC, CEDOMIR",2FGA,Missed Two Pointer,0,-105,25,D,,,,28,03:00,60,49,
2007,RS,8,96,394,BAR,PAXC,"VAZQUEZ, FRAN",2FGA,Missed Two Pointer,0,-333,64,E,,,,29,02:00,60,49,
2007,RS,8,96,396,PAR,PLGH,"TEPIC, MILENKO",2FGM,Two Pointer,2,-379,264,E,,,,29,02:00,60,51,
2007,RS,8,96,398,BAR,PAHW,"MARCONATO, DENIS",2FGM,Two Pointer,2,333,171,B,,,,29,02:00,62,51,
2007,RS,8,96,400,PAR,PBFB,"TRIPKOVIC, UROS",3FGA,Missed Three Pointer,0,235,658,G,,,,30,01:00,62,51,
2007,RS,8,96,403,BAR,PAHW,"MARCONATO, DENIS",2FGAB,Missed Two Pointer,0,-92,30,D,,,,30,01:00,62,51,
2007,RS,8,96,409,BAR,PADS,"BASILE, GIANLUCA",3FGM,Three Pointer,3,607,928,G,,,,30,01:00,65,51,
2007,RS,8,96,416,PAR,PKNN,"PEKOVIC, NIKOLA",2FGM,Two Pointer,2,-182,89,D,,,,31,10:00,65,53,
2007,RS,8,96,417,BAR,PAXC,"VAZQUEZ, FRAN",2FGM,Two Pointer,2,17,17,C,,,,31,10:00,67,53,
2007,RS,8,96,419,PAR,PBFB,"TRIPKOVIC, UROS",3FGA,Missed Three Pointer,0,-679,12,F,,,,31,10:00,67,53,
2007,RS,8,96,425,BAR,PAXC,"VAZQUEZ, FRAN",FTM,Free Throw In,1,-1,-1, ,,,,32,09:00,68,53,
2007,RS,8,96,426,BAR,PAXC,"VAZQUEZ, FRAN",FTM,Free Throw In,1,-1,-1, ,,,,32,09:00,69,53,
2007,RS,8,96,438,PAR,PKNN,"PEKOVIC, NIKOLA",FTM,Free Throw In,1,-1,-1, ,,,,32,09:00,69,54,
2007,RS,8,96,439,PAR,PKNN,"PEKOVIC, NIKOLA",FTM,Free Throw In,1,-1,-1, ,,,,32,09:00,69,55,
2007,RS,8,96,443,BAR,PADS,"BASILE, GIANLUCA",2FGM,Two Pointer,2,382,300,B,,,,33,08:00,71,55,
2007,RS,8,96,450,PAR,PBFE,"KECMAN, DUSAN",FTM,Free Throw In,1,-1,-1, ,,,,33,08:00,71,56,
2007,RS,8,96,451,BAR,PBKE,"GRIMAU, ROGER",2FGM,Two Pointer,2,-97,33,D,,,,33,08:00,73,56,
2007,RS,8,96,452,PAR,PKNN,"PEKOVIC, NIKOLA",2FGAB,Missed Two Pointer,0,-135,7,D,,,,33,08:00,73,56,
2007,RS,8,96,456,PAR,PTGU,"PALACIO, MILT",2FGM,Two Pointer,2,-143,10,D,,,,33,08:00,73,58,
2007,RS,8,96,462,BAR,PBKE,"GRIMAU, ROGER",FTM,Free Throw In,1,-1,-1, ,,,,34,07:00,74,58,
2007,RS,8,96,463,BAR,PBKE,"GRIMAU, ROGER",FTM,Free Throw In,1,-1,-1, ,,,,34,07:00,75,58,
2007,RS,8,96,464,PAR,PTGU,"PALACIO, MILT",2FGA,Missed Two Pointer,0,-325,448,I,,,,34,07:00,75,58,
2007,RS,8,96,466,PAR,PJNN,"VELICKOVIC, NOVICA",2FGM,Two Pointer,2,358,100,B,,,,34,07:00,75,60,
2007,RS,8,96,468,BAR,PADS,"BASILE, GIANLUCA",3FGA,Missed Three Pointer,0,502,487,G,,,,35,06:00,75,60,
2007,RS,8,96,472,BAR,PADS,"BASILE, GIANLUCA",3FGA,Missed Three Pointer,0,-666,33,F,,,,35,06:00,75,60,
2007,RS,8,96,474,PAR,PJNN,"VELICKOVIC, NOVICA",3FGA,Missed Three Pointer,0,-658,164,F,,,,35,06:00,75,60,
2007,RS,8,96,490,BAR,PAZU,"SANCHEZ, PEPE",2FGM,Two Pointer,2,156,76,C,,,,36,05:00,77,60,
2007,RS,8,96,497,BAR,PAZU,"SANCHEZ, PEPE",FTM,Free Throw In,1,-1,-1, ,,,,36,05:00,78,60,
2007,RS,8,96,498,PAR,PKNN,"PEKOVIC, NIKOLA",2FGA,Missed Two Pointer,0,323,51,B,,,,36,05:00,78,60,
2007,RS,8,96,502,BAR,PAZU,"SANCHEZ, PEPE",FTM,Free Throw In,1,-1,-1, ,,,,36,05:00,79,60,
2007,RS,8,96,503,BAR,PAZU,"SANCHEZ, PEPE",FTM,Free Throw In,1,-1,-1, ,,,,36,05:00,80,60,
2007,RS,8,96,505,PAR,PJNN,"VELICKOVIC, NOVICA",2FGA,Missed Two Pointer,0,-184,520,I,,,,37,04:00,80,60,
2007,RS,8,96,507,BAR,PBOD,"KASUN, MARIO",2FGA,Missed Two Pointer,0,56,184,C,,,,37,04:00,80,60,
2007,RS,8,96,509,PAR,PKNN,"PEKOVIC, NIKOLA",2FGM,Two Pointer,2,-28,123,D,,,,37,04:00,80,62,
2007,RS,8,96,511,BAR,PATA,"LAKOVIC, JAKA",2FGA,Missed Two Pointer,0,289,389,B,,,,37,04:00,80,62,
2007,RS,8,96,516,PAR,PKNN,"PEKOVIC, NIKOLA",FTM,Free Throw In,1,-1,-1, ,,,,38,03:00,80,63,
2007,RS,8,96,519,BAR,PATA,"LAKOVIC, JAKA",3FGM,Three Pointer,3,-369,600,J,,,,38,03:00,83,63,
2007,RS,8,96,520,PAR,PLGH,"TEPIC, MILENKO",2FGA,Missed Two Pointer,0,-371,-33,E,,,,38,03:00,83,63,
2007,RS,8,96,522,BAR,PAXC,"VAZQUEZ, FRAN",2FGM,Two Pointer,2,0,5,D,,,,38,03:00,85,63,
2007,RS,8,96,530,BAR,PAXC,"VAZQUEZ, FRAN",FTM,Free Throw In,1,-1,-1, ,,,,38,03:00,86,63,
2007,RS,8,96,532,PAR,PJNN,"VELICKOVIC, NOVICA",2FGM,Two Pointer,2,-105,41,D,,,,39,02:00,86,65,
2007,RS,8,96,536,PAR,PJNN,"VELICKOVIC, NOVICA",FTM,Free Throw In,1,-1,-1, ,,,,39,02:00,86,66,
2007,RS,8,96,537,BAR,PJCL,"MONCASI, ALBERT",2FGA,Missed Two Pointer,0,61,105,C,,,,39,02:00,86,66,
2007,RS,8,96,539,PAR,PBXO,"VITKOVAC, CEDOMIR",3FGM,Three Pointer,3,-20,694,J,,,,39,02:00,86,69,
2007,RS,8,96,545,BAR,PAXC,"VAZQUEZ, FRAN",FTM,Free Throw In,1,-1,-1, ,,,,39,02:00,87,69,
2007,RS,8,96,546,BAR,PAXC,"VAZQUEZ, FRAN",FTM,Free Throw In,1,-1,-1, ,,,,39,02:00,88,69,
2007,RS,8,96,547,PAR,PBGJ,"VRANES, SLAVKO",2FGA,Missed Two Pointer,0,323,71,B,,,,39,02:00,88,69,
2007,RS,8,96,549,BAR,PJKP,"ILYASOVA, ERSAN",2FGAB,Missed Two Pointer,0,-110,33,D,,,,39,02:00,88,69,
2007,RS,8,96,558,BAR,PJCL,"MONCASI, ALBERT",FTM,Free Throw In,1,-1,-1, ,,,,40,01:00,89,69,
2007,RS,8,96,561,PAR,PJJY,"BOZIC, PETAR",3FGA,Missed Three Pointer,0,661,115,A,,,,40,01:00,89,69,
2007,RS,8,96,563,BAR,PAXC,"VAZQUEZ, FRAN",2FGM,Two Pointer,2,2,7,D,,,,40,01:00,91,69,
2007,RS,8,96,565,PAR,PBGJ,"VRANES, SLAVKO",2FGA,Missed Two Pointer,0,102,176,C,,,,40,01:00,91,69,
2007,RS,8,96,569,BAR,PATA,"LAKOVIC, JAKA",FTM,Free Throw In,1,-1,-1, ,,,,40,01:00,92,69,
2007,RS,8,96,570,BAR,PATA,"LAKOVIC, JAKA",FTM,Free Throw In,1,-1,-1, ,,,,40,01:00,93,69,
2007,RS,8,96,573,BAR,PJCL,"MONCASI, ALBERT",2FGA,Missed Two Pointer,0,-110,76,D,,,,40,01:00,93,69,
2007,RS,8,96,575,BAR,PAXC,"VAZQUEZ, FRAN",2FGM,Two Pointer,2,58,58,C,,,,40,01:00,95,69,
2007,RS,9,97,3,LJU,PAIV,"MILIC, MARKO",2FGAB,Missed Two Pointer,0,-28,123,D,,,,1,10:00,0,0,
2007,RS,9,97,5,LJU,PAPY,"HUKIC, JASMIN",3FGA,Missed Three Pointer,0,356,587,G,,,,1,10:00,0,0,
2007,RS,9,97,7,OLY,PAMM,"PRINTEZIS, GEORGIOS",2FGM,Two Pointer,2,38,38,C,,,,1,10:00,2,0,
2007,RS,9,97,11,OLY,PCBV,"MACIJAUSKAS, ARVYDAS",2FGM,Two Pointer,2,23,38,C,,,,1,10:00,4,0,
2007,RS,9,97,12,OLY,PCBV,"MACIJAUSKAS, ARVYDAS",FTM,Free Throw In,1,-1,-1, ,,,,1,10:00,5,0,
2007,RS,9,97,15,LJU,PTGG,"TAYLOR, RONELL",3FGA,Missed Three Pointer,0,-217,661,J,,,,2,09:00,5,0,
2007,RS,9,97,19,OLY,PAMM,"PRINTEZIS, GEORGIOS",2FGA,Missed Two Pointer,0,-25,56,D,,,,2,09:00,5,0,
2007,RS,9,97,21,LJU,PTGG,"TAYLOR, RONELL",2FGM,Two Pointer,2,-17,51,D,,,,2,09:00,5,2,
2007,RS,9,97,22,OLY,PAMM,"PRINTEZIS, GEORGIOS",2FGM,Two Pointer,2,-51,33,D,,,,2,09:00,7,2,
2007,RS,9,97,25,LJU,PAPY,"HUKIC, JASMIN",3FGM,Three Pointer,3,525,438,G,,,,3,08:00,7,5,
2007,RS,9,97,27,OLY,PCBV,"MACIJAUSKAS, ARVYDAS",3FGA,Missed Three Pointer,0,492,492,G,,,,3,08:00,7,5,
2007,RS,9,97,29,LJU,PAPY,"HUKIC, JASMIN",3FGA,Missed Three Pointer,0,487,461,G,,,,3,08:00,7,5,
2007,RS,9,97,35,OLY,PTFV,"WOODS, QYNTEL",FTM,Free Throw In,1,-1,-1, ,,,,4,07:00,8,5,
2007,RS,9,97,36,OLY,PTFV,"WOODS, QYNTEL",FTM,Free Throw In,1,-1,-1, ,,,,4,07:00,9,5,
2007,RS,9,97,38,LJU,PTGG,"TAYLOR, RONELL",3FGM,Three Pointer,3,-664,135,F,,,,4,07:00,9,8,
2007,RS,9,97,39,OLY,PTFV,"WOODS, QYNTEL",2FGM,Two Pointer,2,425,361,B,,,,4,07:00,11,8,
2007,RS,9,97,41,LJU,PJYE,"RIZVIC, HASAN",2FGA,Missed Two Pointer,0,-2,494,I,,,,5,06:00,11,8,
2007,RS,9,97,43,LJU,PJYE,"RIZVIC, HASAN",2FGA,Missed Two Pointer,0,-25,197,D,,,,5,06:00,11,8,
2007,RS,9,97,51,LJU,PTHB,"DRAGIC, GORAN",FTM,Free Throw In,1,-1,-1, ,,,,5,06:00,11,9,
2007,RS,9,97,52,OLY,PTFV,"WOODS, QYNTEL",2FGA,Missed Two Pointer,0,-151,28,D,,,,5,06:00,11,9,
2007,RS,9,97,54,LJU,PTHB,"DRAGIC, GORAN",2FGM,Two Pointer,2,33,153,C,,,,5,06:00,11,11,
2007,RS,9,97,59,OLY,PTFV,"WOODS, QYNTEL",2FGA,Missed Two Pointer,0,-110,7,D,,,,6,05:00,11,11,
2007,RS,9,97,67,LJU,PAPY,"HUKIC, JASMIN",FTM,Free Throw In,1,-1,-1, ,,,,6,05:00,11,12,
2007,RS,9,97,72,OLY,PCBV,"MACIJAUSKAS, ARVYDAS",FTM,Free Throw In,1,-1,-1, ,,,,6,05:00,12,12,
2007,RS,9,97,73,OLY,PCBV,"MACIJAUSKAS, ARVYDAS",FTM,Free Throw In,1,-1,-1, ,,,,6,05:00,13,12,
2007,RS,9,97,76,OLY,PAMM,"PRINTEZIS, GEORGIOS",3FGM,Three Pointer,3,-661,84,F,,,,6,05:00,16,12,
2007,RS,9,97,79,LJU,PLHD,"ZUPAN, MIHA",2FGA,Missed Two Pointer,0,-20,92,D,,,,7,04:00,16,12,
2007,RS,9,97,81,OLY,P000126,"JACKSON, MARC",3FGM,Three Pointer,3,-243,658,J,,,,7,04:00,19,12,
2007,RS,9,97,85,LJU,PTGG,"TAYLOR, RONELL",3FGA,Missed Three Pointer,0,-515,564,J,,,,7,04:00,19,12,
2007,RS,9,97,89,OLY,PBFY,"BLAKNEY, RODERICK",3FGM,Three Pointer,3,687,128,A,,,,8,03:00,22,12,
2007,RS,9,97,91,LJU,PAPY,"HUKIC, JASMIN",3FGM,Three Pointer,3,528,428,G,,,,8,03:00,22,15,
2007,RS,9,97,93,OLY,PAMM,"PRINTEZIS, GEORGIOS",2FGA,Missed Two Pointer,0,69,89,C,,,,8,03:00,22,15,
2007,RS,9,97,96,LJU,PAIV,"MILIC, MARKO",2FGA,Missed Two Pointer,0,0,461,I,,,,8,03:00,22,15,
2007,RS,9,97,103,OLY,PCBV,"MACIJAUSKAS, ARVYDAS",FTM,Free Throw In,1,-1,-1, ,,,,9,02:00,23,15,
2007,RS,9,97,104,OLY,PCBV,"MACIJAUSKAS, ARVYDAS",FTM,Free Throw In,1,-1,-1, ,,,,9,02:00,24,15,
2007,RS,9,97,105,LJU,PAIV,"MILIC, MARKO",2FGM,Two Pointer,2,35,69,C,,,,9,02:00,24,17,
2007,RS,9,97,106,OLY,P000126,"JACKSON, MARC",2FGM,Two Pointer,2,15,53,C,,,,9,02:00,26,17,
2007,RS,9,97,108,LJU,PTGK,"BAILEY, MAURICE",3FGA,Missed Three Pointer,0,-117,692,J,,,,9,02:00,26,17,
2007,RS,9,97,112,LJU,PAIV,"MILIC, MARKO",2FGA,Missed Two Pointer,0,325,64,B,,,,10,01:00,26,17,
2007,RS,9,97,114,OLY,PBFY,"BLAKNEY, RODERICK",2FGM,Two Pointer,2,-38,23,D,,,,10,01:00,28,17,
2007,RS,9,97,125,OLY,PACJ,"PAPAMAKARIOS, MANOLIS",3FGA,Missed Three Pointer,0,-433,533,J,,,,10,01:00,28,17,
2007,RS,9,97,136,OLY,PCBV,"MACIJAUSKAS, ARVYDAS",3FGA,Missed Three Pointer,0,446,548,G,,,,11,10:00,28,17,
2007,RS,9,97,138,OLY,PAMM,"PRINTEZIS, GEORGIOS",2FGA,Missed Two Pointer,0,43,38,C,,,,11,10:00,28,17,
2007,RS,9,97,142,OLY,PCBV,"MACIJAUSKAS, ARVYDAS",2FGM,Two Pointer,2,56,46,C,,,,11,10:00,30,17,
2007,RS,9,97,144,LJU,P000184,"BOOKER, CHRIS",2FGM,Two Pointer,2,389,64,B,,,,11,10:00,30,19,
2007,RS,9,97,147,OLY,PJRF,"VASILOPOULOS, PANAGIOTIS",2FGA,Missed Two Pointer,0,-102,120,D,,,,12,09:00,30,19,
2007,RS,9,97,149,LJU,PAIV,"MILIC, MARKO",2FGA,Missed Two Pointer,0,-56,46,D,,,,12,09:00,30,19,
2007,RS,9,97,155,OLY,PCBV,"MACIJAUSKAS, ARVYDAS",FTM,Free Throw In,1,-1,-1, ,,,,12,09:00,31,19,
2007,RS,9,97,158,LJU,P000184,"BOOKER, CHRIS",2FGA,Missed Two Pointer,0,-525,33,E,,,,12,09:00,31,19,
2007,RS,9,97,160,LJU,PAIV,"MILIC, MARKO",2FGA,Missed Two Pointer,0,-56,17,D,,,,12,09:00,31,19,
2007,RS,9,97,162,LJU,PAIV,"MILIC, MARKO",2FGM,Two Pointer,2,-15,33,D,,,,12,09:00,31,21,
2007,RS,9,97,166,OLY,PAMM,"PRINTEZIS, GEORGIOS",2FGM,Two Pointer,2,-23,28,D,,,,13,08:00,33,21,
2007,RS,9,97,167,LJU,PAPY,"HUKIC, JASMIN",3FGM,Three Pointer,3,48,694,G,,,,13,08:00,33,24,
2007,RS,9,97,169,OLY,PCBV,"MACIJAUSKAS, ARVYDAS",2FGAB,Missed Two Pointer,0,51,56,C,,,,13,08:00,33,24,
2007,RS,9,97,172,OLY,PAQU,"BOUROUSIS, IOANNIS",2FGM,Two Pointer,2,15,15,C,,,,13,08:00,35,24,
2007,RS,9,97,175,LJU,PTGG,"TAYLOR, RONELL",2FGA,Missed Two Pointer,0,310,384,B,,,,14,07:00,35,24,
2007,RS,9,97,177,LJU,PAIV,"MILIC, MARKO",2FGA,Missed Two Pointer,0,12,69,C,,,,14,07:00,35,24,
2007,RS,9,97,179,OLY,PJRF,"VASILOPOULOS, PANAGIOTIS",2FGM,Two Pointer,2,7,0,C,,,,14,07:00,37,24,
2007,RS,9,97,184,LJU,PAPY,"HUKIC, JASMIN",3FGM,Three Pointer,3,30,664,G,,,,14,07:00,37,27,
2007,RS,9,97,188,OLY,PBFY,"BLAKNEY, RODERICK",FTM,Free Throw In,1,-1,-1, ,,,,14,07:00,38,27,
2007,RS,9,97,189,OLY,PBFY,"BLAKNEY, RODERICK",FTM,Free Throw In,1,-1,-1, ,,,,14,07:00,39,27,
2007,RS,9,97,190,OLY,PAMM,"PRINTEZIS, GEORGIOS",2FGA,Missed Two Pointer,0,-33,15,D,,,,14,07:00,39,27,
2007,RS,9,97,195,LJU,PTHB,"DRAGIC, GORAN",2FGM,Two Pointer,2,7,48,C,,,,15,06:00,39,29,
2007,RS,9,97,196,OLY,PALG,"VASILIADIS, KOSTAS",2FGM,Two Pointer,2,28,64,C,,,,15,06:00,41,29,
2007,RS,9,97,203,LJU,PAIV,"MILIC, MARKO",FTM,Free Throw In,1,-1,-1, ,,,,15,06:00,41,30,
2007,RS,9,97,204,LJU,PAIV,"MILIC, MARKO",FTM,Free Throw In,1,-1,-1, ,,,,15,06:00,41,31,
2007,RS,9,97,206,LJU,PTGK,"BAILEY, MAURICE",3FGM,Three Pointer,3,474,520,G,,,,15,06:00,41,34,
2007,RS,9,97,209,OLY,PAQU,"BOUROUSIS, IOANNIS",3FGA,Missed Three Pointer,0,23,694,G,,,,16,05:00,41,34,
2007,RS,9,97,211,LJU,PTGK,"BAILEY, MAURICE",3FGA,Missed Three Pointer,0,653,215,A,,,,16,05:00,41,34,
2007,RS,9,97,216,OLY,PCBV,"MACIJAUSKAS, ARVYDAS",2FGA,Missed Two Pointer,0,97,66,C,,,,16,05:00,41,34,
2007,RS,9,97,224,OLY,PCBV,"MACIJAUSKAS, ARVYDAS",3FGA,Missed Three Pointer,0,-156,687,J,,,,17,04:00,41,34,
2007,RS,9,97,228,OLY,P000126,"JACKSON, MARC",2FGA,Missed Two Pointer,0,-71,35,D,,,,17,04:00,41,34,
2007,RS,9,97,230,LJU,PJYE,"RIZVIC, HASAN",2FGM,Two Pointer,2,-46,23,D,,,,17,04:00,41,36,
2007,RS,9,97,233,OLY,PALG,"VASILIADIS, KOSTAS",3FGM,Three Pointer,3,664,117,A,,,,18,03:00,44,36,
2007,RS,9,97,235,LJU,PAPY,"HUKIC, JASMIN",3FGA,Missed Three Pointer,0,-648,241,F,,,,18,03:00,44,36,
2007,RS,9,97,238,OLY,PBFY,"BLAKNEY, RODERICK",2FGA,Missed Two Pointer,0,46,35,C,,,,19,02:00,44,36,
2007,RS,9,97,244,OLY,P000126,"JACKSON, MARC",FTM,Free Throw In,1,-1,-1, ,,,,19,02:00,45,36,
2007,RS,9,97,245,OLY,P000126,"JACKSON, MARC",FTM,Free Throw In,1,-1,-1, ,,,,19,02:00,46,36,
2007,RS,9,97,252,LJU,PTHB,"DRAGIC, GORAN",3FGM,Three Pointer,3,505,492,G,,,,19,02:00,46,39,
2007,RS,9,97,257,OLY,PCBV,"MACIJAUSKAS, ARVYDAS",FTM,Free Throw In,1,-1,-1, ,,,,20,01:00,47,39,
2007,RS,9,97,258,OLY,PCBV,"MACIJAUSKAS, ARVYDAS",FTM,Free Throw In,1,-1,-1, ,,,,20,01:00,48,39,
2007,RS,9,97,263,LJU,PTGK,"BAILEY, MAURICE",FTM,Free Throw In,1,-1,-1, ,,,,20,01:00,48,40,
2007,RS,9,97,264,LJU,PTGK,"BAILEY, MAURICE",FTM,Free Throw In,1,-1,-1, ,,,,20,01:00,48,41,
2007,RS,9,97,267,OLY,PALG,"VASILIADIS, KOSTAS",FTM,Free Throw In,1,-1,-1, ,,,,20,01:00,49,41,
2007,RS,9,97,268,OLY,PALG,"VASILIADIS, KOSTAS",FTM,Free Throw In,1,-1,-1, ,,,,20,01:00,50,41,
2007,RS,9,97,273,LJU,PAIV,"MILIC, MARKO",FTM,Free Throw In,1,-1,-1, ,,,,20,01:00,50,42,
2007,RS,9,97,274,LJU,PAIV,"MILIC, MARKO",FTM,Free Throw In,1,-1,-1, ,,,,20,01:00,50,43,
2007,RS,9,97,275,OLY,PALG,"VASILIADIS, KOSTAS",3FGM,Three Pointer,3,-635,233,F,,,,20,01:00,53,43,
2007,RS,9,97,287,LJU,PJYE,"RIZVIC, HASAN",FTM,Free Throw In,1,-1,-1, ,,,,21,10:00,53,44,
2007,RS,9,97,289,LJU,PJYE,"RIZVIC, HASAN",FTM,Free Throw In,1,-1,-1, ,,,,21,10:00,53,45,
2007,RS,9,97,290,OLY,PJRF,"VASILOPOULOS, PANAGIOTIS",2FGA,Missed Two Pointer,0,0,69,D,,,,21,10:00,53,45,
2007,RS,9,97,292,LJU,PJYE,"RIZVIC, HASAN",2FGA,Missed Two Pointer,0,51,33,C,,,,21,10:00,53,45,
2007,RS,9,97,295,OLY,PAMM,"PRINTEZIS, GEORGIOS",2FGM,Two Pointer,2,-30,217,D,,,,21,10:00,55,45,
2007,RS,9,97,301,LJU,PAPY,"HUKIC, JASMIN",3FGA,Missed Three Pointer,0,-646,158,F,,,,22,09:00,55,45,
2007,RS,9,97,307,LJU,PAIV,"MILIC, MARKO",2FGM,Two Pointer,2,189,100,C,,,,22,09:00,55,47,
2007,RS,9,97,311,OLY,PJDR,"TEODOSIC, MILOS",3FGA,Missed Three Pointer,0,-338,617,J,,,,22,09:00,55,47,
2007,RS,9,97,314,LJU,PTGJ,"MOCNIK, JAN",3FGA,Missed Three Pointer,0,161,671,G,,,,23,08:00,55,47,
2007,RS,9,97,316,OLY,PAMM,"PRINTEZIS, GEORGIOS",2FGA,Missed Two Pointer,0,-82,33,D,,,,23,08:00,55,47,
2007,RS,9,97,323,OLY,PCBV,"MACIJAUSKAS, ARVYDAS",FTM,Free Throw In,1,-1,-1, ,,,,23,08:00,56,47,
2007,RS,9,97,324,LJU,PAPY,"HUKIC, JASMIN",3FGM,Three Pointer,3,394,574,G,,,,23,08:00,56,50,
2007,RS,9,97,333,OLY,PJRF,"VASILOPOULOS, PANAGIOTIS",3FGA,Missed Three Pointer,0,146,671,G,,,,24,07:00,56,50,
2007,RS,9,97,336,LJU,PTHB,"DRAGIC, GORAN",2FGA,Missed Two Pointer,0,10,46,C,,,,24,07:00,56,50,
2007,RS,9,97,338,LJU,PJYE,"RIZVIC, HASAN",2FGM,Two Pointer,2,56,71,C,,,,24,07:00,56,52,
2007,RS,9,97,340,OLY,PCBV,"MACIJAUSKAS, ARVYDAS",3FGM,Three Pointer,3,-358,566,J,,,,24,07:00,59,52,
2007,RS,9,97,344,LJU,PAIV,"MILIC, MARKO",FTM,Free Throw In,1,-1,-1, ,,,,25,06:00,59,53,
2007,RS,9,97,345,LJU,PAIV,"MILIC, MARKO",FTM,Free Throw In,1,-1,-1, ,,,,25,06:00,59,54,
2007,RS,9,97,348,OLY,PCBV,"MACIJAUSKAS, ARVYDAS",2FGM,Two Pointer,2,-28,71,D,,,,25,06:00,61,54,
2007,RS,9,97,349,LJU,PTHB,"DRAGIC, GORAN",3FGM,Three Pointer,3,671,215,A,,,,25,06:00,61,57,
2007,RS,9,97,352,OLY,P000126,"JACKSON, MARC",2FGM,Two Pointer,2,-30,64,D,,,,26,05:00,63,57,
2007,RS,9,97,354,LJU,PAIV,"MILIC, MARKO",2FGA,Missed Two Pointer,0,7,76,C,,,,26,05:00,63,57,
2007,RS,9,97,361,OLY,PJRF,"VASILOPOULOS, PANAGIOTIS",FTM,Free Throw In,1,-1,-1, ,,,,26,05:00,64,57,
2007,RS,9,97,362,LJU,PTGJ,"MOCNIK, JAN",3FGA,Missed Three Pointer,0,-692,79,F,,,,26,05:00,64,57,
2007,RS,9,97,367,OLY,P000126,"JACKSON, MARC",2FGM,Two Pointer,2,-28,71,D,,,,26,05:00,66,57,
2007,RS,9,97,368,OLY,P000126,"JACKSON, MARC",FTM,Free Throw In,1,-1,-1, ,,,,26,05:00,67,57,
2007,RS,9,97,372,OLY,PALG,"VASILIADIS, KOSTAS",2FGA,Missed Two Pointer,0,-389,417,E,,,,27,04:00,67,57,
2007,RS,9,97,374,LJU,PAIV,"MILIC, MARKO",2FGA,Missed Two Pointer,0,-17,41,D,,,,27,04:00,67,57,
2007,RS,9,97,378,LJU,PLHD,"ZUPAN, MIHA",2FGA,Missed Two Pointer,0,28,64,C,,,,27,04:00,67,57,
2007,RS,9,97,380,OLY,PJRF,"VASILOPOULOS, PANAGIOTIS",3FGM,Three Pointer,3,289,592,G,,,,27,04:00,70,57,
2007,RS,9,97,385,OLY,PCBV,"MACIJAUSKAS, ARVYDAS",2FGA,Missed Two Pointer,0,-38,94,D,,,,28,03:00,70,57,
2007,RS,9,97,395,OLY,PALG,"VASILIADIS, KOSTAS",FTM,Free Throw In,1,-1,-1, ,,,,28,03:00,71,57,
2007,RS,9,97,396,OLY,PALG,"VASILIADIS, KOSTAS",FTM,Free Throw In,1,-1,-1, ,,,,28,03:00,72,57,
2007,RS,9,97,397,LJU,PAPY,"HUKIC, JASMIN",2FGA,Missed Two Pointer,0,20,58,C,,,,28,03:00,72,57,
2007,RS,9,97,402,OLY,PTFW,"TSAKALIDIS, JAKE",FTM,Free Throw In,1,-1,-1, ,,,,28,03:00,73,57,
2007,RS,9,97,404,LJU,PTGG,"TAYLOR, RONELL",3FGA,Missed Three Pointer,0,-635,74,F,,,,29,02:00,73,57,
2007,RS,9,97,406,LJU,PAIV,"MILIC, MARKO",2FGM,Two Pointer,2,-5,35,D,,,,29,02:00,73,59,
2007,RS,9,97,408,OLY,PJRF,"VASILOPOULOS, PANAGIOTIS",2FGM,Two Pointer,2,-33,356,D,,,,29,02:00,75,59,
2007,RS,9,97,410,LJU,PTGG,"TAYLOR, RONELL",2FGAB,Missed Two Pointer,0,-17,53,D,,,,29,02:00,75,59,
2007,RS,9,97,414,LJU,PTGG,"TAYLOR, RONELL",3FGA,Missed Three Pointer,0,666,120,A,,,,29,02:00,75,59,
2007,RS,9,97,417,OLY,PALG,"VASILIADIS, KOSTAS",3FGM,Three Pointer,3,530,423,A,,,,30,01:00,78,59,
2007,RS,9,97,420,LJU,PTGK,"BAILEY, MAURICE",3FGA,Missed Three Pointer,0,-484,471,J,,,,30,01:00,78,59,
2007,RS,9,97,425,LJU,PTGK,"BAILEY, MAURICE",3FGA,Missed Three Pointer,0,-646,241,F,,,,30,01:00,78,59,
2007,RS,9,97,426,LJU,PTGK,"BAILEY, MAURICE",FTM,Free Throw In,1,-1,-1, ,,,,30,01:00,78,60,
2007,RS,9,97,428,LJU,PTGK,"BAILEY, MAURICE",FTM,Free Throw In,1,-1,-1, ,,,,30,01:00,78,61,
2007,RS,9,97,429,OLY,PTFW,"TSAKALIDIS, JAKE",2FGA,Missed Two Pointer,0,-41,92,D,,,,30,01:00,78,61,
2007,RS,9,97,431,OLY,PJRF,"VASILOPOULOS, PANAGIOTIS",2FGA,Missed Two Pointer,0,-46,46,D,,,,30,01:00,78,61,
2007,RS,9,97,436,LJU,PTGK,"BAILEY, MAURICE",3FGA,Missed Three Pointer,0,-515,482,J,,,,30,01:00,78,61,
2007,RS,9,97,449,LJU,P000184,"BOOKER, CHRIS",2FGA,Missed Two Pointer,0,69,374,C,,,,31,10:00,78,61,
2007,RS,9,97,453,OLY,PJRF,"VASILOPOULOS, PANAGIOTIS",2FGAB,Missed Two Pointer,0,-35,84,D,,,,31,10:00,78,61,
2007,RS,9,97,455,LJU,PTGK,"BAILEY, MAURICE",2FGM,Two Pointer,2,0,48,D,,,,31,10:00,78,63,
2007,RS,9,97,459,OLY,PALG,"VASILIADIS, KOSTAS",3FGM,Three Pointer,3,-656,258,F,,,,32,09:00,81,63,
2007,RS,9,97,463,OLY,PALG,"VASILIADIS, KOSTAS",3FGA,Missed Three Pointer,0,-620,382,F,,,,32,09:00,81,63,
2007,RS,9,97,465,OLY,PTFW,"TSAKALIDIS, JAKE",2FGM,Two Pointer,2,-64,48,D,,,,32,09:00,83,63,
2007,RS,9,97,471,OLY,PTFW,"TSAKALIDIS, JAKE",FTM,Free Throw In,1,-1,-1, ,,,,32,09:00,84,63,
2007,RS,9,97,475,LJU,PAIV,"MILIC, MARKO",2FGM,Two Pointer,2,0,23,D,,,,33,08:00,84,65,
2007,RS,9,97,478,LJU,PTGK,"BAILEY, MAURICE",2FGM,Two Pointer,2,-56,28,D,,,,33,08:00,84,67,
2007,RS,9,97,479,LJU,PAIV,"MILIC, MARKO",FTM,Free Throw In,1,-1,-1, ,,,,33,08:00,84,68,
2007,RS,9,97,483,LJU,PTGK,"BAILEY, MAURICE",2FGM,Two Pointer,2,-2,-2,D,,,,33,08:00,84,70,
2007,RS,9,97,484,OLY,PAMM,"PRINTEZIS, GEORGIOS",2FGA,Missed Two Pointer,0,-25,79,D,,,,33,08:00,84,70,
2007,RS,9,97,493,OLY,PTFW,"TSAKALIDIS, JAKE",FTM,Free Throw In,1,-1,-1, ,,,,33,08:00,85,70,
2007,RS,9,97,498,LJU,PTGK,"BAILEY, MAURICE",2FGM,Two Pointer,2,-117,243,D,,,,34,07:00,85,72,
2007,RS,9,97,499,OLY,PJDR,"TEODOSIC, MILOS",3FGA,Missed Three Pointer,0,-507,564,J,,,,34,07:00,85,72,
2007,RS,9,97,501,OLY,PALG,"VASILIADIS, KOSTAS",2FGM,Two Pointer,2,-17,76,D,,,,34,07:00,87,72,
2007,RS,9,97,505,OLY,PALG,"VASILIADIS, KOSTAS",FTM,Free Throw In,1,-1,-1, ,,,,34,07:00,88,72,
2007,RS,9,97,512,OLY,PBFY,"BLAKNEY, RODERICK",FTM,Free Throw In,1,-1,-1, ,,,,34,07:00,89,72,
2007,RS,9,97,513,OLY,PBFY,"BLAKNEY, RODERICK",FTM,Free Throw In,1,-1,-1, ,,,,34,07:00,90,72,
2007,RS,9,97,515,OLY,PAMM,"PRINTEZIS, GEORGIOS",2FGM,Two Pointer,2,-289,230,E,,,,35,06:00,92,72,
2007,RS,9,97,517,LJU,PTGK,"BAILEY, MAURICE",3FGM,Three Pointer,3,412,584,G,,,,35,06:00,92,75,
2007,RS,9,97,519,OLY,PTFW,"TSAKALIDIS, JAKE",2FGM,Two Pointer,2,-41,56,D,,,,35,06:00,94,75,
2007,RS,9,97,522,LJU,PAPY,"HUKIC, JASMIN",2FGA,Missed Two Pointer,0,-112,115,D,,,,36,05:00,94,75,
2007,RS,9,97,524,OLY,PAMM,"PRINTEZIS, GEORGIOS",2FGM,Two Pointer,2,10,-5,C,,,,36,05:00,96,75,
2007,RS,9,97,530,LJU,PAIV,"MILIC, MARKO",2FGA,Missed Two Pointer,0,-125,94,D,,,,36,05:00,96,75,
2007,RS,9,97,535,OLY,PTFW,"TSAKALIDIS, JAKE",FTM,Free Throw In,1,-1,-1, ,,,,36,05:00,97,75,
2007,RS,9,97,541,OLY,PAMM,"PRINTEZIS, GEORGIOS",2FGM,Two Pointer,2,-43,87,D,,,,37,04:00,99,75,
2007,RS,9,97,543,LJU,PJBJ,"BEGIC, MIRZA",2FGA,Missed Two Pointer,0,392,156,B,,,,37,04:00,99,75,
2007,RS,9,97,546,OLY,PJDR,"TEODOSIC, MILOS",2FGA,Missed Two Pointer,0,-92,130,D,,,,37,04:00,99,75,
2007,RS,9,97,549,OLY,PAMM,"PRINTEZIS, GEORGIOS",2FGM,Two Pointer,2,0,17,D,,,,37,04:00,101,75,
2007,RS,9,97,550,LJU,PTGK,"BAILEY, MAURICE",3FGA,Missed Three Pointer,0,597,343,A,,,,37,04:00,101,75,
2007,RS,9,97,552,LJU,PTGI,"DONCIC, SASA",2FGA,Missed Two Pointer,0,-120,117,D,,,,38,03:00,101,75,
2007,RS,9,97,555,OLY,PTFW,"TSAKALIDIS, JAKE",2FGM,Two Pointer,2,-61,94,D,,,,38,03:00,103,75,
2007,RS,9,97,566,LJU,PAIV,"MILIC, MARKO",2FGA,Missed Two Pointer,0,20,82,C,,,,38,03:00,103,75,
2007,RS,9,97,570,LJU,PTHB,"DRAGIC, GORAN",3FGA,Missed Three Pointer,0,664,284,A,,,,38,03:00,103,75,
2007,RS,9,97,578,LJU,PAPY,"HUKIC, JASMIN",FTM,Free Throw In,1,-1,-1, ,,,,39,02:00,103,76,
2007,RS,9,97,580,LJU,PAPY,"HUKIC, JASMIN",FTM,Free Throw In,1,-1,-1, ,,,,39,02:00,103,77,
2007,RS,9,97,581,OLY,PJDR,"TEODOSIC, MILOS",2FGM,Two Pointer,2,-51,74,D,,,,39,02:00,105,77,
2007,RS,9,97,586,LJU,PTHB,"DRAGIC, GORAN",FTM,Free Throw In,1,-1,-1, ,,,,39,02:00,105,78,
2007,RS,9,97,588,OLY,PACJ,"PAPAMAKARIOS, MANOLIS",2FGM,Two Pointer,2,89,117,C,,,,40,01:00,107,78,
2007,RS,9,97,589,LJU,PTGK,"BAILEY, MAURICE",3FGA,Missed Three Pointer,0,264,700,G,,,,40,01:00,107,78,
2007,RS,9,97,591,OLY,PCPF,"KAFKIS, PANAGIOTIS",2FGA,Missed Two Pointer,0,-35,43,D,,,,40,01:00,107,78,
2007,RS,9,97,593,OLY,PACJ,"PAPAMAKARIOS, MANOLIS",2FGM,Two Pointer,2,-25,56,D,,,,40,01:00,109,78,
2007,RS,9,97,594,LJU,PAPY,"HUKIC, JASMIN",3FGA,Missed Three Pointer,0,-656,156,F,,,,40,01:00,109,78,
2007,RS,9,97,597,OLY,PAMM,"PRINTEZIS, GEORGIOS",2FGM,Two Pointer,2,-48,89,D,,,,40,01:00,111,78,
2007,RS,9,97,600,LJU,PTGK,"BAILEY, MAURICE",FTM,Free Throw In,1,-1,-1, ,,,,40,01:00,111,79,
2007,RS,9,97,601,LJU,PTGK,"BAILEY, MAURICE",FTM,Free Throw In,1,-1,-1, ,,,,40,01:00,111,80,
2007,RS,9,97,602,OLY,PJDR,"TEODOSIC, MILOS",2FGM,Two Pointer,2,-64,53,D,,,,40,01:00,113,80,
2007,RS,9,97,603,LJU,PTGJ,"MOCNIK, JAN",3FGA,Missed Three Pointer,0,-651,356,F,,,,40,01:00,113,80,
2007,RS,9,98,5,CSK,PJMM,"SISKAUSKAS, RAMUNAS",2FGM,Two Pointer,2,-41,-5,D,,,,1,10:00,0,2,
2007,RS,9,98,10,CSK,PJMM,"SISKAUSKAS, RAMUNAS",FTM,Free Throw In,1,-1,-1, ,,,,1,10:00,0,3,
2007,RS,9,98,13,CSK,PJMM,"SISKAUSKAS, RAMUNAS",2FGM,Two Pointer,2,41,-5,C,,,,1,10:00,0,5,
2007,RS,9,98,17,CSK,PJMM,"SISKAUSKAS, RAMUNAS",2FGM,Two Pointer,2,92,25,C,,,,2,09:00,0,7,
2007,RS,9,98,18,SIE,PKWI,"MCINTYRE, TERRELL",3FGM,Three Pointer,3,79,641,G,,,,2,09:00,3,7,
2007,RS,9,98,22,SIE,PJOC,"STONEROOK, SHAUN",3FGA,Missed Three Pointer,0,28,679,G,,,,3,08:00,3,7,
2007,RS,9,98,24,CSK,PBEB,"LANGDON, TRAJAN",2FGM,Two Pointer,2,61,2,C,,,,3,08:00,3,9,
2007,RS,9,98,27,SIE,PCCA,"THORNTON, BOOTSY",FTM,Free Throw In,1,-1,-1, ,,,,3,08:00,4,9,
2007,RS,9,98,28,SIE,PCCA,"THORNTON, BOOTSY",FTM,Free Throw In,1,-1,-1, ,,,,3,08:00,5,9,
2007,RS,9,98,29,CSK,PBEB,"LANGDON, TRAJAN",3FGA,Missed Three Pointer,0,-392,525,J,,,,3,08:00,5,9,
2007,RS,9,98,32,SIE,PCCA,"THORNTON, BOOTSY",2FGM,Two Pointer,2,92,25,C,,,,4,07:00,7,9,
2007,RS,9,98,33,CSK,PAUC,"GOREE, MARCUS",2FGAB,Missed Two Pointer,0,-115,41,D,,,,4,07:00,7,9,
2007,RS,9,98,37,CSK,PJMM,"SISKAUSKAS, RAMUNAS",2FGM,Two Pointer,2,-17,74,D,,,,4,07:00,7,11,
2007,RS,9,98,38,SIE,PKWI,"MCINTYRE, TERRELL",2FGM,Two Pointer,2,-374,425,E,,,,4,07:00,9,11,
2007,RS,9,98,42,CSK,PAKT,"ANDERSEN, DAVID",2FGA,Missed Two Pointer,0,56,10,C,,,,5,06:00,9,11,
2007,RS,9,98,44,SIE,PCCA,"THORNTON, BOOTSY",2FGA,Missed Two Pointer,0,376,379,B,,,,5,06:00,9,11,
2007,RS,9,98,46,CSK,PAKT,"ANDERSEN, DAVID",3FGM,Three Pointer,3,500,469,G,,,,5,06:00,9,14,
2007,RS,9,98,49,SIE,PKWI,"MCINTYRE, TERRELL",3FGM,Three Pointer,3,-5,651,J,,,,6,05:00,12,14,
2007,RS,9,98,50,CSK,PJMM,"SISKAUSKAS, RAMUNAS",2FGM,Two Pointer,2,-312,451,I,,,,6,05:00,12,16,
2007,RS,9,98,51,SIE,PCQO,"EZE, BENJAMIN",2FGA,Missed Two Pointer,0,2,202,D,,,,6,05:00,12,16,
2007,RS,9,98,62,CSK,PBEB,"LANGDON, TRAJAN",FTM,Free Throw In,1,-1,-1, ,,,,7,04:00,12,17,
2007,RS,9,98,65,CSK,PAUC,"GOREE, MARCUS",2FGA,Missed Two Pointer,0,369,220,B,,,,7,04:00,12,17,
2007,RS,9,98,67,SIE,PCQO,"EZE, BENJAMIN",2FGM,Two Pointer,2,-2,7,D,,,,7,04:00,14,17,
2007,RS,9,98,70,CSK,PAUC,"GOREE, MARCUS",2FGA,Missed Two Pointer,0,100,76,C,,,,8,03:00,14,17,
2007,RS,9,98,72,SIE,PCQO,"EZE, BENJAMIN",2FGM,Two Pointer,2,-41,2,D,,,,8,03:00,16,17,
2007,RS,9,98,78,SIE,PCQO,"EZE, BENJAMIN",FTM,Free Throw In,1,-1,-1, ,,,,8,03:00,17,17,
2007,RS,9,98,81,CSK,PAQO,"HOLDEN, JON ROBERT",3FGA,Missed Three Pointer,0,666,-53,A,,,,8,03:00,17,17,
2007,RS,9,98,83,SIE,PBJR,"KAUKENAS, RIMANTAS",2FGM,Two Pointer,2,-56,10,D,,,,8,03:00,19,17,
2007,RS,9,98,87,SIE,PKWI,"MCINTYRE, TERRELL",3FGA,Missed Three Pointer,0,507,448,G,,,,9,02:00,19,17,
2007,RS,9,98,94,CSK,PBEB,"LANGDON, TRAJAN",2FGM,Two Pointer,2,158,202,C,,,,10,01:00,19,19,
2007,RS,9,98,96,SIE,PBJR,"KAUKENAS, RIMANTAS",2FGM,Two Pointer,2,53,7,C,,,,10,01:00,21,19,
2007,RS,9,98,103,CSK,PBEB,"LANGDON, TRAJAN",2FGA,Missed Two Pointer,0,-317,58,E,,,,10,01:00,21,19,
2007,RS,9,98,105,CSK,PLHI,"VORONTSEVICH, ANDREY",2FGM,Two Pointer,2,43,71,C,,,,10,01:00,21,21,
2007,RS,9,98,114,CSK,PAKT,"ANDERSEN, DAVID",2FGM,Two Pointer,2,48,89,C,,,,11,10:00,21,23,
2007,RS,9,98,115,SIE,PBJR,"KAUKENAS, RIMANTAS",3FGA,Missed Three Pointer,0,115,656,G,,,,11,10:00,21,23,
2007,RS,9,98,117,CSK,PAKT,"ANDERSEN, DAVID",3FGA,Missed Three Pointer,0,187,633,G,,,,11,10:00,21,23,
2007,RS,9,98,122,SIE,PBLH,"LAVRINOVIC, KSISTOF",2FGM,Two Pointer,2,69,15,C,,,,12,09:00,23,23,
2007,RS,9,98,124,CSK,PAKT,"ANDERSEN, DAVID",2FGM,Two Pointer,2,-171,12,D,,,,12,09:00,23,25,
2007,RS,9,98,128,CSK,PJMM,"SISKAUSKAS, RAMUNAS",2FGA,Missed Two Pointer,0,328,171,B,,,,13,08:00,23,25,
2007,RS,9,98,136,SIE,PAPS,"ILIEVSKI, VLADO",3FGM,Three Pointer,3,-407,553,J,,,,13,08:00,26,25,
2007,RS,9,98,137,CSK,PABN,"ZISIS, NIKOLAOS",2FGA,Missed Two Pointer,0,25,592,H,,,,13,08:00,26,25,
2007,RS,9,98,144,SIE,PBJR,"KAUKENAS, RIMANTAS",2FGAB,Missed Two Pointer,0,100,533,H,,,,14,07:00,26,25,
2007,RS,9,98,156,SIE,PAPS,"ILIEVSKI, VLADO",2FGM,Two Pointer,2,17,571,H,,,,14,07:00,28,25,
2007,RS,9,98,158,CSK,PJMM,"SISKAUSKAS, RAMUNAS",2FGA,Missed Two Pointer,0,71,79,C,,,,15,06:00,28,25,
2007,RS,9,98,160,SIE,PCQO,"EZE, BENJAMIN",2FGM,Two Pointer,2,-361,23,E,,,,15,06:00,30,25,
2007,RS,9,98,162,CSK,PBEB,"LANGDON, TRAJAN",2FGAB,Missed Two Pointer,0,-61,28,D,,,,15,06:00,30,25,
2007,RS,9,98,168,CSK,PJMM,"SISKAUSKAS, RAMUNAS",FTM,Free Throw In,1,-1,-1, ,,,,15,06:00,30,26,
2007,RS,9,98,171,SIE,PAPS,"ILIEVSKI, VLADO",2FGM,Two Pointer,2,-17,251,D,,,,15,06:00,32,26,
2007,RS,9,98,179,CSK,PAUC,"GOREE, MARCUS",2FGA,Missed Two Pointer,0,-35,41,D,,,,16,05:00,32,26,
2007,RS,9,98,183,SIE,PBJR,"KAUKENAS, RIMANTAS",FTM,Free Throw In,1,-1,-1, ,,,,16,05:00,33,26,
2007,RS,9,98,184,SIE,PBJR,"KAUKENAS, RIMANTAS",FTM,Free Throw In,1,-1,-1, ,,,,16,05:00,34,26,
2007,RS,9,98,186,CSK,PAQO,"HOLDEN, JON ROBERT",3FGM,Three Pointer,3,-433,510,J,,,,17,04:00,34,29,
2007,RS,9,98,187,SIE,PJHL,"RESS, TOMAS",3FGA,Missed Three Pointer,0,500,484,G,,,,17,04:00,34,29,
2007,RS,9,98,191,CSK,PBEB,"LANGDON, TRAJAN",3FGA,Missed Three Pointer,0,-410,538,J,,,,17,04:00,34,29,
2007,RS,9,98,193,SIE,PJHL,"RESS, TOMAS",2FGM,Two Pointer,2,535,2,B,,,,17,04:00,36,29,
2007,RS,9,98,196,CSK,PBEB,"LANGDON, TRAJAN",3FGA,Missed Three Pointer,0,658,7,A,,,,18,03:00,36,29,
2007,RS,9,98,198,SIE,PCCA,"THORNTON, BOOTSY",2FGM,Two Pointer,2,551,10,B,,,,18,03:00,38,29,
2007,RS,9,98,200,CSK,PAQO,"HOLDEN, JON ROBERT",2FGAB,Missed Two Pointer,0,-248,179,E,,,,18,03:00,38,29,
2007,RS,9,98,210,SIE,PBJR,"KAUKENAS, RIMANTAS",FTM,Free Throw In,1,-1,-1, ,,,,18,03:00,39,29,
2007,RS,9,98,213,SIE,PBLH,"LAVRINOVIC, KSISTOF",2FGM,Two Pointer,2,-2,46,D,,,,18,03:00,41,29,
2007,RS,9,98,219,CSK,PATW,"PAPALOUKAS, THEODOROS",FTM,Free Throw In,1,-1,-1, ,,,,19,02:00,41,30,
2007,RS,9,98,220,CSK,PATW,"PAPALOUKAS, THEODOROS",FTM,Free Throw In,1,-1,-1, ,,,,19,02:00,41,31,
2007,RS,9,98,225,SIE,PCCA,"THORNTON, BOOTSY",3FGA,Missed Three Pointer,0,641,225,A,,,,19,02:00,41,31,
2007,RS,9,98,232,SIE,PBLH,"LAVRINOVIC, KSISTOF",2FGM,Two Pointer,2,-302,187,E,,,,20,01:00,43,31,
2007,RS,9,98,235,CSK,PAKT,"ANDERSEN, DAVID",FTM,Free Throw In,1,-1,-1, ,,,,20,01:00,43,32,
2007,RS,9,98,236,CSK,PAKT,"ANDERSEN, DAVID",FTM,Free Throw In,1,-1,-1, ,,,,20,01:00,43,33,
2007,RS,9,98,237,SIE,PBLH,"LAVRINOVIC, KSISTOF",3FGA,Missed Three Pointer,0,535,379,A,,,,20,01:00,43,33,
2007,RS,9,98,239,CSK,PATW,"PAPALOUKAS, THEODOROS",2FGA,Missed Two Pointer,0,56,-2,C,,,,20,01:00,43,33,
2007,RS,9,98,241,SIE,PAPS,"ILIEVSKI, VLADO",3FGA,Missed Three Pointer,0,233,1182,G,,,,20,01:00,43,33,
2007,RS,9,98,255,SIE,PJOC,"STONEROOK, SHAUN",3FGM,Three Pointer,3,-361,579,J,,,,21,10:00,46,33,
2007,RS,9,98,259,CSK,PAUC,"GOREE, MARCUS",FTM,Free Throw In,1,-1,-1, ,,,,21,10:00,46,34,
2007,RS,9,98,262,SIE,PBJR,"KAUKENAS, RIMANTAS",3FGA,Missed Three Pointer,0,-223,648,J,,,,21,10:00,46,34,
2007,RS,9,98,264,SIE,PKWI,"MCINTYRE, TERRELL",2FGM,Two Pointer,2,-538,43,E,,,,21,10:00,48,34,
2007,RS,9,98,266,CSK,PJMM,"SISKAUSKAS, RAMUNAS",3FGM,Three Pointer,3,-425,579,J,,,,22,09:00,48,37,
2007,RS,9,98,267,SIE,PKWI,"MCINTYRE, TERRELL",3FGA,Missed Three Pointer,0,-166,671,J,,,,22,09:00,48,37,
2007,RS,9,98,277,SIE,PLMO,"SATO, ROMAIN",FTM,Free Throw In,1,-1,-1, ,,,,23,08:00,49,37,
2007,RS,9,98,278,SIE,PLMO,"SATO, ROMAIN",FTM,Free Throw In,1,-1,-1, ,,,,23,08:00,50,37,
2007,RS,9,98,286,CSK,PAKT,"ANDERSEN, DAVID",2FGM,Two Pointer,2,-117,64,D,,,,23,08:00,50,39,
2007,RS,9,98,288,SIE,PBJR,"KAUKENAS, RIMANTAS",2FGM,Two Pointer,2,210,76,C,,,,24,07:00,52,39,
2007,RS,9,98,289,CSK,PJMM,"SISKAUSKAS, RAMUNAS",2FGA,Missed Two Pointer,0,-107,43,D,,,,24,07:00,52,39,
2007,RS,9,98,291,CSK,PAUC,"GOREE, MARCUS",2FGM,Two Pointer,2,69,20,C,,,,24,07:00,52,41,
2007,RS,9,98,292,SIE,PBJR,"KAUKENAS, RIMANTAS",3FGA,Missed Three Pointer,0,-520,438,J,,,,24,07:00,52,41,
2007,RS,9,98,297,CSK,PJMM,"SISKAUSKAS, RAMUNAS",3FGA,Missed Three Pointer,0,-176,658,J,,,,25,06:00,52,41,
2007,RS,9,98,305,CSK,PAUC,"GOREE, MARCUS",FTM,Free Throw In,1,-1,-1, ,,,,25,06:00,52,42,
2007,RS,9,98,306,CSK,PAUC,"GOREE, MARCUS",FTM,Free Throw In,1,-1,-1, ,,,,25,06:00,52,43,
2007,RS,9,98,307,SIE,PKWI,"MCINTYRE, TERRELL",2FGA,Missed Two Pointer,0,17,164,C,,,,25,06:00,52,43,
2007,RS,9,98,309,CSK,PAKT,"ANDERSEN, DAVID",2FGM,Two Pointer,2,287,169,B,,,,25,06:00,52,45,
2007,RS,9,98,315,SIE,PKWI,"MCINTYRE, TERRELL",2FGA,Missed Two Pointer,0,-151,74,D,,,,26,05:00,52,45,
2007,RS,9,98,317,CSK,PAQO,"HOLDEN, JON ROBERT",3FGM,Three Pointer,3,-41,694,J,,,,26,05:00,52,48,
2007,RS,9,98,319,SIE,PJOC,"STONEROOK, SHAUN",2FGA,Missed Two Pointer,0,166,79,C,,,,26,05:00,52,48,
2007,RS,9,98,321,CSK,PAQO,"HOLDEN, JON ROBERT",3FGA,Missed Three Pointer,0,689,12,A,,,,26,05:00,52,48,
2007,RS,9,98,323,SIE,PKWI,"MCINTYRE, TERRELL",3FGA,Missed Three Pointer,0,-158,700,J,,,,26,05:00,52,48,
2007,RS,9,98,333,SIE,PJHL,"RESS, TOMAS",2FGA,Missed Two Pointer,0,48,164,C,,,,27,04:00,52,48,
2007,RS,9,98,335,CSK,PBEB,"LANGDON, TRAJAN",3FGA,Missed Three Pointer,0,607,330,A,,,,27,04:00,52,48,
2007,RS,9,98,338,SIE,PKWI,"MCINTYRE, TERRELL",3FGM,Three Pointer,3,-384,623,J,,,,28,03:00,55,48,
2007,RS,9,98,341,CSK,PAKT,"ANDERSEN, DAVID",2FGM,Two Pointer,2,220,89,C,,,,28,03:00,55,50,
2007,RS,9,98,342,SIE,PLMO,"SATO, ROMAIN",2FGM,Two Pointer,2,341,97,B,,,,28,03:00,57,50,
2007,RS,9,98,344,CSK,PABN,"ZISIS, NIKOLAOS",2FGM,Two Pointer,2,474,179,B,,,,29,02:00,57,52,
2007,RS,9,98,345,SIE,PJOC,"STONEROOK, SHAUN",3FGA,Missed Three Pointer,0,517,494,G,,,,29,02:00,57,52,
2007,RS,9,98,348,CSK,PLHI,"VORONTSEVICH, ANDREY",3FGM,Three Pointer,3,-358,571,J,,,,30,01:00,57,55,
2007,RS,9,98,350,SIE,PKWI,"MCINTYRE, TERRELL",3FGA,Missed Three Pointer,0,-235,661,J,,,,30,01:00,57,55,
2007,RS,9,98,361,CSK,PABN,"ZISIS, NIKOLAOS",FTM,Free Throw In,1,-1,-1, ,,,,30,01:00,57,56,
2007,RS,9,98,362,SIE,PJOC,"STONEROOK, SHAUN",3FGA,Missed Three Pointer,0,484,489,G,,,,30,01:00,57,56,
2007,RS,9,98,370,CSK,PAUC,"GOREE, MARCUS",3FGM,Three Pointer,3,682,-20,A,,,,31,10:00,57,59,
2007,RS,9,98,377,CSK,PAUC,"GOREE, MARCUS",2FGM,Two Pointer,2,102,71,C,,,,32,09:00,57,61,
2007,RS,9,98,379,SIE,PAPS,"ILIEVSKI, VLADO",3FGA,Missed Three Pointer,0,-689,35,F,,,,32,09:00,57,61,
2007,RS,9,98,381,SIE,PCQO,"EZE, BENJAMIN",2FGA,Missed Two Pointer,0,0,71,D,,,,32,09:00,57,61,
2007,RS,9,98,384,SIE,PKWI,"MCINTYRE, TERRELL",3FGA,Missed Three Pointer,0,-382,615,J,,,,32,09:00,57,61,
2007,RS,9,98,387,SIE,PCQO,"EZE, BENJAMIN",2FGA,Missed Two Pointer,0,-64,107,D,,,,32,09:00,57,61,
2007,RS,9,98,389,SIE,PJOC,"STONEROOK, SHAUN",2FGA,Missed Two Pointer,0,69,97,C,,,,32,09:00,57,61,
2007,RS,9,98,396,CSK,PBEB,"LANGDON, TRAJAN",3FGA,Missed Three Pointer,0,653,187,A,,,,32,09:00,57,61,
2007,RS,9,98,401,CSK,PAKT,"ANDERSEN, DAVID",2FGA,Missed Two Pointer,0,0,135,D,,,,32,09:00,57,61,
2007,RS,9,98,403,CSK,PABN,"ZISIS, NIKOLAOS",2FGA,Missed Two Pointer,0,246,166,B,,,,32,09:00,57,61,
2007,RS,9,98,406,SIE,PCCA,"THORNTON, BOOTSY",3FGM,Three Pointer,3,-210,697,J,,,,33,08:00,60,61,
2007,RS,9,98,408,CSK,PAUC,"GOREE, MARCUS",3FGA,Missed Three Pointer,0,700,-5,A,,,,34,07:00,60,61,
2007,RS,9,98,410,CSK,PAKT,"ANDERSEN, DAVID",2FGA,Missed Two Pointer,0,-5,112,D,,,,34,07:00,60,61,
2007,RS,9,98,412,SIE,PAPS,"ILIEVSKI, VLADO",2FGA,Missed Two Pointer,0,-20,92,D,,,,34,07:00,60,61,
2007,RS,9,98,415,CSK,PJMM,"SISKAUSKAS, RAMUNAS",3FGA,Missed Three Pointer,0,-617,251,F,,,,35,06:00,60,61,
2007,RS,9,98,419,SIE,PJOC,"STONEROOK, SHAUN",3FGA,Missed Three Pointer,0,-464,571,J,,,,35,06:00,60,61,
2007,RS,9,98,431,SIE,PAPS,"ILIEVSKI, VLADO",3FGA,Missed Three Pointer,0,-482,569,J,,,,36,05:00,60,61,
2007,RS,9,98,433,CSK,PAQO,"HOLDEN, JON ROBERT",3FGM,Three Pointer,3,-676,246,F,,,,36,05:00,60,64,
2007,RS,9,98,443,CSK,PAQO,"HOLDEN, JON ROBERT",3FGA,Missed Three Pointer,0,-66,715,J,,,,37,04:00,60,64,
2007,RS,9,98,445,CSK,PAUC,"GOREE, MARCUS",2FGM,Two Pointer,2,-5,74,D,,,,37,04:00,60,66,
2007,RS,9,98,448,SIE,PCQO,"EZE, BENJAMIN",2FGA,Missed Two Pointer,0,-128,76,D,,,,37,04:00,60,66,
2007,RS,9,98,453,SIE,PJOC,"STONEROOK, SHAUN",3FGM,Three Pointer,3,694,2,A,,,,38,03:00,63,66,
2007,RS,9,98,456,CSK,PBEB,"LANGDON, TRAJAN",2FGA,Missed Two Pointer,0,-53,61,D,,,,39,02:00,63,66,
2007,RS,9,98,462,CSK,PBEB,"LANGDON, TRAJAN",3FGA,Missed Three Pointer,0,666,-33,A,,,,39,02:00,63,66,
2007,RS,9,98,464,SIE,PLMO,"SATO, ROMAIN",3FGM,Three Pointer,3,-684,43,F,,,,39,02:00,66,66,
2007,RS,9,98,466,CSK,PAQO,"HOLDEN, JON ROBERT",3FGA,Missed Three Pointer,0,2,697,G,,,,39,02:00,66,66,
2007,RS,9,98,471,SIE,PJOC,"STONEROOK, SHAUN",2FGA,Missed Two Pointer,0,-558,76,E,,,,40,01:00,66,66,
2007,RS,9,98,475,CSK,PJMM,"SISKAUSKAS, RAMUNAS",FTM,Free Throw In,1,-1,-1, ,,,,40,01:00,66,67,
2007,RS,9,98,476,CSK,PJMM,"SISKAUSKAS, RAMUNAS",FTM,Free Throw In,1,-1,-1, ,,,,40,01:00,66,68,
2007,RS,9,98,477,CSK,PJMM,"SISKAUSKAS, RAMUNAS",FTM,Free Throw In,1,-1,-1, ,,,,40,01:00,66,69,
2007,RS,9,98,489,SIE,PLMO,"SATO, ROMAIN",3FGAB,Missed Three Pointer,0,484,500,G,,,,40,01:00,66,69,
2007,RS,9,99,4,SOP,PABC,"GUROVIC, MILAN",3FGA,Missed Three Pointer,0,-2,684,J,,,,1,10:00,0,0,
2007,RS,9,99,6,ZAL,PJCC,"MACIULIS, JONAS",3FGA,Missed Three Pointer,0,258,692,G,,,,1,10:00,0,0,
2007,RS,9,99,8,SOP,PAUL,"STANOJEVIC, JOVO",2FGM,Two Pointer,2,-184,120,D,,,,1,10:00,2,0,
2007,RS,9,99,11,SOP,PACY,"SLANINA, DONATAS",2FGAB,Missed Two Pointer,0,89,56,C,,,,2,09:00,2,0,
2007,RS,9,99,16,ZAL,PBWI,"JANKUNAS, PAULIUS",2FGA,Missed Two Pointer,0,94,420,C,,,,2,09:00,2,0,
2007,RS,9,99,18,SOP,PACY,"SLANINA, DONATAS",2FGM,Two Pointer,2,202,407,B,,,,2,09:00,4,0,
2007,RS,9,99,20,ZAL,PBDB,"COLLINS, DeJUAN",2FGA,Missed Two Pointer,0,-238,76,D,,,,3,08:00,4,0,
2007,RS,9,99,22,SOP,P000713,"MILICIC, IGOR",2FGA,Missed Two Pointer,0,-594,-89,E,,,,3,08:00,4,0,
2007,RS,9,99,24,ZAL,PBWI,"JANKUNAS, PAULIUS",3FGA,Missed Three Pointer,0,-330,615,J,,,,3,08:00,4,0,
2007,RS,9,99,26,SOP,PACX,"MASIULIS, TOMAS",2FGA,Missed Two Pointer,0,-156,46,D,,,,3,08:00,4,0,
2007,RS,9,99,28,ZAL,PBWI,"JANKUNAS, PAULIUS",2FGA,Missed Two Pointer,0,-212,161,D,,,,3,08:00,4,0,
2007,RS,9,99,30,SOP,PABC,"GUROVIC, MILAN",2FGM,Two Pointer,2,-35,23,D,,,,3,08:00,6,0,
2007,RS,9,99,33,ZAL,PBDB,"COLLINS, DeJUAN",3FGA,Missed Three Pointer,0,346,584,G,,,,4,07:00,6,0,
2007,RS,9,99,35,ZAL,PAHT,"BROWN, MARCUS",2FGM,Two Pointer,2,292,25,B,,,,4,07:00,6,2,
2007,RS,9,99,37,SOP,PABC,"GUROVIC, MILAN",3FGM,Three Pointer,3,323,594,G,,,,5,06:00,9,2,
2007,RS,9,99,42,ZAL,PBDB,"COLLINS, DeJUAN",FTM,Free Throw In,1,-1,-1, ,,,,5,06:00,9,3,
2007,RS,9,99,44,SOP,PACY,"SLANINA, DONATAS",2FGM,Two Pointer,2,246,546,H,,,,6,05:00,11,3,
2007,RS,9,99,48,ZAL,PBDB,"COLLINS, DeJUAN",2FGA,Missed Two Pointer,0,-120,33,D,,,,6,05:00,11,3,
2007,RS,9,99,50,SOP,PABC,"GUROVIC, MILAN",3FGM,Three Pointer,3,-366,564,J,,,,6,05:00,14,3,
2007,RS,9,99,53,ZAL,PBWI,"JANKUNAS, PAULIUS",2FGM,Two Pointer,2,146,20,C,,,,6,05:00,14,5,
2007,RS,9,99,55,SOP,PABC,"GUROVIC, MILAN",2FGM,Two Pointer,2,41,15,C,,,,7,04:00,16,5,
2007,RS,9,99,56,ZAL,PJCC,"MACIULIS, JONAS",3FGM,Three Pointer,3,-28,682,J,,,,7,04:00,16,8,
2007,RS,9,99,60,SOP,PAUL,"STANOJEVIC, JOVO",2FGM,Two Pointer,2,-53,117,D,,,,7,04:00,18,8,
2007,RS,9,99,62,ZAL,PANY,"SALENGA, DAINIUS",2FGA,Missed Two Pointer,0,-20,187,D,,,,8,03:00,18,8,
2007,RS,9,99,69,SOP,PACY,"SLANINA, DONATAS",FTM,Free Throw In,1,-1,-1, ,,,,8,03:00,19,8,
2007,RS,9,99,77,ZAL,PBDB,"COLLINS, DeJUAN",2FGA,Missed Two Pointer,0,-66,64,D,,,,8,03:00,19,8,
2007,RS,9,99,85,SOP,P000713,"MILICIC, IGOR",FTM,Free Throw In,1,-1,-1, ,,,,8,03:00,20,8,
2007,RS,9,99,87,SOP,PACY,"SLANINA, DONATAS",2FGM,Two Pointer,2,164,343,C,,,,9,02:00,22,8,
2007,RS,9,99,92,ZAL,PBDE,"JURAK, GORAN",2FGA,Missed Two Pointer,0,-112,76,D,,,,9,02:00,22,8,
2007,RS,9,99,98,SOP,PAUL,"STANOJEVIC, JOVO",2FGA,Missed Two Pointer,0,-53,161,D,,,,10,01:00,22,8,
2007,RS,9,99,103,ZAL,PAHT,"BROWN, MARCUS",FTM,Free Throw In,1,-1,-1, ,,,,10,01:00,22,9,
2007,RS,9,99,104,ZAL,PAHT,"BROWN, MARCUS",FTM,Free Throw In,1,-1,-1, ,,,,10,01:00,22,10,
2007,RS,9,99,107,SOP,P000713,"MILICIC, IGOR",3FGA,Missed Three Pointer,0,253,643,G,,,,10,01:00,22,10,
2007,RS,9,99,117,ZAL,PATP,"POPOVIC, MARKO",2FGM,Two Pointer,2,-25,348,D,,,,11,10:00,22,12,
2007,RS,9,99,118,SOP,PAUL,"STANOJEVIC, JOVO",2FGA,Missed Two Pointer,0,-112,128,D,,,,11,10:00,22,12,
2007,RS,9,99,122,ZAL,P000127,"BRADLEY, MICHAEL",2FGM,Two Pointer,2,82,58,C,,,,11,10:00,22,14,
2007,RS,9,99,130,ZAL,PATP,"POPOVIC, MARKO",3FGA,Missed Three Pointer,0,289,630,G,,,,12,09:00,22,14,
2007,RS,9,99,139,SOP,PCLQ,"DYLEWICZ, FILIP",2FGA,Missed Two Pointer,0,123,87,C,,,,12,09:00,22,14,
2007,RS,9,99,144,ZAL,P000127,"BRADLEY, MICHAEL",2FGA,Missed Two Pointer,0,-56,76,D,,,,13,08:00,22,14,
2007,RS,9,99,146,ZAL,PBDE,"JURAK, GORAN",2FGM,Two Pointer,2,-69,30,D,,,,13,08:00,22,16,
2007,RS,9,99,151,SOP,PABC,"GUROVIC, MILAN",2FGA,Missed Two Pointer,0,-102,35,D,,,,13,08:00,22,16,
2007,RS,9,99,153,ZAL,PBDB,"COLLINS, DeJUAN",3FGA,Missed Three Pointer,0,-325,612,J,,,,13,08:00,22,16,
2007,RS,9,99,155,SOP,PASG,"VAN DEN SPIEGEL, TOMAS",2FGM,Two Pointer,2,41,10,C,,,,13,08:00,24,16,
2007,RS,9,99,158,ZAL,PATP,"POPOVIC, MARKO",2FGA,Missed Two Pointer,0,-56,56,D,,,,14,07:00,24,16,
2007,RS,9,99,160,ZAL,PBDE,"JURAK, GORAN",2FGM,Two Pointer,2,46,53,C,,,,14,07:00,24,18,
2007,RS,9,99,165,SOP,PBCM,"HARISSIS, CHRISTOS",FTM,Free Throw In,1,-1,-1, ,,,,14,07:00,25,18,
2007,RS,9,99,166,SOP,PBCM,"HARISSIS, CHRISTOS",FTM,Free Throw In,1,-1,-1, ,,,,14,07:00,26,18,
2007,RS,9,99,167,ZAL,PBDB,"COLLINS, DeJUAN",2FGM,Two Pointer,2,-66,15,D,,,,14,07:00,26,20,
2007,RS,9,99,168,SOP,PASG,"VAN DEN SPIEGEL, TOMAS",2FGA,Missed Two Pointer,0,-87,166,D,,,,14,07:00,26,20,
2007,RS,9,99,170,SOP,PBCM,"HARISSIS, CHRISTOS",2FGM,Two Pointer,2,10,87,C,,,,14,07:00,28,20,
2007,RS,9,99,174,SOP,PBCM,"HARISSIS, CHRISTOS",3FGA,Missed Three Pointer,0,51,671,G,,,,15,06:00,28,20,
2007,RS,9,99,176,ZAL,PBDE,"JURAK, GORAN",2FGA,Missed Two Pointer,0,-123,-15,D,,,,15,06:00,28,20,
2007,RS,9,99,182,SOP,PCLQ,"DYLEWICZ, FILIP",2FGM,Two Pointer,2,-51,43,D,,,,16,05:00,30,20,
2007,RS,9,99,183,ZAL,PBDE,"JURAK, GORAN",3FGA,Missed Three Pointer,0,25,702,G,,,,16,05:00,30,20,
2007,RS,9,99,185,SOP,PASG,"VAN DEN SPIEGEL, TOMAS",2FGM,Two Pointer,2,-35,43,D,,,,16,05:00,32,20,
2007,RS,9,99,188,ZAL,P000127,"BRADLEY, MICHAEL",2FGA,Missed Two Pointer,0,-76,94,D,,,,17,04:00,32,20,
2007,RS,9,99,195,ZAL,PBDB,"COLLINS, DeJUAN",FTM,Free Throw In,1,-1,-1, ,,,,17,04:00,32,21,
2007,RS,9,99,196,ZAL,PBDB,"COLLINS, DeJUAN",FTM,Free Throw In,1,-1,-1, ,,,,17,04:00,32,22,
2007,RS,9,99,197,SOP,PACY,"SLANINA, DONATAS",2FGM,Two Pointer,2,-241,533,I,,,,17,04:00,34,22,
2007,RS,9,99,199,ZAL,PBWI,"JANKUNAS, PAULIUS",3FGM,Three Pointer,3,-389,566,J,,,,17,04:00,34,25,
2007,RS,9,99,204,SOP,PASG,"VAN DEN SPIEGEL, TOMAS",FTM,Free Throw In,1,-1,-1, ,,,,17,04:00,35,25,
2007,RS,9,99,208,ZAL,PJCC,"MACIULIS, JONAS",3FGM,Three Pointer,3,-253,643,J,,,,18,03:00,35,28,
2007,RS,9,99,210,SOP,PACY,"SLANINA, DONATAS",3FGM,Three Pointer,3,-171,648,J,,,,18,03:00,38,28,
2007,RS,9,99,212,ZAL,PADX,"ZUKAUSKAS, EURELIJUS",2FGM,Two Pointer,2,92,33,C,,,,18,03:00,38,30,
2007,RS,9,99,221,ZAL,PATP,"POPOVIC, MARKO",3FGM,Three Pointer,3,341,582,G,,,,19,02:00,38,33,
2007,RS,9,99,229,ZAL,PAHT,"BROWN, MARCUS",FTM,Free Throw In,1,-1,-1, ,,,,20,01:00,38,34,
2007,RS,9,99,230,ZAL,PAHT,"BROWN, MARCUS",FTM,Free Throw In,1,-1,-1, ,,,,20,01:00,38,35,
2007,RS,9,99,233,SOP,PABC,"GUROVIC, MILAN",3FGA,Missed Three Pointer,0,-500,446,J,,,,20,01:00,38,35,
2007,RS,9,99,235,ZAL,PBWI,"JANKUNAS, PAULIUS",3FGA,Missed Three Pointer,0,682,-41,A,,,,20,01:00,38,35,
2007,RS,9,99,245,SOP,PABC,"GUROVIC, MILAN",FTM,Free Throw In,1,-1,-1, ,,,,20,01:00,39,35,
2007,RS,9,99,246,SOP,PABC,"GUROVIC, MILAN",FTM,Free Throw In,1,-1,-1, ,,,,20,01:00,40,35,
2007,RS,9,99,247,ZAL,PBDB,"COLLINS, DeJUAN",2FGAB,Missed Two Pointer,0,-146,41,D,,,,20,01:00,40,35,
2007,RS,9,99,263,ZAL,PJCC,"MACIULIS, JONAS",3FGM,Three Pointer,3,-269,617,J,,,,21,10:00,40,38,
2007,RS,9,99,265,SOP,PABC,"GUROVIC, MILAN",3FGA,Missed Three Pointer,0,284,630,G,,,,21,10:00,40,38,
2007,RS,9,99,267,ZAL,PBDB,"COLLINS, DeJUAN",2FGA,Missed Two Pointer,0,25,351,C,,,,21,10:00,40,38,
2007,RS,9,99,272,ZAL,PBDB,"COLLINS, DeJUAN",2FGA,Missed Two Pointer,0,351,346,B,,,,22,09:00,40,38,
2007,RS,9,99,278,SOP,PACY,"SLANINA, DONATAS",FTM,Free Throw In,1,-1,-1, ,,,,22,09:00,41,38,
2007,RS,9,99,279,SOP,PASG,"VAN DEN SPIEGEL, TOMAS",2FGM,Two Pointer,2,58,20,C,,,,22,09:00,43,38,
2007,RS,9,99,281,ZAL,PADX,"ZUKAUSKAS, EURELIJUS",2FGM,Two Pointer,2,241,435,H,,,,23,08:00,43,40,
2007,RS,9,99,283,ZAL,PJCC,"MACIULIS, JONAS",3FGM,Three Pointer,3,-251,635,J,,,,23,08:00,43,43,
2007,RS,9,99,288,ZAL,PAHT,"BROWN, MARCUS",3FGA,Missed Three Pointer,0,382,582,G,,,,24,07:00,43,43,
2007,RS,9,99,292,ZAL,PATP,"POPOVIC, MARKO",2FGAB,Missed Two Pointer,0,58,192,C,,,,24,07:00,43,43,
2007,RS,9,99,296,SOP,P000713,"MILICIC, IGOR",2FGA,Missed Two Pointer,0,107,194,C,,,,24,07:00,43,43,
2007,RS,9,99,306,SOP,PASG,"VAN DEN SPIEGEL, TOMAS",FTM,Free Throw In,1,-1,-1, ,,,,25,06:00,44,43,
2007,RS,9,99,307,SOP,PASG,"VAN DEN SPIEGEL, TOMAS",FTM,Free Throw In,1,-1,-1, ,,,,25,06:00,45,43,
2007,RS,9,99,308,ZAL,PATP,"POPOVIC, MARKO",3FGM,Three Pointer,3,338,602,G,,,,25,06:00,45,46,
2007,RS,9,99,309,SOP,PACY,"SLANINA, DONATAS",2FGAB,Missed Two Pointer,0,-112,33,D,,,,25,06:00,45,46,
2007,RS,9,99,315,SOP,PBCM,"HARISSIS, CHRISTOS",2FGM,Two Pointer,2,66,53,C,,,,26,05:00,47,46,
2007,RS,9,99,322,ZAL,PATP,"POPOVIC, MARKO",3FGA,Missed Three Pointer,0,-456,535,J,,,,26,05:00,47,46,
2007,RS,9,99,328,ZAL,PBDB,"COLLINS, DeJUAN",FTM,Free Throw In,1,-1,-1, ,,,,26,05:00,47,47,
2007,RS,9,99,329,ZAL,PBDB,"COLLINS, DeJUAN",FTM,Free Throw In,1,-1,-1, ,,,,26,05:00,47,48,
2007,RS,9,99,333,SOP,PABC,"GUROVIC, MILAN",FTM,Free Throw In,1,-1,-1, ,,,,27,04:00,48,48,
2007,RS,9,99,334,SOP,PABC,"GUROVIC, MILAN",FTM,Free Throw In,1,-1,-1, ,,,,27,04:00,49,48,
2007,RS,9,99,335,ZAL,PBDB,"COLLINS, DeJUAN",2FGM,Two Pointer,2,287,17,B,,,,27,04:00,49,50,
2007,RS,9,99,336,SOP,PABC,"GUROVIC, MILAN",2FGA,Missed Two Pointer,0,274,-25,B,,,,27,04:00,49,50,
2007,RS,9,99,338,ZAL,PBDB,"COLLINS, DeJUAN",2FGM,Two Pointer,2,-264,282,E,,,,27,04:00,49,52,
2007,RS,9,99,340,SOP,PACY,"SLANINA, DONATAS",3FGA,Missed Three Pointer,0,348,612,G,,,,28,03:00,49,52,
2007,RS,9,99,351,ZAL,PAHT,"BROWN, MARCUS",FTM,Free Throw In,1,-1,-1, ,,,,28,03:00,49,53,
2007,RS,9,99,352,ZAL,PAHT,"BROWN, MARCUS",FTM,Free Throw In,1,-1,-1, ,,,,28,03:00,49,54,
2007,RS,9,99,362,SOP,PAUL,"STANOJEVIC, JOVO",FTM,Free Throw In,1,-1,-1, ,,,,28,03:00,50,54,
2007,RS,9,99,364,ZAL,PATP,"POPOVIC, MARKO",3FGM,Three Pointer,3,148,643,G,,,,29,02:00,50,57,
2007,RS,9,99,365,SOP,PAUL,"STANOJEVIC, JOVO",2FGM,Two Pointer,2,30,87,C,,,,29,02:00,52,57,
2007,RS,9,99,366,ZAL,PAHT,"BROWN, MARCUS",3FGM,Three Pointer,3,-382,561,J,,,,29,02:00,52,60,
2007,RS,9,99,370,SOP,PBCM,"HARISSIS, CHRISTOS",3FGA,Missed Three Pointer,0,-294,597,J,,,,29,02:00,52,60,
2007,RS,9,99,372,ZAL,PATP,"POPOVIC, MARKO",3FGM,Three Pointer,3,664,82,A,,,,29,02:00,52,63,
2007,RS,9,99,375,SOP,PBCM,"HARISSIS, CHRISTOS",2FGA,Missed Two Pointer,0,46,158,C,,,,30,01:00,52,63,
2007,RS,9,99,381,SOP,PBCM,"HARISSIS, CHRISTOS",FTM,Free Throw In,1,-1,-1, ,,,,30,01:00,53,63,
2007,RS,9,99,394,ZAL,PAHT,"BROWN, MARCUS",2FGM,Two Pointer,2,-35,492,I,,,,31,10:00,53,65,
2007,RS,9,99,411,ZAL,PBDB,"COLLINS, DeJUAN",3FGA,Missed Three Pointer,0,523,438,G,,,,32,09:00,53,65,
2007,RS,9,99,421,ZAL,PAHT,"BROWN, MARCUS",2FGA,Missed Two Pointer,0,48,5,C,,,,32,09:00,53,65,
2007,RS,9,99,425,SOP,PCLQ,"DYLEWICZ, FILIP",3FGM,Three Pointer,3,666,92,A,,,,32,09:00,56,65,
2007,RS,9,99,428,ZAL,PBDB,"COLLINS, DeJUAN",2FGAB,Missed Two Pointer,0,115,89,C,,,,33,08:00,56,65,
2007,RS,9,99,432,SOP,P000668,"SHAKUR, MUSTAFA",2FGAB,Missed Two Pointer,0,89,141,C,,,,33,08:00,56,65,
2007,RS,9,99,437,ZAL,PBDE,"JURAK, GORAN",FTM,Free Throw In,1,-1,-1, ,,,,33,08:00,56,66,
2007,RS,9,99,439,SOP,PASG,"VAN DEN SPIEGEL, TOMAS",2FGA,Missed Two Pointer,0,43,151,C,,,,33,08:00,56,66,
2007,RS,9,99,441,SOP,PCLQ,"DYLEWICZ, FILIP",2FGA,Missed Two Pointer,0,76,174,C,,,,33,08:00,56,66,
2007,RS,9,99,443,SOP,PABC,"GUROVIC, MILAN",3FGM,Three Pointer,3,358,648,G,,,,33,08:00,59,66,
2007,RS,9,99,445,ZAL,PATP,"POPOVIC, MARKO",2FGA,Missed Two Pointer,0,302,384,B,,,,33,08:00,59,66,
2007,RS,9,99,454,SOP,PCLQ,"DYLEWICZ, FILIP",FTM,Free Throw In,1,-1,-1, ,,,,34,07:00,60,66,
2007,RS,9,99,455,SOP,PCLQ,"DYLEWICZ, FILIP",FTM,Free Throw In,1,-1,-1, ,,,,34,07:00,61,66,
2007,RS,9,99,456,ZAL,PJCC,"MACIULIS, JONAS",3FGA,Missed Three Pointer,0,228,638,G,,,,34,07:00,61,66,
2007,RS,9,99,458,ZAL,PBDB,"COLLINS, DeJUAN",2FGAB,Missed Two Pointer,0,110,102,C,,,,34,07:00,61,66,
2007,RS,9,99,462,ZAL,PBDB,"COLLINS, DeJUAN",FTM,Free Throw In,1,-1,-1, ,,,,34,07:00,61,67,
2007,RS,9,99,463,ZAL,PBDB,"COLLINS, DeJUAN",FTM,Free Throw In,1,-1,-1, ,,,,34,07:00,61,68,
2007,RS,9,99,467,ZAL,PBDB,"COLLINS, DeJUAN",2FGAB,Missed Two Pointer,0,61,205,C,,,,34,07:00,61,68,
2007,RS,9,99,473,SOP,PABC,"GUROVIC, MILAN",3FGA,Missed Three Pointer,0,674,43,A,,,,35,06:00,61,68,
2007,RS,9,99,475,ZAL,PAHT,"BROWN, MARCUS",3FGA,Missed Three Pointer,0,402,564,G,,,,35,06:00,61,68,
2007,RS,9,99,477,ZAL,PBDE,"JURAK, GORAN",2FGM,Two Pointer,2,56,0,C,,,,35,06:00,61,70,
2007,RS,9,99,479,SOP,PCLQ,"DYLEWICZ, FILIP",2FGM,Two Pointer,2,115,58,C,,,,36,05:00,63,70,
2007,RS,9,99,483,SOP,PCLQ,"DYLEWICZ, FILIP",FTM,Free Throw In,1,-1,-1, ,,,,36,05:00,64,70,
2007,RS,9,99,484,ZAL,PJCC,"MACIULIS, JONAS",3FGA,Missed Three Pointer,0,-41,705,J,,,,36,05:00,64,70,
2007,RS,9,99,486,SOP,PCLQ,"DYLEWICZ, FILIP",2FGA,Missed Two Pointer,0,0,389,D,,,,36,05:00,64,70,
2007,RS,9,99,488,SOP,PASG,"VAN DEN SPIEGEL, TOMAS",2FGM,Two Pointer,2,69,25,C,,,,36,05:00,66,70,
2007,RS,9,99,494,ZAL,PADX,"ZUKAUSKAS, EURELIJUS",2FGM,Two Pointer,2,69,30,C,,,,36,05:00,66,72,
2007,RS,9,99,501,SOP,PASG,"VAN DEN SPIEGEL, TOMAS",FTM,Free Throw In,1,-1,-1, ,,,,37,04:00,67,72,
2007,RS,9,99,502,SOP,PASG,"VAN DEN SPIEGEL, TOMAS",FTM,Free Throw In,1,-1,-1, ,,,,37,04:00,68,72,
2007,RS,9,99,503,ZAL,PBDB,"COLLINS, DeJUAN",2FGA,Missed Two Pointer,0,-451,212,E,,,,37,04:00,68,72,
2007,RS,9,99,505,SOP,P000668,"SHAKUR, MUSTAFA",2FGM,Two Pointer,2,-82,25,D,,,,37,04:00,70,72,
2007,RS,9,99,506,ZAL,PATP,"POPOVIC, MARKO",3FGM,Three Pointer,3,-120,651,J,,,,37,04:00,70,75,
2007,RS,9,99,507,SOP,PASG,"VAN DEN SPIEGEL, TOMAS",2FGM,Two Pointer,2,-20,102,D,,,,37,04:00,72,75,
2007,RS,9,99,510,ZAL,PATP,"POPOVIC, MARKO",3FGM,Three Pointer,3,-182,658,J,,,,38,03:00,72,78,
2007,RS,9,99,512,SOP,PABC,"GUROVIC, MILAN",3FGA,Missed Three Pointer,0,-320,617,J,,,,38,03:00,72,78,
2007,RS,9,99,516,ZAL,PATP,"POPOVIC, MARKO",FTM,Free Throw In,1,-1,-1, ,,,,38,03:00,72,79,
2007,RS,9,99,519,SOP,PCLQ,"DYLEWICZ, FILIP",3FGA,Missed Three Pointer,0,-523,443,J,,,,38,03:00,72,79,
2007,RS,9,99,522,ZAL,PJCC,"MACIULIS, JONAS",2FGA,Missed Two Pointer,0,235,307,B,,,,39,02:00,72,79,
2007,RS,9,99,524,SOP,PACY,"SLANINA, DONATAS",3FGM,Three Pointer,3,-605,328,F,,,,39,02:00,75,79,
2007,RS,9,99,526,ZAL,PJCC,"MACIULIS, JONAS",2FGA,Missed Two Pointer,0,-146,230,D,,,,39,02:00,75,79,
2007,RS,9,99,528,SOP,PACY,"SLANINA, DONATAS",3FGM,Three Pointer,3,-217,671,J,,,,39,02:00,78,79,
2007,RS,9,99,536,ZAL,PAHT,"BROWN, MARCUS",3FGM,Three Pointer,3,146,651,G,,,,40,01:00,78,82,
2007,RS,9,99,537,SOP,PASG,"VAN DEN SPIEGEL, TOMAS",2FGA,Missed Two Pointer,0,-12,256,D,,,,40,01:00,78,82,
2007,RS,9,99,539,SOP,PCLQ,"DYLEWICZ, FILIP",2FGM,Two Pointer,2,58,35,C,,,,40,01:00,80,82,
2007,RS,9,99,542,ZAL,PBDB,"COLLINS, DeJUAN",FTM,Free Throw In,1,-1,-1, ,,,,40,01:00,80,83,
2007,RS,9,99,543,ZAL,PBDB,"COLLINS, DeJUAN",FTM,Free Throw In,1,-1,-1, ,,,,40,01:00,80,84,
2007,RS,9,99,564,ZAL,PBDB,"COLLINS, DeJUAN",FTM,Free Throw In,1,-1,-1, ,,,,40,01:00,80,85,
2007,RS,9,99,567,SOP,PABC,"GUROVIC, MILAN",3FGA,Missed Three Pointer,0,-687,-35,F,,,,40,01:00,80,85,
2007,RS,9,100,2,BAS,PCBY,"SPLITTER, TIAGO",2FGM,Two Pointer,2,66,130,C,,,,1,10:00,0,2,
2007,RS,9,100,7,BAS,PCBY,"SPLITTER, TIAGO",FTM,Free Throw In,1,-1,-1, ,,,,1,10:00,0,3,
2007,RS,9,100,8,VIR,PBXA,"GIOVANNONI, GUILHERME",2FGA,Missed Two Pointer,0,397,61,B,,,,1,10:00,0,3,
2007,RS,9,100,10,BAS,PAJK,"VIDAL, SERGI",3FGA,Missed Three Pointer,0,415,553,G,,,,1,10:00,0,3,
2007,RS,9,100,12,BAS,PCBY,"SPLITTER, TIAGO",2FGM,Two Pointer,2,0,10,D,,,,1,10:00,0,5,
2007,RS,9,100,14,VIR,PTGV,"ANDERSON, ALAN",2FGA,Missed Two Pointer,0,-61,87,D,,,,2,09:00,0,5,
2007,RS,9,100,16,BAS,PBVC,"JASAITIS, SIMAS",3FGM,Three Pointer,3,564,369,A,,,,2,09:00,0,8,
2007,RS,9,100,18,VIR,P000672,"MC GRATH, DONALD MICHAEL",3FGM,Three Pointer,3,-541,402,F,,,,2,09:00,3,8,
2007,RS,9,100,25,VIR,PBXA,"GIOVANNONI, GUILHERME",FTM,Free Throw In,1,-1,-1, ,,,,3,08:00,4,8,
2007,RS,9,100,26,VIR,PBXA,"GIOVANNONI, GUILHERME",FTM,Free Throw In,1,-1,-1, ,,,,3,08:00,5,8,
2007,RS,9,100,27,BAS,PCBY,"SPLITTER, TIAGO",2FGM,Two Pointer,2,-100,41,D,,,,3,08:00,5,10,
2007,RS,9,100,29,VIR,PBEW,"CHIACIG, ROBERTO",2FGM,Two Pointer,2,-282,2,E,,,,3,08:00,7,10,
2007,RS,9,100,31,BAS,PAFP,"PLANINIC, ZORAN",3FGM,Three Pointer,3,464,464,G,,,,3,08:00,7,13,
2007,RS,9,100,34,VIR,PTGQ,"DI BELLA, FABIO",3FGA,Missed Three Pointer,0,271,587,G,,,,4,07:00,7,13,
2007,RS,9,100,36,VIR,P000672,"MC GRATH, DONALD MICHAEL",2FGM,Two Pointer,2,556,69,B,,,,4,07:00,9,13,
2007,RS,9,100,37,BAS,PBVC,"JASAITIS, SIMAS",3FGA,Missed Three Pointer,0,371,589,G,,,,4,07:00,9,13,
2007,RS,9,100,40,VIR,PBXA,"GIOVANNONI, GUILHERME",2FGA,Missed Two Pointer,0,-79,43,D,,,,5,06:00,9,13,
2007,RS,9,100,42,BAS,PCBY,"SPLITTER, TIAGO",2FGM,Two Pointer,2,7,5,C,,,,5,06:00,9,15,
2007,RS,9,100,44,VIR,PBEW,"CHIACIG, ROBERTO",2FGA,Missed Two Pointer,0,-238,-25,D,,,,5,06:00,9,15,
2007,RS,9,100,46,BAS,PAFP,"PLANINIC, ZORAN",2FGM,Two Pointer,2,-71,38,D,,,,5,06:00,9,17,
2007,RS,9,100,51,VIR,PBEW,"CHIACIG, ROBERTO",FTM,Free Throw In,1,-1,-1, ,,,,6,05:00,10,17,
2007,RS,9,100,54,BAS,PCBY,"SPLITTER, TIAGO",2FGM,Two Pointer,2,-30,10,D,,,,6,05:00,10,19,
2007,RS,9,100,56,VIR,PTGV,"ANDERSON, ALAN",2FGA,Missed Two Pointer,0,328,271,B,,,,6,05:00,10,19,
2007,RS,9,100,58,BAS,PCBY,"SPLITTER, TIAGO",2FGA,Missed Two Pointer,0,-35,23,D,,,,6,05:00,10,19,
2007,RS,9,100,69,BAS,PAFP,"PLANINIC, ZORAN",FTM,Free Throw In,1,-1,-1, ,,,,7,04:00,10,20,
2007,RS,9,100,70,BAS,PAFP,"PLANINIC, ZORAN",FTM,Free Throw In,1,-1,-1, ,,,,7,04:00,10,21,
2007,RS,9,100,75,VIR,PTGV,"ANDERSON, ALAN",2FGM,Two Pointer,2,-25,38,D,,,,7,04:00,12,21,
2007,RS,9,100,76,BAS,PJZJ,"TELETOVIC, MIRZA",3FGM,Three Pointer,3,15,684,G,,,,7,04:00,12,24,
2007,RS,9,100,80,BAS,PAJK,"VIDAL, SERGI",2FGA,Missed Two Pointer,0,30,66,C,,,,8,03:00,12,24,
2007,RS,9,100,82,VIR,P000672,"MC GRATH, DONALD MICHAEL",3FGM,Three Pointer,3,330,561,G,,,,8,03:00,15,24,
2007,RS,9,100,89,BAS,PJTT,"MCDONALD, WILL",2FGA,Missed Two Pointer,0,-58,79,D,,,,8,03:00,15,24,
2007,RS,9,100,92,VIR,PTGO,"CROSARIOL, ANDREA",2FGA,Missed Two Pointer,0,-158,64,D,,,,9,02:00,15,24,
2007,RS,9,100,94,BAS,PJTT,"MCDONALD, WILL",2FGA,Missed Two Pointer,0,-312,387,E,,,,9,02:00,15,24,
2007,RS,9,100,96,BAS,PAFP,"PLANINIC, ZORAN",3FGA,Missed Three Pointer,0,-300,607,J,,,,9,02:00,15,24,
2007,RS,9,100,102,VIR,PLHB,"GARRI, LUCA",3FGA,Missed Three Pointer,0,-669,-10,F,,,,9,02:00,15,24,
2007,RS,9,100,107,VIR,PBXA,"GIOVANNONI, GUILHERME",2FGM,Two Pointer,2,0,-5,D,,,,10,01:00,17,24,
2007,RS,9,100,108,BAS,PJZJ,"TELETOVIC, MIRZA",2FGM,Two Pointer,2,-361,94,E,,,,10,01:00,17,26,
2007,RS,9,100,109,VIR,PTGV,"ANDERSON, ALAN",3FGA,Missed Three Pointer,0,-7,702,J,,,,10,01:00,17,26,
2007,RS,9,100,111,VIR,PBXA,"GIOVANNONI, GUILHERME",2FGA,Missed Two Pointer,0,-23,115,D,,,,10,01:00,17,26,
2007,RS,9,100,119,VIR,PTGV,"ANDERSON, ALAN",2FGM,Two Pointer,2,33,25,C,,,,11,10:00,19,26,
2007,RS,9,100,120,BAS,PJTT,"MCDONALD, WILL",2FGM,Two Pointer,2,-5,2,D,,,,11,10:00,19,28,
2007,RS,9,100,124,VIR,PTGV,"ANDERSON, ALAN",FTM,Free Throw In,1,-1,-1, ,,,,11,10:00,20,28,
2007,RS,9,100,125,VIR,PTGV,"ANDERSON, ALAN",FTM,Free Throw In,1,-1,-1, ,,,,11,10:00,21,28,
2007,RS,9,100,127,BAS,PJTT,"MCDONALD, WILL",2FGA,Missed Two Pointer,0,-48,2,D,,,,12,09:00,21,28,
2007,RS,9,100,129,BAS,PJZJ,"TELETOVIC, MIRZA",2FGM,Two Pointer,2,-100,92,D,,,,12,09:00,21,30,
2007,RS,9,100,130,VIR,PTGV,"ANDERSON, ALAN",2FGA,Missed Two Pointer,0,53,12,C,,,,12,09:00,21,30,
2007,RS,9,100,132,VIR,PBXA,"GIOVANNONI, GUILHERME",2FGA,Missed Two Pointer,0,41,-2,C,,,,12,09:00,21,30,
2007,RS,9,100,134,BAS,PJTT,"MCDONALD, WILL",2FGM,Two Pointer,2,-7,87,D,,,,12,09:00,21,32,
2007,RS,9,100,137,VIR,P000672,"MC GRATH, DONALD MICHAEL",2FGM,Two Pointer,2,-461,328,E,,,,13,08:00,23,32,
2007,RS,9,100,145,VIR,PTGV,"ANDERSON, ALAN",2FGA,Missed Two Pointer,0,-371,228,E,,,,13,08:00,23,32,
2007,RS,9,100,148,BAS,PJZJ,"TELETOVIC, MIRZA",3FGM,Three Pointer,3,307,630,G,,,,14,07:00,23,35,
2007,RS,9,100,153,VIR,PBXA,"GIOVANNONI, GUILHERME",FTM,Free Throw In,1,-1,-1, ,,,,14,07:00,24,35,
2007,RS,9,100,164,VIR,PTGQ,"DI BELLA, FABIO",FTM,Free Throw In,1,-1,-1, ,,,,14,07:00,25,35,
2007,RS,9,100,165,VIR,PTGQ,"DI BELLA, FABIO",FTM,Free Throw In,1,-1,-1, ,,,,14,07:00,26,35,
2007,RS,9,100,171,VIR,PBEW,"CHIACIG, ROBERTO",FTM,Free Throw In,1,-1,-1, ,,,,15,06:00,27,35,
2007,RS,9,100,172,VIR,PBEW,"CHIACIG, ROBERTO",FTM,Free Throw In,1,-1,-1, ,,,,15,06:00,28,35,
2007,RS,9,100,176,VIR,PBEW,"CHIACIG, ROBERTO",2FGM,Two Pointer,2,-5,87,D,,,,16,05:00,30,35,
2007,RS,9,100,179,BAS,PJTT,"MCDONALD, WILL",2FGM,Two Pointer,2,5,7,C,,,,16,05:00,30,37,
2007,RS,9,100,188,BAS,PJTT,"MCDONALD, WILL",2FGM,Two Pointer,2,371,423,B,,,,17,04:00,30,39,
2007,RS,9,100,190,VIR,PTGQ,"DI BELLA, FABIO",3FGA,Missed Three Pointer,0,28,825,G,,,,17,04:00,30,39,
2007,RS,9,100,196,BAS,PAFP,"PLANINIC, ZORAN",2FGM,Two Pointer,2,0,376,D,,,,17,04:00,30,41,
2007,RS,9,100,197,VIR,PJNX,"MICHELORI, ANDREA",2FGA,Missed Two Pointer,0,25,71,C,,,,17,04:00,30,41,
2007,RS,9,100,202,VIR,PJNX,"MICHELORI, ANDREA",2FGA,Missed Two Pointer,0,-320,-84,E,,,,18,03:00,30,41,
2007,RS,9,100,204,BAS,PJZJ,"TELETOVIC, MIRZA",3FGA,Missed Three Pointer,0,30,676,G,,,,18,03:00,30,41,
2007,RS,9,100,207,VIR,PTGV,"ANDERSON, ALAN",2FGAB,Missed Two Pointer,0,43,33,C,,,,19,02:00,30,41,
2007,RS,9,100,211,BAS,PJZJ,"TELETOVIC, MIRZA",2FGM,Two Pointer,2,2,7,D,,,,19,02:00,30,43,
2007,RS,9,100,213,VIR,P000672,"MC GRATH, DONALD MICHAEL",3FGA,Missed Three Pointer,0,-53,664,J,,,,19,02:00,30,43,
2007,RS,9,100,215,BAS,PAFP,"PLANINIC, ZORAN",3FGA,Missed Three Pointer,0,210,638,G,,,,19,02:00,30,43,
2007,RS,9,100,217,VIR,PBEW,"CHIACIG, ROBERTO",2FGA,Missed Two Pointer,0,287,494,H,,,,19,02:00,30,43,
2007,RS,9,100,222,VIR,PBEW,"CHIACIG, ROBERTO",2FGM,Two Pointer,2,33,30,C,,,,20,01:00,32,43,
2007,RS,9,100,234,VIR,PTGQ,"DI BELLA, FABIO",2FGA,Missed Two Pointer,0,12,66,C,,,,20,01:00,32,43,
2007,RS,9,100,238,VIR,PTGV,"ANDERSON, ALAN",2FGM,Two Pointer,2,-20,58,D,,,,20,01:00,34,43,
2007,RS,9,100,244,BAS,PCBY,"SPLITTER, TIAGO",2FGM,Two Pointer,2,74,17,C,,,,21,10:00,34,45,
2007,RS,9,100,249,BAS,PAFP,"PLANINIC, ZORAN",2FGAB,Missed Two Pointer,0,-51,76,D,,,,21,10:00,34,45,
2007,RS,9,100,253,BAS,PAJK,"VIDAL, SERGI",3FGA,Missed Three Pointer,0,341,574,G,,,,21,10:00,34,45,
2007,RS,9,100,256,VIR,PBXA,"GIOVANNONI, GUILHERME",2FGA,Missed Two Pointer,0,-79,82,D,,,,22,09:00,34,45,
2007,RS,9,100,258,VIR,PTGV,"ANDERSON, ALAN",2FGA,Missed Two Pointer,0,-10,146,D,,,,22,09:00,34,45,
2007,RS,9,100,260,BAS,PBVC,"JASAITIS, SIMAS",3FGM,Three Pointer,3,2,682,G,,,,22,09:00,34,48,
2007,RS,9,100,262,VIR,PTGQ,"DI BELLA, FABIO",2FGA,Missed Two Pointer,0,-56,94,D,,,,22,09:00,34,48,
2007,RS,9,100,266,VIR,P000672,"MC GRATH, DONALD MICHAEL",3FGM,Three Pointer,3,-494,482,J,,,,22,09:00,37,48,
2007,RS,9,100,268,BAS,PAJK,"VIDAL, SERGI",3FGM,Three Pointer,3,-192,641,J,,,,23,08:00,37,51,
2007,RS,9,100,270,VIR,P000672,"MC GRATH, DONALD MICHAEL",3FGM,Three Pointer,3,-515,435,J,,,,23,08:00,40,51,
2007,RS,9,100,271,BAS,PJZJ,"TELETOVIC, MIRZA",3FGA,Missed Three Pointer,0,20,702,G,,,,23,08:00,40,51,
2007,RS,9,100,275,VIR,PBEW,"CHIACIG, ROBERTO",2FGM,Two Pointer,2,153,423,C,,,,24,07:00,42,51,
2007,RS,9,100,276,BAS,PAFP,"PLANINIC, ZORAN",2FGM,Two Pointer,2,-20,423,D,,,,24,07:00,42,53,
2007,RS,9,100,279,BAS,PBVC,"JASAITIS, SIMAS",2FGAB,Missed Two Pointer,0,-48,100,D,,,,24,07:00,42,53,
2007,RS,9,100,285,BAS,PJZJ,"TELETOVIC, MIRZA",2FGA,Missed Two Pointer,0,-212,46,D,,,,24,07:00,42,53,
2007,RS,9,100,288,VIR,PTGV,"ANDERSON, ALAN",2FGM,Two Pointer,2,-41,115,D,,,,25,06:00,44,53,
2007,RS,9,100,296,VIR,PTGV,"ANDERSON, ALAN",FTM,Free Throw In,1,-1,-1, ,,,,25,06:00,45,53,
2007,RS,9,100,301,BAS,PJZJ,"TELETOVIC, MIRZA",3FGM,Three Pointer,3,-369,569,J,,,,25,06:00,45,56,
2007,RS,9,100,305,BAS,PBVC,"JASAITIS, SIMAS",2FGM,Two Pointer,2,0,69,D,,,,25,06:00,45,58,
2007,RS,9,100,307,VIR,P000688,"STOJKOV, STEVAN",3FGA,Missed Three Pointer,0,-25,684,J,,,,26,05:00,45,58,
2007,RS,9,100,313,BAS,PCBY,"SPLITTER, TIAGO",FTM,Free Throw In,1,-1,-1, ,,,,26,05:00,45,59,
2007,RS,9,100,314,BAS,PCBY,"SPLITTER, TIAGO",FTM,Free Throw In,1,-1,-1, ,,,,26,05:00,45,60,
2007,RS,9,100,318,VIR,PTGO,"CROSARIOL, ANDREA",2FGM,Two Pointer,2,0,-2,D,,,,26,05:00,47,60,
2007,RS,9,100,321,BAS,PAFP,"PLANINIC, ZORAN",2FGA,Missed Two Pointer,0,100,25,C,,,,27,04:00,47,60,
2007,RS,9,100,325,VIR,PTGV,"ANDERSON, ALAN",2FGA,Missed Two Pointer,0,-87,38,D,,,,27,04:00,47,60,
2007,RS,9,100,327,BAS,PCBY,"SPLITTER, TIAGO",2FGA,Missed Two Pointer,0,-28,69,D,,,,27,04:00,47,60,
2007,RS,9,100,329,BAS,PCBY,"SPLITTER, TIAGO",2FGM,Two Pointer,2,12,89,C,,,,27,04:00,47,62,
2007,RS,9,100,330,VIR,PTGO,"CROSARIOL, ANDREA",2FGM,Two Pointer,2,-5,58,D,,,,27,04:00,49,62,
2007,RS,9,100,337,BAS,PCBY,"SPLITTER, TIAGO",2FGM,Two Pointer,2,-17,46,D,,,,28,03:00,49,64,
2007,RS,9,100,338,VIR,PTGO,"CROSARIOL, ANDREA",2FGA,Missed Two Pointer,0,-25,20,D,,,,28,03:00,49,64,
2007,RS,9,100,340,VIR,PLHB,"GARRI, LUCA",3FGM,Three Pointer,3,-79,653,J,,,,28,03:00,52,64,
2007,RS,9,100,343,BAS,PCBX,"PRIGIONI, PABLO",2FGM,Two Pointer,2,-20,0,D,,,,29,02:00,52,66,
2007,RS,9,100,346,BAS,PBVC,"JASAITIS, SIMAS",3FGA,Missed Three Pointer,0,-330,558,J,,,,29,02:00,52,66,
2007,RS,9,100,351,VIR,PTGQ,"DI BELLA, FABIO",3FGA,Missed Three Pointer,0,192,748,G,,,,30,01:00,52,66,
2007,RS,9,100,355,BAS,PJZJ,"TELETOVIC, MIRZA",3FGA,Missed Three Pointer,0,364,553,G,,,,30,01:00,52,66,
2007,RS,9,100,361,BAS,PAFP,"PLANINIC, ZORAN",FTM,Free Throw In,1,-1,-1, ,,,,30,01:00,52,67,
2007,RS,9,100,364,VIR,PTGV,"ANDERSON, ALAN",2FGM,Two Pointer,2,-12,66,D,,,,30,01:00,54,67,
2007,RS,9,100,369,VIR,PTGV,"ANDERSON, ALAN",FTM,Free Throw In,1,-1,-1, ,,,,30,01:00,55,67,
2007,RS,9,100,372,BAS,PCBX,"PRIGIONI, PABLO",2FGAB,Missed Two Pointer,0,-179,74,D,,,,30,01:00,55,67,
2007,RS,9,100,380,VIR,PLHB,"GARRI, LUCA",2FGA,Missed Two Pointer,0,274,61,B,,,,31,10:00,55,67,
2007,RS,9,100,382,BAS,PCBY,"SPLITTER, TIAGO",2FGA,Missed Two Pointer,0,-15,100,D,,,,31,10:00,55,67,
2007,RS,9,100,390,VIR,PTGO,"CROSARIOL, ANDREA",2FGM,Two Pointer,2,0,100,D,,,,31,10:00,57,67,
2007,RS,9,100,392,BAS,PCBX,"PRIGIONI, PABLO",3FGM,Three Pointer,3,435,502,G,,,,32,09:00,57,70,
2007,RS,9,100,393,VIR,P000672,"MC GRATH, DONALD MICHAEL",2FGA,Missed Two Pointer,0,174,571,H,,,,32,09:00,57,70,
2007,RS,9,100,395,BAS,PAFP,"PLANINIC, ZORAN",3FGA,Missed Three Pointer,0,138,658,G,,,,32,09:00,57,70,
2007,RS,9,100,398,VIR,PLHB,"GARRI, LUCA",2FGA,Missed Two Pointer,0,200,123,C,,,,33,08:00,57,70,
2007,RS,9,100,400,BAS,PCBY,"SPLITTER, TIAGO",2FGA,Missed Two Pointer,0,74,10,C,,,,33,08:00,57,70,
2007,RS,9,100,402,VIR,PLHB,"GARRI, LUCA",2FGM,Two Pointer,2,-79,2,D,,,,33,08:00,59,70,
2007,RS,9,100,403,BAS,PAFP,"PLANINIC, ZORAN",2FGA,Missed Two Pointer,0,79,15,C,,,,33,08:00,59,70,
2007,RS,9,100,406,VIR,PLHB,"GARRI, LUCA",3FGA,Missed Three Pointer,0,653,-41,A,,,,34,07:00,59,70,
2007,RS,9,100,408,BAS,PCBY,"SPLITTER, TIAGO",2FGM,Two Pointer,2,51,15,C,,,,34,07:00,59,72,
2007,RS,9,100,418,BAS,PCBY,"SPLITTER, TIAGO",2FGM,Two Pointer,2,56,5,C,,,,34,07:00,59,74,
2007,RS,9,100,421,VIR,PTGQ,"DI BELLA, FABIO",3FGA,Missed Three Pointer,0,656,-5,A,,,,35,06:00,59,74,
2007,RS,9,100,428,VIR,PTGQ,"DI BELLA, FABIO",3FGM,Three Pointer,3,-179,643,J,,,,35,06:00,62,74,
2007,RS,9,100,431,BAS,PJZJ,"TELETOVIC, MIRZA",3FGA,Missed Three Pointer,0,589,361,A,,,,36,05:00,62,74,
2007,RS,9,100,433,VIR,PBXA,"GIOVANNONI, GUILHERME",2FGM,Two Pointer,2,2,143,D,,,,36,05:00,64,74,
2007,RS,9,100,435,BAS,PAFP,"PLANINIC, ZORAN",2FGAB,Missed Two Pointer,0,-5,89,D,,,,36,05:00,64,74,
2007,RS,9,100,447,BAS,PAFP,"PLANINIC, ZORAN",FTM,Free Throw In,1,-1,-1, ,,,,37,04:00,64,75,
2007,RS,9,100,448,BAS,PAFP,"PLANINIC, ZORAN",FTM,Free Throw In,1,-1,-1, ,,,,37,04:00,64,76,
2007,RS,9,100,451,BAS,PAFP,"PLANINIC, ZORAN",2FGM,Two Pointer,2,-94,133,D,,,,37,04:00,64,78,
2007,RS,9,100,453,VIR,PTGV,"ANDERSON, ALAN",2FGA,Missed Two Pointer,0,-79,143,D,,,,37,04:00,64,78,
2007,RS,9,100,456,BAS,PAFP,"PLANINIC, ZORAN",2FGM,Two Pointer,2,-48,64,D,,,,38,03:00,64,80,
2007,RS,9,100,457,VIR,PBXA,"GIOVANNONI, GUILHERME",2FGA,Missed Two Pointer,0,51,20,C,,,,38,03:00,64,80,
2007,RS,9,100,459,BAS,PBVC,"JASAITIS, SIMAS",3FGA,Missed Three Pointer,0,464,492,G,,,,38,03:00,64,80,
2007,RS,9,100,461,VIR,PTGV,"ANDERSON, ALAN",2FGA,Missed Two Pointer,0,-217,7,D,,,,38,03:00,64,80,
2007,RS,9,100,468,BAS,PCBY,"SPLITTER, TIAGO",FTM,Free Throw In,1,-1,-1, ,,,,39,02:00,64,81,
2007,RS,9,100,469,BAS,PCBY,"SPLITTER, TIAGO",FTM,Free Throw In,1,-1,-1, ,,,,39,02:00,64,82,
2007,RS,9,100,470,VIR,PBXA,"GIOVANNONI, GUILHERME",3FGA,Missed Three Pointer,0,74,656,G,,,,39,02:00,64,82,
2007,RS,9,100,472,BAS,PAFP,"PLANINIC, ZORAN",2FGA,Missed Two Pointer,0,230,171,C,,,,39,02:00,64,82,
2007,RS,9,100,474,VIR,P000672,"MC GRATH, DONALD MICHAEL",2FGM,Two Pointer,2,-71,23,D,,,,39,02:00,66,82,
2007,RS,9,100,476,BAS,PJZJ,"TELETOVIC, MIRZA",3FGM,Three Pointer,3,323,584,G,,,,40,01:00,66,85,
2007,RS,9,100,478,VIR,PBXA,"GIOVANNONI, GUILHERME",3FGM,Three Pointer,3,-141,664,J,,,,40,01:00,69,85,
2007,RS,9,100,480,BAS,PJZJ,"TELETOVIC, MIRZA",3FGA,Missed Three Pointer,0,-679,56,F,,,,40,01:00,69,85,
2007,RS,9,101,2,ARI,PLGM,"TSALDARIS, DIMITRIOS",2FGM,Two Pointer,2,-76,43,D,,,,1,10:00,2,0,
2007,RS,9,101,3,LEM,PCOB,"KOFFI, ALAIN",2FGM,Two Pointer,2,-74,46,D,,,,1,10:00,2,2,
2007,RS,9,101,5,ARI,PTEM,"WRIGHT, BRACEY",2FGA,Missed Two Pointer,0,84,-5,C,,,,1,10:00,2,2,
2007,RS,9,101,7,ARI,PLGV,"MASSEY, JEREMIAH",2FGM,Two Pointer,2,10,66,C,,,,1,10:00,4,2,
2007,RS,9,101,9,LEM,PTFK,"DIOT, ANTOINE",3FGA,Missed Three Pointer,0,-410,579,J,,,,2,09:00,4,2,
2007,RS,9,101,11,ARI,PJXV,"CASTLE, TERREL",3FGA,Missed Three Pointer,0,556,502,G,,,,2,09:00,4,2,
2007,RS,9,101,13,ARI,PTEM,"WRIGHT, BRACEY",3FGA,Missed Three Pointer,0,705,-5,A,,,,2,09:00,4,2,
2007,RS,9,101,17,LEM,PDID,"LIMONAD, RAVIV",2FGA,Missed Two Pointer,0,110,38,C,,,,3,08:00,4,2,
2007,RS,9,101,19,LEM,PKOH,"BATUM, NICOLAS",2FGM,Two Pointer,2,38,41,C,,,,3,08:00,4,4,
2007,RS,9,101,20,ARI,PTEM,"WRIGHT, BRACEY",3FGM,Three Pointer,3,-664,79,F,,,,3,08:00,7,4,
2007,RS,9,101,23,LEM,PKZD,"CLANCY, SAM",2FGM,Two Pointer,2,-51,15,D,,,,4,07:00,7,6,
2007,RS,9,101,25,LEM,PKZD,"CLANCY, SAM",FTM,Free Throw In,1,-1,-1, ,,,,4,07:00,7,7,
2007,RS,9,101,26,ARI,PLGM,"TSALDARIS, DIMITRIOS",2FGA,Missed Two Pointer,0,146,76,C,,,,4,07:00,7,7,
2007,RS,9,101,28,LEM,PDID,"LIMONAD, RAVIV",2FGA,Missed Two Pointer,0,-146,210,D,,,,4,07:00,7,7,
2007,RS,9,101,33,ARI,PTEM,"WRIGHT, BRACEY",2FGM,Two Pointer,2,176,479,H,,,,4,07:00,9,7,
2007,RS,9,101,35,LEM,PKZD,"CLANCY, SAM",2FGM,Two Pointer,2,-17,58,D,,,,5,06:00,9,9,
2007,RS,9,101,38,LEM,PKZD,"CLANCY, SAM",FTM,Free Throw In,1,-1,-1, ,,,,5,06:00,9,10,
2007,RS,9,101,46,LEM,PCOB,"KOFFI, ALAIN",2FGA,Missed Two Pointer,0,346,51,B,,,,5,06:00,9,10,
2007,RS,9,101,48,LEM,PCOB,"KOFFI, ALAIN",2FGM,Two Pointer,2,58,28,C,,,,5,06:00,9,12,
2007,RS,9,101,51,ARI,PJXV,"CASTLE, TERREL",3FGM,Three Pointer,3,20,700,G,,,,6,05:00,12,12,
2007,RS,9,101,52,LEM,PDID,"LIMONAD, RAVIV",2FGM,Two Pointer,2,-56,41,D,,,,6,05:00,12,14,
2007,RS,9,101,53,ARI,PLGM,"TSALDARIS, DIMITRIOS",3FGM,Three Pointer,3,-671,43,F,,,,6,05:00,15,14,
2007,RS,9,101,55,LEM,PKZD,"CLANCY, SAM",2FGM,Two Pointer,2,-41,74,D,,,,6,05:00,15,16,
2007,RS,9,101,58,ARI,PLGM,"TSALDARIS, DIMITRIOS",2FGM,Two Pointer,2,-74,33,D,,,,7,04:00,17,16,
2007,RS,9,101,59,LEM,PKZD,"CLANCY, SAM",2FGA,Missed Two Pointer,0,33,97,C,,,,7,04:00,17,16,
2007,RS,9,101,61,ARI,PLGV,"MASSEY, JEREMIAH",2FGM,Two Pointer,2,23,297,C,,,,7,04:00,19,16,
2007,RS,9,101,63,LEM,PKOH,"BATUM, NICOLAS",2FGM,Two Pointer,2,-66,43,D,,,,7,04:00,19,18,
2007,RS,9,101,66,ARI,PJIX,"AGADAKOS, LAZAROS",2FGA,Missed Two Pointer,0,10,341,C,,,,8,03:00,19,18,
2007,RS,9,101,69,ARI,PTEM,"WRIGHT, BRACEY",2FGM,Two Pointer,2,-48,66,D,,,,8,03:00,21,18,
2007,RS,9,101,71,LEM,PKOH,"BATUM, NICOLAS",3FGA,Missed Three Pointer,0,-684,51,F,,,,8,03:00,21,18,
2007,RS,9,101,78,ARI,PTEM,"WRIGHT, BRACEY",FTM,Free Throw In,1,-1,-1, ,,,,9,02:00,22,18,
2007,RS,9,101,79,ARI,PTEM,"WRIGHT, BRACEY",FTM,Free Throw In,1,-1,-1, ,,,,9,02:00,23,18,
2007,RS,9,101,85,LEM,PDID,"LIMONAD, RAVIV",3FGA,Missed Three Pointer,0,658,71,A,,,,9,02:00,23,18,
2007,RS,9,101,87,ARI,PTEO,"TERRY, REYSHAWN",2FGM,Two Pointer,2,-51,64,D,,,,9,02:00,25,18,
2007,RS,9,101,89,LEM,PTFK,"DIOT, ANTOINE",3FGM,Three Pointer,3,510,456,G,,,,10,01:00,25,21,
2007,RS,9,101,91,ARI,PLGV,"MASSEY, JEREMIAH",3FGA,Missed Three Pointer,0,17,705,G,,,,10,01:00,25,21,
2007,RS,9,101,93,ARI,PTEO,"TERRY, REYSHAWN",2FGM,Two Pointer,2,-28,61,D,,,,10,01:00,27,21,
2007,RS,9,101,100,LEM,PCOC,"BOKOLO, YANNICK",3FGA,Missed Three Pointer,0,-205,646,J,,,,10,01:00,27,21,
2007,RS,9,101,102,LEM,PDID,"LIMONAD, RAVIV",2FGM,Two Pointer,2,-43,41,D,,,,10,01:00,27,23,
2007,RS,9,101,111,LEM,PTFJ,"RICCI, PHIL",2FGM,Two Pointer,2,-69,41,D,,,,11,10:00,27,25,
2007,RS,9,101,112,ARI,PTEM,"WRIGHT, BRACEY",2FGA,Missed Two Pointer,0,535,120,B,,,,11,10:00,27,25,
2007,RS,9,101,117,LEM,PTFJ,"RICCI, PHIL",FTM,Free Throw In,1,-1,-1, ,,,,11,10:00,27,26,
2007,RS,9,101,118,ARI,PTEO,"TERRY, REYSHAWN",2FGM,Two Pointer,2,-5,69,D,,,,11,10:00,29,26,
2007,RS,9,101,128,ARI,PTEO,"TERRY, REYSHAWN",FTM,Free Throw In,1,-1,-1, ,,,,12,09:00,30,26,
2007,RS,9,101,129,ARI,PTEO,"TERRY, REYSHAWN",3FGA,Missed Three Pointer,0,30,684,G,,,,12,09:00,30,26,
2007,RS,9,101,131,LEM,PTFJ,"RICCI, PHIL",2FGA,Missed Two Pointer,0,51,43,C,,,,12,09:00,30,26,
2007,RS,9,101,134,LEM,PTFJ,"RICCI, PHIL",2FGAB,Missed Two Pointer,0,-64,61,D,,,,12,09:00,30,26,
2007,RS,9,101,141,ARI,PJIX,"AGADAKOS, LAZAROS",3FGA,Missed Three Pointer,0,-158,484,I,,,,13,08:00,30,26,
2007,RS,9,101,144,LEM,PCHZ,"BOGDANOVIC, LUKA",2FGA,Missed Two Pointer,0,41,41,C,,,,13,08:00,30,26,
2007,RS,9,101,149,ARI,PTEM,"WRIGHT, BRACEY",2FGM,Two Pointer,2,412,158,B,,,,13,08:00,32,26,
2007,RS,9,101,151,LEM,PTFJ,"RICCI, PHIL",2FGM,Two Pointer,2,-15,61,D,,,,14,07:00,32,28,
2007,RS,9,101,153,ARI,PTEM,"WRIGHT, BRACEY",2FGM,Two Pointer,2,-5,97,D,,,,14,07:00,34,28,
2007,RS,9,101,160,ARI,PTEM,"WRIGHT, BRACEY",FTM,Free Throw In,1,-1,-1, ,,,,14,07:00,35,28,
2007,RS,9,101,162,LEM,PCOC,"BOKOLO, YANNICK",2FGAB,Missed Two Pointer,0,43,41,C,,,,14,07:00,35,28,
2007,RS,9,101,167,LEM,PCHZ,"BOGDANOVIC, LUKA",3FGA,Missed Three Pointer,0,684,-5,A,,,,14,07:00,35,28,
2007,RS,9,101,170,ARI,PTEO,"TERRY, REYSHAWN",2FGM,Two Pointer,2,-74,25,D,,,,15,06:00,37,28,
2007,RS,9,101,172,LEM,PKZD,"CLANCY, SAM",2FGM,Two Pointer,2,-556,-53,E,,,,15,06:00,37,30,
2007,RS,9,101,177,ARI,PJIX,"AGADAKOS, LAZAROS",2FGM,Two Pointer,2,-15,66,D,,,,15,06:00,39,30,
2007,RS,9,101,185,LEM,PKZD,"CLANCY, SAM",FTM,Free Throw In,1,-1,-1, ,,,,16,05:00,39,31,
2007,RS,9,101,186,ARI,PLGV,"MASSEY, JEREMIAH",2FGAB,Missed Two Pointer,0,92,71,C,,,,16,05:00,39,31,
2007,RS,9,101,191,ARI,PLGV,"MASSEY, JEREMIAH",2FGA,Missed Two Pointer,0,71,48,C,,,,16,05:00,39,31,
2007,RS,9,101,197,ARI,PTEM,"WRIGHT, BRACEY",FTM,Free Throw In,1,-1,-1, ,,,,16,05:00,40,31,
2007,RS,9,101,198,ARI,PTEM,"WRIGHT, BRACEY",FTM,Free Throw In,1,-1,-1, ,,,,16,05:00,41,31,
2007,RS,9,101,201,ARI,PLGV,"MASSEY, JEREMIAH",2FGM,Two Pointer,2,-41,43,D,,,,16,05:00,43,31,
2007,RS,9,101,212,ARI,PJXV,"CASTLE, TERREL",3FGA,Missed Three Pointer,0,600,453,G,,,,17,04:00,43,31,
2007,RS,9,101,214,LEM,PLGQ,"LELOUP, JEREMY",2FGA,Missed Two Pointer,0,394,371,B,,,,17,04:00,43,31,
2007,RS,9,101,216,ARI,PJXV,"CASTLE, TERREL",3FGA,Missed Three Pointer,0,202,664,G,,,,17,04:00,43,31,
2007,RS,9,101,219,ARI,PTEM,"WRIGHT, BRACEY",2FGM,Two Pointer,2,-364,12,E,,,,18,03:00,45,31,
2007,RS,9,101,224,ARI,PTEM,"WRIGHT, BRACEY",FTM,Free Throw In,1,-1,-1, ,,,,18,03:00,46,31,
2007,RS,9,101,225,LEM,PCOB,"KOFFI, ALAIN",2FGA,Missed Two Pointer,0,-15,87,D,,,,18,03:00,46,31,
2007,RS,9,101,227,ARI,PTEM,"WRIGHT, BRACEY",3FGM,Three Pointer,3,425,546,G,,,,18,03:00,49,31,
2007,RS,9,101,231,ARI,PLGV,"MASSEY, JEREMIAH",2FGA,Missed Two Pointer,0,110,82,C,,,,19,02:00,49,31,
2007,RS,9,101,233,LEM,PKOH,"BATUM, NICOLAS",2FGA,Missed Two Pointer,0,87,110,C,,,,19,02:00,49,31,
2007,RS,9,101,235,LEM,PKZD,"CLANCY, SAM",2FGA,Missed Two Pointer,0,-43,51,D,,,,19,02:00,49,31,
2007,RS,9,101,237,LEM,PKZD,"CLANCY, SAM",2FGM,Two Pointer,2,-35,25,D,,,,19,02:00,49,33,
2007,RS,9,101,238,ARI,PJXV,"CASTLE, TERREL",2FGM,Two Pointer,2,117,100,C,,,,19,02:00,51,33,
2007,RS,9,101,240,LEM,PKZD,"CLANCY, SAM",2FGA,Missed Two Pointer,0,35,33,C,,,,20,01:00,51,33,
2007,RS,9,101,242,ARI,PBAO,"SERAPINAS, SIMONAS",3FGM,Three Pointer,3,-676,-17,F,,,,20,01:00,54,33,
2007,RS,9,101,246,LEM,PDID,"LIMONAD, RAVIV",FTM,Free Throw In,1,-1,-1, ,,,,20,01:00,54,34,
2007,RS,9,101,247,LEM,PDID,"LIMONAD, RAVIV",FTM,Free Throw In,1,-1,-1, ,,,,20,01:00,54,35,
2007,RS,9,101,249,ARI,PTEM,"WRIGHT, BRACEY",2FGA,Missed Two Pointer,0,302,476,H,,,,20,01:00,54,35,
2007,RS,9,101,254,ARI,PTEO,"TERRY, REYSHAWN",3FGA,Missed Three Pointer,0,-494,507,J,,,,21,10:00,54,35,
2007,RS,9,101,256,LEM,PKZD,"CLANCY, SAM",2FGA,Missed Two Pointer,0,56,197,C,,,,21,10:00,54,35,
2007,RS,9,101,258,ARI,PJXV,"CASTLE, TERREL",3FGA,Missed Three Pointer,0,-48,758,J,,,,21,10:00,54,35,
2007,RS,9,101,261,LEM,PTFJ,"RICCI, PHIL",2FGM,Two Pointer,2,71,41,C,,,,22,09:00,54,37,
2007,RS,9,101,263,ARI,PBAO,"SERAPINAS, SIMONAS",3FGA,Missed Three Pointer,0,-687,-43,F,,,,22,09:00,54,37,
2007,RS,9,101,265,LEM,PKZD,"CLANCY, SAM",2FGA,Missed Two Pointer,0,-56,51,D,,,,22,09:00,54,37,
2007,RS,9,101,269,ARI,PTEM,"WRIGHT, BRACEY",2FGA,Missed Two Pointer,0,10,102,C,,,,22,09:00,54,37,
2007,RS,9,101,271,ARI,PBAO,"SERAPINAS, SIMONAS",2FGAB,Missed Two Pointer,0,-35,28,D,,,,22,09:00,54,37,
2007,RS,9,101,274,ARI,PBAO,"SERAPINAS, SIMONAS",2FGA,Missed Two Pointer,0,46,10,C,,,,22,09:00,54,37,
2007,RS,9,101,281,ARI,PTEM,"WRIGHT, BRACEY",2FGA,Missed Two Pointer,0,-84,25,D,,,,23,08:00,54,37,
2007,RS,9,101,283,LEM,PDID,"LIMONAD, RAVIV",3FGA,Missed Three Pointer,0,35,674,G,,,,23,08:00,54,37,
2007,RS,9,101,285,LEM,PKZD,"CLANCY, SAM",2FGM,Two Pointer,2,-28,58,D,,,,23,08:00,54,39,
2007,RS,9,101,291,ARI,PBDH,"MOTTOLA, HANNO",2FGM,Two Pointer,2,23,56,C,,,,23,08:00,56,39,
2007,RS,9,101,293,LEM,PTFK,"DIOT, ANTOINE",3FGA,Missed Three Pointer,0,-689,53,F,,,,24,07:00,56,39,
2007,RS,9,101,295,LEM,PDID,"LIMONAD, RAVIV",2FGA,Missed Two Pointer,0,-43,58,D,,,,24,07:00,56,39,
2007,RS,9,101,298,LEM,PKZD,"CLANCY, SAM",2FGA,Missed Two Pointer,0,117,58,C,,,,24,07:00,56,39,
2007,RS,9,101,303,ARI,PJXV,"CASTLE, TERREL",3FGM,Three Pointer,3,535,420,A,,,,25,06:00,59,39,
2007,RS,9,101,305,LEM,PTFJ,"RICCI, PHIL",2FGM,Two Pointer,2,-58,30,D,,,,25,06:00,59,41,
2007,RS,9,101,307,ARI,PJXV,"CASTLE, TERREL",2FGM,Two Pointer,2,58,43,C,,,,25,06:00,61,41,
2007,RS,9,101,313,LEM,PKOH,"BATUM, NICOLAS",3FGA,Missed Three Pointer,0,-361,589,J,,,,26,05:00,61,41,
2007,RS,9,101,320,ARI,PTEO,"TERRY, REYSHAWN",2FGM,Two Pointer,2,41,43,C,,,,27,04:00,63,41,
2007,RS,9,101,328,ARI,PJXV,"CASTLE, TERREL",3FGA,Missed Three Pointer,0,-523,476,J,,,,27,04:00,63,41,
2007,RS,9,101,331,LEM,PTFJ,"RICCI, PHIL",2FGM,Two Pointer,2,-94,28,D,,,,28,03:00,63,43,
2007,RS,9,101,335,ARI,PTEM,"WRIGHT, BRACEY",FTM,Free Throw In,1,-1,-1, ,,,,28,03:00,64,43,
2007,RS,9,101,336,LEM,PTFJ,"RICCI, PHIL",2FGM,Two Pointer,2,56,35,C,,,,28,03:00,64,45,
2007,RS,9,101,352,LEM,PKZD,"CLANCY, SAM",FTM,Free Throw In,1,-1,-1, ,,,,29,02:00,64,46,
2007,RS,9,101,362,LEM,PTFJ,"RICCI, PHIL",FTM,Free Throw In,1,-1,-1, ,,,,29,02:00,64,47,
2007,RS,9,101,365,LEM,PKZD,"CLANCY, SAM",2FGA,Missed Two Pointer,0,66,58,C,,,,29,02:00,64,47,
2007,RS,9,101,370,ARI,PTEO,"TERRY, REYSHAWN",2FGA,Missed Two Pointer,0,-133,17,D,,,,30,01:00,64,47,
2007,RS,9,101,372,ARI,PJIX,"AGADAKOS, LAZAROS",2FGM,Two Pointer,2,48,43,C,,,,30,01:00,66,47,
2007,RS,9,101,373,LEM,PCHZ,"BOGDANOVIC, LUKA",3FGM,Three Pointer,3,517,469,G,,,,30,01:00,66,50,
2007,RS,9,101,374,ARI,PBAO,"SERAPINAS, SIMONAS",3FGA,Missed Three Pointer,0,-530,456,J,,,,30,01:00,66,50,
2007,RS,9,101,377,ARI,PTEO,"TERRY, REYSHAWN",2FGM,Two Pointer,2,74,2,C,,,,30,01:00,68,50,
2007,RS,9,101,387,LEM,PCOB,"KOFFI, ALAIN",2FGA,Missed Two Pointer,0,330,256,B,,,,31,10:00,68,50,
2007,RS,9,101,392,ARI,PJIX,"AGADAKOS, LAZAROS",FTM,Free Throw In,1,-1,-1, ,,,,31,10:00,69,50,
2007,RS,9,101,393,LEM,PDID,"LIMONAD, RAVIV",3FGM,Three Pointer,3,-702,15,F,,,,31,10:00,69,53,
2007,RS,9,101,398,LEM,PKZD,"CLANCY, SAM",2FGAB,Missed Two Pointer,0,51,74,C,,,,32,09:00,69,53,
2007,RS,9,101,402,LEM,PCHZ,"BOGDANOVIC, LUKA",2FGM,Two Pointer,2,428,66,B,,,,32,09:00,69,55,
2007,RS,9,101,404,ARI,PJXV,"CASTLE, TERREL",3FGM,Three Pointer,3,-553,400,F,,,,32,09:00,72,55,
2007,RS,9,101,406,LEM,PCHZ,"BOGDANOVIC, LUKA",2FGA,Missed Two Pointer,0,348,46,B,,,,33,08:00,72,55,
2007,RS,9,101,408,LEM,PKZD,"CLANCY, SAM",2FGM,Two Pointer,2,-25,48,D,,,,33,08:00,72,57,
2007,RS,9,101,414,ARI,PTEO,"TERRY, REYSHAWN",FTM,Free Throw In,1,-1,-1, ,,,,33,08:00,73,57,
2007,RS,9,101,415,ARI,PTEO,"TERRY, REYSHAWN",FTM,Free Throw In,1,-1,-1, ,,,,33,08:00,74,57,
2007,RS,9,101,416,LEM,PCOC,"BOKOLO, YANNICK",3FGA,Missed Three Pointer,0,543,548,G,,,,33,08:00,74,57,
2007,RS,9,101,423,ARI,PTEO,"TERRY, REYSHAWN",FTM,Free Throw In,1,-1,-1, ,,,,34,07:00,75,57,
2007,RS,9,101,424,ARI,PTEO,"TERRY, REYSHAWN",FTM,Free Throw In,1,-1,-1, ,,,,34,07:00,76,57,
2007,RS,9,101,425,LEM,PDID,"LIMONAD, RAVIV",2FGM,Two Pointer,2,25,138,C,,,,34,07:00,76,59,
2007,RS,9,101,426,ARI,PTEM,"WRIGHT, BRACEY",3FGA,Missed Three Pointer,0,-446,507,J,,,,34,07:00,76,59,
2007,RS,9,101,431,LEM,PCHZ,"BOGDANOVIC, LUKA",2FGAB,Missed Two Pointer,0,466,556,G,,,,35,06:00,76,59,
2007,RS,9,101,433,ARI,PJXV,"CASTLE, TERREL",3FGM,Three Pointer,3,-512,510,J,,,,35,06:00,79,59,
2007,RS,9,101,435,LEM,PDID,"LIMONAD, RAVIV",2FGA,Missed Two Pointer,0,82,58,C,,,,35,06:00,79,59,
2007,RS,9,101,437,LEM,PCHZ,"BOGDANOVIC, LUKA",3FGM,Three Pointer,3,461,533,G,,,,35,06:00,79,62,
2007,RS,9,101,440,ARI,PTEM,"WRIGHT, BRACEY",3FGM,Three Pointer,3,697,-7,A,,,,36,05:00,82,62,
2007,RS,9,101,442,LEM,PCOC,"BOKOLO, YANNICK",2FGM,Two Pointer,2,258,164,B,,,,36,05:00,82,64,
2007,RS,9,101,450,LEM,PCHZ,"BOGDANOVIC, LUKA",2FGA,Missed Two Pointer,0,105,46,C,,,,36,05:00,82,64,
2007,RS,9,101,454,LEM,PCOC,"BOKOLO, YANNICK",3FGA,Missed Three Pointer,0,-512,446,J,,,,37,04:00,82,64,
2007,RS,9,101,457,LEM,PTFK,"DIOT, ANTOINE",2FGA,Missed Two Pointer,0,384,-38,B,,,,37,04:00,82,64,
2007,RS,9,101,460,ARI,PTEM,"WRIGHT, BRACEY",FTM,Free Throw In,1,-1,-1, ,,,,37,04:00,83,64,
2007,RS,9,101,463,ARI,PTEO,"TERRY, REYSHAWN",2FGM,Two Pointer,2,-53,38,D,,,,37,04:00,85,64,
2007,RS,9,101,468,ARI,PAPI,"KALAITZIS, GEORGIOS",2FGM,Two Pointer,2,-61,0,D,,,,38,03:00,87,64,
2007,RS,9,101,471,ARI,PAPI,"KALAITZIS, GEORGIOS",FTM,Free Throw In,1,-1,-1, ,,,,38,03:00,88,64,
2007,RS,9,101,472,LEM,PLGQ,"LELOUP, JEREMY",3FGA,Missed Three Pointer,0,558,507,G,,,,38,03:00,88,64,
2007,RS,9,101,474,ARI,PJIX,"AGADAKOS, LAZAROS",2FGM,Two Pointer,2,-41,28,D,,,,38,03:00,90,64,
2007,RS,9,101,475,LEM,PLGQ,"LELOUP, JEREMY",3FGA,Missed Three Pointer,0,-687,69,F,,,,38,03:00,90,64,
2007,RS,9,101,479,LEM,PTFK,"DIOT, ANTOINE",2FGM,Two Pointer,2,-53,30,D,,,,38,03:00,90,66,
2007,RS,9,101,482,ARI,PKRF,"ILIADIS, SAVVAS",2FGA,Missed Two Pointer,0,-56,7,D,,,,39,02:00,90,66,
2007,RS,9,101,484,ARI,PJIX,"AGADAKOS, LAZAROS",2FGA,Missed Two Pointer,0,-71,28,D,,,,39,02:00,90,66,
2007,RS,9,101,486,LEM,PCHZ,"BOGDANOVIC, LUKA",3FGM,Three Pointer,3,-517,464,J,,,,39,02:00,90,69,
2007,RS,9,101,494,ARI,PTEO,"TERRY, REYSHAWN",2FGM,Two Pointer,2,-41,35,D,,,,39,02:00,92,69,
2007,RS,9,101,498,LEM,PCHZ,"BOGDANOVIC, LUKA",2FGAB,Missed Two Pointer,0,-76,2,D,,,,40,01:00,92,69,
2007,RS,9,101,504,LEM,PLGQ,"LELOUP, JEREMY",3FGM,Three Pointer,3,-684,-56,F,,,,40,01:00,92,72,
2007,RS,9,101,509,ARI,PABK,"PANTELIADIS, SPYRIDON",FTM,Free Throw In,1,-1,-1, ,,,,40,01:00,93,72,
2007,RS,9,101,512,LEM,PTFK,"DIOT, ANTOINE",2FGM,Two Pointer,2,-76,33,D,,,,40,01:00,93,74,
2007,RS,9,101,513,ARI,PABK,"PANTELIADIS, SPYRIDON",3FGA,Missed Three Pointer,0,-46,797,J,,,,40,01:00,93,74,
2007,RS,9,102,9,LIE,PKNS,"JOMANTAS, ARTURAS",2FGAB,Missed Two Pointer,0,-53,61,D,,,,1,10:00,0,0,
2007,RS,9,102,12,TEL,PBES,"BLUTHENTHAL, DAVID",3FGA,Missed Three Pointer,0,-651,61,F,,,,1,10:00,0,0,
2007,RS,9,102,15,LIE,PJZN,"PETRAVICIUS, MARIJONAS",2FGA,Missed Two Pointer,0,-51,125,D,,,,1,10:00,0,0,
2007,RS,9,102,16,TEL,PCQD,"CUMMINGS, VONTEEGO",3FGA,Missed Three Pointer,0,-82,682,J,,,,1,10:00,0,0,
2007,RS,9,102,20,TEL,PBES,"BLUTHENTHAL, DAVID",3FGA,Missed Three Pointer,0,661,-64,A,,,,1,10:00,0,0,
2007,RS,9,102,30,LIE,PCOH,"PRICE, HOLLIS",2FGA,Missed Two Pointer,0,-82,100,D,,,,3,08:00,0,0,
2007,RS,9,102,33,LIE,PCOH,"PRICE, HOLLIS",3FGM,Three Pointer,3,641,258,A,,,,3,08:00,0,3,
2007,RS,9,102,35,TEL,PDHD,"BATISTA, ESTEBAN",2FGM,Two Pointer,2,7,79,C,,,,3,08:00,2,3,
2007,RS,9,102,36,LIE,PJRD,"NIELSEN, MATT",2FGM,Two Pointer,2,117,174,C,,,,3,08:00,2,5,
2007,RS,9,102,37,TEL,PLTS,"MORRIS, TERENCE",2FGM,Two Pointer,2,38,51,C,,,,3,08:00,4,5,
2007,RS,9,102,39,LIE,PJRD,"NIELSEN, MATT",2FGA,Missed Two Pointer,0,-28,92,D,,,,3,08:00,4,5,
2007,RS,9,102,44,LIE,PJRD,"NIELSEN, MATT",3FGM,Three Pointer,3,15,723,G,,,,4,07:00,4,8,
2007,RS,9,102,46,TEL,PLTS,"MORRIS, TERENCE",2FGM,Two Pointer,2,23,61,C,,,,4,07:00,6,8,
2007,RS,9,102,51,TEL,PBES,"BLUTHENTHAL, DAVID",3FGM,Three Pointer,3,687,-82,A,,,,5,06:00,9,8,
2007,RS,9,102,53,LIE,PKNS,"JOMANTAS, ARTURAS",2FGA,Missed Two Pointer,0,-76,66,D,,,,5,06:00,9,8,
2007,RS,9,102,55,TEL,PAOZ,"HALPERIN, YOTAM",2FGM,Two Pointer,2,56,-10,C,,,,5,06:00,11,8,
2007,RS,9,102,56,LIE,PJRD,"NIELSEN, MATT",2FGA,Missed Two Pointer,0,-35,146,D,,,,5,06:00,11,8,
2007,RS,9,102,58,TEL,PCQD,"CUMMINGS, VONTEEGO",3FGA,Missed Three Pointer,0,587,402,A,,,,5,06:00,11,8,
2007,RS,9,102,69,LIE,PJRD,"NIELSEN, MATT",FTM,Free Throw In,1,-1,-1, ,,,,6,05:00,11,9,
2007,RS,9,102,74,TEL,PAOZ,"HALPERIN, YOTAM",3FGM,Three Pointer,3,692,-23,A,,,,6,05:00,14,9,
2007,RS,9,102,77,LIE,PJRD,"NIELSEN, MATT",2FGM,Two Pointer,2,-92,74,D,,,,7,04:00,14,11,
2007,RS,9,102,78,TEL,PDHD,"BATISTA, ESTEBAN",2FGM,Two Pointer,2,61,64,C,,,,7,04:00,16,11,
2007,RS,9,102,80,LIE,PJZN,"PETRAVICIUS, MARIJONAS",2FGM,Two Pointer,2,-30,82,D,,,,7,04:00,16,13,
2007,RS,9,102,83,TEL,PLTS,"MORRIS, TERENCE",3FGA,Missed Three Pointer,0,266,658,G,,,,7,04:00,16,13,
2007,RS,9,102,91,TEL,PLFR,"BYNUM, WILL",2FGA,Missed Two Pointer,0,87,328,C,,,,8,03:00,16,13,
2007,RS,9,102,93,LIE,PKNS,"JOMANTAS, ARTURAS",2FGA,Missed Two Pointer,0,17,233,C,,,,8,03:00,16,13,
2007,RS,9,102,99,TEL,PBES,"BLUTHENTHAL, DAVID",2FGM,Two Pointer,2,10,71,C,,,,8,03:00,18,13,
2007,RS,9,102,101,LIE,PLOC,"EIDSON, CHUCK",3FGA,Missed Three Pointer,0,51,720,G,,,,8,03:00,18,13,
2007,RS,9,102,104,LIE,PJZN,"PETRAVICIUS, MARIJONAS",FTM,Free Throw In,1,-1,-1, ,,,,8,03:00,18,14,
2007,RS,9,102,105,LIE,PJZN,"PETRAVICIUS, MARIJONAS",FTM,Free Throw In,1,-1,-1, ,,,,8,03:00,18,15,
2007,RS,9,102,106,LIE,PCOH,"PRICE, HOLLIS",FTM,Free Throw In,1,-1,-1, ,,,,8,03:00,18,16,
2007,RS,9,102,109,TEL,PTFS,"FIZER, MARCUS",FTM,Free Throw In,1,-1,-1, ,,,,8,03:00,19,16,
2007,RS,9,102,110,TEL,PTFS,"FIZER, MARCUS",FTM,Free Throw In,1,-1,-1, ,,,,8,03:00,20,16,
2007,RS,9,102,111,LIE,PCOH,"PRICE, HOLLIS",3FGM,Three Pointer,3,687,-51,A,,,,8,03:00,20,19,
2007,RS,9,102,113,TEL,PAOZ,"HALPERIN, YOTAM",2FGA,Missed Two Pointer,0,125,48,C,,,,8,03:00,20,19,
2007,RS,9,102,118,LIE,PJRD,"NIELSEN, MATT",FTM,Free Throw In,1,-1,-1, ,,,,8,03:00,20,20,
2007,RS,9,102,119,LIE,PJRD,"NIELSEN, MATT",FTM,Free Throw In,1,-1,-1, ,,,,8,03:00,20,21,
2007,RS,9,102,120,LIE,PJRD,"NIELSEN, MATT",FTM,Free Throw In,1,-1,-1, ,,,,8,03:00,20,22,
2007,RS,9,102,122,TEL,PTFS,"FIZER, MARCUS",3FGM,Three Pointer,3,500,528,G,,,,8,03:00,23,22,
2007,RS,9,102,141,TEL,PLFR,"BYNUM, WILL",FTM,Free Throw In,1,-1,-1, ,,,,10,01:00,24,22,
2007,RS,9,102,142,TEL,PLFR,"BYNUM, WILL",FTM,Free Throw In,1,-1,-1, ,,,,10,01:00,25,22,
2007,RS,9,102,149,TEL,PBES,"BLUTHENTHAL, DAVID",3FGA,Missed Three Pointer,0,-682,53,F,,,,10,01:00,25,22,
2007,RS,9,102,154,TEL,PBES,"BLUTHENTHAL, DAVID",3FGM,Three Pointer,3,610,387,A,,,,11,10:00,28,22,
2007,RS,9,102,161,LIE,PCOH,"PRICE, HOLLIS",2FGA,Missed Two Pointer,0,107,84,C,,,,11,10:00,28,22,
2007,RS,9,102,163,LIE,PJRD,"NIELSEN, MATT",2FGA,Missed Two Pointer,0,10,92,C,,,,11,10:00,28,22,
2007,RS,9,102,166,TEL,P000615,"GARCIA, ALEX",FTM,Free Throw In,1,-1,-1, ,,,,11,10:00,29,22,
2007,RS,9,102,168,TEL,P000615,"GARCIA, ALEX",FTM,Free Throw In,1,-1,-1, ,,,,11,10:00,30,22,
2007,RS,9,102,169,LIE,PBUU,"LUKAUSKIS, MINDAUGAS",3FGA,Missed Three Pointer,0,-517,469,J,,,,11,10:00,30,22,
2007,RS,9,102,172,LIE,PLOC,"EIDSON, CHUCK",3FGM,Three Pointer,3,684,46,A,,,,11,10:00,30,25,
2007,RS,9,102,175,TEL,PBES,"BLUTHENTHAL, DAVID",2FGA,Missed Two Pointer,0,-225,107,D,,,,11,10:00,30,25,
2007,RS,9,102,178,LIE,PJRD,"NIELSEN, MATT",3FGA,Missed Three Pointer,0,633,382,A,,,,11,10:00,30,25,
2007,RS,9,102,188,TEL,PLFR,"BYNUM, WILL",3FGA,Missed Three Pointer,0,289,625,G,,,,13,08:00,30,25,
2007,RS,9,102,192,LIE,PCOH,"PRICE, HOLLIS",3FGA,Missed Three Pointer,0,58,735,G,,,,13,08:00,30,25,
2007,RS,9,102,193,LIE,PCOH,"PRICE, HOLLIS",3FGM,Three Pointer,3,-17,710,J,,,,13,08:00,30,28,
2007,RS,9,102,194,TEL,PTFS,"FIZER, MARCUS",2FGA,Missed Two Pointer,0,2,164,D,,,,13,08:00,30,28,
2007,RS,9,102,196,LIE,PLML,"BATISTA, JOAO PAULO",2FGA,Missed Two Pointer,0,0,128,D,,,,13,08:00,30,28,
2007,RS,9,102,206,TEL,PLTS,"MORRIS, TERENCE",FTM,Free Throw In,1,-1,-1, ,,,,14,07:00,31,28,
2007,RS,9,102,207,LIE,PLOC,"EIDSON, CHUCK",2FGA,Missed Two Pointer,0,-76,97,D,,,,14,07:00,31,28,
2007,RS,9,102,209,TEL,P000615,"GARCIA, ALEX",2FGA,Missed Two Pointer,0,35,87,C,,,,14,07:00,31,28,
2007,RS,9,102,215,LIE,PTFL,"BAJRAMOVIC, KENAN",2FGA,Missed Two Pointer,0,87,151,C,,,,14,07:00,31,28,
2007,RS,9,102,217,LIE,PBUU,"LUKAUSKIS, MINDAUGAS",3FGA,Missed Three Pointer,0,-392,633,J,,,,14,07:00,31,28,
2007,RS,9,102,226,LIE,P000703,"JORDAN, JARED",2FGM,Two Pointer,2,10,51,C,,,,15,06:00,31,30,
2007,RS,9,102,229,TEL,PTFS,"FIZER, MARCUS",FTM,Free Throw In,1,-1,-1, ,,,,15,06:00,32,30,
2007,RS,9,102,230,TEL,PTFS,"FIZER, MARCUS",FTM,Free Throw In,1,-1,-1, ,,,,15,06:00,33,30,
2007,RS,9,102,231,LIE,PJRD,"NIELSEN, MATT",2FGM,Two Pointer,2,-148,61,D,,,,15,06:00,33,32,
2007,RS,9,102,236,LIE,PLOC,"EIDSON, CHUCK",3FGA,Missed Three Pointer,0,120,751,G,,,,15,06:00,33,32,
2007,RS,9,102,248,TEL,PCQD,"CUMMINGS, VONTEEGO",FTM,Free Throw In,1,-1,-1, ,,,,16,05:00,34,32,
2007,RS,9,102,249,TEL,PCQD,"CUMMINGS, VONTEEGO",FTM,Free Throw In,1,-1,-1, ,,,,16,05:00,35,32,
2007,RS,9,102,253,LIE,PLOC,"EIDSON, CHUCK",2FGM,Two Pointer,2,43,479,H,,,,17,04:00,35,34,
2007,RS,9,102,254,TEL,PCQD,"CUMMINGS, VONTEEGO",2FGA,Missed Two Pointer,0,61,100,C,,,,17,04:00,35,34,
2007,RS,9,102,258,LIE,PTFL,"BAJRAMOVIC, KENAN",FTM,Free Throw In,1,-1,-1, ,,,,17,04:00,35,35,
2007,RS,9,102,263,TEL,PDHD,"BATISTA, ESTEBAN",2FGM,Two Pointer,2,41,41,C,,,,17,04:00,37,35,
2007,RS,9,102,267,LIE,PLOC,"EIDSON, CHUCK",FTM,Free Throw In,1,-1,-1, ,,,,17,04:00,37,36,
2007,RS,9,102,268,LIE,PLOC,"EIDSON, CHUCK",FTM,Free Throw In,1,-1,-1, ,,,,17,04:00,37,37,
2007,RS,9,102,269,TEL,PDHD,"BATISTA, ESTEBAN",2FGA,Missed Two Pointer,0,-46,7,D,,,,17,04:00,37,37,
2007,RS,9,102,270,TEL,PAOU,"SHARP, DERRICK",3FGA,Missed Three Pointer,0,679,-5,A,,,,17,04:00,37,37,
2007,RS,9,102,278,LIE,PJZN,"PETRAVICIUS, MARIJONAS",FTM,Free Throw In,1,-1,-1, ,,,,17,04:00,37,38,
2007,RS,9,102,279,LIE,PJZN,"PETRAVICIUS, MARIJONAS",FTM,Free Throw In,1,-1,-1, ,,,,17,04:00,37,39,
2007,RS,9,102,280,LIE,PLOC,"EIDSON, CHUCK",3FGM,Three Pointer,3,512,471,G,,,,17,04:00,37,42,
2007,RS,9,102,282,TEL,P000615,"GARCIA, ALEX",2FGA,Missed Two Pointer,0,128,61,C,,,,18,03:00,37,42,
2007,RS,9,102,284,LIE,P000703,"JORDAN, JARED",2FGA,Missed Two Pointer,0,76,428,H,,,,18,03:00,37,42,
2007,RS,9,102,287,TEL,PDHD,"BATISTA, ESTEBAN",2FGM,Two Pointer,2,25,76,C,,,,18,03:00,39,42,
2007,RS,9,102,298,TEL,PBES,"BLUTHENTHAL, DAVID",2FGA,Missed Two Pointer,0,-487,184,E,,,,20,01:00,39,42,
2007,RS,9,102,307,TEL,P000615,"GARCIA, ALEX",2FGM,Two Pointer,2,-5,69,D,,,,20,01:00,41,42,
2007,RS,9,102,317,LIE,PLOC,"EIDSON, CHUCK",3FGA,Missed Three Pointer,0,646,135,A,,,,21,10:00,41,42,
2007,RS,9,102,319,TEL,PAOZ,"HALPERIN, YOTAM",3FGM,Three Pointer,3,710,-56,A,,,,21,10:00,44,42,
2007,RS,9,102,322,LIE,PJRD,"NIELSEN, MATT",3FGA,Missed Three Pointer,0,653,346,A,,,,21,10:00,44,42,
2007,RS,9,102,323,TEL,PCQD,"CUMMINGS, VONTEEGO",2FGA,Missed Two Pointer,0,-364,251,E,,,,21,10:00,44,42,
2007,RS,9,102,328,LIE,PLOC,"EIDSON, CHUCK",2FGM,Two Pointer,2,12,51,C,,,,22,09:00,44,44,
2007,RS,9,102,339,LIE,PLOC,"EIDSON, CHUCK",2FGA,Missed Two Pointer,0,7,176,C,,,,22,09:00,44,44,
2007,RS,9,102,341,TEL,PBES,"BLUTHENTHAL, DAVID",3FGM,Three Pointer,3,-71,751,J,,,,22,09:00,47,44,
2007,RS,9,102,345,TEL,P000615,"GARCIA, ALEX",2FGM,Two Pointer,2,20,5,C,,,,22,09:00,49,44,
2007,RS,9,102,346,LIE,PCOH,"PRICE, HOLLIS",2FGA,Missed Two Pointer,0,-17,525,I,,,,22,09:00,49,44,
2007,RS,9,102,348,TEL,PCQD,"CUMMINGS, VONTEEGO",3FGM,Three Pointer,3,397,582,G,,,,22,09:00,52,44,
2007,RS,9,102,355,LIE,PLOC,"EIDSON, CHUCK",2FGM,Two Pointer,2,-51,35,D,,,,24,07:00,52,46,
2007,RS,9,102,356,TEL,PDHD,"BATISTA, ESTEBAN",2FGM,Two Pointer,2,30,15,C,,,,24,07:00,54,46,
2007,RS,9,102,362,LIE,PJZN,"PETRAVICIUS, MARIJONAS",FTM,Free Throw In,1,-1,-1, ,,,,24,07:00,54,47,
2007,RS,9,102,372,TEL,PCQD,"CUMMINGS, VONTEEGO",2FGA,Missed Two Pointer,0,176,217,C,,,,25,06:00,54,47,
2007,RS,9,102,376,TEL,P000615,"GARCIA, ALEX",2FGA,Missed Two Pointer,0,-84,48,D,,,,25,06:00,54,47,
2007,RS,9,102,382,TEL,PTFS,"FIZER, MARCUS",FTM,Free Throw In,1,-1,-1, ,,,,25,06:00,55,47,
2007,RS,9,102,383,TEL,PTFS,"FIZER, MARCUS",FTM,Free Throw In,1,-1,-1, ,,,,25,06:00,56,47,
2007,RS,9,102,384,LIE,PJZN,"PETRAVICIUS, MARIJONAS",2FGM,Two Pointer,2,-7,58,D,,,,25,06:00,56,49,
2007,RS,9,102,386,TEL,P000615,"GARCIA, ALEX",3FGA,Missed Three Pointer,0,648,266,A,,,,25,06:00,56,49,
2007,RS,9,102,395,LIE,PTFL,"BAJRAMOVIC, KENAN",FTM,Free Throw In,1,-1,-1, ,,,,25,06:00,56,50,
2007,RS,9,102,397,LIE,PTFL,"BAJRAMOVIC, KENAN",FTM,Free Throw In,1,-1,-1, ,,,,26,05:00,56,51,
2007,RS,9,102,401,LIE,PTFL,"BAJRAMOVIC, KENAN",3FGA,Missed Three Pointer,0,-379,584,J,,,,27,04:00,56,51,
2007,RS,9,102,406,LIE,PLOC,"EIDSON, CHUCK",3FGM,Three Pointer,3,600,317,A,,,,27,04:00,56,54,
2007,RS,9,102,407,TEL,PTFS,"FIZER, MARCUS",2FGM,Two Pointer,2,-12,112,D,,,,27,04:00,58,54,
2007,RS,9,102,408,LIE,PLOC,"EIDSON, CHUCK",2FGM,Two Pointer,2,-5,38,D,,,,27,04:00,58,56,
2007,RS,9,102,414,LIE,PTFL,"BAJRAMOVIC, KENAN",3FGA,Missed Three Pointer,0,-653,179,F,,,,28,03:00,58,56,
2007,RS,9,102,416,LIE,PCOH,"PRICE, HOLLIS",3FGA,Missed Three Pointer,0,635,289,A,,,,28,03:00,58,56,
2007,RS,9,102,420,TEL,PTFS,"FIZER, MARCUS",2FGM,Two Pointer,2,-30,79,D,,,,28,03:00,60,56,
2007,RS,9,102,422,LIE,PLOC,"EIDSON, CHUCK",2FGA,Missed Two Pointer,0,-48,28,D,,,,28,03:00,60,56,
2007,RS,9,102,424,LIE,PLOC,"EIDSON, CHUCK",2FGAB,Missed Two Pointer,0,-82,71,D,,,,28,03:00,60,56,
2007,RS,9,102,431,LIE,PCOH,"PRICE, HOLLIS",3FGM,Three Pointer,3,664,184,A,,,,29,02:00,60,59,
2007,RS,9,102,434,TEL,PTFS,"FIZER, MARCUS",FTM,Free Throw In,1,-1,-1, ,,,,29,02:00,61,59,
2007,RS,9,102,435,TEL,PTFS,"FIZER, MARCUS",FTM,Free Throw In,1,-1,-1, ,,,,29,02:00,62,59,
2007,RS,9,102,436,LIE,PLML,"BATISTA, JOAO PAULO",2FGM,Two Pointer,2,-79,58,D,,,,29,02:00,62,61,
2007,RS,9,102,438,TEL,PAOU,"SHARP, DERRICK",3FGA,Missed Three Pointer,0,697,-10,A,,,,29,02:00,62,61,
2007,RS,9,102,441,LIE,PTFL,"BAJRAMOVIC, KENAN",2FGA,Missed Two Pointer,0,-158,128,D,,,,30,01:00,62,61,
2007,RS,9,102,447,TEL,PAOZ,"HALPERIN, YOTAM",FTM,Free Throw In,1,-1,-1, ,,,,30,01:00,63,61,
2007,RS,9,102,448,TEL,PAOZ,"HALPERIN, YOTAM",FTM,Free Throw In,1,-1,-1, ,,,,30,01:00,64,61,
2007,RS,9,102,459,LIE,PJRD,"NIELSEN, MATT",2FGA,Missed Two Pointer,0,-105,82,D,,,,31,10:00,64,61,
2007,RS,9,102,461,LIE,PLML,"BATISTA, JOAO PAULO",2FGM,Two Pointer,2,35,58,C,,,,31,10:00,64,63,
2007,RS,9,102,465,LIE,PLOC,"EIDSON, CHUCK",3FGM,Three Pointer,3,630,292,A,,,,31,10:00,64,66,
2007,RS,9,102,468,LIE,PCOH,"PRICE, HOLLIS",3FGA,Missed Three Pointer,0,-510,541,J,,,,31,10:00,64,66,
2007,RS,9,102,470,LIE,PLOC,"EIDSON, CHUCK",2FGM,Two Pointer,2,28,84,C,,,,31,10:00,64,68,
2007,RS,9,102,472,TEL,PLTS,"MORRIS, TERENCE",2FGM,Two Pointer,2,23,56,C,,,,32,09:00,66,68,
2007,RS,9,102,473,TEL,PLTS,"MORRIS, TERENCE",2FGA,Missed Two Pointer,0,30,10,C,,,,32,09:00,66,68,
2007,RS,9,102,476,LIE,PLOC,"EIDSON, CHUCK",3FGA,Missed Three Pointer,0,225,784,G,,,,32,09:00,66,68,
2007,RS,9,102,478,LIE,PBUU,"LUKAUSKIS, MINDAUGAS",3FGA,Missed Three Pointer,0,556,484,G,,,,32,09:00,66,68,
2007,RS,9,102,480,TEL,PLTS,"MORRIS, TERENCE",2FGM,Two Pointer,2,-35,-12,D,,,,32,09:00,68,68,
2007,RS,9,102,491,LIE,PJRD,"NIELSEN, MATT",FTM,Free Throw In,1,-1,-1, ,,,,34,07:00,68,69,
2007,RS,9,102,498,TEL,PCQD,"CUMMINGS, VONTEEGO",3FGM,Three Pointer,3,-687,241,F,,,,34,07:00,71,69,
2007,RS,9,102,500,LIE,PBUU,"LUKAUSKIS, MINDAUGAS",2FGA,Missed Two Pointer,0,79,84,C,,,,34,07:00,71,69,
2007,RS,9,102,506,LIE,PJRD,"NIELSEN, MATT",2FGM,Two Pointer,2,82,64,C,,,,35,06:00,71,71,
2007,RS,9,102,507,TEL,PDHD,"BATISTA, ESTEBAN",2FGA,Missed Two Pointer,0,-102,176,D,,,,35,06:00,71,71,
2007,RS,9,102,509,LIE,PCOH,"PRICE, HOLLIS",3FGA,Missed Three Pointer,0,553,507,G,,,,35,06:00,71,71,
2007,RS,9,102,511,TEL,PBES,"BLUTHENTHAL, DAVID",3FGM,Three Pointer,3,-489,553,J,,,,35,06:00,74,71,
2007,RS,9,102,513,LIE,PLOC,"EIDSON, CHUCK",2FGM,Two Pointer,2,353,58,B,,,,35,06:00,74,73,
2007,RS,9,102,514,TEL,PCQD,"CUMMINGS, VONTEEGO",2FGM,Two Pointer,2,-397,305,E,,,,35,06:00,76,73,
2007,RS,9,102,516,LIE,PCOH,"PRICE, HOLLIS",2FGA,Missed Two Pointer,0,41,-15,C,,,,36,05:00,76,73,
2007,RS,9,102,518,LIE,PLOC,"EIDSON, CHUCK",2FGM,Two Pointer,2,38,51,C,,,,36,05:00,76,75,
2007,RS,9,102,519,TEL,PDHD,"BATISTA, ESTEBAN",2FGM,Two Pointer,2,17,97,C,,,,36,05:00,78,75,
2007,RS,9,102,522,LIE,PLML,"BATISTA, JOAO PAULO",2FGM,Two Pointer,2,-51,112,D,,,,37,04:00,78,77,
2007,RS,9,102,526,LIE,PLML,"BATISTA, JOAO PAULO",2FGM,Two Pointer,2,12,94,C,,,,37,04:00,78,79,
2007,RS,9,102,535,TEL,PDHD,"BATISTA, ESTEBAN",2FGM,Two Pointer,2,-82,71,D,,,,38,03:00,80,79,
2007,RS,9,102,536,LIE,PJRD,"NIELSEN, MATT",2FGM,Two Pointer,2,-20,53,D,,,,38,03:00,80,81,
2007,RS,9,102,537,TEL,PCQD,"CUMMINGS, VONTEEGO",2FGA,Missed Two Pointer,0,-64,84,D,,,,38,03:00,80,81,
2007,RS,9,102,539,LIE,PLOC,"EIDSON, CHUCK",2FGA,Missed Two Pointer,0,2,89,D,,,,38,03:00,80,81,
2007,RS,9,102,541,TEL,PBES,"BLUTHENTHAL, DAVID",3FGA,Missed Three Pointer,0,415,602,G,,,,38,03:00,80,81,
2007,RS,9,102,545,LIE,PCOH,"PRICE, HOLLIS",3FGM,Three Pointer,3,-400,610,J,,,,40,01:00,80,84,
2007,RS,9,102,554,TEL,PLFR,"BYNUM, WILL",2FGM,Two Pointer,2,10,89,C,,,,40,01:00,82,84,
2007,RS,9,102,561,LIE,PCOH,"PRICE, HOLLIS",2FGA,Missed Two Pointer,0,-46,41,D,,,,40,01:00,82,84,
2007,RS,9,102,562,LIE,PCOH,"PRICE, HOLLIS",2FGAB,Missed Two Pointer,0,61,153,C,,,,40,01:00,82,84,
2007,RS,9,102,565,LIE,PCOH,"PRICE, HOLLIS",3FGM,Three Pointer,3,325,741,G,,,,40,01:00,82,87,
2007,RS,9,102,568,TEL,PAOU,"SHARP, DERRICK",3FGA,Missed Three Pointer,0,702,35,A,,,,40,01:00,82,87,
2007,RS,9,103,6,MIL,PAVD,"BOOKER, MELVIN",2FGM,Two Pointer,2,-274,423,E,,,,1,10:00,2,0,
2007,RS,9,103,10,MIL,PKNZ,"WATSON, TRAVIS",2FGA,Missed Two Pointer,0,-100,166,D,,,,2,09:00,2,0,
2007,RS,9,103,14,IST,PKNG,"NICHOLAS, DREW",2FGA,Missed Two Pointer,0,-156,353,D,,,,2,09:00,2,0,
2007,RS,9,103,17,MIL,PLGS,"SESAY, ANSU",3FGA,Missed Three Pointer,0,430,510,G,,,,3,08:00,2,0,
2007,RS,9,103,19,IST,PBXD,"PENN, JAMES",3FGA,Missed Three Pointer,0,10,682,G,,,,3,08:00,2,0,
2007,RS,9,103,21,MIL,PKNZ,"WATSON, TRAVIS",2FGM,Two Pointer,2,0,5,D,,,,3,08:00,4,0,
2007,RS,9,103,25,IST,PKCH,"HUTSON, ANDRE",FTM,Free Throw In,1,-1,-1, ,,,,3,08:00,4,1,
2007,RS,9,103,26,IST,PKCH,"HUTSON, ANDRE",FTM,Free Throw In,1,-1,-1, ,,,,3,08:00,4,2,
2007,RS,9,103,28,MIL,PKRD,"GALLINARI, DANILO",2FGM,Two Pointer,2,2,66,D,,,,4,07:00,6,2,
2007,RS,9,103,29,IST,PBXD,"PENN, JAMES",3FGA,Missed Three Pointer,0,679,66,A,,,,4,07:00,6,2,
2007,RS,9,103,35,IST,PKNG,"NICHOLAS, DREW",3FGM,Three Pointer,3,-582,376,F,,,,4,07:00,6,5,
2007,RS,9,103,37,MIL,PAVD,"BOOKER, MELVIN",3FGA,Missed Three Pointer,0,110,671,G,,,,4,07:00,6,5,
2007,RS,9,103,39,IST,PKCH,"HUTSON, ANDRE",2FGA,Missed Two Pointer,0,35,133,C,,,,4,07:00,6,5,
2007,RS,9,103,41,MIL,PCUG,"SHAW, CASEY",2FGA,Missed Two Pointer,0,-97,28,D,,,,4,07:00,6,5,
2007,RS,9,103,43,IST,PKOJ,"GREGORY, KENNY",3FGM,Three Pointer,3,348,600,G,,,,4,07:00,6,8,
2007,RS,9,103,46,MIL,PTEQ,"ARADORI, PIETRO",3FGA,Missed Three Pointer,0,-371,610,J,,,,5,06:00,6,8,
2007,RS,9,103,50,MIL,PTEQ,"ARADORI, PIETRO",FTM,Free Throw In,1,-1,-1, ,,,,5,06:00,7,8,
2007,RS,9,103,51,MIL,PTEQ,"ARADORI, PIETRO",FTM,Free Throw In,1,-1,-1, ,,,,5,06:00,8,8,
2007,RS,9,103,53,IST,PKOJ,"GREGORY, KENNY",3FGM,Three Pointer,3,-510,451,J,,,,5,06:00,8,11,
2007,RS,9,103,56,MIL,PTEQ,"ARADORI, PIETRO",3FGA,Missed Three Pointer,0,-143,664,J,,,,6,05:00,8,11,
2007,RS,9,103,60,IST,PBXD,"PENN, JAMES",2FGA,Missed Two Pointer,0,-61,84,D,,,,6,05:00,8,11,
2007,RS,9,103,67,IST,PAWN,"GONLUM, KEREM",FTM,Free Throw In,1,-1,-1, ,,,,6,05:00,8,12,
2007,RS,9,103,69,MIL,PCUG,"SHAW, CASEY",2FGA,Missed Two Pointer,0,48,56,C,,,,7,04:00,8,12,
2007,RS,9,103,71,MIL,PCUG,"SHAW, CASEY",2FGM,Two Pointer,2,66,30,C,,,,7,04:00,10,12,
2007,RS,9,103,84,MIL,PAVD,"BOOKER, MELVIN",FTM,Free Throw In,1,-1,-1, ,,,,7,04:00,11,12,
2007,RS,9,103,85,MIL,PAVD,"BOOKER, MELVIN",FTM,Free Throw In,1,-1,-1, ,,,,7,04:00,12,12,
2007,RS,9,103,89,MIL,PKRD,"GALLINARI, DANILO",2FGM,Two Pointer,2,-294,192,E,,,,8,03:00,14,12,
2007,RS,9,103,90,IST,PARN,"ARSLAN, ENDER",3FGA,Missed Three Pointer,0,5,676,G,,,,8,03:00,14,12,
2007,RS,9,103,92,IST,PBKM,"KUQO, ERMAL",2FGA,Missed Two Pointer,0,0,105,D,,,,8,03:00,14,12,
2007,RS,9,103,94,MIL,PKRD,"GALLINARI, DANILO",3FGA,Missed Three Pointer,0,-261,646,J,,,,8,03:00,14,12,
2007,RS,9,103,97,IST,PKNG,"NICHOLAS, DREW",3FGA,Missed Three Pointer,0,-323,597,J,,,,9,02:00,14,12,
2007,RS,9,103,99,MIL,PKRD,"GALLINARI, DANILO",2FGA,Missed Two Pointer,0,-343,446,I,,,,9,02:00,14,12,
2007,RS,9,103,101,IST,PKNG,"NICHOLAS, DREW",3FGA,Missed Three Pointer,0,-138,687,J,,,,9,02:00,14,12,
2007,RS,9,103,103,MIL,PAUT,"VUKCEVIC, DUSAN",3FGA,Missed Three Pointer,0,-366,587,J,,,,9,02:00,14,12,
2007,RS,9,103,106,IST,PKOJ,"GREGORY, KENNY",3FGM,Three Pointer,3,-633,307,F,,,,10,01:00,14,15,
2007,RS,9,103,107,MIL,PLGS,"SESAY, ANSU",2FGA,Missed Two Pointer,0,-274,243,E,,,,10,01:00,14,15,
2007,RS,9,103,113,IST,PKNG,"NICHOLAS, DREW",FTM,Free Throw In,1,-1,-1, ,,,,10,01:00,14,16,
2007,RS,9,103,116,MIL,PAVD,"BOOKER, MELVIN",3FGA,Missed Three Pointer,0,53,856,G,,,,10,01:00,14,16,
2007,RS,9,103,123,MIL,PLGS,"SESAY, ANSU",2FGM,Two Pointer,2,-430,0,E,,,,11,10:00,16,16,
2007,RS,9,103,130,MIL,PLGS,"SESAY, ANSU",FTM,Free Throw In,1,-1,-1, ,,,,11,10:00,17,16,
2007,RS,9,103,133,IST,PBKM,"KUQO, ERMAL",3FGM,Three Pointer,3,256,633,G,,,,11,10:00,17,19,
2007,RS,9,103,135,MIL,PAUT,"VUKCEVIC, DUSAN",3FGM,Three Pointer,3,697,-20,A,,,,11,10:00,20,19,
2007,RS,9,103,137,IST,PBDQ,"ERDOGAN, SERKAN",2FGA,Missed Two Pointer,0,412,192,B,,,,12,09:00,20,19,
2007,RS,9,103,139,IST,PBDQ,"ERDOGAN, SERKAN",2FGA,Missed Two Pointer,0,-2,156,D,,,,12,09:00,20,19,
2007,RS,9,103,141,IST,PARN,"ARSLAN, ENDER",2FGM,Two Pointer,2,-38,384,D,,,,12,09:00,20,21,
2007,RS,9,103,143,MIL,P000689,"GIOVACCHINI, ANTHONY",2FGA,Missed Two Pointer,0,582,-7,B,,,,13,08:00,20,21,
2007,RS,9,103,151,IST,PKOJ,"GREGORY, KENNY",FTM,Free Throw In,1,-1,-1, ,,,,13,08:00,20,22,
2007,RS,9,103,152,IST,PKOJ,"GREGORY, KENNY",FTM,Free Throw In,1,-1,-1, ,,,,13,08:00,20,23,
2007,RS,9,103,157,MIL,PAUT,"VUKCEVIC, DUSAN",3FGM,Three Pointer,3,-443,500,J,,,,13,08:00,23,23,
2007,RS,9,103,160,IST,PARN,"ARSLAN, ENDER",2FGM,Two Pointer,2,-328,105,E,,,,14,07:00,23,25,
2007,RS,9,103,161,MIL,PKRD,"GALLINARI, DANILO",3FGA,Missed Three Pointer,0,423,564,G,,,,14,07:00,23,25,
2007,RS,9,103,163,MIL,PKNZ,"WATSON, TRAVIS",2FGM,Two Pointer,2,25,117,C,,,,14,07:00,25,25,
2007,RS,9,103,165,IST,PTFG,"WOODS, LOREN",2FGM,Two Pointer,2,-76,43,D,,,,15,06:00,25,27,
2007,RS,9,103,176,IST,PARN,"ARSLAN, ENDER",3FGM,Three Pointer,3,-405,558,J,,,,15,06:00,25,30,
2007,RS,9,103,177,MIL,P000664,"KATELYNAS, MINDAUGAS",2FGAB,Missed Two Pointer,0,-12,189,D,,,,15,06:00,25,30,
2007,RS,9,103,179,MIL,PAUT,"VUKCEVIC, DUSAN",3FGM,Three Pointer,3,-687,23,F,,,,15,06:00,28,30,
2007,RS,9,103,181,IST,PBDQ,"ERDOGAN, SERKAN",2FGA,Missed Two Pointer,0,489,58,B,,,,16,05:00,28,30,
2007,RS,9,103,184,MIL,PKNZ,"WATSON, TRAVIS",2FGAB,Missed Two Pointer,0,33,128,C,,,,17,04:00,28,30,
2007,RS,9,103,188,MIL,PAUT,"VUKCEVIC, DUSAN",2FGA,Missed Two Pointer,0,28,120,C,,,,17,04:00,28,30,
2007,RS,9,103,190,IST,PBDQ,"ERDOGAN, SERKAN",3FGA,Missed Three Pointer,0,-312,635,J,,,,17,04:00,28,30,
2007,RS,9,103,192,IST,PTFG,"WOODS, LOREN",2FGM,Two Pointer,2,-10,120,D,,,,17,04:00,28,32,
2007,RS,9,103,203,MIL,P000664,"KATELYNAS, MINDAUGAS",2FGM,Two Pointer,2,-89,38,D,,,,17,04:00,30,32,
2007,RS,9,103,205,IST,PKCH,"HUTSON, ANDRE",2FGM,Two Pointer,2,484,35,B,,,,18,03:00,30,34,
2007,RS,9,103,207,MIL,PAVD,"BOOKER, MELVIN",3FGA,Missed Three Pointer,0,-384,582,J,,,,18,03:00,30,34,
2007,RS,9,103,215,IST,PKNG,"NICHOLAS, DREW",2FGA,Missed Two Pointer,0,256,500,H,,,,18,03:00,30,34,
2007,RS,9,103,217,MIL,P000664,"KATELYNAS, MINDAUGAS",2FGM,Two Pointer,2,74,12,C,,,,18,03:00,32,34,
2007,RS,9,103,219,IST,PKNG,"NICHOLAS, DREW",3FGA,Missed Three Pointer,0,189,666,G,,,,19,02:00,32,34,
2007,RS,9,103,225,IST,PBKM,"KUQO, ERMAL",2FGM,Two Pointer,2,-87,28,D,,,,19,02:00,32,36,
2007,RS,9,103,227,MIL,PTEQ,"ARADORI, PIETRO",2FGM,Two Pointer,2,84,43,C,,,,19,02:00,34,36,
2007,RS,9,103,230,IST,PKOJ,"GREGORY, KENNY",2FGA,Missed Two Pointer,0,66,82,C,,,,20,01:00,34,36,
2007,RS,9,103,236,MIL,PKRD,"GALLINARI, DANILO",2FGA,Missed Two Pointer,0,2,171,D,,,,20,01:00,34,36,
2007,RS,9,103,238,IST,PAWH,"ABI, MUSTAFA",2FGA,Missed Two Pointer,0,5,171,C,,,,20,01:00,34,36,
2007,RS,9,103,240,MIL,PKRD,"GALLINARI, DANILO",2FGA,Missed Two Pointer,0,10,351,C,,,,20,01:00,34,36,
2007,RS,9,103,256,IST,PBXD,"PENN, JAMES",3FGA,Missed Three Pointer,0,-676,-79,F,,,,21,10:00,34,36,
2007,RS,9,103,260,MIL,PKNZ,"WATSON, TRAVIS",2FGM,Two Pointer,2,0,-5,D,,,,21,10:00,36,36,
2007,RS,9,103,265,MIL,P000664,"KATELYNAS, MINDAUGAS",3FGM,Three Pointer,3,133,679,G,,,,22,09:00,39,36,
2007,RS,9,103,266,IST,PKCH,"HUTSON, ANDRE",2FGM,Two Pointer,2,376,46,B,,,,22,09:00,39,38,
2007,RS,9,103,268,MIL,PAUT,"VUKCEVIC, DUSAN",3FGA,Missed Three Pointer,0,-423,582,J,,,,22,09:00,39,38,
2007,RS,9,103,270,IST,PAWN,"GONLUM, KEREM",2FGA,Missed Two Pointer,0,-120,28,D,,,,22,09:00,39,38,
2007,RS,9,103,272,IST,PAWN,"GONLUM, KEREM",2FGA,Missed Two Pointer,0,2,82,D,,,,22,09:00,39,38,
2007,RS,9,103,275,IST,PKCH,"HUTSON, ANDRE",2FGM,Two Pointer,2,117,82,C,,,,23,08:00,39,40,
2007,RS,9,103,279,MIL,PKRD,"GALLINARI, DANILO",2FGM,Two Pointer,2,-71,25,D,,,,24,07:00,41,40,
2007,RS,9,103,282,IST,PKNG,"NICHOLAS, DREW",3FGA,Missed Three Pointer,0,597,341,A,,,,24,07:00,41,40,
2007,RS,9,103,296,MIL,P000664,"KATELYNAS, MINDAUGAS",3FGA,Missed Three Pointer,0,402,556,G,,,,25,06:00,41,40,
2007,RS,9,103,300,MIL,P000664,"KATELYNAS, MINDAUGAS",2FGM,Two Pointer,2,161,20,C,,,,25,06:00,43,40,
2007,RS,9,103,305,IST,PBXD,"PENN, JAMES",2FGM,Two Pointer,2,143,371,C,,,,25,06:00,43,42,
2007,RS,9,103,310,IST,PBXD,"PENN, JAMES",FTM,Free Throw In,1,-1,-1, ,,,,25,06:00,43,43,
2007,RS,9,103,312,MIL,P000664,"KATELYNAS, MINDAUGAS",2FGAB,Missed Two Pointer,0,-94,48,D,,,,26,05:00,43,43,
2007,RS,9,103,316,IST,PKCH,"HUTSON, ANDRE",2FGA,Missed Two Pointer,0,105,179,C,,,,26,05:00,43,43,
2007,RS,9,103,318,IST,PKOJ,"GREGORY, KENNY",3FGM,Three Pointer,3,-676,12,F,,,,26,05:00,43,46,
2007,RS,9,103,320,MIL,PAUT,"VUKCEVIC, DUSAN",2FGA,Missed Two Pointer,0,210,58,C,,,,26,05:00,43,46,
2007,RS,9,103,335,MIL,PKRD,"GALLINARI, DANILO",3FGA,Missed Three Pointer,0,417,538,G,,,,27,04:00,43,46,
2007,RS,9,103,337,IST,PKNG,"NICHOLAS, DREW",3FGM,Three Pointer,3,687,-15,A,,,,27,04:00,43,49,
2007,RS,9,103,339,MIL,PLGS,"SESAY, ANSU",2FGM,Two Pointer,2,-146,471,I,,,,27,04:00,45,49,
2007,RS,9,103,343,MIL,PLGS,"SESAY, ANSU",3FGA,Missed Three Pointer,0,674,7,A,,,,28,03:00,45,49,
2007,RS,9,103,348,IST,PKOJ,"GREGORY, KENNY",FTM,Free Throw In,1,-1,-1, ,,,,28,03:00,45,50,
2007,RS,9,103,351,MIL,PAUT,"VUKCEVIC, DUSAN",2FGM,Two Pointer,2,-87,5,D,,,,28,03:00,47,50,
2007,RS,9,103,355,IST,PBXD,"PENN, JAMES",FTM,Free Throw In,1,-1,-1, ,,,,29,02:00,47,51,
2007,RS,9,103,356,IST,PBXD,"PENN, JAMES",FTM,Free Throw In,1,-1,-1, ,,,,29,02:00,47,52,
2007,RS,9,103,357,MIL,PAUT,"VUKCEVIC, DUSAN",3FGM,Three Pointer,3,28,674,G,,,,29,02:00,50,52,
2007,RS,9,103,358,IST,PKNG,"NICHOLAS, DREW",2FGM,Two Pointer,2,-146,84,D,,,,29,02:00,50,54,
2007,RS,9,103,367,MIL,PCUG,"SHAW, CASEY",FTM,Free Throw In,1,-1,-1, ,,,,30,01:00,51,54,
2007,RS,9,103,372,IST,PBXD,"PENN, JAMES",FTM,Free Throw In,1,-1,-1, ,,,,30,01:00,51,55,
2007,RS,9,103,373,IST,PBXD,"PENN, JAMES",FTM,Free Throw In,1,-1,-1, ,,,,30,01:00,51,56,
2007,RS,9,103,374,MIL,PCUG,"SHAW, CASEY",2FGM,Two Pointer,2,-138,46,D,,,,30,01:00,53,56,
2007,RS,9,103,379,MIL,PCUG,"SHAW, CASEY",FTM,Free Throw In,1,-1,-1, ,,,,30,01:00,54,56,
2007,RS,9,103,382,IST,PBXD,"PENN, JAMES",2FGM,Two Pointer,2,58,48,C,,,,30,01:00,54,58,
2007,RS,9,103,385,IST,PKNG,"NICHOLAS, DREW",3FGM,Three Pointer,3,676,-76,A,,,,30,01:00,54,61,
2007,RS,9,103,392,IST,PKNG,"NICHOLAS, DREW",3FGA,Missed Three Pointer,0,474,561,G,,,,31,10:00,54,61,
2007,RS,9,103,394,MIL,PLGS,"SESAY, ANSU",2FGA,Missed Two Pointer,0,-176,500,I,,,,31,10:00,54,61,
2007,RS,9,103,396,IST,PBKM,"KUQO, ERMAL",3FGA,Missed Three Pointer,0,694,-89,A,,,,31,10:00,54,61,
2007,RS,9,103,398,MIL,PAVD,"BOOKER, MELVIN",3FGA,Missed Three Pointer,0,-528,520,J,,,,31,10:00,54,61,
2007,RS,9,103,402,MIL,PTEQ,"ARADORI, PIETRO",2FGA,Missed Two Pointer,0,120,38,C,,,,31,10:00,54,61,
2007,RS,9,103,417,MIL,PTEQ,"ARADORI, PIETRO",3FGA,Missed Three Pointer,0,669,-61,A,,,,32,09:00,54,61,
2007,RS,9,103,418,MIL,PLGS,"SESAY, ANSU",2FGM,Two Pointer,2,125,20,C,,,,32,09:00,56,61,
2007,RS,9,103,419,IST,PAWN,"GONLUM, KEREM",2FGA,Missed Two Pointer,0,-64,51,D,,,,32,09:00,56,61,
2007,RS,9,103,422,IST,PBXD,"PENN, JAMES",2FGM,Two Pointer,2,371,112,B,,,,32,09:00,56,63,
2007,RS,9,103,424,MIL,PLGS,"SESAY, ANSU",2FGA,Missed Two Pointer,0,53,305,C,,,,33,08:00,56,63,
2007,RS,9,103,435,IST,PKOJ,"GREGORY, KENNY",3FGM,Three Pointer,3,687,133,A,,,,33,08:00,56,66,
2007,RS,9,103,438,MIL,PAUT,"VUKCEVIC, DUSAN",3FGA,Missed Three Pointer,0,-523,492,J,,,,34,07:00,56,66,
2007,RS,9,103,440,IST,PTFG,"WOODS, LOREN",2FGA,Missed Two Pointer,0,105,141,C,,,,34,07:00,56,66,
2007,RS,9,103,442,MIL,PAUT,"VUKCEVIC, DUSAN",3FGA,Missed Three Pointer,0,128,694,G,,,,34,07:00,56,66,
2007,RS,9,103,449,MIL,PLGS,"SESAY, ANSU",2FGAB,Missed Two Pointer,0,-105,58,D,,,,34,07:00,56,66,
2007,RS,9,103,453,IST,PKNG,"NICHOLAS, DREW",3FGA,Missed Three Pointer,0,687,-20,A,,,,34,07:00,56,66,
2007,RS,9,103,460,MIL,PTEQ,"ARADORI, PIETRO",2FGM,Two Pointer,2,82,28,C,,,,35,06:00,58,66,
2007,RS,9,103,466,MIL,PLGS,"SESAY, ANSU",2FGA,Missed Two Pointer,0,-169,128,D,,,,35,06:00,58,66,
2007,RS,9,103,468,MIL,PKNZ,"WATSON, TRAVIS",2FGA,Missed Two Pointer,0,-97,133,D,,,,35,06:00,58,66,
2007,RS,9,103,470,MIL,PLGS,"SESAY, ANSU",2FGA,Missed Two Pointer,0,264,271,B,,,,35,06:00,58,66,
2007,RS,9,103,476,IST,PKCH,"HUTSON, ANDRE",FTM,Free Throw In,1,-1,-1, ,,,,37,04:00,58,67,
2007,RS,9,103,478,IST,PKCH,"HUTSON, ANDRE",FTM,Free Throw In,1,-1,-1, ,,,,37,04:00,58,68,
2007,RS,9,103,479,MIL,PKNZ,"WATSON, TRAVIS",2FGM,Two Pointer,2,2,-2,D,,,,37,04:00,60,68,
2007,RS,9,103,481,IST,PKOJ,"GREGORY, KENNY",3FGA,Missed Three Pointer,0,-707,-25,F,,,,37,04:00,60,68,
2007,RS,9,103,483,MIL,PKNZ,"WATSON, TRAVIS",2FGM,Two Pointer,2,-100,56,D,,,,37,04:00,62,68,
2007,RS,9,103,497,IST,PKOJ,"GREGORY, KENNY",2FGM,Two Pointer,2,97,41,C,,,,37,04:00,62,70,
2007,RS,9,103,500,MIL,P000664,"KATELYNAS, MINDAUGAS",3FGA,Missed Three Pointer,0,-346,620,J,,,,38,03:00,62,70,
2007,RS,9,103,502,IST,PKNG,"NICHOLAS, DREW",2FGM,Two Pointer,2,-102,61,D,,,,38,03:00,62,72,
2007,RS,9,103,505,MIL,PKNZ,"WATSON, TRAVIS",2FGM,Two Pointer,2,-2,-2,D,,,,38,03:00,64,72,
2007,RS,9,103,507,IST,PKCH,"HUTSON, ANDRE",2FGA,Missed Two Pointer,0,-79,48,D,,,,38,03:00,64,72,
2007,RS,9,103,512,MIL,PKNZ,"WATSON, TRAVIS",FTM,Free Throw In,1,-1,-1, ,,,,39,02:00,65,72,
2007,RS,9,103,516,IST,PBXD,"PENN, JAMES",2FGM,Two Pointer,2,-105,66,D,,,,39,02:00,65,74,
2007,RS,9,103,517,MIL,PTEQ,"ARADORI, PIETRO",2FGM,Two Pointer,2,376,310,B,,,,39,02:00,67,74,
2007,RS,9,103,518,IST,PBXD,"PENN, JAMES",3FGA,Missed Three Pointer,0,-689,-58,F,,,,39,02:00,67,74,
2007,RS,9,103,525,MIL,P000664,"KATELYNAS, MINDAUGAS",FTM,Free Throw In,1,-1,-1, ,,,,40,01:00,68,74,
2007,RS,9,103,526,MIL,P000664,"KATELYNAS, MINDAUGAS",FTM,Free Throw In,1,-1,-1, ,,,,40,01:00,69,74,
2007,RS,9,103,529,IST,PBXD,"PENN, JAMES",FTM,Free Throw In,1,-1,-1, ,,,,40,01:00,69,75,
2007,RS,9,103,530,IST,PBXD,"PENN, JAMES",FTM,Free Throw In,1,-1,-1, ,,,,40,01:00,69,76,
2007,RS,9,103,533,MIL,PAUT,"VUKCEVIC, DUSAN",2FGM,Two Pointer,2,-5,5,D,,,,40,01:00,71,76,
2007,RS,9,103,534,IST,PKCH,"HUTSON, ANDRE",2FGA,Missed Two Pointer,0,500,-10,B,,,,40,01:00,71,76,
2007,RS,9,103,536,MIL,PTEQ,"ARADORI, PIETRO",2FGM,Two Pointer,2,25,117,C,,,,40,01:00,73,76,
2007,RS,9,104,3,MAL,PAWS,"RODRIGUEZ, BERNI",3FGM,Three Pointer,3,535,400,A,,,,1,10:00,0,3,
2007,RS,9,104,5,CIB,PKXF,"AYUSO, LARRY",2FGA,Missed Two Pointer,0,-292,223,E,,,,1,10:00,0,3,
2007,RS,9,104,7,MAL,PAGQ,"WELSCH, JIRI",3FGM,Three Pointer,3,123,671,G,,,,1,10:00,0,6,
2007,RS,9,104,9,CIB,PLUI,"HOSKIN, SAM",2FGA,Missed Two Pointer,0,-182,179,D,,,,1,10:00,0,6,
2007,RS,9,104,14,MAL,PTGE,"NDONG, BONIFACE",2FGM,Two Pointer,2,-2,205,D,,,,2,09:00,0,8,
2007,RS,9,104,19,CIB,PLUI,"HOSKIN, SAM",2FGM,Two Pointer,2,-35,48,D,,,,2,09:00,2,8,
2007,RS,9,104,25,MAL,PKMV,"HAISLIP, MARCUS",2FGM,Two Pointer,2,0,5,D,,,,2,09:00,2,10,
2007,RS,9,104,30,MAL,PAWX,"CABEZAS, CARLOS",3FGM,Three Pointer,3,620,310,A,,,,3,08:00,2,13,
2007,RS,9,104,35,MAL,PKMV,"HAISLIP, MARCUS",2FGM,Two Pointer,2,10,2,C,,,,3,08:00,2,15,
2007,RS,9,104,38,CIB,PKXF,"AYUSO, LARRY",3FGA,Missed Three Pointer,0,-379,548,J,,,,4,07:00,2,15,
2007,RS,9,104,40,MAL,PKMV,"HAISLIP, MARCUS",2FGA,Missed Two Pointer,0,92,51,C,,,,4,07:00,2,15,
2007,RS,9,104,44,CIB,PLCC,"WARREN, CHRIS",2FGA,Missed Two Pointer,0,-7,120,D,,,,4,07:00,2,15,
2007,RS,9,104,52,CIB,PLCC,"WARREN, CHRIS",FTM,Free Throw In,1,-1,-1, ,,,,4,07:00,3,15,
2007,RS,9,104,60,CIB,PKXF,"AYUSO, LARRY",2FGM,Two Pointer,2,-100,66,D,,,,5,06:00,5,15,
2007,RS,9,104,65,MAL,PAGQ,"WELSCH, JIRI",3FGA,Missed Three Pointer,0,-643,51,F,,,,5,06:00,5,15,
2007,RS,9,104,68,CIB,PLCC,"WARREN, CHRIS",2FGM,Two Pointer,2,-69,148,D,,,,6,05:00,7,15,
2007,RS,9,104,69,MAL,PAGQ,"WELSCH, JIRI",3FGM,Three Pointer,3,46,653,G,,,,6,05:00,7,18,
2007,RS,9,104,71,CIB,PTFE,"KELLEY, TRE",2FGAB,Missed Two Pointer,0,-87,56,D,,,,6,05:00,7,18,
2007,RS,9,104,75,CIB,PLUI,"HOSKIN, SAM",2FGM,Two Pointer,2,-64,33,D,,,,6,05:00,9,18,
2007,RS,9,104,79,MAL,PAWX,"CABEZAS, CARLOS",2FGA,Missed Two Pointer,0,-66,112,D,,,,7,04:00,9,18,
2007,RS,9,104,81,CIB,PLCC,"WARREN, CHRIS",3FGAB,Missed Three Pointer,0,376,579,G,,,,7,04:00,9,18,
2007,RS,9,104,86,CIB,PTFE,"KELLEY, TRE",3FGM,Three Pointer,3,338,561,G,,,,8,03:00,12,18,
2007,RS,9,104,89,MAL,PBIM,"GABRIEL, GERMAN",3FGM,Three Pointer,3,384,569,G,,,,8,03:00,12,21,
2007,RS,9,104,91,CIB,PLUI,"HOSKIN, SAM",3FGAB,Missed Three Pointer,0,164,643,G,,,,8,03:00,12,21,
2007,RS,9,104,98,CIB,PKXF,"AYUSO, LARRY",2FGAB,Missed Two Pointer,0,-235,189,E,,,,9,02:00,12,21,
2007,RS,9,104,101,CIB,PLCC,"WARREN, CHRIS",2FGAB,Missed Two Pointer,0,-448,194,E,,,,9,02:00,12,21,
2007,RS,9,104,103,CIB,PKXF,"AYUSO, LARRY",2FGA,Missed Two Pointer,0,-71,41,D,,,,9,02:00,12,21,
2007,RS,9,104,107,CIB,PLUI,"HOSKIN, SAM",FTM,Free Throw In,1,-1,-1, ,,,,9,02:00,13,21,
2007,RS,9,104,108,CIB,PLUI,"HOSKIN, SAM",FTM,Free Throw In,1,-1,-1, ,,,,9,02:00,14,21,
2007,RS,9,104,109,MAL,PAWS,"RODRIGUEZ, BERNI",3FGM,Three Pointer,3,-300,628,J,,,,9,02:00,14,24,
2007,RS,9,104,111,CIB,PAON,"KRASIC, BARISA",3FGM,Three Pointer,3,-230,630,J,,,,10,01:00,17,24,
2007,RS,9,104,113,MAL,PBIM,"GABRIEL, GERMAN",2FGM,Two Pointer,2,-107,205,D,,,,10,01:00,17,26,
2007,RS,9,104,124,CIB,PTFE,"KELLEY, TRE",3FGM,Three Pointer,3,-46,761,J,,,,11,10:00,20,26,
2007,RS,9,104,127,CIB,PLUI,"HOSKIN, SAM",2FGM,Two Pointer,2,-33,51,D,,,,11,10:00,22,26,
2007,RS,9,104,130,CIB,PTFE,"KELLEY, TRE",2FGM,Two Pointer,2,46,30,C,,,,12,09:00,24,26,
2007,RS,9,104,133,MAL,PBIM,"GABRIEL, GERMAN",3FGA,Missed Three Pointer,0,366,569,G,,,,12,09:00,24,26,
2007,RS,9,104,136,MAL,PBOV,"POPOVIC, BOJAN",2FGM,Two Pointer,2,-305,387,E,,,,13,08:00,24,28,
2007,RS,9,104,145,MAL,PBIM,"GABRIEL, GERMAN",3FGA,Missed Three Pointer,0,-479,482,J,,,,13,08:00,24,28,
2007,RS,9,104,150,CIB,PLUI,"HOSKIN, SAM",FTM,Free Throw In,1,-1,-1, ,,,,14,07:00,25,28,
2007,RS,9,104,151,CIB,PLUI,"HOSKIN, SAM",FTM,Free Throw In,1,-1,-1, ,,,,14,07:00,26,28,
2007,RS,9,104,154,MAL,PBOV,"POPOVIC, BOJAN",3FGA,Missed Three Pointer,0,-405,548,J,,,,14,07:00,26,28,
2007,RS,9,104,156,CIB,PTFE,"KELLEY, TRE",2FGA,Missed Two Pointer,0,2,382,D,,,,14,07:00,26,28,
2007,RS,9,104,170,CIB,PKXF,"AYUSO, LARRY",2FGA,Missed Two Pointer,0,-76,89,D,,,,15,06:00,26,28,
2007,RS,9,104,172,CIB,PCJE,"KASTROPIL, FRANKO",2FGA,Missed Two Pointer,0,25,58,C,,,,15,06:00,26,28,
2007,RS,9,104,185,CIB,PKXF,"AYUSO, LARRY",3FGM,Three Pointer,3,466,669,G,,,,16,05:00,29,28,
2007,RS,9,104,188,MAL,PAGQ,"WELSCH, JIRI",FTM,Free Throw In,1,-1,-1, ,,,,16,05:00,29,29,
2007,RS,9,104,192,MAL,PAFJ,"KUS, DAVOR",3FGA,Missed Three Pointer,0,669,128,A,,,,17,04:00,29,29,
2007,RS,9,104,198,MAL,PAGQ,"WELSCH, JIRI",2FGM,Two Pointer,2,-58,58,D,,,,17,04:00,29,31,
2007,RS,9,104,201,CIB,PAON,"KRASIC, BARISA",2FGA,Missed Two Pointer,0,-276,-2,E,,,,18,03:00,29,31,
2007,RS,9,104,205,CIB,PJJV,"ROZIC, MARIN",2FGA,Missed Two Pointer,0,48,7,C,,,,18,03:00,29,31,
2007,RS,9,104,207,MAL,PAFJ,"KUS, DAVOR",3FGA,Missed Three Pointer,0,-669,138,F,,,,18,03:00,29,31,
2007,RS,9,104,210,CIB,PTFE,"KELLEY, TRE",2FGA,Missed Two Pointer,0,-48,566,I,,,,19,02:00,29,31,
2007,RS,9,104,212,MAL,P000002,"PRESTES, PAULO",2FGA,Missed Two Pointer,0,-48,58,D,,,,19,02:00,29,31,
2007,RS,9,104,219,CIB,PKXF,"AYUSO, LARRY",3FGM,Three Pointer,3,-543,392,F,,,,19,02:00,32,31,
2007,RS,9,104,221,MAL,PAAS,"JIMENEZ, CARLOS",3FGA,Missed Three Pointer,0,679,115,A,,,,19,02:00,32,31,
2007,RS,9,104,223,MAL,PAFJ,"KUS, DAVOR",3FGA,Missed Three Pointer,0,574,379,A,,,,19,02:00,32,31,
2007,RS,9,104,226,MAL,PBOV,"POPOVIC, BOJAN",3FGA,Missed Three Pointer,0,-656,235,F,,,,20,01:00,32,31,
2007,RS,9,104,228,CIB,PJJV,"ROZIC, MARIN",3FGA,Missed Three Pointer,0,333,574,G,,,,20,01:00,32,31,
2007,RS,9,104,230,CIB,PCJE,"KASTROPIL, FRANKO",2FGA,Missed Two Pointer,0,-71,46,D,,,,20,01:00,32,31,
2007,RS,9,104,234,MAL,PBOV,"POPOVIC, BOJAN",FTM,Free Throw In,1,-1,-1, ,,,,20,01:00,32,32,
2007,RS,9,104,237,CIB,PKXF,"AYUSO, LARRY",3FGA,Missed Three Pointer,0,-489,476,J,,,,20,01:00,32,32,
2007,RS,9,104,251,MAL,PKMV,"HAISLIP, MARCUS",2FGA,Missed Two Pointer,0,46,82,C,,,,21,10:00,32,32,
2007,RS,9,104,255,MAL,PAWX,"CABEZAS, CARLOS",3FGA,Missed Three Pointer,0,-417,510,J,,,,21,10:00,32,32,
2007,RS,9,104,260,CIB,PKXF,"AYUSO, LARRY",FTM,Free Throw In,1,-1,-1, ,,,,22,09:00,33,32,
2007,RS,9,104,263,MAL,PKMV,"HAISLIP, MARCUS",2FGAB,Missed Two Pointer,0,76,156,C,,,,22,09:00,33,32,
2007,RS,9,104,269,MAL,PAWS,"RODRIGUEZ, BERNI",3FGM,Three Pointer,3,494,451,G,,,,22,09:00,33,35,
2007,RS,9,104,274,CIB,PCJE,"KASTROPIL, FRANKO",FTM,Free Throw In,1,-1,-1, ,,,,23,08:00,34,35,
2007,RS,9,104,275,CIB,PCJE,"KASTROPIL, FRANKO",FTM,Free Throw In,1,-1,-1, ,,,,23,08:00,35,35,
2007,RS,9,104,282,MAL,PAWS,"RODRIGUEZ, BERNI",2FGM,Two Pointer,2,79,38,C,,,,23,08:00,35,37,
2007,RS,9,104,284,CIB,PKXF,"AYUSO, LARRY",3FGA,Missed Three Pointer,0,-182,643,J,,,,24,07:00,35,37,
2007,RS,9,104,288,MAL,PKMV,"HAISLIP, MARCUS",2FGM,Two Pointer,2,-12,115,D,,,,24,07:00,35,39,
2007,RS,9,104,291,MAL,PKMV,"HAISLIP, MARCUS",FTM,Free Throw In,1,-1,-1, ,,,,24,07:00,35,40,
2007,RS,9,104,293,CIB,PTFD,"VUKUSIC, VEDRAN",2FGA,Missed Two Pointer,0,351,438,H,,,,25,06:00,35,40,
2007,RS,9,104,295,MAL,PKMV,"HAISLIP, MARCUS",2FGA,Missed Two Pointer,0,305,94,B,,,,25,06:00,35,40,
2007,RS,9,104,301,MAL,PAWX,"CABEZAS, CARLOS",2FGA,Missed Two Pointer,0,0,225,D,,,,25,06:00,35,40,
2007,RS,9,104,315,CIB,PKXF,"AYUSO, LARRY",3FGA,Missed Three Pointer,0,-20,676,J,,,,26,05:00,35,40,
2007,RS,9,104,322,CIB,PLUI,"HOSKIN, SAM",2FGAB,Missed Two Pointer,0,-5,141,D,,,,26,05:00,35,40,
2007,RS,9,104,326,MAL,PTGE,"NDONG, BONIFACE",2FGA,Missed Two Pointer,0,-5,215,D,,,,26,05:00,35,40,
2007,RS,9,104,328,CIB,PTFD,"VUKUSIC, VEDRAN",2FGM,Two Pointer,2,-35,102,D,,,,26,05:00,37,40,
2007,RS,9,104,330,MAL,PBIM,"GABRIEL, GERMAN",3FGM,Three Pointer,3,64,669,G,,,,27,04:00,37,43,
2007,RS,9,104,331,CIB,PTFE,"KELLEY, TRE",3FGA,Missed Three Pointer,0,164,661,G,,,,27,04:00,37,43,
2007,RS,9,104,339,MAL,PBIM,"GABRIEL, GERMAN",FTM,Free Throw In,1,-1,-1, ,,,,28,03:00,37,44,
2007,RS,9,104,340,CIB,PLCC,"WARREN, CHRIS",2FGM,Two Pointer,2,64,33,C,,,,28,03:00,39,44,
2007,RS,9,104,343,MAL,PAWS,"RODRIGUEZ, BERNI",3FGA,Missed Three Pointer,0,46,671,G,,,,28,03:00,39,44,
2007,RS,9,104,353,CIB,PAON,"KRASIC, BARISA",3FGA,Missed Three Pointer,0,651,69,A,,,,29,02:00,39,44,
2007,RS,9,104,357,MAL,PAWX,"CABEZAS, CARLOS",FTM,Free Throw In,1,-1,-1, ,,,,29,02:00,39,45,
2007,RS,9,104,358,MAL,PAWX,"CABEZAS, CARLOS",FTM,Free Throw In,1,-1,-1, ,,,,29,02:00,39,46,
2007,RS,9,104,359,CIB,PAON,"KRASIC, BARISA",2FGA,Missed Two Pointer,0,-320,284,E,,,,29,02:00,39,46,
2007,RS,9,104,361,MAL,PAWX,"CABEZAS, CARLOS",3FGA,Missed Three Pointer,0,389,574,G,,,,29,02:00,39,46,
2007,RS,9,104,363,CIB,PLCC,"WARREN, CHRIS",2FGM,Two Pointer,2,594,17,B,,,,29,02:00,41,46,
2007,RS,9,104,367,MAL,PAGQ,"WELSCH, JIRI",FTM,Free Throw In,1,-1,-1, ,,,,30,01:00,41,47,
2007,RS,9,104,368,MAL,PAGQ,"WELSCH, JIRI",FTM,Free Throw In,1,-1,-1, ,,,,30,01:00,41,48,
2007,RS,9,104,371,CIB,PLUI,"HOSKIN, SAM",2FGM,Two Pointer,2,-53,76,D,,,,30,01:00,43,48,
2007,RS,9,104,373,MAL,PTGE,"NDONG, BONIFACE",2FGM,Two Pointer,2,-125,138,D,,,,30,01:00,43,50,
2007,RS,9,104,378,CIB,PAON,"KRASIC, BARISA",2FGM,Two Pointer,2,-328,171,E,,,,31,10:00,45,50,
2007,RS,9,104,380,MAL,PBOV,"POPOVIC, BOJAN",FTM,Free Throw In,1,-1,-1, ,,,,31,10:00,45,51,
2007,RS,9,104,381,MAL,PBOV,"POPOVIC, BOJAN",FTM,Free Throw In,1,-1,-1, ,,,,31,10:00,45,52,
2007,RS,9,104,382,MAL,PTGE,"NDONG, BONIFACE",2FGM,Two Pointer,2,10,5,C,,,,31,10:00,45,54,
2007,RS,9,104,385,CIB,PJJV,"ROZIC, MARIN",2FGA,Missed Two Pointer,0,0,264,D,,,,32,09:00,45,54,
2007,RS,9,104,387,MAL,PTGE,"NDONG, BONIFACE",2FGA,Missed Two Pointer,0,-97,125,D,,,,32,09:00,45,54,
2007,RS,9,104,391,CIB,PLCC,"WARREN, CHRIS",3FGA,Missed Three Pointer,0,538,533,G,,,,32,09:00,45,54,
2007,RS,9,104,395,CIB,PLCC,"WARREN, CHRIS",2FGM,Two Pointer,2,-38,58,D,,,,32,09:00,47,54,
2007,RS,9,104,399,CIB,PLCC,"WARREN, CHRIS",FTM,Free Throw In,1,-1,-1, ,,,,32,09:00,48,54,
2007,RS,9,104,402,CIB,PLUI,"HOSKIN, SAM",2FGM,Two Pointer,2,302,302,B,,,,33,08:00,50,54,
2007,RS,9,104,412,CIB,PKXF,"AYUSO, LARRY",2FGM,Two Pointer,2,-130,169,D,,,,34,07:00,52,54,
2007,RS,9,104,415,MAL,PAWX,"CABEZAS, CARLOS",3FGM,Three Pointer,3,628,246,A,,,,34,07:00,52,57,
2007,RS,9,104,418,CIB,PLCC,"WARREN, CHRIS",2FGA,Missed Two Pointer,0,258,423,B,,,,35,06:00,52,57,
2007,RS,9,104,421,MAL,PAWS,"RODRIGUEZ, BERNI",3FGA,Missed Three Pointer,0,-666,51,F,,,,35,06:00,52,57,
2007,RS,9,104,423,MAL,PBIM,"GABRIEL, GERMAN",3FGA,Missed Three Pointer,0,-653,102,F,,,,35,06:00,52,57,
2007,RS,9,104,426,CIB,PKXF,"AYUSO, LARRY",2FGM,Two Pointer,2,-53,89,D,,,,36,05:00,54,57,
2007,RS,9,104,427,MAL,PAGQ,"WELSCH, JIRI",2FGA,Missed Two Pointer,0,-123,448,I,,,,36,05:00,54,57,
2007,RS,9,104,429,CIB,PLCC,"WARREN, CHRIS",3FGM,Three Pointer,3,210,630,G,,,,36,05:00,57,57,
2007,RS,9,104,436,MAL,PAWX,"CABEZAS, CARLOS",2FGA,Missed Two Pointer,0,-87,292,D,,,,37,04:00,57,57,
2007,RS,9,104,444,MAL,PAWS,"RODRIGUEZ, BERNI",FTM,Free Throw In,1,-1,-1, ,,,,37,04:00,57,58,
2007,RS,9,104,445,MAL,PAWS,"RODRIGUEZ, BERNI",FTM,Free Throw In,1,-1,-1, ,,,,37,04:00,57,59,
2007,RS,9,104,448,MAL,PAWX,"CABEZAS, CARLOS",3FGM,Three Pointer,3,-323,600,J,,,,37,04:00,57,62,
2007,RS,9,104,451,CIB,PTFE,"KELLEY, TRE",2FGA,Missed Two Pointer,0,-51,97,D,,,,37,04:00,57,62,
2007,RS,9,104,454,MAL,PKMV,"HAISLIP, MARCUS",2FGM,Two Pointer,2,356,233,B,,,,38,03:00,57,64,
2007,RS,9,104,459,MAL,PKMV,"HAISLIP, MARCUS",2FGM,Two Pointer,2,56,66,C,,,,39,02:00,57,66,
2007,RS,9,104,463,MAL,PKMV,"HAISLIP, MARCUS",FTM,Free Throw In,1,-1,-1, ,,,,39,02:00,57,67,
2007,RS,9,104,466,MAL,PAGQ,"WELSCH, JIRI",2FGM,Two Pointer,2,-435,405,E,,,,39,02:00,57,69,
2007,RS,9,104,468,CIB,PTFD,"VUKUSIC, VEDRAN",2FGM,Two Pointer,2,-69,48,D,,,,39,02:00,59,69,
2007,RS,9,104,470,MAL,PKMV,"HAISLIP, MARCUS",3FGM,Three Pointer,3,489,484,G,,,,39,02:00,59,72,
2007,RS,9,104,473,CIB,PLCC,"WARREN, CHRIS",FTM,Free Throw In,1,-1,-1, ,,,,39,02:00,60,72,
2007,RS,9,104,478,CIB,PKXF,"AYUSO, LARRY",3FGA,Missed Three Pointer,0,384,584,G,,,,39,02:00,60,72,
2007,RS,9,104,483,MAL,PAGQ,"WELSCH, JIRI",FTM,Free Throw In,1,-1,-1, ,,,,40,01:00,60,73,
2007,RS,9,104,484,MAL,PAGQ,"WELSCH, JIRI",FTM,Free Throw In,1,-1,-1, ,,,,40,01:00,60,74,
2007,RS,9,104,489,CIB,PTFD,"VUKUSIC, VEDRAN",2FGM,Two Pointer,2,35,76,C,,,,40,01:00,62,74,
2007,RS,9,104,493,MAL,PAWS,"RODRIGUEZ, BERNI",FTM,Free Throw In,1,-1,-1, ,,,,40,01:00,62,75,
2007,RS,9,104,494,MAL,PAWS,"RODRIGUEZ, BERNI",FTM,Free Throw In,1,-1,-1, ,,,,40,01:00,62,76,
2007,RS,9,104,495,CIB,PKXF,"AYUSO, LARRY",2FGA,Missed Two Pointer,0,12,200,C,,,,40,01:00,62,76,
2007,RS,9,104,497,MAL,PKMV,"HAISLIP, MARCUS",3FGA,Missed Three Pointer,0,-546,376,F,,,,40,01:00,62,76,
2007,RS,9,105,2,ULK,PTFI,"VIDMAR, GASPER",2FGA,Missed Two Pointer,0,-207,135,D,,,,1,10:00,0,0,
2007,RS,9,105,4,BAR,PLGC,"ACKER, ALEX",2FGM,Two Pointer,2,76,33,C,,,,1,10:00,0,2,
2007,RS,9,105,5,ULK,PARO,"ONAN, OMER",2FGA,Missed Two Pointer,0,-400,184,E,,,,1,10:00,0,2,
2007,RS,9,105,8,BAR,PLGC,"ACKER, ALEX",3FGA,Missed Three Pointer,0,341,597,G,,,,1,10:00,0,2,
2007,RS,9,105,12,BAR,PATA,"LAKOVIC, JAKA",2FGM,Two Pointer,2,156,374,C,,,,2,09:00,0,4,
2007,RS,9,105,13,ULK,PAYR,"TURKCAN, MIRSAD",2FGA,Missed Two Pointer,0,197,97,C,,,,2,09:00,0,4,
2007,RS,9,105,15,BAR,PLGC,"ACKER, ALEX",2FGM,Two Pointer,2,7,97,C,,,,2,09:00,0,6,
2007,RS,9,105,22,ULK,PCOS,"SOLOMON, WILLIE",2FGM,Two Pointer,2,182,169,C,,,,3,08:00,2,6,
2007,RS,9,105,23,BAR,PJJF,"TRIAS, JORDI",2FGA,Missed Two Pointer,0,15,397,C,,,,3,08:00,2,6,
2007,RS,9,105,26,ULK,PTFI,"VIDMAR, GASPER",2FGM,Two Pointer,2,69,20,C,,,,4,07:00,4,6,
2007,RS,9,105,27,BAR,PATA,"LAKOVIC, JAKA",3FGM,Three Pointer,3,-448,502,J,,,,4,07:00,4,9,
2007,RS,9,105,29,ULK,PAYR,"TURKCAN, MIRSAD",3FGA,Missed Three Pointer,0,43,682,G,,,,5,06:00,4,9,
2007,RS,9,105,36,ULK,PTFI,"VIDMAR, GASPER",2FGM,Two Pointer,2,-30,128,D,,,,5,06:00,6,9,
2007,RS,9,105,39,ULK,PTFH,"PRELDZIC, EMIR",3FGA,Missed Three Pointer,0,361,576,G,,,,5,06:00,6,9,
2007,RS,9,105,41,BAR,PLGC,"ACKER, ALEX",2FGM,Two Pointer,2,-74,0,D,,,,5,06:00,6,11,
2007,RS,9,105,43,ULK,PCOS,"SOLOMON, WILLIE",3FGA,Missed Three Pointer,0,-564,451,J,,,,6,05:00,6,11,
2007,RS,9,105,56,ULK,PTFH,"PRELDZIC, EMIR",3FGM,Three Pointer,3,-397,569,J,,,,6,05:00,9,11,
2007,RS,9,105,59,BAR,PBOD,"KASUN, MARIO",2FGM,Two Pointer,2,94,33,C,,,,7,04:00,9,13,
2007,RS,9,105,60,ULK,PAYR,"TURKCAN, MIRSAD",2FGA,Missed Two Pointer,0,-566,28,E,,,,7,04:00,9,13,
2007,RS,9,105,62,BAR,PBOD,"KASUN, MARIO",2FGA,Missed Two Pointer,0,-10,130,D,,,,7,04:00,9,13,
2007,RS,9,105,76,ULK,PLGA,"KAAN, DAMIR",3FGA,Missed Three Pointer,0,615,317,A,,,,8,03:00,9,13,
2007,RS,9,105,79,ULK,PAYR,"TURKCAN, MIRSAD",2FGM,Two Pointer,2,84,43,C,,,,9,02:00,11,13,
2007,RS,9,105,83,ULK,PAYR,"TURKCAN, MIRSAD",FTM,Free Throw In,1,-1,-1, ,,,,9,02:00,12,13,
2007,RS,9,105,84,BAR,PJKP,"ILYASOVA, ERSAN",3FGM,Three Pointer,3,146,661,G,,,,9,02:00,12,16,
2007,RS,9,105,88,BAR,PBOD,"KASUN, MARIO",2FGM,Two Pointer,2,-176,17,D,,,,10,01:00,12,18,
2007,RS,9,105,90,ULK,PTHC,"WHITE, JAMES",3FGM,Three Pointer,3,682,-28,A,,,,10,01:00,15,18,
2007,RS,9,105,95,BAR,PADS,"BASILE, GIANLUCA",FTM,Free Throw In,1,-1,-1, ,,,,10,01:00,15,19,
2007,RS,9,105,96,ULK,PTFI,"VIDMAR, GASPER",2FGAB,Missed Two Pointer,0,-141,41,D,,,,10,01:00,15,19,
2007,RS,9,105,102,BAR,PAZU,"SANCHEZ, PEPE",FTM,Free Throw In,1,-1,-1, ,,,,10,01:00,15,20,
2007,RS,9,105,103,BAR,PAZU,"SANCHEZ, PEPE",FTM,Free Throw In,1,-1,-1, ,,,,10,01:00,15,21,
2007,RS,9,105,104,ULK,PCOS,"SOLOMON, WILLIE",3FGA,Missed Three Pointer,0,682,10,A,,,,10,01:00,15,21,
2007,RS,9,105,107,BAR,PADS,"BASILE, GIANLUCA",2FGA,Missed Two Pointer,0,-25,556,I,,,,11,10:00,15,21,
2007,RS,9,105,109,BAR,PJKP,"ILYASOVA, ERSAN",2FGM,Two Pointer,2,23,71,C,,,,11,10:00,15,23,
2007,RS,9,105,110,ULK,PTHC,"WHITE, JAMES",2FGM,Two Pointer,2,-20,184,D,,,,11,10:00,17,23,
2007,RS,9,105,111,BAR,PBOD,"KASUN, MARIO",2FGM,Two Pointer,2,0,-7,D,,,,11,10:00,17,25,
2007,RS,9,105,123,BAR,PBOD,"KASUN, MARIO",2FGM,Two Pointer,2,2,7,D,,,,12,09:00,17,27,
2007,RS,9,105,124,ULK,PTHC,"WHITE, JAMES",3FGM,Three Pointer,3,-689,-92,F,,,,12,09:00,20,27,
2007,RS,9,105,126,BAR,PLGC,"ACKER, ALEX",2FGAB,Missed Two Pointer,0,-169,43,D,,,,12,09:00,20,27,
2007,RS,9,105,130,BAR,PJKP,"ILYASOVA, ERSAN",3FGA,Missed Three Pointer,0,-684,84,F,,,,12,09:00,20,27,
2007,RS,9,105,134,ULK,PLGA,"KAAN, DAMIR",3FGA,Missed Three Pointer,0,-574,397,F,,,,13,08:00,20,27,
2007,RS,9,105,136,ULK,PTHC,"WHITE, JAMES",2FGAB,Missed Two Pointer,0,-15,89,D,,,,13,08:00,20,27,
2007,RS,9,105,143,BAR,PBKE,"GRIMAU, ROGER",2FGM,Two Pointer,2,87,41,C,,,,14,07:00,20,29,
2007,RS,9,105,144,ULK,PJPF,"SAVAS, OGUZ",2FGM,Two Pointer,2,156,48,C,,,,14,07:00,22,29,
2007,RS,9,105,145,BAR,PLGC,"ACKER, ALEX",2FGM,Two Pointer,2,107,35,C,,,,14,07:00,22,31,
2007,RS,9,105,147,ULK,PTHC,"WHITE, JAMES",2FGA,Missed Two Pointer,0,-266,58,E,,,,14,07:00,22,31,
2007,RS,9,105,164,ULK,PARO,"ONAN, OMER",FTM,Free Throw In,1,-1,-1, ,,,,15,06:00,23,31,
2007,RS,9,105,165,BAR,PBKE,"GRIMAU, ROGER",2FGM,Two Pointer,2,335,325,B,,,,15,06:00,23,33,
2007,RS,9,105,167,ULK,PARO,"ONAN, OMER",3FGA,Missed Three Pointer,0,46,669,G,,,,16,05:00,23,33,
2007,RS,9,105,169,BAR,PAZU,"SANCHEZ, PEPE",3FGA,Missed Three Pointer,0,-12,684,J,,,,16,05:00,23,33,
2007,RS,9,105,171,ULK,PARO,"ONAN, OMER",2FGM,Two Pointer,2,-110,12,D,,,,16,05:00,25,33,
2007,RS,9,105,172,BAR,PBKE,"GRIMAU, ROGER",2FGM,Two Pointer,2,-92,30,D,,,,16,05:00,25,35,
2007,RS,9,105,182,ULK,PLGR,"BASAK, RASIM",3FGM,Three Pointer,3,-689,-74,F,,,,17,04:00,28,35,
2007,RS,9,105,184,BAR,PATA,"LAKOVIC, JAKA",2FGA,Missed Two Pointer,0,200,117,C,,,,17,04:00,28,35,
2007,RS,9,105,186,ULK,PTHC,"WHITE, JAMES",2FGM,Two Pointer,2,-15,10,D,,,,17,04:00,30,35,
2007,RS,9,105,194,ULK,PTHC,"WHITE, JAMES",2FGM,Two Pointer,2,-10,20,D,,,,18,03:00,32,35,
2007,RS,9,105,196,BAR,PBOD,"KASUN, MARIO",2FGM,Two Pointer,2,-20,133,D,,,,18,03:00,32,37,
2007,RS,9,105,199,ULK,PJPF,"SAVAS, OGUZ",3FGM,Three Pointer,3,-307,610,J,,,,19,02:00,35,37,
2007,RS,9,105,205,BAR,PATA,"LAKOVIC, JAKA",FTM,Free Throw In,1,-1,-1, ,,,,19,02:00,35,38,
2007,RS,9,105,210,BAR,PATA,"LAKOVIC, JAKA",2FGA,Missed Two Pointer,0,5,110,C,,,,19,02:00,35,38,
2007,RS,9,105,212,ULK,PLGR,"BASAK, RASIM",3FGM,Three Pointer,3,-674,-102,F,,,,19,02:00,38,38,
2007,RS,9,105,217,BAR,PJJF,"TRIAS, JORDI",2FGM,Two Pointer,2,112,28,C,,,,20,01:00,38,40,
2007,RS,9,105,219,ULK,PLFV,"DEMIREL, HAKAN",3FGM,Three Pointer,3,528,423,A,,,,20,01:00,41,40,
2007,RS,9,105,221,BAR,PATA,"LAKOVIC, JAKA",3FGM,Three Pointer,3,-451,482,J,,,,20,01:00,41,43,
2007,RS,9,105,226,ULK,PJPF,"SAVAS, OGUZ",2FGA,Missed Two Pointer,0,87,79,C,,,,21,10:00,41,43,
2007,RS,9,105,228,BAR,PBKE,"GRIMAU, ROGER",2FGM,Two Pointer,2,-7,171,D,,,,21,10:00,41,45,
2007,RS,9,105,230,ULK,PJPF,"SAVAS, OGUZ",2FGAB,Missed Two Pointer,0,120,71,C,,,,21,10:00,41,45,
2007,RS,9,105,234,ULK,PJPF,"SAVAS, OGUZ",2FGAB,Missed Two Pointer,0,-105,38,D,,,,21,10:00,41,45,
2007,RS,9,105,240,BAR,PBOD,"KASUN, MARIO",2FGA,Missed Two Pointer,0,-194,146,D,,,,22,09:00,41,45,
2007,RS,9,105,242,ULK,PLGR,"BASAK, RASIM",2FGA,Missed Two Pointer,0,-7,0,D,,,,22,09:00,41,45,
2007,RS,9,105,244,BAR,PBKE,"GRIMAU, ROGER",3FGA,Missed Three Pointer,0,-682,-20,F,,,,22,09:00,41,45,
2007,RS,9,105,249,BAR,PBKE,"GRIMAU, ROGER",3FGM,Three Pointer,3,-612,335,F,,,,22,09:00,41,48,
2007,RS,9,105,252,ULK,PLGR,"BASAK, RASIM",2FGA,Missed Two Pointer,0,12,474,H,,,,23,08:00,41,48,
2007,RS,9,105,254,BAR,PBOD,"KASUN, MARIO",2FGM,Two Pointer,2,182,102,C,,,,23,08:00,41,50,
2007,RS,9,105,257,ULK,PTHC,"WHITE, JAMES",3FGA,Missed Three Pointer,0,682,20,A,,,,24,07:00,41,50,
2007,RS,9,105,259,BAR,PATA,"LAKOVIC, JAKA",3FGM,Three Pointer,3,-264,635,J,,,,24,07:00,41,53,
2007,RS,9,105,260,ULK,PLGR,"BASAK, RASIM",3FGM,Three Pointer,3,353,638,G,,,,24,07:00,44,53,
2007,RS,9,105,262,BAR,PJJF,"TRIAS, JORDI",2FGAB,Missed Two Pointer,0,-125,100,D,,,,24,07:00,44,53,
2007,RS,9,105,271,ULK,PAYR,"TURKCAN, MIRSAD",2FGA,Missed Two Pointer,0,241,235,B,,,,25,06:00,44,53,
2007,RS,9,105,275,ULK,PAYR,"TURKCAN, MIRSAD",FTM,Free Throw In,1,-1,-1, ,,,,25,06:00,45,53,
2007,RS,9,105,276,ULK,PAYR,"TURKCAN, MIRSAD",FTM,Free Throw In,1,-1,-1, ,,,,25,06:00,46,53,
2007,RS,9,105,277,BAR,PJJF,"TRIAS, JORDI",2FGM,Two Pointer,2,217,112,C,,,,25,06:00,46,55,
2007,RS,9,105,279,ULK,PCOS,"SOLOMON, WILLIE",3FGA,Missed Three Pointer,0,-158,671,J,,,,25,06:00,46,55,
2007,RS,9,105,281,ULK,P000709,"ASIK, OMER FARUK",2FGA,Missed Two Pointer,0,105,107,C,,,,25,06:00,46,55,
2007,RS,9,105,284,BAR,PBOD,"KASUN, MARIO",2FGAB,Missed Two Pointer,0,115,89,C,,,,26,05:00,46,55,
2007,RS,9,105,291,ULK,PTHC,"WHITE, JAMES",FTM,Free Throw In,1,-1,-1, ,,,,26,05:00,47,55,
2007,RS,9,105,292,BAR,PATA,"LAKOVIC, JAKA",3FGA,Missed Three Pointer,0,107,707,G,,,,26,05:00,47,55,
2007,RS,9,105,299,ULK,PTHC,"WHITE, JAMES",2FGM,Two Pointer,2,61,84,C,,,,26,05:00,49,55,
2007,RS,9,105,304,BAR,PJKP,"ILYASOVA, ERSAN",2FGM,Two Pointer,2,2,15,D,,,,26,05:00,49,57,
2007,RS,9,105,307,ULK,PTHC,"WHITE, JAMES",2FGA,Missed Two Pointer,0,-215,174,D,,,,27,04:00,49,57,
2007,RS,9,105,309,BAR,PADS,"BASILE, GIANLUCA",3FGM,Three Pointer,3,-533,610,J,,,,27,04:00,49,60,
2007,RS,9,105,311,ULK,PAYR,"TURKCAN, MIRSAD",2FGA,Missed Two Pointer,0,-387,48,E,,,,28,03:00,49,60,
2007,RS,9,105,313,BAR,PATA,"LAKOVIC, JAKA",3FGM,Three Pointer,3,-484,497,J,,,,28,03:00,49,63,
2007,RS,9,105,314,ULK,PCOS,"SOLOMON, WILLIE",2FGA,Missed Two Pointer,0,-10,161,D,,,,28,03:00,49,63,
2007,RS,9,105,316,BAR,PATA,"LAKOVIC, JAKA",3FGA,Missed Three Pointer,0,376,594,G,,,,28,03:00,49,63,
2007,RS,9,105,327,ULK,P000709,"ASIK, OMER FARUK",FTM,Free Throw In,1,-1,-1, ,,,,29,02:00,50,63,
2007,RS,9,105,332,ULK,PLFV,"DEMIREL, HAKAN",2FGM,Two Pointer,2,79,43,C,,,,29,02:00,52,63,
2007,RS,9,105,335,ULK,PARO,"ONAN, OMER",2FGM,Two Pointer,2,120,56,C,,,,29,02:00,54,63,
2007,RS,9,105,341,ULK,PAYR,"TURKCAN, MIRSAD",2FGA,Missed Two Pointer,0,-430,346,E,,,,30,01:00,54,63,
2007,RS,9,105,343,ULK,P000709,"ASIK, OMER FARUK",2FGA,Missed Two Pointer,0,-38,82,D,,,,30,01:00,54,63,
2007,RS,9,105,347,ULK,PAYR,"TURKCAN, MIRSAD",FTM,Free Throw In,1,-1,-1, ,,,,30,01:00,55,63,
2007,RS,9,105,348,ULK,PAYR,"TURKCAN, MIRSAD",FTM,Free Throw In,1,-1,-1, ,,,,30,01:00,56,63,
2007,RS,9,105,349,BAR,PLGC,"ACKER, ALEX",2FGAB,Missed Two Pointer,0,364,71,B,,,,30,01:00,56,63,
2007,RS,9,105,360,BAR,PADS,"BASILE, GIANLUCA",FTM,Free Throw In,1,-1,-1, ,,,,31,10:00,56,64,
2007,RS,9,105,363,ULK,PAYR,"TURKCAN, MIRSAD",2FGM,Two Pointer,2,-28,105,D,,,,31,10:00,58,64,
2007,RS,9,105,372,ULK,PAYR,"TURKCAN, MIRSAD",2FGM,Two Pointer,2,-17,287,D,,,,32,09:00,60,64,
2007,RS,9,105,380,ULK,P000709,"ASIK, OMER FARUK",2FGA,Missed Two Pointer,0,-25,117,D,,,,33,08:00,60,64,
2007,RS,9,105,386,BAR,PBKE,"GRIMAU, ROGER",2FGA,Missed Two Pointer,0,143,30,C,,,,33,08:00,60,64,
2007,RS,9,105,388,BAR,PAZU,"SANCHEZ, PEPE",2FGM,Two Pointer,2,-125,141,D,,,,33,08:00,60,66,
2007,RS,9,105,390,ULK,PAYR,"TURKCAN, MIRSAD",2FGM,Two Pointer,2,-2,174,D,,,,34,07:00,62,66,
2007,RS,9,105,395,BAR,PJKP,"ILYASOVA, ERSAN",FTM,Free Throw In,1,-1,-1, ,,,,34,07:00,62,67,
2007,RS,9,105,400,ULK,PJPF,"SAVAS, OGUZ",2FGA,Missed Two Pointer,0,105,56,C,,,,34,07:00,62,67,
2007,RS,9,105,402,BAR,PLGC,"ACKER, ALEX",2FGM,Two Pointer,2,-123,43,D,,,,34,07:00,62,69,
2007,RS,9,105,409,BAR,PLGC,"ACKER, ALEX",FTM,Free Throw In,1,-1,-1, ,,,,34,07:00,62,70,
2007,RS,9,105,411,ULK,P000709,"ASIK, OMER FARUK",2FGAB,Missed Two Pointer,0,115,100,C,,,,35,06:00,62,70,
2007,RS,9,105,415,BAR,PJJF,"TRIAS, JORDI",2FGM,Two Pointer,2,-2,30,D,,,,35,06:00,62,72,
2007,RS,9,105,417,ULK,P000709,"ASIK, OMER FARUK",2FGM,Two Pointer,2,-15,2,D,,,,35,06:00,64,72,
2007,RS,9,105,418,BAR,PBKE,"GRIMAU, ROGER",3FGA,Missed Three Pointer,0,-594,358,F,,,,35,06:00,64,72,
2007,RS,9,105,425,BAR,PBKE,"GRIMAU, ROGER",FTM,Free Throw In,1,-1,-1, ,,,,36,05:00,64,73,
2007,RS,9,105,426,BAR,PBKE,"GRIMAU, ROGER",FTM,Free Throw In,1,-1,-1, ,,,,36,05:00,64,74,
2007,RS,9,105,427,ULK,PCOS,"SOLOMON, WILLIE",3FGA,Missed Three Pointer,0,507,484,G,,,,36,05:00,64,74,
2007,RS,9,105,430,BAR,PBKE,"GRIMAU, ROGER",2FGAB,Missed Two Pointer,0,-76,158,D,,,,36,05:00,64,74,
2007,RS,9,105,433,ULK,PAYR,"TURKCAN, MIRSAD",3FGM,Three Pointer,3,25,738,G,,,,36,05:00,67,74,
2007,RS,9,105,436,BAR,PAZU,"SANCHEZ, PEPE",3FGA,Missed Three Pointer,0,-289,646,J,,,,37,04:00,67,74,
2007,RS,9,105,438,ULK,PAYR,"TURKCAN, MIRSAD",2FGAB,Missed Two Pointer,0,-100,69,D,,,,37,04:00,67,74,
2007,RS,9,105,444,ULK,PAYR,"TURKCAN, MIRSAD",FTM,Free Throw In,1,-1,-1, ,,,,37,04:00,68,74,
2007,RS,9,105,445,ULK,PAYR,"TURKCAN, MIRSAD",FTM,Free Throw In,1,-1,-1, ,,,,37,04:00,69,74,
2007,RS,9,105,452,BAR,PBOD,"KASUN, MARIO",2FGAB,Missed Two Pointer,0,35,143,C,,,,37,04:00,69,74,
2007,RS,9,105,456,ULK,P000709,"ASIK, OMER FARUK",2FGA,Missed Two Pointer,0,-112,35,D,,,,38,03:00,69,74,
2007,RS,9,105,458,ULK,P000709,"ASIK, OMER FARUK",2FGM,Two Pointer,2,-94,74,D,,,,38,03:00,71,74,
2007,RS,9,105,469,BAR,PATA,"LAKOVIC, JAKA",FTM,Free Throw In,1,-1,-1, ,,,,38,03:00,71,75,
2007,RS,9,105,470,BAR,PATA,"LAKOVIC, JAKA",FTM,Free Throw In,1,-1,-1, ,,,,38,03:00,71,76,
2007,RS,9,105,471,ULK,PCOS,"SOLOMON, WILLIE",2FGM,Two Pointer,2,-202,541,I,,,,38,03:00,73,76,
2007,RS,9,105,473,BAR,PLGC,"ACKER, ALEX",2FGA,Missed Two Pointer,0,489,25,B,,,,39,02:00,73,76,
2007,RS,9,105,475,BAR,PATA,"LAKOVIC, JAKA",3FGA,Missed Three Pointer,0,-661,94,F,,,,39,02:00,73,76,
2007,RS,9,105,477,ULK,PCOS,"SOLOMON, WILLIE",2FGM,Two Pointer,2,87,46,C,,,,39,02:00,75,76,
2007,RS,9,105,479,BAR,PAZU,"SANCHEZ, PEPE",2FGM,Two Pointer,2,17,556,H,,,,39,02:00,75,78,
2007,RS,9,105,482,ULK,P000709,"ASIK, OMER FARUK",FTM,Free Throw In,1,-1,-1, ,,,,39,02:00,76,78,
2007,RS,9,105,485,BAR,PATA,"LAKOVIC, JAKA",3FGM,Three Pointer,3,253,633,G,,,,39,02:00,76,81,
2007,RS,9,105,487,ULK,PTHC,"WHITE, JAMES",3FGA,Missed Three Pointer,0,643,356,A,,,,40,01:00,76,81,
2007,RS,9,105,491,BAR,PAZU,"SANCHEZ, PEPE",FTM,Free Throw In,1,-1,-1, ,,,,40,01:00,76,82,
2007,RS,9,105,492,BAR,PAZU,"SANCHEZ, PEPE",FTM,Free Throw In,1,-1,-1, ,,,,40,01:00,76,83,
2007,RS,9,105,495,ULK,PTHC,"WHITE, JAMES",FTM,Free Throw In,1,-1,-1, ,,,,40,01:00,77,83,
2007,RS,9,105,496,ULK,PTHC,"WHITE, JAMES",FTM,Free Throw In,1,-1,-1, ,,,,40,01:00,78,83,
2007,RS,9,105,499,BAR,PATA,"LAKOVIC, JAKA",FTM,Free Throw In,1,-1,-1, ,,,,40,01:00,78,84,
2007,RS,9,105,500,BAR,PATA,"LAKOVIC, JAKA",FTM,Free Throw In,1,-1,-1, ,,,,40,01:00,78,85,
2007,RS,9,105,502,ULK,P000709,"ASIK, OMER FARUK",3FGA,Missed Three Pointer,0,-307,615,J,,,,40,01:00,78,85,
2007,RS,9,106,2,PAR,PTGU,"PALACIO, MILT",2FGA,Missed Two Pointer,0,-74,12,D,,,,1,10:00,0,0,
2007,RS,9,106,4,ROA,PTEU,"SALYERS, MARC",3FGA,Missed Three Pointer,0,-579,466,J,,,,1,10:00,0,0,
2007,RS,9,106,6,ROA,PTEV,"HESS, ADAM",2FGA,Missed Two Pointer,0,-64,105,D,,,,1,10:00,0,0,
2007,RS,9,106,8,PAR,PLGH,"TEPIC, MILENKO",2FGM,Two Pointer,2,-2,48,D,,,,1,10:00,2,0,
2007,RS,9,106,10,ROA,PTEY,"BADIANE, PAPE",2FGM,Two Pointer,2,-161,571,I,,,,2,09:00,2,2,
2007,RS,9,106,12,PAR,PJNN,"VELICKOVIC, NOVICA",2FGA,Missed Two Pointer,0,-338,79,E,,,,2,09:00,2,2,
2007,RS,9,106,20,ROA,PTEY,"BADIANE, PAPE",2FGA,Missed Two Pointer,0,-110,456,I,,,,3,08:00,2,2,
2007,RS,9,106,22,PAR,PBFE,"KECMAN, DUSAN",2FGM,Two Pointer,2,61,12,C,,,,3,08:00,4,2,
2007,RS,9,106,24,ROA,PTEV,"HESS, ADAM",3FGM,Three Pointer,3,400,523,G,,,,3,08:00,4,5,
2007,RS,9,106,26,PAR,PKNN,"PEKOVIC, NIKOLA",2FGA,Missed Two Pointer,0,187,17,C,,,,3,08:00,4,5,
2007,RS,9,106,29,ROA,PTEV,"HESS, ADAM",2FGAB,Missed Two Pointer,0,107,25,C,,,,3,08:00,4,5,
2007,RS,9,106,33,PAR,PJNN,"VELICKOVIC, NOVICA",2FGM,Two Pointer,2,64,23,C,,,,4,07:00,6,5,
2007,RS,9,106,35,ROA,PTEX,"PELLIN, MARC-ANTOINE",3FGA,Missed Three Pointer,0,292,587,G,,,,4,07:00,6,5,
2007,RS,9,106,37,PAR,PKNN,"PEKOVIC, NIKOLA",2FGA,Missed Two Pointer,0,266,61,B,,,,4,07:00,6,5,
2007,RS,9,106,39,ROA,PTEU,"SALYERS, MARC",2FGM,Two Pointer,2,64,17,C,,,,4,07:00,6,7,
2007,RS,9,106,42,ROA,PTEZ,"RUSH, BRION",2FGA,Missed Two Pointer,0,82,33,C,,,,4,07:00,6,7,
2007,RS,9,106,46,PAR,PKNN,"PEKOVIC, NIKOLA",2FGAB,Missed Two Pointer,0,0,87,D,,,,5,06:00,6,7,
2007,RS,9,106,49,ROA,PTEZ,"RUSH, BRION",2FGM,Two Pointer,2,56,33,C,,,,5,06:00,6,9,
2007,RS,9,106,50,PAR,PLGH,"TEPIC, MILENKO",2FGA,Missed Two Pointer,0,-394,123,E,,,,5,06:00,6,9,
2007,RS,9,106,52,ROA,PTEX,"PELLIN, MARC-ANTOINE",2FGM,Two Pointer,2,-76,515,I,,,,5,06:00,6,11,
2007,RS,9,106,54,PAR,PTGU,"PALACIO, MILT",2FGAB,Missed Two Pointer,0,100,38,C,,,,5,06:00,6,11,
2007,RS,9,106,61,PAR,PKNN,"PEKOVIC, NIKOLA",FTM,Free Throw In,1,-1,-1, ,,,,6,05:00,7,11,
2007,RS,9,106,66,ROA,PTEZ,"RUSH, BRION",2FGA,Missed Two Pointer,0,335,333,B,,,,6,05:00,7,11,
2007,RS,9,106,70,ROA,PTEZ,"RUSH, BRION",2FGA,Missed Two Pointer,0,79,25,C,,,,6,05:00,7,11,
2007,RS,9,106,75,ROA,PTEZ,"RUSH, BRION",2FGM,Two Pointer,2,-53,30,D,,,,7,04:00,7,13,
2007,RS,9,106,92,ROA,PTEX,"PELLIN, MARC-ANTOINE",FTM,Free Throw In,1,-1,-1, ,,,,7,04:00,7,14,
2007,RS,9,106,93,ROA,PTEX,"PELLIN, MARC-ANTOINE",FTM,Free Throw In,1,-1,-1, ,,,,7,04:00,7,15,
2007,RS,9,106,95,PAR,PBFB,"TRIPKOVIC, UROS",2FGAB,Missed Two Pointer,0,0,335,D,,,,7,04:00,7,15,
2007,RS,9,106,97,ROA,PTEZ,"RUSH, BRION",2FGM,Two Pointer,2,-5,5,D,,,,7,04:00,7,17,
2007,RS,9,106,101,PAR,PKNN,"PEKOVIC, NIKOLA",2FGM,Two Pointer,2,-48,61,D,,,,8,03:00,9,17,
2007,RS,9,106,109,ROA,PTEY,"BADIANE, PAPE",2FGM,Two Pointer,2,-130,566,I,,,,8,03:00,9,19,
2007,RS,9,106,112,PAR,PBXO,"VITKOVAC, CEDOMIR",2FGA,Missed Two Pointer,0,-69,71,D,,,,9,02:00,9,19,
2007,RS,9,106,114,PAR,PJNL,"BOROVNJAK, DEJAN",2FGA,Missed Two Pointer,0,-92,41,D,,,,9,02:00,9,19,
2007,RS,9,106,120,ROA,PTEY,"BADIANE, PAPE",FTM,Free Throw In,1,-1,-1, ,,,,9,02:00,9,20,
2007,RS,9,106,121,ROA,PTEY,"BADIANE, PAPE",FTM,Free Throw In,1,-1,-1, ,,,,9,02:00,9,21,
2007,RS,9,106,124,ROA,PTEU,"SALYERS, MARC",2FGM,Two Pointer,2,-2,5,D,,,,9,02:00,9,23,
2007,RS,9,106,125,PAR,PLGH,"TEPIC, MILENKO",2FGA,Missed Two Pointer,0,276,35,B,,,,9,02:00,9,23,
2007,RS,9,106,127,ROA,PTEZ,"RUSH, BRION",3FGA,Missed Three Pointer,0,300,579,G,,,,9,02:00,9,23,
2007,RS,9,106,130,PAR,PJNL,"BOROVNJAK, DEJAN",2FGM,Two Pointer,2,-58,33,D,,,,10,01:00,11,23,
2007,RS,9,106,132,ROA,PTEU,"SALYERS, MARC",3FGM,Three Pointer,3,128,643,G,,,,10,01:00,11,26,
2007,RS,9,106,135,ROA,PTEY,"BADIANE, PAPE",FTM,Free Throw In,1,-1,-1, ,,,,10,01:00,11,27,
2007,RS,9,106,136,ROA,PTEY,"BADIANE, PAPE",FTM,Free Throw In,1,-1,-1, ,,,,10,01:00,11,28,
2007,RS,9,106,139,PAR,PLGH,"TEPIC, MILENKO",3FGM,Three Pointer,3,-651,76,F,,,,10,01:00,14,28,
2007,RS,9,106,141,ROA,PTEZ,"RUSH, BRION",2FGM,Two Pointer,2,-92,158,D,,,,10,01:00,14,30,
2007,RS,9,106,150,ROA,P000691,"HALE, RONALD",FTM,Free Throw In,1,-1,-1, ,,,,11,10:00,14,31,
2007,RS,9,106,151,ROA,P000691,"HALE, RONALD",FTM,Free Throw In,1,-1,-1, ,,,,11,10:00,14,32,
2007,RS,9,106,152,PAR,PTGU,"PALACIO, MILT",3FGA,Missed Three Pointer,0,-653,-7,F,,,,11,10:00,14,32,
2007,RS,9,106,154,PAR,PKNN,"PEKOVIC, NIKOLA",2FGM,Two Pointer,2,64,20,C,,,,11,10:00,16,32,
2007,RS,9,106,157,PAR,PKNN,"PEKOVIC, NIKOLA",FTM,Free Throw In,1,-1,-1, ,,,,11,10:00,17,32,
2007,RS,9,106,160,ROA,P000691,"HALE, RONALD",3FGA,Missed Three Pointer,0,-307,574,J,,,,11,10:00,17,32,
2007,RS,9,106,164,PAR,PBXO,"VITKOVAC, CEDOMIR",3FGM,Three Pointer,3,646,92,A,,,,12,09:00,20,32,
2007,RS,9,106,168,PAR,PJNN,"VELICKOVIC, NOVICA",3FGA,Missed Three Pointer,0,-638,130,F,,,,12,09:00,20,32,
2007,RS,9,106,170,PAR,PKNN,"PEKOVIC, NIKOLA",2FGM,Two Pointer,2,87,20,C,,,,12,09:00,22,32,
2007,RS,9,106,171,ROA,PTEU,"SALYERS, MARC",3FGA,Missed Three Pointer,0,-641,97,F,,,,12,09:00,22,32,
2007,RS,9,106,174,ROA,PTEZ,"RUSH, BRION",3FGM,Three Pointer,3,-571,305,F,,,,13,08:00,22,35,
2007,RS,9,106,176,PAR,PLGH,"TEPIC, MILENKO",2FGA,Missed Two Pointer,0,100,102,C,,,,13,08:00,22,35,
2007,RS,9,106,180,PAR,PBXO,"VITKOVAC, CEDOMIR",2FGM,Two Pointer,2,-161,587,I,,,,13,08:00,24,35,
2007,RS,9,106,182,PAR,PLGH,"TEPIC, MILENKO",3FGA,Missed Three Pointer,0,646,74,A,,,,13,08:00,24,35,
2007,RS,9,106,190,PAR,PKNN,"PEKOVIC, NIKOLA",2FGM,Two Pointer,2,5,56,C,,,,14,07:00,26,35,
2007,RS,9,106,198,PAR,PKNN,"PEKOVIC, NIKOLA",FTM,Free Throw In,1,-1,-1, ,,,,14,07:00,27,35,
2007,RS,9,106,199,ROA,PTEU,"SALYERS, MARC",2FGM,Two Pointer,2,-158,56,D,,,,14,07:00,27,37,
2007,RS,9,106,200,PAR,PLGH,"TEPIC, MILENKO",2FGM,Two Pointer,2,-5,87,D,,,,14,07:00,29,37,
2007,RS,9,106,202,ROA,PTEY,"BADIANE, PAPE",2FGM,Two Pointer,2,-71,576,I,,,,15,06:00,29,39,
2007,RS,9,106,203,PAR,PBXO,"VITKOVAC, CEDOMIR",3FGA,Missed Three Pointer,0,638,46,A,,,,15,06:00,29,39,
2007,RS,9,106,207,ROA,PTFC,"POUPET, PIERRIC",2FGAB,Missed Two Pointer,0,97,41,C,,,,16,05:00,29,39,
2007,RS,9,106,215,PAR,PJNN,"VELICKOVIC, NOVICA",2FGM,Two Pointer,2,53,35,C,,,,16,05:00,31,39,
2007,RS,9,106,222,ROA,PTFC,"POUPET, PIERRIC",2FGM,Two Pointer,2,-66,53,D,,,,16,05:00,31,41,
2007,RS,9,106,225,PAR,PKNN,"PEKOVIC, NIKOLA",2FGAB,Missed Two Pointer,0,79,28,C,,,,17,04:00,31,41,
2007,RS,9,106,228,PAR,PBFB,"TRIPKOVIC, UROS",3FGA,Missed Three Pointer,0,2,653,G,,,,17,04:00,31,41,
2007,RS,9,106,230,PAR,PJNN,"VELICKOVIC, NOVICA",3FGM,Three Pointer,3,643,46,A,,,,17,04:00,34,41,
2007,RS,9,106,232,ROA,PTEZ,"RUSH, BRION",3FGA,Missed Three Pointer,0,651,79,A,,,,17,04:00,34,41,
2007,RS,9,106,235,PAR,PKNN,"PEKOVIC, NIKOLA",2FGM,Two Pointer,2,-205,43,D,,,,18,03:00,36,41,
2007,RS,9,106,239,PAR,PJNN,"VELICKOVIC, NOVICA",2FGM,Two Pointer,2,-10,7,D,,,,18,03:00,38,41,
2007,RS,9,106,241,ROA,PTEZ,"RUSH, BRION",3FGA,Missed Three Pointer,0,469,453,G,,,,18,03:00,38,41,
2007,RS,9,106,253,PAR,PKNN,"PEKOVIC, NIKOLA",2FGM,Two Pointer,2,5,69,C,,,,19,02:00,40,41,
2007,RS,9,106,262,ROA,PTEY,"BADIANE, PAPE",2FGA,Missed Two Pointer,0,117,576,H,,,,19,02:00,40,41,
2007,RS,9,106,264,ROA,P000691,"HALE, RONALD",3FGM,Three Pointer,3,-151,641,J,,,,19,02:00,40,44,
2007,RS,9,106,268,ROA,PTEV,"HESS, ADAM",3FGM,Three Pointer,3,310,579,G,,,,20,01:00,40,47,
2007,RS,9,106,275,ROA,PTFC,"POUPET, PIERRIC",3FGM,Three Pointer,3,10,656,G,,,,20,01:00,40,50,
2007,RS,9,106,280,ROA,PTFC,"POUPET, PIERRIC",FTM,Free Throw In,1,-1,-1, ,,,,20,01:00,40,51,
2007,RS,9,106,281,PAR,PJNN,"VELICKOVIC, NOVICA",3FGA,Missed Three Pointer,0,-166,628,J,,,,20,01:00,40,51,
2007,RS,9,106,294,PAR,PKNN,"PEKOVIC, NIKOLA",2FGM,Two Pointer,2,5,97,C,,,,21,10:00,42,51,
2007,RS,9,106,296,PAR,PJNN,"VELICKOVIC, NOVICA",3FGM,Three Pointer,3,-46,653,J,,,,21,10:00,45,51,
2007,RS,9,106,304,ROA,PTEV,"HESS, ADAM",FTM,Free Throw In,1,-1,-1, ,,,,22,09:00,45,52,
2007,RS,9,106,306,ROA,PTEV,"HESS, ADAM",FTM,Free Throw In,1,-1,-1, ,,,,22,09:00,45,53,
2007,RS,9,106,307,PAR,PBXO,"VITKOVAC, CEDOMIR",2FGA,Missed Two Pointer,0,64,102,C,,,,22,09:00,45,53,
2007,RS,9,106,311,ROA,PTEU,"SALYERS, MARC",2FGAB,Missed Two Pointer,0,-87,115,D,,,,23,08:00,45,53,
2007,RS,9,106,314,PAR,PLGH,"TEPIC, MILENKO",2FGM,Two Pointer,2,-102,97,D,,,,23,08:00,47,53,
2007,RS,9,106,317,PAR,PBXO,"VITKOVAC, CEDOMIR",3FGM,Three Pointer,3,-602,233,F,,,,23,08:00,50,53,
2007,RS,9,106,323,ROA,PTEZ,"RUSH, BRION",FTM,Free Throw In,1,-1,-1, ,,,,24,07:00,50,54,
2007,RS,9,106,324,ROA,PTEZ,"RUSH, BRION",FTM,Free Throw In,1,-1,-1, ,,,,24,07:00,50,55,
2007,RS,9,106,326,PAR,PJNN,"VELICKOVIC, NOVICA",3FGA,Missed Three Pointer,0,-574,307,F,,,,24,07:00,50,55,
2007,RS,9,106,329,ROA,PTEZ,"RUSH, BRION",3FGA,Missed Three Pointer,0,530,376,A,,,,25,06:00,50,55,
2007,RS,9,106,331,PAR,PBXO,"VITKOVAC, CEDOMIR",2FGA,Missed Two Pointer,0,282,71,B,,,,25,06:00,50,55,
2007,RS,9,106,332,ROA,PTEU,"SALYERS, MARC",2FGA,Missed Two Pointer,0,376,235,B,,,,25,06:00,50,55,
2007,RS,9,106,334,PAR,PJJY,"BOZIC, PETAR",2FGM,Two Pointer,2,-48,35,D,,,,25,06:00,52,55,
2007,RS,9,106,337,ROA,PTEV,"HESS, ADAM",3FGM,Three Pointer,3,33,656,G,,,,26,05:00,52,58,
2007,RS,9,106,344,PAR,PLGH,"TEPIC, MILENKO",FTM,Free Throw In,1,-1,-1, ,,,,26,05:00,53,58,
2007,RS,9,106,345,PAR,PLGH,"TEPIC, MILENKO",FTM,Free Throw In,1,-1,-1, ,,,,26,05:00,54,58,
2007,RS,9,106,348,ROA,PTEY,"BADIANE, PAPE",2FGA,Missed Two Pointer,0,-56,323,D,,,,26,05:00,54,58,
2007,RS,9,106,354,ROA,PTEV,"HESS, ADAM",2FGM,Two Pointer,2,-435,100,E,,,,27,04:00,54,60,
2007,RS,9,106,355,PAR,PKNN,"PEKOVIC, NIKOLA",2FGA,Missed Two Pointer,0,58,58,C,,,,27,04:00,54,60,
2007,RS,9,106,357,PAR,PTGU,"PALACIO, MILT",2FGA,Missed Two Pointer,0,-292,105,E,,,,27,04:00,54,60,
2007,RS,9,106,361,PAR,PJNN,"VELICKOVIC, NOVICA",3FGA,Missed Three Pointer,0,-17,664,J,,,,28,03:00,54,60,
2007,RS,9,106,363,PAR,PKNN,"PEKOVIC, NIKOLA",2FGM,Two Pointer,2,-28,110,D,,,,28,03:00,56,60,
2007,RS,9,106,364,ROA,P000691,"HALE, RONALD",2FGA,Missed Two Pointer,0,-200,51,D,,,,28,03:00,56,60,
2007,RS,9,106,374,ROA,PTEY,"BADIANE, PAPE",2FGA,Missed Two Pointer,0,394,279,B,,,,28,03:00,56,60,
2007,RS,9,106,380,PAR,PBGJ,"VRANES, SLAVKO",FTM,Free Throw In,1,-1,-1, ,,,,29,02:00,57,60,
2007,RS,9,106,383,ROA,PTEX,"PELLIN, MARC-ANTOINE",2FGA,Missed Two Pointer,0,512,53,B,,,,29,02:00,57,60,
2007,RS,9,106,385,ROA,P000691,"HALE, RONALD",2FGM,Two Pointer,2,-15,343,D,,,,29,02:00,57,62,
2007,RS,9,106,389,PAR,PBFB,"TRIPKOVIC, UROS",3FGM,Three Pointer,3,-638,74,F,,,,30,01:00,60,62,
2007,RS,9,106,393,ROA,P000691,"HALE, RONALD",FTM,Free Throw In,1,-1,-1, ,,,,30,01:00,60,63,
2007,RS,9,106,398,PAR,PTGU,"PALACIO, MILT",2FGAB,Missed Two Pointer,0,-94,82,D,,,,30,01:00,60,63,
2007,RS,9,106,404,ROA,PTEV,"HESS, ADAM",FTM,Free Throw In,1,-1,-1, ,,,,30,01:00,60,64,
2007,RS,9,106,414,ROA,PTFB,"SOLIMAN, WILLIAMS",2FGA,Missed Two Pointer,0,10,128,C,,,,31,10:00,60,64,
2007,RS,9,106,416,PAR,PTGU,"PALACIO, MILT",2FGM,Two Pointer,2,-48,74,D,,,,31,10:00,62,64,
2007,RS,9,106,419,PAR,PTGU,"PALACIO, MILT",FTM,Free Throw In,1,-1,-1, ,,,,31,10:00,63,64,
2007,RS,9,106,420,ROA,PTEZ,"RUSH, BRION",3FGA,Missed Three Pointer,0,-302,635,J,,,,31,10:00,63,64,
2007,RS,9,106,425,PAR,PLGH,"TEPIC, MILENKO",2FGM,Two Pointer,2,-74,28,D,,,,32,09:00,65,64,
2007,RS,9,106,430,ROA,PTEX,"PELLIN, MARC-ANTOINE",3FGM,Three Pointer,3,641,35,A,,,,32,09:00,65,67,
2007,RS,9,106,438,ROA,PTEZ,"RUSH, BRION",2FGA,Missed Two Pointer,0,-79,33,D,,,,32,09:00,65,67,
2007,RS,9,106,440,ROA,PTFB,"SOLIMAN, WILLIAMS",2FGM,Two Pointer,2,-30,46,D,,,,32,09:00,65,69,
2007,RS,9,106,447,ROA,PTEZ,"RUSH, BRION",2FGM,Two Pointer,2,-69,58,D,,,,33,08:00,65,71,
2007,RS,9,106,454,PAR,PBFE,"KECMAN, DUSAN",3FGA,Missed Three Pointer,0,643,56,A,,,,33,08:00,65,71,
2007,RS,9,106,456,PAR,PKNN,"PEKOVIC, NIKOLA",2FGM,Two Pointer,2,56,46,C,,,,33,08:00,67,71,
2007,RS,9,106,461,PAR,PKNN,"PEKOVIC, NIKOLA",FTM,Free Throw In,1,-1,-1, ,,,,33,08:00,68,71,
2007,RS,9,106,463,ROA,PTEZ,"RUSH, BRION",2FGA,Missed Two Pointer,0,520,43,B,,,,34,07:00,68,71,
2007,RS,9,106,465,PAR,PLGH,"TEPIC, MILENKO",3FGM,Three Pointer,3,-548,351,F,,,,34,07:00,71,71,
2007,RS,9,106,468,ROA,PTEY,"BADIANE, PAPE",2FGA,Missed Two Pointer,0,174,471,H,,,,34,07:00,71,71,
2007,RS,9,106,470,PAR,PKNN,"PEKOVIC, NIKOLA",2FGA,Missed Two Pointer,0,0,97,D,,,,34,07:00,71,71,
2007,RS,9,106,472,PAR,PBFE,"KECMAN, DUSAN",2FGA,Missed Two Pointer,0,0,161,D,,,,34,07:00,71,71,
2007,RS,9,106,475,PAR,PKNN,"PEKOVIC, NIKOLA",2FGM,Two Pointer,2,-82,100,D,,,,35,06:00,73,71,
2007,RS,9,106,479,ROA,PTEU,"SALYERS, MARC",FTM,Free Throw In,1,-1,-1, ,,,,35,06:00,73,72,
2007,RS,9,106,482,PAR,PTGU,"PALACIO, MILT",2FGM,Two Pointer,2,-84,105,D,,,,35,06:00,75,72,
2007,RS,9,106,484,ROA,P000691,"HALE, RONALD",2FGA,Missed Two Pointer,0,-105,51,D,,,,36,05:00,75,72,
2007,RS,9,106,486,ROA,P000691,"HALE, RONALD",2FGA,Missed Two Pointer,0,-71,161,D,,,,36,05:00,75,72,
2007,RS,9,106,488,PAR,PJNN,"VELICKOVIC, NOVICA",3FGA,Missed Three Pointer,0,17,661,G,,,,36,05:00,75,72,
2007,RS,9,106,490,PAR,PKNN,"PEKOVIC, NIKOLA",2FGM,Two Pointer,2,41,64,C,,,,36,05:00,77,72,
2007,RS,9,106,491,ROA,PTEX,"PELLIN, MARC-ANTOINE",2FGA,Missed Two Pointer,0,200,548,H,,,,36,05:00,77,72,
2007,RS,9,106,497,ROA,PTEU,"SALYERS, MARC",FTM,Free Throw In,1,-1,-1, ,,,,36,05:00,77,73,
2007,RS,9,106,498,ROA,PTEU,"SALYERS, MARC",FTM,Free Throw In,1,-1,-1, ,,,,36,05:00,77,74,
2007,RS,9,106,500,PAR,PJNN,"VELICKOVIC, NOVICA",2FGA,Missed Two Pointer,0,-74,584,I,,,,37,04:00,77,74,
2007,RS,9,106,502,ROA,PTEZ,"RUSH, BRION",3FGA,Missed Three Pointer,0,-156,646,J,,,,37,04:00,77,74,
2007,RS,9,106,507,PAR,PJNN,"VELICKOVIC, NOVICA",FTM,Free Throw In,1,-1,-1, ,,,,37,04:00,78,74,
2007,RS,9,106,509,ROA,PTEY,"BADIANE, PAPE",2FGA,Missed Two Pointer,0,-71,15,D,,,,38,03:00,78,74,
2007,RS,9,106,514,PAR,PLGH,"TEPIC, MILENKO",FTM,Free Throw In,1,-1,-1, ,,,,38,03:00,79,74,
2007,RS,9,106,515,PAR,PLGH,"TEPIC, MILENKO",FTM,Free Throw In,1,-1,-1, ,,,,38,03:00,80,74,
2007,RS,9,106,516,ROA,PTEY,"BADIANE, PAPE",2FGA,Missed Two Pointer,0,15,341,C,,,,38,03:00,80,74,
2007,RS,9,106,518,PAR,PTGU,"PALACIO, MILT",3FGA,Missed Three Pointer,0,-412,551,J,,,,39,02:00,80,74,
2007,RS,9,106,522,ROA,PTEU,"SALYERS, MARC",FTM,Free Throw In,1,-1,-1, ,,,,39,02:00,80,75,
2007,RS,9,106,523,ROA,PTEU,"SALYERS, MARC",FTM,Free Throw In,1,-1,-1, ,,,,39,02:00,80,76,
2007,RS,9,106,527,PAR,PKNN,"PEKOVIC, NIKOLA",2FGA,Missed Two Pointer,0,0,10,D,,,,39,02:00,80,76,
2007,RS,9,106,532,PAR,PLGH,"TEPIC, MILENKO",3FGA,Missed Three Pointer,0,643,92,A,,,,40,01:00,80,76,
2007,RS,9,106,536,PAR,PJNN,"VELICKOVIC, NOVICA",FTM,Free Throw In,1,-1,-1, ,,,,40,01:00,81,76,
2007,RS,9,106,540,ROA,PTEV,"HESS, ADAM",2FGAB,Missed Two Pointer,0,58,46,C,,,,40,01:00,81,76,
2007,RS,9,106,542,ROA,PTEU,"SALYERS, MARC",3FGA,Missed Three Pointer,0,641,97,A,,,,40,01:00,81,76,
2007,RS,9,106,546,PAR,PTGU,"PALACIO, MILT",FTM,Free Throw In,1,-1,-1, ,,,,40,01:00,82,76,
2007,RS,9,106,549,ROA,PTEV,"HESS, ADAM",3FGA,Missed Three Pointer,0,641,74,A,,,,40,01:00,82,76,
2007,RS,9,107,2,BAM,PKOO,"GREENE, DEMOND",3FGA,Missed Three Pointer,0,674,-2,A,,,,1,10:00,0,0,
2007,RS,9,107,12,BAM,PKOO,"GREENE, DEMOND",2FGM,Two Pointer,2,-7,256,D,,,,2,09:00,2,0,
2007,RS,9,107,13,PAN,PJKO,"DIAMANTIDIS, DIMITRIS",3FGA,Missed Three Pointer,0,176,689,G,,,,2,09:00,2,0,
2007,RS,9,107,15,BAM,PASB,"OKULAJA, ADEMOLA",2FGA,Missed Two Pointer,0,-110,10,D,,,,2,09:00,2,0,
2007,RS,9,107,17,PAN,PJKO,"DIAMANTIDIS, DIMITRIS",2FGM,Two Pointer,2,107,28,C,,,,2,09:00,2,2,
2007,RS,9,107,23,PAN,PBCS,"HATZIVRETTAS, NIKOS",FTM,Free Throw In,1,-1,-1, ,,,,3,08:00,2,3,
2007,RS,9,107,24,PAN,PBCS,"HATZIVRETTAS, NIKOS",FTM,Free Throw In,1,-1,-1, ,,,,3,08:00,2,4,
2007,RS,9,107,25,BAM,PLPI,"FENN, DARREN",2FGM,Two Pointer,2,-125,28,D,,,,3,08:00,4,4,
2007,RS,9,107,30,PAN,PKRH,"PERPEROGLOU, EFSTRATIOS",2FGM,Two Pointer,2,-15,123,D,,,,4,07:00,4,6,
2007,RS,9,107,31,BAM,PKOO,"GREENE, DEMOND",3FGA,Missed Three Pointer,0,-620,284,F,,,,4,07:00,4,6,
2007,RS,9,107,38,PAN,PJKO,"DIAMANTIDIS, DIMITRIS",FTM,Free Throw In,1,-1,-1, ,,,,4,07:00,4,7,
2007,RS,9,107,40,BAM,PASB,"OKULAJA, ADEMOLA",3FGA,Missed Three Pointer,0,-158,643,J,,,,5,06:00,4,7,
2007,RS,9,107,42,PAN,PACN,"TSARTSARIS, KOSTAS",2FGM,Two Pointer,2,74,20,C,,,,5,06:00,4,9,
2007,RS,9,107,44,BAM,PBOF,"GARRETT, ROBERT",2FGM,Two Pointer,2,456,282,B,,,,6,05:00,6,9,
2007,RS,9,107,53,BAM,PJSR,"ENSMINGER, CHRIS",2FGA,Missed Two Pointer,0,-23,71,D,,,,6,05:00,6,9,
2007,RS,9,107,61,BAM,PBOF,"GARRETT, ROBERT",2FGM,Two Pointer,2,-58,17,D,,,,7,04:00,8,9,
2007,RS,9,107,62,PAN,PBCS,"HATZIVRETTAS, NIKOS",2FGA,Missed Two Pointer,0,7,135,C,,,,7,04:00,8,9,
2007,RS,9,107,64,PAN,PACN,"TSARTSARIS, KOSTAS",2FGM,Two Pointer,2,20,58,C,,,,7,04:00,8,11,
2007,RS,9,107,71,PAN,PACN,"TSARTSARIS, KOSTAS",FTM,Free Throw In,1,-1,-1, ,,,,7,04:00,8,12,
2007,RS,9,107,72,BAM,PLKE,"DICKEL, MARK",3FGA,Missed Three Pointer,0,656,25,A,,,,7,04:00,8,12,
2007,RS,9,107,74,PAN,PJKO,"DIAMANTIDIS, DIMITRIS",3FGA,Missed Three Pointer,0,179,741,G,,,,7,04:00,8,12,
2007,RS,9,107,86,PAN,PJUO,"SPANOULIS, VASSILIS",3FGM,Three Pointer,3,-551,394,F,,,,8,03:00,8,15,
2007,RS,9,107,94,BAM,PBOF,"GARRETT, ROBERT",2FGA,Missed Two Pointer,0,51,66,C,,,,9,02:00,8,15,
2007,RS,9,107,96,PAN,PJUO,"SPANOULIS, VASSILIS",2FGA,Missed Two Pointer,0,-441,200,E,,,,9,02:00,8,15,
2007,RS,9,107,98,BAM,PLPI,"FENN, DARREN",3FGA,Missed Three Pointer,0,105,702,G,,,,9,02:00,8,15,
2007,RS,9,107,103,PAN,PJUO,"SPANOULIS, VASSILIS",2FGA,Missed Two Pointer,0,56,597,H,,,,10,01:00,8,15,
2007,RS,9,107,105,BAM,PBOF,"GARRETT, ROBERT",3FGA,Missed Three Pointer,0,405,528,G,,,,10,01:00,8,15,
2007,RS,9,107,107,PAN,PAJV,"BATISTE, MICHAEL",2FGM,Two Pointer,2,43,94,C,,,,10,01:00,8,17,
2007,RS,9,107,111,BAM,PBOF,"GARRETT, ROBERT",3FGA,Missed Three Pointer,0,-669,35,F,,,,10,01:00,8,17,
2007,RS,9,107,118,PAN,PJUO,"SPANOULIS, VASSILIS",3FGM,Three Pointer,3,679,23,A,,,,11,10:00,8,20,
2007,RS,9,107,122,PAN,PADG,"JASIKEVICIUS, SARUNAS",FTM,Free Throw In,1,-1,-1, ,,,,11,10:00,8,21,
2007,RS,9,107,123,PAN,PADG,"JASIKEVICIUS, SARUNAS",FTM,Free Throw In,1,-1,-1, ,,,,11,10:00,8,22,
2007,RS,9,107,126,PAN,PTFY,"WINSTON, KENNEDY",3FGA,Missed Three Pointer,0,-635,115,F,,,,11,10:00,8,22,
2007,RS,9,107,134,BAM,PBOF,"GARRETT, ROBERT",3FGM,Three Pointer,3,666,-2,A,,,,12,09:00,11,22,
2007,RS,9,107,143,PAN,PAJV,"BATISTE, MICHAEL",2FGM,Two Pointer,2,48,25,C,,,,12,09:00,11,24,
2007,RS,9,107,152,BAM,PLPI,"FENN, DARREN",2FGM,Two Pointer,2,-566,10,E,,,,13,08:00,13,24,
2007,RS,9,107,155,BAM,PJSS,"HAMANN, STEFFEN",2FGM,Two Pointer,2,-69,10,D,,,,13,08:00,15,24,
2007,RS,9,107,158,BAM,PKOO,"GREENE, DEMOND",3FGM,Three Pointer,3,-671,-17,F,,,,14,07:00,18,24,
2007,RS,9,107,160,PAN,PADG,"JASIKEVICIUS, SARUNAS",2FGM,Two Pointer,2,66,20,C,,,,14,07:00,18,26,
2007,RS,9,107,166,PAN,PADG,"JASIKEVICIUS, SARUNAS",FTM,Free Throw In,1,-1,-1, ,,,,15,06:00,18,27,
2007,RS,9,107,169,BAM,PJJZ,"SUPUT, PREDRAG",3FGA,Missed Three Pointer,0,669,84,A,,,,15,06:00,18,27,
2007,RS,9,107,173,PAN,PADG,"JASIKEVICIUS, SARUNAS",3FGM,Three Pointer,3,-325,641,J,,,,15,06:00,18,30,
2007,RS,9,107,185,BAM,PASB,"OKULAJA, ADEMOLA",FTM,Free Throw In,1,-1,-1, ,,,,15,06:00,19,30,
2007,RS,9,107,187,PAN,PADG,"JASIKEVICIUS, SARUNAS",3FGA,Missed Three Pointer,0,546,471,G,,,,16,05:00,19,30,
2007,RS,9,107,191,BAM,PJSR,"ENSMINGER, CHRIS",FTM,Free Throw In,1,-1,-1, ,,,,16,05:00,20,30,
2007,RS,9,107,192,BAM,PJSR,"ENSMINGER, CHRIS",FTM,Free Throw In,1,-1,-1, ,,,,16,05:00,21,30,
2007,RS,9,107,199,PAN,PABB,"DIKOUDIS, DEMOS",2FGM,Two Pointer,2,-402,292,E,,,,16,05:00,21,32,
2007,RS,9,107,207,BAM,PJJZ,"SUPUT, PREDRAG",FTM,Free Throw In,1,-1,-1, ,,,,17,04:00,22,32,
2007,RS,9,107,210,PAN,PJKO,"DIAMANTIDIS, DIMITRIS",2FGM,Two Pointer,2,-46,10,D,,,,17,04:00,22,34,
2007,RS,9,107,221,PAN,PABB,"DIKOUDIS, DEMOS",FTM,Free Throw In,1,-1,-1, ,,,,17,04:00,22,35,
2007,RS,9,107,223,PAN,PABB,"DIKOUDIS, DEMOS",2FGA,Missed Two Pointer,0,-17,69,D,,,,18,03:00,22,35,
2007,RS,9,107,229,BAM,PLPI,"FENN, DARREN",FTM,Free Throw In,1,-1,-1, ,,,,18,03:00,23,35,
2007,RS,9,107,230,BAM,PLPI,"FENN, DARREN",FTM,Free Throw In,1,-1,-1, ,,,,18,03:00,24,35,
2007,RS,9,107,231,PAN,PAGG,"BECIROVIC, SANI",2FGAB,Missed Two Pointer,0,-56,105,D,,,,18,03:00,24,35,
2007,RS,9,107,235,PAN,PADG,"JASIKEVICIUS, SARUNAS",2FGA,Missed Two Pointer,0,82,102,C,,,,18,03:00,24,35,
2007,RS,9,107,241,PAN,PAJV,"BATISTE, MICHAEL",FTM,Free Throw In,1,-1,-1, ,,,,18,03:00,24,36,
2007,RS,9,107,242,BAM,PJSS,"HAMANN, STEFFEN",3FGA,Missed Three Pointer,0,648,61,A,,,,18,03:00,24,36,
2007,RS,9,107,247,BAM,PJSS,"HAMANN, STEFFEN",FTM,Free Throw In,1,-1,-1, ,,,,19,02:00,25,36,
2007,RS,9,107,248,BAM,PJSS,"HAMANN, STEFFEN",FTM,Free Throw In,1,-1,-1, ,,,,19,02:00,26,36,
2007,RS,9,107,249,PAN,PAJV,"BATISTE, MICHAEL",2FGA,Missed Two Pointer,0,35,528,H,,,,19,02:00,26,36,
2007,RS,9,107,254,BAM,PBOF,"GARRETT, ROBERT",FTM,Free Throw In,1,-1,-1, ,,,,19,02:00,27,36,
2007,RS,9,107,255,BAM,PBOF,"GARRETT, ROBERT",FTM,Free Throw In,1,-1,-1, ,,,,19,02:00,28,36,
2007,RS,9,107,262,PAN,PADG,"JASIKEVICIUS, SARUNAS",FTM,Free Throw In,1,-1,-1, ,,,,19,02:00,28,37,
2007,RS,9,107,263,PAN,PADG,"JASIKEVICIUS, SARUNAS",FTM,Free Throw In,1,-1,-1, ,,,,19,02:00,28,38,
2007,RS,9,107,269,PAN,PAJV,"BATISTE, MICHAEL",2FGM,Two Pointer,2,-10,79,D,,,,20,01:00,28,40,
2007,RS,9,107,270,BAM,PLPI,"FENN, DARREN",2FGA,Missed Two Pointer,0,-71,20,D,,,,20,01:00,28,40,
2007,RS,9,107,272,PAN,PADG,"JASIKEVICIUS, SARUNAS",3FGA,Missed Three Pointer,0,7,810,G,,,,20,01:00,28,40,
2007,RS,9,107,282,BAM,PASB,"OKULAJA, ADEMOLA",3FGM,Three Pointer,3,261,674,G,,,,21,10:00,31,40,
2007,RS,9,107,284,PAN,PKRH,"PERPEROGLOU, EFSTRATIOS",3FGA,Missed Three Pointer,0,-664,110,F,,,,21,10:00,31,40,
2007,RS,9,107,286,BAM,PASB,"OKULAJA, ADEMOLA",2FGA,Missed Two Pointer,0,-61,5,D,,,,21,10:00,31,40,
2007,RS,9,107,295,BAM,PASB,"OKULAJA, ADEMOLA",3FGA,Missed Three Pointer,0,-666,20,F,,,,22,09:00,31,40,
2007,RS,9,107,300,PAN,PTFY,"WINSTON, KENNEDY",3FGM,Three Pointer,3,325,587,G,,,,23,08:00,31,43,
2007,RS,9,107,307,PAN,PJKO,"DIAMANTIDIS, DIMITRIS",3FGA,Missed Three Pointer,0,320,612,G,,,,23,08:00,31,43,
2007,RS,9,107,313,PAN,PACN,"TSARTSARIS, KOSTAS",3FGA,Missed Three Pointer,0,343,587,G,,,,24,07:00,31,43,
2007,RS,9,107,315,BAM,PJJZ,"SUPUT, PREDRAG",2FGM,Two Pointer,2,33,71,C,,,,24,07:00,33,43,
2007,RS,9,107,320,BAM,PJJZ,"SUPUT, PREDRAG",3FGA,Missed Three Pointer,0,-28,717,J,,,,25,06:00,33,43,
2007,RS,9,107,352,PAN,PADG,"JASIKEVICIUS, SARUNAS",FTM,Free Throw In,1,-1,-1, ,,,,26,05:00,33,44,
2007,RS,9,107,353,PAN,PADG,"JASIKEVICIUS, SARUNAS",FTM,Free Throw In,1,-1,-1, ,,,,26,05:00,33,45,
2007,RS,9,107,361,BAM,PJJZ,"SUPUT, PREDRAG",FTM,Free Throw In,1,-1,-1, ,,,,27,04:00,34,45,
2007,RS,9,107,362,PAN,PADG,"JASIKEVICIUS, SARUNAS",2FGA,Missed Two Pointer,0,120,184,C,,,,27,04:00,34,45,
2007,RS,9,107,366,BAM,PLKE,"DICKEL, MARK",3FGA,Missed Three Pointer,0,674,33,A,,,,27,04:00,34,45,
2007,RS,9,107,368,BAM,PJSR,"ENSMINGER, CHRIS",2FGA,Missed Two Pointer,0,-38,33,D,,,,27,04:00,34,45,
2007,RS,9,107,381,BAM,PJSR,"ENSMINGER, CHRIS",FTM,Free Throw In,1,-1,-1, ,,,,28,03:00,35,45,
2007,RS,9,107,386,BAM,PBOF,"GARRETT, ROBERT",2FGM,Two Pointer,2,-5,179,D,,,,28,03:00,37,45,
2007,RS,9,107,387,PAN,PJUO,"SPANOULIS, VASSILIS",3FGA,Missed Three Pointer,0,-646,171,F,,,,28,03:00,37,45,
2007,RS,9,107,389,PAN,PABB,"DIKOUDIS, DEMOS",2FGM,Two Pointer,2,-51,41,D,,,,28,03:00,37,47,
2007,RS,9,107,395,BAM,PJSR,"ENSMINGER, CHRIS",FTM,Free Throw In,1,-1,-1, ,,,,28,03:00,38,47,
2007,RS,9,107,399,PAN,PJUO,"SPANOULIS, VASSILIS",2FGA,Missed Two Pointer,0,-120,84,D,,,,28,03:00,38,47,
2007,RS,9,107,403,PAN,PTFY,"WINSTON, KENNEDY",2FGM,Two Pointer,2,-7,66,D,,,,28,03:00,38,49,
2007,RS,9,107,405,BAM,PLPI,"FENN, DARREN",2FGM,Two Pointer,2,-523,143,E,,,,28,03:00,40,49,
2007,RS,9,107,410,PAN,PADG,"JASIKEVICIUS, SARUNAS",FTM,Free Throw In,1,-1,-1, ,,,,29,02:00,40,50,
2007,RS,9,107,411,PAN,PADG,"JASIKEVICIUS, SARUNAS",FTM,Free Throw In,1,-1,-1, ,,,,29,02:00,40,51,
2007,RS,9,107,413,BAM,PLKE,"DICKEL, MARK",2FGA,Missed Two Pointer,0,-76,33,D,,,,30,01:00,40,51,
2007,RS,9,107,422,PAN,PBXE,"ZIZIC, ANDRIJA",FTM,Free Throw In,1,-1,-1, ,,,,30,01:00,40,52,
2007,RS,9,107,423,PAN,PBXE,"ZIZIC, ANDRIJA",FTM,Free Throw In,1,-1,-1, ,,,,30,01:00,40,53,
2007,RS,9,107,424,BAM,PBOF,"GARRETT, ROBERT",3FGM,Three Pointer,3,-464,512,J,,,,30,01:00,43,53,
2007,RS,9,107,430,BAM,PASB,"OKULAJA, ADEMOLA",2FGM,Two Pointer,2,-76,41,D,,,,31,10:00,45,53,
2007,RS,9,107,437,BAM,PBOF,"GARRETT, ROBERT",3FGA,Missed Three Pointer,0,674,71,A,,,,31,10:00,45,53,
2007,RS,9,107,439,PAN,PADG,"JASIKEVICIUS, SARUNAS",2FGA,Missed Two Pointer,0,-479,133,E,,,,31,10:00,45,53,
2007,RS,9,107,441,PAN,PJUO,"SPANOULIS, VASSILIS",2FGA,Missed Two Pointer,0,-15,128,D,,,,31,10:00,45,53,
2007,RS,9,107,443,BAM,PJSS,"HAMANN, STEFFEN",2FGA,Missed Two Pointer,0,-51,33,D,,,,31,10:00,45,53,
2007,RS,9,107,448,PAN,PTFY,"WINSTON, KENNEDY",3FGM,Three Pointer,3,592,282,A,,,,32,09:00,45,56,
2007,RS,9,107,449,BAM,PLPI,"FENN, DARREN",3FGA,Missed Three Pointer,0,-2,682,J,,,,32,09:00,45,56,
2007,RS,9,107,451,PAN,PBXE,"ZIZIC, ANDRIJA",2FGM,Two Pointer,2,64,12,C,,,,32,09:00,45,58,
2007,RS,9,107,457,BAM,PKOO,"GREENE, DEMOND",3FGA,Missed Three Pointer,0,374,628,G,,,,33,08:00,45,58,
2007,RS,9,107,460,PAN,PJKO,"DIAMANTIDIS, DIMITRIS",3FGA,Missed Three Pointer,0,223,638,G,,,,34,07:00,45,58,
2007,RS,9,107,464,BAM,PJSS,"HAMANN, STEFFEN",2FGA,Missed Two Pointer,0,61,179,C,,,,34,07:00,45,58,
2007,RS,9,107,472,BAM,PASB,"OKULAJA, ADEMOLA",2FGM,Two Pointer,2,5,102,C,,,,34,07:00,47,58,
2007,RS,9,107,476,BAM,PJSS,"HAMANN, STEFFEN",3FGA,Missed Three Pointer,0,274,658,G,,,,34,07:00,47,58,
2007,RS,9,107,480,PAN,PJUO,"SPANOULIS, VASSILIS",FTM,Free Throw In,1,-1,-1, ,,,,34,07:00,47,59,
2007,RS,9,107,481,PAN,PJUO,"SPANOULIS, VASSILIS",FTM,Free Throw In,1,-1,-1, ,,,,34,07:00,47,60,
2007,RS,9,107,484,BAM,PBOF,"GARRETT, ROBERT",3FGM,Three Pointer,3,633,258,A,,,,35,06:00,50,60,
2007,RS,9,107,486,PAN,PBXE,"ZIZIC, ANDRIJA",2FGA,Missed Two Pointer,0,33,92,C,,,,35,06:00,50,60,
2007,RS,9,107,488,BAM,PKOO,"GREENE, DEMOND",3FGA,Missed Three Pointer,0,-633,187,F,,,,35,06:00,50,60,
2007,RS,9,107,498,BAM,PKOO,"GREENE, DEMOND",3FGA,Missed Three Pointer,0,-220,666,J,,,,37,04:00,50,60,
2007,RS,9,107,500,PAN,PAGG,"BECIROVIC, SANI",3FGM,Three Pointer,3,-669,112,F,,,,37,04:00,50,63,
2007,RS,9,107,502,BAM,PBOF,"GARRETT, ROBERT",3FGA,Missed Three Pointer,0,-166,682,J,,,,37,04:00,50,63,
2007,RS,9,107,505,PAN,PAGG,"BECIROVIC, SANI",2FGM,Two Pointer,2,33,61,C,,,,38,03:00,50,65,
2007,RS,9,107,506,BAM,PJSS,"HAMANN, STEFFEN",2FGA,Missed Two Pointer,0,-48,51,D,,,,38,03:00,50,65,
2007,RS,9,107,508,BAM,PASB,"OKULAJA, ADEMOLA",2FGM,Two Pointer,2,-30,17,D,,,,38,03:00,52,65,
2007,RS,9,107,514,BAM,PJSS,"HAMANN, STEFFEN",2FGM,Two Pointer,2,-46,41,D,,,,39,02:00,54,65,
2007,RS,9,107,515,PAN,PADG,"JASIKEVICIUS, SARUNAS",2FGM,Two Pointer,2,-56,2,D,,,,39,02:00,54,67,
2007,RS,9,107,516,BAM,PKOO,"GREENE, DEMOND",2FGM,Two Pointer,2,261,202,B,,,,39,02:00,56,67,
2007,RS,9,107,517,PAN,PADG,"JASIKEVICIUS, SARUNAS",3FGM,Three Pointer,3,-435,502,J,,,,39,02:00,56,70,
2007,RS,9,107,521,BAM,PJJZ,"SUPUT, PREDRAG",3FGA,Missed Three Pointer,0,-400,558,J,,,,40,01:00,56,70,
2007,RS,9,107,525,PAN,PJUO,"SPANOULIS, VASSILIS",2FGA,Missed Two Pointer,0,41,105,C,,,,40,01:00,56,70,
2007,RS,9,107,527,BAM,PJSS,"HAMANN, STEFFEN",2FGAB,Missed Two Pointer,0,-100,58,D,,,,40,01:00,56,70,
2007,RS,9,107,531,BAM,P000118,"TADDA, KARSTEN",2FGM,Two Pointer,2,-46,38,D,,,,40,01:00,58,70,
2007,RS,9,107,534,PAN,PADG,"JASIKEVICIUS, SARUNAS",FTM,Free Throw In,1,-1,-1, ,,,,40,01:00,58,71,
2007,RS,9,107,535,PAN,PADG,"JASIKEVICIUS, SARUNAS",FTM,Free Throw In,1,-1,-1, ,,,,40,01:00,58,72,
2007,RS,9,108,3,ROM,PKXO,"GIACHETTI, JACOPO",2FGM,Two Pointer,2,97,71,C,,,,1,10:00,2,0,
2007,RS,9,108,4,MAD,PCTN,"SMITH, CHARLES",3FGM,Three Pointer,3,671,-7,A,,,,1,10:00,2,3,
2007,RS,9,108,5,ROM,PTFR,"RAY, ALLAN",3FGAB,Missed Three Pointer,0,-15,741,J,,,,1,10:00,2,3,
2007,RS,9,108,10,MAD,PAPP,"PAPADOPOULOS, LAZAROS",FTM,Free Throw In,1,-1,-1, ,,,,2,09:00,2,4,
2007,RS,9,108,11,MAD,PAPP,"PAPADOPOULOS, LAZAROS",FTM,Free Throw In,1,-1,-1, ,,,,2,09:00,2,5,
2007,RS,9,108,18,MAD,PCTN,"SMITH, CHARLES",2FGA,Missed Two Pointer,0,79,35,C,,,,2,09:00,2,5,
2007,RS,9,108,20,MAD,PARR,"TUNCERI, KEREM",2FGM,Two Pointer,2,-74,82,D,,,,2,09:00,2,7,
2007,RS,9,108,24,ROM,PBWL,"LORBEK, ERAZEM",2FGA,Missed Two Pointer,0,0,328,D,,,,3,08:00,2,7,
2007,RS,9,108,26,MAD,PCRF,"HERVELLE, AXEL",3FGM,Three Pointer,3,151,664,G,,,,3,08:00,2,10,
2007,RS,9,108,28,ROM,PTFR,"RAY, ALLAN",3FGA,Missed Three Pointer,0,633,251,A,,,,3,08:00,2,10,
2007,RS,9,108,30,ROM,PBWL,"LORBEK, ERAZEM",2FGM,Two Pointer,2,-66,30,D,,,,3,08:00,4,10,
2007,RS,9,108,34,ROM,PJKN,"GABINI, ROBERTO",2FGM,Two Pointer,2,2,5,D,,,,4,07:00,6,10,
2007,RS,9,108,36,MAD,PBFJ,"MUMBRU, ALEX",2FGM,Two Pointer,2,43,56,C,,,,4,07:00,6,12,
2007,RS,9,108,38,ROM,PJKN,"GABINI, ROBERTO",2FGAB,Missed Two Pointer,0,-41,58,D,,,,4,07:00,6,12,
2007,RS,9,108,42,MAD,PCTN,"SMITH, CHARLES",2FGM,Two Pointer,2,-5,0,D,,,,4,07:00,6,14,
2007,RS,9,108,45,ROM,PJKN,"GABINI, ROBERTO",2FGA,Missed Two Pointer,0,28,43,C,,,,4,07:00,6,14,
2007,RS,9,108,48,MAD,PBFJ,"MUMBRU, ALEX",2FGM,Two Pointer,2,66,28,C,,,,5,06:00,6,16,
2007,RS,9,108,49,ROM,PBWL,"LORBEK, ERAZEM",2FGM,Two Pointer,2,-115,71,D,,,,5,06:00,8,16,
2007,RS,9,108,61,ROM,PKZA,"HAWKINS, DAVID",FTM,Free Throw In,1,-1,-1, ,,,,6,05:00,9,16,
2007,RS,9,108,62,MAD,PBFJ,"MUMBRU, ALEX",3FGM,Three Pointer,3,-482,476,J,,,,6,05:00,9,19,
2007,RS,9,108,64,ROM,PKZA,"HAWKINS, DAVID",2FGM,Two Pointer,2,-5,5,D,,,,6,05:00,11,19,
2007,RS,9,108,66,MAD,PARR,"TUNCERI, KEREM",3FGA,Missed Three Pointer,0,653,151,A,,,,7,04:00,11,19,
2007,RS,9,108,68,MAD,PARR,"TUNCERI, KEREM",3FGA,Missed Three Pointer,0,-38,692,J,,,,7,04:00,11,19,
2007,RS,9,108,70,ROM,PJKN,"GABINI, ROBERTO",2FGM,Two Pointer,2,-53,25,D,,,,7,04:00,13,19,
2007,RS,9,108,73,MAD,PCRF,"HERVELLE, AXEL",3FGA,Missed Three Pointer,0,-553,384,F,,,,8,03:00,13,19,
2007,RS,9,108,75,ROM,PKXO,"GIACHETTI, JACOPO",2FGA,Missed Two Pointer,0,-79,61,D,,,,8,03:00,13,19,
2007,RS,9,108,77,ROM,PBWL,"LORBEK, ERAZEM",2FGM,Two Pointer,2,-46,41,D,,,,8,03:00,15,19,
2007,RS,9,108,88,ROM,PJKN,"GABINI, ROBERTO",3FGA,Missed Three Pointer,0,-679,25,F,,,,8,03:00,15,19,
2007,RS,9,108,101,ROM,PBWL,"LORBEK, ERAZEM",2FGM,Two Pointer,2,71,71,C,,,,9,02:00,17,19,
2007,RS,9,108,113,ROM,PBWL,"LORBEK, ERAZEM",2FGM,Two Pointer,2,-76,17,D,,,,10,01:00,19,19,
2007,RS,9,108,125,ROM,PLUK,"STEFANSSON, JON",2FGM,Two Pointer,2,0,356,D,,,,11,10:00,21,19,
2007,RS,9,108,131,ROM,PCJA,"UKIC, ROKO-LENI",3FGA,Missed Three Pointer,0,-202,643,J,,,,12,09:00,21,19,
2007,RS,9,108,135,MAD,PAAX,"REYES, FELIPE",2FGAB,Missed Two Pointer,0,-120,23,D,,,,12,09:00,21,19,
2007,RS,9,108,139,MAD,PACK,"PELEKANOS, MICHALIS",2FGA,Missed Two Pointer,0,-89,61,D,,,,12,09:00,21,19,
2007,RS,9,108,141,MAD,PAFB,"SEKULIC, BLAGOTA",2FGM,Two Pointer,2,66,51,C,,,,12,09:00,21,21,
2007,RS,9,108,143,ROM,PTFR,"RAY, ALLAN",2FGA,Missed Two Pointer,0,-53,23,D,,,,13,08:00,21,21,
2007,RS,9,108,145,MAD,PAIT,"LOPEZ, RAUL",2FGM,Two Pointer,2,-15,264,D,,,,13,08:00,21,23,
2007,RS,9,108,146,ROM,PCJA,"UKIC, ROKO-LENI",2FGA,Missed Two Pointer,0,-2,494,I,,,,13,08:00,21,23,
2007,RS,9,108,157,MAD,PAJO,"BULLOCK, LOUIS",3FGAB,Missed Three Pointer,0,105,692,G,,,,14,07:00,21,23,
2007,RS,9,108,160,ROM,PLUK,"STEFANSSON, JON",3FGA,Missed Three Pointer,0,43,697,G,,,,14,07:00,21,23,
2007,RS,9,108,162,ROM,PJKN,"GABINI, ROBERTO",2FGM,Two Pointer,2,30,79,C,,,,14,07:00,23,23,
2007,RS,9,108,168,ROM,PJKN,"GABINI, ROBERTO",3FGM,Three Pointer,3,579,358,A,,,,15,06:00,26,23,
2007,RS,9,108,173,ROM,PCJA,"UKIC, ROKO-LENI",2FGM,Two Pointer,2,64,51,C,,,,16,05:00,28,23,
2007,RS,9,108,174,MAD,PAJO,"BULLOCK, LOUIS",2FGA,Missed Two Pointer,0,366,76,B,,,,16,05:00,28,23,
2007,RS,9,108,176,MAD,PAAX,"REYES, FELIPE",2FGM,Two Pointer,2,-17,369,D,,,,16,05:00,28,25,
2007,RS,9,108,177,ROM,PADP,"FUCKA, GREGOR",2FGM,Two Pointer,2,92,41,C,,,,16,05:00,30,25,
2007,RS,9,108,180,MAD,PAAX,"REYES, FELIPE",2FGM,Two Pointer,2,-2,2,D,,,,17,04:00,30,27,
2007,RS,9,108,182,ROM,PCJA,"UKIC, ROKO-LENI",2FGM,Two Pointer,2,102,41,C,,,,17,04:00,32,27,
2007,RS,9,108,183,MAD,PAIT,"LOPEZ, RAUL",3FGA,Missed Three Pointer,0,-2,710,J,,,,17,04:00,32,27,
2007,RS,9,108,198,MAD,PCTN,"SMITH, CHARLES",3FGA,Missed Three Pointer,0,676,-76,A,,,,18,03:00,32,27,
2007,RS,9,108,200,ROM,PADP,"FUCKA, GREGOR",2FGA,Missed Two Pointer,0,-315,-5,E,,,,18,03:00,32,27,
2007,RS,9,108,203,MAD,PARR,"TUNCERI, KEREM",3FGA,Missed Three Pointer,0,-71,730,J,,,,19,02:00,32,27,
2007,RS,9,108,211,ROM,PLUK,"STEFANSSON, JON",2FGM,Two Pointer,2,487,164,B,,,,19,02:00,34,27,
2007,RS,9,108,212,MAD,PCTN,"SMITH, CHARLES",3FGM,Three Pointer,3,615,282,A,,,,19,02:00,34,30,
2007,RS,9,108,214,ROM,PJKN,"GABINI, ROBERTO",3FGA,Missed Three Pointer,0,-297,610,J,,,,20,01:00,34,30,
2007,RS,9,108,220,MAD,PARR,"TUNCERI, KEREM",2FGM,Two Pointer,2,179,256,C,,,,20,01:00,34,32,
2007,RS,9,108,230,ROM,PTFR,"RAY, ALLAN",3FGA,Missed Three Pointer,0,297,615,G,,,,20,01:00,34,32,
2007,RS,9,108,246,ROM,PBWL,"LORBEK, ERAZEM",FTM,Free Throw In,1,-1,-1, ,,,,21,10:00,35,32,
2007,RS,9,108,247,ROM,PBWL,"LORBEK, ERAZEM",FTM,Free Throw In,1,-1,-1, ,,,,21,10:00,36,32,
2007,RS,9,108,252,ROM,PTFR,"RAY, ALLAN",3FGA,Missed Three Pointer,0,666,66,A,,,,21,10:00,36,32,
2007,RS,9,108,255,MAD,PAPP,"PAPADOPOULOS, LAZAROS",2FGA,Missed Two Pointer,0,46,17,C,,,,22,09:00,36,32,
2007,RS,9,108,257,MAD,PAAX,"REYES, FELIPE",2FGA,Missed Two Pointer,0,-46,12,D,,,,22,09:00,36,32,
2007,RS,9,108,259,ROM,PJKN,"GABINI, ROBERTO",2FGM,Two Pointer,2,41,28,C,,,,22,09:00,38,32,
2007,RS,9,108,261,MAD,PAAX,"REYES, FELIPE",2FGA,Missed Two Pointer,0,-153,446,I,,,,22,09:00,38,32,
2007,RS,9,108,265,ROM,PJKN,"GABINI, ROBERTO",3FGA,Missed Three Pointer,0,500,443,G,,,,22,09:00,38,32,
2007,RS,9,108,270,MAD,PAJO,"BULLOCK, LOUIS",3FGM,Three Pointer,3,-317,579,J,,,,23,08:00,38,35,
2007,RS,9,108,271,ROM,PJKN,"GABINI, ROBERTO",2FGM,Two Pointer,2,7,56,C,,,,23,08:00,40,35,
2007,RS,9,108,275,MAD,PAPP,"PAPADOPOULOS, LAZAROS",2FGM,Two Pointer,2,-2,153,D,,,,24,07:00,40,37,
2007,RS,9,108,280,ROM,PKXO,"GIACHETTI, JACOPO",FTM,Free Throw In,1,-1,-1, ,,,,24,07:00,41,37,
2007,RS,9,108,281,ROM,PKXO,"GIACHETTI, JACOPO",FTM,Free Throw In,1,-1,-1, ,,,,24,07:00,42,37,
2007,RS,9,108,282,MAD,PCTN,"SMITH, CHARLES",3FGA,Missed Three Pointer,0,471,579,G,,,,24,07:00,42,37,
2007,RS,9,108,284,MAD,PAAX,"REYES, FELIPE",2FGAB,Missed Two Pointer,0,-64,30,D,,,,24,07:00,42,37,
2007,RS,9,108,289,ROM,PKXO,"GIACHETTI, JACOPO",2FGA,Missed Two Pointer,0,41,30,C,,,,25,06:00,42,37,
2007,RS,9,108,293,MAD,PCTN,"SMITH, CHARLES",FTM,Free Throw In,1,-1,-1, ,,,,25,06:00,42,38,
2007,RS,9,108,294,MAD,PCTN,"SMITH, CHARLES",FTM,Free Throw In,1,-1,-1, ,,,,25,06:00,42,39,
2007,RS,9,108,300,ROM,PJKN,"GABINI, ROBERTO",FTM,Free Throw In,1,-1,-1, ,,,,26,05:00,43,39,
2007,RS,9,108,303,ROM,PTFR,"RAY, ALLAN",3FGM,Three Pointer,3,-412,535,J,,,,26,05:00,46,39,
2007,RS,9,108,305,MAD,PAJO,"BULLOCK, LOUIS",3FGA,Missed Three Pointer,0,474,548,G,,,,26,05:00,46,39,
2007,RS,9,108,307,ROM,PKXO,"GIACHETTI, JACOPO",3FGA,Missed Three Pointer,0,-374,594,J,,,,26,05:00,46,39,
2007,RS,9,108,310,MAD,PARR,"TUNCERI, KEREM",3FGA,Missed Three Pointer,0,25,661,G,,,,27,04:00,46,39,
2007,RS,9,108,312,MAD,PCRF,"HERVELLE, AXEL",2FGM,Two Pointer,2,7,10,C,,,,27,04:00,46,41,
2007,RS,9,108,315,ROM,PJKN,"GABINI, ROBERTO",2FGA,Missed Two Pointer,0,0,58,D,,,,27,04:00,46,41,
2007,RS,9,108,319,MAD,PAAX,"REYES, FELIPE",2FGM,Two Pointer,2,-10,56,D,,,,27,04:00,46,43,
2007,RS,9,108,327,MAD,PAAX,"REYES, FELIPE",FTM,Free Throw In,1,-1,-1, ,,,,27,04:00,46,44,
2007,RS,9,108,331,MAD,PARR,"TUNCERI, KEREM",3FGM,Three Pointer,3,97,671,G,,,,28,03:00,46,47,
2007,RS,9,108,343,MAD,PAJO,"BULLOCK, LOUIS",2FGM,Two Pointer,2,-5,48,D,,,,29,02:00,46,49,
2007,RS,9,108,348,MAD,PAJO,"BULLOCK, LOUIS",FTM,Free Throw In,1,-1,-1, ,,,,29,02:00,46,50,
2007,RS,9,108,351,ROM,PBWL,"LORBEK, ERAZEM",FTM,Free Throw In,1,-1,-1, ,,,,29,02:00,47,50,
2007,RS,9,108,352,ROM,PBWL,"LORBEK, ERAZEM",FTM,Free Throw In,1,-1,-1, ,,,,29,02:00,48,50,
2007,RS,9,108,353,MAD,PAJO,"BULLOCK, LOUIS",3FGA,Missed Three Pointer,0,-33,692,J,,,,29,02:00,48,50,
2007,RS,9,108,360,ROM,PBWL,"LORBEK, ERAZEM",FTM,Free Throw In,1,-1,-1, ,,,,29,02:00,49,50,
2007,RS,9,108,362,MAD,PCTN,"SMITH, CHARLES",3FGA,Missed Three Pointer,0,-282,615,J,,,,30,01:00,49,50,
2007,RS,9,108,364,ROM,PKZA,"HAWKINS, DAVID",2FGA,Missed Two Pointer,0,30,123,C,,,,30,01:00,49,50,
2007,RS,9,108,366,MAD,PARR,"TUNCERI, KEREM",3FGM,Three Pointer,3,-587,335,F,,,,30,01:00,49,53,
2007,RS,9,108,371,ROM,PKZA,"HAWKINS, DAVID",2FGA,Missed Two Pointer,0,-356,130,E,,,,31,10:00,49,53,
2007,RS,9,108,373,MAD,PBFJ,"MUMBRU, ALEX",3FGM,Three Pointer,3,-671,38,F,,,,31,10:00,49,56,
2007,RS,9,108,376,ROM,PADP,"FUCKA, GREGOR",2FGM,Two Pointer,2,-33,41,D,,,,32,09:00,51,56,
2007,RS,9,108,377,MAD,PBFJ,"MUMBRU, ALEX",3FGA,Missed Three Pointer,0,-658,7,F,,,,32,09:00,51,56,
2007,RS,9,108,379,ROM,PBWL,"LORBEK, ERAZEM",2FGM,Two Pointer,2,487,107,B,,,,32,09:00,53,56,
2007,RS,9,108,382,MAD,PAJO,"BULLOCK, LOUIS",2FGA,Missed Two Pointer,0,233,43,C,,,,33,08:00,53,56,
2007,RS,9,108,394,ROM,PCJA,"UKIC, ROKO-LENI",FTM,Free Throw In,1,-1,-1, ,,,,33,08:00,54,56,
2007,RS,9,108,395,ROM,PCJA,"UKIC, ROKO-LENI",FTM,Free Throw In,1,-1,-1, ,,,,33,08:00,55,56,
2007,RS,9,108,396,MAD,PAAX,"REYES, FELIPE",2FGAB,Missed Two Pointer,0,-56,12,D,,,,33,08:00,55,56,
2007,RS,9,108,400,ROM,PCJA,"UKIC, ROKO-LENI",3FGA,Missed Three Pointer,0,674,-30,A,,,,33,08:00,55,56,
2007,RS,9,108,403,MAD,PCTN,"SMITH, CHARLES",2FGA,Missed Two Pointer,0,-407,43,E,,,,34,07:00,55,56,
2007,RS,9,108,410,ROM,PLUK,"STEFANSSON, JON",3FGM,Three Pointer,3,-610,679,J,,,,34,07:00,58,56,
2007,RS,9,108,420,MAD,PBFJ,"MUMBRU, ALEX",3FGA,Missed Three Pointer,0,123,697,G,,,,35,06:00,58,56,
2007,RS,9,108,423,ROM,PCJA,"UKIC, ROKO-LENI",3FGA,Missed Three Pointer,0,-251,628,J,,,,36,05:00,58,56,
2007,RS,9,108,425,MAD,PAJO,"BULLOCK, LOUIS",2FGA,Missed Two Pointer,0,-56,35,D,,,,36,05:00,58,56,
2007,RS,9,108,427,ROM,PTFR,"RAY, ALLAN",3FGA,Missed Three Pointer,0,643,107,A,,,,36,05:00,58,56,
2007,RS,9,108,434,MAD,PAJO,"BULLOCK, LOUIS",2FGM,Two Pointer,2,-48,-5,D,,,,37,04:00,58,58,
2007,RS,9,108,438,ROM,PLUK,"STEFANSSON, JON",FTM,Free Throw In,1,-1,-1, ,,,,37,04:00,59,58,
2007,RS,9,108,453,ROM,PTFR,"RAY, ALLAN",2FGA,Missed Two Pointer,0,-15,41,D,,,,38,03:00,59,58,
2007,RS,9,108,455,MAD,PARR,"TUNCERI, KEREM",3FGA,Missed Three Pointer,0,-561,351,F,,,,38,03:00,59,58,
2007,RS,9,108,457,ROM,PJKN,"GABINI, ROBERTO",3FGM,Three Pointer,3,-230,776,J,,,,38,03:00,62,58,
2007,RS,9,108,460,MAD,PAJO,"BULLOCK, LOUIS",3FGM,Three Pointer,3,-574,374,F,,,,39,02:00,62,61,
2007,RS,9,108,461,ROM,PJKN,"GABINI, ROBERTO",2FGAB,Missed Two Pointer,0,28,76,C,,,,39,02:00,62,61,
2007,RS,9,108,467,MAD,PAJO,"BULLOCK, LOUIS",2FGA,Missed Two Pointer,0,333,271,B,,,,39,02:00,62,61,
2007,RS,9,108,471,MAD,PAAX,"REYES, FELIPE",FTM,Free Throw In,1,-1,-1, ,,,,39,02:00,62,62,
2007,RS,9,108,472,MAD,PAAX,"REYES, FELIPE",FTM,Free Throw In,1,-1,-1, ,,,,39,02:00,62,63,
2007,RS,9,108,474,ROM,PTFR,"RAY, ALLAN",3FGM,Three Pointer,3,71,692,G,,,,40,01:00,65,63,
2007,RS,9,108,478,MAD,PAAX,"REYES, FELIPE",FTM,Free Throw In,1,-1,-1, ,,,,40,01:00,65,64,
2007,RS,9,108,484,ROM,PTFR,"RAY, ALLAN",FTM,Free Throw In,1,-1,-1, ,,,,40,01:00,66,64,
2007,RS,9,108,485,ROM,PTFR,"RAY, ALLAN",FTM,Free Throw In,1,-1,-1, ,,,,40,01:00,67,64,
2007,RS,9,108,491,MAD,PAJO,"BULLOCK, LOUIS",3FGA,Missed Three Pointer,0,-228,646,J,,,,40,01:00,67,64,
2007,RS,9,108,493,ROM,PCJA,"UKIC, ROKO-LENI",2FGM,Two Pointer,2,2,43,D,,,,40,01:00,69,64,
2007,RS,10,109,2,VIR,PTGM,"SPENCER, DEWARICK",3FGA,Missed Three Pointer,0,-633,300,F,,,,1,10:00,0,0,
2007,RS,10,109,4,OLY,P000126,"JACKSON, MARC",3FGA,Missed Three Pointer,0,43,753,G,,,,1,10:00,0,0,
2007,RS,10,109,13,OLY,PTFV,"WOODS, QYNTEL",FTM,Free Throw In,1,-1,-1, ,,,,2,09:00,0,1,
2007,RS,10,109,14,OLY,PTFV,"WOODS, QYNTEL",FTM,Free Throw In,1,-1,-1, ,,,,2,09:00,0,2,
2007,RS,10,109,17,VIR,P000672,"MC GRATH, DONALD MICHAEL",3FGA,Missed Three Pointer,0,-35,697,J,,,,2,09:00,0,2,
2007,RS,10,109,23,OLY,PCBV,"MACIJAUSKAS, ARVYDAS",2FGM,Two Pointer,2,12,71,C,,,,2,09:00,0,4,
2007,RS,10,109,29,OLY,PTFV,"WOODS, QYNTEL",2FGM,Two Pointer,2,-2,7,D,,,,3,08:00,0,6,
2007,RS,10,109,30,VIR,PBXA,"GIOVANNONI, GUILHERME",3FGM,Three Pointer,3,-12,725,J,,,,3,08:00,3,6,
2007,RS,10,109,37,OLY,P000126,"JACKSON, MARC",FTM,Free Throw In,1,-1,-1, ,,,,3,08:00,3,7,
2007,RS,10,109,45,VIR,PJNX,"MICHELORI, ANDREA",FTM,Free Throw In,1,-1,-1, ,,,,4,07:00,4,7,
2007,RS,10,109,50,OLY,PCBV,"MACIJAUSKAS, ARVYDAS",FTM,Free Throw In,1,-1,-1, ,,,,4,07:00,4,8,
2007,RS,10,109,51,OLY,PCBV,"MACIJAUSKAS, ARVYDAS",FTM,Free Throw In,1,-1,-1, ,,,,4,07:00,4,9,
2007,RS,10,109,52,VIR,PTGS,"DA ROS, MATTEO",2FGA,Missed Two Pointer,0,100,100,C,,,,4,07:00,4,9,
2007,RS,10,109,54,VIR,P000688,"STOJKOV, STEVAN",2FGM,Two Pointer,2,-5,125,D,,,,4,07:00,6,9,
2007,RS,10,109,55,OLY,PTFV,"WOODS, QYNTEL",2FGM,Two Pointer,2,5,82,C,,,,4,07:00,6,11,
2007,RS,10,109,58,VIR,PBXA,"GIOVANNONI, GUILHERME",2FGM,Two Pointer,2,7,382,C,,,,5,06:00,8,11,
2007,RS,10,109,62,OLY,PAQU,"BOUROUSIS, IOANNIS",FTM,Free Throw In,1,-1,-1, ,,,,5,06:00,8,12,
2007,RS,10,109,65,VIR,P000688,"STOJKOV, STEVAN",3FGM,Three Pointer,3,-589,410,F,,,,5,06:00,11,12,
2007,RS,10,109,66,OLY,P000126,"JACKSON, MARC",2FGA,Missed Two Pointer,0,-69,105,D,,,,5,06:00,11,12,
2007,RS,10,109,68,OLY,P000126,"JACKSON, MARC",2FGM,Two Pointer,2,7,94,C,,,,5,06:00,11,14,
2007,RS,10,109,76,VIR,PLHB,"GARRI, LUCA",2FGM,Two Pointer,2,5,153,C,,,,6,05:00,13,14,
2007,RS,10,109,77,OLY,PCBV,"MACIJAUSKAS, ARVYDAS",2FGA,Missed Two Pointer,0,151,61,C,,,,6,05:00,13,14,
2007,RS,10,109,79,VIR,PTGS,"DA ROS, MATTEO",3FGA,Missed Three Pointer,0,676,197,A,,,,6,05:00,13,14,
2007,RS,10,109,84,VIR,PLHB,"GARRI, LUCA",3FGA,Missed Three Pointer,0,-482,523,J,,,,7,04:00,13,14,
2007,RS,10,109,90,VIR,P000672,"MC GRATH, DONALD MICHAEL",3FGM,Three Pointer,3,143,661,G,,,,7,04:00,16,14,
2007,RS,10,109,92,OLY,PTFV,"WOODS, QYNTEL",2FGA,Missed Two Pointer,0,-107,135,D,,,,8,03:00,16,14,
2007,RS,10,109,94,VIR,P000672,"MC GRATH, DONALD MICHAEL",2FGA,Missed Two Pointer,0,2,102,D,,,,8,03:00,16,14,
2007,RS,10,109,102,VIR,PLHB,"GARRI, LUCA",FTM,Free Throw In,1,-1,-1, ,,,,8,03:00,17,14,
2007,RS,10,109,103,VIR,PLHB,"GARRI, LUCA",FTM,Free Throw In,1,-1,-1, ,,,,8,03:00,18,14,
2007,RS,10,109,104,OLY,PTFV,"WOODS, QYNTEL",2FGM,Two Pointer,2,-2,5,D,,,,8,03:00,18,16,
2007,RS,10,109,107,OLY,PTFV,"WOODS, QYNTEL",2FGM,Two Pointer,2,-5,5,D,,,,8,03:00,18,18,
2007,RS,10,109,110,OLY,P000126,"JACKSON, MARC",3FGA,Missed Three Pointer,0,412,569,G,,,,9,02:00,18,18,
2007,RS,10,109,112,VIR,PLHB,"GARRI, LUCA",3FGA,Missed Three Pointer,0,-574,397,F,,,,9,02:00,18,18,
2007,RS,10,109,114,OLY,PCRR,"GREER, LYNN",2FGM,Two Pointer,2,125,97,C,,,,9,02:00,18,20,
2007,RS,10,109,116,VIR,PJNX,"MICHELORI, ANDREA",2FGAB,Missed Two Pointer,0,-46,105,D,,,,10,01:00,18,20,
2007,RS,10,109,119,OLY,PTFW,"TSAKALIDIS, JAKE",2FGM,Two Pointer,2,-23,43,D,,,,10,01:00,18,22,
2007,RS,10,109,122,VIR,P000672,"MC GRATH, DONALD MICHAEL",3FGA,Missed Three Pointer,0,-610,412,F,,,,10,01:00,18,22,
2007,RS,10,109,128,VIR,PJNX,"MICHELORI, ANDREA",FTM,Free Throw In,1,-1,-1, ,,,,10,01:00,19,22,
2007,RS,10,109,129,VIR,PJNX,"MICHELORI, ANDREA",FTM,Free Throw In,1,-1,-1, ,,,,10,01:00,20,22,
2007,RS,10,109,130,OLY,PJDR,"TEODOSIC, MILOS",3FGM,Three Pointer,3,328,630,G,,,,10,01:00,20,25,
2007,RS,10,109,140,OLY,PJDR,"TEODOSIC, MILOS",3FGA,Missed Three Pointer,0,643,230,A,,,,11,10:00,20,25,
2007,RS,10,109,144,OLY,PCRR,"GREER, LYNN",2FGM,Two Pointer,2,-405,151,E,,,,11,10:00,20,27,
2007,RS,10,109,146,VIR,P000079,"CANELO, JEAN CARLOS",2FGA,Missed Two Pointer,0,23,361,C,,,,11,10:00,20,27,
2007,RS,10,109,148,VIR,P000079,"CANELO, JEAN CARLOS",2FGM,Two Pointer,2,94,69,C,,,,11,10:00,22,27,
2007,RS,10,109,150,OLY,P000126,"JACKSON, MARC",2FGM,Two Pointer,2,7,97,C,,,,12,09:00,22,29,
2007,RS,10,109,151,VIR,PLHB,"GARRI, LUCA",3FGM,Three Pointer,3,494,510,G,,,,12,09:00,25,29,
2007,RS,10,109,156,OLY,PTFV,"WOODS, QYNTEL",2FGA,Missed Two Pointer,0,84,82,C,,,,12,09:00,25,29,
2007,RS,10,109,157,OLY,PTFV,"WOODS, QYNTEL",2FGAB,Missed Two Pointer,0,38,107,C,,,,12,09:00,25,29,
2007,RS,10,109,163,VIR,P000688,"STOJKOV, STEVAN",3FGA,Missed Three Pointer,0,594,410,A,,,,13,08:00,25,29,
2007,RS,10,109,166,OLY,PTFW,"TSAKALIDIS, JAKE",2FGM,Two Pointer,2,0,5,D,,,,13,08:00,25,31,
2007,RS,10,109,169,VIR,PTGM,"SPENCER, DEWARICK",3FGM,Three Pointer,3,-679,143,F,,,,13,08:00,28,31,
2007,RS,10,109,171,OLY,PCRR,"GREER, LYNN",2FGM,Two Pointer,2,-333,312,E,,,,13,08:00,28,33,
2007,RS,10,109,178,VIR,PTGO,"CROSARIOL, ANDREA",FTM,Free Throw In,1,-1,-1, ,,,,14,07:00,29,33,
2007,RS,10,109,184,VIR,P000688,"STOJKOV, STEVAN",3FGA,Missed Three Pointer,0,676,82,A,,,,14,07:00,29,33,
2007,RS,10,109,186,VIR,PTGM,"SPENCER, DEWARICK",3FGA,Missed Three Pointer,0,-507,517,J,,,,14,07:00,29,33,
2007,RS,10,109,189,VIR,PTGO,"CROSARIOL, ANDREA",2FGA,Missed Two Pointer,0,5,220,C,,,,15,06:00,29,33,
2007,RS,10,109,193,VIR,PTGO,"CROSARIOL, ANDREA",2FGA,Missed Two Pointer,0,69,61,C,,,,15,06:00,29,33,
2007,RS,10,109,195,VIR,P000688,"STOJKOV, STEVAN",3FGM,Three Pointer,3,-666,135,F,,,,15,06:00,32,33,
2007,RS,10,109,200,VIR,PTGM,"SPENCER, DEWARICK",3FGA,Missed Three Pointer,0,-605,330,F,,,,16,05:00,32,33,
2007,RS,10,109,206,OLY,PJRC,"MAVROKEFALIDES, LOUKAS",2FGM,Two Pointer,2,53,69,C,,,,16,05:00,32,35,
2007,RS,10,109,212,OLY,PTFV,"WOODS, QYNTEL",2FGM,Two Pointer,2,2,12,D,,,,17,04:00,32,37,
2007,RS,10,109,219,VIR,PTGM,"SPENCER, DEWARICK",2FGM,Two Pointer,2,5,58,C,,,,17,04:00,34,37,
2007,RS,10,109,221,OLY,PTFV,"WOODS, QYNTEL",2FGM,Two Pointer,2,-102,20,D,,,,18,03:00,34,39,
2007,RS,10,109,222,VIR,P000672,"MC GRATH, DONALD MICHAEL",3FGA,Missed Three Pointer,0,-687,141,F,,,,18,03:00,34,39,
2007,RS,10,109,224,OLY,PCRR,"GREER, LYNN",2FGA,Missed Two Pointer,0,51,117,C,,,,18,03:00,34,39,
2007,RS,10,109,226,OLY,PJRC,"MAVROKEFALIDES, LOUKAS",2FGM,Two Pointer,2,17,94,C,,,,18,03:00,34,41,
2007,RS,10,109,228,VIR,PJNX,"MICHELORI, ANDREA",2FGM,Two Pointer,2,323,-2,B,,,,18,03:00,36,41,
2007,RS,10,109,229,OLY,PCRR,"GREER, LYNN",2FGA,Missed Two Pointer,0,105,130,C,,,,18,03:00,36,41,
2007,RS,10,109,242,VIR,PTGM,"SPENCER, DEWARICK",2FGA,Missed Two Pointer,0,5,146,C,,,,19,02:00,36,41,
2007,RS,10,109,245,OLY,PJRC,"MAVROKEFALIDES, LOUKAS",2FGM,Two Pointer,2,-100,30,D,,,,19,02:00,36,43,
2007,RS,10,109,248,VIR,PTGM,"SPENCER, DEWARICK",FTM,Free Throw In,1,-1,-1, ,,,,19,02:00,37,43,
2007,RS,10,109,249,VIR,PTGM,"SPENCER, DEWARICK",FTM,Free Throw In,1,-1,-1, ,,,,19,02:00,38,43,
2007,RS,10,109,251,OLY,P000126,"JACKSON, MARC",2FGM,Two Pointer,2,-48,74,D,,,,19,02:00,38,45,
2007,RS,10,109,253,VIR,P000079,"CANELO, JEAN CARLOS",2FGA,Missed Two Pointer,0,-61,105,D,,,,20,01:00,38,45,
2007,RS,10,109,255,OLY,PJDR,"TEODOSIC, MILOS",3FGM,Three Pointer,3,-679,141,F,,,,20,01:00,38,48,
2007,RS,10,109,257,VIR,P000079,"CANELO, JEAN CARLOS",2FGM,Two Pointer,2,-82,30,D,,,,20,01:00,40,48,
2007,RS,10,109,259,OLY,PCBV,"MACIJAUSKAS, ARVYDAS",3FGA,Missed Three Pointer,0,687,-28,A,,,,20,01:00,40,48,
2007,RS,10,109,261,OLY,PJRC,"MAVROKEFALIDES, LOUKAS",2FGA,Missed Two Pointer,0,-82,61,D,,,,20,01:00,40,48,
2007,RS,10,109,265,OLY,PCBV,"MACIJAUSKAS, ARVYDAS",2FGM,Two Pointer,2,35,92,C,,,,20,01:00,40,50,
2007,RS,10,109,272,VIR,PBEW,"CHIACIG, ROBERTO",2FGA,Missed Two Pointer,0,-94,74,D,,,,21,10:00,40,50,
2007,RS,10,109,275,OLY,PCBV,"MACIJAUSKAS, ARVYDAS",2FGM,Two Pointer,2,5,84,C,,,,21,10:00,40,52,
2007,RS,10,109,277,OLY,PJRC,"MAVROKEFALIDES, LOUKAS",3FGA,Missed Three Pointer,0,-10,758,J,,,,21,10:00,40,52,
2007,RS,10,109,279,OLY,PJRC,"MAVROKEFALIDES, LOUKAS",2FGA,Missed Two Pointer,0,7,105,C,,,,21,10:00,40,52,
2007,RS,10,109,280,OLY,P000126,"JACKSON, MARC",2FGAB,Missed Two Pointer,0,30,169,C,,,,21,10:00,40,52,
2007,RS,10,109,288,OLY,PCBV,"MACIJAUSKAS, ARVYDAS",2FGM,Two Pointer,2,405,220,B,,,,22,09:00,40,54,
2007,RS,10,109,292,OLY,P000126,"JACKSON, MARC",2FGA,Missed Two Pointer,0,371,302,B,,,,23,08:00,40,54,
2007,RS,10,109,294,OLY,P000126,"JACKSON, MARC",2FGM,Two Pointer,2,76,56,C,,,,23,08:00,40,56,
2007,RS,10,109,297,VIR,PTGM,"SPENCER, DEWARICK",FTM,Free Throw In,1,-1,-1, ,,,,23,08:00,41,56,
2007,RS,10,109,298,VIR,PTGM,"SPENCER, DEWARICK",FTM,Free Throw In,1,-1,-1, ,,,,23,08:00,42,56,
2007,RS,10,109,306,VIR,PLHB,"GARRI, LUCA",2FGM,Two Pointer,2,-117,48,D,,,,23,08:00,44,56,
2007,RS,10,109,308,OLY,PCRR,"GREER, LYNN",2FGM,Two Pointer,2,5,156,C,,,,24,07:00,44,58,
2007,RS,10,109,309,VIR,PTGM,"SPENCER, DEWARICK",3FGM,Three Pointer,3,-494,507,J,,,,24,07:00,47,58,
2007,RS,10,109,310,OLY,PTFV,"WOODS, QYNTEL",3FGA,Missed Three Pointer,0,-671,197,F,,,,24,07:00,47,58,
2007,RS,10,109,312,OLY,P000126,"JACKSON, MARC",2FGM,Two Pointer,2,7,102,C,,,,24,07:00,47,60,
2007,RS,10,109,318,OLY,P000126,"JACKSON, MARC",FTM,Free Throw In,1,-1,-1, ,,,,24,07:00,47,61,
2007,RS,10,109,320,VIR,P000079,"CANELO, JEAN CARLOS",2FGA,Missed Two Pointer,0,5,192,C,,,,25,06:00,47,61,
2007,RS,10,109,322,OLY,PCRR,"GREER, LYNN",3FGM,Three Pointer,3,-464,592,J,,,,25,06:00,47,64,
2007,RS,10,109,325,VIR,PTGM,"SPENCER, DEWARICK",2FGM,Two Pointer,2,-374,128,E,,,,25,06:00,49,64,
2007,RS,10,109,328,OLY,PTFV,"WOODS, QYNTEL",FTM,Free Throw In,1,-1,-1, ,,,,25,06:00,49,65,
2007,RS,10,109,336,VIR,PLHB,"GARRI, LUCA",3FGA,Missed Three Pointer,0,423,612,G,,,,26,05:00,49,65,
2007,RS,10,109,338,VIR,P000079,"CANELO, JEAN CARLOS",2FGM,Two Pointer,2,369,461,H,,,,26,05:00,51,65,
2007,RS,10,109,347,OLY,PTFV,"WOODS, QYNTEL",2FGA,Missed Two Pointer,0,7,138,C,,,,26,05:00,51,65,
2007,RS,10,109,350,VIR,PTGM,"SPENCER, DEWARICK",2FGA,Missed Two Pointer,0,-105,48,D,,,,27,04:00,51,65,
2007,RS,10,109,352,VIR,PBEW,"CHIACIG, ROBERTO",2FGM,Two Pointer,2,79,84,C,,,,27,04:00,53,65,
2007,RS,10,109,355,OLY,PCRR,"GREER, LYNN",2FGA,Missed Two Pointer,0,112,105,C,,,,27,04:00,53,65,
2007,RS,10,109,357,OLY,P000126,"JACKSON, MARC",2FGA,Missed Two Pointer,0,-5,115,D,,,,27,04:00,53,65,
2007,RS,10,109,363,OLY,PCRR,"GREER, LYNN",FTM,Free Throw In,1,-1,-1, ,,,,27,04:00,53,66,
2007,RS,10,109,364,OLY,PCRR,"GREER, LYNN",FTM,Free Throw In,1,-1,-1, ,,,,27,04:00,53,67,
2007,RS,10,109,372,OLY,P000126,"JACKSON, MARC",FTM,Free Throw In,1,-1,-1, ,,,,28,03:00,53,68,
2007,RS,10,109,373,OLY,P000126,"JACKSON, MARC",FTM,Free Throw In,1,-1,-1, ,,,,28,03:00,53,69,
2007,RS,10,109,374,VIR,P000672,"MC GRATH, DONALD MICHAEL",3FGA,Missed Three Pointer,0,189,723,G,,,,28,03:00,53,69,
2007,RS,10,109,376,OLY,PCRR,"GREER, LYNN",3FGA,Missed Three Pointer,0,-23,733,J,,,,28,03:00,53,69,
2007,RS,10,109,378,OLY,PCRR,"GREER, LYNN",2FGA,Missed Two Pointer,0,5,374,C,,,,28,03:00,53,69,
2007,RS,10,109,380,VIR,PBEW,"CHIACIG, ROBERTO",2FGA,Missed Two Pointer,0,176,425,C,,,,28,03:00,53,69,
2007,RS,10,109,393,VIR,P000672,"MC GRATH, DONALD MICHAEL",FTM,Free Throw In,1,-1,-1, ,,,,29,02:00,54,69,
2007,RS,10,109,394,VIR,P000672,"MC GRATH, DONALD MICHAEL",FTM,Free Throw In,1,-1,-1, ,,,,29,02:00,55,69,
2007,RS,10,109,395,OLY,P000126,"JACKSON, MARC",2FGA,Missed Two Pointer,0,100,66,C,,,,29,02:00,55,69,
2007,RS,10,109,402,VIR,PJNX,"MICHELORI, ANDREA",FTM,Free Throw In,1,-1,-1, ,,,,30,01:00,56,69,
2007,RS,10,109,403,VIR,PJNX,"MICHELORI, ANDREA",FTM,Free Throw In,1,-1,-1, ,,,,30,01:00,57,69,
2007,RS,10,109,406,OLY,PCRR,"GREER, LYNN",FTM,Free Throw In,1,-1,-1, ,,,,30,01:00,57,70,
2007,RS,10,109,407,OLY,PCRR,"GREER, LYNN",FTM,Free Throw In,1,-1,-1, ,,,,30,01:00,57,71,
2007,RS,10,109,410,VIR,P000079,"CANELO, JEAN CARLOS",2FGM,Two Pointer,2,84,143,C,,,,30,01:00,59,71,
2007,RS,10,109,417,VIR,PTGO,"CROSARIOL, ANDREA",FTM,Free Throw In,1,-1,-1, ,,,,31,10:00,60,71,
2007,RS,10,109,418,VIR,PTGO,"CROSARIOL, ANDREA",FTM,Free Throw In,1,-1,-1, ,,,,31,10:00,61,71,
2007,RS,10,109,419,OLY,PCRR,"GREER, LYNN",2FGA,Missed Two Pointer,0,-407,41,E,,,,31,10:00,61,71,
2007,RS,10,109,422,VIR,PTGO,"CROSARIOL, ANDREA",2FGAB,Missed Two Pointer,0,-10,133,D,,,,31,10:00,61,71,
2007,RS,10,109,426,OLY,PTFV,"WOODS, QYNTEL",3FGA,Missed Three Pointer,0,-664,261,F,,,,31,10:00,61,71,
2007,RS,10,109,432,OLY,PCRR,"GREER, LYNN",FTM,Free Throw In,1,-1,-1, ,,,,31,10:00,61,72,
2007,RS,10,109,433,OLY,PCRR,"GREER, LYNN",FTM,Free Throw In,1,-1,-1, ,,,,31,10:00,61,73,
2007,RS,10,109,437,VIR,PTGM,"SPENCER, DEWARICK",FTM,Free Throw In,1,-1,-1, ,,,,31,10:00,62,73,
2007,RS,10,109,439,OLY,PACJ,"PAPAMAKARIOS, MANOLIS",2FGA,Missed Two Pointer,0,-15,128,D,,,,32,09:00,62,73,
2007,RS,10,109,442,OLY,PTFV,"WOODS, QYNTEL",2FGM,Two Pointer,2,17,94,C,,,,32,09:00,62,75,
2007,RS,10,109,460,OLY,PCRR,"GREER, LYNN",2FGM,Two Pointer,2,51,89,C,,,,34,07:00,62,77,
2007,RS,10,109,462,VIR,PTGM,"SPENCER, DEWARICK",2FGA,Missed Two Pointer,0,348,323,B,,,,34,07:00,62,77,
2007,RS,10,109,464,VIR,PBEW,"CHIACIG, ROBERTO",2FGAB,Missed Two Pointer,0,-12,115,D,,,,34,07:00,62,77,
2007,RS,10,109,468,VIR,PBEW,"CHIACIG, ROBERTO",2FGA,Missed Two Pointer,0,-12,128,D,,,,34,07:00,62,77,
2007,RS,10,109,472,VIR,PBEW,"CHIACIG, ROBERTO",FTM,Free Throw In,1,-1,-1, ,,,,34,07:00,63,77,
2007,RS,10,109,473,VIR,PBEW,"CHIACIG, ROBERTO",FTM,Free Throw In,1,-1,-1, ,,,,34,07:00,64,77,
2007,RS,10,109,474,OLY,PTFV,"WOODS, QYNTEL",2FGA,Missed Two Pointer,0,17,130,C,,,,34,07:00,64,77,
2007,RS,10,109,479,OLY,PCRR,"GREER, LYNN",3FGA,Missed Three Pointer,0,-451,610,J,,,,35,06:00,64,77,
2007,RS,10,109,487,VIR,PTGM,"SPENCER, DEWARICK",FTM,Free Throw In,1,-1,-1, ,,,,35,06:00,65,77,
2007,RS,10,109,488,VIR,PTGM,"SPENCER, DEWARICK",FTM,Free Throw In,1,-1,-1, ,,,,35,06:00,66,77,
2007,RS,10,109,489,OLY,PCRR,"GREER, LYNN",2FGM,Two Pointer,2,-76,105,D,,,,35,06:00,66,79,
2007,RS,10,109,490,VIR,P000688,"STOJKOV, STEVAN",2FGM,Two Pointer,2,-415,302,E,,,,35,06:00,68,79,
2007,RS,10,109,492,OLY,PTFW,"TSAKALIDIS, JAKE",2FGM,Two Pointer,2,-2,158,D,,,,36,05:00,68,81,
2007,RS,10,109,497,OLY,P000126,"JACKSON, MARC",2FGM,Two Pointer,2,-74,89,D,,,,36,05:00,68,83,
2007,RS,10,109,500,VIR,PBEW,"CHIACIG, ROBERTO",2FGM,Two Pointer,2,-61,64,D,,,,37,04:00,70,83,
2007,RS,10,109,511,VIR,PJNX,"MICHELORI, ANDREA",FTM,Free Throw In,1,-1,-1, ,,,,37,04:00,71,83,
2007,RS,10,109,512,OLY,PCRR,"GREER, LYNN",2FGM,Two Pointer,2,112,35,C,,,,37,04:00,71,85,
2007,RS,10,109,514,VIR,P000079,"CANELO, JEAN CARLOS",2FGA,Missed Two Pointer,0,-369,338,E,,,,38,03:00,71,85,
2007,RS,10,109,516,VIR,PBEW,"CHIACIG, ROBERTO",2FGA,Missed Two Pointer,0,-92,120,D,,,,38,03:00,71,85,
2007,RS,10,109,523,VIR,PBEW,"CHIACIG, ROBERTO",FTM,Free Throw In,1,-1,-1, ,,,,38,03:00,72,85,
2007,RS,10,109,524,OLY,PTFW,"TSAKALIDIS, JAKE",2FGM,Two Pointer,2,15,125,C,,,,38,03:00,72,87,
2007,RS,10,109,525,VIR,P000672,"MC GRATH, DONALD MICHAEL",3FGM,Three Pointer,3,689,107,A,,,,38,03:00,75,87,
2007,RS,10,109,528,OLY,PTFW,"TSAKALIDIS, JAKE",2FGM,Two Pointer,2,74,58,C,,,,39,02:00,75,89,
2007,RS,10,109,534,OLY,PCPF,"KAFKIS, PANAGIOTIS",2FGM,Two Pointer,2,25,82,C,,,,39,02:00,75,91,
2007,RS,10,109,536,VIR,P000079,"CANELO, JEAN CARLOS",3FGM,Three Pointer,3,594,397,A,,,,39,02:00,78,91,
2007,RS,10,109,541,OLY,PACJ,"PAPAMAKARIOS, MANOLIS",2FGA,Missed Two Pointer,0,158,115,C,,,,40,01:00,78,91,
2007,RS,10,109,550,VIR,P000672,"MC GRATH, DONALD MICHAEL",FTM,Free Throw In,1,-1,-1, ,,,,40,01:00,79,91,
2007,RS,10,109,551,VIR,P000672,"MC GRATH, DONALD MICHAEL",FTM,Free Throw In,1,-1,-1, ,,,,40,01:00,80,91,
2007,RS,10,109,553,VIR,PBEW,"CHIACIG, ROBERTO",2FGA,Missed Two Pointer,0,-210,56,D,,,,40,01:00,80,91,
2007,RS,10,110,3,SOP,PAUL,"STANOJEVIC, JOVO",2FGA,Missed Two Pointer,0,-12,66,D,,,,1,10:00,0,0,
2007,RS,10,110,6,SOP,PABC,"GUROVIC, MILAN",2FGM,Two Pointer,2,-10,69,D,,,,1,10:00,0,2,
2007,RS,10,110,8,BAS,PCBY,"SPLITTER, TIAGO",2FGM,Two Pointer,2,84,35,C,,,,1,10:00,2,2,
2007,RS,10,110,9,SOP,P000713,"MILICIC, IGOR",3FGM,Three Pointer,3,-276,630,J,,,,1,10:00,2,5,
2007,RS,10,110,11,BAS,PCBY,"SPLITTER, TIAGO",2FGM,Two Pointer,2,-61,112,D,,,,1,10:00,4,5,
2007,RS,10,110,15,BAS,PAFP,"PLANINIC, ZORAN",2FGM,Two Pointer,2,56,61,C,,,,2,09:00,6,5,
2007,RS,10,110,17,SOP,PABC,"GUROVIC, MILAN",2FGA,Missed Two Pointer,0,38,92,C,,,,3,08:00,6,5,
2007,RS,10,110,19,BAS,PAJK,"VIDAL, SERGI",2FGM,Two Pointer,2,-87,71,D,,,,3,08:00,8,5,
2007,RS,10,110,20,SOP,PACY,"SLANINA, DONATAS",3FGA,Missed Three Pointer,0,-661,-48,F,,,,3,08:00,8,5,
2007,RS,10,110,25,SOP,PASG,"VAN DEN SPIEGEL, TOMAS",2FGM,Two Pointer,2,-256,46,D,,,,3,08:00,8,7,
2007,RS,10,110,28,BAS,PAJK,"VIDAL, SERGI",3FGM,Three Pointer,3,-384,538,J,,,,4,07:00,11,7,
2007,RS,10,110,29,SOP,PABC,"GUROVIC, MILAN",3FGA,Missed Three Pointer,0,-364,597,J,,,,4,07:00,11,7,
2007,RS,10,110,31,BAS,PANB,"RAKOCEVIC, IGOR",2FGM,Two Pointer,2,-143,48,D,,,,4,07:00,13,7,
2007,RS,10,110,35,SOP,PASG,"VAN DEN SPIEGEL, TOMAS",2FGM,Two Pointer,2,-5,128,D,,,,5,06:00,13,9,
2007,RS,10,110,36,BAS,PAFP,"PLANINIC, ZORAN",3FGA,Missed Three Pointer,0,456,666,G,,,,5,06:00,13,9,
2007,RS,10,110,38,SOP,PABC,"GUROVIC, MILAN",2FGA,Missed Two Pointer,0,61,64,C,,,,5,06:00,13,9,
2007,RS,10,110,40,SOP,PASG,"VAN DEN SPIEGEL, TOMAS",2FGM,Two Pointer,2,20,41,C,,,,5,06:00,13,11,
2007,RS,10,110,44,BAS,PANB,"RAKOCEVIC, IGOR",3FGM,Three Pointer,3,310,612,G,,,,6,05:00,16,11,
2007,RS,10,110,49,SOP,PASG,"VAN DEN SPIEGEL, TOMAS",FTM,Free Throw In,1,-1,-1, ,,,,6,05:00,16,12,
2007,RS,10,110,50,BAS,PANB,"RAKOCEVIC, IGOR",3FGM,Three Pointer,3,125,653,G,,,,6,05:00,19,12,
2007,RS,10,110,52,SOP,PASG,"VAN DEN SPIEGEL, TOMAS",2FGM,Two Pointer,2,-100,71,D,,,,6,05:00,19,14,
2007,RS,10,110,53,BAS,PJZJ,"TELETOVIC, MIRZA",2FGA,Missed Two Pointer,0,-71,74,D,,,,6,05:00,19,14,
2007,RS,10,110,57,BAS,PJZJ,"TELETOVIC, MIRZA",FTM,Free Throw In,1,-1,-1, ,,,,6,05:00,20,14,
2007,RS,10,110,58,BAS,PJZJ,"TELETOVIC, MIRZA",FTM,Free Throw In,1,-1,-1, ,,,,6,05:00,21,14,
2007,RS,10,110,66,SOP,PACX,"MASIULIS, TOMAS",2FGM,Two Pointer,2,-374,305,E,,,,7,04:00,21,16,
2007,RS,10,110,72,SOP,PASG,"VAN DEN SPIEGEL, TOMAS",2FGM,Two Pointer,2,453,-17,B,,,,8,03:00,21,18,
2007,RS,10,110,73,BAS,PCBY,"SPLITTER, TIAGO",2FGA,Missed Two Pointer,0,141,38,C,,,,8,03:00,21,18,
2007,RS,10,110,75,SOP,PABC,"GUROVIC, MILAN",3FGA,Missed Three Pointer,0,458,523,G,,,,8,03:00,21,18,
2007,RS,10,110,76,BAS,PANB,"RAKOCEVIC, IGOR",3FGM,Three Pointer,3,620,156,A,,,,8,03:00,24,18,
2007,RS,10,110,79,SOP,PASG,"VAN DEN SPIEGEL, TOMAS",2FGA,Missed Two Pointer,0,-102,266,D,,,,9,02:00,24,18,
2007,RS,10,110,90,BAS,PJTT,"MCDONALD, WILL",2FGA,Missed Two Pointer,0,61,469,H,,,,9,02:00,24,18,
2007,RS,10,110,101,BAS,PJTT,"MCDONALD, WILL",FTM,Free Throw In,1,-1,-1, ,,,,9,02:00,25,18,
2007,RS,10,110,104,SOP,PACY,"SLANINA, DONATAS",3FGM,Three Pointer,3,-256,643,J,,,,10,01:00,25,21,
2007,RS,10,110,105,BAS,PAFP,"PLANINIC, ZORAN",2FGM,Two Pointer,2,-123,53,D,,,,10,01:00,27,21,
2007,RS,10,110,108,BAS,PAFP,"PLANINIC, ZORAN",FTM,Free Throw In,1,-1,-1, ,,,,10,01:00,28,21,
2007,RS,10,110,110,SOP,PBCM,"HARISSIS, CHRISTOS",3FGM,Three Pointer,3,461,487,G,,,,10,01:00,28,24,
2007,RS,10,110,111,BAS,PJTT,"MCDONALD, WILL",2FGA,Missed Two Pointer,0,-151,56,D,,,,10,01:00,28,24,
2007,RS,10,110,118,BAS,PJZJ,"TELETOVIC, MIRZA",3FGM,Three Pointer,3,-292,602,J,,,,11,10:00,31,24,
2007,RS,10,110,119,SOP,PAUL,"STANOJEVIC, JOVO",2FGM,Two Pointer,2,-87,92,D,,,,11,10:00,31,26,
2007,RS,10,110,122,SOP,PTFZ,"ROSZYK, KRZYSZTOF",2FGA,Missed Two Pointer,0,92,64,C,,,,11,10:00,31,26,
2007,RS,10,110,124,SOP,PBCM,"HARISSIS, CHRISTOS",3FGA,Missed Three Pointer,0,100,702,G,,,,11,10:00,31,26,
2007,RS,10,110,126,BAS,PJZJ,"TELETOVIC, MIRZA",3FGM,Three Pointer,3,-428,538,J,,,,11,10:00,34,26,
2007,RS,10,110,135,BAS,PJZJ,"TELETOVIC, MIRZA",2FGM,Two Pointer,2,312,12,B,,,,13,08:00,36,26,
2007,RS,10,110,137,SOP,PTFZ,"ROSZYK, KRZYSZTOF",3FGM,Three Pointer,3,453,505,G,,,,13,08:00,36,29,
2007,RS,10,110,138,BAS,PANB,"RAKOCEVIC, IGOR",2FGA,Missed Two Pointer,0,171,251,C,,,,13,08:00,36,29,
2007,RS,10,110,141,SOP,PAUL,"STANOJEVIC, JOVO",2FGAB,Missed Two Pointer,0,-61,38,D,,,,13,08:00,36,29,
2007,RS,10,110,150,BAS,PAFP,"PLANINIC, ZORAN",2FGM,Two Pointer,2,110,0,C,,,,14,07:00,38,29,
2007,RS,10,110,153,SOP,PTFZ,"ROSZYK, KRZYSZTOF",2FGA,Missed Two Pointer,0,-179,210,D,,,,14,07:00,38,29,
2007,RS,10,110,155,BAS,PAFP,"PLANINIC, ZORAN",2FGA,Missed Two Pointer,0,-133,94,D,,,,14,07:00,38,29,
2007,RS,10,110,161,BAS,PAFP,"PLANINIC, ZORAN",FTM,Free Throw In,1,-1,-1, ,,,,14,07:00,39,29,
2007,RS,10,110,162,BAS,PAFP,"PLANINIC, ZORAN",FTM,Free Throw In,1,-1,-1, ,,,,14,07:00,40,29,
2007,RS,10,110,167,BAS,PJTT,"MCDONALD, WILL",2FGAB,Missed Two Pointer,0,215,51,C,,,,14,07:00,40,29,
2007,RS,10,110,174,SOP,PBCM,"HARISSIS, CHRISTOS",3FGA,Missed Three Pointer,0,-641,53,F,,,,15,06:00,40,29,
2007,RS,10,110,178,BAS,PJTT,"MCDONALD, WILL",2FGM,Two Pointer,2,-2,-5,D,,,,15,06:00,42,29,
2007,RS,10,110,179,SOP,PASG,"VAN DEN SPIEGEL, TOMAS",2FGA,Missed Two Pointer,0,66,94,C,,,,15,06:00,42,29,
2007,RS,10,110,181,SOP,PABC,"GUROVIC, MILAN",2FGM,Two Pointer,2,61,53,C,,,,15,06:00,42,31,
2007,RS,10,110,182,BAS,PJTT,"MCDONALD, WILL",2FGM,Two Pointer,2,17,179,C,,,,15,06:00,44,31,
2007,RS,10,110,198,BAS,PAFP,"PLANINIC, ZORAN",2FGM,Two Pointer,2,84,10,C,,,,16,05:00,46,31,
2007,RS,10,110,199,SOP,PAUL,"STANOJEVIC, JOVO",2FGM,Two Pointer,2,194,20,C,,,,16,05:00,46,33,
2007,RS,10,110,208,BAS,PJTT,"MCDONALD, WILL",FTM,Free Throw In,1,-1,-1, ,,,,16,05:00,47,33,
2007,RS,10,110,212,SOP,P000668,"SHAKUR, MUSTAFA",2FGM,Two Pointer,2,-189,582,I,,,,17,04:00,47,35,
2007,RS,10,110,213,BAS,P000719,"MOUNEKE, NNADUBEM GABRIEL",2FGA,Missed Two Pointer,0,366,-89,B,,,,17,04:00,47,35,
2007,RS,10,110,215,BAS,P000719,"MOUNEKE, NNADUBEM GABRIEL",2FGM,Two Pointer,2,425,-71,B,,,,17,04:00,49,35,
2007,RS,10,110,224,BAS,P000719,"MOUNEKE, NNADUBEM GABRIEL",2FGM,Two Pointer,2,-94,53,D,,,,18,03:00,51,35,
2007,RS,10,110,225,SOP,PACX,"MASIULIS, TOMAS",2FGM,Two Pointer,2,-61,35,D,,,,18,03:00,51,37,
2007,RS,10,110,231,BAS,P000719,"MOUNEKE, NNADUBEM GABRIEL",FTM,Free Throw In,1,-1,-1, ,,,,18,03:00,52,37,
2007,RS,10,110,232,BAS,P000719,"MOUNEKE, NNADUBEM GABRIEL",FTM,Free Throw In,1,-1,-1, ,,,,18,03:00,53,37,
2007,RS,10,110,236,BAS,P000719,"MOUNEKE, NNADUBEM GABRIEL",2FGM,Two Pointer,2,-66,38,D,,,,18,03:00,55,37,
2007,RS,10,110,243,SOP,PABC,"GUROVIC, MILAN",2FGA,Missed Two Pointer,0,138,112,C,,,,19,02:00,55,37,
2007,RS,10,110,245,BAS,PJTT,"MCDONALD, WILL",2FGM,Two Pointer,2,-17,120,D,,,,19,02:00,57,37,
2007,RS,10,110,247,SOP,PACY,"SLANINA, DONATAS",3FGM,Three Pointer,3,307,615,G,,,,20,01:00,57,40,
2007,RS,10,110,248,BAS,PCBX,"PRIGIONI, PABLO",2FGM,Two Pointer,2,-135,82,D,,,,20,01:00,59,40,
2007,RS,10,110,251,BAS,P000719,"MOUNEKE, NNADUBEM GABRIEL",2FGM,Two Pointer,2,-7,0,D,,,,20,01:00,61,40,
2007,RS,10,110,262,SOP,PACY,"SLANINA, DONATAS",2FGA,Missed Two Pointer,0,-7,487,I,,,,21,10:00,61,40,
2007,RS,10,110,263,BAS,PCBY,"SPLITTER, TIAGO",2FGA,Missed Two Pointer,0,-5,161,D,,,,21,10:00,61,40,
2007,RS,10,110,265,SOP,P000713,"MILICIC, IGOR",2FGAB,Missed Two Pointer,0,-12,251,D,,,,21,10:00,61,40,
2007,RS,10,110,269,BAS,PANB,"RAKOCEVIC, IGOR",2FGM,Two Pointer,2,-43,7,D,,,,21,10:00,63,40,
2007,RS,10,110,271,SOP,P000713,"MILICIC, IGOR",3FGA,Missed Three Pointer,0,-197,643,J,,,,22,09:00,63,40,
2007,RS,10,110,272,BAS,PANB,"RAKOCEVIC, IGOR",2FGA,Missed Two Pointer,0,353,443,H,,,,22,09:00,63,40,
2007,RS,10,110,274,SOP,PASG,"VAN DEN SPIEGEL, TOMAS",2FGA,Missed Two Pointer,0,28,461,H,,,,22,09:00,63,40,
2007,RS,10,110,276,SOP,PABC,"GUROVIC, MILAN",2FGA,Missed Two Pointer,0,23,69,C,,,,22,09:00,63,40,
2007,RS,10,110,278,SOP,PABC,"GUROVIC, MILAN",2FGA,Missed Two Pointer,0,58,82,C,,,,22,09:00,63,40,
2007,RS,10,110,280,SOP,PASG,"VAN DEN SPIEGEL, TOMAS",2FGA,Missed Two Pointer,0,61,33,C,,,,22,09:00,63,40,
2007,RS,10,110,282,SOP,PABC,"GUROVIC, MILAN",2FGAB,Missed Two Pointer,0,12,151,C,,,,22,09:00,63,40,
2007,RS,10,110,291,BAS,PCBY,"SPLITTER, TIAGO",FTM,Free Throw In,1,-1,-1, ,,,,22,09:00,64,40,
2007,RS,10,110,292,BAS,PCBY,"SPLITTER, TIAGO",FTM,Free Throw In,1,-1,-1, ,,,,22,09:00,65,40,
2007,RS,10,110,297,SOP,PABC,"GUROVIC, MILAN",3FGA,Missed Three Pointer,0,330,589,G,,,,23,08:00,65,40,
2007,RS,10,110,301,BAS,PAFP,"PLANINIC, ZORAN",2FGM,Two Pointer,2,-133,112,D,,,,23,08:00,67,40,
2007,RS,10,110,303,SOP,PABC,"GUROVIC, MILAN",2FGM,Two Pointer,2,64,158,C,,,,23,08:00,67,42,
2007,RS,10,110,306,SOP,PABC,"GUROVIC, MILAN",FTM,Free Throw In,1,-1,-1, ,,,,23,08:00,67,43,
2007,RS,10,110,314,BAS,PAJK,"VIDAL, SERGI",FTM,Free Throw In,1,-1,-1, ,,,,24,07:00,68,43,
2007,RS,10,110,315,BAS,PAJK,"VIDAL, SERGI",FTM,Free Throw In,1,-1,-1, ,,,,24,07:00,69,43,
2007,RS,10,110,316,SOP,PABC,"GUROVIC, MILAN",3FGA,Missed Three Pointer,0,-528,469,J,,,,24,07:00,69,43,
2007,RS,10,110,318,SOP,PACY,"SLANINA, DONATAS",3FGA,Missed Three Pointer,0,-307,602,J,,,,24,07:00,69,43,
2007,RS,10,110,320,SOP,PACX,"MASIULIS, TOMAS",2FGA,Missed Two Pointer,0,-71,451,I,,,,24,07:00,69,43,
2007,RS,10,110,323,BAS,PANB,"RAKOCEVIC, IGOR",2FGA,Missed Two Pointer,0,315,520,H,,,,25,06:00,69,43,
2007,RS,10,110,325,SOP,PABC,"GUROVIC, MILAN",2FGA,Missed Two Pointer,0,48,58,C,,,,25,06:00,69,43,
2007,RS,10,110,327,BAS,PAJK,"VIDAL, SERGI",3FGA,Missed Three Pointer,0,658,125,A,,,,25,06:00,69,43,
2007,RS,10,110,338,BAS,PJTT,"MCDONALD, WILL",2FGM,Two Pointer,2,5,7,C,,,,26,05:00,71,43,
2007,RS,10,110,340,SOP,PCLQ,"DYLEWICZ, FILIP",2FGM,Two Pointer,2,-74,41,D,,,,26,05:00,71,45,
2007,RS,10,110,341,BAS,PAFP,"PLANINIC, ZORAN",2FGM,Two Pointer,2,-69,48,D,,,,26,05:00,73,45,
2007,RS,10,110,342,SOP,PABC,"GUROVIC, MILAN",2FGA,Missed Two Pointer,0,-58,56,D,,,,26,05:00,73,45,
2007,RS,10,110,345,BAS,PANB,"RAKOCEVIC, IGOR",2FGM,Two Pointer,2,5,10,C,,,,26,05:00,75,45,
2007,RS,10,110,353,SOP,PCLQ,"DYLEWICZ, FILIP",FTM,Free Throw In,1,-1,-1, ,,,,27,04:00,75,46,
2007,RS,10,110,355,BAS,PJTT,"MCDONALD, WILL",2FGM,Two Pointer,2,102,20,C,,,,27,04:00,77,46,
2007,RS,10,110,357,SOP,P000668,"SHAKUR, MUSTAFA",2FGA,Missed Two Pointer,0,-66,64,D,,,,28,03:00,77,46,
2007,RS,10,110,360,BAS,PJZJ,"TELETOVIC, MIRZA",2FGM,Two Pointer,2,-2,10,D,,,,28,03:00,79,46,
2007,RS,10,110,361,SOP,PABC,"GUROVIC, MILAN",2FGA,Missed Two Pointer,0,35,30,C,,,,28,03:00,79,46,
2007,RS,10,110,363,BAS,PAJK,"VIDAL, SERGI",2FGA,Missed Two Pointer,0,38,74,C,,,,28,03:00,79,46,
2007,RS,10,110,365,SOP,P000668,"SHAKUR, MUSTAFA",2FGA,Missed Two Pointer,0,5,130,C,,,,28,03:00,79,46,
2007,RS,10,110,378,BAS,PANB,"RAKOCEVIC, IGOR",2FGA,Missed Two Pointer,0,-353,256,E,,,,29,02:00,79,46,
2007,RS,10,110,380,SOP,PTFZ,"ROSZYK, KRZYSZTOF",2FGAB,Missed Two Pointer,0,-5,82,D,,,,29,02:00,79,46,
2007,RS,10,110,383,SOP,PCLQ,"DYLEWICZ, FILIP",2FGA,Missed Two Pointer,0,-374,82,E,,,,29,02:00,79,46,
2007,RS,10,110,385,BAS,PCBX,"PRIGIONI, PABLO",3FGA,Missed Three Pointer,0,487,517,G,,,,29,02:00,79,46,
2007,RS,10,110,389,SOP,PCLQ,"DYLEWICZ, FILIP",FTM,Free Throw In,1,-1,-1, ,,,,29,02:00,79,47,
2007,RS,10,110,399,BAS,PJTT,"MCDONALD, WILL",FTM,Free Throw In,1,-1,-1, ,,,,31,10:00,80,47,
2007,RS,10,110,403,SOP,PJHV,"LAPETA, ADAM",FTM,Free Throw In,1,-1,-1, ,,,,31,10:00,80,48,
2007,RS,10,110,404,BAS,PAJK,"VIDAL, SERGI",3FGA,Missed Three Pointer,0,-607,323,F,,,,31,10:00,80,48,
2007,RS,10,110,406,SOP,P000668,"SHAKUR, MUSTAFA",2FGM,Two Pointer,2,58,12,C,,,,31,10:00,80,50,
2007,RS,10,110,407,BAS,PJTT,"MCDONALD, WILL",2FGM,Two Pointer,2,10,269,C,,,,31,10:00,82,50,
2007,RS,10,110,409,SOP,PBCM,"HARISSIS, CHRISTOS",3FGA,Missed Three Pointer,0,-97,707,J,,,,32,09:00,82,50,
2007,RS,10,110,411,SOP,P000668,"SHAKUR, MUSTAFA",2FGA,Missed Two Pointer,0,-361,51,E,,,,32,09:00,82,50,
2007,RS,10,110,414,BAS,PANB,"RAKOCEVIC, IGOR",FTM,Free Throw In,1,-1,-1, ,,,,32,09:00,83,50,
2007,RS,10,110,419,SOP,PJHV,"LAPETA, ADAM",2FGM,Two Pointer,2,71,30,C,,,,32,09:00,83,52,
2007,RS,10,110,420,BAS,PJTT,"MCDONALD, WILL",2FGM,Two Pointer,2,28,161,C,,,,32,09:00,85,52,
2007,RS,10,110,421,SOP,P000668,"SHAKUR, MUSTAFA",2FGA,Missed Two Pointer,0,-56,205,D,,,,32,09:00,85,52,
2007,RS,10,110,423,SOP,PJHV,"LAPETA, ADAM",2FGA,Missed Two Pointer,0,10,51,C,,,,32,09:00,85,52,
2007,RS,10,110,425,BAS,PCBX,"PRIGIONI, PABLO",3FGM,Three Pointer,3,325,584,G,,,,32,09:00,88,52,
2007,RS,10,110,428,SOP,PTFZ,"ROSZYK, KRZYSZTOF",2FGA,Missed Two Pointer,0,25,102,C,,,,34,07:00,88,52,
2007,RS,10,110,430,SOP,PTFZ,"ROSZYK, KRZYSZTOF",2FGA,Missed Two Pointer,0,-15,161,D,,,,34,07:00,88,52,
2007,RS,10,110,432,SOP,PJHV,"LAPETA, ADAM",2FGA,Missed Two Pointer,0,-143,141,D,,,,34,07:00,88,52,
2007,RS,10,110,438,BAS,PJTT,"MCDONALD, WILL",2FGM,Two Pointer,2,102,71,C,,,,34,07:00,90,52,
2007,RS,10,110,439,SOP,PCLQ,"DYLEWICZ, FILIP",2FGM,Two Pointer,2,-94,28,D,,,,34,07:00,90,54,
2007,RS,10,110,440,BAS,P000719,"MOUNEKE, NNADUBEM GABRIEL",3FGA,Missed Three Pointer,0,-74,728,J,,,,34,07:00,90,54,
2007,RS,10,110,445,SOP,PJHV,"LAPETA, ADAM",2FGA,Missed Two Pointer,0,-66,92,D,,,,35,06:00,90,54,
2007,RS,10,110,448,BAS,P000719,"MOUNEKE, NNADUBEM GABRIEL",3FGM,Three Pointer,3,28,702,G,,,,35,06:00,93,54,
2007,RS,10,110,450,SOP,PCLQ,"DYLEWICZ, FILIP",2FGM,Two Pointer,2,-356,497,I,,,,36,05:00,93,56,
2007,RS,10,110,452,BAS,PANB,"RAKOCEVIC, IGOR",3FGA,Missed Three Pointer,0,325,653,G,,,,36,05:00,93,56,
2007,RS,10,110,455,SOP,PJHV,"LAPETA, ADAM",2FGM,Two Pointer,2,79,5,C,,,,36,05:00,93,58,
2007,RS,10,110,456,BAS,PAJK,"VIDAL, SERGI",2FGA,Missed Two Pointer,0,158,230,C,,,,36,05:00,93,58,
2007,RS,10,110,467,BAS,PAJK,"VIDAL, SERGI",FTM,Free Throw In,1,-1,-1, ,,,,37,04:00,94,58,
2007,RS,10,110,468,BAS,PAJK,"VIDAL, SERGI",FTM,Free Throw In,1,-1,-1, ,,,,37,04:00,95,58,
2007,RS,10,110,469,SOP,PTFZ,"ROSZYK, KRZYSZTOF",3FGM,Three Pointer,3,-651,74,F,,,,37,04:00,95,61,
2007,RS,10,110,470,BAS,PCBX,"PRIGIONI, PABLO",3FGA,Missed Three Pointer,0,56,702,G,,,,37,04:00,95,61,
2007,RS,10,110,472,BAS,P000719,"MOUNEKE, NNADUBEM GABRIEL",2FGAB,Missed Two Pointer,0,-102,110,D,,,,37,04:00,95,61,
2007,RS,10,110,477,BAS,P000719,"MOUNEKE, NNADUBEM GABRIEL",FTM,Free Throw In,1,-1,-1, ,,,,37,04:00,96,61,
2007,RS,10,110,481,SOP,PTFZ,"ROSZYK, KRZYSZTOF",3FGM,Three Pointer,3,-458,517,J,,,,38,03:00,96,64,
2007,RS,10,110,482,BAS,PTGX,"FERNANDEZ, LUCHO",3FGA,Missed Three Pointer,0,-182,682,J,,,,38,03:00,96,64,
2007,RS,10,110,484,SOP,PJHV,"LAPETA, ADAM",2FGA,Missed Two Pointer,0,51,56,C,,,,38,03:00,96,64,
2007,RS,10,110,486,SOP,PTFZ,"ROSZYK, KRZYSZTOF",2FGA,Missed Two Pointer,0,256,374,B,,,,38,03:00,96,64,
2007,RS,10,110,493,SOP,PJHV,"LAPETA, ADAM",2FGM,Two Pointer,2,-10,12,D,,,,39,02:00,96,66,
2007,RS,10,110,494,BAS,PTGX,"FERNANDEZ, LUCHO",3FGA,Missed Three Pointer,0,379,571,G,,,,39,02:00,96,66,
2007,RS,10,110,497,SOP,P000713,"MILICIC, IGOR",3FGM,Three Pointer,3,674,-41,A,,,,39,02:00,96,69,
2007,RS,10,110,499,BAS,P000018,"GARCIA, ANDER",2FGAB,Missed Two Pointer,0,56,64,C,,,,39,02:00,96,69,
2007,RS,10,110,505,BAS,P000018,"GARCIA, ANDER",3FGA,Missed Three Pointer,0,-641,117,F,,,,39,02:00,96,69,
2007,RS,10,110,507,SOP,PTFZ,"ROSZYK, KRZYSZTOF",2FGM,Two Pointer,2,58,56,C,,,,39,02:00,96,71,
2007,RS,10,110,508,BAS,P000018,"GARCIA, ANDER",2FGA,Missed Two Pointer,0,87,107,C,,,,39,02:00,96,71,
2007,RS,10,110,510,BAS,P000719,"MOUNEKE, NNADUBEM GABRIEL",2FGM,Two Pointer,2,64,64,C,,,,39,02:00,98,71,
2007,RS,10,110,511,SOP,PACX,"MASIULIS, TOMAS",3FGM,Three Pointer,3,651,56,A,,,,39,02:00,98,74,
2007,RS,10,111,2,ZAL,PADX,"ZUKAUSKAS, EURELIJUS",2FGA,Missed Two Pointer,0,312,92,B,,,,1,10:00,0,0,
2007,RS,10,111,4,SIE,PCCA,"THORNTON, BOOTSY",2FGM,Two Pointer,2,256,397,B,,,,1,10:00,0,2,
2007,RS,10,111,7,SIE,PCCA,"THORNTON, BOOTSY",FTM,Free Throw In,1,-1,-1, ,,,,1,10:00,0,3,
2007,RS,10,111,8,ZAL,PADX,"ZUKAUSKAS, EURELIJUS",2FGM,Two Pointer,2,-10,105,D,,,,1,10:00,2,3,
2007,RS,10,111,19,ZAL,PAHT,"BROWN, MARCUS",2FGA,Missed Two Pointer,0,-30,371,D,,,,2,09:00,2,3,
2007,RS,10,111,21,SIE,PJHL,"RESS, TOMAS",2FGAB,Missed Two Pointer,0,-10,141,D,,,,2,09:00,2,3,
2007,RS,10,111,28,SIE,PJHL,"RESS, TOMAS",2FGM,Two Pointer,2,-12,84,D,,,,3,08:00,2,5,
2007,RS,10,111,32,ZAL,PJCC,"MACIULIS, JONAS",3FGA,Missed Three Pointer,0,-612,302,F,,,,3,08:00,2,5,
2007,RS,10,111,34,ZAL,PBWI,"JANKUNAS, PAULIUS",3FGM,Three Pointer,3,-612,369,F,,,,3,08:00,5,5,
2007,RS,10,111,37,SIE,PLMO,"SATO, ROMAIN",2FGA,Missed Two Pointer,0,-43,330,D,,,,4,07:00,5,5,
2007,RS,10,111,39,ZAL,PBDB,"COLLINS, DeJUAN",2FGAB,Missed Two Pointer,0,-123,74,D,,,,4,07:00,5,5,
2007,RS,10,111,45,SIE,PJHL,"RESS, TOMAS",FTM,Free Throw In,1,-1,-1, ,,,,4,07:00,5,6,
2007,RS,10,111,48,ZAL,PBWI,"JANKUNAS, PAULIUS",2FGM,Two Pointer,2,-407,71,E,,,,4,07:00,7,6,
2007,RS,10,111,51,SIE,PLMO,"SATO, ROMAIN",3FGM,Three Pointer,3,658,148,A,,,,5,06:00,7,9,
2007,RS,10,111,53,ZAL,PAHT,"BROWN, MARCUS",3FGA,Missed Three Pointer,0,-423,561,J,,,,5,06:00,7,9,
2007,RS,10,111,55,SIE,PKWI,"MCINTYRE, TERRELL",3FGA,Missed Three Pointer,0,-282,648,J,,,,5,06:00,7,9,
2007,RS,10,111,59,ZAL,PBDB,"COLLINS, DeJUAN",FTM,Free Throw In,1,-1,-1, ,,,,5,06:00,8,9,
2007,RS,10,111,62,SIE,PCCA,"THORNTON, BOOTSY",3FGA,Missed Three Pointer,0,10,694,G,,,,5,06:00,8,9,
2007,RS,10,111,65,SIE,PJHL,"RESS, TOMAS",2FGA,Missed Two Pointer,0,-66,38,D,,,,6,05:00,8,9,
2007,RS,10,111,67,ZAL,P000127,"BRADLEY, MICHAEL",2FGM,Two Pointer,2,-48,35,D,,,,6,05:00,10,9,
2007,RS,10,111,69,SIE,PKWI,"MCINTYRE, TERRELL",3FGA,Missed Three Pointer,0,-356,600,J,,,,6,05:00,10,9,
2007,RS,10,111,85,ZAL,PBDB,"COLLINS, DeJUAN",FTM,Free Throw In,1,-1,-1, ,,,,7,04:00,11,9,
2007,RS,10,111,86,ZAL,PBDB,"COLLINS, DeJUAN",FTM,Free Throw In,1,-1,-1, ,,,,7,04:00,12,9,
2007,RS,10,111,90,SIE,PAPS,"ILIEVSKI, VLADO",2FGA,Missed Two Pointer,0,-10,246,D,,,,7,04:00,12,9,
2007,RS,10,111,95,SIE,PJHL,"RESS, TOMAS",2FGA,Missed Two Pointer,0,-66,343,D,,,,8,03:00,12,9,
2007,RS,10,111,100,ZAL,PBDB,"COLLINS, DeJUAN",2FGM,Two Pointer,2,-56,51,D,,,,8,03:00,14,9,
2007,RS,10,111,103,SIE,PCQO,"EZE, BENJAMIN",2FGAB,Missed Two Pointer,0,30,94,C,,,,9,02:00,14,9,
2007,RS,10,111,107,ZAL,PJCC,"MACIULIS, JONAS",2FGA,Missed Two Pointer,0,5,361,C,,,,9,02:00,14,9,
2007,RS,10,111,109,ZAL,PADX,"ZUKAUSKAS, EURELIJUS",2FGM,Two Pointer,2,5,120,C,,,,9,02:00,16,9,
2007,RS,10,111,118,ZAL,PJCC,"MACIULIS, JONAS",FTM,Free Throw In,1,-1,-1, ,,,,9,02:00,17,9,
2007,RS,10,111,119,ZAL,PJCC,"MACIULIS, JONAS",FTM,Free Throw In,1,-1,-1, ,,,,9,02:00,18,9,
2007,RS,10,111,122,SIE,PJHL,"RESS, TOMAS",3FGA,Missed Three Pointer,0,-269,689,J,,,,9,02:00,18,9,
2007,RS,10,111,125,ZAL,PBDE,"JURAK, GORAN",3FGA,Missed Three Pointer,0,-697,71,F,,,,10,01:00,18,9,
2007,RS,10,111,130,SIE,PCCA,"THORNTON, BOOTSY",2FGM,Two Pointer,2,43,53,C,,,,10,01:00,18,11,
2007,RS,10,111,135,SIE,PAPS,"ILIEVSKI, VLADO",2FGAB,Missed Two Pointer,0,30,82,C,,,,11,10:00,18,11,
2007,RS,10,111,138,SIE,PAPS,"ILIEVSKI, VLADO",3FGM,Three Pointer,3,-682,7,F,,,,11,10:00,18,14,
2007,RS,10,111,140,ZAL,PATP,"POPOVIC, MARKO",2FGA,Missed Two Pointer,0,-2,158,D,,,,11,10:00,18,14,
2007,RS,10,111,142,ZAL,PBDE,"JURAK, GORAN",2FGM,Two Pointer,2,-76,87,D,,,,11,10:00,20,14,
2007,RS,10,111,143,SIE,PKWI,"MCINTYRE, TERRELL",3FGA,Missed Three Pointer,0,323,661,G,,,,11,10:00,20,14,
2007,RS,10,111,145,SIE,PJOC,"STONEROOK, SHAUN",3FGA,Missed Three Pointer,0,-279,666,J,,,,11,10:00,20,14,
2007,RS,10,111,147,ZAL,PBDE,"JURAK, GORAN",2FGM,Two Pointer,2,-10,82,D,,,,11,10:00,22,14,
2007,RS,10,111,150,SIE,PAPS,"ILIEVSKI, VLADO",3FGM,Three Pointer,3,-417,607,J,,,,12,09:00,22,17,
2007,RS,10,111,153,ZAL,PATP,"POPOVIC, MARKO",2FGM,Two Pointer,2,71,53,C,,,,13,08:00,24,17,
2007,RS,10,111,156,ZAL,PBDB,"COLLINS, DeJUAN",2FGM,Two Pointer,2,-94,25,D,,,,13,08:00,26,17,
2007,RS,10,111,157,SIE,PKWI,"MCINTYRE, TERRELL",3FGA,Missed Three Pointer,0,-207,656,J,,,,13,08:00,26,17,
2007,RS,10,111,162,ZAL,PJCC,"MACIULIS, JONAS",2FGAB,Missed Two Pointer,0,-76,69,D,,,,14,07:00,26,17,
2007,RS,10,111,166,ZAL,PJCC,"MACIULIS, JONAS",2FGM,Two Pointer,2,-43,94,D,,,,14,07:00,28,17,
2007,RS,10,111,174,SIE,PKWI,"MCINTYRE, TERRELL",3FGA,Missed Three Pointer,0,656,294,A,,,,14,07:00,28,17,
2007,RS,10,111,178,ZAL,PADX,"ZUKAUSKAS, EURELIJUS",FTM,Free Throw In,1,-1,-1, ,,,,14,07:00,29,17,
2007,RS,10,111,179,ZAL,PADX,"ZUKAUSKAS, EURELIJUS",FTM,Free Throw In,1,-1,-1, ,,,,14,07:00,30,17,
2007,RS,10,111,181,SIE,PCQO,"EZE, BENJAMIN",2FGM,Two Pointer,2,-7,2,D,,,,15,06:00,30,19,
2007,RS,10,111,187,ZAL,PATP,"POPOVIC, MARKO",2FGA,Missed Two Pointer,0,-125,0,D,,,,15,06:00,30,19,
2007,RS,10,111,189,ZAL,PBDB,"COLLINS, DeJUAN",2FGM,Two Pointer,2,-358,174,E,,,,15,06:00,32,19,
2007,RS,10,111,190,SIE,P000717,"ROMERO, HECTOR",2FGM,Two Pointer,2,105,74,C,,,,15,06:00,32,21,
2007,RS,10,111,193,SIE,P000717,"ROMERO, HECTOR",FTM,Free Throw In,1,-1,-1, ,,,,15,06:00,32,22,
2007,RS,10,111,205,ZAL,PBDE,"JURAK, GORAN",2FGM,Two Pointer,2,-74,76,D,,,,16,05:00,34,22,
2007,RS,10,111,207,SIE,PCQO,"EZE, BENJAMIN",2FGM,Two Pointer,2,23,115,C,,,,16,05:00,34,24,
2007,RS,10,111,211,SIE,PCQO,"EZE, BENJAMIN",FTM,Free Throw In,1,-1,-1, ,,,,16,05:00,34,25,
2007,RS,10,111,220,SIE,PAPS,"ILIEVSKI, VLADO",3FGM,Three Pointer,3,592,348,A,,,,17,04:00,34,28,
2007,RS,10,111,221,ZAL,PADX,"ZUKAUSKAS, EURELIJUS",2FGM,Two Pointer,2,-41,35,D,,,,17,04:00,36,28,
2007,RS,10,111,226,SIE,PKWI,"MCINTYRE, TERRELL",FTM,Free Throw In,1,-1,-1, ,,,,17,04:00,36,29,
2007,RS,10,111,227,SIE,PKWI,"MCINTYRE, TERRELL",FTM,Free Throw In,1,-1,-1, ,,,,17,04:00,36,30,
2007,RS,10,111,229,ZAL,PATP,"POPOVIC, MARKO",2FGA,Missed Two Pointer,0,387,102,B,,,,18,03:00,36,30,
2007,RS,10,111,231,SIE,PKWI,"MCINTYRE, TERRELL",2FGM,Two Pointer,2,-12,76,D,,,,18,03:00,36,32,
2007,RS,10,111,235,SIE,P000717,"ROMERO, HECTOR",2FGA,Missed Two Pointer,0,-369,56,E,,,,18,03:00,36,32,
2007,RS,10,111,238,ZAL,PAHT,"BROWN, MARCUS",3FGA,Missed Three Pointer,0,-682,-38,F,,,,19,02:00,36,32,
2007,RS,10,111,241,ZAL,PBWI,"JANKUNAS, PAULIUS",2FGA,Missed Two Pointer,0,-69,89,D,,,,19,02:00,36,32,
2007,RS,10,111,251,SIE,PLMO,"SATO, ROMAIN",FTM,Free Throw In,1,-1,-1, ,,,,19,02:00,36,33,
2007,RS,10,111,257,ZAL,PJCC,"MACIULIS, JONAS",FTM,Free Throw In,1,-1,-1, ,,,,20,01:00,37,33,
2007,RS,10,111,260,SIE,PAPS,"ILIEVSKI, VLADO",2FGAB,Missed Two Pointer,0,-46,89,D,,,,20,01:00,37,33,
2007,RS,10,111,263,SIE,PAPS,"ILIEVSKI, VLADO",2FGA,Missed Two Pointer,0,-353,7,E,,,,20,01:00,37,33,
2007,RS,10,111,264,ZAL,PADX,"ZUKAUSKAS, EURELIJUS",2FGM,Two Pointer,2,0,5,D,,,,20,01:00,39,33,
2007,RS,10,111,276,SIE,PLMO,"SATO, ROMAIN",2FGM,Two Pointer,2,-28,143,D,,,,21,10:00,39,35,
2007,RS,10,111,280,SIE,PKWI,"MCINTYRE, TERRELL",2FGA,Missed Two Pointer,0,107,100,C,,,,21,10:00,39,35,
2007,RS,10,111,283,ZAL,PAHT,"BROWN, MARCUS",2FGM,Two Pointer,2,30,128,C,,,,22,09:00,41,35,
2007,RS,10,111,284,SIE,PLMO,"SATO, ROMAIN",2FGA,Missed Two Pointer,0,25,156,C,,,,22,09:00,41,35,
2007,RS,10,111,286,ZAL,PAHT,"BROWN, MARCUS",3FGAB,Missed Three Pointer,0,553,441,G,,,,22,09:00,41,35,
2007,RS,10,111,290,SIE,PAPS,"ILIEVSKI, VLADO",3FGA,Missed Three Pointer,0,-384,594,J,,,,22,09:00,41,35,
2007,RS,10,111,292,ZAL,PBDB,"COLLINS, DeJUAN",3FGA,Missed Three Pointer,0,-335,633,J,,,,22,09:00,41,35,
2007,RS,10,111,295,SIE,PJOC,"STONEROOK, SHAUN",3FGA,Missed Three Pointer,0,-576,389,F,,,,23,08:00,41,35,
2007,RS,10,111,297,ZAL,PBWI,"JANKUNAS, PAULIUS",2FGM,Two Pointer,2,7,69,C,,,,23,08:00,43,35,
2007,RS,10,111,299,SIE,PLMO,"SATO, ROMAIN",3FGM,Three Pointer,3,684,20,A,,,,23,08:00,43,38,
2007,RS,10,111,302,ZAL,PBWI,"JANKUNAS, PAULIUS",3FGA,Missed Three Pointer,0,12,707,G,,,,24,07:00,43,38,
2007,RS,10,111,306,SIE,PLMO,"SATO, ROMAIN",3FGA,Missed Three Pointer,0,651,238,A,,,,24,07:00,43,38,
2007,RS,10,111,308,ZAL,PJCC,"MACIULIS, JONAS",3FGA,Missed Three Pointer,0,338,633,G,,,,24,07:00,43,38,
2007,RS,10,111,310,SIE,PAPS,"ILIEVSKI, VLADO",2FGA,Missed Two Pointer,0,89,5,C,,,,24,07:00,43,38,
2007,RS,10,111,316,SIE,PKWI,"MCINTYRE, TERRELL",3FGM,Three Pointer,3,-38,694,J,,,,25,06:00,43,41,
2007,RS,10,111,320,SIE,PLMO,"SATO, ROMAIN",2FGA,Missed Two Pointer,0,-61,351,D,,,,25,06:00,43,41,
2007,RS,10,111,323,SIE,PCQO,"EZE, BENJAMIN",2FGA,Missed Two Pointer,0,-105,46,D,,,,25,06:00,43,41,
2007,RS,10,111,326,ZAL,PBDE,"JURAK, GORAN",2FGA,Missed Two Pointer,0,123,15,C,,,,26,05:00,43,41,
2007,RS,10,111,334,SIE,PJOC,"STONEROOK, SHAUN",2FGM,Two Pointer,2,7,10,C,,,,26,05:00,43,43,
2007,RS,10,111,341,ZAL,PJCC,"MACIULIS, JONAS",2FGM,Two Pointer,2,-38,51,D,,,,27,04:00,45,43,
2007,RS,10,111,342,SIE,PKWI,"MCINTYRE, TERRELL",3FGM,Three Pointer,3,135,728,G,,,,27,04:00,45,46,
2007,RS,10,111,343,ZAL,PATP,"POPOVIC, MARKO",3FGM,Three Pointer,3,194,692,G,,,,27,04:00,48,46,
2007,RS,10,111,345,SIE,PCQO,"EZE, BENJAMIN",2FGM,Two Pointer,2,-405,10,E,,,,28,03:00,48,48,
2007,RS,10,111,346,ZAL,PBDB,"COLLINS, DeJUAN",2FGA,Missed Two Pointer,0,-7,58,D,,,,28,03:00,48,48,
2007,RS,10,111,352,SIE,PCQO,"EZE, BENJAMIN",FTM,Free Throw In,1,-1,-1, ,,,,28,03:00,48,49,
2007,RS,10,111,361,ZAL,PBDE,"JURAK, GORAN",2FGM,Two Pointer,2,-79,20,D,,,,28,03:00,50,49,
2007,RS,10,111,363,SIE,PCCA,"THORNTON, BOOTSY",2FGA,Missed Two Pointer,0,-48,287,D,,,,29,02:00,50,49,
2007,RS,10,111,365,SIE,PCCA,"THORNTON, BOOTSY",2FGM,Two Pointer,2,-7,66,D,,,,29,02:00,50,51,
2007,RS,10,111,370,ZAL,PBDE,"JURAK, GORAN",2FGM,Two Pointer,2,-2,130,D,,,,29,02:00,52,51,
2007,RS,10,111,378,SIE,PJOC,"STONEROOK, SHAUN",3FGM,Three Pointer,3,-117,679,J,,,,29,02:00,52,54,
2007,RS,10,111,384,ZAL,PBWI,"JANKUNAS, PAULIUS",FTM,Free Throw In,1,-1,-1, ,,,,30,01:00,53,54,
2007,RS,10,111,385,SIE,PKWI,"MCINTYRE, TERRELL",3FGA,Missed Three Pointer,0,-384,579,J,,,,30,01:00,53,54,
2007,RS,10,111,389,ZAL,PATP,"POPOVIC, MARKO",FTM,Free Throw In,1,-1,-1, ,,,,30,01:00,54,54,
2007,RS,10,111,390,ZAL,PATP,"POPOVIC, MARKO",FTM,Free Throw In,1,-1,-1, ,,,,30,01:00,55,54,
2007,RS,10,111,399,SIE,PKWI,"MCINTYRE, TERRELL",3FGM,Three Pointer,3,-692,46,F,,,,31,10:00,55,57,
2007,RS,10,111,401,ZAL,PATP,"POPOVIC, MARKO",2FGM,Two Pointer,2,130,94,C,,,,31,10:00,57,57,
2007,RS,10,111,402,SIE,PKWI,"MCINTYRE, TERRELL",2FGA,Missed Two Pointer,0,-184,46,D,,,,31,10:00,57,57,
2007,RS,10,111,405,ZAL,PBWI,"JANKUNAS, PAULIUS",2FGM,Two Pointer,2,41,71,C,,,,32,09:00,59,57,
2007,RS,10,111,407,SIE,PAPS,"ILIEVSKI, VLADO",2FGA,Missed Two Pointer,0,115,46,C,,,,32,09:00,59,57,
2007,RS,10,111,414,SIE,PLMO,"SATO, ROMAIN",3FGA,Missed Three Pointer,0,-669,71,F,,,,33,08:00,59,57,
2007,RS,10,111,416,ZAL,PAHT,"BROWN, MARCUS",3FGM,Three Pointer,3,566,392,A,,,,33,08:00,62,57,
2007,RS,10,111,420,SIE,PKWI,"MCINTYRE, TERRELL",3FGM,Three Pointer,3,-587,369,F,,,,33,08:00,62,60,
2007,RS,10,111,427,ZAL,PBWI,"JANKUNAS, PAULIUS",2FGM,Two Pointer,2,33,61,C,,,,34,07:00,64,60,
2007,RS,10,111,431,ZAL,PBWI,"JANKUNAS, PAULIUS",FTM,Free Throw In,1,-1,-1, ,,,,34,07:00,65,60,
2007,RS,10,111,432,SIE,PKWI,"MCINTYRE, TERRELL",3FGM,Three Pointer,3,553,451,G,,,,34,07:00,65,63,
2007,RS,10,111,433,ZAL,PATP,"POPOVIC, MARKO",3FGM,Three Pointer,3,148,679,G,,,,34,07:00,68,63,
2007,RS,10,111,441,ZAL,P000127,"BRADLEY, MICHAEL",2FGA,Missed Two Pointer,0,297,284,B,,,,35,06:00,68,63,
2007,RS,10,111,449,SIE,PCQO,"EZE, BENJAMIN",2FGM,Two Pointer,2,-5,2,D,,,,36,05:00,68,65,
2007,RS,10,111,451,ZAL,PAHT,"BROWN, MARCUS",3FGA,Missed Three Pointer,0,-153,692,J,,,,36,05:00,68,65,
2007,RS,10,111,455,SIE,PKWI,"MCINTYRE, TERRELL",2FGA,Missed Two Pointer,0,-266,446,I,,,,36,05:00,68,65,
2007,RS,10,111,459,ZAL,PAHT,"BROWN, MARCUS",FTM,Free Throw In,1,-1,-1, ,,,,37,04:00,69,65,
2007,RS,10,111,460,ZAL,PAHT,"BROWN, MARCUS",FTM,Free Throw In,1,-1,-1, ,,,,37,04:00,70,65,
2007,RS,10,111,461,ZAL,PJCC,"MACIULIS, JONAS",2FGAB,Missed Two Pointer,0,-2,61,D,,,,37,04:00,70,65,
2007,RS,10,111,470,SIE,PAPS,"ILIEVSKI, VLADO",2FGM,Two Pointer,2,-448,202,E,,,,38,03:00,70,67,
2007,RS,10,111,472,ZAL,PATP,"POPOVIC, MARKO",3FGM,Three Pointer,3,25,702,G,,,,38,03:00,73,67,
2007,RS,10,111,475,SIE,PAPS,"ILIEVSKI, VLADO",3FGA,Missed Three Pointer,0,38,689,G,,,,39,02:00,73,67,
2007,RS,10,111,477,ZAL,PJCC,"MACIULIS, JONAS",2FGA,Missed Two Pointer,0,-15,89,D,,,,39,02:00,73,67,
2007,RS,10,111,479,SIE,PKWI,"MCINTYRE, TERRELL",2FGA,Missed Two Pointer,0,20,538,H,,,,39,02:00,73,67,
2007,RS,10,111,484,SIE,PAPS,"ILIEVSKI, VLADO",3FGA,Missed Three Pointer,0,-630,341,F,,,,40,01:00,73,67,
2007,RS,10,111,494,SIE,PKWI,"MCINTYRE, TERRELL",2FGA,Missed Two Pointer,0,64,28,C,,,,40,01:00,73,67,
2007,RS,10,111,496,SIE,PCQO,"EZE, BENJAMIN",2FGA,Missed Two Pointer,0,46,33,C,,,,40,01:00,73,67,
2007,RS,10,111,502,ZAL,PAHT,"BROWN, MARCUS",FTM,Free Throw In,1,-1,-1, ,,,,40,01:00,74,67,
2007,RS,10,111,503,ZAL,PAHT,"BROWN, MARCUS",FTM,Free Throw In,1,-1,-1, ,,,,40,01:00,75,67,
2007,RS,10,111,504,SIE,PAPS,"ILIEVSKI, VLADO",2FGA,Missed Two Pointer,0,102,84,C,,,,40,01:00,75,67,
2007,RS,10,111,506,SIE,P000717,"ROMERO, HECTOR",2FGM,Two Pointer,2,61,53,C,,,,40,01:00,75,69,
2007,RS,10,112,14,LJU,PAPY,"HUKIC, JASMIN",2FGA,Missed Two Pointer,0,374,-17,B,,,,2,09:00,0,0,
2007,RS,10,112,18,CSK,PAQO,"HOLDEN, JON ROBERT",FTM,Free Throw In,1,-1,-1, ,,,,2,09:00,1,0,
2007,RS,10,112,23,CSK,PAUC,"GOREE, MARCUS",2FGA,Missed Two Pointer,0,56,20,C,,,,2,09:00,1,0,
2007,RS,10,112,28,LJU,PAIV,"MILIC, MARKO",FTM,Free Throw In,1,-1,-1, ,,,,2,09:00,1,1,
2007,RS,10,112,29,LJU,PAIV,"MILIC, MARKO",FTM,Free Throw In,1,-1,-1, ,,,,2,09:00,1,2,
2007,RS,10,112,30,CSK,PJMM,"SISKAUSKAS, RAMUNAS",3FGA,Missed Three Pointer,0,-35,653,J,,,,2,09:00,1,2,
2007,RS,10,112,33,LJU,PTGI,"DONCIC, SASA",3FGM,Three Pointer,3,-28,651,J,,,,3,08:00,1,5,
2007,RS,10,112,34,CSK,PAKT,"ANDERSEN, DAVID",2FGA,Missed Two Pointer,0,-10,141,D,,,,3,08:00,1,5,
2007,RS,10,112,36,CSK,PJMM,"SISKAUSKAS, RAMUNAS",3FGM,Three Pointer,3,323,582,G,,,,3,08:00,4,5,
2007,RS,10,112,43,CSK,PBEB,"LANGDON, TRAJAN",FTM,Free Throw In,1,-1,-1, ,,,,4,07:00,5,5,
2007,RS,10,112,44,CSK,PBEB,"LANGDON, TRAJAN",FTM,Free Throw In,1,-1,-1, ,,,,4,07:00,6,5,
2007,RS,10,112,47,CSK,PBEB,"LANGDON, TRAJAN",3FGA,Missed Three Pointer,0,-358,558,J,,,,4,07:00,6,5,
2007,RS,10,112,49,CSK,PAUC,"GOREE, MARCUS",2FGAB,Missed Two Pointer,0,-38,53,D,,,,4,07:00,6,5,
2007,RS,10,112,52,CSK,PAQO,"HOLDEN, JON ROBERT",3FGA,Missed Three Pointer,0,-589,328,F,,,,4,07:00,6,5,
2007,RS,10,112,54,LJU,PTGK,"BAILEY, MAURICE",3FGM,Three Pointer,3,-41,669,J,,,,4,07:00,6,8,
2007,RS,10,112,55,CSK,PAKT,"ANDERSEN, DAVID",2FGA,Missed Two Pointer,0,120,115,C,,,,4,07:00,6,8,
2007,RS,10,112,63,LJU,PTGI,"DONCIC, SASA",FTM,Free Throw In,1,-1,-1, ,,,,4,07:00,6,9,
2007,RS,10,112,67,LJU,PJYE,"RIZVIC, HASAN",2FGM,Two Pointer,2,-89,61,D,,,,4,07:00,6,11,
2007,RS,10,112,70,LJU,PAPY,"HUKIC, JASMIN",2FGM,Two Pointer,2,-64,23,D,,,,4,07:00,6,13,
2007,RS,10,112,73,CSK,PJMM,"SISKAUSKAS, RAMUNAS",3FGA,Missed Three Pointer,0,284,605,G,,,,5,06:00,6,13,
2007,RS,10,112,76,LJU,PLHD,"ZUPAN, MIHA",3FGA,Missed Three Pointer,0,-15,679,J,,,,6,05:00,6,13,
2007,RS,10,112,78,CSK,PLHI,"VORONTSEVICH, ANDREY",3FGAB,Missed Three Pointer,0,5,697,G,,,,6,05:00,6,13,
2007,RS,10,112,83,LJU,PLHD,"ZUPAN, MIHA",3FGA,Missed Three Pointer,0,-51,656,J,,,,7,04:00,6,13,
2007,RS,10,112,85,CSK,PBEB,"LANGDON, TRAJAN",3FGA,Missed Three Pointer,0,35,689,G,,,,7,04:00,6,13,
2007,RS,10,112,87,LJU,PLHD,"ZUPAN, MIHA",2FGAB,Missed Two Pointer,0,10,64,C,,,,7,04:00,6,13,
2007,RS,10,112,90,CSK,PAKT,"ANDERSEN, DAVID",2FGA,Missed Two Pointer,0,56,164,C,,,,7,04:00,6,13,
2007,RS,10,112,102,CSK,PAQO,"HOLDEN, JON ROBERT",3FGM,Three Pointer,3,548,374,A,,,,8,03:00,9,13,
2007,RS,10,112,103,LJU,P000184,"BOOKER, CHRIS",2FGAB,Missed Two Pointer,0,-35,66,D,,,,8,03:00,9,13,
2007,RS,10,112,108,CSK,PAKT,"ANDERSEN, DAVID",2FGM,Two Pointer,2,71,387,C,,,,8,03:00,11,13,
2007,RS,10,112,111,LJU,PLHD,"ZUPAN, MIHA",2FGA,Missed Two Pointer,0,-105,30,D,,,,9,02:00,11,13,
2007,RS,10,112,113,CSK,PAKT,"ANDERSEN, DAVID",2FGAB,Missed Two Pointer,0,-38,120,D,,,,9,02:00,11,13,
2007,RS,10,112,117,LJU,PTGK,"BAILEY, MAURICE",2FGA,Missed Two Pointer,0,105,79,C,,,,9,02:00,11,13,
2007,RS,10,112,124,CSK,PAKT,"ANDERSEN, DAVID",FTM,Free Throw In,1,-1,-1, ,,,,10,01:00,12,13,
2007,RS,10,112,125,CSK,PAKT,"ANDERSEN, DAVID",FTM,Free Throw In,1,-1,-1, ,,,,10,01:00,13,13,
2007,RS,10,112,128,CSK,PABN,"ZISIS, NIKOLAOS",3FGA,Missed Three Pointer,0,569,315,A,,,,10,01:00,13,13,
2007,RS,10,112,130,LJU,PAPY,"HUKIC, JASMIN",3FGA,Missed Three Pointer,0,-605,307,F,,,,10,01:00,13,13,
2007,RS,10,112,143,LJU,PAIV,"MILIC, MARKO",2FGM,Two Pointer,2,0,51,D,,,,11,10:00,13,15,
2007,RS,10,112,144,CSK,PABN,"ZISIS, NIKOLAOS",3FGA,Missed Three Pointer,0,548,369,A,,,,11,10:00,13,15,
2007,RS,10,112,147,LJU,PAIV,"MILIC, MARKO",2FGA,Missed Two Pointer,0,-25,84,D,,,,12,09:00,13,15,
2007,RS,10,112,150,LJU,PTGK,"BAILEY, MAURICE",2FGM,Two Pointer,2,-56,10,D,,,,12,09:00,13,17,
2007,RS,10,112,152,CSK,PATW,"PAPALOUKAS, THEODOROS",3FGM,Three Pointer,3,497,446,G,,,,12,09:00,16,17,
2007,RS,10,112,154,LJU,PAIV,"MILIC, MARKO",2FGA,Missed Two Pointer,0,92,25,C,,,,13,08:00,16,17,
2007,RS,10,112,157,CSK,PAUC,"GOREE, MARCUS",2FGM,Two Pointer,2,2,5,D,,,,13,08:00,18,17,
2007,RS,10,112,158,LJU,PTGJ,"MOCNIK, JAN",3FGA,Missed Three Pointer,0,489,443,G,,,,13,08:00,18,17,
2007,RS,10,112,170,LJU,P000184,"BOOKER, CHRIS",2FGA,Missed Two Pointer,0,-371,53,E,,,,14,07:00,18,17,
2007,RS,10,112,173,LJU,PTGI,"DONCIC, SASA",2FGA,Missed Two Pointer,0,-389,-23,E,,,,14,07:00,18,17,
2007,RS,10,112,182,CSK,PAKT,"ANDERSEN, DAVID",2FGM,Two Pointer,2,-12,128,D,,,,14,07:00,20,17,
2007,RS,10,112,184,LJU,PJYE,"RIZVIC, HASAN",2FGA,Missed Two Pointer,0,94,351,C,,,,15,06:00,20,17,
2007,RS,10,112,187,CSK,PABN,"ZISIS, NIKOLAOS",2FGM,Two Pointer,2,-38,58,D,,,,15,06:00,22,17,
2007,RS,10,112,191,LJU,PJYE,"RIZVIC, HASAN",2FGM,Two Pointer,2,130,10,C,,,,15,06:00,22,19,
2007,RS,10,112,193,CSK,PBEB,"LANGDON, TRAJAN",3FGM,Three Pointer,3,17,669,G,,,,15,06:00,25,19,
2007,RS,10,112,200,LJU,PAIV,"MILIC, MARKO",2FGM,Two Pointer,2,-53,0,D,,,,16,05:00,25,21,
2007,RS,10,112,201,CSK,PBEB,"LANGDON, TRAJAN",3FGA,Missed Three Pointer,0,287,630,G,,,,16,05:00,25,21,
2007,RS,10,112,203,LJU,PAIV,"MILIC, MARKO",2FGM,Two Pointer,2,-100,30,D,,,,16,05:00,25,23,
2007,RS,10,112,213,CSK,PAQO,"HOLDEN, JON ROBERT",3FGA,Missed Three Pointer,0,612,256,A,,,,17,04:00,25,23,
2007,RS,10,112,220,LJU,PTGK,"BAILEY, MAURICE",3FGM,Three Pointer,3,333,571,G,,,,17,04:00,25,26,
2007,RS,10,112,222,CSK,PAKT,"ANDERSEN, DAVID",2FGM,Two Pointer,2,412,0,B,,,,17,04:00,27,26,
2007,RS,10,112,224,LJU,PAIV,"MILIC, MARKO",3FGA,Missed Three Pointer,0,35,656,G,,,,18,03:00,27,26,
2007,RS,10,112,227,CSK,PAKT,"ANDERSEN, DAVID",2FGM,Two Pointer,2,374,41,B,,,,18,03:00,29,26,
2007,RS,10,112,228,LJU,PLHD,"ZUPAN, MIHA",3FGA,Missed Three Pointer,0,-69,669,J,,,,18,03:00,29,26,
2007,RS,10,112,230,LJU,PAIV,"MILIC, MARKO",2FGM,Two Pointer,2,-61,25,D,,,,18,03:00,29,28,
2007,RS,10,112,232,CSK,PAKT,"ANDERSEN, DAVID",2FGA,Missed Two Pointer,0,161,225,C,,,,19,02:00,29,28,
2007,RS,10,112,234,LJU,PTGG,"TAYLOR, RONELL",2FGA,Missed Two Pointer,0,115,35,C,,,,19,02:00,29,28,
2007,RS,10,112,236,CSK,PAKT,"ANDERSEN, DAVID",2FGM,Two Pointer,2,89,43,C,,,,19,02:00,31,28,
2007,RS,10,112,237,LJU,PAIV,"MILIC, MARKO",2FGA,Missed Two Pointer,0,-133,56,D,,,,19,02:00,31,28,
2007,RS,10,112,240,CSK,PAQO,"HOLDEN, JON ROBERT",3FGM,Three Pointer,3,-158,648,J,,,,20,01:00,34,28,
2007,RS,10,112,241,LJU,PLHD,"ZUPAN, MIHA",2FGA,Missed Two Pointer,0,128,35,C,,,,20,01:00,34,28,
2007,RS,10,112,243,CSK,PLHI,"VORONTSEVICH, ANDREY",2FGA,Missed Two Pointer,0,143,5,C,,,,20,01:00,34,28,
2007,RS,10,112,253,LJU,PTGI,"DONCIC, SASA",2FGA,Missed Two Pointer,0,12,333,C,,,,21,10:00,34,28,
2007,RS,10,112,255,LJU,PTGK,"BAILEY, MAURICE",3FGA,Missed Three Pointer,0,-502,569,J,,,,21,10:00,34,28,
2007,RS,10,112,257,LJU,PTGK,"BAILEY, MAURICE",3FGA,Missed Three Pointer,0,-484,464,J,,,,21,10:00,34,28,
2007,RS,10,112,260,CSK,PAUC,"GOREE, MARCUS",2FGM,Two Pointer,2,-328,66,E,,,,21,10:00,36,28,
2007,RS,10,112,268,CSK,PBEB,"LANGDON, TRAJAN",FTM,Free Throw In,1,-1,-1, ,,,,22,09:00,37,28,
2007,RS,10,112,269,CSK,PBEB,"LANGDON, TRAJAN",FTM,Free Throw In,1,-1,-1, ,,,,22,09:00,38,28,
2007,RS,10,112,270,LJU,PAIV,"MILIC, MARKO",2FGA,Missed Two Pointer,0,115,20,C,,,,22,09:00,38,28,
2007,RS,10,112,275,CSK,PAUC,"GOREE, MARCUS",2FGA,Missed Two Pointer,0,-74,5,D,,,,23,08:00,38,28,
2007,RS,10,112,277,LJU,P000184,"BOOKER, CHRIS",2FGA,Missed Two Pointer,0,66,38,C,,,,23,08:00,38,28,
2007,RS,10,112,281,CSK,PBEB,"LANGDON, TRAJAN",3FGA,Missed Three Pointer,0,-479,546,J,,,,23,08:00,38,28,
2007,RS,10,112,284,LJU,P000184,"BOOKER, CHRIS",2FGM,Two Pointer,2,174,576,H,,,,24,07:00,38,30,
2007,RS,10,112,285,CSK,PAKT,"ANDERSEN, DAVID",2FGM,Two Pointer,2,-46,110,D,,,,24,07:00,40,30,
2007,RS,10,112,286,LJU,PTGI,"DONCIC, SASA",2FGA,Missed Two Pointer,0,-5,351,D,,,,24,07:00,40,30,
2007,RS,10,112,288,CSK,PAUC,"GOREE, MARCUS",2FGA,Missed Two Pointer,0,38,0,C,,,,24,07:00,40,30,
2007,RS,10,112,291,LJU,PAIV,"MILIC, MARKO",2FGA,Missed Two Pointer,0,-46,41,D,,,,25,06:00,40,30,
2007,RS,10,112,293,CSK,PBEB,"LANGDON, TRAJAN",3FGA,Missed Three Pointer,0,656,-25,A,,,,25,06:00,40,30,
2007,RS,10,112,295,CSK,PAUC,"GOREE, MARCUS",2FGM,Two Pointer,2,51,-5,C,,,,25,06:00,42,30,
2007,RS,10,112,303,LJU,P000184,"BOOKER, CHRIS",3FGA,Missed Three Pointer,0,-376,533,J,,,,26,05:00,42,30,
2007,RS,10,112,307,CSK,PAKT,"ANDERSEN, DAVID",2FGM,Two Pointer,2,-2,58,D,,,,26,05:00,44,30,
2007,RS,10,112,311,CSK,PAKT,"ANDERSEN, DAVID",FTM,Free Throw In,1,-1,-1, ,,,,26,05:00,45,30,
2007,RS,10,112,312,LJU,PAPY,"HUKIC, JASMIN",3FGA,Missed Three Pointer,0,656,-61,A,,,,26,05:00,45,30,
2007,RS,10,112,315,CSK,PAKT,"ANDERSEN, DAVID",2FGM,Two Pointer,2,-376,38,E,,,,26,05:00,47,30,
2007,RS,10,112,316,LJU,PAPY,"HUKIC, JASMIN",3FGA,Missed Three Pointer,0,-510,405,F,,,,26,05:00,47,30,
2007,RS,10,112,318,LJU,PTGG,"TAYLOR, RONELL",2FGA,Missed Two Pointer,0,-58,289,D,,,,26,05:00,47,30,
2007,RS,10,112,328,CSK,PBEB,"LANGDON, TRAJAN",FTM,Free Throw In,1,-1,-1, ,,,,26,05:00,48,30,
2007,RS,10,112,332,LJU,PTGG,"TAYLOR, RONELL",2FGM,Two Pointer,2,-10,441,I,,,,27,04:00,48,32,
2007,RS,10,112,336,LJU,PTGG,"TAYLOR, RONELL",2FGA,Missed Two Pointer,0,400,56,B,,,,27,04:00,48,32,
2007,RS,10,112,338,LJU,PTGK,"BAILEY, MAURICE",3FGM,Three Pointer,3,-23,656,J,,,,27,04:00,48,35,
2007,RS,10,112,340,CSK,PAQO,"HOLDEN, JON ROBERT",3FGA,Missed Three Pointer,0,-579,343,F,,,,28,03:00,48,35,
2007,RS,10,112,342,LJU,PTGI,"DONCIC, SASA",2FGM,Two Pointer,2,-51,-12,D,,,,28,03:00,48,37,
2007,RS,10,112,349,LJU,PTGK,"BAILEY, MAURICE",2FGM,Two Pointer,2,64,12,C,,,,28,03:00,48,39,
2007,RS,10,112,353,CSK,PABN,"ZISIS, NIKOLAOS",FTM,Free Throw In,1,-1,-1, ,,,,29,02:00,49,39,
2007,RS,10,112,354,CSK,PABN,"ZISIS, NIKOLAOS",FTM,Free Throw In,1,-1,-1, ,,,,29,02:00,50,39,
2007,RS,10,112,355,LJU,P000184,"BOOKER, CHRIS",2FGM,Two Pointer,2,589,15,B,,,,29,02:00,50,41,
2007,RS,10,112,360,CSK,PJMM,"SISKAUSKAS, RAMUNAS",FTM,Free Throw In,1,-1,-1, ,,,,30,01:00,51,41,
2007,RS,10,112,361,CSK,PJMM,"SISKAUSKAS, RAMUNAS",FTM,Free Throw In,1,-1,-1, ,,,,30,01:00,52,41,
2007,RS,10,112,363,CSK,PATW,"PAPALOUKAS, THEODOROS",3FGA,Missed Three Pointer,0,310,594,G,,,,30,01:00,52,41,
2007,RS,10,112,365,CSK,PAKT,"ANDERSEN, DAVID",2FGM,Two Pointer,2,-76,33,D,,,,30,01:00,54,41,
2007,RS,10,112,368,LJU,PTGK,"BAILEY, MAURICE",3FGA,Missed Three Pointer,0,-656,66,F,,,,30,01:00,54,41,
2007,RS,10,112,376,CSK,PABN,"ZISIS, NIKOLAOS",2FGM,Two Pointer,2,100,35,C,,,,31,10:00,56,41,
2007,RS,10,112,377,LJU,PTGG,"TAYLOR, RONELL",3FGA,Missed Three Pointer,0,-646,71,F,,,,31,10:00,56,41,
2007,RS,10,112,379,CSK,PAKT,"ANDERSEN, DAVID",2FGA,Missed Two Pointer,0,289,194,B,,,,31,10:00,56,41,
2007,RS,10,112,386,CSK,PATW,"PAPALOUKAS, THEODOROS",2FGA,Missed Two Pointer,0,107,7,C,,,,32,09:00,56,41,
2007,RS,10,112,390,LJU,PAPY,"HUKIC, JASMIN",3FGA,Missed Three Pointer,0,-502,425,F,,,,32,09:00,56,41,
2007,RS,10,112,392,CSK,PABN,"ZISIS, NIKOLAOS",3FGA,Missed Three Pointer,0,-328,574,J,,,,32,09:00,56,41,
2007,RS,10,112,394,LJU,P000184,"BOOKER, CHRIS",3FGA,Missed Three Pointer,0,25,658,G,,,,32,09:00,56,41,
2007,RS,10,112,397,CSK,PAUC,"GOREE, MARCUS",2FGA,Missed Two Pointer,0,302,41,B,,,,33,08:00,56,41,
2007,RS,10,112,400,LJU,PAPY,"HUKIC, JASMIN",3FGM,Three Pointer,3,653,-58,A,,,,33,08:00,56,44,
2007,RS,10,112,404,CSK,PAKT,"ANDERSEN, DAVID",2FGM,Two Pointer,2,5,571,H,,,,33,08:00,58,44,
2007,RS,10,112,407,LJU,PAIV,"MILIC, MARKO",2FGM,Two Pointer,2,-46,15,D,,,,34,07:00,58,46,
2007,RS,10,112,408,CSK,PATW,"PAPALOUKAS, THEODOROS",2FGM,Two Pointer,2,-161,197,D,,,,34,07:00,60,46,
2007,RS,10,112,420,LJU,PTGI,"DONCIC, SASA",2FGA,Missed Two Pointer,0,297,92,B,,,,35,06:00,60,46,
2007,RS,10,112,422,CSK,PAKT,"ANDERSEN, DAVID",2FGA,Missed Two Pointer,0,-315,71,E,,,,35,06:00,60,46,
2007,RS,10,112,426,LJU,PTGK,"BAILEY, MAURICE",FTM,Free Throw In,1,-1,-1, ,,,,35,06:00,60,47,
2007,RS,10,112,427,LJU,PTGK,"BAILEY, MAURICE",FTM,Free Throw In,1,-1,-1, ,,,,35,06:00,60,48,
2007,RS,10,112,431,CSK,PBEB,"LANGDON, TRAJAN",2FGM,Two Pointer,2,-107,71,D,,,,35,06:00,62,48,
2007,RS,10,112,435,LJU,PAPY,"HUKIC, JASMIN",3FGM,Three Pointer,3,520,397,A,,,,36,05:00,62,51,
2007,RS,10,112,436,CSK,PATW,"PAPALOUKAS, THEODOROS",2FGM,Two Pointer,2,-71,317,D,,,,36,05:00,64,51,
2007,RS,10,112,437,LJU,PAIV,"MILIC, MARKO",2FGA,Missed Two Pointer,0,-284,30,E,,,,36,05:00,64,51,
2007,RS,10,112,439,CSK,PAKT,"ANDERSEN, DAVID",2FGA,Missed Two Pointer,0,-23,51,D,,,,36,05:00,64,51,
2007,RS,10,112,441,CSK,PAKT,"ANDERSEN, DAVID",2FGM,Two Pointer,2,-25,51,D,,,,36,05:00,66,51,
2007,RS,10,112,448,CSK,PATW,"PAPALOUKAS, THEODOROS",2FGM,Two Pointer,2,2,5,D,,,,38,03:00,68,51,
2007,RS,10,112,452,LJU,PTGI,"DONCIC, SASA",FTM,Free Throw In,1,-1,-1, ,,,,38,03:00,68,52,
2007,RS,10,112,453,LJU,PTGI,"DONCIC, SASA",FTM,Free Throw In,1,-1,-1, ,,,,38,03:00,68,53,
2007,RS,10,112,454,CSK,PAQO,"HOLDEN, JON ROBERT",3FGA,Missed Three Pointer,0,594,284,A,,,,38,03:00,68,53,
2007,RS,10,112,457,CSK,PAKT,"ANDERSEN, DAVID",2FGA,Missed Two Pointer,0,-284,46,E,,,,39,02:00,68,53,
2007,RS,10,112,469,CSK,PLHI,"VORONTSEVICH, ANDREY",FTM,Free Throw In,1,-1,-1, ,,,,39,02:00,69,53,
2007,RS,10,112,470,CSK,PLHI,"VORONTSEVICH, ANDREY",FTM,Free Throw In,1,-1,-1, ,,,,39,02:00,70,53,
2007,RS,10,112,472,LJU,PJYE,"RIZVIC, HASAN",2FGM,Two Pointer,2,87,7,C,,,,39,02:00,70,55,
2007,RS,10,112,475,CSK,PKVZ,"SHVED, ALEXEY",2FGM,Two Pointer,2,369,7,B,,,,40,01:00,72,55,
2007,RS,10,112,479,CSK,PLHI,"VORONTSEVICH, ANDREY",2FGM,Two Pointer,2,-74,30,D,,,,40,01:00,74,55,
2007,RS,10,112,481,LJU,PJYE,"RIZVIC, HASAN",2FGM,Two Pointer,2,-56,15,D,,,,40,01:00,74,57,
2007,RS,10,112,482,CSK,PKVZ,"SHVED, ALEXEY",3FGA,Missed Three Pointer,0,-2,664,J,,,,40,01:00,74,57,
2007,RS,10,113,3,ARI,PBDH,"MOTTOLA, HANNO",2FGA,Missed Two Pointer,0,-494,246,E,,,,1,10:00,0,0,
2007,RS,10,113,5,ARI,PLGV,"MASSEY, JEREMIAH",2FGA,Missed Two Pointer,0,-228,74,D,,,,1,10:00,0,0,
2007,RS,10,113,7,CIB,PTFE,"KELLEY, TRE",2FGA,Missed Two Pointer,0,-266,307,E,,,,1,10:00,0,0,
2007,RS,10,113,9,ARI,PLGV,"MASSEY, JEREMIAH",3FGA,Missed Three Pointer,0,594,351,A,,,,1,10:00,0,0,
2007,RS,10,113,12,CIB,PBCB,"ZORIC, LUKA",2FGA,Missed Two Pointer,0,-38,48,D,,,,2,09:00,0,0,
2007,RS,10,113,16,CIB,PLCC,"WARREN, CHRIS",2FGM,Two Pointer,2,-46,28,D,,,,2,09:00,2,0,
2007,RS,10,113,17,ARI,PLGV,"MASSEY, JEREMIAH",2FGM,Two Pointer,2,-92,205,D,,,,2,09:00,2,2,
2007,RS,10,113,18,CIB,PKXF,"AYUSO, LARRY",3FGM,Three Pointer,3,538,612,G,,,,2,09:00,5,2,
2007,RS,10,113,20,ARI,PJXV,"CASTLE, TERREL",3FGA,Missed Three Pointer,0,648,223,A,,,,3,08:00,5,2,
2007,RS,10,113,22,CIB,PTFE,"KELLEY, TRE",3FGA,Missed Three Pointer,0,-441,525,J,,,,3,08:00,5,2,
2007,RS,10,113,28,ARI,PBDH,"MOTTOLA, HANNO",2FGM,Two Pointer,2,-28,64,D,,,,3,08:00,5,4,
2007,RS,10,113,30,CIB,PLCC,"WARREN, CHRIS",2FGA,Missed Two Pointer,0,-130,146,D,,,,4,07:00,5,4,
2007,RS,10,113,32,CIB,PKXF,"AYUSO, LARRY",3FGM,Three Pointer,3,-225,653,J,,,,4,07:00,8,4,
2007,RS,10,113,36,ARI,PLGV,"MASSEY, JEREMIAH",FTM,Free Throw In,1,-1,-1, ,,,,4,07:00,8,5,
2007,RS,10,113,37,ARI,PLGV,"MASSEY, JEREMIAH",FTM,Free Throw In,1,-1,-1, ,,,,4,07:00,8,6,
2007,RS,10,113,40,CIB,PBCB,"ZORIC, LUKA",2FGM,Two Pointer,2,5,58,C,,,,4,07:00,10,6,
2007,RS,10,113,43,ARI,PTEM,"WRIGHT, BRACEY",3FGA,Missed Three Pointer,0,684,41,A,,,,5,06:00,10,6,
2007,RS,10,113,45,CIB,PLCC,"WARREN, CHRIS",3FGA,Missed Three Pointer,0,-264,615,J,,,,5,06:00,10,6,
2007,RS,10,113,47,CIB,PJDQ,"ANDRIC, LUKSA",2FGM,Two Pointer,2,-56,51,D,,,,5,06:00,12,6,
2007,RS,10,113,49,ARI,PLGM,"TSALDARIS, DIMITRIOS",2FGM,Two Pointer,2,-387,466,I,,,,5,06:00,12,8,
2007,RS,10,113,52,CIB,PTFE,"KELLEY, TRE",FTM,Free Throw In,1,-1,-1, ,,,,5,06:00,13,8,
2007,RS,10,113,54,CIB,PTFE,"KELLEY, TRE",FTM,Free Throw In,1,-1,-1, ,,,,6,05:00,14,8,
2007,RS,10,113,57,ARI,PLGV,"MASSEY, JEREMIAH",2FGA,Missed Two Pointer,0,-61,171,D,,,,6,05:00,14,8,
2007,RS,10,113,59,ARI,PLGM,"TSALDARIS, DIMITRIOS",3FGM,Three Pointer,3,-330,564,J,,,,6,05:00,14,11,
2007,RS,10,113,60,CIB,PKXF,"AYUSO, LARRY",3FGA,Missed Three Pointer,0,-507,433,J,,,,6,05:00,14,11,
2007,RS,10,113,62,ARI,PJXV,"CASTLE, TERREL",2FGM,Two Pointer,2,-7,58,D,,,,6,05:00,14,13,
2007,RS,10,113,70,CIB,PKXF,"AYUSO, LARRY",3FGA,Missed Three Pointer,0,28,671,G,,,,7,04:00,14,13,
2007,RS,10,113,72,ARI,PBDH,"MOTTOLA, HANNO",3FGA,Missed Three Pointer,0,553,407,A,,,,7,04:00,14,13,
2007,RS,10,113,74,CIB,PKXF,"AYUSO, LARRY",2FGM,Two Pointer,2,25,56,C,,,,7,04:00,16,13,
2007,RS,10,113,76,ARI,PLGV,"MASSEY, JEREMIAH",2FGM,Two Pointer,2,-58,33,D,,,,8,03:00,16,15,
2007,RS,10,113,84,ARI,PLGV,"MASSEY, JEREMIAH",FTM,Free Throw In,1,-1,-1, ,,,,8,03:00,16,16,
2007,RS,10,113,85,ARI,PBDH,"MOTTOLA, HANNO",2FGA,Missed Two Pointer,0,-358,338,E,,,,8,03:00,16,16,
2007,RS,10,113,93,CIB,PLUI,"HOSKIN, SAM",FTM,Free Throw In,1,-1,-1, ,,,,8,03:00,17,16,
2007,RS,10,113,99,ARI,PLGM,"TSALDARIS, DIMITRIOS",FTM,Free Throw In,1,-1,-1, ,,,,9,02:00,17,17,
2007,RS,10,113,100,ARI,PLGM,"TSALDARIS, DIMITRIOS",FTM,Free Throw In,1,-1,-1, ,,,,9,02:00,17,18,
2007,RS,10,113,103,ARI,PAPI,"KALAITZIS, GEORGIOS",2FGM,Two Pointer,2,-25,56,D,,,,9,02:00,17,20,
2007,RS,10,113,105,CIB,PLUI,"HOSKIN, SAM",2FGM,Two Pointer,2,38,28,C,,,,9,02:00,19,20,
2007,RS,10,113,107,ARI,PBDH,"MOTTOLA, HANNO",2FGM,Two Pointer,2,-25,69,D,,,,10,01:00,19,22,
2007,RS,10,113,111,CIB,PTFE,"KELLEY, TRE",FTM,Free Throw In,1,-1,-1, ,,,,10,01:00,20,22,
2007,RS,10,113,114,ARI,PAPI,"KALAITZIS, GEORGIOS",2FGM,Two Pointer,2,-46,58,D,,,,10,01:00,20,24,
2007,RS,10,113,118,CIB,PKXF,"AYUSO, LARRY",2FGA,Missed Two Pointer,0,-66,58,D,,,,10,01:00,20,24,
2007,RS,10,113,120,ARI,PTEO,"TERRY, REYSHAWN",3FGA,Missed Three Pointer,0,438,533,G,,,,10,01:00,20,24,
2007,RS,10,113,131,CIB,PJDQ,"ANDRIC, LUKSA",2FGM,Two Pointer,2,0,5,D,,,,11,10:00,22,24,
2007,RS,10,113,132,ARI,PTEM,"WRIGHT, BRACEY",2FGM,Two Pointer,2,-484,348,E,,,,11,10:00,22,26,
2007,RS,10,113,133,CIB,PLCC,"WARREN, CHRIS",2FGM,Two Pointer,2,46,-2,C,,,,11,10:00,24,26,
2007,RS,10,113,135,ARI,PTEO,"TERRY, REYSHAWN",3FGM,Three Pointer,3,-666,12,F,,,,12,09:00,24,29,
2007,RS,10,113,142,ARI,PTEM,"WRIGHT, BRACEY",2FGM,Two Pointer,2,112,61,C,,,,12,09:00,24,31,
2007,RS,10,113,143,CIB,PJDQ,"ANDRIC, LUKSA",2FGM,Two Pointer,2,-7,48,D,,,,12,09:00,26,31,
2007,RS,10,113,147,CIB,PKXF,"AYUSO, LARRY",2FGM,Two Pointer,2,-489,46,E,,,,13,08:00,28,31,
2007,RS,10,113,153,ARI,PTEO,"TERRY, REYSHAWN",3FGA,Missed Three Pointer,0,-389,553,J,,,,13,08:00,28,31,
2007,RS,10,113,156,CIB,PKXF,"AYUSO, LARRY",3FGA,Missed Three Pointer,0,-397,535,J,,,,14,07:00,28,31,
2007,RS,10,113,158,CIB,PLUI,"HOSKIN, SAM",2FGA,Missed Two Pointer,0,-346,353,E,,,,14,07:00,28,31,
2007,RS,10,113,160,CIB,PJDQ,"ANDRIC, LUKSA",2FGA,Missed Two Pointer,0,-51,79,D,,,,14,07:00,28,31,
2007,RS,10,113,165,ARI,PAPI,"KALAITZIS, GEORGIOS",FTM,Free Throw In,1,-1,-1, ,,,,14,07:00,28,32,
2007,RS,10,113,173,ARI,PJIX,"AGADAKOS, LAZAROS",2FGA,Missed Two Pointer,0,43,579,H,,,,15,06:00,28,32,
2007,RS,10,113,175,CIB,PKXF,"AYUSO, LARRY",2FGM,Two Pointer,2,-17,66,D,,,,15,06:00,30,32,
2007,RS,10,113,176,ARI,PTEM,"WRIGHT, BRACEY",2FGM,Two Pointer,2,-61,38,D,,,,15,06:00,30,34,
2007,RS,10,113,182,ARI,PTEM,"WRIGHT, BRACEY",3FGA,Missed Three Pointer,0,643,248,A,,,,16,05:00,30,34,
2007,RS,10,113,184,ARI,PJIX,"AGADAKOS, LAZAROS",2FGA,Missed Two Pointer,0,-20,92,D,,,,16,05:00,30,34,
2007,RS,10,113,186,CIB,PTFE,"KELLEY, TRE",2FGA,Missed Two Pointer,0,-58,35,D,,,,16,05:00,30,34,
2007,RS,10,113,188,ARI,PJIX,"AGADAKOS, LAZAROS",2FGM,Two Pointer,2,-28,58,D,,,,16,05:00,30,36,
2007,RS,10,113,193,CIB,PLCC,"WARREN, CHRIS",2FGA,Missed Two Pointer,0,-74,28,D,,,,17,04:00,30,36,
2007,RS,10,113,195,ARI,PAPI,"KALAITZIS, GEORGIOS",2FGM,Two Pointer,2,-25,58,D,,,,17,04:00,30,38,
2007,RS,10,113,196,CIB,PJDQ,"ANDRIC, LUKSA",3FGA,Missed Three Pointer,0,-466,487,J,,,,17,04:00,30,38,
2007,RS,10,113,197,ARI,PLGM,"TSALDARIS, DIMITRIOS",3FGM,Three Pointer,3,-674,76,F,,,,17,04:00,30,41,
2007,RS,10,113,204,CIB,PKXF,"AYUSO, LARRY",FTM,Free Throw In,1,-1,-1, ,,,,18,03:00,31,41,
2007,RS,10,113,205,CIB,PKXF,"AYUSO, LARRY",FTM,Free Throw In,1,-1,-1, ,,,,18,03:00,32,41,
2007,RS,10,113,206,ARI,PTEO,"TERRY, REYSHAWN",2FGM,Two Pointer,2,5,0,C,,,,18,03:00,32,43,
2007,RS,10,113,208,CIB,PKXF,"AYUSO, LARRY",3FGM,Three Pointer,3,-510,471,J,,,,18,03:00,35,43,
2007,RS,10,113,214,ARI,PJIX,"AGADAKOS, LAZAROS",FTM,Free Throw In,1,-1,-1, ,,,,19,02:00,35,44,
2007,RS,10,113,217,CIB,PKXF,"AYUSO, LARRY",3FGA,Missed Three Pointer,0,474,682,G,,,,19,02:00,35,44,
2007,RS,10,113,219,ARI,PJIX,"AGADAKOS, LAZAROS",2FGA,Missed Two Pointer,0,35,87,C,,,,19,02:00,35,44,
2007,RS,10,113,221,CIB,PLCC,"WARREN, CHRIS",2FGM,Two Pointer,2,-53,48,D,,,,19,02:00,37,44,
2007,RS,10,113,229,CIB,PLUI,"HOSKIN, SAM",2FGM,Two Pointer,2,-43,58,D,,,,19,02:00,39,44,
2007,RS,10,113,232,ARI,PLGV,"MASSEY, JEREMIAH",2FGM,Two Pointer,2,-348,243,E,,,,20,01:00,39,46,
2007,RS,10,113,239,ARI,PLGV,"MASSEY, JEREMIAH",2FGM,Two Pointer,2,-35,15,D,,,,20,01:00,39,48,
2007,RS,10,113,246,CIB,PTFE,"KELLEY, TRE",FTM,Free Throw In,1,-1,-1, ,,,,20,01:00,40,48,
2007,RS,10,113,247,CIB,PTFE,"KELLEY, TRE",FTM,Free Throw In,1,-1,-1, ,,,,20,01:00,41,48,
2007,RS,10,113,248,ARI,PTEM,"WRIGHT, BRACEY",3FGA,Missed Three Pointer,0,-546,1069,J,,,,20,01:00,41,48,
2007,RS,10,113,259,CIB,PBCB,"ZORIC, LUKA",2FGM,Two Pointer,2,-458,38,E,,,,21,10:00,43,48,
2007,RS,10,113,261,ARI,PLGM,"TSALDARIS, DIMITRIOS",2FGA,Missed Two Pointer,0,484,256,B,,,,21,10:00,43,48,
2007,RS,10,113,264,CIB,PLCC,"WARREN, CHRIS",3FGM,Three Pointer,3,-658,-89,F,,,,22,09:00,46,48,
2007,RS,10,113,266,ARI,PLGV,"MASSEY, JEREMIAH",2FGM,Two Pointer,2,-210,92,D,,,,22,09:00,46,50,
2007,RS,10,113,267,CIB,PKXF,"AYUSO, LARRY",3FGA,Missed Three Pointer,0,461,510,G,,,,22,09:00,46,50,
2007,RS,10,113,270,ARI,PLGM,"TSALDARIS, DIMITRIOS",3FGM,Three Pointer,3,-423,528,J,,,,23,08:00,46,53,
2007,RS,10,113,272,CIB,PLCC,"WARREN, CHRIS",3FGA,Missed Three Pointer,0,610,364,A,,,,23,08:00,46,53,
2007,RS,10,113,278,ARI,PLGM,"TSALDARIS, DIMITRIOS",FTM,Free Throw In,1,-1,-1, ,,,,23,08:00,46,54,
2007,RS,10,113,279,ARI,PLGM,"TSALDARIS, DIMITRIOS",FTM,Free Throw In,1,-1,-1, ,,,,23,08:00,46,55,
2007,RS,10,113,280,CIB,PLUI,"HOSKIN, SAM",2FGAB,Missed Two Pointer,0,133,187,C,,,,23,08:00,46,55,
2007,RS,10,113,294,CIB,PKXF,"AYUSO, LARRY",2FGM,Two Pointer,2,5,187,C,,,,24,07:00,48,55,
2007,RS,10,113,296,ARI,PBDH,"MOTTOLA, HANNO",2FGA,Missed Two Pointer,0,405,105,B,,,,25,06:00,48,55,
2007,RS,10,113,298,CIB,PKXF,"AYUSO, LARRY",2FGA,Missed Two Pointer,0,-438,292,E,,,,25,06:00,48,55,
2007,RS,10,113,302,ARI,PTEM,"WRIGHT, BRACEY",2FGA,Missed Two Pointer,0,153,30,C,,,,25,06:00,48,55,
2007,RS,10,113,308,ARI,PTEM,"WRIGHT, BRACEY",2FGM,Two Pointer,2,-41,56,D,,,,25,06:00,48,57,
2007,RS,10,113,309,ARI,PTEM,"WRIGHT, BRACEY",FTM,Free Throw In,1,-1,-1, ,,,,25,06:00,48,58,
2007,RS,10,113,315,CIB,PLEE,"KRUSLIN, FILIP",FTM,Free Throw In,1,-1,-1, ,,,,26,05:00,49,58,
2007,RS,10,113,316,CIB,PLEE,"KRUSLIN, FILIP",FTM,Free Throw In,1,-1,-1, ,,,,26,05:00,50,58,
2007,RS,10,113,317,ARI,PBDH,"MOTTOLA, HANNO",2FGAB,Missed Two Pointer,0,-148,151,D,,,,26,05:00,50,58,
2007,RS,10,113,323,ARI,PLGV,"MASSEY, JEREMIAH",3FGA,Missed Three Pointer,0,528,417,A,,,,26,05:00,50,58,
2007,RS,10,113,325,CIB,PLUI,"HOSKIN, SAM",2FGM,Two Pointer,2,-64,107,D,,,,26,05:00,52,58,
2007,RS,10,113,328,ARI,PLGV,"MASSEY, JEREMIAH",2FGA,Missed Two Pointer,0,-123,89,D,,,,27,04:00,52,58,
2007,RS,10,113,330,CIB,PLUI,"HOSKIN, SAM",2FGA,Missed Two Pointer,0,-546,61,E,,,,27,04:00,52,58,
2007,RS,10,113,332,CIB,PLCC,"WARREN, CHRIS",2FGM,Two Pointer,2,38,79,C,,,,27,04:00,54,58,
2007,RS,10,113,344,ARI,PTEO,"TERRY, REYSHAWN",2FGA,Missed Two Pointer,0,130,76,C,,,,27,04:00,54,58,
2007,RS,10,113,348,CIB,PKXF,"AYUSO, LARRY",FTM,Free Throw In,1,-1,-1, ,,,,27,04:00,55,58,
2007,RS,10,113,349,CIB,PKXF,"AYUSO, LARRY",FTM,Free Throw In,1,-1,-1, ,,,,27,04:00,56,58,
2007,RS,10,113,353,CIB,PLCC,"WARREN, CHRIS",2FGM,Two Pointer,2,-2,7,D,,,,28,03:00,58,58,
2007,RS,10,113,354,ARI,PTEO,"TERRY, REYSHAWN",3FGM,Three Pointer,3,558,402,A,,,,28,03:00,58,61,
2007,RS,10,113,358,ARI,PLGV,"MASSEY, JEREMIAH",2FGM,Two Pointer,2,-2,2,D,,,,28,03:00,58,63,
2007,RS,10,113,361,CIB,PLEE,"KRUSLIN, FILIP",3FGA,Missed Three Pointer,0,551,466,G,,,,29,02:00,58,63,
2007,RS,10,113,363,ARI,PTEO,"TERRY, REYSHAWN",3FGA,Missed Three Pointer,0,523,492,G,,,,29,02:00,58,63,
2007,RS,10,113,365,CIB,PLCC,"WARREN, CHRIS",2FGM,Two Pointer,2,87,30,C,,,,29,02:00,60,63,
2007,RS,10,113,366,ARI,PTEM,"WRIGHT, BRACEY",2FGA,Missed Two Pointer,0,625,20,B,,,,29,02:00,60,63,
2007,RS,10,113,373,CIB,PLEE,"KRUSLIN, FILIP",2FGAB,Missed Two Pointer,0,161,56,C,,,,30,01:00,60,63,
2007,RS,10,113,378,ARI,PTEO,"TERRY, REYSHAWN",3FGM,Three Pointer,3,658,133,A,,,,30,01:00,60,66,
2007,RS,10,113,381,CIB,PLCC,"WARREN, CHRIS",FTM,Free Throw In,1,-1,-1, ,,,,30,01:00,61,66,
2007,RS,10,113,382,CIB,PLCC,"WARREN, CHRIS",FTM,Free Throw In,1,-1,-1, ,,,,30,01:00,62,66,
2007,RS,10,113,387,ARI,PTEM,"WRIGHT, BRACEY",FTM,Free Throw In,1,-1,-1, ,,,,30,01:00,62,67,
2007,RS,10,113,388,ARI,PTEM,"WRIGHT, BRACEY",FTM,Free Throw In,1,-1,-1, ,,,,30,01:00,62,68,
2007,RS,10,113,397,CIB,PAON,"KRASIC, BARISA",3FGAB,Missed Three Pointer,0,653,7,A,,,,30,01:00,62,68,
2007,RS,10,113,410,ARI,PLGV,"MASSEY, JEREMIAH",2FGM,Two Pointer,2,-48,46,D,,,,31,10:00,62,70,
2007,RS,10,113,414,ARI,PLGV,"MASSEY, JEREMIAH",FTM,Free Throw In,1,-1,-1, ,,,,31,10:00,62,71,
2007,RS,10,113,424,ARI,PLGV,"MASSEY, JEREMIAH",2FGM,Two Pointer,2,-89,117,D,,,,32,09:00,62,73,
2007,RS,10,113,425,CIB,PKXF,"AYUSO, LARRY",3FGA,Missed Three Pointer,0,402,533,G,,,,32,09:00,62,73,
2007,RS,10,113,432,ARI,PLGM,"TSALDARIS, DIMITRIOS",2FGA,Missed Two Pointer,0,417,392,B,,,,32,09:00,62,73,
2007,RS,10,113,435,CIB,PLCC,"WARREN, CHRIS",3FGM,Three Pointer,3,676,12,A,,,,33,08:00,65,73,
2007,RS,10,113,437,ARI,PLGV,"MASSEY, JEREMIAH",2FGA,Missed Two Pointer,0,-466,92,E,,,,33,08:00,65,73,
2007,RS,10,113,440,CIB,PAON,"KRASIC, BARISA",2FGAB,Missed Two Pointer,0,-92,76,D,,,,34,07:00,65,73,
2007,RS,10,113,444,ARI,PTEM,"WRIGHT, BRACEY",3FGA,Missed Three Pointer,0,-315,638,J,,,,34,07:00,65,73,
2007,RS,10,113,448,CIB,PLCC,"WARREN, CHRIS",3FGM,Three Pointer,3,597,312,A,,,,34,07:00,68,73,
2007,RS,10,113,450,ARI,PTEM,"WRIGHT, BRACEY",3FGA,Missed Three Pointer,0,92,682,G,,,,35,06:00,68,73,
2007,RS,10,113,452,ARI,PTEO,"TERRY, REYSHAWN",3FGA,Missed Three Pointer,0,238,658,G,,,,35,06:00,68,73,
2007,RS,10,113,454,CIB,PKXF,"AYUSO, LARRY",2FGM,Two Pointer,2,64,71,C,,,,35,06:00,70,73,
2007,RS,10,113,460,CIB,PLCC,"WARREN, CHRIS",2FGA,Missed Two Pointer,0,194,35,C,,,,36,05:00,70,73,
2007,RS,10,113,471,ARI,PAPI,"KALAITZIS, GEORGIOS",3FGA,Missed Three Pointer,0,535,420,A,,,,37,04:00,70,73,
2007,RS,10,113,473,ARI,PTEM,"WRIGHT, BRACEY",2FGM,Two Pointer,2,-74,102,D,,,,37,04:00,70,75,
2007,RS,10,113,481,CIB,PTFE,"KELLEY, TRE",3FGA,Missed Three Pointer,0,-671,48,F,,,,37,04:00,70,75,
2007,RS,10,113,484,ARI,PAPI,"KALAITZIS, GEORGIOS",2FGA,Missed Two Pointer,0,-520,79,E,,,,38,03:00,70,75,
2007,RS,10,113,486,ARI,PBDH,"MOTTOLA, HANNO",2FGM,Two Pointer,2,-33,53,D,,,,38,03:00,70,77,
2007,RS,10,113,494,CIB,PKXF,"AYUSO, LARRY",3FGA,Missed Three Pointer,0,-612,374,F,,,,38,03:00,70,77,
2007,RS,10,113,497,ARI,PLGM,"TSALDARIS, DIMITRIOS",3FGM,Three Pointer,3,543,482,G,,,,39,02:00,70,80,
2007,RS,10,113,499,CIB,PLCC,"WARREN, CHRIS",3FGA,Missed Three Pointer,0,-684,274,F,,,,39,02:00,70,80,
2007,RS,10,113,501,ARI,PTEM,"WRIGHT, BRACEY",2FGA,Missed Two Pointer,0,482,-69,B,,,,39,02:00,70,80,
2007,RS,10,113,508,CIB,PLCC,"WARREN, CHRIS",3FGM,Three Pointer,3,-543,361,F,,,,40,01:00,73,80,
2007,RS,10,113,509,ARI,PBDH,"MOTTOLA, HANNO",2FGA,Missed Two Pointer,0,-392,61,E,,,,40,01:00,73,80,
2007,RS,10,113,513,CIB,PLCC,"WARREN, CHRIS",3FGM,Three Pointer,3,-489,484,J,,,,40,01:00,76,80,
2007,RS,10,113,516,ARI,PAPI,"KALAITZIS, GEORGIOS",FTM,Free Throw In,1,-1,-1, ,,,,40,01:00,76,81,
2007,RS,10,113,517,ARI,PAPI,"KALAITZIS, GEORGIOS",FTM,Free Throw In,1,-1,-1, ,,,,40,01:00,76,82,
2007,RS,10,113,525,ARI,PJXV,"CASTLE, TERREL",FTM,Free Throw In,1,-1,-1, ,,,,40,01:00,76,83,
2007,RS,10,113,526,CIB,PTFE,"KELLEY, TRE",3FGA,Missed Three Pointer,0,576,364,A,,,,40,01:00,76,83,
2007,RS,10,114,3,MAL,PAWS,"RODRIGUEZ, BERNI",3FGA,Missed Three Pointer,0,-525,438,J,,,,1,10:00,0,0,
2007,RS,10,114,7,MAL,PAWS,"RODRIGUEZ, BERNI",2FGM,Two Pointer,2,-23,105,D,,,,1,10:00,2,0,
2007,RS,10,114,9,MIL,PAVD,"BOOKER, MELVIN",2FGM,Two Pointer,2,-156,197,D,,,,2,09:00,2,2,
2007,RS,10,114,11,MAL,PAGQ,"WELSCH, JIRI",3FGM,Three Pointer,3,525,402,A,,,,2,09:00,5,2,
2007,RS,10,114,12,MIL,PKNZ,"WATSON, TRAVIS",2FGM,Two Pointer,2,-74,7,D,,,,2,09:00,5,4,
2007,RS,10,114,18,MIL,PAUT,"VUKCEVIC, DUSAN",2FGM,Two Pointer,2,294,461,H,,,,3,08:00,5,6,
2007,RS,10,114,19,MAL,PAGQ,"WELSCH, JIRI",3FGA,Missed Three Pointer,0,682,46,A,,,,3,08:00,5,6,
2007,RS,10,114,22,MIL,PAUT,"VUKCEVIC, DUSAN",3FGM,Three Pointer,3,671,5,A,,,,3,08:00,5,9,
2007,RS,10,114,26,MAL,PAWX,"CABEZAS, CARLOS",3FGM,Three Pointer,3,-307,602,J,,,,4,07:00,8,9,
2007,RS,10,114,27,MIL,PLGS,"SESAY, ANSU",3FGA,Missed Three Pointer,0,-323,600,J,,,,4,07:00,8,9,
2007,RS,10,114,31,MAL,PAWX,"CABEZAS, CARLOS",2FGA,Missed Two Pointer,0,100,79,C,,,,4,07:00,8,9,
2007,RS,10,114,34,MIL,PKNZ,"WATSON, TRAVIS",2FGA,Missed Two Pointer,0,12,256,C,,,,5,06:00,8,9,
2007,RS,10,114,40,MAL,PKMV,"HAISLIP, MARCUS",FTM,Free Throw In,1,-1,-1, ,,,,5,06:00,9,9,
2007,RS,10,114,41,MAL,PKMV,"HAISLIP, MARCUS",FTM,Free Throw In,1,-1,-1, ,,,,5,06:00,10,9,
2007,RS,10,114,42,MIL,PLGS,"SESAY, ANSU",2FGA,Missed Two Pointer,0,-392,289,E,,,,5,06:00,10,9,
2007,RS,10,114,44,MIL,PKRD,"GALLINARI, DANILO",2FGA,Missed Two Pointer,0,58,133,C,,,,5,06:00,10,9,
2007,RS,10,114,46,MIL,PKNZ,"WATSON, TRAVIS",2FGM,Two Pointer,2,46,10,C,,,,5,06:00,10,11,
2007,RS,10,114,48,MAL,PKMV,"HAISLIP, MARCUS",2FGM,Two Pointer,2,-2,0,D,,,,5,06:00,12,11,
2007,RS,10,114,51,MIL,PLGS,"SESAY, ANSU",2FGM,Two Pointer,2,-69,10,D,,,,6,05:00,12,13,
2007,RS,10,114,54,MIL,PAVD,"BOOKER, MELVIN",2FGA,Missed Two Pointer,0,-453,112,E,,,,6,05:00,12,13,
2007,RS,10,114,58,MAL,PTGE,"NDONG, BONIFACE",2FGM,Two Pointer,2,56,23,C,,,,7,04:00,14,13,
2007,RS,10,114,67,MIL,PLGS,"SESAY, ANSU",2FGM,Two Pointer,2,258,51,B,,,,7,04:00,14,15,
2007,RS,10,114,69,MAL,PAWX,"CABEZAS, CARLOS",2FGM,Two Pointer,2,-82,25,D,,,,7,04:00,16,15,
2007,RS,10,114,71,MIL,PTEQ,"ARADORI, PIETRO",2FGA,Missed Two Pointer,0,115,48,C,,,,8,03:00,16,15,
2007,RS,10,114,73,MAL,PAWX,"CABEZAS, CARLOS",2FGA,Missed Two Pointer,0,269,410,B,,,,8,03:00,16,15,
2007,RS,10,114,75,MIL,PLGS,"SESAY, ANSU",3FGA,Missed Three Pointer,0,-15,679,J,,,,8,03:00,16,15,
2007,RS,10,114,77,MIL,PKNZ,"WATSON, TRAVIS",2FGA,Missed Two Pointer,0,-117,20,D,,,,8,03:00,16,15,
2007,RS,10,114,80,MAL,PAWS,"RODRIGUEZ, BERNI",3FGM,Three Pointer,3,-679,20,F,,,,8,03:00,19,15,
2007,RS,10,114,85,MIL,PAUT,"VUKCEVIC, DUSAN",3FGA,Missed Three Pointer,0,-425,528,J,,,,9,02:00,19,15,
2007,RS,10,114,87,MIL,PTEQ,"ARADORI, PIETRO",2FGM,Two Pointer,2,-69,7,D,,,,9,02:00,19,17,
2007,RS,10,114,94,MAL,PBIM,"GABRIEL, GERMAN",FTM,Free Throw In,1,-1,-1, ,,,,9,02:00,20,17,
2007,RS,10,114,95,MAL,PBIM,"GABRIEL, GERMAN",FTM,Free Throw In,1,-1,-1, ,,,,9,02:00,21,17,
2007,RS,10,114,97,MIL,PTEQ,"ARADORI, PIETRO",3FGM,Three Pointer,3,587,328,A,,,,9,02:00,21,20,
2007,RS,10,114,99,MAL,PBIM,"GABRIEL, GERMAN",3FGA,Missed Three Pointer,0,-628,253,F,,,,10,01:00,21,20,
2007,RS,10,114,101,MAL,PLTZ,"SANDERS, MELVIN",3FGA,Missed Three Pointer,0,-623,276,F,,,,10,01:00,21,20,
2007,RS,10,114,107,MAL,PKMV,"HAISLIP, MARCUS",3FGM,Three Pointer,3,-589,333,F,,,,10,01:00,24,20,
2007,RS,10,114,114,MIL,PAUT,"VUKCEVIC, DUSAN",3FGA,Missed Three Pointer,0,-638,258,F,,,,11,10:00,24,20,
2007,RS,10,114,118,MAL,PBOV,"POPOVIC, BOJAN",2FGA,Missed Two Pointer,0,371,212,B,,,,11,10:00,24,20,
2007,RS,10,114,121,MIL,PLGS,"SESAY, ANSU",3FGA,Missed Three Pointer,0,-382,569,J,,,,12,09:00,24,20,
2007,RS,10,114,123,MAL,PKMV,"HAISLIP, MARCUS",3FGA,Missed Three Pointer,0,507,448,G,,,,12,09:00,24,20,
2007,RS,10,114,126,MIL,PTEQ,"ARADORI, PIETRO",2FGM,Two Pointer,2,58,12,C,,,,12,09:00,24,22,
2007,RS,10,114,133,MAL,PAWS,"RODRIGUEZ, BERNI",2FGA,Missed Two Pointer,0,0,64,D,,,,12,09:00,24,22,
2007,RS,10,114,136,MAL,PAWS,"RODRIGUEZ, BERNI",3FGM,Three Pointer,3,-684,-10,F,,,,12,09:00,27,22,
2007,RS,10,114,138,MIL,PCUG,"SHAW, CASEY",2FGM,Two Pointer,2,10,130,C,,,,13,08:00,27,24,
2007,RS,10,114,139,MAL,PAWS,"RODRIGUEZ, BERNI",3FGA,Missed Three Pointer,0,-197,641,J,,,,13,08:00,27,24,
2007,RS,10,114,141,MIL,PKRD,"GALLINARI, DANILO",2FGA,Missed Two Pointer,0,-471,294,E,,,,13,08:00,27,24,
2007,RS,10,114,143,MAL,PBOV,"POPOVIC, BOJAN",2FGM,Two Pointer,2,-58,20,D,,,,13,08:00,29,24,
2007,RS,10,114,156,MAL,PBOV,"POPOVIC, BOJAN",2FGM,Two Pointer,2,56,15,C,,,,14,07:00,31,24,
2007,RS,10,114,157,MIL,PAVD,"BOOKER, MELVIN",2FGA,Missed Two Pointer,0,333,176,B,,,,14,07:00,31,24,
2007,RS,10,114,166,MAL,PAGQ,"WELSCH, JIRI",2FGA,Missed Two Pointer,0,-333,489,I,,,,15,06:00,31,24,
2007,RS,10,114,168,MIL,PKNZ,"WATSON, TRAVIS",2FGM,Two Pointer,2,315,494,H,,,,15,06:00,31,26,
2007,RS,10,114,174,MAL,PAGQ,"WELSCH, JIRI",2FGA,Missed Two Pointer,0,64,12,C,,,,16,05:00,31,26,
2007,RS,10,114,176,MIL,PAVD,"BOOKER, MELVIN",2FGM,Two Pointer,2,-69,7,D,,,,16,05:00,31,28,
2007,RS,10,114,177,MAL,PBIM,"GABRIEL, GERMAN",3FGA,Missed Three Pointer,0,484,461,G,,,,16,05:00,31,28,
2007,RS,10,114,183,MIL,PKRD,"GALLINARI, DANILO",2FGA,Missed Two Pointer,0,-89,138,D,,,,16,05:00,31,28,
2007,RS,10,114,187,MAL,PAGQ,"WELSCH, JIRI",FTM,Free Throw In,1,-1,-1, ,,,,16,05:00,32,28,
2007,RS,10,114,191,MIL,PKNZ,"WATSON, TRAVIS",2FGAB,Missed Two Pointer,0,66,35,C,,,,17,04:00,32,28,
2007,RS,10,114,196,MAL,PBIM,"GABRIEL, GERMAN",3FGM,Three Pointer,3,-346,569,J,,,,17,04:00,35,28,
2007,RS,10,114,197,MIL,PAUT,"VUKCEVIC, DUSAN",2FGA,Missed Two Pointer,0,-130,-5,D,,,,17,04:00,35,28,
2007,RS,10,114,200,MIL,PKNZ,"WATSON, TRAVIS",2FGM,Two Pointer,2,0,5,D,,,,17,04:00,35,30,
2007,RS,10,114,210,MAL,PAGQ,"WELSCH, JIRI",2FGM,Two Pointer,2,-35,66,D,,,,18,03:00,37,30,
2007,RS,10,114,211,MIL,PAUT,"VUKCEVIC, DUSAN",2FGA,Missed Two Pointer,0,453,394,B,,,,18,03:00,37,30,
2007,RS,10,114,220,MIL,PAVD,"BOOKER, MELVIN",FTM,Free Throw In,1,-1,-1, ,,,,18,03:00,37,31,
2007,RS,10,114,221,MIL,PAVD,"BOOKER, MELVIN",FTM,Free Throw In,1,-1,-1, ,,,,18,03:00,37,32,
2007,RS,10,114,229,MAL,PBOV,"POPOVIC, BOJAN",2FGA,Missed Two Pointer,0,-66,25,D,,,,19,02:00,37,32,
2007,RS,10,114,231,MIL,PAUT,"VUKCEVIC, DUSAN",3FGM,Three Pointer,3,-653,112,F,,,,19,02:00,37,35,
2007,RS,10,114,232,MAL,PAWX,"CABEZAS, CARLOS",3FGA,Missed Three Pointer,0,-369,628,J,,,,19,02:00,37,35,
2007,RS,10,114,236,MAL,P000002,"PRESTES, PAULO",FTM,Free Throw In,1,-1,-1, ,,,,19,02:00,38,35,
2007,RS,10,114,237,MAL,P000002,"PRESTES, PAULO",FTM,Free Throw In,1,-1,-1, ,,,,19,02:00,39,35,
2007,RS,10,114,238,MIL,PCUG,"SHAW, CASEY",2FGA,Missed Two Pointer,0,-71,66,D,,,,19,02:00,39,35,
2007,RS,10,114,243,MAL,PAGQ,"WELSCH, JIRI",FTM,Free Throw In,1,-1,-1, ,,,,20,01:00,40,35,
2007,RS,10,114,244,MAL,PAGQ,"WELSCH, JIRI",FTM,Free Throw In,1,-1,-1, ,,,,20,01:00,41,35,
2007,RS,10,114,245,MIL,PTEQ,"ARADORI, PIETRO",2FGM,Two Pointer,2,266,138,B,,,,20,01:00,41,37,
2007,RS,10,114,247,MAL,PAGQ,"WELSCH, JIRI",3FGM,Three Pointer,3,-638,225,F,,,,20,01:00,44,37,
2007,RS,10,114,248,MIL,PAVD,"BOOKER, MELVIN",2FGAB,Missed Two Pointer,0,215,397,B,,,,20,01:00,44,37,
2007,RS,10,114,252,MIL,PAVD,"BOOKER, MELVIN",2FGA,Missed Two Pointer,0,258,56,B,,,,20,01:00,44,37,
2007,RS,10,114,265,MAL,PAWS,"RODRIGUEZ, BERNI",3FGM,Three Pointer,3,546,412,A,,,,21,10:00,47,37,
2007,RS,10,114,268,MIL,PAUT,"VUKCEVIC, DUSAN",FTM,Free Throw In,1,-1,-1, ,,,,21,10:00,47,38,
2007,RS,10,114,269,MIL,PAUT,"VUKCEVIC, DUSAN",FTM,Free Throw In,1,-1,-1, ,,,,21,10:00,47,39,
2007,RS,10,114,273,MIL,PAVD,"BOOKER, MELVIN",2FGM,Two Pointer,2,-410,338,E,,,,22,09:00,47,41,
2007,RS,10,114,274,MAL,PAGQ,"WELSCH, JIRI",2FGM,Two Pointer,2,84,23,C,,,,22,09:00,49,41,
2007,RS,10,114,277,MAL,PAGQ,"WELSCH, JIRI",FTM,Free Throw In,1,-1,-1, ,,,,22,09:00,50,41,
2007,RS,10,114,278,MIL,PAUT,"VUKCEVIC, DUSAN",2FGA,Missed Two Pointer,0,384,294,B,,,,22,09:00,50,41,
2007,RS,10,114,281,MAL,PTGE,"NDONG, BONIFACE",2FGM,Two Pointer,2,5,7,C,,,,22,09:00,52,41,
2007,RS,10,114,283,MIL,PKNZ,"WATSON, TRAVIS",2FGAB,Missed Two Pointer,0,146,46,C,,,,23,08:00,52,41,
2007,RS,10,114,288,MAL,PKMV,"HAISLIP, MARCUS",2FGM,Two Pointer,2,138,28,C,,,,23,08:00,54,41,
2007,RS,10,114,296,MAL,PAWX,"CABEZAS, CARLOS",2FGM,Two Pointer,2,-89,10,D,,,,23,08:00,56,41,
2007,RS,10,114,302,MIL,PAUT,"VUKCEVIC, DUSAN",3FGA,Missed Three Pointer,0,-582,335,F,,,,24,07:00,56,41,
2007,RS,10,114,306,MAL,PKMV,"HAISLIP, MARCUS",2FGA,Missed Two Pointer,0,-66,64,D,,,,24,07:00,56,41,
2007,RS,10,114,310,MAL,PAWX,"CABEZAS, CARLOS",2FGM,Two Pointer,2,58,10,C,,,,24,07:00,58,41,
2007,RS,10,114,316,MAL,PAWS,"RODRIGUEZ, BERNI",2FGM,Two Pointer,2,-76,28,D,,,,24,07:00,60,41,
2007,RS,10,114,324,MIL,PLGS,"SESAY, ANSU",2FGM,Two Pointer,2,69,17,C,,,,25,06:00,60,43,
2007,RS,10,114,332,MAL,PKMV,"HAISLIP, MARCUS",3FGA,Missed Three Pointer,0,-679,-56,F,,,,26,05:00,60,43,
2007,RS,10,114,337,MAL,PTGE,"NDONG, BONIFACE",2FGM,Two Pointer,2,5,2,C,,,,26,05:00,62,43,
2007,RS,10,114,339,MIL,PAUT,"VUKCEVIC, DUSAN",3FGM,Three Pointer,3,-674,-33,F,,,,26,05:00,62,46,
2007,RS,10,114,341,MAL,PAWS,"RODRIGUEZ, BERNI",3FGA,Missed Three Pointer,0,676,23,A,,,,27,04:00,62,46,
2007,RS,10,114,347,MIL,PLGS,"SESAY, ANSU",2FGM,Two Pointer,2,605,-15,B,,,,27,04:00,62,48,
2007,RS,10,114,349,MAL,PAWS,"RODRIGUEZ, BERNI",3FGA,Missed Three Pointer,0,-623,251,F,,,,28,03:00,62,48,
2007,RS,10,114,351,MIL,PLGS,"SESAY, ANSU",2FGM,Two Pointer,2,58,15,C,,,,28,03:00,62,50,
2007,RS,10,114,354,MAL,PAWX,"CABEZAS, CARLOS",3FGM,Three Pointer,3,620,269,A,,,,28,03:00,65,50,
2007,RS,10,114,355,MIL,PLGS,"SESAY, ANSU",3FGM,Three Pointer,3,-484,489,J,,,,28,03:00,65,53,
2007,RS,10,114,364,MIL,PAUT,"VUKCEVIC, DUSAN",FTM,Free Throw In,1,-1,-1, ,,,,29,02:00,65,54,
2007,RS,10,114,368,MAL,PAWS,"RODRIGUEZ, BERNI",3FGM,Three Pointer,3,-382,556,J,,,,29,02:00,68,54,
2007,RS,10,114,370,MIL,PTEQ,"ARADORI, PIETRO",2FGA,Missed Two Pointer,0,5,366,C,,,,30,01:00,68,54,
2007,RS,10,114,375,MAL,PKMV,"HAISLIP, MARCUS",2FGA,Missed Two Pointer,0,-151,71,D,,,,30,01:00,68,54,
2007,RS,10,114,377,MIL,PAUT,"VUKCEVIC, DUSAN",2FGA,Missed Two Pointer,0,-120,2,D,,,,30,01:00,68,54,
2007,RS,10,114,379,MAL,PBOV,"POPOVIC, BOJAN",2FGAB,Missed Two Pointer,0,125,46,C,,,,30,01:00,68,54,
2007,RS,10,114,385,MIL,PAUT,"VUKCEVIC, DUSAN",2FGA,Missed Two Pointer,0,284,7,B,,,,31,10:00,68,54,
2007,RS,10,114,387,MAL,PKMV,"HAISLIP, MARCUS",2FGA,Missed Two Pointer,0,-89,41,D,,,,31,10:00,68,54,
2007,RS,10,114,392,MAL,PLTZ,"SANDERS, MELVIN",3FGM,Three Pointer,3,-679,-30,F,,,,31,10:00,71,54,
2007,RS,10,114,393,MIL,PLGS,"SESAY, ANSU",2FGA,Missed Two Pointer,0,587,15,B,,,,31,10:00,71,54,
2007,RS,10,114,402,MIL,PTEQ,"ARADORI, PIETRO",2FGA,Missed Two Pointer,0,-233,505,I,,,,32,09:00,71,54,
2007,RS,10,114,404,MAL,PLTZ,"SANDERS, MELVIN",3FGM,Three Pointer,3,597,325,A,,,,32,09:00,74,54,
2007,RS,10,114,415,MIL,PLGS,"SESAY, ANSU",3FGM,Three Pointer,3,-564,387,F,,,,33,08:00,74,57,
2007,RS,10,114,417,MAL,PBIM,"GABRIEL, GERMAN",2FGM,Two Pointer,2,71,17,C,,,,33,08:00,76,57,
2007,RS,10,114,425,MAL,PBOV,"POPOVIC, BOJAN",3FGA,Missed Three Pointer,0,351,589,G,,,,34,07:00,76,57,
2007,RS,10,114,427,MIL,PAUT,"VUKCEVIC, DUSAN",2FGM,Two Pointer,2,235,392,B,,,,34,07:00,76,59,
2007,RS,10,114,428,MAL,PLTZ,"SANDERS, MELVIN",3FGA,Missed Three Pointer,0,-43,676,J,,,,34,07:00,76,59,
2007,RS,10,114,438,MAL,PBIM,"GABRIEL, GERMAN",3FGM,Three Pointer,3,643,220,A,,,,35,06:00,79,59,
2007,RS,10,114,439,MIL,PAUT,"VUKCEVIC, DUSAN",3FGA,Missed Three Pointer,0,379,564,G,,,,35,06:00,79,59,
2007,RS,10,114,441,MAL,PAGQ,"WELSCH, JIRI",2FGA,Missed Two Pointer,0,-464,-38,E,,,,35,06:00,79,59,
2007,RS,10,114,444,MIL,PAVD,"BOOKER, MELVIN",3FGA,Missed Three Pointer,0,-684,-20,F,,,,36,05:00,79,59,
2007,RS,10,114,446,MAL,PBOV,"POPOVIC, BOJAN",2FGA,Missed Two Pointer,0,464,323,B,,,,36,05:00,79,59,
2007,RS,10,114,453,MIL,PAUT,"VUKCEVIC, DUSAN",FTM,Free Throw In,1,-1,-1, ,,,,36,05:00,79,60,
2007,RS,10,114,456,MIL,PKNZ,"WATSON, TRAVIS",2FGM,Two Pointer,2,102,12,C,,,,36,05:00,79,62,
2007,RS,10,114,460,MIL,PTEQ,"ARADORI, PIETRO",2FGA,Missed Two Pointer,0,100,107,C,,,,36,05:00,79,62,
2007,RS,10,114,462,MIL,P000664,"KATELYNAS, MINDAUGAS",2FGA,Missed Two Pointer,0,-64,23,D,,,,36,05:00,79,62,
2007,RS,10,114,464,MIL,P000664,"KATELYNAS, MINDAUGAS",2FGA,Missed Two Pointer,0,-48,23,D,,,,36,05:00,79,62,
2007,RS,10,114,467,MAL,PLTZ,"SANDERS, MELVIN",3FGA,Missed Three Pointer,0,674,-25,A,,,,37,04:00,79,62,
2007,RS,10,114,469,MIL,PAVD,"BOOKER, MELVIN",3FGA,Missed Three Pointer,0,-617,276,F,,,,37,04:00,79,62,
2007,RS,10,114,479,MAL,P000002,"PRESTES, PAULO",FTM,Free Throw In,1,-1,-1, ,,,,38,03:00,80,62,
2007,RS,10,114,483,MIL,PKNZ,"WATSON, TRAVIS",FTM,Free Throw In,1,-1,-1, ,,,,38,03:00,80,63,
2007,RS,10,114,484,MAL,PBIM,"GABRIEL, GERMAN",3FGA,Missed Three Pointer,0,-300,594,J,,,,38,03:00,80,63,
2007,RS,10,114,488,MIL,PTEQ,"ARADORI, PIETRO",3FGA,Missed Three Pointer,0,487,489,G,,,,38,03:00,80,63,
2007,RS,10,114,491,MAL,PBOV,"POPOVIC, BOJAN",2FGA,Missed Two Pointer,0,-97,2,D,,,,39,02:00,80,63,
2007,RS,10,114,493,MAL,P000002,"PRESTES, PAULO",2FGM,Two Pointer,2,-69,28,D,,,,39,02:00,82,63,
2007,RS,10,114,495,MIL,P000689,"GIOVACCHINI, ANTHONY",2FGM,Two Pointer,2,-100,33,D,,,,39,02:00,82,65,
2007,RS,10,114,499,MAL,P000002,"PRESTES, PAULO",2FGM,Two Pointer,2,0,5,D,,,,39,02:00,84,65,
2007,RS,10,114,502,MIL,P000664,"KATELYNAS, MINDAUGAS",3FGM,Three Pointer,3,-212,646,J,,,,40,01:00,84,68,
2007,RS,10,114,503,MAL,PLFX,"CHILINSKY, MICHAL",2FGM,Two Pointer,2,-105,23,D,,,,40,01:00,86,68,
2007,RS,10,114,506,MAL,PLFX,"CHILINSKY, MICHAL",FTM,Free Throw In,1,-1,-1, ,,,,40,01:00,87,68,
2007,RS,10,114,507,MIL,PAUT,"VUKCEVIC, DUSAN",2FGM,Two Pointer,2,-64,28,D,,,,40,01:00,87,70,
2007,RS,10,114,508,MAL,P000002,"PRESTES, PAULO",2FGM,Two Pointer,2,69,33,C,,,,40,01:00,89,70,
2007,RS,10,114,509,MIL,P000664,"KATELYNAS, MINDAUGAS",3FGA,Missed Three Pointer,0,666,-25,A,,,,40,01:00,89,70,
2007,RS,10,114,511,MAL,PLTZ,"SANDERS, MELVIN",3FGA,Missed Three Pointer,0,28,1212,G,,,,40,01:00,89,70,
2007,RS,10,115,2,IST,PTFG,"WOODS, LOREN",2FGA,Missed Two Pointer,0,-310,146,E,,,,1,10:00,0,0,
2007,RS,10,115,4,TEL,PCQD,"CUMMINGS, VONTEEGO",2FGM,Two Pointer,2,61,576,H,,,,1,10:00,0,2,
2007,RS,10,115,6,IST,PKOJ,"GREGORY, KENNY",2FGM,Two Pointer,2,-84,17,D,,,,1,10:00,2,2,
2007,RS,10,115,8,TEL,PTFS,"FIZER, MARCUS",2FGA,Missed Two Pointer,0,-235,82,D,,,,2,09:00,2,2,
2007,RS,10,115,10,IST,PBXD,"PENN, JAMES",2FGM,Two Pointer,2,184,92,C,,,,2,09:00,4,2,
2007,RS,10,115,17,IST,PKOJ,"GREGORY, KENNY",2FGM,Two Pointer,2,-23,92,D,,,,2,09:00,6,2,
2007,RS,10,115,20,TEL,PBES,"BLUTHENTHAL, DAVID",3FGM,Three Pointer,3,561,412,A,,,,3,08:00,6,5,
2007,RS,10,115,22,IST,PBXD,"PENN, JAMES",3FGM,Three Pointer,3,-500,538,J,,,,3,08:00,9,5,
2007,RS,10,115,24,TEL,PTFS,"FIZER, MARCUS",2FGM,Two Pointer,2,292,174,B,,,,3,08:00,9,7,
2007,RS,10,115,27,IST,PTFG,"WOODS, LOREN",2FGA,Missed Two Pointer,0,-292,325,E,,,,4,07:00,9,7,
2007,RS,10,115,29,IST,PTFG,"WOODS, LOREN",2FGA,Missed Two Pointer,0,2,156,D,,,,4,07:00,9,7,
2007,RS,10,115,31,IST,PAWN,"GONLUM, KEREM",2FGM,Two Pointer,2,-12,12,D,,,,4,07:00,11,7,
2007,RS,10,115,36,TEL,PLTS,"MORRIS, TERENCE",FTM,Free Throw In,1,-1,-1, ,,,,5,06:00,11,8,
2007,RS,10,115,37,TEL,PLTS,"MORRIS, TERENCE",FTM,Free Throw In,1,-1,-1, ,,,,5,06:00,11,9,
2007,RS,10,115,38,IST,PAWN,"GONLUM, KEREM",2FGAB,Missed Two Pointer,0,-2,112,D,,,,5,06:00,11,9,
2007,RS,10,115,42,TEL,PBES,"BLUTHENTHAL, DAVID",3FGA,Missed Three Pointer,0,679,-48,A,,,,5,06:00,11,9,
2007,RS,10,115,45,TEL,PLTS,"MORRIS, TERENCE",3FGA,Missed Three Pointer,0,112,674,G,,,,5,06:00,11,9,
2007,RS,10,115,47,IST,PKOJ,"GREGORY, KENNY",3FGM,Three Pointer,3,323,589,G,,,,5,06:00,14,9,
2007,RS,10,115,49,TEL,PCQD,"CUMMINGS, VONTEEGO",3FGM,Three Pointer,3,-307,610,J,,,,6,05:00,14,12,
2007,RS,10,115,50,IST,PKSU,"WRIGHT, RASHAD",2FGA,Missed Two Pointer,0,-538,-5,E,,,,6,05:00,14,12,
2007,RS,10,115,57,TEL,PAOZ,"HALPERIN, YOTAM",2FGM,Two Pointer,2,35,156,C,,,,7,04:00,14,14,
2007,RS,10,115,69,IST,PBXD,"PENN, JAMES",FTM,Free Throw In,1,-1,-1, ,,,,8,03:00,15,14,
2007,RS,10,115,70,IST,PBXD,"PENN, JAMES",FTM,Free Throw In,1,-1,-1, ,,,,8,03:00,16,14,
2007,RS,10,115,71,TEL,PAOZ,"HALPERIN, YOTAM",3FGA,Missed Three Pointer,0,-684,-43,F,,,,8,03:00,16,14,
2007,RS,10,115,77,TEL,PBES,"BLUTHENTHAL, DAVID",2FGA,Missed Two Pointer,0,276,58,B,,,,8,03:00,16,14,
2007,RS,10,115,79,IST,PBXD,"PENN, JAMES",2FGM,Two Pointer,2,135,505,H,,,,8,03:00,18,14,
2007,RS,10,115,81,TEL,PLFR,"BYNUM, WILL",3FGA,Missed Three Pointer,0,-479,458,J,,,,9,02:00,18,14,
2007,RS,10,115,83,IST,PKOJ,"GREGORY, KENNY",3FGM,Three Pointer,3,382,571,G,,,,9,02:00,21,14,
2007,RS,10,115,86,TEL,PDHD,"BATISTA, ESTEBAN",2FGA,Missed Two Pointer,0,-135,66,D,,,,9,02:00,21,14,
2007,RS,10,115,88,IST,PARN,"ARSLAN, ENDER",2FGM,Two Pointer,2,-53,38,D,,,,9,02:00,23,14,
2007,RS,10,115,90,TEL,PBES,"BLUTHENTHAL, DAVID",3FGM,Three Pointer,3,700,-17,A,,,,10,01:00,23,17,
2007,RS,10,115,92,IST,PKCH,"HUTSON, ANDRE",2FGA,Missed Two Pointer,0,141,48,C,,,,10,01:00,23,17,
2007,RS,10,115,94,TEL,PAOZ,"HALPERIN, YOTAM",2FGM,Two Pointer,2,564,17,B,,,,10,01:00,23,19,
2007,RS,10,115,96,TEL,PLFR,"BYNUM, WILL",3FGM,Three Pointer,3,25,1133,G,,,,10,01:00,23,22,
2007,RS,10,115,100,TEL,PDHD,"BATISTA, ESTEBAN",2FGM,Two Pointer,2,105,64,C,,,,11,10:00,23,24,
2007,RS,10,115,103,TEL,PLTS,"MORRIS, TERENCE",2FGA,Missed Two Pointer,0,-97,35,D,,,,11,10:00,23,24,
2007,RS,10,115,105,TEL,PDHD,"BATISTA, ESTEBAN",2FGAB,Missed Two Pointer,0,-15,94,D,,,,11,10:00,23,24,
2007,RS,10,115,108,TEL,PLFR,"BYNUM, WILL",2FGA,Missed Two Pointer,0,135,64,C,,,,11,10:00,23,24,
2007,RS,10,115,114,IST,PBKM,"KUQO, ERMAL",2FGA,Missed Two Pointer,0,64,117,C,,,,12,09:00,23,24,
2007,RS,10,115,120,TEL,PDHD,"BATISTA, ESTEBAN",2FGAB,Missed Two Pointer,0,-2,107,D,,,,12,09:00,23,24,
2007,RS,10,115,125,TEL,PLTS,"MORRIS, TERENCE",2FGM,Two Pointer,2,0,10,D,,,,12,09:00,23,26,
2007,RS,10,115,131,TEL,PDHD,"BATISTA, ESTEBAN",FTM,Free Throw In,1,-1,-1, ,,,,13,08:00,23,27,
2007,RS,10,115,134,IST,PKCH,"HUTSON, ANDRE",2FGA,Missed Two Pointer,0,33,148,C,,,,13,08:00,23,27,
2007,RS,10,115,136,TEL,PDHD,"BATISTA, ESTEBAN",2FGM,Two Pointer,2,-51,20,D,,,,13,08:00,23,29,
2007,RS,10,115,139,IST,PARN,"ARSLAN, ENDER",3FGA,Missed Three Pointer,0,397,556,G,,,,14,07:00,23,29,
2007,RS,10,115,148,IST,PKCH,"HUTSON, ANDRE",2FGM,Two Pointer,2,-7,464,I,,,,14,07:00,25,29,
2007,RS,10,115,150,TEL,PLFR,"BYNUM, WILL",3FGA,Missed Three Pointer,0,-341,571,J,,,,15,06:00,25,29,
2007,RS,10,115,158,IST,PKCH,"HUTSON, ANDRE",FTM,Free Throw In,1,-1,-1, ,,,,15,06:00,26,29,
2007,RS,10,115,161,TEL,PLFR,"BYNUM, WILL",2FGM,Two Pointer,2,92,30,C,,,,15,06:00,26,31,
2007,RS,10,115,162,IST,PBXD,"PENN, JAMES",2FGM,Two Pointer,2,-176,156,D,,,,15,06:00,28,31,
2007,RS,10,115,164,TEL,PCQD,"CUMMINGS, VONTEEGO",3FGA,Missed Three Pointer,0,120,779,G,,,,16,05:00,28,31,
2007,RS,10,115,166,TEL,PDHD,"BATISTA, ESTEBAN",2FGM,Two Pointer,2,76,35,C,,,,16,05:00,28,33,
2007,RS,10,115,170,IST,PBXD,"PENN, JAMES",FTM,Free Throw In,1,-1,-1, ,,,,16,05:00,29,33,
2007,RS,10,115,172,TEL,PBES,"BLUTHENTHAL, DAVID",3FGA,Missed Three Pointer,0,-669,-33,F,,,,17,04:00,29,33,
2007,RS,10,115,177,TEL,PDHD,"BATISTA, ESTEBAN",2FGM,Two Pointer,2,-87,33,D,,,,17,04:00,29,35,
2007,RS,10,115,192,IST,PKSU,"WRIGHT, RASHAD",3FGA,Missed Three Pointer,0,-135,679,J,,,,17,04:00,29,35,
2007,RS,10,115,196,IST,PKSU,"WRIGHT, RASHAD",2FGA,Missed Two Pointer,0,-446,241,E,,,,18,03:00,29,35,
2007,RS,10,115,198,TEL,P000615,"GARCIA, ALEX",3FGM,Three Pointer,3,633,305,A,,,,18,03:00,29,38,
2007,RS,10,115,206,TEL,PLFR,"BYNUM, WILL",3FGA,Missed Three Pointer,0,-192,669,J,,,,18,03:00,29,38,
2007,RS,10,115,209,IST,PBXD,"PENN, JAMES",3FGM,Three Pointer,3,-223,658,J,,,,19,02:00,32,38,
2007,RS,10,115,211,TEL,PLFR,"BYNUM, WILL",3FGM,Three Pointer,3,297,605,G,,,,19,02:00,32,41,
2007,RS,10,115,213,IST,PBXD,"PENN, JAMES",2FGM,Two Pointer,2,-105,7,D,,,,19,02:00,34,41,
2007,RS,10,115,217,TEL,P000615,"GARCIA, ALEX",2FGM,Two Pointer,2,-492,15,E,,,,20,01:00,34,43,
2007,RS,10,115,218,IST,PKOJ,"GREGORY, KENNY",2FGA,Missed Two Pointer,0,-107,92,D,,,,20,01:00,34,43,
2007,RS,10,115,225,TEL,PAOZ,"HALPERIN, YOTAM",FTM,Free Throw In,1,-1,-1, ,,,,20,01:00,34,44,
2007,RS,10,115,226,TEL,PAOZ,"HALPERIN, YOTAM",FTM,Free Throw In,1,-1,-1, ,,,,20,01:00,34,45,
2007,RS,10,115,227,IST,PKCH,"HUTSON, ANDRE",2FGA,Missed Two Pointer,0,-243,76,D,,,,20,01:00,34,45,
2007,RS,10,115,229,TEL,PAOZ,"HALPERIN, YOTAM",2FGA,Missed Two Pointer,0,-138,76,D,,,,20,01:00,34,45,
2007,RS,10,115,231,TEL,PDHD,"BATISTA, ESTEBAN",2FGA,Missed Two Pointer,0,-2,117,D,,,,20,01:00,34,45,
2007,RS,10,115,233,TEL,PLTS,"MORRIS, TERENCE",2FGA,Missed Two Pointer,0,-23,112,D,,,,20,01:00,34,45,
2007,RS,10,115,246,IST,PAWN,"GONLUM, KEREM",2FGA,Missed Two Pointer,0,30,125,C,,,,21,10:00,34,45,
2007,RS,10,115,251,TEL,PTFS,"FIZER, MARCUS",2FGM,Two Pointer,2,-15,89,D,,,,21,10:00,34,47,
2007,RS,10,115,253,IST,PKOJ,"GREGORY, KENNY",2FGA,Missed Two Pointer,0,435,58,B,,,,22,09:00,34,47,
2007,RS,10,115,255,TEL,PLTS,"MORRIS, TERENCE",3FGM,Three Pointer,3,243,643,G,,,,22,09:00,34,50,
2007,RS,10,115,257,IST,PBXD,"PENN, JAMES",3FGA,Missed Three Pointer,0,194,741,G,,,,22,09:00,34,50,
2007,RS,10,115,259,IST,PKOJ,"GREGORY, KENNY",2FGM,Two Pointer,2,-10,7,D,,,,22,09:00,36,50,
2007,RS,10,115,263,IST,PBXD,"PENN, JAMES",2FGM,Two Pointer,2,102,69,C,,,,23,08:00,38,50,
2007,RS,10,115,264,TEL,PCQD,"CUMMINGS, VONTEEGO",3FGA,Missed Three Pointer,0,102,705,G,,,,23,08:00,38,50,
2007,RS,10,115,269,TEL,PAOZ,"HALPERIN, YOTAM",3FGM,Three Pointer,3,679,-35,A,,,,24,07:00,38,53,
2007,RS,10,115,287,IST,PAWN,"GONLUM, KEREM",2FGA,Missed Two Pointer,0,-92,89,D,,,,25,06:00,38,53,
2007,RS,10,115,294,IST,PTFG,"WOODS, LOREN",FTM,Free Throw In,1,-1,-1, ,,,,25,06:00,39,53,
2007,RS,10,115,295,TEL,PDHD,"BATISTA, ESTEBAN",2FGA,Missed Two Pointer,0,-110,48,D,,,,25,06:00,39,53,
2007,RS,10,115,297,IST,PBXD,"PENN, JAMES",3FGA,Missed Three Pointer,0,335,620,G,,,,25,06:00,39,53,
2007,RS,10,115,301,IST,PTFG,"WOODS, LOREN",FTM,Free Throw In,1,-1,-1, ,,,,26,05:00,40,53,
2007,RS,10,115,302,IST,PTFG,"WOODS, LOREN",FTM,Free Throw In,1,-1,-1, ,,,,26,05:00,41,53,
2007,RS,10,115,309,IST,PBXD,"PENN, JAMES",FTM,Free Throw In,1,-1,-1, ,,,,26,05:00,42,53,
2007,RS,10,115,310,IST,PBXD,"PENN, JAMES",FTM,Free Throw In,1,-1,-1, ,,,,26,05:00,43,53,
2007,RS,10,115,311,IST,PBKM,"KUQO, ERMAL",2FGM,Two Pointer,2,-107,79,D,,,,26,05:00,45,53,
2007,RS,10,115,312,TEL,PAOZ,"HALPERIN, YOTAM",3FGM,Three Pointer,3,656,248,A,,,,26,05:00,45,56,
2007,RS,10,115,315,IST,PARN,"ARSLAN, ENDER",2FGA,Missed Two Pointer,0,248,92,C,,,,27,04:00,45,56,
2007,RS,10,115,319,TEL,PBES,"BLUTHENTHAL, DAVID",2FGA,Missed Two Pointer,0,-392,346,E,,,,27,04:00,45,56,
2007,RS,10,115,322,TEL,PLTS,"MORRIS, TERENCE",2FGM,Two Pointer,2,-2,7,D,,,,28,03:00,45,58,
2007,RS,10,115,324,IST,PBKM,"KUQO, ERMAL",3FGA,Missed Three Pointer,0,-405,541,J,,,,28,03:00,45,58,
2007,RS,10,115,327,IST,PTFG,"WOODS, LOREN",FTM,Free Throw In,1,-1,-1, ,,,,28,03:00,46,58,
2007,RS,10,115,330,TEL,PLTS,"MORRIS, TERENCE",3FGA,Missed Three Pointer,0,74,692,G,,,,28,03:00,46,58,
2007,RS,10,115,332,IST,PTFG,"WOODS, LOREN",2FGM,Two Pointer,2,-15,10,D,,,,28,03:00,48,58,
2007,RS,10,115,341,TEL,PLFR,"BYNUM, WILL",2FGM,Two Pointer,2,82,15,C,,,,29,02:00,48,60,
2007,RS,10,115,343,IST,PBXD,"PENN, JAMES",3FGM,Three Pointer,3,-300,610,J,,,,29,02:00,51,60,
2007,RS,10,115,354,IST,PBXD,"PENN, JAMES",FTM,Free Throw In,1,-1,-1, ,,,,29,02:00,52,60,
2007,RS,10,115,358,TEL,PLFR,"BYNUM, WILL",2FGM,Two Pointer,2,71,312,C,,,,30,01:00,52,62,
2007,RS,10,115,363,IST,PKCH,"HUTSON, ANDRE",FTM,Free Throw In,1,-1,-1, ,,,,30,01:00,53,62,
2007,RS,10,115,364,IST,PKCH,"HUTSON, ANDRE",FTM,Free Throw In,1,-1,-1, ,,,,30,01:00,54,62,
2007,RS,10,115,370,IST,PARN,"ARSLAN, ENDER",2FGA,Missed Two Pointer,0,17,146,C,,,,30,01:00,54,62,
2007,RS,10,115,372,IST,PKCH,"HUTSON, ANDRE",2FGA,Missed Two Pointer,0,-100,64,D,,,,30,01:00,54,62,
2007,RS,10,115,377,TEL,PLFR,"BYNUM, WILL",2FGA,Missed Two Pointer,0,-241,384,E,,,,31,10:00,54,62,
2007,RS,10,115,379,TEL,PTFS,"FIZER, MARCUS",2FGM,Two Pointer,2,-2,543,I,,,,31,10:00,54,64,
2007,RS,10,115,380,IST,PARN,"ARSLAN, ENDER",3FGA,Missed Three Pointer,0,217,658,G,,,,31,10:00,54,64,
2007,RS,10,115,382,TEL,PAOZ,"HALPERIN, YOTAM",2FGA,Missed Two Pointer,0,-566,-23,E,,,,31,10:00,54,64,
2007,RS,10,115,386,TEL,PTFS,"FIZER, MARCUS",2FGM,Two Pointer,2,-330,220,E,,,,31,10:00,54,66,
2007,RS,10,115,390,IST,PARN,"ARSLAN, ENDER",3FGA,Missed Three Pointer,0,-666,115,F,,,,32,09:00,54,66,
2007,RS,10,115,392,TEL,PLTS,"MORRIS, TERENCE",3FGM,Three Pointer,3,-433,551,J,,,,32,09:00,54,69,
2007,RS,10,115,399,IST,PKSU,"WRIGHT, RASHAD",3FGM,Three Pointer,3,579,376,A,,,,33,08:00,57,69,
2007,RS,10,115,401,TEL,PTFS,"FIZER, MARCUS",3FGM,Three Pointer,3,-571,474,J,,,,33,08:00,57,72,
2007,RS,10,115,403,IST,PKOJ,"GREGORY, KENNY",2FGM,Two Pointer,2,-489,305,E,,,,33,08:00,59,72,
2007,RS,10,115,410,TEL,PTFS,"FIZER, MARCUS",2FGM,Two Pointer,2,453,107,B,,,,34,07:00,59,74,
2007,RS,10,115,411,IST,PKSU,"WRIGHT, RASHAD",2FGA,Missed Two Pointer,0,215,89,C,,,,34,07:00,59,74,
2007,RS,10,115,416,TEL,PTFS,"FIZER, MARCUS",2FGA,Missed Two Pointer,0,-164,120,D,,,,34,07:00,59,74,
2007,RS,10,115,418,TEL,PLTS,"MORRIS, TERENCE",2FGM,Two Pointer,2,-10,135,D,,,,34,07:00,59,76,
2007,RS,10,115,422,IST,PKCH,"HUTSON, ANDRE",FTM,Free Throw In,1,-1,-1, ,,,,35,06:00,60,76,
2007,RS,10,115,423,IST,PKCH,"HUTSON, ANDRE",FTM,Free Throw In,1,-1,-1, ,,,,35,06:00,61,76,
2007,RS,10,115,426,TEL,PLTS,"MORRIS, TERENCE",2FGA,Missed Two Pointer,0,171,110,C,,,,35,06:00,61,76,
2007,RS,10,115,428,TEL,PLTS,"MORRIS, TERENCE",2FGA,Missed Two Pointer,0,76,38,C,,,,35,06:00,61,76,
2007,RS,10,115,430,IST,PBXD,"PENN, JAMES",2FGM,Two Pointer,2,84,69,C,,,,35,06:00,63,76,
2007,RS,10,115,433,TEL,PAOU,"SHARP, DERRICK",3FGA,Missed Three Pointer,0,671,105,A,,,,36,05:00,63,76,
2007,RS,10,115,443,TEL,PTFS,"FIZER, MARCUS",FTM,Free Throw In,1,-1,-1, ,,,,37,04:00,63,77,
2007,RS,10,115,446,IST,PBXD,"PENN, JAMES",2FGA,Missed Two Pointer,0,228,166,C,,,,37,04:00,63,77,
2007,RS,10,115,448,TEL,PTFS,"FIZER, MARCUS",3FGA,Missed Three Pointer,0,-15,671,J,,,,37,04:00,63,77,
2007,RS,10,115,452,IST,PBKM,"KUQO, ERMAL",3FGA,Missed Three Pointer,0,-338,587,J,,,,37,04:00,63,77,
2007,RS,10,115,455,TEL,PTFS,"FIZER, MARCUS",2FGA,Missed Two Pointer,0,2,215,D,,,,38,03:00,63,77,
2007,RS,10,115,457,TEL,PLTS,"MORRIS, TERENCE",2FGA,Missed Two Pointer,0,-387,82,E,,,,38,03:00,63,77,
2007,RS,10,115,459,IST,PKOJ,"GREGORY, KENNY",2FGAB,Missed Two Pointer,0,-38,112,D,,,,38,03:00,63,77,
2007,RS,10,115,468,IST,PKCH,"HUTSON, ANDRE",FTM,Free Throw In,1,-1,-1, ,,,,38,03:00,64,77,
2007,RS,10,115,469,IST,PKCH,"HUTSON, ANDRE",FTM,Free Throw In,1,-1,-1, ,,,,38,03:00,65,77,
2007,RS,10,115,471,IST,PBXD,"PENN, JAMES",3FGM,Three Pointer,3,279,720,G,,,,38,03:00,68,77,
2007,RS,10,115,474,TEL,PLFR,"BYNUM, WILL",2FGA,Missed Two Pointer,0,35,564,H,,,,39,02:00,68,77,
2007,RS,10,115,476,IST,PBXD,"PENN, JAMES",3FGA,Missed Three Pointer,0,-484,551,J,,,,39,02:00,68,77,
2007,RS,10,115,481,IST,PKCH,"HUTSON, ANDRE",2FGA,Missed Two Pointer,0,5,207,C,,,,39,02:00,68,77,
2007,RS,10,115,485,TEL,PLTS,"MORRIS, TERENCE",FTM,Free Throw In,1,-1,-1, ,,,,39,02:00,68,78,
2007,RS,10,115,486,TEL,PLTS,"MORRIS, TERENCE",FTM,Free Throw In,1,-1,-1, ,,,,39,02:00,68,79,
2007,RS,10,115,490,IST,PKSU,"WRIGHT, RASHAD",3FGA,Missed Three Pointer,0,684,-43,A,,,,39,02:00,68,79,
2007,RS,10,115,495,TEL,PLFR,"BYNUM, WILL",FTM,Free Throw In,1,-1,-1, ,,,,40,01:00,68,80,
2007,RS,10,115,496,TEL,PLFR,"BYNUM, WILL",FTM,Free Throw In,1,-1,-1, ,,,,40,01:00,68,81,
2007,RS,10,115,497,IST,PBKM,"KUQO, ERMAL",3FGA,Missed Three Pointer,0,425,551,G,,,,40,01:00,68,81,
2007,RS,10,115,499,TEL,PTFS,"FIZER, MARCUS",2FGM,Two Pointer,2,169,51,C,,,,40,01:00,68,83,
2007,RS,10,115,500,IST,PKSU,"WRIGHT, RASHAD",2FGA,Missed Two Pointer,0,97,71,C,,,,40,01:00,68,83,
2007,RS,10,116,2,LEM,PDID,"LIMONAD, RAVIV",2FGA,Missed Two Pointer,0,156,112,C,,,,1,10:00,0,0,
2007,RS,10,116,4,LEM,PKZD,"CLANCY, SAM",2FGA,Missed Two Pointer,0,7,158,C,,,,1,10:00,0,0,
2007,RS,10,116,6,LIE,PBUU,"LUKAUSKIS, MINDAUGAS",2FGA,Missed Two Pointer,0,123,79,C,,,,1,10:00,0,0,
2007,RS,10,116,8,LEM,PKZD,"CLANCY, SAM",2FGA,Missed Two Pointer,0,102,174,C,,,,1,10:00,0,0,
2007,RS,10,116,11,LIE,PJZN,"PETRAVICIUS, MARIJONAS",2FGM,Two Pointer,2,69,87,C,,,,2,09:00,2,0,
2007,RS,10,116,15,LIE,PJZN,"PETRAVICIUS, MARIJONAS",FTM,Free Throw In,1,-1,-1, ,,,,2,09:00,3,0,
2007,RS,10,116,16,LEM,PKZD,"CLANCY, SAM",2FGM,Two Pointer,2,-51,38,D,,,,2,09:00,3,2,
2007,RS,10,116,24,LEM,PTFK,"DIOT, ANTOINE",2FGM,Two Pointer,2,-58,17,D,,,,3,08:00,3,4,
2007,RS,10,116,26,LIE,PCOH,"PRICE, HOLLIS",3FGA,Missed Three Pointer,0,-302,584,J,,,,3,08:00,3,4,
2007,RS,10,116,30,LIE,PJRD,"NIELSEN, MATT",2FGA,Missed Two Pointer,0,-84,112,D,,,,3,08:00,3,4,
2007,RS,10,116,35,LIE,PJRD,"NIELSEN, MATT",2FGM,Two Pointer,2,-48,35,D,,,,4,07:00,5,4,
2007,RS,10,116,37,LEM,PTFJ,"RICCI, PHIL",2FGM,Two Pointer,2,-66,35,D,,,,4,07:00,5,6,
2007,RS,10,116,38,LIE,PJRD,"NIELSEN, MATT",2FGM,Two Pointer,2,-64,187,D,,,,4,07:00,7,6,
2007,RS,10,116,46,LEM,PTFJ,"RICCI, PHIL",2FGA,Missed Two Pointer,0,-12,0,D,,,,5,06:00,7,6,
2007,RS,10,116,48,LIE,PLOC,"EIDSON, CHUCK",3FGM,Three Pointer,3,571,364,A,,,,5,06:00,10,6,
2007,RS,10,116,53,LEM,PDID,"LIMONAD, RAVIV",FTM,Free Throw In,1,-1,-1, ,,,,6,05:00,10,7,
2007,RS,10,116,56,LIE,PLOC,"EIDSON, CHUCK",2FGM,Two Pointer,2,246,400,B,,,,6,05:00,12,7,
2007,RS,10,116,57,LEM,PDID,"LIMONAD, RAVIV",2FGA,Missed Two Pointer,0,125,182,C,,,,6,05:00,12,7,
2007,RS,10,116,63,LIE,PJZN,"PETRAVICIUS, MARIJONAS",FTM,Free Throw In,1,-1,-1, ,,,,6,05:00,13,7,
2007,RS,10,116,66,LEM,PTFJ,"RICCI, PHIL",2FGAB,Missed Two Pointer,0,-43,66,D,,,,6,05:00,13,7,
2007,RS,10,116,70,LIE,PJRD,"NIELSEN, MATT",2FGM,Two Pointer,2,7,15,C,,,,6,05:00,15,7,
2007,RS,10,116,72,LEM,PTFK,"DIOT, ANTOINE",2FGA,Missed Two Pointer,0,135,266,C,,,,7,04:00,15,7,
2007,RS,10,116,74,LIE,PJZN,"PETRAVICIUS, MARIJONAS",2FGM,Two Pointer,2,-33,123,D,,,,7,04:00,17,7,
2007,RS,10,116,79,LEM,PCHZ,"BOGDANOVIC, LUKA",2FGA,Missed Two Pointer,0,164,317,C,,,,7,04:00,17,7,
2007,RS,10,116,82,LIE,PJZN,"PETRAVICIUS, MARIJONAS",2FGA,Missed Two Pointer,0,-87,35,D,,,,8,03:00,17,7,
2007,RS,10,116,84,LEM,PCOC,"BOKOLO, YANNICK",3FGA,Missed Three Pointer,0,276,605,G,,,,8,03:00,17,7,
2007,RS,10,116,86,LIE,PLOC,"EIDSON, CHUCK",2FGM,Two Pointer,2,-5,71,D,,,,8,03:00,19,7,
2007,RS,10,116,88,LEM,PKZD,"CLANCY, SAM",2FGAB,Missed Two Pointer,0,2,64,D,,,,9,02:00,19,7,
2007,RS,10,116,97,LEM,PKZD,"CLANCY, SAM",FTM,Free Throw In,1,-1,-1, ,,,,9,02:00,19,8,
2007,RS,10,116,102,LEM,PKZD,"CLANCY, SAM",2FGM,Two Pointer,2,-5,-7,D,,,,9,02:00,19,10,
2007,RS,10,116,104,LIE,PJZN,"PETRAVICIUS, MARIJONAS",2FGM,Two Pointer,2,-33,33,D,,,,9,02:00,21,10,
2007,RS,10,116,107,LEM,PDID,"LIMONAD, RAVIV",3FGA,Missed Three Pointer,0,223,620,G,,,,10,01:00,21,10,
2007,RS,10,116,109,LIE,PBUU,"LUKAUSKIS, MINDAUGAS",2FGM,Two Pointer,2,-533,53,E,,,,10,01:00,23,10,
2007,RS,10,116,113,LEM,PCHZ,"BOGDANOVIC, LUKA",2FGA,Missed Two Pointer,0,-92,102,D,,,,10,01:00,23,10,
2007,RS,10,116,121,LIE,PLOC,"EIDSON, CHUCK",3FGA,Missed Three Pointer,0,74,658,G,,,,11,10:00,23,10,
2007,RS,10,116,130,LEM,PKZD,"CLANCY, SAM",2FGA,Missed Two Pointer,0,-130,297,D,,,,11,10:00,23,10,
2007,RS,10,116,132,LIE,PCOH,"PRICE, HOLLIS",3FGM,Three Pointer,3,410,533,G,,,,11,10:00,26,10,
2007,RS,10,116,134,LEM,PDID,"LIMONAD, RAVIV",2FGA,Missed Two Pointer,0,253,523,H,,,,12,09:00,26,10,
2007,RS,10,116,136,LIE,PKNS,"JOMANTAS, ARTURAS",2FGM,Two Pointer,2,87,43,C,,,,12,09:00,28,10,
2007,RS,10,116,138,LEM,PCOB,"KOFFI, ALAIN",2FGM,Two Pointer,2,-120,58,D,,,,12,09:00,28,12,
2007,RS,10,116,146,LEM,PLGQ,"LELOUP, JEREMY",3FGA,Missed Three Pointer,0,-256,633,J,,,,13,08:00,28,12,
2007,RS,10,116,150,LEM,PCOB,"KOFFI, ALAIN",2FGA,Missed Two Pointer,0,-276,292,E,,,,13,08:00,28,12,
2007,RS,10,116,154,LIE,PLML,"BATISTA, JOAO PAULO",2FGA,Missed Two Pointer,0,107,194,C,,,,13,08:00,28,12,
2007,RS,10,116,156,LIE,PLML,"BATISTA, JOAO PAULO",2FGM,Two Pointer,2,92,82,C,,,,13,08:00,30,12,
2007,RS,10,116,158,LEM,PCOB,"KOFFI, ALAIN",2FGM,Two Pointer,2,-5,-2,D,,,,14,07:00,30,14,
2007,RS,10,116,168,LIE,PBUU,"LUKAUSKIS, MINDAUGAS",3FGM,Three Pointer,3,179,648,G,,,,14,07:00,33,14,
2007,RS,10,116,170,LEM,PTFK,"DIOT, ANTOINE",3FGA,Missed Three Pointer,0,-538,420,F,,,,14,07:00,33,14,
2007,RS,10,116,183,LIE,PTFL,"BAJRAMOVIC, KENAN",3FGA,Missed Three Pointer,0,664,30,A,,,,15,06:00,33,14,
2007,RS,10,116,195,LEM,PTFK,"DIOT, ANTOINE",2FGM,Two Pointer,2,-187,241,D,,,,16,05:00,33,16,
2007,RS,10,116,196,LIE,PBUU,"LUKAUSKIS, MINDAUGAS",3FGM,Three Pointer,3,338,592,G,,,,16,05:00,36,16,
2007,RS,10,116,197,LEM,PCHZ,"BOGDANOVIC, LUKA",2FGM,Two Pointer,2,-379,48,E,,,,16,05:00,36,18,
2007,RS,10,116,198,LIE,PKNS,"JOMANTAS, ARTURAS",2FGA,Missed Two Pointer,0,-38,28,D,,,,16,05:00,36,18,
2007,RS,10,116,200,LIE,PLML,"BATISTA, JOAO PAULO",2FGM,Two Pointer,2,38,71,C,,,,16,05:00,38,18,
2007,RS,10,116,206,LIE,PBUU,"LUKAUSKIS, MINDAUGAS",3FGM,Three Pointer,3,-307,605,J,,,,17,04:00,41,18,
2007,RS,10,116,209,LEM,PTFJ,"RICCI, PHIL",2FGM,Two Pointer,2,128,15,C,,,,18,03:00,41,20,
2007,RS,10,116,220,LEM,PDID,"LIMONAD, RAVIV",FTM,Free Throw In,1,-1,-1, ,,,,19,02:00,41,21,
2007,RS,10,116,221,LEM,PDID,"LIMONAD, RAVIV",FTM,Free Throw In,1,-1,-1, ,,,,19,02:00,41,22,
2007,RS,10,116,222,LIE,PLML,"BATISTA, JOAO PAULO",2FGM,Two Pointer,2,56,20,C,,,,19,02:00,43,22,
2007,RS,10,116,224,LEM,PTFJ,"RICCI, PHIL",2FGM,Two Pointer,2,28,82,C,,,,19,02:00,43,24,
2007,RS,10,116,225,LIE,PLML,"BATISTA, JOAO PAULO",2FGM,Two Pointer,2,-41,66,D,,,,19,02:00,45,24,
2007,RS,10,116,228,LIE,PLML,"BATISTA, JOAO PAULO",FTM,Free Throw In,1,-1,-1, ,,,,19,02:00,46,24,
2007,RS,10,116,235,LEM,PCOC,"BOKOLO, YANNICK",2FGA,Missed Two Pointer,0,-82,30,D,,,,19,02:00,46,24,
2007,RS,10,116,237,LIE,PKNS,"JOMANTAS, ARTURAS",2FGM,Two Pointer,2,-12,123,D,,,,19,02:00,48,24,
2007,RS,10,116,240,LEM,PCHZ,"BOGDANOVIC, LUKA",2FGA,Missed Two Pointer,0,84,397,C,,,,20,01:00,48,24,
2007,RS,10,116,242,LIE,PBUX,"SLEZAS, ANDRIUS",3FGA,Missed Three Pointer,0,-294,594,J,,,,20,01:00,48,24,
2007,RS,10,116,243,LEM,PDID,"LIMONAD, RAVIV",2FGM,Two Pointer,2,-64,74,D,,,,20,01:00,48,26,
2007,RS,10,116,260,LEM,PTFK,"DIOT, ANTOINE",3FGA,Missed Three Pointer,0,423,517,G,,,,21,10:00,48,26,
2007,RS,10,116,262,LIE,PLOC,"EIDSON, CHUCK",2FGA,Missed Two Pointer,0,287,466,H,,,,21,10:00,48,26,
2007,RS,10,116,264,LEM,PDID,"LIMONAD, RAVIV",2FGM,Two Pointer,2,-69,112,D,,,,21,10:00,48,28,
2007,RS,10,116,270,LIE,PCOH,"PRICE, HOLLIS",2FGA,Missed Two Pointer,0,-128,87,D,,,,22,09:00,48,28,
2007,RS,10,116,272,LEM,PCHZ,"BOGDANOVIC, LUKA",2FGA,Missed Two Pointer,0,205,292,C,,,,22,09:00,48,28,
2007,RS,10,116,274,LEM,PKZD,"CLANCY, SAM",2FGAB,Missed Two Pointer,0,-61,133,D,,,,22,09:00,48,28,
2007,RS,10,116,280,LIE,PCOH,"PRICE, HOLLIS",2FGA,Missed Two Pointer,0,-158,264,D,,,,22,09:00,48,28,
2007,RS,10,116,282,LEM,PKZD,"CLANCY, SAM",2FGM,Two Pointer,2,33,146,C,,,,22,09:00,48,30,
2007,RS,10,116,288,LIE,PCOH,"PRICE, HOLLIS",3FGM,Three Pointer,3,-438,525,J,,,,23,08:00,51,30,
2007,RS,10,116,290,LEM,PCHZ,"BOGDANOVIC, LUKA",2FGM,Two Pointer,2,220,258,B,,,,23,08:00,51,32,
2007,RS,10,116,292,LIE,PJRD,"NIELSEN, MATT",3FGM,Three Pointer,3,656,23,A,,,,23,08:00,54,32,
2007,RS,10,116,294,LEM,PDID,"LIMONAD, RAVIV",2FGA,Missed Two Pointer,0,82,23,C,,,,23,08:00,54,32,
2007,RS,10,116,296,LIE,PLOC,"EIDSON, CHUCK",2FGM,Two Pointer,2,-15,2,D,,,,23,08:00,56,32,
2007,RS,10,116,299,LEM,PCOC,"BOKOLO, YANNICK",2FGA,Missed Two Pointer,0,-61,74,D,,,,24,07:00,56,32,
2007,RS,10,116,301,LEM,PCOC,"BOKOLO, YANNICK",2FGM,Two Pointer,2,-15,64,D,,,,24,07:00,56,34,
2007,RS,10,116,302,LIE,PJRD,"NIELSEN, MATT",2FGA,Missed Two Pointer,0,-12,-2,D,,,,24,07:00,56,34,
2007,RS,10,116,304,LEM,PDID,"LIMONAD, RAVIV",2FGAB,Missed Two Pointer,0,-56,38,D,,,,24,07:00,56,34,
2007,RS,10,116,308,LIE,PJRD,"NIELSEN, MATT",2FGM,Two Pointer,2,-41,51,D,,,,24,07:00,58,34,
2007,RS,10,116,311,LEM,PKZD,"CLANCY, SAM",2FGA,Missed Two Pointer,0,-330,41,E,,,,25,06:00,58,34,
2007,RS,10,116,313,LIE,PJZN,"PETRAVICIUS, MARIJONAS",2FGAB,Missed Two Pointer,0,28,25,C,,,,25,06:00,58,34,
2007,RS,10,116,319,LEM,PCHZ,"BOGDANOVIC, LUKA",3FGA,Missed Three Pointer,0,-279,623,J,,,,25,06:00,58,34,
2007,RS,10,116,323,LIE,PLTT,"GECEVICIUS, MARTYNAS",3FGM,Three Pointer,3,-256,623,J,,,,25,06:00,61,34,
2007,RS,10,116,328,LIE,PLOC,"EIDSON, CHUCK",2FGM,Two Pointer,2,-2,0,D,,,,26,05:00,63,34,
2007,RS,10,116,332,LEM,PCHZ,"BOGDANOVIC, LUKA",3FGA,Missed Three Pointer,0,-341,587,J,,,,26,05:00,63,34,
2007,RS,10,116,335,LIE,PJRD,"NIELSEN, MATT",3FGA,Missed Three Pointer,0,-341,582,J,,,,27,04:00,63,34,
2007,RS,10,116,339,LEM,PDID,"LIMONAD, RAVIV",2FGA,Missed Two Pointer,0,-276,382,E,,,,27,04:00,63,34,
2007,RS,10,116,341,LIE,PLTT,"GECEVICIUS, MARTYNAS",3FGA,Missed Three Pointer,0,651,89,A,,,,27,04:00,63,34,
2007,RS,10,116,343,LEM,PTFK,"DIOT, ANTOINE",2FGAB,Missed Two Pointer,0,-46,15,D,,,,27,04:00,63,34,
2007,RS,10,116,348,LIE,PCOH,"PRICE, HOLLIS",3FGA,Missed Three Pointer,0,-441,535,J,,,,28,03:00,63,34,
2007,RS,10,116,358,LIE,PLOC,"EIDSON, CHUCK",3FGA,Missed Three Pointer,0,-394,561,J,,,,28,03:00,63,34,
2007,RS,10,116,363,LIE,PJRD,"NIELSEN, MATT",2FGM,Two Pointer,2,-7,-5,D,,,,29,02:00,65,34,
2007,RS,10,116,373,LIE,PJRD,"NIELSEN, MATT",FTM,Free Throw In,1,-1,-1, ,,,,29,02:00,66,34,
2007,RS,10,116,374,LIE,PJRD,"NIELSEN, MATT",FTM,Free Throw In,1,-1,-1, ,,,,29,02:00,67,34,
2007,RS,10,116,375,LEM,PKZD,"CLANCY, SAM",2FGA,Missed Two Pointer,0,-51,28,D,,,,29,02:00,67,34,
2007,RS,10,116,377,LIE,PJRD,"NIELSEN, MATT",2FGM,Two Pointer,2,-69,25,D,,,,29,02:00,69,34,
2007,RS,10,116,384,LIE,PJRD,"NIELSEN, MATT",FTM,Free Throw In,1,-1,-1, ,,,,30,01:00,70,34,
2007,RS,10,116,387,LEM,PCHZ,"BOGDANOVIC, LUKA",3FGA,Missed Three Pointer,0,-523,361,F,,,,30,01:00,70,34,
2007,RS,10,116,394,LEM,PCOB,"KOFFI, ALAIN",FTM,Free Throw In,1,-1,-1, ,,,,30,01:00,70,35,
2007,RS,10,116,395,LIE,PJRD,"NIELSEN, MATT",2FGM,Two Pointer,2,-66,476,I,,,,30,01:00,72,35,
2007,RS,10,116,396,LEM,PDID,"LIMONAD, RAVIV",2FGA,Missed Two Pointer,0,305,30,B,,,,30,01:00,72,35,
2007,RS,10,116,405,LIE,PTFN,"ANISIMOVAS, MICHAILIS",2FGA,Missed Two Pointer,0,-212,171,D,,,,31,10:00,72,35,
2007,RS,10,116,407,LEM,PTFJ,"RICCI, PHIL",2FGAB,Missed Two Pointer,0,56,97,C,,,,31,10:00,72,35,
2007,RS,10,116,411,LEM,PTFJ,"RICCI, PHIL",2FGM,Two Pointer,2,100,56,C,,,,31,10:00,72,37,
2007,RS,10,116,419,LIE,PBUU,"LUKAUSKIS, MINDAUGAS",2FGAB,Missed Two Pointer,0,23,53,C,,,,32,09:00,72,37,
2007,RS,10,116,423,LIE,PBUU,"LUKAUSKIS, MINDAUGAS",2FGA,Missed Two Pointer,0,-243,512,I,,,,32,09:00,72,37,
2007,RS,10,116,425,LEM,PDID,"LIMONAD, RAVIV",2FGA,Missed Two Pointer,0,210,79,C,,,,32,09:00,72,37,
2007,RS,10,116,431,LIE,PTFL,"BAJRAMOVIC, KENAN",3FGA,Missed Three Pointer,0,-307,602,J,,,,32,09:00,72,37,
2007,RS,10,116,439,LEM,PDID,"LIMONAD, RAVIV",2FGA,Missed Two Pointer,0,-41,33,D,,,,33,08:00,72,37,
2007,RS,10,116,441,LEM,PCHZ,"BOGDANOVIC, LUKA",3FGM,Three Pointer,3,-551,361,F,,,,33,08:00,72,40,
2007,RS,10,116,444,LIE,PCOH,"PRICE, HOLLIS",3FGA,Missed Three Pointer,0,282,638,G,,,,34,07:00,72,40,
2007,RS,10,116,446,LEM,PDID,"LIMONAD, RAVIV",2FGM,Two Pointer,2,-48,28,D,,,,34,07:00,72,42,
2007,RS,10,116,457,LIE,PLTT,"GECEVICIUS, MARTYNAS",3FGM,Three Pointer,3,-266,607,J,,,,34,07:00,75,42,
2007,RS,10,116,464,LEM,PCHZ,"BOGDANOVIC, LUKA",3FGA,Missed Three Pointer,0,-428,512,J,,,,35,06:00,75,42,
2007,RS,10,116,466,LIE,PTFL,"BAJRAMOVIC, KENAN",3FGA,Missed Three Pointer,0,246,612,G,,,,35,06:00,75,42,
2007,RS,10,116,468,LEM,PLGQ,"LELOUP, JEREMY",3FGA,Missed Three Pointer,0,-607,264,F,,,,35,06:00,75,42,
2007,RS,10,116,470,LIE,PLTT,"GECEVICIUS, MARTYNAS",3FGA,Missed Three Pointer,0,-512,425,F,,,,35,06:00,75,42,
2007,RS,10,116,475,LEM,PCHZ,"BOGDANOVIC, LUKA",FTM,Free Throw In,1,-1,-1, ,,,,36,05:00,75,43,
2007,RS,10,116,476,LEM,PCHZ,"BOGDANOVIC, LUKA",FTM,Free Throw In,1,-1,-1, ,,,,36,05:00,75,44,
2007,RS,10,116,479,LEM,PCHZ,"BOGDANOVIC, LUKA",2FGA,Missed Two Pointer,0,-297,182,E,,,,36,05:00,75,44,
2007,RS,10,116,481,LIE,PJZN,"PETRAVICIUS, MARIJONAS",2FGM,Two Pointer,2,105,89,C,,,,36,05:00,77,44,
2007,RS,10,116,483,LEM,PCHZ,"BOGDANOVIC, LUKA",2FGA,Missed Two Pointer,0,-248,230,E,,,,37,04:00,77,44,
2007,RS,10,116,485,LIE,PTFL,"BAJRAMOVIC, KENAN",3FGA,Missed Three Pointer,0,587,346,A,,,,37,04:00,77,44,
2007,RS,10,116,487,LIE,PTFL,"BAJRAMOVIC, KENAN",2FGM,Two Pointer,2,-7,2,D,,,,37,04:00,79,44,
2007,RS,10,116,489,LEM,PTFJ,"RICCI, PHIL",2FGA,Missed Two Pointer,0,-307,28,E,,,,38,03:00,79,44,
2007,RS,10,116,491,LIE,PJZN,"PETRAVICIUS, MARIJONAS",2FGM,Two Pointer,2,28,56,C,,,,38,03:00,81,44,
2007,RS,10,116,498,LEM,PCOB,"KOFFI, ALAIN",2FGA,Missed Two Pointer,0,-53,266,D,,,,38,03:00,81,44,
2007,RS,10,116,502,LIE,PJZN,"PETRAVICIUS, MARIJONAS",FTM,Free Throw In,1,-1,-1, ,,,,38,03:00,82,44,
2007,RS,10,116,503,LIE,PJZN,"PETRAVICIUS, MARIJONAS",FTM,Free Throw In,1,-1,-1, ,,,,38,03:00,83,44,
2007,RS,10,116,506,LEM,PDID,"LIMONAD, RAVIV",2FGM,Two Pointer,2,-153,200,D,,,,38,03:00,83,46,
2007,RS,10,116,510,LEM,PCOC,"BOKOLO, YANNICK",2FGM,Two Pointer,2,-5,215,D,,,,39,02:00,83,48,
2007,RS,10,116,511,LIE,PTFL,"BAJRAMOVIC, KENAN",2FGA,Missed Two Pointer,0,182,500,H,,,,39,02:00,83,48,
2007,RS,10,116,513,LIE,PLTT,"GECEVICIUS, MARTYNAS",3FGA,Missed Three Pointer,0,-438,510,J,,,,39,02:00,83,48,
2007,RS,10,116,518,LEM,PTFJ,"RICCI, PHIL",2FGA,Missed Two Pointer,0,-28,51,D,,,,40,01:00,83,48,
2007,RS,10,116,520,LEM,PTFJ,"RICCI, PHIL",2FGM,Two Pointer,2,-30,30,D,,,,40,01:00,83,50,
2007,RS,10,116,521,LIE,PTFN,"ANISIMOVAS, MICHAILIS",2FGM,Two Pointer,2,-38,189,D,,,,40,01:00,85,50,
2007,RS,10,116,522,LEM,PTFJ,"RICCI, PHIL",2FGAB,Missed Two Pointer,0,51,38,C,,,,40,01:00,85,50,
2007,RS,10,117,3,ROM,PBWL,"LORBEK, ERAZEM",3FGA,Missed Three Pointer,0,33,666,G,,,,1,10:00,0,0,
2007,RS,10,117,5,ROM,PKZA,"HAWKINS, DAVID",2FGM,Two Pointer,2,-48,38,D,,,,1,10:00,2,0,
2007,RS,10,117,10,ULK,PCOS,"SOLOMON, WILLIE",3FGA,Missed Three Pointer,0,-223,658,J,,,,1,10:00,2,0,
2007,RS,10,117,17,ROM,PKXO,"GIACHETTI, JACOPO",FTM,Free Throw In,1,-1,-1, ,,,,2,09:00,3,0,
2007,RS,10,117,20,ROM,PTFR,"RAY, ALLAN",2FGAB,Missed Two Pointer,0,-338,43,E,,,,2,09:00,3,0,
2007,RS,10,117,27,ROM,PKZA,"HAWKINS, DAVID",FTM,Free Throw In,1,-1,-1, ,,,,2,09:00,4,0,
2007,RS,10,117,28,ULK,PLGR,"BASAK, RASIM",3FGA,Missed Three Pointer,0,-384,558,J,,,,2,09:00,4,0,
2007,RS,10,117,33,ULK,PTHC,"WHITE, JAMES",2FGA,Missed Two Pointer,0,-266,212,E,,,,3,08:00,4,0,
2007,RS,10,117,35,ROM,PKXO,"GIACHETTI, JACOPO",2FGA,Missed Two Pointer,0,69,141,C,,,,3,08:00,4,0,
2007,RS,10,117,37,ROM,PBWL,"LORBEK, ERAZEM",2FGM,Two Pointer,2,64,58,C,,,,3,08:00,6,0,
2007,RS,10,117,42,ULK,PLGR,"BASAK, RASIM",FTM,Free Throw In,1,-1,-1, ,,,,3,08:00,6,1,
2007,RS,10,117,43,ULK,PLGR,"BASAK, RASIM",FTM,Free Throw In,1,-1,-1, ,,,,3,08:00,6,2,
2007,RS,10,117,44,ULK,PLGR,"BASAK, RASIM",FTM,Free Throw In,1,-1,-1, ,,,,3,08:00,6,3,
2007,RS,10,117,45,ROM,PBWL,"LORBEK, ERAZEM",2FGA,Missed Two Pointer,0,102,94,C,,,,3,08:00,6,3,
2007,RS,10,117,52,ULK,PTHC,"WHITE, JAMES",2FGA,Missed Two Pointer,0,-97,94,D,,,,4,07:00,6,3,
2007,RS,10,117,56,ROM,PTFR,"RAY, ALLAN",3FGM,Three Pointer,3,500,528,G,,,,4,07:00,9,3,
2007,RS,10,117,58,ULK,PJPF,"SAVAS, OGUZ",2FGM,Two Pointer,2,-38,61,D,,,,5,06:00,9,5,
2007,RS,10,117,59,ROM,PBWL,"LORBEK, ERAZEM",2FGA,Missed Two Pointer,0,66,51,C,,,,5,06:00,9,5,
2007,RS,10,117,61,ROM,PKXO,"GIACHETTI, JACOPO",3FGA,Missed Three Pointer,0,448,517,G,,,,5,06:00,9,5,
2007,RS,10,117,63,ULK,PARO,"ONAN, OMER",3FGA,Missed Three Pointer,0,-289,607,J,,,,5,06:00,9,5,
2007,RS,10,117,65,ROM,PKZA,"HAWKINS, DAVID",2FGM,Two Pointer,2,87,92,C,,,,5,06:00,11,5,
2007,RS,10,117,71,ULK,PJPF,"SAVAS, OGUZ",FTM,Free Throw In,1,-1,-1, ,,,,6,05:00,11,6,
2007,RS,10,117,74,ROM,PBWL,"LORBEK, ERAZEM",2FGA,Missed Two Pointer,0,94,107,C,,,,6,05:00,11,6,
2007,RS,10,117,81,ROM,PTFR,"RAY, ALLAN",2FGA,Missed Two Pointer,0,282,274,B,,,,7,04:00,11,6,
2007,RS,10,117,85,ULK,PAYR,"TURKCAN, MIRSAD",FTM,Free Throw In,1,-1,-1, ,,,,7,04:00,11,7,
2007,RS,10,117,88,ROM,PKZA,"HAWKINS, DAVID",2FGM,Two Pointer,2,246,92,C,,,,7,04:00,13,7,
2007,RS,10,117,91,ULK,PARO,"ONAN, OMER",FTM,Free Throw In,1,-1,-1, ,,,,7,04:00,13,8,
2007,RS,10,117,94,ULK,PCOS,"SOLOMON, WILLIE",3FGA,Missed Three Pointer,0,538,451,G,,,,7,04:00,13,8,
2007,RS,10,117,97,ROM,PBWL,"LORBEK, ERAZEM",2FGA,Missed Two Pointer,0,-225,248,E,,,,8,03:00,13,8,
2007,RS,10,117,99,ROM,PTFR,"RAY, ALLAN",3FGA,Missed Three Pointer,0,-138,664,J,,,,8,03:00,13,8,
2007,RS,10,117,101,ULK,PJPF,"SAVAS, OGUZ",2FGM,Two Pointer,2,102,61,C,,,,8,03:00,13,10,
2007,RS,10,117,108,ROM,PCJA,"UKIC, ROKO-LENI",FTM,Free Throw In,1,-1,-1, ,,,,8,03:00,14,10,
2007,RS,10,117,109,ROM,PCJA,"UKIC, ROKO-LENI",FTM,Free Throw In,1,-1,-1, ,,,,8,03:00,15,10,
2007,RS,10,117,111,ULK,PLGA,"KAAN, DAMIR",3FGM,Three Pointer,3,-392,546,J,,,,9,02:00,15,13,
2007,RS,10,117,115,ULK,PAYR,"TURKCAN, MIRSAD",3FGM,Three Pointer,3,-74,666,J,,,,9,02:00,15,16,
2007,RS,10,117,120,ROM,PCJA,"UKIC, ROKO-LENI",2FGA,Missed Two Pointer,0,-156,123,D,,,,9,02:00,15,16,
2007,RS,10,117,126,ULK,PCOS,"SOLOMON, WILLIE",FTM,Free Throw In,1,-1,-1, ,,,,10,01:00,15,17,
2007,RS,10,117,127,ROM,PBWL,"LORBEK, ERAZEM",3FGM,Three Pointer,3,-348,582,J,,,,10,01:00,18,17,
2007,RS,10,117,129,ULK,PTFH,"PRELDZIC, EMIR",2FGM,Two Pointer,2,112,35,C,,,,10,01:00,18,19,
2007,RS,10,117,130,ROM,PKZA,"HAWKINS, DAVID",3FGA,Missed Three Pointer,0,479,510,G,,,,10,01:00,18,19,
2007,RS,10,117,136,ULK,PTFH,"PRELDZIC, EMIR",3FGA,Missed Three Pointer,0,-30,664,J,,,,11,10:00,18,19,
2007,RS,10,117,142,ROM,PBWL,"LORBEK, ERAZEM",2FGA,Missed Two Pointer,0,-248,189,E,,,,11,10:00,18,19,
2007,RS,10,117,144,ROM,PADP,"FUCKA, GREGOR",2FGM,Two Pointer,2,74,10,C,,,,11,10:00,20,19,
2007,RS,10,117,145,ULK,PAYR,"TURKCAN, MIRSAD",2FGM,Two Pointer,2,97,117,C,,,,11,10:00,20,21,
2007,RS,10,117,149,ULK,PTFH,"PRELDZIC, EMIR",2FGA,Missed Two Pointer,0,-587,156,E,,,,12,09:00,20,21,
2007,RS,10,117,151,ULK,PLFV,"DEMIREL, HAKAN",2FGA,Missed Two Pointer,0,-74,74,D,,,,12,09:00,20,21,
2007,RS,10,117,153,ROM,PCJA,"UKIC, ROKO-LENI",2FGAB,Missed Two Pointer,0,-97,38,D,,,,12,09:00,20,21,
2007,RS,10,117,156,ULK,PTFH,"PRELDZIC, EMIR",2FGAB,Missed Two Pointer,0,-143,58,D,,,,13,08:00,20,21,
2007,RS,10,117,164,ROM,PKZA,"HAWKINS, DAVID",2FGA,Missed Two Pointer,0,451,400,B,,,,13,08:00,20,21,
2007,RS,10,117,166,ULK,PAYR,"TURKCAN, MIRSAD",3FGA,Missed Three Pointer,0,-143,664,J,,,,13,08:00,20,21,
2007,RS,10,117,170,ULK,P000709,"ASIK, OMER FARUK",FTM,Free Throw In,1,-1,-1, ,,,,13,08:00,20,22,
2007,RS,10,117,171,ULK,P000709,"ASIK, OMER FARUK",FTM,Free Throw In,1,-1,-1, ,,,,13,08:00,20,23,
2007,RS,10,117,172,ROM,PJKN,"GABINI, ROBERTO",3FGA,Missed Three Pointer,0,76,671,G,,,,13,08:00,20,23,
2007,RS,10,117,177,ROM,PJKN,"GABINI, ROBERTO",2FGM,Two Pointer,2,-56,35,D,,,,14,07:00,22,23,
2007,RS,10,117,184,ROM,PCJA,"UKIC, ROKO-LENI",2FGA,Missed Two Pointer,0,89,89,C,,,,14,07:00,22,23,
2007,RS,10,117,186,ROM,PADP,"FUCKA, GREGOR",2FGM,Two Pointer,2,-51,69,D,,,,14,07:00,24,23,
2007,RS,10,117,187,ULK,PARO,"ONAN, OMER",3FGM,Three Pointer,3,666,-28,A,,,,14,07:00,24,26,
2007,RS,10,117,191,ROM,PADP,"FUCKA, GREGOR",2FGM,Two Pointer,2,-76,120,D,,,,15,06:00,26,26,
2007,RS,10,117,198,ROM,PADP,"FUCKA, GREGOR",FTM,Free Throw In,1,-1,-1, ,,,,15,06:00,27,26,
2007,RS,10,117,199,ULK,PCOS,"SOLOMON, WILLIE",3FGA,Missed Three Pointer,0,-676,-89,F,,,,15,06:00,27,26,
2007,RS,10,117,201,ROM,PADP,"FUCKA, GREGOR",2FGA,Missed Two Pointer,0,79,5,C,,,,15,06:00,27,26,
2007,RS,10,117,203,ROM,PJKN,"GABINI, ROBERTO",3FGM,Three Pointer,3,443,510,G,,,,15,06:00,30,26,
2007,RS,10,117,206,ULK,PARO,"ONAN, OMER",3FGM,Three Pointer,3,-464,535,J,,,,16,05:00,30,29,
2007,RS,10,117,215,ULK,PARO,"ONAN, OMER",2FGA,Missed Two Pointer,0,-115,102,D,,,,16,05:00,30,29,
2007,RS,10,117,217,ULK,P000709,"ASIK, OMER FARUK",2FGM,Two Pointer,2,82,87,C,,,,16,05:00,30,31,
2007,RS,10,117,229,ULK,PJPF,"SAVAS, OGUZ",FTM,Free Throw In,1,-1,-1, ,,,,17,04:00,30,32,
2007,RS,10,117,230,ULK,PJPF,"SAVAS, OGUZ",FTM,Free Throw In,1,-1,-1, ,,,,17,04:00,30,33,
2007,RS,10,117,231,ROM,PKZA,"HAWKINS, DAVID",2FGA,Missed Two Pointer,0,-438,23,E,,,,17,04:00,30,33,
2007,RS,10,117,234,ULK,PCOS,"SOLOMON, WILLIE",3FGM,Three Pointer,3,-517,502,J,,,,18,03:00,30,36,
2007,RS,10,117,238,ULK,PJPF,"SAVAS, OGUZ",2FGM,Two Pointer,2,66,43,C,,,,18,03:00,30,38,
2007,RS,10,117,241,ROM,PJKN,"GABINI, ROBERTO",3FGA,Missed Three Pointer,0,512,428,G,,,,18,03:00,30,38,
2007,RS,10,117,256,ROM,PKXO,"GIACHETTI, JACOPO",2FGM,Two Pointer,2,120,102,C,,,,19,02:00,32,38,
2007,RS,10,117,260,ULK,PJPF,"SAVAS, OGUZ",FTM,Free Throw In,1,-1,-1, ,,,,20,01:00,32,39,
2007,RS,10,117,261,ULK,PJPF,"SAVAS, OGUZ",FTM,Free Throw In,1,-1,-1, ,,,,20,01:00,32,40,
2007,RS,10,117,264,ROM,PCJA,"UKIC, ROKO-LENI",3FGA,Missed Three Pointer,0,-530,435,J,,,,20,01:00,32,40,
2007,RS,10,117,266,ULK,PCOS,"SOLOMON, WILLIE",2FGM,Two Pointer,2,-253,402,E,,,,20,01:00,32,42,
2007,RS,10,117,267,ROM,PTFR,"RAY, ALLAN",3FGA,Missed Three Pointer,0,458,646,G,,,,20,01:00,32,42,
2007,RS,10,117,277,ROM,PCJA,"UKIC, ROKO-LENI",3FGA,Missed Three Pointer,0,33,725,G,,,,21,10:00,32,42,
2007,RS,10,117,279,ROM,PBWL,"LORBEK, ERAZEM",2FGA,Missed Two Pointer,0,0,400,D,,,,21,10:00,32,42,
2007,RS,10,117,285,ULK,PAYR,"TURKCAN, MIRSAD",2FGA,Missed Two Pointer,0,-425,-41,E,,,,21,10:00,32,42,
2007,RS,10,117,287,ULK,PTHC,"WHITE, JAMES",3FGA,Missed Three Pointer,0,689,-92,A,,,,21,10:00,32,42,
2007,RS,10,117,289,ROM,PKXO,"GIACHETTI, JACOPO",2FGAB,Missed Two Pointer,0,51,48,C,,,,21,10:00,32,42,
2007,RS,10,117,295,ROM,PKXO,"GIACHETTI, JACOPO",2FGA,Missed Two Pointer,0,28,43,C,,,,22,09:00,32,42,
2007,RS,10,117,297,ULK,PARO,"ONAN, OMER",2FGM,Two Pointer,2,-5,71,D,,,,22,09:00,32,44,
2007,RS,10,117,309,ROM,PCCI,"TONOLLI, ALESSANDRO",3FGA,Missed Three Pointer,0,5,661,G,,,,22,09:00,32,44,
2007,RS,10,117,312,ULK,PTHC,"WHITE, JAMES",2FGM,Two Pointer,2,-466,25,E,,,,23,08:00,32,46,
2007,RS,10,117,313,ROM,PCJA,"UKIC, ROKO-LENI",2FGAB,Missed Two Pointer,0,-71,53,D,,,,23,08:00,32,46,
2007,RS,10,117,320,ROM,PTFR,"RAY, ALLAN",2FGA,Missed Two Pointer,0,30,25,C,,,,24,07:00,32,46,
2007,RS,10,117,322,ULK,PCOS,"SOLOMON, WILLIE",3FGM,Three Pointer,3,628,223,A,,,,24,07:00,32,49,
2007,RS,10,117,324,ROM,PKZA,"HAWKINS, DAVID",3FGM,Three Pointer,3,607,289,A,,,,24,07:00,35,49,
2007,RS,10,117,332,ROM,PBWL,"LORBEK, ERAZEM",2FGA,Missed Two Pointer,0,-282,135,E,,,,25,06:00,35,49,
2007,RS,10,117,334,ROM,PCJA,"UKIC, ROKO-LENI",3FGM,Three Pointer,3,-2,674,J,,,,25,06:00,38,49,
2007,RS,10,117,344,ROM,PKZA,"HAWKINS, DAVID",FTM,Free Throw In,1,-1,-1, ,,,,26,05:00,39,49,
2007,RS,10,117,345,ROM,PKZA,"HAWKINS, DAVID",FTM,Free Throw In,1,-1,-1, ,,,,26,05:00,40,49,
2007,RS,10,117,346,ULK,PARO,"ONAN, OMER",2FGA,Missed Two Pointer,0,-15,79,D,,,,26,05:00,40,49,
2007,RS,10,117,348,ROM,PBWL,"LORBEK, ERAZEM",2FGA,Missed Two Pointer,0,-105,33,D,,,,26,05:00,40,49,
2007,RS,10,117,350,ULK,PCOS,"SOLOMON, WILLIE",3FGM,Three Pointer,3,-94,669,J,,,,26,05:00,40,52,
2007,RS,10,117,352,ROM,PCCI,"TONOLLI, ALESSANDRO",3FGA,Missed Three Pointer,0,-643,79,F,,,,27,04:00,40,52,
2007,RS,10,117,354,ROM,PCJA,"UKIC, ROKO-LENI",2FGM,Two Pointer,2,-51,10,D,,,,27,04:00,42,52,
2007,RS,10,117,364,ULK,PJPF,"SAVAS, OGUZ",FTM,Free Throw In,1,-1,-1, ,,,,27,04:00,42,53,
2007,RS,10,117,365,ULK,PJPF,"SAVAS, OGUZ",FTM,Free Throw In,1,-1,-1, ,,,,27,04:00,42,54,
2007,RS,10,117,367,ROM,PTFR,"RAY, ALLAN",2FGA,Missed Two Pointer,0,-64,15,D,,,,28,03:00,42,54,
2007,RS,10,117,374,ROM,PADP,"FUCKA, GREGOR",FTM,Free Throw In,1,-1,-1, ,,,,28,03:00,43,54,
2007,RS,10,117,375,ROM,PADP,"FUCKA, GREGOR",FTM,Free Throw In,1,-1,-1, ,,,,28,03:00,44,54,
2007,RS,10,117,377,ULK,PJPF,"SAVAS, OGUZ",2FGA,Missed Two Pointer,0,-33,56,D,,,,28,03:00,44,54,
2007,RS,10,117,380,ROM,PJKN,"GABINI, ROBERTO",2FGAB,Missed Two Pointer,0,53,-2,C,,,,29,02:00,44,54,
2007,RS,10,117,386,ROM,PTFR,"RAY, ALLAN",3FGA,Missed Three Pointer,0,-594,300,F,,,,29,02:00,44,54,
2007,RS,10,117,390,ULK,PAYR,"TURKCAN, MIRSAD",FTM,Free Throw In,1,-1,-1, ,,,,29,02:00,44,55,
2007,RS,10,117,391,ULK,PAYR,"TURKCAN, MIRSAD",FTM,Free Throw In,1,-1,-1, ,,,,29,02:00,44,56,
2007,RS,10,117,394,ULK,PARO,"ONAN, OMER",2FGM,Two Pointer,2,-38,17,D,,,,29,02:00,44,58,
2007,RS,10,117,403,ULK,PCOS,"SOLOMON, WILLIE",FTM,Free Throw In,1,-1,-1, ,,,,30,01:00,44,59,
2007,RS,10,117,404,ULK,PAYR,"TURKCAN, MIRSAD",3FGA,Missed Three Pointer,0,656,200,A,,,,30,01:00,44,59,
2007,RS,10,117,406,ROM,PADP,"FUCKA, GREGOR",2FGA,Missed Two Pointer,0,-302,33,E,,,,30,01:00,44,59,
2007,RS,10,117,408,ULK,PTFH,"PRELDZIC, EMIR",3FGA,Missed Three Pointer,0,658,107,A,,,,30,01:00,44,59,
2007,RS,10,117,416,ULK,PJPF,"SAVAS, OGUZ",2FGM,Two Pointer,2,56,20,C,,,,31,10:00,44,61,
2007,RS,10,117,421,ROM,PADP,"FUCKA, GREGOR",FTM,Free Throw In,1,-1,-1, ,,,,31,10:00,45,61,
2007,RS,10,117,424,ULK,PTFH,"PRELDZIC, EMIR",2FGA,Missed Two Pointer,0,120,102,C,,,,31,10:00,45,61,
2007,RS,10,117,427,ROM,PKXO,"GIACHETTI, JACOPO",3FGA,Missed Three Pointer,0,-656,-35,F,,,,32,09:00,45,61,
2007,RS,10,117,431,ROM,PADP,"FUCKA, GREGOR",2FGM,Two Pointer,2,-2,-2,D,,,,32,09:00,47,61,
2007,RS,10,117,433,ULK,PAYR,"TURKCAN, MIRSAD",3FGA,Missed Three Pointer,0,-464,487,J,,,,32,09:00,47,61,
2007,RS,10,117,435,ULK,PCOS,"SOLOMON, WILLIE",3FGM,Three Pointer,3,-15,692,J,,,,32,09:00,47,64,
2007,RS,10,117,444,ROM,PKZA,"HAWKINS, DAVID",FTM,Free Throw In,1,-1,-1, ,,,,33,08:00,48,64,
2007,RS,10,117,450,ROM,PJKN,"GABINI, ROBERTO",3FGM,Three Pointer,3,-551,379,F,,,,33,08:00,51,64,
2007,RS,10,117,455,ROM,PJKN,"GABINI, ROBERTO",3FGA,Missed Three Pointer,0,441,535,G,,,,34,07:00,51,64,
2007,RS,10,117,457,ULK,PTFH,"PRELDZIC, EMIR",2FGM,Two Pointer,2,2,17,D,,,,34,07:00,51,66,
2007,RS,10,117,460,ROM,PTFR,"RAY, ALLAN",3FGA,Missed Three Pointer,0,300,617,G,,,,35,06:00,51,66,
2007,RS,10,117,462,ULK,P000709,"ASIK, OMER FARUK",2FGM,Two Pointer,2,5,7,C,,,,35,06:00,51,68,
2007,RS,10,117,466,ROM,PBWL,"LORBEK, ERAZEM",3FGM,Three Pointer,3,343,576,G,,,,35,06:00,54,68,
2007,RS,10,117,469,ROM,PTFR,"RAY, ALLAN",3FGA,Missed Three Pointer,0,-597,294,F,,,,35,06:00,54,68,
2007,RS,10,117,472,ULK,PCOS,"SOLOMON, WILLIE",3FGA,Missed Three Pointer,0,-15,666,J,,,,36,05:00,54,68,
2007,RS,10,117,479,ROM,PBWL,"LORBEK, ERAZEM",2FGM,Two Pointer,2,-58,102,D,,,,36,05:00,56,68,
2007,RS,10,117,480,ULK,PTFH,"PRELDZIC, EMIR",3FGM,Three Pointer,3,348,576,G,,,,36,05:00,56,71,
2007,RS,10,117,482,ROM,PCJA,"UKIC, ROKO-LENI",2FGA,Missed Two Pointer,0,-51,94,D,,,,37,04:00,56,71,
2007,RS,10,117,484,ULK,PTFH,"PRELDZIC, EMIR",2FGM,Two Pointer,2,-48,12,D,,,,37,04:00,56,73,
2007,RS,10,117,486,ROM,PJKN,"GABINI, ROBERTO",2FGM,Two Pointer,2,-56,20,D,,,,37,04:00,58,73,
2007,RS,10,117,487,ULK,PCOS,"SOLOMON, WILLIE",2FGM,Two Pointer,2,20,64,C,,,,37,04:00,58,75,
2007,RS,10,117,489,ROM,PCJA,"UKIC, ROKO-LENI",3FGA,Missed Three Pointer,0,541,394,A,,,,38,03:00,58,75,
2007,RS,10,117,491,ROM,PBWL,"LORBEK, ERAZEM",2FGM,Two Pointer,2,156,284,C,,,,38,03:00,60,75,
2007,RS,10,117,509,ULK,PAYR,"TURKCAN, MIRSAD",FTM,Free Throw In,1,-1,-1, ,,,,38,03:00,60,76,
2007,RS,10,117,511,ROM,PKZA,"HAWKINS, DAVID",3FGA,Missed Three Pointer,0,666,-10,A,,,,39,02:00,60,76,
2007,RS,10,117,516,ROM,PADP,"FUCKA, GREGOR",FTM,Free Throw In,1,-1,-1, ,,,,39,02:00,61,76,
2007,RS,10,117,517,ULK,PARO,"ONAN, OMER",3FGM,Three Pointer,3,566,346,A,,,,39,02:00,61,79,
2007,RS,10,117,519,ROM,PTFR,"RAY, ALLAN",3FGA,Missed Three Pointer,0,35,725,G,,,,39,02:00,61,79,
2007,RS,10,117,521,ULK,PAYR,"TURKCAN, MIRSAD",2FGM,Two Pointer,2,-38,23,D,,,,39,02:00,61,81,
2007,RS,10,117,523,ROM,PTFR,"RAY, ALLAN",3FGA,Missed Three Pointer,0,-556,343,F,,,,40,01:00,61,81,
2007,RS,10,117,525,ULK,PTFH,"PRELDZIC, EMIR",3FGA,Missed Three Pointer,0,-661,71,F,,,,40,01:00,61,81,
2007,RS,10,117,527,ROM,PCCI,"TONOLLI, ALESSANDRO",3FGA,Missed Three Pointer,0,664,66,A,,,,40,01:00,61,81,
2007,RS,10,117,533,ULK,PAYR,"TURKCAN, MIRSAD",FTM,Free Throw In,1,-1,-1, ,,,,40,01:00,61,82,
2007,RS,10,117,534,ULK,PAYR,"TURKCAN, MIRSAD",FTM,Free Throw In,1,-1,-1, ,,,,40,01:00,61,83,
2007,RS,10,117,535,ROM,PADP,"FUCKA, GREGOR",2FGM,Two Pointer,2,46,12,C,,,,40,01:00,63,83,
2007,RS,10,117,540,ULK,PCOS,"SOLOMON, WILLIE",FTM,Free Throw In,1,-1,-1, ,,,,40,01:00,63,84,
2007,RS,10,117,541,ROM,PCCI,"TONOLLI, ALESSANDRO",3FGA,Missed Three Pointer,0,671,-20,A,,,,40,01:00,63,84,
2007,RS,10,118,6,BAM,PJSS,"HAMANN, STEFFEN",2FGAB,Missed Two Pointer,0,2,87,D,,,,1,10:00,0,0,
2007,RS,10,118,12,MAD,PAIT,"LOPEZ, RAUL",2FGA,Missed Two Pointer,0,76,84,C,,,,1,10:00,0,0,
2007,RS,10,118,14,MAD,PAAX,"REYES, FELIPE",2FGM,Two Pointer,2,41,41,C,,,,1,10:00,2,0,
2007,RS,10,118,17,MAD,PAAX,"REYES, FELIPE",FTM,Free Throw In,1,-1,-1, ,,,,1,10:00,3,0,
2007,RS,10,118,18,BAM,PCTI,"FFRIEND, KIMANI",2FGA,Missed Two Pointer,0,64,94,C,,,,1,10:00,3,0,
2007,RS,10,118,21,MAD,PAIT,"LOPEZ, RAUL",3FGA,Missed Three Pointer,0,-307,592,J,,,,2,09:00,3,0,
2007,RS,10,118,23,BAM,PBOF,"GARRETT, ROBERT",2FGA,Missed Two Pointer,0,443,261,B,,,,2,09:00,3,0,
2007,RS,10,118,26,MAD,PBFJ,"MUMBRU, ALEX",3FGM,Three Pointer,3,384,597,G,,,,2,09:00,6,0,
2007,RS,10,118,34,MAD,PAJO,"BULLOCK, LOUIS",2FGM,Two Pointer,2,38,71,C,,,,3,08:00,8,0,
2007,RS,10,118,38,BAM,PJJZ,"SUPUT, PREDRAG",3FGA,Missed Three Pointer,0,128,692,G,,,,3,08:00,8,0,
2007,RS,10,118,40,MAD,PAAX,"REYES, FELIPE",2FGA,Missed Two Pointer,0,-15,200,D,,,,3,08:00,8,0,
2007,RS,10,118,45,MAD,PBFJ,"MUMBRU, ALEX",2FGM,Two Pointer,2,53,41,C,,,,4,07:00,10,0,
2007,RS,10,118,46,BAM,PLPI,"FENN, DARREN",3FGA,Missed Three Pointer,0,669,-23,A,,,,4,07:00,10,0,
2007,RS,10,118,52,BAM,PCTI,"FFRIEND, KIMANI",2FGA,Missed Two Pointer,0,30,112,C,,,,4,07:00,10,0,
2007,RS,10,118,55,MAD,PAPP,"PAPADOPOULOS, LAZAROS",2FGM,Two Pointer,2,-220,61,D,,,,5,06:00,12,0,
2007,RS,10,118,66,MAD,PAJO,"BULLOCK, LOUIS",3FGM,Three Pointer,3,679,35,A,,,,5,06:00,15,0,
2007,RS,10,118,69,BAM,PLPI,"FENN, DARREN",2FGM,Two Pointer,2,35,143,C,,,,6,05:00,15,2,
2007,RS,10,118,70,MAD,PAJO,"BULLOCK, LOUIS",3FGM,Three Pointer,3,-412,546,J,,,,6,05:00,18,2,
2007,RS,10,118,71,BAM,PJSR,"ENSMINGER, CHRIS",2FGM,Two Pointer,2,-61,56,D,,,,6,05:00,18,4,
2007,RS,10,118,83,BAM,PJJZ,"SUPUT, PREDRAG",2FGM,Two Pointer,2,0,92,D,,,,7,04:00,18,6,
2007,RS,10,118,84,MAD,PARR,"TUNCERI, KEREM",3FGA,Missed Three Pointer,0,564,479,G,,,,7,04:00,18,6,
2007,RS,10,118,87,MAD,PCRF,"HERVELLE, AXEL",3FGM,Three Pointer,3,12,676,G,,,,7,04:00,21,6,
2007,RS,10,118,91,MAD,PARR,"TUNCERI, KEREM",2FGA,Missed Two Pointer,0,66,64,C,,,,8,03:00,21,6,
2007,RS,10,118,93,MAD,PCRF,"HERVELLE, AXEL",2FGM,Two Pointer,2,-38,84,D,,,,8,03:00,23,6,
2007,RS,10,118,98,MAD,PCRF,"HERVELLE, AXEL",FTM,Free Throw In,1,-1,-1, ,,,,8,03:00,24,6,
2007,RS,10,118,99,BAM,PJSR,"ENSMINGER, CHRIS",2FGA,Missed Two Pointer,0,-253,53,D,,,,8,03:00,24,6,
2007,RS,10,118,101,MAD,PAAX,"REYES, FELIPE",2FGA,Missed Two Pointer,0,-405,-10,E,,,,8,03:00,24,6,
2007,RS,10,118,106,BAM,PCTI,"FFRIEND, KIMANI",2FGA,Missed Two Pointer,0,48,384,C,,,,9,02:00,24,6,
2007,RS,10,118,109,MAD,PACK,"PELEKANOS, MICHALIS",3FGM,Three Pointer,3,664,102,A,,,,9,02:00,27,6,
2007,RS,10,118,110,BAM,PLKE,"DICKEL, MARK",3FGA,Missed Three Pointer,0,-5,679,J,,,,9,02:00,27,6,
2007,RS,10,118,119,BAM,PCTI,"FFRIEND, KIMANI",FTM,Free Throw In,1,-1,-1, ,,,,9,02:00,27,7,
2007,RS,10,118,123,BAM,PJSS,"HAMANN, STEFFEN",2FGM,Two Pointer,2,66,92,C,,,,10,01:00,27,9,
2007,RS,10,118,124,MAD,PCTN,"SMITH, CHARLES",3FGA,Missed Three Pointer,0,676,123,A,,,,10,01:00,27,9,
2007,RS,10,118,126,BAM,PKMO,"HAUER, SAJMEN",2FGM,Two Pointer,2,-64,92,D,,,,10,01:00,27,11,
2007,RS,10,118,131,BAM,PKMO,"HAUER, SAJMEN",FTM,Free Throw In,1,-1,-1, ,,,,10,01:00,27,12,
2007,RS,10,118,135,MAD,PAFB,"SEKULIC, BLAGOTA",2FGM,Two Pointer,2,-397,353,E,,,,10,01:00,29,12,
2007,RS,10,118,140,MAD,PACK,"PELEKANOS, MICHALIS",3FGA,Missed Three Pointer,0,-174,638,J,,,,11,10:00,29,12,
2007,RS,10,118,144,MAD,PCTN,"SMITH, CHARLES",2FGM,Two Pointer,2,-2,5,D,,,,11,10:00,31,12,
2007,RS,10,118,147,MAD,PCTN,"SMITH, CHARLES",3FGA,Missed Three Pointer,0,-661,143,F,,,,11,10:00,31,12,
2007,RS,10,118,149,MAD,PAAX,"REYES, FELIPE",2FGA,Missed Two Pointer,0,-169,251,D,,,,11,10:00,31,12,
2007,RS,10,118,151,MAD,PAFB,"SEKULIC, BLAGOTA",2FGM,Two Pointer,2,43,82,C,,,,11,10:00,33,12,
2007,RS,10,118,158,MAD,PCTN,"SMITH, CHARLES",3FGA,Missed Three Pointer,0,-61,684,J,,,,12,09:00,33,12,
2007,RS,10,118,161,BAM,PJSE,"PAVIC, IVAN",2FGA,Missed Two Pointer,0,-433,135,E,,,,13,08:00,33,12,
2007,RS,10,118,167,MAD,PARR,"TUNCERI, KEREM",3FGA,Missed Three Pointer,0,417,564,G,,,,13,08:00,33,12,
2007,RS,10,118,169,BAM,PBOF,"GARRETT, ROBERT",3FGA,Missed Three Pointer,0,-525,428,J,,,,13,08:00,33,12,
2007,RS,10,118,171,BAM,PCTI,"FFRIEND, KIMANI",2FGM,Two Pointer,2,-30,61,D,,,,13,08:00,33,14,
2007,RS,10,118,179,BAM,PKMO,"HAUER, SAJMEN",FTM,Free Throw In,1,-1,-1, ,,,,13,08:00,33,15,
2007,RS,10,118,180,BAM,PKMO,"HAUER, SAJMEN",FTM,Free Throw In,1,-1,-1, ,,,,13,08:00,33,16,
2007,RS,10,118,182,BAM,PJSE,"PAVIC, IVAN",2FGA,Missed Two Pointer,0,117,89,C,,,,14,07:00,33,16,
2007,RS,10,118,190,MAD,PAPP,"PAPADOPOULOS, LAZAROS",2FGA,Missed Two Pointer,0,-146,110,D,,,,14,07:00,33,16,
2007,RS,10,118,194,MAD,PBFJ,"MUMBRU, ALEX",2FGM,Two Pointer,2,15,76,C,,,,15,06:00,35,16,
2007,RS,10,118,202,MAD,PBFJ,"MUMBRU, ALEX",3FGM,Three Pointer,3,674,58,A,,,,15,06:00,38,16,
2007,RS,10,118,205,BAM,PLPI,"FENN, DARREN",2FGM,Two Pointer,2,48,92,C,,,,16,05:00,38,18,
2007,RS,10,118,206,MAD,PAFB,"SEKULIC, BLAGOTA",2FGA,Missed Two Pointer,0,-41,500,I,,,,16,05:00,38,18,
2007,RS,10,118,208,MAD,PBFJ,"MUMBRU, ALEX",2FGM,Two Pointer,2,56,61,C,,,,16,05:00,40,18,
2007,RS,10,118,209,BAM,PBOF,"GARRETT, ROBERT",2FGA,Missed Two Pointer,0,64,76,C,,,,16,05:00,40,18,
2007,RS,10,118,230,MAD,PCRF,"HERVELLE, AXEL",3FGM,Three Pointer,3,456,523,G,,,,17,04:00,43,18,
2007,RS,10,118,234,BAM,PJJZ,"SUPUT, PREDRAG",FTM,Free Throw In,1,-1,-1, ,,,,17,04:00,43,19,
2007,RS,10,118,237,BAM,PJSR,"ENSMINGER, CHRIS",2FGM,Two Pointer,2,-233,28,D,,,,18,03:00,43,21,
2007,RS,10,118,240,MAD,PAPP,"PAPADOPOULOS, LAZAROS",FTM,Free Throw In,1,-1,-1, ,,,,18,03:00,44,21,
2007,RS,10,118,241,MAD,PAPP,"PAPADOPOULOS, LAZAROS",FTM,Free Throw In,1,-1,-1, ,,,,18,03:00,45,21,
2007,RS,10,118,244,BAM,PBOF,"GARRETT, ROBERT",3FGA,Missed Three Pointer,0,569,417,A,,,,18,03:00,45,21,
2007,RS,10,118,247,MAD,PKSF,"AGUILAR, PABLO",3FGM,Three Pointer,3,-676,56,F,,,,18,03:00,48,21,
2007,RS,10,118,250,BAM,PLPI,"FENN, DARREN",3FGM,Three Pointer,3,656,274,A,,,,19,02:00,48,24,
2007,RS,10,118,251,MAD,PBFJ,"MUMBRU, ALEX",3FGA,Missed Three Pointer,0,674,202,A,,,,19,02:00,48,24,
2007,RS,10,118,253,BAM,PLPI,"FENN, DARREN",3FGA,Missed Three Pointer,0,87,712,G,,,,19,02:00,48,24,
2007,RS,10,118,255,MAD,PAJO,"BULLOCK, LOUIS",3FGA,Missed Three Pointer,0,-535,415,F,,,,19,02:00,48,24,
2007,RS,10,118,261,MAD,PAIT,"LOPEZ, RAUL",3FGM,Three Pointer,3,-38,671,J,,,,20,01:00,51,24,
2007,RS,10,118,263,BAM,PJJZ,"SUPUT, PREDRAG",3FGM,Three Pointer,3,664,46,A,,,,20,01:00,51,27,
2007,RS,10,118,264,MAD,PAJO,"BULLOCK, LOUIS",3FGM,Three Pointer,3,176,653,G,,,,20,01:00,54,27,
2007,RS,10,118,271,BAM,PLKE,"DICKEL, MARK",2FGAB,Missed Two Pointer,0,-51,158,D,,,,20,01:00,54,27,
2007,RS,10,118,275,BAM,PLPI,"FENN, DARREN",2FGM,Two Pointer,2,-48,74,D,,,,20,01:00,54,29,
2007,RS,10,118,287,BAM,PCTI,"FFRIEND, KIMANI",2FGA,Missed Two Pointer,0,-202,528,I,,,,21,10:00,54,29,
2007,RS,10,118,289,MAD,PAAX,"REYES, FELIPE",2FGA,Missed Two Pointer,0,302,376,B,,,,21,10:00,54,29,
2007,RS,10,118,293,BAM,PLPI,"FENN, DARREN",2FGM,Two Pointer,2,523,148,B,,,,22,09:00,54,31,
2007,RS,10,118,297,MAD,PAAX,"REYES, FELIPE",FTM,Free Throw In,1,-1,-1, ,,,,22,09:00,55,31,
2007,RS,10,118,303,MAD,PTGB,"LLULL, SERGIO",2FGM,Two Pointer,2,-2,5,D,,,,22,09:00,57,31,
2007,RS,10,118,305,BAM,PCTI,"FFRIEND, KIMANI",2FGA,Missed Two Pointer,0,105,89,C,,,,23,08:00,57,31,
2007,RS,10,118,309,BAM,PJJZ,"SUPUT, PREDRAG",2FGM,Two Pointer,2,66,53,C,,,,23,08:00,57,33,
2007,RS,10,118,311,MAD,PAJO,"BULLOCK, LOUIS",3FGM,Three Pointer,3,482,530,G,,,,23,08:00,60,33,
2007,RS,10,118,312,BAM,PBOF,"GARRETT, ROBERT",2FGA,Missed Two Pointer,0,-23,225,D,,,,23,08:00,60,33,
2007,RS,10,118,315,MAD,PBFJ,"MUMBRU, ALEX",3FGA,Missed Three Pointer,0,671,46,A,,,,24,07:00,60,33,
2007,RS,10,118,319,BAM,PJJZ,"SUPUT, PREDRAG",3FGM,Three Pointer,3,520,448,G,,,,24,07:00,60,36,
2007,RS,10,118,321,MAD,PBFJ,"MUMBRU, ALEX",3FGM,Three Pointer,3,51,679,G,,,,24,07:00,63,36,
2007,RS,10,118,326,BAM,PLPI,"FENN, DARREN",3FGM,Three Pointer,3,-79,676,J,,,,25,06:00,63,39,
2007,RS,10,118,328,MAD,PAAX,"REYES, FELIPE",2FGM,Two Pointer,2,43,82,C,,,,25,06:00,65,39,
2007,RS,10,118,329,BAM,PJJZ,"SUPUT, PREDRAG",2FGA,Missed Two Pointer,0,48,82,C,,,,25,06:00,65,39,
2007,RS,10,118,338,BAM,PJJZ,"SUPUT, PREDRAG",2FGM,Two Pointer,2,-266,441,I,,,,26,05:00,65,41,
2007,RS,10,118,339,MAD,PTGB,"LLULL, SERGIO",2FGA,Missed Two Pointer,0,182,225,C,,,,26,05:00,65,41,
2007,RS,10,118,346,BAM,PJJZ,"SUPUT, PREDRAG",3FGA,Missed Three Pointer,0,-425,584,J,,,,27,04:00,65,41,
2007,RS,10,118,351,BAM,PJSR,"ENSMINGER, CHRIS",2FGA,Missed Two Pointer,0,146,115,C,,,,27,04:00,65,41,
2007,RS,10,118,353,MAD,PTGB,"LLULL, SERGIO",2FGA,Missed Two Pointer,0,-84,112,D,,,,27,04:00,65,41,
2007,RS,10,118,355,MAD,PCRF,"HERVELLE, AXEL",2FGM,Two Pointer,2,-33,100,D,,,,27,04:00,67,41,
2007,RS,10,118,356,BAM,PLPI,"FENN, DARREN",2FGA,Missed Two Pointer,0,-112,358,D,,,,27,04:00,67,41,
2007,RS,10,118,359,MAD,PCTN,"SMITH, CHARLES",3FGA,Missed Three Pointer,0,-461,538,J,,,,28,03:00,67,41,
2007,RS,10,118,373,MAD,PCRF,"HERVELLE, AXEL",3FGM,Three Pointer,3,97,687,G,,,,28,03:00,70,41,
2007,RS,10,118,375,BAM,PLPI,"FENN, DARREN",3FGM,Three Pointer,3,-128,741,J,,,,29,02:00,70,44,
2007,RS,10,118,377,MAD,PCRF,"HERVELLE, AXEL",3FGM,Three Pointer,3,71,700,G,,,,29,02:00,73,44,
2007,RS,10,118,378,BAM,PKMO,"HAUER, SAJMEN",2FGA,Missed Two Pointer,0,-15,192,D,,,,29,02:00,73,44,
2007,RS,10,118,386,MAD,PCTN,"SMITH, CHARLES",2FGA,Missed Two Pointer,0,-35,105,D,,,,30,01:00,73,44,
2007,RS,10,118,387,MAD,PCRF,"HERVELLE, AXEL",2FGM,Two Pointer,2,-23,82,D,,,,30,01:00,75,44,
2007,RS,10,118,388,BAM,PLPI,"FENN, DARREN",3FGA,Missed Three Pointer,0,184,692,G,,,,30,01:00,75,44,
2007,RS,10,118,399,BAM,PJSR,"ENSMINGER, CHRIS",2FGM,Two Pointer,2,-17,141,D,,,,31,10:00,75,46,
2007,RS,10,118,400,MAD,PCTN,"SMITH, CHARLES",2FGA,Missed Two Pointer,0,71,69,C,,,,31,10:00,75,46,
2007,RS,10,118,402,MAD,PAFB,"SEKULIC, BLAGOTA",2FGM,Two Pointer,2,-5,94,D,,,,31,10:00,77,46,
2007,RS,10,118,404,BAM,PKMO,"HAUER, SAJMEN",2FGA,Missed Two Pointer,0,-15,171,D,,,,32,09:00,77,46,
2007,RS,10,118,431,MAD,PARR,"TUNCERI, KEREM",3FGM,Three Pointer,3,566,412,A,,,,33,08:00,80,46,
2007,RS,10,118,435,BAM,PCTI,"FFRIEND, KIMANI",FTM,Free Throw In,1,-1,-1, ,,,,33,08:00,80,47,
2007,RS,10,118,437,MAD,PARR,"TUNCERI, KEREM",3FGA,Missed Three Pointer,0,207,712,G,,,,34,07:00,80,47,
2007,RS,10,118,439,MAD,PAFB,"SEKULIC, BLAGOTA",3FGA,Missed Three Pointer,0,-348,617,J,,,,34,07:00,80,47,
2007,RS,10,118,447,MAD,PAAX,"REYES, FELIPE",FTM,Free Throw In,1,-1,-1, ,,,,34,07:00,81,47,
2007,RS,10,118,448,MAD,PAAX,"REYES, FELIPE",FTM,Free Throw In,1,-1,-1, ,,,,34,07:00,82,47,
2007,RS,10,118,449,BAM,PKMO,"HAUER, SAJMEN",3FGA,Missed Three Pointer,0,307,628,G,,,,34,07:00,82,47,
2007,RS,10,118,453,MAD,PAPP,"PAPADOPOULOS, LAZAROS",2FGM,Two Pointer,2,107,256,C,,,,35,06:00,84,47,
2007,RS,10,118,457,BAM,PBOF,"GARRETT, ROBERT",2FGA,Missed Two Pointer,0,271,220,B,,,,35,06:00,84,47,
2007,RS,10,118,459,BAM,PCTI,"FFRIEND, KIMANI",2FGA,Missed Two Pointer,0,135,328,C,,,,35,06:00,84,47,
2007,RS,10,118,461,MAD,PAAX,"REYES, FELIPE",2FGA,Missed Two Pointer,0,100,297,C,,,,35,06:00,84,47,
2007,RS,10,118,470,BAM,PBOF,"GARRETT, ROBERT",2FGM,Two Pointer,2,35,94,C,,,,36,05:00,84,49,
2007,RS,10,118,471,MAD,PCTN,"SMITH, CHARLES",3FGA,Missed Three Pointer,0,507,597,G,,,,36,05:00,84,49,
2007,RS,10,118,475,BAM,PJSR,"ENSMINGER, CHRIS",2FGM,Two Pointer,2,25,71,C,,,,37,04:00,84,51,
2007,RS,10,118,493,BAM,PJSR,"ENSMINGER, CHRIS",FTM,Free Throw In,1,-1,-1, ,,,,37,04:00,84,52,
2007,RS,10,118,494,BAM,PJSR,"ENSMINGER, CHRIS",FTM,Free Throw In,1,-1,-1, ,,,,37,04:00,84,53,
2007,RS,10,118,497,MAD,PAIT,"LOPEZ, RAUL",2FGA,Missed Two Pointer,0,20,384,C,,,,37,04:00,84,53,
2007,RS,10,118,507,MAD,PAIT,"LOPEZ, RAUL",FTM,Free Throw In,1,-1,-1, ,,,,38,03:00,85,53,
2007,RS,10,118,508,MAD,PAIT,"LOPEZ, RAUL",FTM,Free Throw In,1,-1,-1, ,,,,38,03:00,86,53,
2007,RS,10,118,510,MAD,PKSF,"AGUILAR, PABLO",2FGA,Missed Two Pointer,0,74,92,C,,,,38,03:00,86,53,
2007,RS,10,118,522,MAD,PAJO,"BULLOCK, LOUIS",3FGM,Three Pointer,3,-676,30,F,,,,39,02:00,89,53,
2007,RS,10,118,523,BAM,P000118,"TADDA, KARSTEN",3FGA,Missed Three Pointer,0,-435,584,J,,,,39,02:00,89,53,
2007,RS,10,118,527,MAD,PBFJ,"MUMBRU, ALEX",FTM,Free Throw In,1,-1,-1, ,,,,39,02:00,90,53,
2007,RS,10,118,530,BAM,PCTI,"FFRIEND, KIMANI",2FGM,Two Pointer,2,53,82,C,,,,39,02:00,90,55,
2007,RS,10,118,532,MAD,PAJO,"BULLOCK, LOUIS",3FGM,Three Pointer,3,135,692,G,,,,40,01:00,93,55,
2007,RS,10,118,534,BAM,PKMO,"HAUER, SAJMEN",2FGM,Two Pointer,2,97,94,C,,,,40,01:00,93,57,
2007,RS,10,118,535,MAD,PAIT,"LOPEZ, RAUL",3FGA,Missed Three Pointer,0,505,597,G,,,,40,01:00,93,57,
2007,RS,10,119,2,PAN,PJKO,"DIAMANTIDIS, DIMITRIS",2FGA,Missed Two Pointer,0,2,133,D,,,,1,10:00,0,0,
2007,RS,10,119,7,PAN,PBXE,"ZIZIC, ANDRIJA",2FGA,Missed Two Pointer,0,-38,48,D,,,,1,10:00,0,0,
2007,RS,10,119,11,PAN,PAGG,"BECIROVIC, SANI",2FGA,Missed Two Pointer,0,471,282,B,,,,2,09:00,0,0,
2007,RS,10,119,15,PAR,PBFB,"TRIPKOVIC, UROS",2FGA,Missed Two Pointer,0,325,330,B,,,,2,09:00,0,0,
2007,RS,10,119,19,PAN,PJKO,"DIAMANTIDIS, DIMITRIS",3FGA,Missed Three Pointer,0,-405,551,J,,,,2,09:00,0,0,
2007,RS,10,119,22,PAR,PKNN,"PEKOVIC, NIKOLA",2FGA,Missed Two Pointer,0,-243,123,D,,,,3,08:00,0,0,
2007,RS,10,119,24,PAR,PJNL,"BOROVNJAK, DEJAN",2FGM,Two Pointer,2,-15,25,D,,,,3,08:00,0,2,
2007,RS,10,119,25,PAN,PACN,"TSARTSARIS, KOSTAS",3FGA,Missed Three Pointer,0,133,658,G,,,,3,08:00,0,2,
2007,RS,10,119,33,PAN,PAJV,"BATISTE, MICHAEL",2FGM,Two Pointer,2,-17,35,D,,,,3,08:00,2,2,
2007,RS,10,119,38,PAN,PAJV,"BATISTE, MICHAEL",FTM,Free Throw In,1,-1,-1, ,,,,3,08:00,3,2,
2007,RS,10,119,39,PAR,PBFB,"TRIPKOVIC, UROS",3FGA,Missed Three Pointer,0,-523,489,J,,,,3,08:00,3,2,
2007,RS,10,119,42,PAN,PAGG,"BECIROVIC, SANI",3FGM,Three Pointer,3,-228,617,J,,,,4,07:00,6,2,
2007,RS,10,119,44,PAR,PKNN,"PEKOVIC, NIKOLA",2FGA,Missed Two Pointer,0,-23,451,I,,,,4,07:00,6,2,
2007,RS,10,119,48,PAN,PACN,"TSARTSARIS, KOSTAS",FTM,Free Throw In,1,-1,-1, ,,,,4,07:00,7,2,
2007,RS,10,119,49,PAN,PACN,"TSARTSARIS, KOSTAS",FTM,Free Throw In,1,-1,-1, ,,,,4,07:00,8,2,
2007,RS,10,119,51,PAR,PKNN,"PEKOVIC, NIKOLA",2FGA,Missed Two Pointer,0,-112,64,D,,,,5,06:00,8,2,
2007,RS,10,119,53,PAN,PACN,"TSARTSARIS, KOSTAS",2FGM,Two Pointer,2,-10,71,D,,,,5,06:00,10,2,
2007,RS,10,119,54,PAR,PTGU,"PALACIO, MILT",2FGA,Missed Two Pointer,0,-48,141,D,,,,5,06:00,10,2,
2007,RS,10,119,56,PAR,PKNN,"PEKOVIC, NIKOLA",2FGA,Missed Two Pointer,0,5,48,C,,,,5,06:00,10,2,
2007,RS,10,119,66,PAR,PBFE,"KECMAN, DUSAN",2FGM,Two Pointer,2,-7,484,I,,,,5,06:00,10,4,
2007,RS,10,119,70,PAN,PADG,"JASIKEVICIUS, SARUNAS",FTM,Free Throw In,1,-1,-1, ,,,,6,05:00,11,4,
2007,RS,10,119,71,PAN,PADG,"JASIKEVICIUS, SARUNAS",FTM,Free Throw In,1,-1,-1, ,,,,6,05:00,12,4,
2007,RS,10,119,74,PAR,PJJY,"BOZIC, PETAR",3FGA,Missed Three Pointer,0,648,205,A,,,,6,05:00,12,4,
2007,RS,10,119,76,PAN,PAGG,"BECIROVIC, SANI",2FGA,Missed Two Pointer,0,-15,23,D,,,,6,05:00,12,4,
2007,RS,10,119,78,PAR,PLGH,"TEPIC, MILENKO",3FGA,Missed Three Pointer,0,666,112,A,,,,6,05:00,12,4,
2007,RS,10,119,82,PAR,PKNN,"PEKOVIC, NIKOLA",FTM,Free Throw In,1,-1,-1, ,,,,6,05:00,12,5,
2007,RS,10,119,83,PAR,PKNN,"PEKOVIC, NIKOLA",FTM,Free Throw In,1,-1,-1, ,,,,6,05:00,12,6,
2007,RS,10,119,87,PAN,PAJV,"BATISTE, MICHAEL",2FGA,Missed Two Pointer,0,289,-10,B,,,,7,04:00,12,6,
2007,RS,10,119,89,PAR,PKNN,"PEKOVIC, NIKOLA",2FGA,Missed Two Pointer,0,-15,92,D,,,,7,04:00,12,6,
2007,RS,10,119,91,PAR,PKNN,"PEKOVIC, NIKOLA",2FGM,Two Pointer,2,0,51,D,,,,7,04:00,12,8,
2007,RS,10,119,96,PAN,PABB,"DIKOUDIS, DEMOS",FTM,Free Throw In,1,-1,-1, ,,,,7,04:00,13,8,
2007,RS,10,119,100,PAR,PBFE,"KECMAN, DUSAN",2FGA,Missed Two Pointer,0,-20,64,D,,,,8,03:00,13,8,
2007,RS,10,119,102,PAR,PKNN,"PEKOVIC, NIKOLA",2FGM,Two Pointer,2,7,43,C,,,,8,03:00,13,10,
2007,RS,10,119,103,PAN,PABB,"DIKOUDIS, DEMOS",FTM,Free Throw In,1,-1,-1, ,,,,8,03:00,14,10,
2007,RS,10,119,110,PAR,PBGJ,"VRANES, SLAVKO",FTM,Free Throw In,1,-1,-1, ,,,,8,03:00,14,11,
2007,RS,10,119,114,PAR,PBXO,"VITKOVAC, CEDOMIR",2FGM,Two Pointer,2,-7,56,D,,,,8,03:00,14,13,
2007,RS,10,119,120,PAN,PJKO,"DIAMANTIDIS, DIMITRIS",FTM,Free Throw In,1,-1,-1, ,,,,9,02:00,15,13,
2007,RS,10,119,121,PAN,PJKO,"DIAMANTIDIS, DIMITRIS",FTM,Free Throw In,1,-1,-1, ,,,,9,02:00,16,13,
2007,RS,10,119,122,PAR,PBXO,"VITKOVAC, CEDOMIR",3FGA,Missed Three Pointer,0,394,574,G,,,,9,02:00,16,13,
2007,RS,10,119,124,PAR,PBGJ,"VRANES, SLAVKO",2FGA,Missed Two Pointer,0,0,76,D,,,,9,02:00,16,13,
2007,RS,10,119,127,PAN,PADG,"JASIKEVICIUS, SARUNAS",2FGA,Missed Two Pointer,0,497,38,B,,,,10,01:00,16,13,
2007,RS,10,119,129,PAR,PBFE,"KECMAN, DUSAN",2FGM,Two Pointer,2,-38,43,D,,,,10,01:00,16,15,
2007,RS,10,119,131,PAN,PABB,"DIKOUDIS, DEMOS",3FGA,Missed Three Pointer,0,-666,110,F,,,,10,01:00,16,15,
2007,RS,10,119,133,PAR,PLGH,"TEPIC, MILENKO",2FGA,Missed Two Pointer,0,-30,128,D,,,,10,01:00,16,15,
2007,RS,10,119,154,PAN,PJUO,"SPANOULIS, VASSILIS",2FGA,Missed Two Pointer,0,10,61,C,,,,11,10:00,16,15,
2007,RS,10,119,156,PAR,PKNN,"PEKOVIC, NIKOLA",2FGA,Missed Two Pointer,0,-130,53,D,,,,11,10:00,16,15,
2007,RS,10,119,161,PAN,PAJV,"BATISTE, MICHAEL",2FGA,Missed Two Pointer,0,17,74,C,,,,12,09:00,16,15,
2007,RS,10,119,166,PAN,PJKO,"DIAMANTIDIS, DIMITRIS",2FGA,Missed Two Pointer,0,10,153,C,,,,13,08:00,16,15,
2007,RS,10,119,169,PAR,PTGU,"PALACIO, MILT",2FGAB,Missed Two Pointer,0,-25,66,D,,,,13,08:00,16,15,
2007,RS,10,119,172,PAN,PJUO,"SPANOULIS, VASSILIS",3FGA,Missed Three Pointer,0,692,-23,A,,,,13,08:00,16,15,
2007,RS,10,119,176,PAN,PAJV,"BATISTE, MICHAEL",2FGA,Missed Two Pointer,0,-43,107,D,,,,14,07:00,16,15,
2007,RS,10,119,178,PAR,PLGH,"TEPIC, MILENKO",3FGA,Missed Three Pointer,0,494,479,G,,,,14,07:00,16,15,
2007,RS,10,119,181,PAN,PAJV,"BATISTE, MICHAEL",2FGM,Two Pointer,2,-33,25,D,,,,14,07:00,18,15,
2007,RS,10,119,192,PAN,PJUO,"SPANOULIS, VASSILIS",FTM,Free Throw In,1,-1,-1, ,,,,14,07:00,19,15,
2007,RS,10,119,196,PAR,PBXO,"VITKOVAC, CEDOMIR",2FGA,Missed Two Pointer,0,-7,251,D,,,,15,06:00,19,15,
2007,RS,10,119,198,PAN,PAPH,"ALVERTIS, FRAGISKOS",2FGM,Two Pointer,2,-17,25,D,,,,15,06:00,21,15,
2007,RS,10,119,204,PAR,PJNL,"BOROVNJAK, DEJAN",2FGA,Missed Two Pointer,0,-15,369,D,,,,15,06:00,21,15,
2007,RS,10,119,210,PAN,PABB,"DIKOUDIS, DEMOS",2FGM,Two Pointer,2,-15,43,D,,,,16,05:00,23,15,
2007,RS,10,119,212,PAR,PTGU,"PALACIO, MILT",3FGA,Missed Three Pointer,0,43,661,G,,,,16,05:00,23,15,
2007,RS,10,119,223,PAN,PJUO,"SPANOULIS, VASSILIS",FTM,Free Throw In,1,-1,-1, ,,,,16,05:00,24,15,
2007,RS,10,119,230,PAR,PJJY,"BOZIC, PETAR",FTM,Free Throw In,1,-1,-1, ,,,,17,04:00,24,16,
2007,RS,10,119,231,PAN,PADG,"JASIKEVICIUS, SARUNAS",2FGM,Two Pointer,2,25,212,C,,,,17,04:00,26,16,
2007,RS,10,119,233,PAN,PTFY,"WINSTON, KENNEDY",2FGA,Missed Two Pointer,0,-10,56,D,,,,17,04:00,26,16,
2007,RS,10,119,236,PAR,PBFE,"KECMAN, DUSAN",3FGM,Three Pointer,3,-700,71,F,,,,18,03:00,26,19,
2007,RS,10,119,238,PAN,PADG,"JASIKEVICIUS, SARUNAS",2FGM,Two Pointer,2,0,110,D,,,,18,03:00,28,19,
2007,RS,10,119,239,PAR,PLGH,"TEPIC, MILENKO",3FGA,Missed Three Pointer,0,-479,548,J,,,,18,03:00,28,19,
2007,RS,10,119,243,PAN,PAPH,"ALVERTIS, FRAGISKOS",FTM,Free Throw In,1,-1,-1, ,,,,18,03:00,29,19,
2007,RS,10,119,248,PAR,PBFE,"KECMAN, DUSAN",2FGM,Two Pointer,2,-17,41,D,,,,18,03:00,29,21,
2007,RS,10,119,250,PAN,PABB,"DIKOUDIS, DEMOS",2FGA,Missed Two Pointer,0,94,53,C,,,,19,02:00,29,21,
2007,RS,10,119,256,PAR,PBFE,"KECMAN, DUSAN",3FGM,Three Pointer,3,512,420,A,,,,19,02:00,29,24,
2007,RS,10,119,257,PAN,PADG,"JASIKEVICIUS, SARUNAS",2FGA,Missed Two Pointer,0,43,82,C,,,,19,02:00,29,24,
2007,RS,10,119,261,PAR,PBFE,"KECMAN, DUSAN",2FGM,Two Pointer,2,2,202,D,,,,20,01:00,29,26,
2007,RS,10,119,275,PAN,PAPH,"ALVERTIS, FRAGISKOS",FTM,Free Throw In,1,-1,-1, ,,,,20,01:00,30,26,
2007,RS,10,119,277,PAN,PAPH,"ALVERTIS, FRAGISKOS",FTM,Free Throw In,1,-1,-1, ,,,,20,01:00,31,26,
2007,RS,10,119,280,PAR,PJJY,"BOZIC, PETAR",3FGM,Three Pointer,3,0,692,J,,,,20,01:00,31,29,
2007,RS,10,119,286,PAN,PADG,"JASIKEVICIUS, SARUNAS",FTM,Free Throw In,1,-1,-1, ,,,,20,01:00,32,29,
2007,RS,10,119,287,PAN,PADG,"JASIKEVICIUS, SARUNAS",FTM,Free Throw In,1,-1,-1, ,,,,20,01:00,33,29,
2007,RS,10,119,289,PAR,PBFB,"TRIPKOVIC, UROS",2FGAB,Missed Two Pointer,0,-102,94,D,,,,20,01:00,33,29,
2007,RS,10,119,307,PAN,PJKO,"DIAMANTIDIS, DIMITRIS",3FGA,Missed Three Pointer,0,694,7,A,,,,21,10:00,33,29,
2007,RS,10,119,309,PAR,PBFE,"KECMAN, DUSAN",3FGA,Missed Three Pointer,0,497,525,G,,,,21,10:00,33,29,
2007,RS,10,119,311,PAN,PJKO,"DIAMANTIDIS, DIMITRIS",3FGM,Three Pointer,3,-189,669,J,,,,21,10:00,36,29,
2007,RS,10,119,313,PAR,PBFE,"KECMAN, DUSAN",2FGM,Two Pointer,2,23,35,C,,,,22,09:00,36,31,
2007,RS,10,119,315,PAN,PAPH,"ALVERTIS, FRAGISKOS",3FGM,Three Pointer,3,-17,694,J,,,,22,09:00,39,31,
2007,RS,10,119,326,PAN,PAGG,"BECIROVIC, SANI",FTM,Free Throw In,1,-1,-1, ,,,,22,09:00,40,31,
2007,RS,10,119,327,PAN,PAGG,"BECIROVIC, SANI",FTM,Free Throw In,1,-1,-1, ,,,,22,09:00,41,31,
2007,RS,10,119,328,PAN,PTFY,"WINSTON, KENNEDY",2FGM,Two Pointer,2,-28,58,D,,,,22,09:00,43,31,
2007,RS,10,119,330,PAR,PTGU,"PALACIO, MILT",2FGAB,Missed Two Pointer,0,-12,46,D,,,,23,08:00,43,31,
2007,RS,10,119,338,PAR,PLGH,"TEPIC, MILENKO",2FGA,Missed Two Pointer,0,7,58,C,,,,23,08:00,43,31,
2007,RS,10,119,341,PAN,PAGG,"BECIROVIC, SANI",2FGM,Two Pointer,2,-35,43,D,,,,24,07:00,45,31,
2007,RS,10,119,343,PAR,PKNN,"PEKOVIC, NIKOLA",2FGM,Two Pointer,2,-7,30,D,,,,24,07:00,45,33,
2007,RS,10,119,344,PAN,PTFY,"WINSTON, KENNEDY",3FGM,Three Pointer,3,-487,505,J,,,,24,07:00,48,33,
2007,RS,10,119,356,PAR,PTHY,"MILOSEVIC, STRAHINJA",2FGM,Two Pointer,2,5,110,C,,,,25,06:00,48,35,
2007,RS,10,119,357,PAN,PAPH,"ALVERTIS, FRAGISKOS",3FGA,Missed Three Pointer,0,-228,653,J,,,,25,06:00,48,35,
2007,RS,10,119,368,PAR,PBFB,"TRIPKOVIC, UROS",2FGA,Missed Two Pointer,0,-30,94,D,,,,26,05:00,48,35,
2007,RS,10,119,373,PAN,PADG,"JASIKEVICIUS, SARUNAS",2FGA,Missed Two Pointer,0,-58,161,D,,,,26,05:00,48,35,
2007,RS,10,119,377,PAR,PTGU,"PALACIO, MILT",FTM,Free Throw In,1,-1,-1, ,,,,26,05:00,48,36,
2007,RS,10,119,378,PAR,PTGU,"PALACIO, MILT",FTM,Free Throw In,1,-1,-1, ,,,,26,05:00,48,37,
2007,RS,10,119,383,PAN,PAGG,"BECIROVIC, SANI",FTM,Free Throw In,1,-1,-1, ,,,,26,05:00,49,37,
2007,RS,10,119,384,PAN,PAGG,"BECIROVIC, SANI",FTM,Free Throw In,1,-1,-1, ,,,,26,05:00,50,37,
2007,RS,10,119,388,PAR,PBFE,"KECMAN, DUSAN",2FGM,Two Pointer,2,41,25,C,,,,27,04:00,50,39,
2007,RS,10,119,391,PAN,PJUO,"SPANOULIS, VASSILIS",3FGA,Missed Three Pointer,0,-392,592,J,,,,27,04:00,50,39,
2007,RS,10,119,393,PAN,PTFY,"WINSTON, KENNEDY",2FGA,Missed Two Pointer,0,2,64,D,,,,27,04:00,50,39,
2007,RS,10,119,396,PAR,PTGU,"PALACIO, MILT",2FGM,Two Pointer,2,2,46,D,,,,27,04:00,50,41,
2007,RS,10,119,399,PAN,PADG,"JASIKEVICIUS, SARUNAS",2FGA,Missed Two Pointer,0,-30,310,D,,,,28,03:00,50,41,
2007,RS,10,119,401,PAR,PLGH,"TEPIC, MILENKO",3FGA,Missed Three Pointer,0,-30,689,J,,,,28,03:00,50,41,
2007,RS,10,119,408,PAN,PAJV,"BATISTE, MICHAEL",FTM,Free Throw In,1,-1,-1, ,,,,28,03:00,51,41,
2007,RS,10,119,409,PAN,PAJV,"BATISTE, MICHAEL",FTM,Free Throw In,1,-1,-1, ,,,,28,03:00,52,41,
2007,RS,10,119,412,PAR,PLGH,"TEPIC, MILENKO",3FGA,Missed Three Pointer,0,-689,66,F,,,,28,03:00,52,41,
2007,RS,10,119,416,PAN,PABB,"DIKOUDIS, DEMOS",2FGM,Two Pointer,2,-2,128,D,,,,28,03:00,54,41,
2007,RS,10,119,424,PAR,PBFB,"TRIPKOVIC, UROS",3FGA,Missed Three Pointer,0,-669,112,F,,,,29,02:00,54,41,
2007,RS,10,119,428,PAR,PTGU,"PALACIO, MILT",2FGA,Missed Two Pointer,0,-23,82,D,,,,29,02:00,54,41,
2007,RS,10,119,430,PAN,PABB,"DIKOUDIS, DEMOS",2FGAB,Missed Two Pointer,0,51,112,C,,,,29,02:00,54,41,
2007,RS,10,119,434,PAR,PBFE,"KECMAN, DUSAN",2FGM,Two Pointer,2,-35,56,D,,,,29,02:00,54,43,
2007,RS,10,119,440,PAN,PABB,"DIKOUDIS, DEMOS",FTM,Free Throw In,1,-1,-1, ,,,,29,02:00,55,43,
2007,RS,10,119,444,PAR,PBXO,"VITKOVAC, CEDOMIR",2FGA,Missed Two Pointer,0,5,64,C,,,,30,01:00,55,43,
2007,RS,10,119,446,PAN,PTFY,"WINSTON, KENNEDY",3FGA,Missed Three Pointer,0,-48,689,J,,,,30,01:00,55,43,
2007,RS,10,119,448,PAR,PTGU,"PALACIO, MILT",3FGA,Missed Three Pointer,0,46,692,G,,,,30,01:00,55,43,
2007,RS,10,119,459,PAN,PJUO,"SPANOULIS, VASSILIS",2FGAB,Missed Two Pointer,0,-5,125,D,,,,31,10:00,55,43,
2007,RS,10,119,463,PAR,PBFB,"TRIPKOVIC, UROS",3FGA,Missed Three Pointer,0,697,105,A,,,,31,10:00,55,43,
2007,RS,10,119,465,PAN,PADG,"JASIKEVICIUS, SARUNAS",2FGM,Two Pointer,2,289,79,B,,,,31,10:00,57,43,
2007,RS,10,119,467,PAR,PBXO,"VITKOVAC, CEDOMIR",2FGM,Two Pointer,2,146,28,C,,,,32,09:00,57,45,
2007,RS,10,119,470,PAN,PBCS,"HATZIVRETTAS, NIKOS",2FGM,Two Pointer,2,-15,58,D,,,,32,09:00,59,45,
2007,RS,10,119,474,PAN,PBCS,"HATZIVRETTAS, NIKOS",3FGA,Missed Three Pointer,0,-82,679,J,,,,33,08:00,59,45,
2007,RS,10,119,478,PAR,PBFE,"KECMAN, DUSAN",3FGA,Missed Three Pointer,0,-528,417,F,,,,33,08:00,59,45,
2007,RS,10,119,489,PAR,PJNL,"BOROVNJAK, DEJAN",2FGM,Two Pointer,2,17,41,C,,,,34,07:00,59,47,
2007,RS,10,119,493,PAR,PKNN,"PEKOVIC, NIKOLA",2FGM,Two Pointer,2,-23,38,D,,,,35,06:00,59,49,
2007,RS,10,119,498,PAR,PKNN,"PEKOVIC, NIKOLA",FTM,Free Throw In,1,-1,-1, ,,,,35,06:00,59,50,
2007,RS,10,119,501,PAN,PJUO,"SPANOULIS, VASSILIS",3FGA,Missed Three Pointer,0,661,169,A,,,,35,06:00,59,50,
2007,RS,10,119,507,PAR,PBFB,"TRIPKOVIC, UROS",3FGM,Three Pointer,3,-371,561,J,,,,35,06:00,59,53,
2007,RS,10,119,510,PAN,PJUO,"SPANOULIS, VASSILIS",2FGA,Missed Two Pointer,0,-94,133,D,,,,36,05:00,59,53,
2007,RS,10,119,512,PAR,PBFB,"TRIPKOVIC, UROS",2FGM,Two Pointer,2,53,94,C,,,,36,05:00,59,55,
2007,RS,10,119,513,PAN,PADG,"JASIKEVICIUS, SARUNAS",2FGM,Two Pointer,2,-376,446,I,,,,36,05:00,61,55,
2007,RS,10,119,515,PAR,PKNN,"PEKOVIC, NIKOLA",2FGM,Two Pointer,2,12,51,C,,,,37,04:00,61,57,
2007,RS,10,119,517,PAN,PACN,"TSARTSARIS, KOSTAS",2FGA,Missed Two Pointer,0,10,79,C,,,,37,04:00,61,57,
2007,RS,10,119,519,PAR,PBFB,"TRIPKOVIC, UROS",2FGM,Two Pointer,2,-17,41,D,,,,37,04:00,61,59,
2007,RS,10,119,534,PAN,PADG,"JASIKEVICIUS, SARUNAS",3FGM,Three Pointer,3,-176,676,J,,,,38,03:00,64,59,
2007,RS,10,119,535,PAR,PBFE,"KECMAN, DUSAN",2FGM,Two Pointer,2,-30,46,D,,,,38,03:00,64,61,
2007,RS,10,119,537,PAN,PADG,"JASIKEVICIUS, SARUNAS",2FGM,Two Pointer,2,-53,71,D,,,,38,03:00,66,61,
2007,RS,10,119,538,PAR,PKNN,"PEKOVIC, NIKOLA",2FGM,Two Pointer,2,-28,46,D,,,,38,03:00,66,63,
2007,RS,10,119,540,PAN,PTFY,"WINSTON, KENNEDY",3FGA,Missed Three Pointer,0,671,35,A,,,,39,02:00,66,63,
2007,RS,10,119,542,PAR,PBFB,"TRIPKOVIC, UROS",3FGA,Missed Three Pointer,0,-687,71,F,,,,39,02:00,66,63,
2007,RS,10,119,544,PAR,PBFB,"TRIPKOVIC, UROS",3FGA,Missed Three Pointer,0,-674,120,F,,,,39,02:00,66,63,
2007,RS,10,119,547,PAN,PADG,"JASIKEVICIUS, SARUNAS",3FGA,Missed Three Pointer,0,-148,671,J,,,,40,01:00,66,63,
2007,RS,10,119,552,PAR,PTGU,"PALACIO, MILT",FTM,Free Throw In,1,-1,-1, ,,,,40,01:00,66,64,
2007,RS,10,119,557,PAN,PJUO,"SPANOULIS, VASSILIS",FTM,Free Throw In,1,-1,-1, ,,,,40,01:00,67,64,
2007,RS,10,119,561,PAR,PTGU,"PALACIO, MILT",2FGM,Two Pointer,2,-5,33,D,,,,40,01:00,67,66,
2007,RS,10,120,4,BAR,PJJF,"TRIAS, JORDI",2FGM,Two Pointer,2,2,17,D,,,,1,10:00,0,2,
2007,RS,10,120,10,ROA,PTEV,"HESS, ADAM",3FGA,Missed Three Pointer,0,20,646,G,,,,2,09:00,0,2,
2007,RS,10,120,12,ROA,PTEZ,"RUSH, BRION",2FGM,Two Pointer,2,-446,33,E,,,,2,09:00,2,2,
2007,RS,10,120,13,BAR,PJJF,"TRIAS, JORDI",2FGM,Two Pointer,2,71,430,H,,,,2,09:00,2,4,
2007,RS,10,120,15,ROA,PTEZ,"RUSH, BRION",2FGA,Missed Two Pointer,0,-489,-58,E,,,,2,09:00,2,4,
2007,RS,10,120,17,ROA,PTEU,"SALYERS, MARC",2FGM,Two Pointer,2,-87,41,D,,,,2,09:00,4,4,
2007,RS,10,120,19,BAR,PLGC,"ACKER, ALEX",2FGA,Missed Two Pointer,0,-141,64,D,,,,3,08:00,4,4,
2007,RS,10,120,21,ROA,PTEU,"SALYERS, MARC",2FGA,Missed Two Pointer,0,-17,87,D,,,,3,08:00,4,4,
2007,RS,10,120,25,ROA,PTEY,"BADIANE, PAPE",FTM,Free Throw In,1,-1,-1, ,,,,3,08:00,5,4,
2007,RS,10,120,26,ROA,PTEY,"BADIANE, PAPE",FTM,Free Throw In,1,-1,-1, ,,,,3,08:00,6,4,
2007,RS,10,120,29,ROA,PTEU,"SALYERS, MARC",3FGM,Three Pointer,3,-543,469,J,,,,3,08:00,9,4,
2007,RS,10,120,32,BAR,PJKP,"ILYASOVA, ERSAN",2FGA,Missed Two Pointer,0,53,71,C,,,,4,07:00,9,4,
2007,RS,10,120,34,BAR,PBOD,"KASUN, MARIO",2FGM,Two Pointer,2,15,17,C,,,,4,07:00,9,6,
2007,RS,10,120,35,ROA,PTEU,"SALYERS, MARC",3FGA,Missed Three Pointer,0,-12,666,J,,,,4,07:00,9,6,
2007,RS,10,120,40,BAR,PJJF,"TRIAS, JORDI",FTM,Free Throw In,1,-1,-1, ,,,,4,07:00,9,7,
2007,RS,10,120,41,ROA,PTEY,"BADIANE, PAPE",2FGA,Missed Two Pointer,0,-79,487,I,,,,4,07:00,9,7,
2007,RS,10,120,47,BAR,PBOD,"KASUN, MARIO",2FGM,Two Pointer,2,23,461,H,,,,4,07:00,9,9,
2007,RS,10,120,49,ROA,PTEU,"SALYERS, MARC",2FGA,Missed Two Pointer,0,-84,61,D,,,,4,07:00,9,9,
2007,RS,10,120,51,ROA,PTEY,"BADIANE, PAPE",2FGA,Missed Two Pointer,0,-79,30,D,,,,4,07:00,9,9,
2007,RS,10,120,53,ROA,PTEU,"SALYERS, MARC",2FGM,Two Pointer,2,-71,33,D,,,,4,07:00,11,9,
2007,RS,10,120,58,BAR,PJKP,"ILYASOVA, ERSAN",3FGA,Missed Three Pointer,0,435,541,G,,,,5,06:00,11,9,
2007,RS,10,120,64,BAR,PJJF,"TRIAS, JORDI",2FGM,Two Pointer,2,5,10,C,,,,5,06:00,11,11,
2007,RS,10,120,69,ROA,PTEU,"SALYERS, MARC",2FGM,Two Pointer,2,305,194,B,,,,6,05:00,13,11,
2007,RS,10,120,70,BAR,PAZU,"SANCHEZ, PEPE",3FGA,Missed Three Pointer,0,474,494,G,,,,6,05:00,13,11,
2007,RS,10,120,79,BAR,PJKP,"ILYASOVA, ERSAN",2FGM,Two Pointer,2,-105,28,D,,,,7,04:00,13,13,
2007,RS,10,120,80,ROA,PTFB,"SOLIMAN, WILLIAMS",2FGA,Missed Two Pointer,0,-100,51,D,,,,7,04:00,13,13,
2007,RS,10,120,82,ROA,PTEY,"BADIANE, PAPE",2FGA,Missed Two Pointer,0,-100,28,D,,,,7,04:00,13,13,
2007,RS,10,120,84,ROA,PTEY,"BADIANE, PAPE",2FGA,Missed Two Pointer,0,-102,56,D,,,,7,04:00,13,13,
2007,RS,10,120,88,ROA,P000691,"HALE, RONALD",3FGA,Missed Three Pointer,0,589,343,A,,,,8,03:00,13,13,
2007,RS,10,120,90,BAR,PJJF,"TRIAS, JORDI",2FGM,Two Pointer,2,5,15,C,,,,8,03:00,13,15,
2007,RS,10,120,91,ROA,PTFB,"SOLIMAN, WILLIAMS",3FGM,Three Pointer,3,192,656,G,,,,8,03:00,16,15,
2007,RS,10,120,96,BAR,PAZU,"SANCHEZ, PEPE",2FGM,Two Pointer,2,117,148,C,,,,8,03:00,16,17,
2007,RS,10,120,99,ROA,PTEV,"HESS, ADAM",3FGA,Missed Three Pointer,0,276,589,G,,,,9,02:00,16,17,
2007,RS,10,120,105,ROA,PTEY,"BADIANE, PAPE",2FGM,Two Pointer,2,-12,-5,D,,,,9,02:00,18,17,
2007,RS,10,120,108,BAR,PLGC,"ACKER, ALEX",FTM,Free Throw In,1,-1,-1, ,,,,9,02:00,18,18,
2007,RS,10,120,109,BAR,PLGC,"ACKER, ALEX",FTM,Free Throw In,1,-1,-1, ,,,,9,02:00,18,19,
2007,RS,10,120,112,ROA,PTEV,"HESS, ADAM",2FGA,Missed Two Pointer,0,-528,307,E,,,,9,02:00,18,19,
2007,RS,10,120,115,BAR,PBOD,"KASUN, MARIO",2FGM,Two Pointer,2,-2,7,D,,,,9,02:00,18,21,
2007,RS,10,120,117,ROA,PTFC,"POUPET, PIERRIC",3FGA,Missed Three Pointer,0,-17,692,J,,,,10,01:00,18,21,
2007,RS,10,120,120,ROA,PTEV,"HESS, ADAM",2FGM,Two Pointer,2,294,46,B,,,,10,01:00,20,21,
2007,RS,10,120,121,BAR,PJJF,"TRIAS, JORDI",2FGA,Missed Two Pointer,0,-84,30,D,,,,10,01:00,20,21,
2007,RS,10,120,126,ROA,PTFB,"SOLIMAN, WILLIAMS",3FGA,Missed Three Pointer,0,-246,1158,J,,,,10,01:00,20,21,
2007,RS,10,120,137,ROA,PTEU,"SALYERS, MARC",2FGM,Two Pointer,2,107,46,C,,,,11,10:00,22,21,
2007,RS,10,120,141,ROA,P000691,"HALE, RONALD",3FGA,Missed Three Pointer,0,-607,287,F,,,,11,10:00,22,21,
2007,RS,10,120,144,BAR,PAHW,"MARCONATO, DENIS",2FGA,Missed Two Pointer,0,-251,351,E,,,,11,10:00,22,21,
2007,RS,10,120,147,BAR,PJKP,"ILYASOVA, ERSAN",2FGM,Two Pointer,2,179,141,C,,,,12,09:00,22,23,
2007,RS,10,120,148,ROA,PTEX,"PELLIN, MARC-ANTOINE",2FGA,Missed Two Pointer,0,-233,425,E,,,,12,09:00,22,23,
2007,RS,10,120,150,BAR,PAZU,"SANCHEZ, PEPE",2FGA,Missed Two Pointer,0,192,53,C,,,,12,09:00,22,23,
2007,RS,10,120,152,BAR,PJKP,"ILYASOVA, ERSAN",2FGA,Missed Two Pointer,0,-158,56,D,,,,12,09:00,22,23,
2007,RS,10,120,159,BAR,PJKP,"ILYASOVA, ERSAN",2FGA,Missed Two Pointer,0,-66,274,D,,,,13,08:00,22,23,
2007,RS,10,120,161,ROA,P000691,"HALE, RONALD",2FGA,Missed Two Pointer,0,51,41,C,,,,13,08:00,22,23,
2007,RS,10,120,167,ROA,PTFB,"SOLIMAN, WILLIAMS",FTM,Free Throw In,1,-1,-1, ,,,,13,08:00,23,23,
2007,RS,10,120,168,ROA,PTFB,"SOLIMAN, WILLIAMS",FTM,Free Throw In,1,-1,-1, ,,,,13,08:00,24,23,
2007,RS,10,120,171,BAR,PBKE,"GRIMAU, ROGER",3FGA,Missed Three Pointer,0,174,700,G,,,,13,08:00,24,23,
2007,RS,10,120,176,ROA,PTEU,"SALYERS, MARC",2FGA,Missed Two Pointer,0,-507,151,E,,,,14,07:00,24,23,
2007,RS,10,120,178,BAR,PJJF,"TRIAS, JORDI",2FGM,Two Pointer,2,76,12,C,,,,14,07:00,24,25,
2007,RS,10,120,180,ROA,PTEU,"SALYERS, MARC",2FGA,Missed Two Pointer,0,148,0,C,,,,14,07:00,24,25,
2007,RS,10,120,182,BAR,PADS,"BASILE, GIANLUCA",2FGM,Two Pointer,2,430,348,B,,,,14,07:00,24,27,
2007,RS,10,120,191,ROA,PTEZ,"RUSH, BRION",3FGM,Three Pointer,3,76,671,G,,,,15,06:00,27,27,
2007,RS,10,120,195,ROA,PTEZ,"RUSH, BRION",2FGA,Missed Two Pointer,0,107,115,C,,,,15,06:00,27,27,
2007,RS,10,120,199,ROA,PTEV,"HESS, ADAM",FTM,Free Throw In,1,-1,-1, ,,,,15,06:00,28,27,
2007,RS,10,120,200,ROA,PTEV,"HESS, ADAM",FTM,Free Throw In,1,-1,-1, ,,,,15,06:00,29,27,
2007,RS,10,120,201,BAR,PATA,"LAKOVIC, JAKA",2FGA,Missed Two Pointer,0,517,56,B,,,,15,06:00,29,27,
2007,RS,10,120,205,ROA,PTEY,"BADIANE, PAPE",FTM,Free Throw In,1,-1,-1, ,,,,15,06:00,30,27,
2007,RS,10,120,208,BAR,PADS,"BASILE, GIANLUCA",3FGA,Missed Three Pointer,0,-656,182,F,,,,15,06:00,30,27,
2007,RS,10,120,210,ROA,PTEU,"SALYERS, MARC",3FGA,Missed Three Pointer,0,-602,417,F,,,,15,06:00,30,27,
2007,RS,10,120,215,BAR,PADS,"BASILE, GIANLUCA",3FGM,Three Pointer,3,538,471,G,,,,15,06:00,30,30,
2007,RS,10,120,218,ROA,PTEY,"BADIANE, PAPE",2FGM,Two Pointer,2,-348,7,E,,,,15,06:00,32,30,
2007,RS,10,120,225,ROA,PTEV,"HESS, ADAM",2FGM,Two Pointer,2,-48,56,D,,,,16,05:00,34,30,
2007,RS,10,120,233,ROA,PTEV,"HESS, ADAM",FTM,Free Throw In,1,-1,-1, ,,,,17,04:00,35,30,
2007,RS,10,120,236,BAR,PBOD,"KASUN, MARIO",2FGA,Missed Two Pointer,0,-84,117,D,,,,17,04:00,35,30,
2007,RS,10,120,243,ROA,PTEY,"BADIANE, PAPE",2FGM,Two Pointer,2,-79,397,D,,,,17,04:00,37,30,
2007,RS,10,120,245,BAR,PBKE,"GRIMAU, ROGER",3FGM,Three Pointer,3,-505,494,J,,,,17,04:00,37,33,
2007,RS,10,120,252,ROA,PTEV,"HESS, ADAM",2FGM,Two Pointer,2,-2,15,D,,,,17,04:00,39,33,
2007,RS,10,120,255,BAR,PBOD,"KASUN, MARIO",2FGM,Two Pointer,2,-5,105,D,,,,19,02:00,39,35,
2007,RS,10,120,258,BAR,PBKE,"GRIMAU, ROGER",2FGM,Two Pointer,2,2,107,D,,,,19,02:00,39,37,
2007,RS,10,120,260,ROA,PTEU,"SALYERS, MARC",2FGA,Missed Two Pointer,0,38,69,C,,,,19,02:00,39,37,
2007,RS,10,120,264,ROA,PTEV,"HESS, ADAM",FTM,Free Throw In,1,-1,-1, ,,,,19,02:00,40,37,
2007,RS,10,120,271,ROA,PTEU,"SALYERS, MARC",FTM,Free Throw In,1,-1,-1, ,,,,20,01:00,41,37,
2007,RS,10,120,274,ROA,PTEU,"SALYERS, MARC",2FGA,Missed Two Pointer,0,-230,433,I,,,,20,01:00,41,37,
2007,RS,10,120,276,ROA,PTEV,"HESS, ADAM",2FGA,Missed Two Pointer,0,-148,169,D,,,,20,01:00,41,37,
2007,RS,10,120,278,BAR,PJJF,"TRIAS, JORDI",3FGA,Missed Three Pointer,0,369,579,G,,,,20,01:00,41,37,
2007,RS,10,120,285,BAR,PADS,"BASILE, GIANLUCA",3FGA,Missed Three Pointer,0,443,543,G,,,,21,10:00,41,37,
2007,RS,10,120,288,ROA,PTEY,"BADIANE, PAPE",2FGM,Two Pointer,2,-2,7,D,,,,21,10:00,43,37,
2007,RS,10,120,290,BAR,PJJF,"TRIAS, JORDI",2FGA,Missed Two Pointer,0,-76,120,D,,,,22,09:00,43,37,
2007,RS,10,120,293,BAR,PJJF,"TRIAS, JORDI",2FGM,Two Pointer,2,2,10,D,,,,22,09:00,43,39,
2007,RS,10,120,295,ROA,PTEU,"SALYERS, MARC",2FGM,Two Pointer,2,-61,48,D,,,,22,09:00,45,39,
2007,RS,10,120,298,ROA,PTEU,"SALYERS, MARC",2FGA,Missed Two Pointer,0,115,166,C,,,,22,09:00,45,39,
2007,RS,10,120,303,BAR,PATA,"LAKOVIC, JAKA",2FGA,Missed Two Pointer,0,43,89,C,,,,23,08:00,45,39,
2007,RS,10,120,309,BAR,PATA,"LAKOVIC, JAKA",2FGA,Missed Two Pointer,0,-397,438,I,,,,23,08:00,45,39,
2007,RS,10,120,312,BAR,PADS,"BASILE, GIANLUCA",3FGA,Missed Three Pointer,0,179,656,G,,,,23,08:00,45,39,
2007,RS,10,120,314,ROA,P000691,"HALE, RONALD",3FGA,Missed Three Pointer,0,679,61,A,,,,23,08:00,45,39,
2007,RS,10,120,318,ROA,P000691,"HALE, RONALD",2FGM,Two Pointer,2,107,102,C,,,,23,08:00,47,39,
2007,RS,10,120,320,BAR,PADS,"BASILE, GIANLUCA",2FGM,Two Pointer,2,53,66,C,,,,23,08:00,47,41,
2007,RS,10,120,324,BAR,PADS,"BASILE, GIANLUCA",FTM,Free Throw In,1,-1,-1, ,,,,24,07:00,47,42,
2007,RS,10,120,327,BAR,PJKP,"ILYASOVA, ERSAN",2FGA,Missed Two Pointer,0,-2,112,D,,,,24,07:00,47,42,
2007,RS,10,120,329,BAR,PJKP,"ILYASOVA, ERSAN",2FGM,Two Pointer,2,-64,89,D,,,,24,07:00,47,44,
2007,RS,10,120,336,ROA,PTEU,"SALYERS, MARC",2FGA,Missed Two Pointer,0,-17,110,D,,,,25,06:00,47,44,
2007,RS,10,120,341,ROA,PTEV,"HESS, ADAM",3FGA,Missed Three Pointer,0,141,666,G,,,,25,06:00,47,44,
2007,RS,10,120,343,BAR,PJKP,"ILYASOVA, ERSAN",3FGA,Missed Three Pointer,0,574,364,A,,,,25,06:00,47,44,
2007,RS,10,120,346,BAR,PJJF,"TRIAS, JORDI",2FGM,Two Pointer,2,-66,107,D,,,,25,06:00,47,46,
2007,RS,10,120,348,ROA,PTEY,"BADIANE, PAPE",2FGA,Missed Two Pointer,0,410,28,B,,,,26,05:00,47,46,
2007,RS,10,120,352,ROA,PTFC,"POUPET, PIERRIC",2FGA,Missed Two Pointer,0,-64,100,D,,,,26,05:00,47,46,
2007,RS,10,120,357,ROA,PTEY,"BADIANE, PAPE",2FGM,Two Pointer,2,94,117,C,,,,26,05:00,49,46,
2007,RS,10,120,358,BAR,PATA,"LAKOVIC, JAKA",3FGM,Three Pointer,3,379,576,G,,,,26,05:00,49,49,
2007,RS,10,120,361,ROA,PTEZ,"RUSH, BRION",2FGA,Missed Two Pointer,0,-64,51,D,,,,27,04:00,49,49,
2007,RS,10,120,363,BAR,PATA,"LAKOVIC, JAKA",2FGM,Two Pointer,2,41,110,C,,,,27,04:00,49,51,
2007,RS,10,120,365,ROA,PTEU,"SALYERS, MARC",3FGM,Three Pointer,3,351,625,G,,,,27,04:00,52,51,
2007,RS,10,120,369,BAR,PATA,"LAKOVIC, JAKA",FTM,Free Throw In,1,-1,-1, ,,,,27,04:00,52,52,
2007,RS,10,120,370,BAR,PATA,"LAKOVIC, JAKA",FTM,Free Throw In,1,-1,-1, ,,,,27,04:00,52,53,
2007,RS,10,120,371,ROA,PTEZ,"RUSH, BRION",2FGA,Missed Two Pointer,0,538,41,B,,,,27,04:00,52,53,
2007,RS,10,120,375,BAR,PBOD,"KASUN, MARIO",2FGM,Two Pointer,2,128,2,C,,,,27,04:00,52,55,
2007,RS,10,120,384,ROA,PTEZ,"RUSH, BRION",2FGM,Two Pointer,2,-300,235,E,,,,28,03:00,54,55,
2007,RS,10,120,385,BAR,PADS,"BASILE, GIANLUCA",3FGA,Missed Three Pointer,0,-617,294,F,,,,28,03:00,54,55,
2007,RS,10,120,388,ROA,PTFC,"POUPET, PIERRIC",2FGA,Missed Two Pointer,0,92,84,C,,,,29,02:00,54,55,
2007,RS,10,120,390,BAR,PADS,"BASILE, GIANLUCA",2FGM,Two Pointer,2,-69,74,D,,,,29,02:00,54,57,
2007,RS,10,120,392,ROA,PTFC,"POUPET, PIERRIC",2FGA,Missed Two Pointer,0,66,48,C,,,,30,01:00,54,57,
2007,RS,10,120,394,BAR,PJKP,"ILYASOVA, ERSAN",2FGM,Two Pointer,2,2,-2,D,,,,30,01:00,54,59,
2007,RS,10,120,397,ROA,PTEV,"HESS, ADAM",FTM,Free Throw In,1,-1,-1, ,,,,30,01:00,55,59,
2007,RS,10,120,398,ROA,PTEV,"HESS, ADAM",FTM,Free Throw In,1,-1,-1, ,,,,30,01:00,56,59,
2007,RS,10,120,403,BAR,PBKE,"GRIMAU, ROGER",3FGM,Three Pointer,3,-371,582,J,,,,30,01:00,56,62,
2007,RS,10,120,405,ROA,PTEZ,"RUSH, BRION",3FGA,Missed Three Pointer,0,697,1212,G,,,,30,01:00,56,62,
2007,RS,10,120,420,BAR,PAZU,"SANCHEZ, PEPE",2FGAB,Missed Two Pointer,0,-115,82,D,,,,31,10:00,56,62,
2007,RS,10,120,424,ROA,PTEZ,"RUSH, BRION",3FGA,Missed Three Pointer,0,279,653,G,,,,31,10:00,56,62,
2007,RS,10,120,426,ROA,PTEZ,"RUSH, BRION",3FGA,Missed Three Pointer,0,551,482,G,,,,31,10:00,56,62,
2007,RS,10,120,428,BAR,PBOD,"KASUN, MARIO",2FGM,Two Pointer,2,-97,76,D,,,,31,10:00,56,64,
2007,RS,10,120,430,ROA,PTFB,"SOLIMAN, WILLIAMS",2FGM,Two Pointer,2,41,225,C,,,,31,10:00,58,64,
2007,RS,10,120,432,BAR,PJKP,"ILYASOVA, ERSAN",2FGM,Two Pointer,2,-79,123,D,,,,31,10:00,58,66,
2007,RS,10,120,439,ROA,PTEU,"SALYERS, MARC",3FGM,Three Pointer,3,241,664,G,,,,32,09:00,61,66,
2007,RS,10,120,440,BAR,PJKP,"ILYASOVA, ERSAN",2FGA,Missed Two Pointer,0,79,71,C,,,,32,09:00,61,66,
2007,RS,10,120,442,BAR,PBOD,"KASUN, MARIO",2FGA,Missed Two Pointer,0,48,48,C,,,,32,09:00,61,66,
2007,RS,10,120,446,ROA,PTEU,"SALYERS, MARC",2FGM,Two Pointer,2,-141,71,D,,,,32,09:00,63,66,
2007,RS,10,120,455,BAR,PBOD,"KASUN, MARIO",FTM,Free Throw In,1,-1,-1, ,,,,33,08:00,63,67,
2007,RS,10,120,457,ROA,PTEX,"PELLIN, MARC-ANTOINE",2FGA,Missed Two Pointer,0,-94,89,D,,,,34,07:00,63,67,
2007,RS,10,120,467,ROA,PTFB,"SOLIMAN, WILLIAMS",2FGM,Two Pointer,2,0,0,D,,,,34,07:00,65,67,
2007,RS,10,120,470,ROA,PTFB,"SOLIMAN, WILLIAMS",FTM,Free Throw In,1,-1,-1, ,,,,34,07:00,66,67,
2007,RS,10,120,471,BAR,PATA,"LAKOVIC, JAKA",2FGM,Two Pointer,2,48,130,C,,,,34,07:00,66,69,
2007,RS,10,120,473,ROA,PTEU,"SALYERS, MARC",2FGAB,Missed Two Pointer,0,-58,41,D,,,,35,06:00,66,69,
2007,RS,10,120,477,BAR,PBKE,"GRIMAU, ROGER",3FGM,Three Pointer,3,-587,448,J,,,,35,06:00,66,72,
2007,RS,10,120,479,ROA,PTEU,"SALYERS, MARC",3FGA,Missed Three Pointer,0,-361,694,J,,,,35,06:00,66,72,
2007,RS,10,120,481,ROA,PTFB,"SOLIMAN, WILLIAMS",2FGAB,Missed Two Pointer,0,-48,89,D,,,,35,06:00,66,72,
2007,RS,10,120,490,ROA,PTFB,"SOLIMAN, WILLIAMS",FTM,Free Throw In,1,-1,-1, ,,,,36,05:00,67,72,
2007,RS,10,120,493,ROA,PTEZ,"RUSH, BRION",3FGA,Missed Three Pointer,0,-502,453,J,,,,36,05:00,67,72,
2007,RS,10,120,495,ROA,PTEU,"SALYERS, MARC",2FGM,Two Pointer,2,10,166,C,,,,36,05:00,69,72,
2007,RS,10,120,496,BAR,PATA,"LAKOVIC, JAKA",3FGM,Three Pointer,3,435,523,G,,,,36,05:00,69,75,
2007,RS,10,120,498,ROA,PTEZ,"RUSH, BRION",2FGA,Missed Two Pointer,0,-61,100,D,,,,36,05:00,69,75,
2007,RS,10,120,500,ROA,PTFB,"SOLIMAN, WILLIAMS",2FGM,Two Pointer,2,-10,64,D,,,,36,05:00,71,75,
2007,RS,10,120,501,BAR,PBKE,"GRIMAU, ROGER",2FGM,Two Pointer,2,-56,56,D,,,,36,05:00,71,77,
2007,RS,10,120,502,ROA,PTEV,"HESS, ADAM",3FGA,Missed Three Pointer,0,602,335,A,,,,36,05:00,71,77,
2007,RS,10,120,505,BAR,PATA,"LAKOVIC, JAKA",2FGA,Missed Two Pointer,0,105,76,C,,,,37,04:00,71,77,
2007,RS,10,120,511,BAR,PBOD,"KASUN, MARIO",FTM,Free Throw In,1,-1,-1, ,,,,37,04:00,71,78,
2007,RS,10,120,516,BAR,PATA,"LAKOVIC, JAKA",2FGA,Missed Two Pointer,0,58,138,C,,,,37,04:00,71,78,
2007,RS,10,120,518,BAR,PATA,"LAKOVIC, JAKA",3FGM,Three Pointer,3,535,489,G,,,,37,04:00,71,81,
2007,RS,10,120,520,ROA,PTEU,"SALYERS, MARC",3FGM,Three Pointer,3,-69,720,J,,,,37,04:00,74,81,
2007,RS,10,120,522,BAR,PJJF,"TRIAS, JORDI",2FGA,Missed Two Pointer,0,-74,117,D,,,,37,04:00,74,81,
2007,RS,10,120,524,BAR,PADS,"BASILE, GIANLUCA",3FGA,Missed Three Pointer,0,405,528,G,,,,37,04:00,74,81,
2007,RS,10,120,526,ROA,PTEX,"PELLIN, MARC-ANTOINE",2FGA,Missed Two Pointer,0,-105,135,D,,,,37,04:00,74,81,
2007,RS,10,120,528,ROA,PTEY,"BADIANE, PAPE",2FGA,Missed Two Pointer,0,443,225,B,,,,37,04:00,74,81,
2007,RS,10,120,530,ROA,PTEU,"SALYERS, MARC",2FGM,Two Pointer,2,48,74,C,,,,37,04:00,76,81,
2007,RS,10,120,535,ROA,PTEU,"SALYERS, MARC",FTM,Free Throw In,1,-1,-1, ,,,,39,02:00,77,81,
2007,RS,10,120,538,BAR,PATA,"LAKOVIC, JAKA",FTM,Free Throw In,1,-1,-1, ,,,,39,02:00,77,82,
2007,RS,10,120,539,BAR,PATA,"LAKOVIC, JAKA",FTM,Free Throw In,1,-1,-1, ,,,,39,02:00,77,83,
2007,RS,10,120,541,ROA,PTEV,"HESS, ADAM",3FGA,Missed Three Pointer,0,679,38,A,,,,39,02:00,77,83,
2007,RS,10,120,544,BAR,PJJF,"TRIAS, JORDI",2FGM,Two Pointer,2,-105,97,D,,,,39,02:00,77,85,
2007,RS,10,120,551,ROA,PTEX,"PELLIN, MARC-ANTOINE",2FGM,Two Pointer,2,333,476,H,,,,39,02:00,79,85,
2007,RS,10,120,553,BAR,PATA,"LAKOVIC, JAKA",2FGM,Two Pointer,2,-89,435,I,,,,40,01:00,79,87,
2007,RS,10,120,556,ROA,PTEU,"SALYERS, MARC",3FGA,Missed Three Pointer,0,266,646,G,,,,40,01:00,79,87,
2007,RS,10,120,560,BAR,PADS,"BASILE, GIANLUCA",FTM,Free Throw In,1,-1,-1, ,,,,40,01:00,79,88,
2007,RS,10,120,561,BAR,PADS,"BASILE, GIANLUCA",FTM,Free Throw In,1,-1,-1, ,,,,40,01:00,79,89,
2007,RS,10,120,564,BAR,PATA,"LAKOVIC, JAKA",3FGA,Missed Three Pointer,0,-276,656,J,,,,40,01:00,79,89,
2007,RS,10,120,567,ROA,P000691,"HALE, RONALD",3FGA,Missed Three Pointer,0,-374,682,J,,,,40,01:00,79,89,
2007,RS,11,121,2,OLY,P000126,"JACKSON, MARC",2FGA,Missed Two Pointer,0,133,128,C,,,,1,10:00,0,0,
2007,RS,11,121,4,CSK,PBEB,"LANGDON, TRAJAN",3FGA,Missed Three Pointer,0,-146,638,J,,,,1,10:00,0,0,
2007,RS,11,121,6,OLY,PAQU,"BOUROUSIS, IOANNIS",2FGM,Two Pointer,2,-2,7,D,,,,1,10:00,2,0,
2007,RS,11,121,10,CSK,PBEB,"LANGDON, TRAJAN",3FGA,Missed Three Pointer,0,325,607,G,,,,2,09:00,2,0,
2007,RS,11,121,12,OLY,PBFY,"BLAKNEY, RODERICK",2FGM,Two Pointer,2,20,12,C,,,,2,09:00,4,0,
2007,RS,11,121,13,CSK,PJMM,"SISKAUSKAS, RAMUNAS",2FGM,Two Pointer,2,-7,25,D,,,,2,09:00,4,2,
2007,RS,11,121,17,OLY,P000126,"JACKSON, MARC",FTM,Free Throw In,1,-1,-1, ,,,,3,08:00,5,2,
2007,RS,11,121,18,OLY,P000126,"JACKSON, MARC",FTM,Free Throw In,1,-1,-1, ,,,,3,08:00,6,2,
2007,RS,11,121,22,CSK,PJMM,"SISKAUSKAS, RAMUNAS",2FGA,Missed Two Pointer,0,-10,33,D,,,,3,08:00,6,2,
2007,RS,11,121,24,CSK,PAKT,"ANDERSEN, DAVID",2FGA,Missed Two Pointer,0,-20,64,D,,,,3,08:00,6,2,
2007,RS,11,121,26,OLY,PJDR,"TEODOSIC, MILOS",3FGA,Missed Three Pointer,0,210,648,G,,,,3,08:00,6,2,
2007,RS,11,121,29,CSK,PBEB,"LANGDON, TRAJAN",2FGA,Missed Two Pointer,0,-20,87,D,,,,4,07:00,6,2,
2007,RS,11,121,31,CSK,PAUC,"GOREE, MARCUS",2FGM,Two Pointer,2,-20,33,D,,,,4,07:00,6,4,
2007,RS,11,121,32,CSK,PBEB,"LANGDON, TRAJAN",3FGM,Three Pointer,3,156,682,G,,,,4,07:00,6,7,
2007,RS,11,121,33,OLY,PTFV,"WOODS, QYNTEL",3FGM,Three Pointer,3,141,689,G,,,,4,07:00,9,7,
2007,RS,11,121,40,OLY,P000126,"JACKSON, MARC",2FGA,Missed Two Pointer,0,2,35,D,,,,5,06:00,9,7,
2007,RS,11,121,43,CSK,PABN,"ZISIS, NIKOLAOS",2FGM,Two Pointer,2,-394,148,E,,,,5,06:00,9,9,
2007,RS,11,121,44,CSK,PABN,"ZISIS, NIKOLAOS",2FGA,Missed Two Pointer,0,30,82,C,,,,5,06:00,9,9,
2007,RS,11,121,47,OLY,PBFY,"BLAKNEY, RODERICK",2FGM,Two Pointer,2,48,323,C,,,,6,05:00,11,9,
2007,RS,11,121,48,CSK,PJMM,"SISKAUSKAS, RAMUNAS",2FGM,Two Pointer,2,287,492,H,,,,6,05:00,11,11,
2007,RS,11,121,53,OLY,P000126,"JACKSON, MARC",2FGA,Missed Two Pointer,0,87,97,C,,,,6,05:00,11,11,
2007,RS,11,121,56,CSK,PAKT,"ANDERSEN, DAVID",3FGA,Missed Three Pointer,0,387,548,G,,,,7,04:00,11,11,
2007,RS,11,121,61,CSK,PJMM,"SISKAUSKAS, RAMUNAS",3FGA,Missed Three Pointer,0,451,523,G,,,,7,04:00,11,11,
2007,RS,11,121,64,OLY,P000126,"JACKSON, MARC",2FGA,Missed Two Pointer,0,-61,38,D,,,,7,04:00,11,11,
2007,RS,11,121,66,CSK,PABN,"ZISIS, NIKOLAOS",2FGM,Two Pointer,2,5,15,C,,,,7,04:00,11,13,
2007,RS,11,121,73,CSK,PABN,"ZISIS, NIKOLAOS",2FGM,Two Pointer,2,23,97,C,,,,8,03:00,11,15,
2007,RS,11,121,74,OLY,PTFV,"WOODS, QYNTEL",2FGM,Two Pointer,2,2,15,D,,,,8,03:00,13,15,
2007,RS,11,121,76,CSK,PAUC,"GOREE, MARCUS",2FGA,Missed Two Pointer,0,0,76,D,,,,9,02:00,13,15,
2007,RS,11,121,78,OLY,PBFY,"BLAKNEY, RODERICK",2FGA,Missed Two Pointer,0,-35,48,D,,,,9,02:00,13,15,
2007,RS,11,121,81,CSK,PJMM,"SISKAUSKAS, RAMUNAS",3FGA,Missed Three Pointer,0,423,520,G,,,,10,01:00,13,15,
2007,RS,11,121,84,OLY,PAMM,"PRINTEZIS, GEORGIOS",2FGM,Two Pointer,2,-17,35,D,,,,10,01:00,15,15,
2007,RS,11,121,85,CSK,PABN,"ZISIS, NIKOLAOS",3FGA,Missed Three Pointer,0,217,674,G,,,,10,01:00,15,15,
2007,RS,11,121,106,OLY,PCRR,"GREER, LYNN",3FGM,Three Pointer,3,192,643,G,,,,11,10:00,18,15,
2007,RS,11,121,108,CSK,PALR,"SAVRASENKO, ALEKSEY",2FGAB,Missed Two Pointer,0,-61,120,D,,,,11,10:00,18,15,
2007,RS,11,121,110,CSK,PAKT,"ANDERSEN, DAVID",2FGA,Missed Two Pointer,0,-43,84,D,,,,11,10:00,18,15,
2007,RS,11,121,117,CSK,PABN,"ZISIS, NIKOLAOS",3FGA,Missed Three Pointer,0,212,633,G,,,,12,09:00,18,15,
2007,RS,11,121,119,OLY,PCRR,"GREER, LYNN",2FGA,Missed Two Pointer,0,17,117,C,,,,12,09:00,18,15,
2007,RS,11,121,121,OLY,PAQU,"BOUROUSIS, IOANNIS",2FGM,Two Pointer,2,-30,17,D,,,,12,09:00,20,15,
2007,RS,11,121,124,CSK,PABN,"ZISIS, NIKOLAOS",3FGA,Missed Three Pointer,0,492,553,G,,,,12,09:00,20,15,
2007,RS,11,121,132,OLY,PAMM,"PRINTEZIS, GEORGIOS",FTM,Free Throw In,1,-1,-1, ,,,,12,09:00,21,15,
2007,RS,11,121,133,OLY,PAMM,"PRINTEZIS, GEORGIOS",FTM,Free Throw In,1,-1,-1, ,,,,12,09:00,22,15,
2007,RS,11,121,138,CSK,PATW,"PAPALOUKAS, THEODOROS",2FGA,Missed Two Pointer,0,12,156,C,,,,13,08:00,22,15,
2007,RS,11,121,140,CSK,PATW,"PAPALOUKAS, THEODOROS",2FGA,Missed Two Pointer,0,43,30,C,,,,13,08:00,22,15,
2007,RS,11,121,142,OLY,PJDR,"TEODOSIC, MILOS",3FGM,Three Pointer,3,164,694,G,,,,13,08:00,25,15,
2007,RS,11,121,144,CSK,PAKT,"ANDERSEN, DAVID",2FGM,Two Pointer,2,5,64,C,,,,13,08:00,25,17,
2007,RS,11,121,148,OLY,PAQU,"BOUROUSIS, IOANNIS",3FGM,Three Pointer,3,-633,258,F,,,,14,07:00,28,17,
2007,RS,11,121,150,CSK,PAKT,"ANDERSEN, DAVID",2FGA,Missed Two Pointer,0,412,269,B,,,,14,07:00,28,17,
2007,RS,11,121,152,OLY,PAMM,"PRINTEZIS, GEORGIOS",2FGM,Two Pointer,2,435,110,B,,,,14,07:00,30,17,
2007,RS,11,121,157,CSK,PAUC,"GOREE, MARCUS",FTM,Free Throw In,1,-1,-1, ,,,,14,07:00,30,18,
2007,RS,11,121,158,CSK,PAUC,"GOREE, MARCUS",FTM,Free Throw In,1,-1,-1, ,,,,14,07:00,30,19,
2007,RS,11,121,161,CSK,PAKT,"ANDERSEN, DAVID",3FGA,Missed Three Pointer,0,-225,641,J,,,,15,06:00,30,19,
2007,RS,11,121,163,OLY,PJDR,"TEODOSIC, MILOS",2FGM,Two Pointer,2,-30,35,D,,,,15,06:00,32,19,
2007,RS,11,121,166,CSK,PAUC,"GOREE, MARCUS",2FGAB,Missed Two Pointer,0,-17,135,D,,,,16,05:00,32,19,
2007,RS,11,121,252,CSK,PAKT,"ANDERSEN, DAVID",2FGAB,Missed Two Pointer,0,0,0,B,,,,16,05:00,32,19,
2007,RS,11,121,172,CSK,PAUC,"GOREE, MARCUS",FTM,Free Throw In,1,-1,-1, ,,,,16,05:00,32,20,
2007,RS,11,121,175,OLY,PAQU,"BOUROUSIS, IOANNIS",2FGA,Missed Two Pointer,0,156,300,C,,,,16,05:00,32,20,
2007,RS,11,121,177,CSK,PAKT,"ANDERSEN, DAVID",2FGM,Two Pointer,2,-102,123,D,,,,16,05:00,32,22,
2007,RS,11,121,179,OLY,PAMM,"PRINTEZIS, GEORGIOS",2FGA,Missed Two Pointer,0,-94,492,I,,,,17,04:00,32,22,
2007,RS,11,121,183,CSK,PAKT,"ANDERSEN, DAVID",2FGM,Two Pointer,2,423,258,B,,,,17,04:00,32,24,
2007,RS,11,121,184,OLY,PTFV,"WOODS, QYNTEL",2FGM,Two Pointer,2,10,7,C,,,,17,04:00,34,24,
2007,RS,11,121,186,CSK,PAQO,"HOLDEN, JON ROBERT",3FGA,Missed Three Pointer,0,146,674,G,,,,17,04:00,34,24,
2007,RS,11,121,195,CSK,PAKT,"ANDERSEN, DAVID",2FGM,Two Pointer,2,7,82,C,,,,17,04:00,34,26,
2007,RS,11,121,201,CSK,PAKT,"ANDERSEN, DAVID",FTM,Free Throw In,1,-1,-1, ,,,,18,03:00,34,27,
2007,RS,11,121,206,OLY,PCRR,"GREER, LYNN",2FGA,Missed Two Pointer,0,79,82,C,,,,18,03:00,34,27,
2007,RS,11,121,209,CSK,PJMM,"SISKAUSKAS, RAMUNAS",3FGM,Three Pointer,3,471,500,G,,,,19,02:00,34,30,
2007,RS,11,121,217,OLY,PJDR,"TEODOSIC, MILOS",3FGM,Three Pointer,3,412,551,G,,,,19,02:00,37,30,
2007,RS,11,121,219,CSK,PAKT,"ANDERSEN, DAVID",2FGM,Two Pointer,2,71,148,C,,,,20,01:00,37,32,
2007,RS,11,121,224,CSK,PAKT,"ANDERSEN, DAVID",FTM,Free Throw In,1,-1,-1, ,,,,20,01:00,37,33,
2007,RS,11,121,231,OLY,PJDR,"TEODOSIC, MILOS",FTM,Free Throw In,1,-1,-1, ,,,,20,01:00,38,33,
2007,RS,11,121,232,OLY,PJDR,"TEODOSIC, MILOS",FTM,Free Throw In,1,-1,-1, ,,,,20,01:00,39,33,
2007,RS,11,121,247,OLY,PTFV,"WOODS, QYNTEL",3FGA,Missed Three Pointer,0,625,251,A,,,,20,01:00,39,33,
2007,RS,11,121,262,CSK,PAUC,"GOREE, MARCUS",2FGAB,Missed Two Pointer,0,-125,212,D,,,,21,10:00,39,33,
2007,RS,11,121,265,OLY,PAQU,"BOUROUSIS, IOANNIS",3FGM,Three Pointer,3,-284,656,J,,,,21,10:00,42,33,
2007,RS,11,121,274,OLY,PBFY,"BLAKNEY, RODERICK",3FGA,Missed Three Pointer,0,-392,597,J,,,,21,10:00,42,33,
2007,RS,11,121,279,CSK,PBEB,"LANGDON, TRAJAN",3FGM,Three Pointer,3,-110,697,J,,,,22,09:00,42,36,
2007,RS,11,121,285,CSK,PBEB,"LANGDON, TRAJAN",3FGM,Three Pointer,3,664,174,A,,,,22,09:00,42,39,
2007,RS,11,121,287,OLY,PTFV,"WOODS, QYNTEL",2FGA,Missed Two Pointer,0,-551,20,E,,,,23,08:00,42,39,
2007,RS,11,121,289,CSK,PAKT,"ANDERSEN, DAVID",2FGM,Two Pointer,2,69,35,C,,,,23,08:00,42,41,
2007,RS,11,121,291,OLY,PJDR,"TEODOSIC, MILOS",3FGM,Three Pointer,3,-300,625,J,,,,24,07:00,45,41,
2007,RS,11,121,292,CSK,PBEB,"LANGDON, TRAJAN",3FGA,Missed Three Pointer,0,-187,694,J,,,,24,07:00,45,41,
2007,RS,11,121,294,CSK,PAUC,"GOREE, MARCUS",2FGM,Two Pointer,2,0,5,D,,,,24,07:00,45,43,
2007,RS,11,121,303,OLY,PAMM,"PRINTEZIS, GEORGIOS",FTM,Free Throw In,1,-1,-1, ,,,,24,07:00,46,43,
2007,RS,11,121,306,CSK,PBEB,"LANGDON, TRAJAN",3FGM,Three Pointer,3,87,735,G,,,,24,07:00,46,46,
2007,RS,11,121,309,OLY,PTFV,"WOODS, QYNTEL",2FGM,Two Pointer,2,-30,102,D,,,,25,06:00,48,46,
2007,RS,11,121,312,OLY,PJDR,"TEODOSIC, MILOS",3FGA,Missed Three Pointer,0,589,374,A,,,,25,06:00,48,46,
2007,RS,11,121,314,CSK,PBEB,"LANGDON, TRAJAN",2FGM,Two Pointer,2,35,66,C,,,,25,06:00,48,48,
2007,RS,11,121,315,OLY,PAMM,"PRINTEZIS, GEORGIOS",2FGM,Two Pointer,2,-56,89,D,,,,25,06:00,50,48,
2007,RS,11,121,318,CSK,PAKT,"ANDERSEN, DAVID",2FGA,Missed Two Pointer,0,-69,141,D,,,,26,05:00,50,48,
2007,RS,11,121,322,OLY,PTFV,"WOODS, QYNTEL",2FGA,Missed Two Pointer,0,-41,84,D,,,,26,05:00,50,48,
2007,RS,11,121,324,OLY,PAQU,"BOUROUSIS, IOANNIS",3FGA,Missed Three Pointer,0,-17,717,J,,,,26,05:00,50,48,
2007,RS,11,121,327,CSK,PAKT,"ANDERSEN, DAVID",2FGM,Two Pointer,2,515,112,B,,,,26,05:00,50,50,
2007,RS,11,121,329,OLY,PJDR,"TEODOSIC, MILOS",2FGM,Two Pointer,2,30,76,C,,,,26,05:00,52,50,
2007,RS,11,121,336,OLY,PJDR,"TEODOSIC, MILOS",FTM,Free Throw In,1,-1,-1, ,,,,26,05:00,53,50,
2007,RS,11,121,338,CSK,PATW,"PAPALOUKAS, THEODOROS",2FGA,Missed Two Pointer,0,-23,82,D,,,,27,04:00,53,50,
2007,RS,11,121,340,OLY,PJRF,"VASILOPOULOS, PANAGIOTIS",3FGA,Missed Three Pointer,0,546,420,A,,,,27,04:00,53,50,
2007,RS,11,121,342,CSK,PBEB,"LANGDON, TRAJAN",3FGA,Missed Three Pointer,0,-664,187,F,,,,27,04:00,53,50,
2007,RS,11,121,350,CSK,PAQO,"HOLDEN, JON ROBERT",FTM,Free Throw In,1,-1,-1, ,,,,28,03:00,53,51,
2007,RS,11,121,354,OLY,PAMM,"PRINTEZIS, GEORGIOS",2FGA,Missed Two Pointer,0,-251,210,E,,,,28,03:00,53,51,
2007,RS,11,121,356,OLY,PAMM,"PRINTEZIS, GEORGIOS",2FGA,Missed Two Pointer,0,-187,141,D,,,,28,03:00,53,51,
2007,RS,11,121,358,CSK,PAUC,"GOREE, MARCUS",3FGA,Missed Three Pointer,0,-610,376,F,,,,28,03:00,53,51,
2007,RS,11,121,365,OLY,PJDR,"TEODOSIC, MILOS",2FGM,Two Pointer,2,30,79,C,,,,29,02:00,55,51,
2007,RS,11,121,366,CSK,PJMM,"SISKAUSKAS, RAMUNAS",3FGA,Missed Three Pointer,0,-712,135,F,,,,29,02:00,55,51,
2007,RS,11,121,370,OLY,PAQU,"BOUROUSIS, IOANNIS",3FGM,Three Pointer,3,61,707,G,,,,29,02:00,58,51,
2007,RS,11,121,373,CSK,PAKT,"ANDERSEN, DAVID",2FGA,Missed Two Pointer,0,-138,169,D,,,,30,01:00,58,51,
2007,RS,11,121,376,OLY,PCRR,"GREER, LYNN",2FGA,Missed Two Pointer,0,-23,502,I,,,,30,01:00,58,51,
2007,RS,11,121,394,OLY,PTFV,"WOODS, QYNTEL",2FGAB,Missed Two Pointer,0,366,594,G,,,,31,10:00,58,51,
2007,RS,11,121,397,CSK,PAKT,"ANDERSEN, DAVID",3FGA,Missed Three Pointer,0,-79,651,J,,,,31,10:00,58,51,
2007,RS,11,121,402,CSK,PAQO,"HOLDEN, JON ROBERT",3FGM,Three Pointer,3,-558,333,F,,,,31,10:00,58,54,
2007,RS,11,121,403,OLY,PAQU,"BOUROUSIS, IOANNIS",2FGA,Missed Two Pointer,0,0,123,D,,,,31,10:00,58,54,
2007,RS,11,121,405,CSK,PAQO,"HOLDEN, JON ROBERT",3FGA,Missed Three Pointer,0,-58,720,J,,,,31,10:00,58,54,
2007,RS,11,121,411,OLY,PAQU,"BOUROUSIS, IOANNIS",2FGA,Missed Two Pointer,0,46,76,C,,,,33,08:00,58,54,
2007,RS,11,121,413,OLY,PAQU,"BOUROUSIS, IOANNIS",2FGM,Two Pointer,2,2,12,D,,,,33,08:00,60,54,
2007,RS,11,121,414,CSK,PJMM,"SISKAUSKAS, RAMUNAS",3FGA,Missed Three Pointer,0,-679,179,F,,,,33,08:00,60,54,
2007,RS,11,121,421,CSK,PAKT,"ANDERSEN, DAVID",FTM,Free Throw In,1,-1,-1, ,,,,33,08:00,60,55,
2007,RS,11,121,422,CSK,PAKT,"ANDERSEN, DAVID",FTM,Free Throw In,1,-1,-1, ,,,,33,08:00,60,56,
2007,RS,11,121,423,OLY,PJDR,"TEODOSIC, MILOS",2FGM,Two Pointer,2,64,87,C,,,,33,08:00,62,56,
2007,RS,11,121,435,OLY,PAQU,"BOUROUSIS, IOANNIS",3FGM,Three Pointer,3,107,669,G,,,,34,07:00,65,56,
2007,RS,11,121,441,CSK,PAKT,"ANDERSEN, DAVID",3FGM,Three Pointer,3,-10,674,J,,,,35,06:00,65,59,
2007,RS,11,121,450,CSK,PAQO,"HOLDEN, JON ROBERT",3FGA,Missed Three Pointer,0,664,115,A,,,,36,05:00,65,59,
2007,RS,11,121,452,OLY,PCRR,"GREER, LYNN",2FGA,Missed Two Pointer,0,-105,210,D,,,,36,05:00,65,59,
2007,RS,11,121,456,CSK,PAUC,"GOREE, MARCUS",2FGA,Missed Two Pointer,0,-69,192,D,,,,36,05:00,65,59,
2007,RS,11,121,458,OLY,PBFY,"BLAKNEY, RODERICK",2FGA,Missed Two Pointer,0,92,287,C,,,,36,05:00,65,59,
2007,RS,11,121,461,CSK,PABN,"ZISIS, NIKOLAOS",3FGA,Missed Three Pointer,0,-453,500,J,,,,37,04:00,65,59,
2007,RS,11,121,472,CSK,PAKT,"ANDERSEN, DAVID",3FGA,Missed Three Pointer,0,-5,641,J,,,,37,04:00,65,59,
2007,RS,11,121,479,OLY,PBFY,"BLAKNEY, RODERICK",FTM,Free Throw In,1,-1,-1, ,,,,38,03:00,66,59,
2007,RS,11,121,480,OLY,PBFY,"BLAKNEY, RODERICK",FTM,Free Throw In,1,-1,-1, ,,,,38,03:00,67,59,
2007,RS,11,121,481,CSK,PAQO,"HOLDEN, JON ROBERT",3FGM,Three Pointer,3,676,182,A,,,,38,03:00,67,62,
2007,RS,11,121,483,OLY,PJRF,"VASILOPOULOS, PANAGIOTIS",3FGA,Missed Three Pointer,0,-384,556,J,,,,38,03:00,67,62,
2007,RS,11,121,486,CSK,PAUC,"GOREE, MARCUS",2FGA,Missed Two Pointer,0,28,143,C,,,,39,02:00,67,62,
2007,RS,11,121,490,OLY,PCRR,"GREER, LYNN",FTM,Free Throw In,1,-1,-1, ,,,,39,02:00,68,62,
2007,RS,11,121,491,OLY,PCRR,"GREER, LYNN",FTM,Free Throw In,1,-1,-1, ,,,,39,02:00,69,62,
2007,RS,11,121,493,CSK,PBEB,"LANGDON, TRAJAN",3FGM,Three Pointer,3,-623,387,F,,,,39,02:00,69,65,
2007,RS,11,121,494,OLY,PJRF,"VASILOPOULOS, PANAGIOTIS",3FGA,Missed Three Pointer,0,-376,625,J,,,,39,02:00,69,65,
2007,RS,11,121,497,CSK,PAQO,"HOLDEN, JON ROBERT",3FGA,Missed Three Pointer,0,433,597,G,,,,40,01:00,69,65,
2007,RS,11,121,501,CSK,PJMM,"SISKAUSKAS, RAMUNAS",2FGM,Two Pointer,2,35,43,C,,,,40,01:00,69,67,
2007,RS,11,121,505,OLY,PAMM,"PRINTEZIS, GEORGIOS",2FGM,Two Pointer,2,2,23,D,,,,40,01:00,71,67,
2007,RS,11,121,506,CSK,PJMM,"SISKAUSKAS, RAMUNAS",3FGA,Missed Three Pointer,0,-607,351,F,,,,40,01:00,71,67,
2007,RS,11,122,2,LJU,PAIV,"MILIC, MARKO",2FGA,Missed Two Pointer,0,74,97,C,,,,1,10:00,0,0,
2007,RS,11,122,4,ZAL,PJCC,"MACIULIS, JONAS",2FGA,Missed Two Pointer,0,361,89,B,,,,1,10:00,0,0,
2007,RS,11,122,6,LJU,PJBJ,"BEGIC, MIRZA",2FGA,Missed Two Pointer,0,-58,56,D,,,,1,10:00,0,0,
2007,RS,11,122,8,ZAL,PJCC,"MACIULIS, JONAS",3FGA,Missed Three Pointer,0,-694,120,F,,,,1,10:00,0,0,
2007,RS,11,122,16,LJU,PBPV,"GORENC, BORIS",2FGA,Missed Two Pointer,0,76,156,C,,,,2,09:00,0,0,
2007,RS,11,122,18,LJU,PAIV,"MILIC, MARKO",2FGM,Two Pointer,2,-53,28,D,,,,2,09:00,2,0,
2007,RS,11,122,20,ZAL,PBDE,"JURAK, GORAN",2FGAB,Missed Two Pointer,0,-102,64,D,,,,3,08:00,2,0,
2007,RS,11,122,26,ZAL,PAHT,"BROWN, MARCUS",3FGA,Missed Three Pointer,0,-607,312,F,,,,3,08:00,2,0,
2007,RS,11,122,28,LJU,PTGK,"BAILEY, MAURICE",2FGA,Missed Two Pointer,0,-341,251,E,,,,3,08:00,2,0,
2007,RS,11,122,34,ZAL,PJCC,"MACIULIS, JONAS",2FGA,Missed Two Pointer,0,294,210,B,,,,3,08:00,2,0,
2007,RS,11,122,39,LJU,PJYE,"RIZVIC, HASAN",2FGA,Missed Two Pointer,0,141,100,C,,,,4,07:00,2,0,
2007,RS,11,122,42,ZAL,PBDE,"JURAK, GORAN",3FGM,Three Pointer,3,-661,164,F,,,,4,07:00,2,3,
2007,RS,11,122,45,LJU,PAIV,"MILIC, MARKO",2FGA,Missed Two Pointer,0,356,212,B,,,,4,07:00,2,3,
2007,RS,11,122,48,ZAL,PBDB,"COLLINS, DeJUAN",3FGA,Missed Three Pointer,0,348,589,G,,,,5,06:00,2,3,
2007,RS,11,122,51,ZAL,PBDE,"JURAK, GORAN",2FGM,Two Pointer,2,-41,38,D,,,,5,06:00,2,5,
2007,RS,11,122,52,LJU,PTGK,"BAILEY, MAURICE",2FGA,Missed Two Pointer,0,-97,66,D,,,,5,06:00,2,5,
2007,RS,11,122,54,LJU,PAIV,"MILIC, MARKO",2FGA,Missed Two Pointer,0,-17,56,D,,,,5,06:00,2,5,
2007,RS,11,122,56,LJU,PAIV,"MILIC, MARKO",2FGA,Missed Two Pointer,0,-89,41,D,,,,5,06:00,2,5,
2007,RS,11,122,58,LJU,PJYE,"RIZVIC, HASAN",2FGA,Missed Two Pointer,0,82,58,C,,,,5,06:00,2,5,
2007,RS,11,122,59,ZAL,PBDE,"JURAK, GORAN",3FGA,Missed Three Pointer,0,-630,248,F,,,,5,06:00,2,5,
2007,RS,11,122,63,LJU,PAPY,"HUKIC, JASMIN",2FGA,Missed Two Pointer,0,-25,41,D,,,,5,06:00,2,5,
2007,RS,11,122,66,ZAL,PBDB,"COLLINS, DeJUAN",3FGA,Missed Three Pointer,0,425,551,G,,,,6,05:00,2,5,
2007,RS,11,122,71,LJU,PAIV,"MILIC, MARKO",FTM,Free Throw In,1,-1,-1, ,,,,6,05:00,3,5,
2007,RS,11,122,72,LJU,PAIV,"MILIC, MARKO",FTM,Free Throw In,1,-1,-1, ,,,,6,05:00,4,5,
2007,RS,11,122,74,ZAL,PJCC,"MACIULIS, JONAS",2FGM,Two Pointer,2,61,56,C,,,,6,05:00,4,7,
2007,RS,11,122,76,LJU,PTGK,"BAILEY, MAURICE",2FGA,Missed Two Pointer,0,-389,374,E,,,,7,04:00,4,7,
2007,RS,11,122,79,ZAL,PJCC,"MACIULIS, JONAS",2FGM,Two Pointer,2,71,30,C,,,,7,04:00,4,9,
2007,RS,11,122,81,LJU,PTGK,"BAILEY, MAURICE",3FGM,Three Pointer,3,-648,276,F,,,,7,04:00,7,9,
2007,RS,11,122,86,LJU,PAIV,"MILIC, MARKO",2FGM,Two Pointer,2,-2,71,D,,,,8,03:00,9,9,
2007,RS,11,122,87,ZAL,PBDE,"JURAK, GORAN",3FGM,Three Pointer,3,-651,294,F,,,,8,03:00,9,12,
2007,RS,11,122,93,LJU,PAIV,"MILIC, MARKO",2FGA,Missed Two Pointer,0,64,74,C,,,,8,03:00,9,12,
2007,RS,11,122,101,ZAL,PBDB,"COLLINS, DeJUAN",FTM,Free Throw In,1,-1,-1, ,,,,9,02:00,9,13,
2007,RS,11,122,102,ZAL,PBDB,"COLLINS, DeJUAN",FTM,Free Throw In,1,-1,-1, ,,,,9,02:00,9,14,
2007,RS,11,122,103,LJU,PBPV,"GORENC, BORIS",2FGA,Missed Two Pointer,0,-451,423,E,,,,9,02:00,9,14,
2007,RS,11,122,106,ZAL,PADX,"ZUKAUSKAS, EURELIJUS",2FGM,Two Pointer,2,-2,10,D,,,,9,02:00,9,16,
2007,RS,11,122,110,LJU,PTGG,"TAYLOR, RONELL",2FGA,Missed Two Pointer,0,-374,415,E,,,,9,02:00,9,16,
2007,RS,11,122,114,LJU,PAIV,"MILIC, MARKO",2FGA,Missed Two Pointer,0,-15,356,D,,,,10,01:00,9,16,
2007,RS,11,122,121,ZAL,PATP,"POPOVIC, MARKO",2FGM,Two Pointer,2,-41,92,D,,,,10,01:00,9,18,
2007,RS,11,122,129,LJU,PBPV,"GORENC, BORIS",3FGA,Missed Three Pointer,0,502,535,G,,,,11,10:00,9,18,
2007,RS,11,122,131,LJU,PTHB,"DRAGIC, GORAN",2FGM,Two Pointer,2,48,25,C,,,,11,10:00,11,18,
2007,RS,11,122,132,ZAL,PATP,"POPOVIC, MARKO",3FGA,Missed Three Pointer,0,302,656,G,,,,11,10:00,11,18,
2007,RS,11,122,139,LJU,PAIV,"MILIC, MARKO",2FGM,Two Pointer,2,-112,51,D,,,,12,09:00,13,18,
2007,RS,11,122,140,ZAL,PBDE,"JURAK, GORAN",3FGA,Missed Three Pointer,0,497,448,G,,,,12,09:00,13,18,
2007,RS,11,122,146,LJU,PLHD,"ZUPAN, MIHA",FTM,Free Throw In,1,-1,-1, ,,,,13,08:00,14,18,
2007,RS,11,122,147,LJU,PLHD,"ZUPAN, MIHA",FTM,Free Throw In,1,-1,-1, ,,,,13,08:00,15,18,
2007,RS,11,122,149,LJU,PTHB,"DRAGIC, GORAN",2FGA,Missed Two Pointer,0,-7,269,D,,,,13,08:00,15,18,
2007,RS,11,122,156,LJU,PTGG,"TAYLOR, RONELL",3FGA,Missed Three Pointer,0,515,505,G,,,,13,08:00,15,18,
2007,RS,11,122,158,LJU,PLHD,"ZUPAN, MIHA",2FGM,Two Pointer,2,58,64,C,,,,13,08:00,17,18,
2007,RS,11,122,161,ZAL,PJCC,"MACIULIS, JONAS",3FGM,Three Pointer,3,-15,705,J,,,,14,07:00,17,21,
2007,RS,11,122,167,ZAL,PJCC,"MACIULIS, JONAS",2FGM,Two Pointer,2,310,210,B,,,,14,07:00,17,23,
2007,RS,11,122,169,LJU,PTGG,"TAYLOR, RONELL",2FGM,Two Pointer,2,0,94,D,,,,15,06:00,19,23,
2007,RS,11,122,173,ZAL,PADX,"ZUKAUSKAS, EURELIJUS",2FGM,Two Pointer,2,2,2,D,,,,15,06:00,19,25,
2007,RS,11,122,174,LJU,PTGG,"TAYLOR, RONELL",2FGA,Missed Two Pointer,0,7,215,C,,,,15,06:00,19,25,
2007,RS,11,122,177,ZAL,PATP,"POPOVIC, MARKO",3FGA,Missed Three Pointer,0,-15,705,J,,,,16,05:00,19,25,
2007,RS,11,122,178,LJU,PTHB,"DRAGIC, GORAN",2FGM,Two Pointer,2,38,46,C,,,,16,05:00,21,25,
2007,RS,11,122,181,ZAL,PJCC,"MACIULIS, JONAS",2FGM,Two Pointer,2,202,112,C,,,,16,05:00,21,27,
2007,RS,11,122,183,LJU,PLHD,"ZUPAN, MIHA",2FGM,Two Pointer,2,71,51,C,,,,16,05:00,23,27,
2007,RS,11,122,188,ZAL,PBDB,"COLLINS, DeJUAN",2FGM,Two Pointer,2,12,64,C,,,,16,05:00,23,29,
2007,RS,11,122,194,ZAL,PBDB,"COLLINS, DeJUAN",2FGA,Missed Two Pointer,0,-505,305,E,,,,17,04:00,23,29,
2007,RS,11,122,203,ZAL,PBDB,"COLLINS, DeJUAN",3FGA,Missed Three Pointer,0,-564,492,J,,,,18,03:00,23,29,
2007,RS,11,122,205,LJU,PTGG,"TAYLOR, RONELL",2FGA,Missed Two Pointer,0,76,66,C,,,,18,03:00,23,29,
2007,RS,11,122,207,ZAL,PAHT,"BROWN, MARCUS",3FGA,Missed Three Pointer,0,325,630,G,,,,18,03:00,23,29,
2007,RS,11,122,212,ZAL,PBDB,"COLLINS, DeJUAN",2FGA,Missed Two Pointer,0,33,61,C,,,,18,03:00,23,29,
2007,RS,11,122,214,ZAL,PJCC,"MACIULIS, JONAS",FTM,Free Throw In,1,-1,-1, ,,,,18,03:00,23,30,
2007,RS,11,122,216,LJU,PAPY,"HUKIC, JASMIN",2FGM,Two Pointer,2,276,69,B,,,,19,02:00,25,30,
2007,RS,11,122,217,ZAL,PAHT,"BROWN, MARCUS",3FGA,Missed Three Pointer,0,261,705,G,,,,19,02:00,25,30,
2007,RS,11,122,219,LJU,PAPY,"HUKIC, JASMIN",2FGM,Two Pointer,2,30,48,C,,,,19,02:00,27,30,
2007,RS,11,122,228,ZAL,PADX,"ZUKAUSKAS, EURELIJUS",FTM,Free Throw In,1,-1,-1, ,,,,19,02:00,27,31,
2007,RS,11,122,232,ZAL,PATP,"POPOVIC, MARKO",3FGM,Three Pointer,3,282,658,G,,,,19,02:00,27,34,
2007,RS,11,122,234,LJU,PTGK,"BAILEY, MAURICE",2FGM,Two Pointer,2,-10,110,D,,,,20,01:00,29,34,
2007,RS,11,122,237,LJU,PTGK,"BAILEY, MAURICE",FTM,Free Throw In,1,-1,-1, ,,,,20,01:00,30,34,
2007,RS,11,122,239,LJU,PTGK,"BAILEY, MAURICE",2FGA,Missed Two Pointer,0,-66,243,D,,,,20,01:00,30,34,
2007,RS,11,122,246,LJU,PTGK,"BAILEY, MAURICE",2FGM,Two Pointer,2,17,43,C,,,,21,10:00,32,34,
2007,RS,11,122,247,ZAL,PADX,"ZUKAUSKAS, EURELIJUS",2FGM,Two Pointer,2,25,15,C,,,,21,10:00,32,36,
2007,RS,11,122,250,ZAL,PADX,"ZUKAUSKAS, EURELIJUS",FTM,Free Throw In,1,-1,-1, ,,,,21,10:00,32,37,
2007,RS,11,122,254,LJU,PLHD,"ZUPAN, MIHA",3FGA,Missed Three Pointer,0,-402,566,J,,,,22,09:00,32,37,
2007,RS,11,122,256,LJU,PLHD,"ZUPAN, MIHA",2FGA,Missed Two Pointer,0,-102,43,D,,,,22,09:00,32,37,
2007,RS,11,122,258,LJU,PAIV,"MILIC, MARKO",2FGA,Missed Two Pointer,0,-51,-5,D,,,,22,09:00,32,37,
2007,RS,11,122,260,ZAL,PBDB,"COLLINS, DeJUAN",2FGA,Missed Two Pointer,0,74,64,C,,,,22,09:00,32,37,
2007,RS,11,122,266,ZAL,PBDB,"COLLINS, DeJUAN",3FGA,Missed Three Pointer,0,-74,730,J,,,,22,09:00,32,37,
2007,RS,11,122,268,LJU,PLHD,"ZUPAN, MIHA",2FGAB,Missed Two Pointer,0,-51,41,D,,,,22,09:00,32,37,
2007,RS,11,122,274,ZAL,PBDB,"COLLINS, DeJUAN",2FGA,Missed Two Pointer,0,46,7,C,,,,23,08:00,32,37,
2007,RS,11,122,276,ZAL,PBDB,"COLLINS, DeJUAN",2FGA,Missed Two Pointer,0,48,66,C,,,,23,08:00,32,37,
2007,RS,11,122,281,LJU,PBPV,"GORENC, BORIS",2FGM,Two Pointer,2,-28,51,D,,,,23,08:00,34,37,
2007,RS,11,122,284,LJU,PBPV,"GORENC, BORIS",FTM,Free Throw In,1,-1,-1, ,,,,23,08:00,35,37,
2007,RS,11,122,291,LJU,PLHD,"ZUPAN, MIHA",2FGA,Missed Two Pointer,0,-153,64,D,,,,24,07:00,35,37,
2007,RS,11,122,293,LJU,PTGK,"BAILEY, MAURICE",2FGA,Missed Two Pointer,0,-79,25,D,,,,24,07:00,35,37,
2007,RS,11,122,294,LJU,PLHD,"ZUPAN, MIHA",2FGA,Missed Two Pointer,0,-53,28,D,,,,24,07:00,35,37,
2007,RS,11,122,297,LJU,PAIV,"MILIC, MARKO",2FGM,Two Pointer,2,-69,46,D,,,,24,07:00,37,37,
2007,RS,11,122,299,ZAL,PBWI,"JANKUNAS, PAULIUS",2FGA,Missed Two Pointer,0,102,61,C,,,,25,06:00,37,37,
2007,RS,11,122,304,LJU,PTGG,"TAYLOR, RONELL",2FGM,Two Pointer,2,-64,33,D,,,,25,06:00,39,37,
2007,RS,11,122,311,LJU,PTGG,"TAYLOR, RONELL",FTM,Free Throw In,1,-1,-1, ,,,,25,06:00,40,37,
2007,RS,11,122,312,ZAL,PATP,"POPOVIC, MARKO",3FGA,Missed Three Pointer,0,-205,669,J,,,,25,06:00,40,37,
2007,RS,11,122,315,ZAL,PJCC,"MACIULIS, JONAS",3FGA,Missed Three Pointer,0,-653,202,F,,,,25,06:00,40,37,
2007,RS,11,122,318,LJU,PBPV,"GORENC, BORIS",3FGA,Missed Three Pointer,0,251,705,G,,,,26,05:00,40,37,
2007,RS,11,122,327,ZAL,PBDE,"JURAK, GORAN",FTM,Free Throw In,1,-1,-1, ,,,,26,05:00,40,38,
2007,RS,11,122,328,LJU,PBPV,"GORENC, BORIS",2FGM,Two Pointer,2,541,228,B,,,,26,05:00,42,38,
2007,RS,11,122,330,ZAL,PJCC,"MACIULIS, JONAS",2FGA,Missed Two Pointer,0,-402,12,E,,,,27,04:00,42,38,
2007,RS,11,122,331,ZAL,PJCC,"MACIULIS, JONAS",2FGM,Two Pointer,2,-64,20,D,,,,27,04:00,42,40,
2007,RS,11,122,337,LJU,PTGK,"BAILEY, MAURICE",3FGA,Missed Three Pointer,0,438,538,G,,,,28,03:00,42,40,
2007,RS,11,122,341,ZAL,PATP,"POPOVIC, MARKO",FTM,Free Throw In,1,-1,-1, ,,,,28,03:00,42,41,
2007,RS,11,122,345,ZAL,PAHT,"BROWN, MARCUS",3FGA,Missed Three Pointer,0,633,307,A,,,,28,03:00,42,41,
2007,RS,11,122,349,LJU,PAIV,"MILIC, MARKO",2FGA,Missed Two Pointer,0,-38,25,D,,,,29,02:00,42,41,
2007,RS,11,122,353,ZAL,PAHT,"BROWN, MARCUS",2FGM,Two Pointer,2,-94,133,D,,,,29,02:00,42,43,
2007,RS,11,122,354,LJU,PAPY,"HUKIC, JASMIN",3FGA,Missed Three Pointer,0,53,674,G,,,,29,02:00,42,43,
2007,RS,11,122,361,ZAL,PATP,"POPOVIC, MARKO",3FGA,Missed Three Pointer,0,174,692,G,,,,29,02:00,42,43,
2007,RS,11,122,362,LJU,PAIV,"MILIC, MARKO",2FGA,Missed Two Pointer,0,-92,69,D,,,,29,02:00,42,43,
2007,RS,11,122,370,ZAL,PAHT,"BROWN, MARCUS",3FGM,Three Pointer,3,489,458,G,,,,30,01:00,42,46,
2007,RS,11,122,373,ZAL,PAHT,"BROWN, MARCUS",3FGM,Three Pointer,3,-543,438,J,,,,30,01:00,42,49,
2007,RS,11,122,379,ZAL,PAHT,"BROWN, MARCUS",3FGM,Three Pointer,3,682,25,A,,,,31,10:00,42,52,
2007,RS,11,122,382,ZAL,PBDB,"COLLINS, DeJUAN",2FGM,Two Pointer,2,92,2,C,,,,31,10:00,42,54,
2007,RS,11,122,384,LJU,PTGK,"BAILEY, MAURICE",2FGM,Two Pointer,2,33,30,C,,,,31,10:00,44,54,
2007,RS,11,122,385,ZAL,PBDE,"JURAK, GORAN",3FGA,Missed Three Pointer,0,79,671,G,,,,31,10:00,44,54,
2007,RS,11,122,387,ZAL,PAHT,"BROWN, MARCUS",2FGM,Two Pointer,2,151,41,C,,,,31,10:00,44,56,
2007,RS,11,122,397,ZAL,PAHT,"BROWN, MARCUS",3FGA,Missed Three Pointer,0,187,671,G,,,,32,09:00,44,56,
2007,RS,11,122,399,LJU,PAPY,"HUKIC, JASMIN",3FGA,Missed Three Pointer,0,582,366,A,,,,32,09:00,44,56,
2007,RS,11,122,403,LJU,PTGK,"BAILEY, MAURICE",FTM,Free Throw In,1,-1,-1, ,,,,32,09:00,45,56,
2007,RS,11,122,404,LJU,PTGK,"BAILEY, MAURICE",FTM,Free Throw In,1,-1,-1, ,,,,32,09:00,46,56,
2007,RS,11,122,411,ZAL,PAHT,"BROWN, MARCUS",FTM,Free Throw In,1,-1,-1, ,,,,32,09:00,46,57,
2007,RS,11,122,412,ZAL,PAHT,"BROWN, MARCUS",FTM,Free Throw In,1,-1,-1, ,,,,32,09:00,46,58,
2007,RS,11,122,414,LJU,PTGG,"TAYLOR, RONELL",3FGM,Three Pointer,3,-274,656,J,,,,33,08:00,49,58,
2007,RS,11,122,416,ZAL,PBWI,"JANKUNAS, PAULIUS",2FGM,Two Pointer,2,48,12,C,,,,33,08:00,49,60,
2007,RS,11,122,417,LJU,PAPY,"HUKIC, JASMIN",3FGA,Missed Three Pointer,0,510,474,G,,,,33,08:00,49,60,
2007,RS,11,122,419,ZAL,PAHT,"BROWN, MARCUS",2FGM,Two Pointer,2,-64,51,D,,,,33,08:00,49,62,
2007,RS,11,122,428,ZAL,PAHT,"BROWN, MARCUS",FTM,Free Throw In,1,-1,-1, ,,,,34,07:00,49,63,
2007,RS,11,122,429,ZAL,PAHT,"BROWN, MARCUS",FTM,Free Throw In,1,-1,-1, ,,,,34,07:00,49,64,
2007,RS,11,122,432,LJU,PTGG,"TAYLOR, RONELL",2FGM,Two Pointer,2,-58,30,D,,,,34,07:00,51,64,
2007,RS,11,122,435,LJU,PTGG,"TAYLOR, RONELL",FTM,Free Throw In,1,-1,-1, ,,,,34,07:00,52,64,
2007,RS,11,122,438,ZAL,PJCC,"MACIULIS, JONAS",3FGA,Missed Three Pointer,0,-579,402,F,,,,34,07:00,52,64,
2007,RS,11,122,440,LJU,PTHB,"DRAGIC, GORAN",2FGM,Two Pointer,2,94,28,C,,,,34,07:00,54,64,
2007,RS,11,122,442,ZAL,PBDB,"COLLINS, DeJUAN",2FGA,Missed Two Pointer,0,82,38,C,,,,35,06:00,54,64,
2007,RS,11,122,443,ZAL,PAHT,"BROWN, MARCUS",2FGM,Two Pointer,2,-7,128,D,,,,35,06:00,54,66,
2007,RS,11,122,445,LJU,PAPY,"HUKIC, JASMIN",3FGM,Three Pointer,3,-612,402,F,,,,35,06:00,57,66,
2007,RS,11,122,451,ZAL,PBDB,"COLLINS, DeJUAN",FTM,Free Throw In,1,-1,-1, ,,,,36,05:00,57,67,
2007,RS,11,122,454,LJU,PTHB,"DRAGIC, GORAN",2FGA,Missed Two Pointer,0,-51,7,D,,,,36,05:00,57,67,
2007,RS,11,122,458,ZAL,PAHT,"BROWN, MARCUS",FTM,Free Throw In,1,-1,-1, ,,,,36,05:00,57,68,
2007,RS,11,122,461,ZAL,PBWI,"JANKUNAS, PAULIUS",2FGM,Two Pointer,2,35,69,C,,,,36,05:00,57,70,
2007,RS,11,122,463,LJU,PTGG,"TAYLOR, RONELL",2FGM,Two Pointer,2,-7,2,D,,,,36,05:00,59,70,
2007,RS,11,122,467,ZAL,PBWI,"JANKUNAS, PAULIUS",FTM,Free Throw In,1,-1,-1, ,,,,37,04:00,59,71,
2007,RS,11,122,468,ZAL,PBWI,"JANKUNAS, PAULIUS",FTM,Free Throw In,1,-1,-1, ,,,,37,04:00,59,72,
2007,RS,11,122,476,LJU,PAIV,"MILIC, MARKO",FTM,Free Throw In,1,-1,-1, ,,,,37,04:00,60,72,
2007,RS,11,122,478,ZAL,PBDE,"JURAK, GORAN",2FGM,Two Pointer,2,43,38,C,,,,37,04:00,60,74,
2007,RS,11,122,481,ZAL,PBDE,"JURAK, GORAN",2FGM,Two Pointer,2,53,30,C,,,,37,04:00,60,76,
2007,RS,11,122,489,LJU,PAIV,"MILIC, MARKO",2FGM,Two Pointer,2,10,5,C,,,,38,03:00,62,76,
2007,RS,11,122,497,LJU,PAPY,"HUKIC, JASMIN",2FGA,Missed Two Pointer,0,-97,58,D,,,,38,03:00,62,76,
2007,RS,11,122,499,LJU,PAPY,"HUKIC, JASMIN",3FGM,Three Pointer,3,-630,202,F,,,,38,03:00,65,76,
2007,RS,11,122,504,LJU,PTGK,"BAILEY, MAURICE",2FGM,Two Pointer,2,-20,46,D,,,,39,02:00,67,76,
2007,RS,11,122,510,LJU,PTGK,"BAILEY, MAURICE",FTM,Free Throw In,1,-1,-1, ,,,,39,02:00,68,76,
2007,RS,11,122,515,LJU,PBPV,"GORENC, BORIS",FTM,Free Throw In,1,-1,-1, ,,,,39,02:00,69,76,
2007,RS,11,122,516,LJU,PBPV,"GORENC, BORIS",FTM,Free Throw In,1,-1,-1, ,,,,39,02:00,70,76,
2007,RS,11,122,517,ZAL,PATP,"POPOVIC, MARKO",2FGM,Two Pointer,2,105,97,C,,,,39,02:00,70,78,
2007,RS,11,122,518,LJU,PBPV,"GORENC, BORIS",3FGA,Missed Three Pointer,0,-541,505,J,,,,39,02:00,70,78,
2007,RS,11,122,524,LJU,PLHD,"ZUPAN, MIHA",2FGM,Two Pointer,2,10,5,C,,,,40,01:00,72,78,
2007,RS,11,122,527,ZAL,PATP,"POPOVIC, MARKO",FTM,Free Throw In,1,-1,-1, ,,,,40,01:00,72,79,
2007,RS,11,122,528,ZAL,PATP,"POPOVIC, MARKO",FTM,Free Throw In,1,-1,-1, ,,,,40,01:00,72,80,
2007,RS,11,122,529,LJU,PBPV,"GORENC, BORIS",2FGM,Two Pointer,2,-56,38,D,,,,40,01:00,74,80,
2007,RS,11,122,532,ZAL,PBDB,"COLLINS, DeJUAN",FTM,Free Throw In,1,-1,-1, ,,,,40,01:00,74,81,
2007,RS,11,122,535,LJU,PAIV,"MILIC, MARKO",2FGA,Missed Two Pointer,0,-79,5,D,,,,40,01:00,74,81,
2007,RS,11,122,539,ZAL,PATP,"POPOVIC, MARKO",FTM,Free Throw In,1,-1,-1, ,,,,40,01:00,74,82,
2007,RS,11,122,540,ZAL,PATP,"POPOVIC, MARKO",FTM,Free Throw In,1,-1,-1, ,,,,40,01:00,74,83,
2007,RS,11,122,541,LJU,PBPV,"GORENC, BORIS",3FGA,Missed Three Pointer,0,-582,389,F,,,,40,01:00,74,83,
2007,RS,11,122,543,ZAL,PBDB,"COLLINS, DeJUAN",3FGA,Missed Three Pointer,0,-133,684,J,,,,40,01:00,74,83,
2007,RS,11,123,3,SIE,PCCA,"THORNTON, BOOTSY",3FGA,Missed Three Pointer,0,-146,674,J,,,,1,10:00,0,0,
2007,RS,11,123,5,BAS,PCBY,"SPLITTER, TIAGO",2FGM,Two Pointer,2,-46,7,D,,,,1,10:00,0,2,
2007,RS,11,123,8,SIE,PJOC,"STONEROOK, SHAUN",3FGA,Missed Three Pointer,0,-7,684,J,,,,2,09:00,0,2,
2007,RS,11,123,10,BAS,PCBY,"SPLITTER, TIAGO",2FGA,Missed Two Pointer,0,-71,58,D,,,,2,09:00,0,2,
2007,RS,11,123,12,SIE,PKWI,"MCINTYRE, TERRELL",3FGM,Three Pointer,3,494,443,G,,,,2,09:00,3,2,
2007,RS,11,123,18,BAS,PANB,"RAKOCEVIC, IGOR",2FGM,Two Pointer,2,-138,92,D,,,,2,09:00,3,4,
2007,RS,11,123,21,SIE,PLMO,"SATO, ROMAIN",3FGM,Three Pointer,3,-451,466,J,,,,3,08:00,6,4,
2007,RS,11,123,29,BAS,PANB,"RAKOCEVIC, IGOR",FTM,Free Throw In,1,-1,-1, ,,,,3,08:00,6,5,
2007,RS,11,123,30,BAS,PANB,"RAKOCEVIC, IGOR",FTM,Free Throw In,1,-1,-1, ,,,,3,08:00,6,6,
2007,RS,11,123,33,SIE,PCCA,"THORNTON, BOOTSY",2FGM,Two Pointer,2,233,105,C,,,,3,08:00,8,6,
2007,RS,11,123,36,BAS,PCBY,"SPLITTER, TIAGO",2FGM,Two Pointer,2,38,53,C,,,,4,07:00,8,8,
2007,RS,11,123,37,SIE,PKWI,"MCINTYRE, TERRELL",2FGAB,Missed Two Pointer,0,230,-12,C,,,,4,07:00,8,8,
2007,RS,11,123,43,BAS,PANB,"RAKOCEVIC, IGOR",2FGM,Two Pointer,2,-46,5,D,,,,4,07:00,8,10,
2007,RS,11,123,46,SIE,PCQO,"EZE, BENJAMIN",2FGM,Two Pointer,2,-2,10,D,,,,5,06:00,10,10,
2007,RS,11,123,48,BAS,PCBY,"SPLITTER, TIAGO",2FGM,Two Pointer,2,0,182,D,,,,5,06:00,10,12,
2007,RS,11,123,50,SIE,PLMO,"SATO, ROMAIN",2FGM,Two Pointer,2,-66,12,D,,,,5,06:00,12,12,
2007,RS,11,123,55,SIE,PLMO,"SATO, ROMAIN",FTM,Free Throw In,1,-1,-1, ,,,,5,06:00,13,12,
2007,RS,11,123,61,SIE,PLMO,"SATO, ROMAIN",FTM,Free Throw In,1,-1,-1, ,,,,5,06:00,14,12,
2007,RS,11,123,63,BAS,PCBY,"SPLITTER, TIAGO",2FGM,Two Pointer,2,46,-2,C,,,,6,05:00,14,14,
2007,RS,11,123,65,SIE,PJOC,"STONEROOK, SHAUN",3FGM,Three Pointer,3,474,466,G,,,,6,05:00,17,14,
2007,RS,11,123,67,BAS,PANB,"RAKOCEVIC, IGOR",2FGA,Missed Two Pointer,0,-407,7,E,,,,6,05:00,17,14,
2007,RS,11,123,70,SIE,PLMO,"SATO, ROMAIN",3FGA,Missed Three Pointer,0,694,-48,A,,,,7,04:00,17,14,
2007,RS,11,123,76,SIE,PLMO,"SATO, ROMAIN",FTM,Free Throw In,1,-1,-1, ,,,,7,04:00,18,14,
2007,RS,11,123,79,SIE,PCQO,"EZE, BENJAMIN",2FGM,Two Pointer,2,61,0,C,,,,7,04:00,20,14,
2007,RS,11,123,81,BAS,PCBY,"SPLITTER, TIAGO",2FGM,Two Pointer,2,2,148,D,,,,7,04:00,20,16,
2007,RS,11,123,83,SIE,PLMO,"SATO, ROMAIN",2FGA,Missed Two Pointer,0,174,253,C,,,,8,03:00,20,16,
2007,RS,11,123,85,BAS,PANB,"RAKOCEVIC, IGOR",2FGA,Missed Two Pointer,0,82,84,C,,,,8,03:00,20,16,
2007,RS,11,123,87,SIE,PKWI,"MCINTYRE, TERRELL",3FGM,Three Pointer,3,556,387,A,,,,8,03:00,23,16,
2007,RS,11,123,107,SIE,PJHL,"RESS, TOMAS",FTM,Free Throw In,1,-1,-1, ,,,,9,02:00,24,16,
2007,RS,11,123,108,BAS,PBVC,"JASAITIS, SIMAS",3FGM,Three Pointer,3,-289,615,J,,,,9,02:00,24,19,
2007,RS,11,123,109,SIE,PCCA,"THORNTON, BOOTSY",2FGM,Two Pointer,2,-502,233,E,,,,9,02:00,26,19,
2007,RS,11,123,113,BAS,PANB,"RAKOCEVIC, IGOR",FTM,Free Throw In,1,-1,-1, ,,,,10,01:00,26,20,
2007,RS,11,123,114,BAS,PANB,"RAKOCEVIC, IGOR",FTM,Free Throw In,1,-1,-1, ,,,,10,01:00,26,21,
2007,RS,11,123,120,SIE,PLMO,"SATO, ROMAIN",FTM,Free Throw In,1,-1,-1, ,,,,10,01:00,27,21,
2007,RS,11,123,121,SIE,PLMO,"SATO, ROMAIN",FTM,Free Throw In,1,-1,-1, ,,,,10,01:00,28,21,
2007,RS,11,123,122,BAS,PJTT,"MCDONALD, WILL",2FGM,Two Pointer,2,141,2,C,,,,10,01:00,28,23,
2007,RS,11,123,123,SIE,PKWI,"MCINTYRE, TERRELL",3FGA,Missed Three Pointer,0,566,371,A,,,,10,01:00,28,23,
2007,RS,11,123,131,BAS,PBVC,"JASAITIS, SIMAS",3FGA,Missed Three Pointer,0,-556,430,J,,,,11,10:00,28,23,
2007,RS,11,123,139,SIE,PJOC,"STONEROOK, SHAUN",3FGA,Missed Three Pointer,0,-410,610,J,,,,11,10:00,28,23,
2007,RS,11,123,142,BAS,PANB,"RAKOCEVIC, IGOR",2FGM,Two Pointer,2,-100,46,D,,,,12,09:00,28,25,
2007,RS,11,123,143,SIE,PCCA,"THORNTON, BOOTSY",2FGM,Two Pointer,2,182,115,C,,,,12,09:00,30,25,
2007,RS,11,123,149,SIE,PAPS,"ILIEVSKI, VLADO",3FGA,Missed Three Pointer,0,-687,-12,F,,,,13,08:00,30,25,
2007,RS,11,123,151,SIE,PAPS,"ILIEVSKI, VLADO",2FGA,Missed Two Pointer,0,56,148,C,,,,13,08:00,30,25,
2007,RS,11,123,153,BAS,PCBX,"PRIGIONI, PABLO",3FGA,Missed Three Pointer,0,-582,392,F,,,,13,08:00,30,25,
2007,RS,11,123,156,SIE,PAPS,"ILIEVSKI, VLADO",2FGA,Missed Two Pointer,0,-441,317,E,,,,14,07:00,30,25,
2007,RS,11,123,164,BAS,PJTT,"MCDONALD, WILL",2FGA,Missed Two Pointer,0,446,210,B,,,,14,07:00,30,25,
2007,RS,11,123,166,SIE,PCQO,"EZE, BENJAMIN",2FGM,Two Pointer,2,-158,28,D,,,,14,07:00,32,25,
2007,RS,11,123,170,SIE,PAPS,"ILIEVSKI, VLADO",3FGA,Missed Three Pointer,0,-669,-43,F,,,,15,06:00,32,25,
2007,RS,11,123,172,BAS,PANB,"RAKOCEVIC, IGOR",2FGM,Two Pointer,2,-292,205,E,,,,15,06:00,32,27,
2007,RS,11,123,174,SIE,PKWI,"MCINTYRE, TERRELL",3FGA,Missed Three Pointer,0,384,615,G,,,,15,06:00,32,27,
2007,RS,11,123,179,SIE,PCQO,"EZE, BENJAMIN",2FGM,Two Pointer,2,156,133,C,,,,16,05:00,34,27,
2007,RS,11,123,180,BAS,PBVC,"JASAITIS, SIMAS",3FGM,Three Pointer,3,551,425,A,,,,16,05:00,34,30,
2007,RS,11,123,183,SIE,PAPS,"ILIEVSKI, VLADO",2FGM,Two Pointer,2,-43,120,D,,,,17,04:00,36,30,
2007,RS,11,123,192,SIE,PAPS,"ILIEVSKI, VLADO",FTM,Free Throw In,1,-1,-1, ,,,,17,04:00,37,30,
2007,RS,11,123,193,BAS,PJTT,"MCDONALD, WILL",2FGAB,Missed Two Pointer,0,-110,76,D,,,,17,04:00,37,30,
2007,RS,11,123,202,SIE,PKWI,"MCINTYRE, TERRELL",3FGA,Missed Three Pointer,0,653,135,A,,,,17,04:00,37,30,
2007,RS,11,123,205,SIE,PAPS,"ILIEVSKI, VLADO",3FGA,Missed Three Pointer,0,664,215,A,,,,18,03:00,37,30,
2007,RS,11,123,207,BAS,PCBY,"SPLITTER, TIAGO",2FGM,Two Pointer,2,25,138,C,,,,18,03:00,37,32,
2007,RS,11,123,214,BAS,PCBY,"SPLITTER, TIAGO",FTM,Free Throw In,1,-1,-1, ,,,,18,03:00,37,33,
2007,RS,11,123,215,SIE,PLMK,"CARRARETTO, MARCO",3FGA,Missed Three Pointer,0,-702,30,F,,,,18,03:00,37,33,
2007,RS,11,123,217,BAS,P000719,"MOUNEKE, NNADUBEM GABRIEL",3FGA,Missed Three Pointer,0,28,735,G,,,,18,03:00,37,33,
2007,RS,11,123,224,SIE,PCQO,"EZE, BENJAMIN",FTM,Free Throw In,1,-1,-1, ,,,,19,02:00,38,33,
2007,RS,11,123,225,SIE,PCQO,"EZE, BENJAMIN",FTM,Free Throw In,1,-1,-1, ,,,,19,02:00,39,33,
2007,RS,11,123,230,SIE,PJHL,"RESS, TOMAS",2FGA,Missed Two Pointer,0,-397,187,E,,,,19,02:00,39,33,
2007,RS,11,123,232,BAS,PCBX,"PRIGIONI, PABLO",3FGA,Missed Three Pointer,0,689,117,A,,,,19,02:00,39,33,
2007,RS,11,123,236,SIE,PLMO,"SATO, ROMAIN",3FGA,Missed Three Pointer,0,-207,715,J,,,,20,01:00,39,33,
2007,RS,11,123,238,BAS,PCBY,"SPLITTER, TIAGO",2FGA,Missed Two Pointer,0,235,112,C,,,,20,01:00,39,33,
2007,RS,11,123,240,BAS,P000719,"MOUNEKE, NNADUBEM GABRIEL",2FGA,Missed Two Pointer,0,-74,105,D,,,,20,01:00,39,33,
2007,RS,11,123,242,SIE,PJHL,"RESS, TOMAS",2FGA,Missed Two Pointer,0,297,-15,B,,,,20,01:00,39,33,
2007,RS,11,123,258,BAS,PBVC,"JASAITIS, SIMAS",2FGM,Two Pointer,2,364,-10,B,,,,21,10:00,39,35,
2007,RS,11,123,265,SIE,PJOC,"STONEROOK, SHAUN",3FGA,Missed Three Pointer,0,466,535,G,,,,22,09:00,39,35,
2007,RS,11,123,269,SIE,PJOC,"STONEROOK, SHAUN",2FGM,Two Pointer,2,-2,10,D,,,,22,09:00,41,35,
2007,RS,11,123,270,BAS,PCBY,"SPLITTER, TIAGO",2FGAB,Missed Two Pointer,0,-2,69,D,,,,22,09:00,41,35,
2007,RS,11,123,274,BAS,PANB,"RAKOCEVIC, IGOR",3FGM,Three Pointer,3,646,233,A,,,,22,09:00,41,38,
2007,RS,11,123,275,SIE,PCCA,"THORNTON, BOOTSY",2FGM,Two Pointer,2,66,112,C,,,,22,09:00,43,38,
2007,RS,11,123,281,BAS,PCBY,"SPLITTER, TIAGO",FTM,Free Throw In,1,-1,-1, ,,,,23,08:00,43,39,
2007,RS,11,123,295,SIE,PCCA,"THORNTON, BOOTSY",2FGM,Two Pointer,2,71,51,C,,,,24,07:00,45,39,
2007,RS,11,123,301,BAS,PJZJ,"TELETOVIC, MIRZA",2FGA,Missed Two Pointer,0,-376,135,E,,,,24,07:00,45,39,
2007,RS,11,123,305,SIE,PKWI,"MCINTYRE, TERRELL",FTM,Free Throw In,1,-1,-1, ,,,,24,07:00,46,39,
2007,RS,11,123,306,SIE,PKWI,"MCINTYRE, TERRELL",FTM,Free Throw In,1,-1,-1, ,,,,24,07:00,47,39,
2007,RS,11,123,307,SIE,PCCA,"THORNTON, BOOTSY",2FGAB,Missed Two Pointer,0,38,105,C,,,,24,07:00,47,39,
2007,RS,11,123,314,BAS,PCBX,"PRIGIONI, PABLO",2FGA,Missed Two Pointer,0,-335,74,E,,,,24,07:00,47,39,
2007,RS,11,123,321,SIE,PJOC,"STONEROOK, SHAUN",3FGM,Three Pointer,3,-507,515,J,,,,25,06:00,50,39,
2007,RS,11,123,324,BAS,PJZJ,"TELETOVIC, MIRZA",3FGM,Three Pointer,3,-579,400,F,,,,25,06:00,50,42,
2007,RS,11,123,326,SIE,PLMO,"SATO, ROMAIN",2FGAB,Missed Two Pointer,0,102,112,C,,,,26,05:00,50,42,
2007,RS,11,123,331,SIE,PLMO,"SATO, ROMAIN",2FGA,Missed Two Pointer,0,46,102,C,,,,26,05:00,50,42,
2007,RS,11,123,333,BAS,PCBX,"PRIGIONI, PABLO",3FGA,Missed Three Pointer,0,674,182,A,,,,26,05:00,50,42,
2007,RS,11,123,334,BAS,PJZJ,"TELETOVIC, MIRZA",2FGA,Missed Two Pointer,0,-107,53,D,,,,26,05:00,50,42,
2007,RS,11,123,340,SIE,PAPS,"ILIEVSKI, VLADO",2FGA,Missed Two Pointer,0,420,361,B,,,,27,04:00,50,42,
2007,RS,11,123,342,SIE,PCCA,"THORNTON, BOOTSY",2FGM,Two Pointer,2,130,561,H,,,,27,04:00,52,42,
2007,RS,11,123,353,BAS,PCBY,"SPLITTER, TIAGO",FTM,Free Throw In,1,-1,-1, ,,,,28,03:00,52,43,
2007,RS,11,123,357,SIE,P000731,"MC LEOD, KEITH DARNELL",FTM,Free Throw In,1,-1,-1, ,,,,28,03:00,53,43,
2007,RS,11,123,358,SIE,P000731,"MC LEOD, KEITH DARNELL",FTM,Free Throw In,1,-1,-1, ,,,,28,03:00,54,43,
2007,RS,11,123,361,BAS,PANB,"RAKOCEVIC, IGOR",FTM,Free Throw In,1,-1,-1, ,,,,28,03:00,54,44,
2007,RS,11,123,362,BAS,PANB,"RAKOCEVIC, IGOR",FTM,Free Throw In,1,-1,-1, ,,,,28,03:00,54,45,
2007,RS,11,123,363,SIE,PJOC,"STONEROOK, SHAUN",3FGA,Missed Three Pointer,0,710,-10,A,,,,28,03:00,54,45,
2007,RS,11,123,365,BAS,PJZJ,"TELETOVIC, MIRZA",2FGM,Two Pointer,2,0,0,D,,,,28,03:00,54,47,
2007,RS,11,123,368,SIE,P000731,"MC LEOD, KEITH DARNELL",3FGA,Missed Three Pointer,0,141,735,G,,,,29,02:00,54,47,
2007,RS,11,123,370,SIE,PAPS,"ILIEVSKI, VLADO",2FGM,Two Pointer,2,74,176,C,,,,29,02:00,56,47,
2007,RS,11,123,372,BAS,PJZJ,"TELETOVIC, MIRZA",3FGA,Missed Three Pointer,0,579,543,G,,,,29,02:00,56,47,
2007,RS,11,123,377,SIE,P000731,"MC LEOD, KEITH DARNELL",FTM,Free Throw In,1,-1,-1, ,,,,30,01:00,57,47,
2007,RS,11,123,380,BAS,PAJK,"VIDAL, SERGI",2FGM,Two Pointer,2,-82,17,D,,,,30,01:00,57,49,
2007,RS,11,123,381,SIE,P000731,"MC LEOD, KEITH DARNELL",3FGM,Three Pointer,3,502,512,G,,,,30,01:00,60,49,
2007,RS,11,123,382,BAS,PCBX,"PRIGIONI, PABLO",3FGA,Missed Three Pointer,0,-294,710,J,,,,30,01:00,60,49,
2007,RS,11,123,394,BAS,PAFP,"PLANINIC, ZORAN",3FGA,Missed Three Pointer,0,556,453,G,,,,31,10:00,60,49,
2007,RS,11,123,396,SIE,PCQO,"EZE, BENJAMIN",2FGA,Missed Two Pointer,0,-428,-30,E,,,,31,10:00,60,49,
2007,RS,11,123,407,BAS,PANB,"RAKOCEVIC, IGOR",FTM,Free Throw In,1,-1,-1, ,,,,32,09:00,60,50,
2007,RS,11,123,408,BAS,PANB,"RAKOCEVIC, IGOR",FTM,Free Throw In,1,-1,-1, ,,,,32,09:00,60,51,
2007,RS,11,123,411,SIE,PKWI,"MCINTYRE, TERRELL",3FGM,Three Pointer,3,184,646,G,,,,32,09:00,63,51,
2007,RS,11,123,414,BAS,PAFP,"PLANINIC, ZORAN",FTM,Free Throw In,1,-1,-1, ,,,,32,09:00,63,52,
2007,RS,11,123,417,BAS,PAFP,"PLANINIC, ZORAN",2FGA,Missed Two Pointer,0,-384,358,E,,,,32,09:00,63,52,
2007,RS,11,123,419,BAS,PJZJ,"TELETOVIC, MIRZA",3FGA,Missed Three Pointer,0,492,487,G,,,,32,09:00,63,52,
2007,RS,11,123,421,SIE,PLMO,"SATO, ROMAIN",3FGA,Missed Three Pointer,0,-671,97,F,,,,32,09:00,63,52,
2007,RS,11,123,426,SIE,PLMO,"SATO, ROMAIN",3FGA,Missed Three Pointer,0,-7,676,J,,,,33,08:00,63,52,
2007,RS,11,123,428,BAS,PANB,"RAKOCEVIC, IGOR",3FGA,Missed Three Pointer,0,-515,430,J,,,,33,08:00,63,52,
2007,RS,11,123,433,BAS,PANB,"RAKOCEVIC, IGOR",FTM,Free Throw In,1,-1,-1, ,,,,34,07:00,63,53,
2007,RS,11,123,434,BAS,PANB,"RAKOCEVIC, IGOR",FTM,Free Throw In,1,-1,-1, ,,,,34,07:00,63,54,
2007,RS,11,123,435,SIE,PJOC,"STONEROOK, SHAUN",2FGM,Two Pointer,2,456,30,B,,,,34,07:00,65,54,
2007,RS,11,123,436,BAS,PCBY,"SPLITTER, TIAGO",2FGA,Missed Two Pointer,0,-87,143,D,,,,34,07:00,65,54,
2007,RS,11,123,440,BAS,PJZJ,"TELETOVIC, MIRZA",2FGM,Two Pointer,2,0,-5,D,,,,34,07:00,65,56,
2007,RS,11,123,444,SIE,PJHL,"RESS, TOMAS",FTM,Free Throw In,1,-1,-1, ,,,,34,07:00,66,56,
2007,RS,11,123,445,SIE,PJHL,"RESS, TOMAS",FTM,Free Throw In,1,-1,-1, ,,,,34,07:00,67,56,
2007,RS,11,123,450,BAS,PAFP,"PLANINIC, ZORAN",3FGM,Three Pointer,3,61,676,G,,,,35,06:00,67,59,
2007,RS,11,123,452,SIE,PKWI,"MCINTYRE, TERRELL",3FGA,Missed Three Pointer,0,-323,607,J,,,,35,06:00,67,59,
2007,RS,11,123,455,SIE,PCQO,"EZE, BENJAMIN",FTM,Free Throw In,1,-1,-1, ,,,,35,06:00,68,59,
2007,RS,11,123,456,SIE,PCQO,"EZE, BENJAMIN",FTM,Free Throw In,1,-1,-1, ,,,,35,06:00,69,59,
2007,RS,11,123,458,BAS,PAJK,"VIDAL, SERGI",3FGM,Three Pointer,3,-353,548,J,,,,36,05:00,69,62,
2007,RS,11,123,460,SIE,PLMO,"SATO, ROMAIN",2FGM,Two Pointer,2,92,461,H,,,,36,05:00,71,62,
2007,RS,11,123,463,BAS,PCBY,"SPLITTER, TIAGO",2FGM,Two Pointer,2,-84,61,D,,,,36,05:00,71,64,
2007,RS,11,123,464,SIE,PLMO,"SATO, ROMAIN",3FGM,Three Pointer,3,502,484,G,,,,36,05:00,74,64,
2007,RS,11,123,467,BAS,PAFP,"PLANINIC, ZORAN",3FGA,Missed Three Pointer,0,-394,535,J,,,,37,04:00,74,64,
2007,RS,11,123,469,SIE,PKWI,"MCINTYRE, TERRELL",3FGM,Three Pointer,3,-141,658,J,,,,37,04:00,77,64,
2007,RS,11,123,470,BAS,PANB,"RAKOCEVIC, IGOR",3FGA,Missed Three Pointer,0,-476,489,J,,,,37,04:00,77,64,
2007,RS,11,123,476,SIE,PCCA,"THORNTON, BOOTSY",2FGA,Missed Two Pointer,0,117,58,C,,,,38,03:00,77,64,
2007,RS,11,123,481,BAS,PAJK,"VIDAL, SERGI",FTM,Free Throw In,1,-1,-1, ,,,,38,03:00,77,65,
2007,RS,11,123,483,SIE,PKWI,"MCINTYRE, TERRELL",3FGM,Three Pointer,3,689,-2,A,,,,39,02:00,80,65,
2007,RS,11,123,485,BAS,PAFP,"PLANINIC, ZORAN",2FGM,Two Pointer,2,141,115,C,,,,39,02:00,80,67,
2007,RS,11,123,486,SIE,PKWI,"MCINTYRE, TERRELL",2FGA,Missed Two Pointer,0,123,66,C,,,,39,02:00,80,67,
2007,RS,11,123,488,BAS,PAFP,"PLANINIC, ZORAN",2FGA,Missed Two Pointer,0,-43,28,D,,,,39,02:00,80,67,
2007,RS,11,123,490,SIE,PLMO,"SATO, ROMAIN",3FGA,Missed Three Pointer,0,676,30,A,,,,39,02:00,80,67,
2007,RS,11,123,492,BAS,PANB,"RAKOCEVIC, IGOR",2FGM,Two Pointer,2,-107,84,D,,,,39,02:00,80,69,
2007,RS,11,123,494,SIE,PCCA,"THORNTON, BOOTSY",3FGA,Missed Three Pointer,0,653,82,A,,,,40,01:00,80,69,
2007,RS,11,123,498,SIE,PKWI,"MCINTYRE, TERRELL",3FGM,Three Pointer,3,-364,579,J,,,,40,01:00,83,69,
2007,RS,11,123,508,BAS,PCBY,"SPLITTER, TIAGO",2FGM,Two Pointer,2,2,2,D,,,,40,01:00,83,71,
2007,RS,11,123,509,SIE,PLMO,"SATO, ROMAIN",3FGA,Missed Three Pointer,0,-41,674,J,,,,40,01:00,83,71,
2007,RS,11,124,2,VIR,P000672,"MC GRATH, DONALD",2FGM,Two Pointer,2,394,323,B,,,,1,10:00,0,2,
2007,RS,11,124,3,SOP,PASG,"VAN DEN SPIEGEL, TOMAS",2FGM,Two Pointer,2,-74,15,D,,,,1,10:00,2,2,
2007,RS,11,124,5,VIR,PTGS,"DA ROS, MATTEO",2FGA,Missed Two Pointer,0,89,84,C,,,,1,10:00,2,2,
2007,RS,11,124,8,SOP,PACX,"MASIULIS, TOMAS",2FGA,Missed Two Pointer,0,82,23,C,,,,2,09:00,2,2,
2007,RS,11,124,10,VIR,P000672,"MC GRATH, DONALD",3FGM,Three Pointer,3,605,258,A,,,,2,09:00,2,5,
2007,RS,11,124,12,SOP,P000713,"MILICIC, IGOR",3FGA,Missed Three Pointer,0,479,479,G,,,,2,09:00,2,5,
2007,RS,11,124,14,VIR,PTGQ,"DI BELLA, FABIO",2FGA,Missed Two Pointer,0,-33,102,D,,,,2,09:00,2,5,
2007,RS,11,124,19,SOP,PACY,"SLANINA, DONATAS",2FGA,Missed Two Pointer,0,151,361,C,,,,3,08:00,2,5,
2007,RS,11,124,23,SOP,PACY,"SLANINA, DONATAS",3FGM,Three Pointer,3,-307,600,J,,,,3,08:00,5,5,
2007,RS,11,124,25,VIR,PLHB,"GARRI, LUCA",3FGM,Three Pointer,3,-443,582,J,,,,3,08:00,5,8,
2007,RS,11,124,27,SOP,PASG,"VAN DEN SPIEGEL, TOMAS",2FGA,Missed Two Pointer,0,187,276,C,,,,3,08:00,5,8,
2007,RS,11,124,29,VIR,PTGS,"DA ROS, MATTEO",3FGA,Missed Three Pointer,0,448,541,G,,,,3,08:00,5,8,
2007,RS,11,124,31,VIR,PLHB,"GARRI, LUCA",2FGA,Missed Two Pointer,0,-102,225,D,,,,3,08:00,5,8,
2007,RS,11,124,37,SOP,PABC,"GUROVIC, MILAN",2FGA,Missed Two Pointer,0,-335,138,E,,,,4,07:00,5,8,
2007,RS,11,124,39,VIR,PBEW,"CHIACIG, ROBERTO",2FGM,Two Pointer,2,61,76,C,,,,4,07:00,5,10,
2007,RS,11,124,40,SOP,PABC,"GUROVIC, MILAN",2FGM,Two Pointer,2,-74,33,D,,,,4,07:00,7,10,
2007,RS,11,124,45,SOP,PABC,"GUROVIC, MILAN",FTM,Free Throw In,1,-1,-1, ,,,,5,06:00,8,10,
2007,RS,11,124,48,SOP,PABC,"GUROVIC, MILAN",2FGA,Missed Two Pointer,0,-153,135,D,,,,5,06:00,8,10,
2007,RS,11,124,50,SOP,PACY,"SLANINA, DONATAS",2FGM,Two Pointer,2,-7,543,I,,,,6,05:00,10,10,
2007,RS,11,124,63,SOP,PBCM,"HARISSIS, CHRISTOS",3FGM,Three Pointer,3,635,233,A,,,,6,05:00,13,10,
2007,RS,11,124,68,SOP,PABC,"GUROVIC, MILAN",3FGM,Three Pointer,3,-646,238,F,,,,7,04:00,16,10,
2007,RS,11,124,73,VIR,PLHB,"GARRI, LUCA",2FGM,Two Pointer,2,187,156,C,,,,7,04:00,16,12,
2007,RS,11,124,74,SOP,PASG,"VAN DEN SPIEGEL, TOMAS",2FGA,Missed Two Pointer,0,15,58,C,,,,7,04:00,16,12,
2007,RS,11,124,76,SOP,PBCM,"HARISSIS, CHRISTOS",3FGA,Missed Three Pointer,0,584,374,A,,,,7,04:00,16,12,
2007,RS,11,124,78,SOP,PASG,"VAN DEN SPIEGEL, TOMAS",2FGAB,Missed Two Pointer,0,56,94,C,,,,7,04:00,16,12,
2007,RS,11,124,89,VIR,PTGQ,"DI BELLA, FABIO",2FGA,Missed Two Pointer,0,176,282,C,,,,9,02:00,16,12,
2007,RS,11,124,94,SOP,PABC,"GUROVIC, MILAN",FTM,Free Throw In,1,-1,-1, ,,,,9,02:00,17,12,
2007,RS,11,124,95,SOP,PABC,"GUROVIC, MILAN",FTM,Free Throw In,1,-1,-1, ,,,,9,02:00,18,12,
2007,RS,11,124,96,VIR,PTGZ,"LESTINI, FEDERICO",2FGA,Missed Two Pointer,0,-423,-20,E,,,,9,02:00,18,12,
2007,RS,11,124,98,SOP,PAUL,"STANOJEVIC, JOVO",2FGM,Two Pointer,2,51,41,C,,,,9,02:00,20,12,
2007,RS,11,124,100,VIR,PTGQ,"DI BELLA, FABIO",2FGM,Two Pointer,2,238,384,B,,,,9,02:00,20,14,
2007,RS,11,124,111,VIR,PJNX,"MICHELORI, ANDREA",FTM,Free Throw In,1,-1,-1, ,,,,10,01:00,20,15,
2007,RS,11,124,112,VIR,PJNX,"MICHELORI, ANDREA",FTM,Free Throw In,1,-1,-1, ,,,,10,01:00,20,16,
2007,RS,11,124,119,SOP,PABC,"GUROVIC, MILAN",2FGM,Two Pointer,2,-592,-17,E,,,,11,10:00,22,16,
2007,RS,11,124,120,VIR,PBEW,"CHIACIG, ROBERTO",2FGM,Two Pointer,2,23,276,C,,,,11,10:00,22,18,
2007,RS,11,124,125,SOP,PABC,"GUROVIC, MILAN",3FGA,Missed Three Pointer,0,130,653,G,,,,11,10:00,22,18,
2007,RS,11,124,127,VIR,PTGZ,"LESTINI, FEDERICO",2FGM,Two Pointer,2,430,376,B,,,,12,09:00,22,20,
2007,RS,11,124,129,SOP,PCLQ,"DYLEWICZ, FILIP",2FGM,Two Pointer,2,-269,415,E,,,,12,09:00,24,20,
2007,RS,11,124,130,VIR,PTGZ,"LESTINI, FEDERICO",2FGA,Missed Two Pointer,0,-443,353,E,,,,12,09:00,24,20,
2007,RS,11,124,132,SOP,PABC,"GUROVIC, MILAN",2FGA,Missed Two Pointer,0,-207,2,D,,,,12,09:00,24,20,
2007,RS,11,124,139,VIR,PBEW,"CHIACIG, ROBERTO",2FGA,Missed Two Pointer,0,-274,412,E,,,,12,09:00,24,20,
2007,RS,11,124,141,SOP,PCLQ,"DYLEWICZ, FILIP",2FGM,Two Pointer,2,138,164,C,,,,12,09:00,26,20,
2007,RS,11,124,143,VIR,PTGZ,"LESTINI, FEDERICO",2FGM,Two Pointer,2,187,20,C,,,,13,08:00,26,22,
2007,RS,11,124,144,SOP,PAUL,"STANOJEVIC, JOVO",2FGA,Missed Two Pointer,0,207,2,C,,,,13,08:00,26,22,
2007,RS,11,124,146,VIR,PBEW,"CHIACIG, ROBERTO",2FGA,Missed Two Pointer,0,-71,66,D,,,,13,08:00,26,22,
2007,RS,11,124,154,VIR,PJNX,"MICHELORI, ANDREA",FTM,Free Throw In,1,-1,-1, ,,,,14,07:00,26,23,
2007,RS,11,124,155,SOP,PBCM,"HARISSIS, CHRISTOS",2FGM,Two Pointer,2,35,243,C,,,,14,07:00,28,23,
2007,RS,11,124,156,VIR,PJNX,"MICHELORI, ANDREA",3FGM,Three Pointer,3,-117,671,J,,,,14,07:00,28,26,
2007,RS,11,124,158,SOP,PTFZ,"ROSZYK, KRZYSZTOF",3FGA,Missed Three Pointer,0,687,15,A,,,,14,07:00,28,26,
2007,RS,11,124,161,SOP,PACY,"SLANINA, DONATAS",2FGM,Two Pointer,2,102,23,C,,,,15,06:00,30,26,
2007,RS,11,124,163,VIR,PTGZ,"LESTINI, FEDERICO",3FGM,Three Pointer,3,-461,525,J,,,,15,06:00,30,29,
2007,RS,11,124,164,SOP,PCLQ,"DYLEWICZ, FILIP",2FGM,Two Pointer,2,-97,64,D,,,,15,06:00,32,29,
2007,RS,11,124,166,VIR,P000672,"MC GRATH, DONALD",2FGM,Two Pointer,2,279,507,H,,,,15,06:00,32,31,
2007,RS,11,124,168,SOP,PBCM,"HARISSIS, CHRISTOS",3FGA,Missed Three Pointer,0,-305,602,J,,,,16,05:00,32,31,
2007,RS,11,124,178,SOP,PACY,"SLANINA, DONATAS",3FGAB,Missed Three Pointer,0,682,46,A,,,,16,05:00,32,31,
2007,RS,11,124,181,SOP,PCLQ,"DYLEWICZ, FILIP",2FGA,Missed Two Pointer,0,107,61,C,,,,16,05:00,32,31,
2007,RS,11,124,187,SOP,PTFZ,"ROSZYK, KRZYSZTOF",2FGM,Two Pointer,2,379,58,B,,,,17,04:00,34,31,
2007,RS,11,124,191,VIR,PLHB,"GARRI, LUCA",2FGA,Missed Two Pointer,0,-158,176,D,,,,17,04:00,34,31,
2007,RS,11,124,196,SOP,PASG,"VAN DEN SPIEGEL, TOMAS",FTM,Free Throw In,1,-1,-1, ,,,,18,03:00,35,31,
2007,RS,11,124,197,SOP,PASG,"VAN DEN SPIEGEL, TOMAS",FTM,Free Throw In,1,-1,-1, ,,,,18,03:00,36,31,
2007,RS,11,124,198,VIR,P000672,"MC GRATH, DONALD",2FGA,Missed Two Pointer,0,125,76,C,,,,18,03:00,36,31,
2007,RS,11,124,200,VIR,PTGO,"CROSARIOL, ANDREA",2FGM,Two Pointer,2,-56,28,D,,,,18,03:00,36,33,
2007,RS,11,124,201,SOP,PASG,"VAN DEN SPIEGEL, TOMAS",2FGA,Missed Two Pointer,0,69,17,C,,,,18,03:00,36,33,
2007,RS,11,124,206,VIR,PTGO,"CROSARIOL, ANDREA",2FGAB,Missed Two Pointer,0,82,28,C,,,,19,02:00,36,33,
2007,RS,11,124,210,SOP,PASG,"VAN DEN SPIEGEL, TOMAS",2FGAB,Missed Two Pointer,0,112,48,C,,,,19,02:00,36,33,
2007,RS,11,124,216,VIR,PLHB,"GARRI, LUCA",2FGA,Missed Two Pointer,0,-76,71,D,,,,19,02:00,36,33,
2007,RS,11,124,226,VIR,P000079,"CANELO, JEAN CARLOS",FTM,Free Throw In,1,-1,-1, ,,,,20,01:00,36,34,
2007,RS,11,124,229,VIR,PLHB,"GARRI, LUCA",2FGM,Two Pointer,2,102,48,C,,,,20,01:00,36,36,
2007,RS,11,124,230,SOP,PACY,"SLANINA, DONATAS",3FGM,Three Pointer,3,-674,-66,F,,,,20,01:00,39,36,
2007,RS,11,124,232,VIR,PTGO,"CROSARIOL, ANDREA",2FGAB,Missed Two Pointer,0,-79,58,D,,,,20,01:00,39,36,
2007,RS,11,124,248,SOP,PABC,"GUROVIC, MILAN",3FGM,Three Pointer,3,-415,546,J,,,,21,10:00,42,36,
2007,RS,11,124,250,VIR,PLHB,"GARRI, LUCA",2FGA,Missed Two Pointer,0,69,517,H,,,,21,10:00,42,36,
2007,RS,11,124,254,VIR,P000672,"MC GRATH, DONALD",2FGM,Two Pointer,2,-251,497,I,,,,22,09:00,42,38,
2007,RS,11,124,257,SOP,PACY,"SLANINA, DONATAS",2FGM,Two Pointer,2,-82,30,D,,,,22,09:00,44,38,
2007,RS,11,124,258,VIR,P000672,"MC GRATH, DONALD",3FGA,Missed Three Pointer,0,-294,638,J,,,,22,09:00,44,38,
2007,RS,11,124,260,SOP,PASG,"VAN DEN SPIEGEL, TOMAS",2FGA,Missed Two Pointer,0,-156,84,D,,,,22,09:00,44,38,
2007,RS,11,124,262,SOP,PACX,"MASIULIS, TOMAS",2FGA,Missed Two Pointer,0,107,125,C,,,,22,09:00,44,38,
2007,RS,11,124,264,SOP,PASG,"VAN DEN SPIEGEL, TOMAS",2FGA,Missed Two Pointer,0,-89,130,D,,,,22,09:00,44,38,
2007,RS,11,124,268,SOP,PABC,"GUROVIC, MILAN",FTM,Free Throw In,1,-1,-1, ,,,,22,09:00,45,38,
2007,RS,11,124,269,SOP,PABC,"GUROVIC, MILAN",FTM,Free Throw In,1,-1,-1, ,,,,22,09:00,46,38,
2007,RS,11,124,271,VIR,PTGQ,"DI BELLA, FABIO",2FGA,Missed Two Pointer,0,17,520,H,,,,23,08:00,46,38,
2007,RS,11,124,273,VIR,PLHB,"GARRI, LUCA",2FGM,Two Pointer,2,-76,56,D,,,,23,08:00,46,40,
2007,RS,11,124,274,SOP,PACY,"SLANINA, DONATAS",3FGM,Three Pointer,3,361,605,G,,,,23,08:00,49,40,
2007,RS,11,124,276,VIR,P000672,"MC GRATH, DONALD",2FGM,Two Pointer,2,133,566,H,,,,23,08:00,49,42,
2007,RS,11,124,278,SOP,PACY,"SLANINA, DONATAS",3FGA,Missed Three Pointer,0,-469,466,J,,,,24,07:00,49,42,
2007,RS,11,124,280,VIR,PBEW,"CHIACIG, ROBERTO",2FGA,Missed Two Pointer,0,-120,153,D,,,,24,07:00,49,42,
2007,RS,11,124,287,VIR,PTGO,"CROSARIOL, ANDREA",2FGM,Two Pointer,2,-102,143,D,,,,24,07:00,49,44,
2007,RS,11,124,298,VIR,PTGO,"CROSARIOL, ANDREA",2FGAB,Missed Two Pointer,0,143,474,H,,,,25,06:00,49,44,
2007,RS,11,124,301,VIR,PTGQ,"DI BELLA, FABIO",2FGA,Missed Two Pointer,0,138,282,C,,,,25,06:00,49,44,
2007,RS,11,124,303,SOP,PCLQ,"DYLEWICZ, FILIP",2FGA,Missed Two Pointer,0,41,397,C,,,,25,06:00,49,44,
2007,RS,11,124,307,SOP,PABC,"GUROVIC, MILAN",3FGA,Missed Three Pointer,0,674,58,A,,,,25,06:00,49,44,
2007,RS,11,124,312,SOP,P000713,"MILICIC, IGOR",3FGA,Missed Three Pointer,0,671,61,A,,,,26,05:00,49,44,
2007,RS,11,124,320,VIR,PTGQ,"DI BELLA, FABIO",3FGA,Missed Three Pointer,0,-335,623,J,,,,26,05:00,49,44,
2007,RS,11,124,323,SOP,PACY,"SLANINA, DONATAS",3FGM,Three Pointer,3,-264,623,J,,,,27,04:00,52,44,
2007,RS,11,124,325,VIR,P000672,"MC GRATH, DONALD",2FGAB,Missed Two Pointer,0,82,200,C,,,,27,04:00,52,44,
2007,RS,11,124,330,SOP,PASG,"VAN DEN SPIEGEL, TOMAS",2FGA,Missed Two Pointer,0,-17,307,D,,,,28,03:00,52,44,
2007,RS,11,124,332,VIR,P000726,"MORASCHINI, RICCARDO",2FGA,Missed Two Pointer,0,210,141,C,,,,28,03:00,52,44,
2007,RS,11,124,341,SOP,PBCM,"HARISSIS, CHRISTOS",2FGA,Missed Two Pointer,0,12,266,C,,,,28,03:00,52,44,
2007,RS,11,124,345,VIR,P000079,"CANELO, JEAN CARLOS",FTM,Free Throw In,1,-1,-1, ,,,,28,03:00,52,45,
2007,RS,11,124,346,VIR,P000079,"CANELO, JEAN CARLOS",FTM,Free Throw In,1,-1,-1, ,,,,28,03:00,52,46,
2007,RS,11,124,347,SOP,PCLQ,"DYLEWICZ, FILIP",2FGM,Two Pointer,2,56,300,C,,,,28,03:00,54,46,
2007,RS,11,124,349,VIR,PJNX,"MICHELORI, ANDREA",2FGA,Missed Two Pointer,0,43,192,C,,,,29,02:00,54,46,
2007,RS,11,124,351,SOP,PTFZ,"ROSZYK, KRZYSZTOF",2FGM,Two Pointer,2,235,166,B,,,,29,02:00,56,46,
2007,RS,11,124,353,VIR,P000672,"MC GRATH, DONALD",3FGM,Three Pointer,3,428,625,G,,,,29,02:00,56,49,
2007,RS,11,124,355,SOP,PTFZ,"ROSZYK, KRZYSZTOF",2FGM,Two Pointer,2,115,82,C,,,,30,01:00,58,49,
2007,RS,11,124,356,VIR,PTGO,"CROSARIOL, ANDREA",2FGM,Two Pointer,2,-2,0,D,,,,30,01:00,58,51,
2007,RS,11,124,358,SOP,PBCM,"HARISSIS, CHRISTOS",3FGA,Missed Three Pointer,0,448,528,G,,,,30,01:00,58,51,
2007,RS,11,124,367,VIR,PTGZ,"LESTINI, FEDERICO",2FGA,Missed Two Pointer,0,-551,56,E,,,,31,10:00,58,51,
2007,RS,11,124,373,SOP,PCLQ,"DYLEWICZ, FILIP",FTM,Free Throw In,1,-1,-1, ,,,,31,10:00,59,51,
2007,RS,11,124,374,SOP,PCLQ,"DYLEWICZ, FILIP",FTM,Free Throw In,1,-1,-1, ,,,,31,10:00,60,51,
2007,RS,11,124,377,VIR,P000079,"CANELO, JEAN CARLOS",2FGM,Two Pointer,2,-128,346,D,,,,31,10:00,60,53,
2007,RS,11,124,380,SOP,PCLQ,"DYLEWICZ, FILIP",3FGA,Missed Three Pointer,0,682,20,A,,,,32,09:00,60,53,
2007,RS,11,124,382,VIR,PTGO,"CROSARIOL, ANDREA",2FGA,Missed Two Pointer,0,-5,246,D,,,,32,09:00,60,53,
2007,RS,11,124,386,SOP,PABC,"GUROVIC, MILAN",3FGM,Three Pointer,3,366,592,G,,,,32,09:00,63,53,
2007,RS,11,124,389,VIR,PTGO,"CROSARIOL, ANDREA",2FGM,Two Pointer,2,2,84,D,,,,33,08:00,63,55,
2007,RS,11,124,391,SOP,PABC,"GUROVIC, MILAN",3FGM,Three Pointer,3,600,302,A,,,,33,08:00,66,55,
2007,RS,11,124,393,VIR,P000079,"CANELO, JEAN CARLOS",2FGAB,Missed Two Pointer,0,51,128,C,,,,33,08:00,66,55,
2007,RS,11,124,403,SOP,PABC,"GUROVIC, MILAN",FTM,Free Throw In,1,-1,-1, ,,,,34,07:00,67,55,
2007,RS,11,124,404,SOP,PABC,"GUROVIC, MILAN",FTM,Free Throw In,1,-1,-1, ,,,,34,07:00,68,55,
2007,RS,11,124,407,VIR,PLHB,"GARRI, LUCA",3FGA,Missed Three Pointer,0,251,671,G,,,,34,07:00,68,55,
2007,RS,11,124,414,VIR,PTGQ,"DI BELLA, FABIO",2FGA,Missed Two Pointer,0,187,151,C,,,,35,06:00,68,55,
2007,RS,11,124,416,SOP,PCLQ,"DYLEWICZ, FILIP",2FGM,Two Pointer,2,41,35,C,,,,35,06:00,70,55,
2007,RS,11,124,424,VIR,P000672,"MC GRATH, DONALD",2FGA,Missed Two Pointer,0,38,569,H,,,,35,06:00,70,55,
2007,RS,11,124,430,SOP,PABC,"GUROVIC, MILAN",2FGM,Two Pointer,2,7,46,C,,,,35,06:00,72,55,
2007,RS,11,124,433,VIR,PBEW,"CHIACIG, ROBERTO",2FGA,Missed Two Pointer,0,102,374,C,,,,36,05:00,72,55,
2007,RS,11,124,435,SOP,PBCM,"HARISSIS, CHRISTOS",2FGM,Two Pointer,2,-174,241,D,,,,36,05:00,74,55,
2007,RS,11,124,444,SOP,PCLQ,"DYLEWICZ, FILIP",2FGM,Two Pointer,2,5,7,C,,,,36,05:00,76,55,
2007,RS,11,124,450,VIR,PBEW,"CHIACIG, ROBERTO",FTM,Free Throw In,1,-1,-1, ,,,,37,04:00,76,56,
2007,RS,11,124,453,SOP,PJHV,"LAPETA, ADAM",2FGAB,Missed Two Pointer,0,-41,53,D,,,,37,04:00,76,56,
2007,RS,11,124,457,VIR,P000726,"MORASCHINI, RICCARDO",3FGA,Missed Three Pointer,0,-446,512,J,,,,37,04:00,76,56,
2007,RS,11,124,466,VIR,PLHB,"GARRI, LUCA",3FGA,Missed Three Pointer,0,553,412,A,,,,37,04:00,76,56,
2007,RS,11,124,468,SOP,PLDX,"WACZYNSKI, ADAM",3FGA,Missed Three Pointer,0,-646,302,F,,,,37,04:00,76,56,
2007,RS,11,124,471,VIR,P000079,"CANELO, JEAN CARLOS",2FGAB,Missed Two Pointer,0,184,179,C,,,,38,03:00,76,56,
2007,RS,11,124,476,SOP,PJHV,"LAPETA, ADAM",2FGA,Missed Two Pointer,0,287,215,B,,,,38,03:00,76,56,
2007,RS,11,124,481,VIR,PBEW,"CHIACIG, ROBERTO",FTM,Free Throw In,1,-1,-1, ,,,,39,02:00,76,57,
2007,RS,11,124,482,VIR,PBEW,"CHIACIG, ROBERTO",FTM,Free Throw In,1,-1,-1, ,,,,39,02:00,76,58,
2007,RS,11,124,483,SOP,PTFZ,"ROSZYK, KRZYSZTOF",3FGA,Missed Three Pointer,0,-551,379,F,,,,39,02:00,76,58,
2007,RS,11,124,485,VIR,PBEW,"CHIACIG, ROBERTO",2FGAB,Missed Two Pointer,0,-112,235,D,,,,39,02:00,76,58,
2007,RS,11,124,492,SOP,PLDX,"WACZYNSKI, ADAM",2FGA,Missed Two Pointer,0,-123,20,D,,,,40,01:00,76,58,
2007,RS,11,124,497,VIR,PBEW,"CHIACIG, ROBERTO",FTM,Free Throw In,1,-1,-1, ,,,,40,01:00,76,59,
2007,RS,11,124,498,SOP,PCLQ,"DYLEWICZ, FILIP",3FGM,Three Pointer,3,-646,258,F,,,,40,01:00,79,59,
2007,RS,11,125,10,ARI,PLGV,"MASSEY, JEREMIAH",2FGA,Missed Two Pointer,0,315,2,B,,,,2,09:00,0,0,
2007,RS,11,125,15,ARI,PLGV,"MASSEY, JEREMIAH",FTM,Free Throw In,1,-1,-1, ,,,,2,09:00,1,0,
2007,RS,11,125,16,LIE,PJRD,"NIELSEN, MATT",2FGA,Missed Two Pointer,0,151,-2,C,,,,2,09:00,1,0,
2007,RS,11,125,18,LIE,PJRD,"NIELSEN, MATT",2FGA,Missed Two Pointer,0,110,-10,C,,,,2,09:00,1,0,
2007,RS,11,125,25,LIE,PBUU,"LUKAUSKIS, MINDAUGAS",2FGM,Two Pointer,2,-7,397,D,,,,3,08:00,1,2,
2007,RS,11,125,26,ARI,PJXV,"CASTLE, TERREL",3FGA,Missed Three Pointer,0,451,556,G,,,,3,08:00,1,2,
2007,RS,11,125,28,LIE,PJZN,"PETRAVICIUS, MARIJONAS",2FGM,Two Pointer,2,-87,38,D,,,,3,08:00,1,4,
2007,RS,11,125,32,LIE,PLOC,"EIDSON, CHUCK",2FGM,Two Pointer,2,46,20,C,,,,4,07:00,1,6,
2007,RS,11,125,34,ARI,PTEM,"WRIGHT, BRACEY",2FGM,Two Pointer,2,-405,125,E,,,,4,07:00,3,6,
2007,RS,11,125,36,ARI,PTEM,"WRIGHT, BRACEY",2FGA,Missed Two Pointer,0,320,110,B,,,,4,07:00,3,6,
2007,RS,11,125,38,ARI,PTEM,"WRIGHT, BRACEY",2FGA,Missed Two Pointer,0,58,38,C,,,,4,07:00,3,6,
2007,RS,11,125,40,LIE,PBUU,"LUKAUSKIS, MINDAUGAS",2FGA,Missed Two Pointer,0,-79,20,D,,,,4,07:00,3,6,
2007,RS,11,125,43,ARI,PLGV,"MASSEY, JEREMIAH",2FGM,Two Pointer,2,71,56,C,,,,5,06:00,5,6,
2007,RS,11,125,47,ARI,PLGV,"MASSEY, JEREMIAH",FTM,Free Throw In,1,-1,-1, ,,,,5,06:00,6,6,
2007,RS,11,125,48,LIE,PLOC,"EIDSON, CHUCK",2FGA,Missed Two Pointer,0,-310,166,E,,,,5,06:00,6,6,
2007,RS,11,125,54,ARI,PJXV,"CASTLE, TERREL",FTM,Free Throw In,1,-1,-1, ,,,,5,06:00,7,6,
2007,RS,11,125,55,ARI,PJXV,"CASTLE, TERREL",FTM,Free Throw In,1,-1,-1, ,,,,5,06:00,8,6,
2007,RS,11,125,56,LIE,PBUU,"LUKAUSKIS, MINDAUGAS",2FGM,Two Pointer,2,-56,64,D,,,,5,06:00,8,8,
2007,RS,11,125,57,ARI,PLGM,"TSALDARIS, DIMITRIOS",2FGA,Missed Two Pointer,0,-264,369,E,,,,5,06:00,8,8,
2007,RS,11,125,70,ARI,PTEM,"WRIGHT, BRACEY",2FGA,Missed Two Pointer,0,46,46,C,,,,7,04:00,8,8,
2007,RS,11,125,72,LIE,PJZN,"PETRAVICIUS, MARIJONAS",2FGM,Two Pointer,2,-71,-5,D,,,,7,04:00,8,10,
2007,RS,11,125,74,ARI,PLGM,"TSALDARIS, DIMITRIOS",2FGA,Missed Two Pointer,0,-366,379,E,,,,7,04:00,8,10,
2007,RS,11,125,76,LIE,PJRD,"NIELSEN, MATT",2FGM,Two Pointer,2,48,7,C,,,,7,04:00,8,12,
2007,RS,11,125,78,ARI,PBDH,"MOTTOLA, HANNO",3FGA,Missed Three Pointer,0,212,658,G,,,,8,03:00,8,12,
2007,RS,11,125,88,ARI,PTEM,"WRIGHT, BRACEY",2FGA,Missed Two Pointer,0,210,343,B,,,,8,03:00,8,12,
2007,RS,11,125,90,ARI,PLGV,"MASSEY, JEREMIAH",2FGA,Missed Two Pointer,0,-58,46,D,,,,8,03:00,8,12,
2007,RS,11,125,92,ARI,PJIX,"AGADAKOS, LAZAROS",2FGM,Two Pointer,2,-58,20,D,,,,8,03:00,10,12,
2007,RS,11,125,94,LIE,PCOH,"PRICE, HOLLIS",3FGA,Missed Three Pointer,0,307,617,G,,,,9,02:00,10,12,
2007,RS,11,125,96,ARI,PTEM,"WRIGHT, BRACEY",2FGM,Two Pointer,2,-38,46,D,,,,9,02:00,12,12,
2007,RS,11,125,98,LIE,PBUU,"LUKAUSKIS, MINDAUGAS",3FGA,Missed Three Pointer,0,456,512,G,,,,9,02:00,12,12,
2007,RS,11,125,107,ARI,PTEO,"TERRY, REYSHAWN",3FGM,Three Pointer,3,-679,48,F,,,,10,01:00,15,12,
2007,RS,11,125,109,LIE,PTFL,"BAJRAMOVIC, KENAN",2FGA,Missed Two Pointer,0,48,53,C,,,,10,01:00,15,12,
2007,RS,11,125,118,LIE,PBUU,"LUKAUSKIS, MINDAUGAS",3FGA,Missed Three Pointer,0,-482,482,J,,,,10,01:00,15,12,
2007,RS,11,125,122,ARI,PTEM,"WRIGHT, BRACEY",2FGM,Two Pointer,2,-41,56,D,,,,11,10:00,17,12,
2007,RS,11,125,123,ARI,PJIX,"AGADAKOS, LAZAROS",2FGM,Two Pointer,2,41,100,C,,,,11,10:00,19,12,
2007,RS,11,125,125,LIE,PBUU,"LUKAUSKIS, MINDAUGAS",2FGM,Two Pointer,2,46,87,C,,,,11,10:00,19,14,
2007,RS,11,125,131,ARI,PLGV,"MASSEY, JEREMIAH",2FGA,Missed Two Pointer,0,138,156,C,,,,12,09:00,19,14,
2007,RS,11,125,133,LIE,PJRD,"NIELSEN, MATT",3FGA,Missed Three Pointer,0,-179,661,J,,,,12,09:00,19,14,
2007,RS,11,125,135,ARI,PLGV,"MASSEY, JEREMIAH",2FGM,Two Pointer,2,-82,15,D,,,,12,09:00,21,14,
2007,RS,11,125,142,ARI,PLGV,"MASSEY, JEREMIAH",FTM,Free Throw In,1,-1,-1, ,,,,12,09:00,22,14,
2007,RS,11,125,149,LIE,PTFL,"BAJRAMOVIC, KENAN",2FGM,Two Pointer,2,-12,458,I,,,,13,08:00,22,16,
2007,RS,11,125,154,ARI,PAPI,"KALAITZIS, GEORGIOS",FTM,Free Throw In,1,-1,-1, ,,,,13,08:00,23,16,
2007,RS,11,125,155,ARI,PAPI,"KALAITZIS, GEORGIOS",FTM,Free Throw In,1,-1,-1, ,,,,13,08:00,24,16,
2007,RS,11,125,160,ARI,PTEM,"WRIGHT, BRACEY",3FGA,Missed Three Pointer,0,358,620,G,,,,13,08:00,24,16,
2007,RS,11,125,163,LIE,PLML,"BATISTA, JOAO PAULO",2FGM,Two Pointer,2,82,43,C,,,,14,07:00,24,18,
2007,RS,11,125,164,ARI,PJIX,"AGADAKOS, LAZAROS",2FGA,Missed Two Pointer,0,-233,23,D,,,,14,07:00,24,18,
2007,RS,11,125,166,LIE,PCOH,"PRICE, HOLLIS",3FGA,Missed Three Pointer,0,-541,456,J,,,,14,07:00,24,18,
2007,RS,11,125,179,ARI,PAPT,"BOISA, VLADIMER",2FGA,Missed Two Pointer,0,292,153,B,,,,15,06:00,24,18,
2007,RS,11,125,186,ARI,PJXV,"CASTLE, TERREL",2FGA,Missed Two Pointer,0,117,46,C,,,,16,05:00,24,18,
2007,RS,11,125,188,ARI,PJXV,"CASTLE, TERREL",2FGM,Two Pointer,2,128,374,C,,,,16,05:00,26,18,
2007,RS,11,125,189,LIE,PLML,"BATISTA, JOAO PAULO",2FGA,Missed Two Pointer,0,-5,100,D,,,,16,05:00,26,18,
2007,RS,11,125,191,LIE,PTFL,"BAJRAMOVIC, KENAN",2FGA,Missed Two Pointer,0,20,61,C,,,,16,05:00,26,18,
2007,RS,11,125,198,ARI,PAPI,"KALAITZIS, GEORGIOS",FTM,Free Throw In,1,-1,-1, ,,,,17,04:00,27,18,
2007,RS,11,125,209,LIE,PTFL,"BAJRAMOVIC, KENAN",3FGM,Three Pointer,3,0,694,J,,,,17,04:00,27,21,
2007,RS,11,125,213,LIE,P000703,"JORDAN, JARED",3FGA,Missed Three Pointer,0,687,-17,A,,,,18,03:00,27,21,
2007,RS,11,125,215,ARI,PTEM,"WRIGHT, BRACEY",2FGM,Two Pointer,2,400,376,B,,,,18,03:00,29,21,
2007,RS,11,125,217,LIE,PKNS,"JOMANTAS, ARTURAS",3FGM,Three Pointer,3,-697,23,F,,,,18,03:00,29,24,
2007,RS,11,125,218,ARI,PLGV,"MASSEY, JEREMIAH",2FGM,Two Pointer,2,-56,48,D,,,,18,03:00,31,24,
2007,RS,11,125,221,LIE,PTFL,"BAJRAMOVIC, KENAN",2FGM,Two Pointer,2,43,17,C,,,,19,02:00,31,26,
2007,RS,11,125,222,ARI,PBDH,"MOTTOLA, HANNO",2FGM,Two Pointer,2,94,69,C,,,,19,02:00,33,26,
2007,RS,11,125,223,LIE,P000703,"JORDAN, JARED",2FGM,Two Pointer,2,10,84,C,,,,19,02:00,33,28,
2007,RS,11,125,225,ARI,PLGM,"TSALDARIS, DIMITRIOS",2FGA,Missed Two Pointer,0,-76,43,D,,,,20,01:00,33,28,
2007,RS,11,125,227,LIE,P000703,"JORDAN, JARED",2FGM,Two Pointer,2,10,76,C,,,,20,01:00,33,30,
2007,RS,11,125,233,ARI,PJXV,"CASTLE, TERREL",3FGM,Three Pointer,3,-415,533,J,,,,20,01:00,36,30,
2007,RS,11,125,235,LIE,PLML,"BATISTA, JOAO PAULO",2FGA,Missed Two Pointer,0,48,43,C,,,,20,01:00,36,30,
2007,RS,11,125,237,LIE,PLML,"BATISTA, JOAO PAULO",2FGM,Two Pointer,2,-84,20,D,,,,20,01:00,36,32,
2007,RS,11,125,246,LIE,PJRD,"NIELSEN, MATT",2FGM,Two Pointer,2,-84,48,D,,,,21,10:00,36,34,
2007,RS,11,125,247,ARI,PLGV,"MASSEY, JEREMIAH",2FGA,Missed Two Pointer,0,-87,17,D,,,,21,10:00,36,34,
2007,RS,11,125,253,LIE,PCOH,"PRICE, HOLLIS",3FGM,Three Pointer,3,-461,515,J,,,,22,09:00,36,37,
2007,RS,11,125,256,ARI,PLGM,"TSALDARIS, DIMITRIOS",3FGA,Missed Three Pointer,0,400,561,G,,,,22,09:00,36,37,
2007,RS,11,125,259,ARI,PBDH,"MOTTOLA, HANNO",2FGM,Two Pointer,2,23,53,C,,,,22,09:00,38,37,
2007,RS,11,125,261,LIE,PJZN,"PETRAVICIUS, MARIJONAS",2FGA,Missed Two Pointer,0,112,56,C,,,,23,08:00,38,37,
2007,RS,11,125,263,ARI,PTEM,"WRIGHT, BRACEY",3FGM,Three Pointer,3,-453,510,J,,,,23,08:00,41,37,
2007,RS,11,125,267,LIE,PCOH,"PRICE, HOLLIS",2FGA,Missed Two Pointer,0,97,92,C,,,,24,07:00,41,37,
2007,RS,11,125,269,ARI,PLGV,"MASSEY, JEREMIAH",2FGA,Missed Two Pointer,0,79,30,C,,,,24,07:00,41,37,
2007,RS,11,125,273,ARI,PLGM,"TSALDARIS, DIMITRIOS",3FGM,Three Pointer,3,-356,566,J,,,,24,07:00,44,37,
2007,RS,11,125,275,LIE,PJRD,"NIELSEN, MATT",2FGA,Missed Two Pointer,0,-233,482,I,,,,24,07:00,44,37,
2007,RS,11,125,278,ARI,PBDH,"MOTTOLA, HANNO",3FGA,Missed Three Pointer,0,276,602,G,,,,25,06:00,44,37,
2007,RS,11,125,280,LIE,PCOH,"PRICE, HOLLIS",2FGM,Two Pointer,2,-38,48,D,,,,25,06:00,44,39,
2007,RS,11,125,287,ARI,PJXV,"CASTLE, TERREL",3FGA,Missed Three Pointer,0,-174,669,J,,,,25,06:00,44,39,
2007,RS,11,125,292,LIE,PBUU,"LUKAUSKIS, MINDAUGAS",2FGM,Two Pointer,2,-533,20,E,,,,26,05:00,44,41,
2007,RS,11,125,298,LIE,PTFL,"BAJRAMOVIC, KENAN",FTM,Free Throw In,1,-1,-1, ,,,,26,05:00,44,42,
2007,RS,11,125,299,LIE,PTFL,"BAJRAMOVIC, KENAN",FTM,Free Throw In,1,-1,-1, ,,,,26,05:00,44,43,
2007,RS,11,125,305,ARI,PLGM,"TSALDARIS, DIMITRIOS",2FGM,Two Pointer,2,143,146,C,,,,27,04:00,46,43,
2007,RS,11,125,306,LIE,PTFL,"BAJRAMOVIC, KENAN",2FGAB,Missed Two Pointer,0,41,76,C,,,,27,04:00,46,43,
2007,RS,11,125,312,LIE,PTFL,"BAJRAMOVIC, KENAN",FTM,Free Throw In,1,-1,-1, ,,,,27,04:00,46,44,
2007,RS,11,125,313,LIE,PTFL,"BAJRAMOVIC, KENAN",FTM,Free Throw In,1,-1,-1, ,,,,27,04:00,46,45,
2007,RS,11,125,314,ARI,PTEM,"WRIGHT, BRACEY",2FGA,Missed Two Pointer,0,205,515,H,,,,27,04:00,46,45,
2007,RS,11,125,316,LIE,PCOH,"PRICE, HOLLIS",3FGA,Missed Three Pointer,0,151,679,G,,,,27,04:00,46,45,
2007,RS,11,125,319,LIE,PJZN,"PETRAVICIUS, MARIJONAS",2FGM,Two Pointer,2,-61,48,D,,,,28,03:00,46,47,
2007,RS,11,125,321,ARI,PLGM,"TSALDARIS, DIMITRIOS",3FGM,Three Pointer,3,379,569,G,,,,28,03:00,49,47,
2007,RS,11,125,326,ARI,PTEO,"TERRY, REYSHAWN",3FGA,Missed Three Pointer,0,-207,656,J,,,,28,03:00,49,47,
2007,RS,11,125,329,LIE,PLOC,"EIDSON, CHUCK",3FGA,Missed Three Pointer,0,120,684,G,,,,29,02:00,49,47,
2007,RS,11,125,335,ARI,PLGV,"MASSEY, JEREMIAH",FTM,Free Throw In,1,-1,-1, ,,,,29,02:00,50,47,
2007,RS,11,125,336,ARI,PLGV,"MASSEY, JEREMIAH",FTM,Free Throw In,1,-1,-1, ,,,,29,02:00,51,47,
2007,RS,11,125,338,LIE,PBUU,"LUKAUSKIS, MINDAUGAS",2FGAB,Missed Two Pointer,0,23,48,C,,,,30,01:00,51,47,
2007,RS,11,125,342,ARI,PLGV,"MASSEY, JEREMIAH",3FGA,Missed Three Pointer,0,-458,482,J,,,,30,01:00,51,47,
2007,RS,11,125,344,LIE,PLOC,"EIDSON, CHUCK",2FGM,Two Pointer,2,-35,41,D,,,,30,01:00,51,49,
2007,RS,11,125,345,ARI,PJXV,"CASTLE, TERREL",3FGA,Missed Three Pointer,0,371,582,G,,,,30,01:00,51,49,
2007,RS,11,125,357,ARI,PLGV,"MASSEY, JEREMIAH",2FGA,Missed Two Pointer,0,-89,33,D,,,,31,10:00,51,49,
2007,RS,11,125,359,ARI,PLGV,"MASSEY, JEREMIAH",2FGM,Two Pointer,2,-7,46,D,,,,31,10:00,53,49,
2007,RS,11,125,362,LIE,PTFL,"BAJRAMOVIC, KENAN",3FGA,Missed Three Pointer,0,425,597,G,,,,31,10:00,53,49,
2007,RS,11,125,366,LIE,PJZN,"PETRAVICIUS, MARIJONAS",FTM,Free Throw In,1,-1,-1, ,,,,31,10:00,53,50,
2007,RS,11,125,374,ARI,PBDH,"MOTTOLA, HANNO",FTM,Free Throw In,1,-1,-1, ,,,,32,09:00,54,50,
2007,RS,11,125,375,ARI,PBDH,"MOTTOLA, HANNO",FTM,Free Throw In,1,-1,-1, ,,,,32,09:00,55,50,
2007,RS,11,125,380,ARI,PLGV,"MASSEY, JEREMIAH",FTM,Free Throw In,1,-1,-1, ,,,,32,09:00,56,50,
2007,RS,11,125,381,ARI,PLGV,"MASSEY, JEREMIAH",FTM,Free Throw In,1,-1,-1, ,,,,32,09:00,57,50,
2007,RS,11,125,383,LIE,PCOH,"PRICE, HOLLIS",3FGA,Missed Three Pointer,0,-582,346,F,,,,33,08:00,57,50,
2007,RS,11,125,391,ARI,PBDH,"MOTTOLA, HANNO",2FGA,Missed Two Pointer,0,79,43,C,,,,33,08:00,57,50,
2007,RS,11,125,393,ARI,PLGV,"MASSEY, JEREMIAH",2FGM,Two Pointer,2,35,17,C,,,,33,08:00,59,50,
2007,RS,11,125,395,LIE,PCOH,"PRICE, HOLLIS",3FGA,Missed Three Pointer,0,671,289,A,,,,34,07:00,59,50,
2007,RS,11,125,397,LIE,PTFL,"BAJRAMOVIC, KENAN",2FGM,Two Pointer,2,48,46,C,,,,34,07:00,59,52,
2007,RS,11,125,401,ARI,PAPI,"KALAITZIS, GEORGIOS",2FGA,Missed Two Pointer,0,74,5,C,,,,35,06:00,59,52,
2007,RS,11,125,405,ARI,PBDH,"MOTTOLA, HANNO",2FGM,Two Pointer,2,0,112,D,,,,35,06:00,61,52,
2007,RS,11,125,412,ARI,PBDH,"MOTTOLA, HANNO",FTM,Free Throw In,1,-1,-1, ,,,,35,06:00,62,52,
2007,RS,11,125,413,LIE,PTFL,"BAJRAMOVIC, KENAN",2FGM,Two Pointer,2,523,-35,B,,,,35,06:00,62,54,
2007,RS,11,125,415,ARI,PLGV,"MASSEY, JEREMIAH",2FGM,Two Pointer,2,-76,17,D,,,,36,05:00,64,54,
2007,RS,11,125,419,LIE,P000703,"JORDAN, JARED",2FGAB,Missed Two Pointer,0,58,33,C,,,,36,05:00,64,54,
2007,RS,11,125,424,ARI,PLGV,"MASSEY, JEREMIAH",2FGAB,Missed Two Pointer,0,-84,20,D,,,,37,04:00,64,54,
2007,RS,11,125,431,LIE,PCOH,"PRICE, HOLLIS",FTM,Free Throw In,1,-1,-1, ,,,,37,04:00,64,55,
2007,RS,11,125,432,LIE,PCOH,"PRICE, HOLLIS",FTM,Free Throw In,1,-1,-1, ,,,,37,04:00,64,56,
2007,RS,11,125,433,ARI,PTEM,"WRIGHT, BRACEY",3FGA,Missed Three Pointer,0,-558,394,F,,,,37,04:00,64,56,
2007,RS,11,125,437,LIE,PLOC,"EIDSON, CHUCK",FTM,Free Throw In,1,-1,-1, ,,,,37,04:00,64,57,
2007,RS,11,125,438,LIE,PLOC,"EIDSON, CHUCK",FTM,Free Throw In,1,-1,-1, ,,,,37,04:00,64,58,
2007,RS,11,125,440,ARI,PJXV,"CASTLE, TERREL",2FGM,Two Pointer,2,179,138,C,,,,38,03:00,66,58,
2007,RS,11,125,441,LIE,PCOH,"PRICE, HOLLIS",2FGM,Two Pointer,2,351,-41,B,,,,38,03:00,66,60,
2007,RS,11,125,442,ARI,PAPI,"KALAITZIS, GEORGIOS",2FGA,Missed Two Pointer,0,-48,51,D,,,,38,03:00,66,60,
2007,RS,11,125,448,LIE,PLOC,"EIDSON, CHUCK",FTM,Free Throw In,1,-1,-1, ,,,,39,02:00,66,61,
2007,RS,11,125,449,LIE,PLOC,"EIDSON, CHUCK",FTM,Free Throw In,1,-1,-1, ,,,,39,02:00,66,62,
2007,RS,11,125,450,ARI,PTEM,"WRIGHT, BRACEY",3FGM,Three Pointer,3,410,561,G,,,,39,02:00,69,62,
2007,RS,11,125,452,LIE,PTFL,"BAJRAMOVIC, KENAN",3FGM,Three Pointer,3,482,497,G,,,,39,02:00,69,65,
2007,RS,11,125,457,LIE,PCOH,"PRICE, HOLLIS",3FGM,Three Pointer,3,-597,312,F,,,,39,02:00,69,68,
2007,RS,11,125,461,ARI,PLGV,"MASSEY, JEREMIAH",3FGA,Missed Three Pointer,0,638,235,A,,,,40,01:00,69,68,
2007,RS,11,125,463,LIE,PCOH,"PRICE, HOLLIS",2FGM,Two Pointer,2,66,28,C,,,,40,01:00,69,70,
2007,RS,11,125,467,ARI,PTEM,"WRIGHT, BRACEY",2FGA,Missed Two Pointer,0,84,30,C,,,,40,01:00,69,70,
2007,RS,11,125,470,LIE,PLOC,"EIDSON, CHUCK",FTM,Free Throw In,1,-1,-1, ,,,,40,01:00,69,71,
2007,RS,11,125,471,LIE,PLOC,"EIDSON, CHUCK",FTM,Free Throw In,1,-1,-1, ,,,,40,01:00,69,72,
2007,RS,11,126,2,LEM,PCOC,"BOKOLO, YANNICK",2FGM,Two Pointer,2,-35,58,D,,,,1,10:00,2,0,
2007,RS,11,126,3,IST,PKOJ,"GREGORY, KENNY",2FGM,Two Pointer,2,-74,10,D,,,,1,10:00,2,2,
2007,RS,11,126,4,LEM,PKZD,"CLANCY, SAM",2FGM,Two Pointer,2,-407,0,E,,,,1,10:00,4,2,
2007,RS,11,126,6,IST,PKCH,"HUTSON, ANDRE",2FGA,Missed Two Pointer,0,-207,448,I,,,,1,10:00,4,2,
2007,RS,11,126,8,LEM,PTFJ,"RICCI, PHIL",2FGM,Two Pointer,2,-289,7,E,,,,1,10:00,6,2,
2007,RS,11,126,14,IST,PKSU,"WRIGHT, RASHAD",3FGA,Missed Three Pointer,0,589,294,A,,,,2,09:00,6,2,
2007,RS,11,126,16,LEM,PCOC,"BOKOLO, YANNICK",3FGM,Three Pointer,3,-466,482,J,,,,2,09:00,9,2,
2007,RS,11,126,18,IST,PKCH,"HUTSON, ANDRE",2FGA,Missed Two Pointer,0,97,130,C,,,,3,08:00,9,2,
2007,RS,11,126,20,LEM,PJMH,"BOGAVAC, NEBOJSA",3FGA,Missed Three Pointer,0,279,610,G,,,,3,08:00,9,2,
2007,RS,11,126,23,IST,PKCH,"HUTSON, ANDRE",2FGM,Two Pointer,2,-61,0,D,,,,4,07:00,9,4,
2007,RS,11,126,24,LEM,PKZD,"CLANCY, SAM",2FGM,Two Pointer,2,-2,464,I,,,,4,07:00,11,4,
2007,RS,11,126,26,IST,PKOJ,"GREGORY, KENNY",3FGM,Three Pointer,3,-558,310,F,,,,4,07:00,11,7,
2007,RS,11,126,29,LEM,PKOH,"BATUM, NICOLAS",2FGM,Two Pointer,2,71,23,C,,,,5,06:00,13,7,
2007,RS,11,126,31,IST,PKSU,"WRIGHT, RASHAD",2FGM,Two Pointer,2,-400,71,E,,,,5,06:00,13,9,
2007,RS,11,126,41,LEM,PJMH,"BOGAVAC, NEBOJSA",3FGM,Three Pointer,3,615,230,A,,,,6,05:00,16,9,
2007,RS,11,126,56,LEM,PKZD,"CLANCY, SAM",2FGM,Two Pointer,2,-64,33,D,,,,6,05:00,18,9,
2007,RS,11,126,59,IST,PKOJ,"GREGORY, KENNY",3FGA,Missed Three Pointer,0,-312,589,J,,,,7,04:00,18,9,
2007,RS,11,126,61,LEM,PKZD,"CLANCY, SAM",2FGA,Missed Two Pointer,0,284,48,B,,,,7,04:00,18,9,
2007,RS,11,126,71,LEM,PTFJ,"RICCI, PHIL",2FGM,Two Pointer,2,-323,430,I,,,,8,03:00,20,9,
2007,RS,11,126,73,IST,PBKM,"KUQO, ERMAL",2FGA,Missed Two Pointer,0,287,387,B,,,,8,03:00,20,9,
2007,RS,11,126,76,LEM,PJMH,"BOGAVAC, NEBOJSA",3FGM,Three Pointer,3,225,648,G,,,,9,02:00,23,9,
2007,RS,11,126,78,IST,PARN,"ARSLAN, ENDER",3FGM,Three Pointer,3,633,194,A,,,,9,02:00,23,12,
2007,RS,11,126,83,IST,PBKM,"KUQO, ERMAL",2FGA,Missed Two Pointer,0,-5,51,D,,,,9,02:00,23,12,
2007,RS,11,126,88,IST,PAWN,"GONLUM, KEREM",FTM,Free Throw In,1,-1,-1, ,,,,10,01:00,23,13,
2007,RS,11,126,89,IST,PAWN,"GONLUM, KEREM",FTM,Free Throw In,1,-1,-1, ,,,,10,01:00,23,14,
2007,RS,11,126,97,LEM,PTFJ,"RICCI, PHIL",FTM,Free Throw In,1,-1,-1, ,,,,10,01:00,24,14,
2007,RS,11,126,99,IST,PBXD,"PENN, JAMES",2FGM,Two Pointer,2,-187,5,D,,,,10,01:00,24,16,
2007,RS,11,126,100,LEM,PCOB,"KOFFI, ALAIN",2FGM,Two Pointer,2,66,10,C,,,,10,01:00,26,16,
2007,RS,11,126,108,IST,PARN,"ARSLAN, ENDER",2FGA,Missed Two Pointer,0,-141,-5,D,,,,10,01:00,26,16,
2007,RS,11,126,116,IST,PBKM,"KUQO, ERMAL",2FGM,Two Pointer,2,-97,0,D,,,,11,10:00,26,18,
2007,RS,11,126,118,LEM,PCHZ,"BOGDANOVIC, LUKA",3FGA,Missed Three Pointer,0,358,579,G,,,,11,10:00,26,18,
2007,RS,11,126,120,IST,PARN,"ARSLAN, ENDER",2FGM,Two Pointer,2,-97,17,D,,,,11,10:00,26,20,
2007,RS,11,126,126,LEM,PTFJ,"RICCI, PHIL",FTM,Free Throw In,1,-1,-1, ,,,,11,10:00,27,20,
2007,RS,11,126,130,IST,PKCH,"HUTSON, ANDRE",2FGM,Two Pointer,2,405,12,B,,,,12,09:00,27,22,
2007,RS,11,126,132,LEM,PTFJ,"RICCI, PHIL",2FGA,Missed Two Pointer,0,74,7,C,,,,12,09:00,27,22,
2007,RS,11,126,134,IST,PKCH,"HUTSON, ANDRE",2FGA,Missed Two Pointer,0,-141,5,D,,,,12,09:00,27,22,
2007,RS,11,126,143,IST,PTFG,"WOODS, LOREN",FTM,Free Throw In,1,-1,-1, ,,,,12,09:00,27,23,
2007,RS,11,126,144,IST,PTFG,"WOODS, LOREN",FTM,Free Throw In,1,-1,-1, ,,,,12,09:00,27,24,
2007,RS,11,126,145,LEM,PCHZ,"BOGDANOVIC, LUKA",2FGA,Missed Two Pointer,0,-323,474,I,,,,12,09:00,27,24,
2007,RS,11,126,148,IST,PTFG,"WOODS, LOREN",2FGM,Two Pointer,2,-5,10,D,,,,13,08:00,27,26,
2007,RS,11,126,150,LEM,PCOB,"KOFFI, ALAIN",2FGM,Two Pointer,2,89,71,C,,,,13,08:00,29,26,
2007,RS,11,126,152,IST,PBXD,"PENN, JAMES",2FGM,Two Pointer,2,-48,0,D,,,,14,07:00,29,28,
2007,RS,11,126,160,LEM,PDID,"LIMONAD, RAVIV",2FGA,Missed Two Pointer,0,-487,10,E,,,,14,07:00,29,28,
2007,RS,11,126,162,LEM,PKZD,"CLANCY, SAM",2FGAB,Missed Two Pointer,0,-30,35,D,,,,14,07:00,29,28,
2007,RS,11,126,164,LEM,PKOH,"BATUM, NICOLAS",2FGAB,Missed Two Pointer,0,-25,51,D,,,,14,07:00,29,28,
2007,RS,11,126,166,LEM,PCOC,"BOKOLO, YANNICK",2FGM,Two Pointer,2,-7,51,D,,,,14,07:00,31,28,
2007,RS,11,126,167,IST,PKCH,"HUTSON, ANDRE",2FGA,Missed Two Pointer,0,-46,0,D,,,,14,07:00,31,28,
2007,RS,11,126,171,LEM,PKZD,"CLANCY, SAM",FTM,Free Throw In,1,-1,-1, ,,,,14,07:00,32,28,
2007,RS,11,126,172,LEM,PKZD,"CLANCY, SAM",FTM,Free Throw In,1,-1,-1, ,,,,14,07:00,33,28,
2007,RS,11,126,173,IST,PKSU,"WRIGHT, RASHAD",3FGM,Three Pointer,3,-384,535,J,,,,14,07:00,33,31,
2007,RS,11,126,176,LEM,PKZD,"CLANCY, SAM",2FGM,Two Pointer,2,5,333,C,,,,15,06:00,35,31,
2007,RS,11,126,181,LEM,PKZD,"CLANCY, SAM",2FGAB,Missed Two Pointer,0,-5,100,D,,,,15,06:00,35,31,
2007,RS,11,126,184,LEM,PCOB,"KOFFI, ALAIN",2FGM,Two Pointer,2,-7,33,D,,,,15,06:00,37,31,
2007,RS,11,126,185,IST,PTFG,"WOODS, LOREN",2FGA,Missed Two Pointer,0,-46,12,D,,,,15,06:00,37,31,
2007,RS,11,126,193,IST,PTFG,"WOODS, LOREN",FTM,Free Throw In,1,-1,-1, ,,,,15,06:00,37,32,
2007,RS,11,126,194,IST,PTFG,"WOODS, LOREN",FTM,Free Throw In,1,-1,-1, ,,,,15,06:00,37,33,
2007,RS,11,126,195,LEM,PKZD,"CLANCY, SAM",2FGA,Missed Two Pointer,0,-35,456,I,,,,15,06:00,37,33,
2007,RS,11,126,202,IST,PKSU,"WRIGHT, RASHAD",2FGM,Two Pointer,2,-61,2,D,,,,16,05:00,37,35,
2007,RS,11,126,205,IST,PKSU,"WRIGHT, RASHAD",FTM,Free Throw In,1,-1,-1, ,,,,16,05:00,37,36,
2007,RS,11,126,208,LEM,PCOB,"KOFFI, ALAIN",2FGM,Two Pointer,2,-61,38,D,,,,16,05:00,39,36,
2007,RS,11,126,219,LEM,PJMH,"BOGAVAC, NEBOJSA",FTM,Free Throw In,1,-1,-1, ,,,,17,04:00,40,36,
2007,RS,11,126,220,LEM,PJMH,"BOGAVAC, NEBOJSA",FTM,Free Throw In,1,-1,-1, ,,,,17,04:00,41,36,
2007,RS,11,126,221,IST,PBXD,"PENN, JAMES",3FGA,Missed Three Pointer,0,-379,528,J,,,,17,04:00,41,36,
2007,RS,11,126,224,LEM,PJMH,"BOGAVAC, NEBOJSA",3FGM,Three Pointer,3,333,582,G,,,,17,04:00,44,36,
2007,RS,11,126,227,IST,PKCH,"HUTSON, ANDRE",2FGA,Missed Two Pointer,0,-128,-7,D,,,,18,03:00,44,36,
2007,RS,11,126,235,LEM,PCOB,"KOFFI, ALAIN",FTM,Free Throw In,1,-1,-1, ,,,,18,03:00,45,36,
2007,RS,11,126,238,IST,PKSU,"WRIGHT, RASHAD",2FGM,Two Pointer,2,-210,412,E,,,,18,03:00,45,38,
2007,RS,11,126,242,LEM,PJMH,"BOGAVAC, NEBOJSA",FTM,Free Throw In,1,-1,-1, ,,,,19,02:00,46,38,
2007,RS,11,126,243,LEM,PJMH,"BOGAVAC, NEBOJSA",FTM,Free Throw In,1,-1,-1, ,,,,19,02:00,47,38,
2007,RS,11,126,244,IST,PARN,"ARSLAN, ENDER",3FGA,Missed Three Pointer,0,525,415,A,,,,19,02:00,47,38,
2007,RS,11,126,246,LEM,PCOB,"KOFFI, ALAIN",2FGM,Two Pointer,2,-12,10,D,,,,19,02:00,49,38,
2007,RS,11,126,248,IST,PKOJ,"GREGORY, KENNY",2FGA,Missed Two Pointer,0,-182,5,D,,,,19,02:00,49,38,
2007,RS,11,126,251,LEM,PLGQ,"LELOUP, JEREMY",3FGA,Missed Three Pointer,0,-651,-28,F,,,,20,01:00,49,38,
2007,RS,11,126,259,LEM,PJMH,"BOGAVAC, NEBOJSA",2FGM,Two Pointer,2,53,10,C,,,,20,01:00,51,38,
2007,RS,11,126,267,IST,PKSU,"WRIGHT, RASHAD",FTM,Free Throw In,1,-1,-1, ,,,,20,01:00,51,39,
2007,RS,11,126,268,IST,PKSU,"WRIGHT, RASHAD",FTM,Free Throw In,1,-1,-1, ,,,,20,01:00,51,40,
2007,RS,11,126,269,LEM,PJMH,"BOGAVAC, NEBOJSA",3FGA,Missed Three Pointer,0,-379,674,J,,,,20,01:00,51,40,
2007,RS,11,126,282,LEM,PCHZ,"BOGDANOVIC, LUKA",2FGM,Two Pointer,2,-61,5,D,,,,21,10:00,53,40,
2007,RS,11,126,284,IST,PTFG,"WOODS, LOREN",2FGM,Two Pointer,2,56,12,C,,,,21,10:00,53,42,
2007,RS,11,126,287,LEM,PKZD,"CLANCY, SAM",2FGA,Missed Two Pointer,0,266,128,B,,,,21,10:00,53,42,
2007,RS,11,126,289,IST,PKCH,"HUTSON, ANDRE",2FGA,Missed Two Pointer,0,-443,102,E,,,,21,10:00,53,42,
2007,RS,11,126,292,LEM,PTFJ,"RICCI, PHIL",2FGA,Missed Two Pointer,0,-182,51,D,,,,22,09:00,53,42,
2007,RS,11,126,295,IST,PAWH,"ABI, MUSTAFA",2FGA,Missed Two Pointer,0,-487,146,E,,,,23,08:00,53,42,
2007,RS,11,126,299,IST,PKOJ,"GREGORY, KENNY",FTM,Free Throw In,1,-1,-1, ,,,,23,08:00,53,43,
2007,RS,11,126,300,IST,PKOJ,"GREGORY, KENNY",FTM,Free Throw In,1,-1,-1, ,,,,23,08:00,53,44,
2007,RS,11,126,301,LEM,PTFJ,"RICCI, PHIL",2FGM,Two Pointer,2,161,23,C,,,,23,08:00,55,44,
2007,RS,11,126,305,IST,PKCH,"HUTSON, ANDRE",2FGM,Two Pointer,2,69,28,C,,,,23,08:00,55,46,
2007,RS,11,126,311,LEM,PCHZ,"BOGDANOVIC, LUKA",2FGA,Missed Two Pointer,0,-410,10,E,,,,24,07:00,55,46,
2007,RS,11,126,313,IST,PKCH,"HUTSON, ANDRE",2FGA,Missed Two Pointer,0,-169,25,D,,,,24,07:00,55,46,
2007,RS,11,126,319,IST,PTFG,"WOODS, LOREN",FTM,Free Throw In,1,-1,-1, ,,,,24,07:00,55,47,
2007,RS,11,126,322,IST,PKOJ,"GREGORY, KENNY",2FGA,Missed Two Pointer,0,0,107,D,,,,24,07:00,55,47,
2007,RS,11,126,324,IST,PTFG,"WOODS, LOREN",2FGM,Two Pointer,2,-79,10,D,,,,24,07:00,55,49,
2007,RS,11,126,325,LEM,PJMH,"BOGAVAC, NEBOJSA",2FGM,Two Pointer,2,-87,10,D,,,,24,07:00,57,49,
2007,RS,11,126,326,IST,PBXD,"PENN, JAMES",2FGA,Missed Two Pointer,0,269,394,B,,,,24,07:00,57,49,
2007,RS,11,126,331,IST,PBXD,"PENN, JAMES",3FGA,Missed Three Pointer,0,-569,389,F,,,,25,06:00,57,49,
2007,RS,11,126,333,LEM,PCOC,"BOKOLO, YANNICK",2FGM,Two Pointer,2,-87,82,D,,,,25,06:00,59,49,
2007,RS,11,126,338,IST,PKCH,"HUTSON, ANDRE",2FGA,Missed Two Pointer,0,305,269,B,,,,25,06:00,59,49,
2007,RS,11,126,341,LEM,PJMH,"BOGAVAC, NEBOJSA",3FGM,Three Pointer,3,-446,487,J,,,,26,05:00,62,49,
2007,RS,11,126,343,IST,PBXD,"PENN, JAMES",2FGM,Two Pointer,2,58,17,C,,,,26,05:00,62,51,
2007,RS,11,126,344,LEM,PKZD,"CLANCY, SAM",2FGM,Two Pointer,2,61,53,C,,,,26,05:00,64,51,
2007,RS,11,126,346,IST,PKOJ,"GREGORY, KENNY",3FGM,Three Pointer,3,-384,592,J,,,,27,04:00,64,54,
2007,RS,11,126,348,LEM,PKZD,"CLANCY, SAM",2FGM,Two Pointer,2,-284,156,E,,,,27,04:00,66,54,
2007,RS,11,126,359,IST,PTFG,"WOODS, LOREN",FTM,Free Throw In,1,-1,-1, ,,,,27,04:00,66,55,
2007,RS,11,126,360,LEM,PKZD,"CLANCY, SAM",2FGM,Two Pointer,2,389,7,B,,,,27,04:00,68,55,
2007,RS,11,126,364,IST,PKOJ,"GREGORY, KENNY",2FGA,Missed Two Pointer,0,-110,82,D,,,,28,03:00,68,55,
2007,RS,11,126,366,LEM,PKZD,"CLANCY, SAM",2FGA,Missed Two Pointer,0,-138,48,D,,,,28,03:00,68,55,
2007,RS,11,126,370,LEM,PCHZ,"BOGDANOVIC, LUKA",3FGM,Three Pointer,3,-371,538,J,,,,29,02:00,71,55,
2007,RS,11,126,372,IST,PKOJ,"GREGORY, KENNY",2FGM,Two Pointer,2,-61,10,D,,,,29,02:00,71,57,
2007,RS,11,126,378,LEM,PCHZ,"BOGDANOVIC, LUKA",3FGM,Three Pointer,3,356,561,G,,,,29,02:00,74,57,
2007,RS,11,126,385,IST,PKSU,"WRIGHT, RASHAD",FTM,Free Throw In,1,-1,-1, ,,,,30,01:00,74,58,
2007,RS,11,126,386,IST,PKSU,"WRIGHT, RASHAD",FTM,Free Throw In,1,-1,-1, ,,,,30,01:00,74,59,
2007,RS,11,126,387,LEM,PLGQ,"LELOUP, JEREMY",3FGA,Missed Three Pointer,0,-553,335,F,,,,30,01:00,74,59,
2007,RS,11,126,389,IST,PKSU,"WRIGHT, RASHAD",3FGA,Missed Three Pointer,0,256,602,G,,,,30,01:00,74,59,
2007,RS,11,126,391,IST,PKOJ,"GREGORY, KENNY",2FGM,Two Pointer,2,-48,23,D,,,,30,01:00,74,61,
2007,RS,11,126,392,LEM,PCOC,"BOKOLO, YANNICK",3FGA,Missed Three Pointer,0,297,592,G,,,,30,01:00,74,61,
2007,RS,11,126,397,IST,PBXD,"PENN, JAMES",3FGM,Three Pointer,3,656,-12,A,,,,31,10:00,74,64,
2007,RS,11,126,399,LEM,PCOB,"KOFFI, ALAIN",2FGM,Two Pointer,2,-392,2,E,,,,31,10:00,76,64,
2007,RS,11,126,401,IST,PBXD,"PENN, JAMES",3FGM,Three Pointer,3,-135,658,J,,,,31,10:00,76,67,
2007,RS,11,126,403,LEM,PLGQ,"LELOUP, JEREMY",3FGA,Missed Three Pointer,0,535,394,A,,,,31,10:00,76,67,
2007,RS,11,126,405,IST,PBKM,"KUQO, ERMAL",3FGM,Three Pointer,3,74,723,G,,,,31,10:00,76,70,
2007,RS,11,126,412,LEM,PKZD,"CLANCY, SAM",2FGA,Missed Two Pointer,0,279,61,B,,,,32,09:00,76,70,
2007,RS,11,126,414,IST,PBKM,"KUQO, ERMAL",2FGM,Two Pointer,2,-56,76,D,,,,32,09:00,76,72,
2007,RS,11,126,420,LEM,PCHZ,"BOGDANOVIC, LUKA",3FGA,Missed Three Pointer,0,-189,648,J,,,,33,08:00,76,72,
2007,RS,11,126,425,LEM,PCOB,"KOFFI, ALAIN",2FGM,Two Pointer,2,264,320,B,,,,33,08:00,78,72,
2007,RS,11,126,428,IST,PBXD,"PENN, JAMES",2FGM,Two Pointer,2,223,410,B,,,,34,07:00,78,74,
2007,RS,11,126,431,LEM,PJMH,"BOGAVAC, NEBOJSA",3FGA,Missed Three Pointer,0,-325,569,J,,,,34,07:00,78,74,
2007,RS,11,126,437,IST,PKCH,"HUTSON, ANDRE",2FGA,Missed Two Pointer,0,-246,243,E,,,,35,06:00,78,74,
2007,RS,11,126,439,IST,PTFG,"WOODS, LOREN",2FGM,Two Pointer,2,-53,20,D,,,,35,06:00,78,76,
2007,RS,11,126,440,LEM,PCHZ,"BOGDANOVIC, LUKA",3FGA,Missed Three Pointer,0,5,658,G,,,,35,06:00,78,76,
2007,RS,11,126,442,IST,PKSU,"WRIGHT, RASHAD",3FGA,Missed Three Pointer,0,571,315,A,,,,35,06:00,78,76,
2007,RS,11,126,445,LEM,PTFJ,"RICCI, PHIL",2FGA,Missed Two Pointer,0,-297,297,E,,,,36,05:00,78,76,
2007,RS,11,126,453,IST,PKOJ,"GREGORY, KENNY",2FGM,Two Pointer,2,76,20,C,,,,36,05:00,78,78,
2007,RS,11,126,455,LEM,PCOC,"BOKOLO, YANNICK",3FGA,Missed Three Pointer,0,387,535,G,,,,37,04:00,78,78,
2007,RS,11,126,458,IST,PBXD,"PENN, JAMES",3FGAB,Missed Three Pointer,0,-656,76,F,,,,37,04:00,78,78,
2007,RS,11,126,461,IST,PBXD,"PENN, JAMES",2FGM,Two Pointer,2,-46,-2,D,,,,37,04:00,78,80,
2007,RS,11,126,466,LEM,PTFJ,"RICCI, PHIL",2FGA,Missed Two Pointer,0,392,25,B,,,,38,03:00,78,80,
2007,RS,11,126,468,IST,PKCH,"HUTSON, ANDRE",2FGA,Missed Two Pointer,0,-112,333,D,,,,38,03:00,78,80,
2007,RS,11,126,479,LEM,PCOC,"BOKOLO, YANNICK",2FGM,Two Pointer,2,56,5,C,,,,39,02:00,80,80,
2007,RS,11,126,480,IST,PKSU,"WRIGHT, RASHAD",2FGA,Missed Two Pointer,0,-346,330,E,,,,39,02:00,80,80,
2007,RS,11,126,488,IST,PBXD,"PENN, JAMES",2FGA,Missed Two Pointer,0,66,25,C,,,,40,01:00,80,80,
2007,RS,11,126,497,LEM,PKOH,"BATUM, NICOLAS",2FGM,Two Pointer,2,51,25,C,,,,41,05:00,82,80,
2007,RS,11,126,498,IST,PBXD,"PENN, JAMES",3FGA,Missed Three Pointer,0,-23,666,J,,,,41,05:00,82,80,
2007,RS,11,126,500,LEM,PCOC,"BOKOLO, YANNICK",2FGA,Missed Two Pointer,0,-61,120,D,,,,41,05:00,82,80,
2007,RS,11,126,510,IST,PKOJ,"GREGORY, KENNY",FTM,Free Throw In,1,-1,-1, ,,,,42,04:00,82,81,
2007,RS,11,126,511,LEM,PKZD,"CLANCY, SAM",2FGM,Two Pointer,2,-146,258,D,,,,42,04:00,84,81,
2007,RS,11,126,512,IST,PBKM,"KUQO, ERMAL",2FGM,Two Pointer,2,-53,5,D,,,,42,04:00,84,83,
2007,RS,11,126,514,LEM,PKZD,"CLANCY, SAM",3FGA,Missed Three Pointer,0,397,535,G,,,,43,03:00,84,83,
2007,RS,11,126,516,IST,PBXD,"PENN, JAMES",2FGA,Missed Two Pointer,0,-61,25,D,,,,43,03:00,84,83,
2007,RS,11,126,518,IST,PTFG,"WOODS, LOREN",2FGA,Missed Two Pointer,0,-51,38,D,,,,43,03:00,84,83,
2007,RS,11,126,520,LEM,PCOC,"BOKOLO, YANNICK",2FGA,Missed Two Pointer,0,56,64,C,,,,43,03:00,84,83,
2007,RS,11,126,526,LEM,PCOC,"BOKOLO, YANNICK",3FGA,Missed Three Pointer,0,325,571,G,,,,44,02:00,84,83,
2007,RS,11,126,528,IST,PKOJ,"GREGORY, KENNY",2FGA,Missed Two Pointer,0,97,25,C,,,,44,02:00,84,83,
2007,RS,11,126,532,IST,PTFG,"WOODS, LOREN",FTM,Free Throw In,1,-1,-1, ,,,,44,02:00,84,84,
2007,RS,11,126,533,IST,PTFG,"WOODS, LOREN",FTM,Free Throw In,1,-1,-1, ,,,,44,02:00,84,85,
2007,RS,11,126,536,IST,PKOJ,"GREGORY, KENNY",2FGM,Two Pointer,2,-10,2,D,,,,44,02:00,84,87,
2007,RS,11,126,540,IST,PBKM,"KUQO, ERMAL",2FGAB,Missed Two Pointer,0,2,105,D,,,,45,01:00,84,87,
2007,RS,11,126,554,IST,PBKM,"KUQO, ERMAL",FTM,Free Throw In,1,-1,-1, ,,,,45,01:00,84,88,
2007,RS,11,126,555,IST,PBKM,"KUQO, ERMAL",FTM,Free Throw In,1,-1,-1, ,,,,45,01:00,84,89,
2007,RS,11,126,558,LEM,PCHZ,"BOGDANOVIC, LUKA",3FGA,Missed Three Pointer,0,638,141,A,,,,45,01:00,84,89,
2007,RS,11,126,560,IST,PBXD,"PENN, JAMES",2FGM,Two Pointer,2,-56,12,D,,,,45,01:00,84,91,
2007,RS,11,127,2,MAL,PKMV,"HAISLIP, MARCUS",2FGA,Missed Two Pointer,0,56,238,C,,,,1,10:00,0,0,
2007,RS,11,127,4,TEL,PTFS,"FIZER, MARCUS",2FGM,Two Pointer,2,56,94,C,,,,1,10:00,2,0,
2007,RS,11,127,12,MAL,PKMV,"HAISLIP, MARCUS",FTM,Free Throw In,1,-1,-1, ,,,,1,10:00,2,1,
2007,RS,11,127,13,MAL,PKMV,"HAISLIP, MARCUS",FTM,Free Throw In,1,-1,-1, ,,,,1,10:00,2,2,
2007,RS,11,127,14,TEL,PBES,"BLUTHENTHAL, DAVID",3FGM,Three Pointer,3,41,689,G,,,,1,10:00,5,2,
2007,RS,11,127,24,MAL,PTGE,"NDONG, BONIFACE",FTM,Free Throw In,1,-1,-1, ,,,,2,09:00,5,3,
2007,RS,11,127,25,MAL,PTGE,"NDONG, BONIFACE",FTM,Free Throw In,1,-1,-1, ,,,,2,09:00,5,4,
2007,RS,11,127,26,TEL,PCQD,"CUMMINGS, VONTEEGO",2FGAB,Missed Two Pointer,0,-12,300,D,,,,2,09:00,5,4,
2007,RS,11,127,30,MAL,PKMV,"HAISLIP, MARCUS",2FGM,Two Pointer,2,-102,64,D,,,,2,09:00,5,6,
2007,RS,11,127,31,TEL,PTFS,"FIZER, MARCUS",2FGA,Missed Two Pointer,0,43,138,C,,,,2,09:00,5,6,
2007,RS,11,127,33,MAL,PKMV,"HAISLIP, MARCUS",3FGM,Three Pointer,3,-420,553,J,,,,2,09:00,5,9,
2007,RS,11,127,35,MAL,PAWS,"RODRIGUEZ, BERNI",2FGAB,Missed Two Pointer,0,-41,58,D,,,,2,09:00,5,9,
2007,RS,11,127,38,TEL,PLTS,"MORRIS, TERENCE",2FGM,Two Pointer,2,7,25,C,,,,2,09:00,7,9,
2007,RS,11,127,41,TEL,PTFS,"FIZER, MARCUS",2FGM,Two Pointer,2,0,53,D,,,,2,09:00,9,9,
2007,RS,11,127,43,MAL,PTGE,"NDONG, BONIFACE",2FGM,Two Pointer,2,-84,-5,D,,,,2,09:00,9,11,
2007,RS,11,127,44,TEL,PTFS,"FIZER, MARCUS",2FGA,Missed Two Pointer,0,79,71,C,,,,2,09:00,9,11,
2007,RS,11,127,46,MAL,PKMV,"HAISLIP, MARCUS",3FGA,Missed Three Pointer,0,-456,566,J,,,,2,09:00,9,11,
2007,RS,11,127,48,MAL,PAGQ,"WELSCH, JIRI",2FGM,Two Pointer,2,-505,92,E,,,,2,09:00,9,13,
2007,RS,11,127,52,TEL,PLTS,"MORRIS, TERENCE",3FGM,Three Pointer,3,184,669,G,,,,5,06:00,12,13,
2007,RS,11,127,54,MAL,PAGQ,"WELSCH, JIRI",2FGM,Two Pointer,2,-115,61,D,,,,5,06:00,12,15,
2007,RS,11,127,55,TEL,PBES,"BLUTHENTHAL, DAVID",3FGM,Three Pointer,3,412,551,G,,,,5,06:00,15,15,
2007,RS,11,127,59,MAL,PAGQ,"WELSCH, JIRI",FTM,Free Throw In,1,-1,-1, ,,,,5,06:00,15,16,
2007,RS,11,127,60,MAL,PAGQ,"WELSCH, JIRI",FTM,Free Throw In,1,-1,-1, ,,,,5,06:00,15,17,
2007,RS,11,127,61,TEL,PLTS,"MORRIS, TERENCE",2FGA,Missed Two Pointer,0,-366,210,E,,,,5,06:00,15,17,
2007,RS,11,127,63,MAL,PKMV,"HAISLIP, MARCUS",2FGM,Two Pointer,2,-210,192,D,,,,5,06:00,15,19,
2007,RS,11,127,69,TEL,PTFS,"FIZER, MARCUS",FTM,Free Throw In,1,-1,-1, ,,,,6,05:00,16,19,
2007,RS,11,127,70,TEL,PTFS,"FIZER, MARCUS",FTM,Free Throw In,1,-1,-1, ,,,,6,05:00,17,19,
2007,RS,11,127,71,MAL,PAWX,"CABEZAS, CARLOS",2FGA,Missed Two Pointer,0,-56,117,D,,,,6,05:00,17,19,
2007,RS,11,127,74,TEL,PTFS,"FIZER, MARCUS",2FGM,Two Pointer,2,-48,33,D,,,,6,05:00,19,19,
2007,RS,11,127,75,MAL,PAGQ,"WELSCH, JIRI",2FGM,Two Pointer,2,-61,176,D,,,,6,05:00,19,21,
2007,RS,11,127,77,TEL,PTFS,"FIZER, MARCUS",3FGM,Three Pointer,3,451,538,G,,,,6,05:00,22,21,
2007,RS,11,127,82,MAL,PAWS,"RODRIGUEZ, BERNI",2FGA,Missed Two Pointer,0,10,128,C,,,,8,03:00,22,21,
2007,RS,11,127,84,MAL,PAGQ,"WELSCH, JIRI",2FGA,Missed Two Pointer,0,-2,110,D,,,,8,03:00,22,21,
2007,RS,11,127,86,TEL,PTFS,"FIZER, MARCUS",2FGM,Two Pointer,2,20,92,C,,,,8,03:00,24,21,
2007,RS,11,127,89,TEL,PTFS,"FIZER, MARCUS",FTM,Free Throw In,1,-1,-1, ,,,,8,03:00,25,21,
2007,RS,11,127,90,MAL,PKML,"SANTIAGO, DANIEL",2FGM,Two Pointer,2,-2,5,D,,,,8,03:00,25,23,
2007,RS,11,127,91,TEL,PAOZ,"HALPERIN, YOTAM",2FGA,Missed Two Pointer,0,412,74,B,,,,8,03:00,25,23,
2007,RS,11,127,93,MAL,PAWX,"CABEZAS, CARLOS",3FGA,Missed Three Pointer,0,38,712,G,,,,8,03:00,25,23,
2007,RS,11,127,96,MAL,PKML,"SANTIAGO, DANIEL",2FGM,Two Pointer,2,30,46,C,,,,8,03:00,25,25,
2007,RS,11,127,99,MAL,PAWX,"CABEZAS, CARLOS",2FGA,Missed Two Pointer,0,-35,82,D,,,,8,03:00,25,25,
2007,RS,11,127,101,MAL,PAWX,"CABEZAS, CARLOS",2FGM,Two Pointer,2,17,120,C,,,,8,03:00,25,27,
2007,RS,11,127,103,TEL,PCQD,"CUMMINGS, VONTEEGO",3FGA,Missed Three Pointer,0,441,564,G,,,,9,02:00,25,27,
2007,RS,11,127,105,TEL,PTFS,"FIZER, MARCUS",2FGM,Two Pointer,2,12,46,C,,,,9,02:00,27,27,
2007,RS,11,127,107,MAL,PKMV,"HAISLIP, MARCUS",3FGA,Missed Three Pointer,0,-523,553,J,,,,10,01:00,27,27,
2007,RS,11,127,110,TEL,PLTS,"MORRIS, TERENCE",2FGM,Two Pointer,2,15,92,C,,,,10,01:00,29,27,
2007,RS,11,127,121,TEL,PCQD,"CUMMINGS, VONTEEGO",2FGM,Two Pointer,2,146,330,C,,,,11,10:00,31,27,
2007,RS,11,127,123,MAL,PAGQ,"WELSCH, JIRI",3FGA,Missed Three Pointer,0,23,674,G,,,,11,10:00,31,27,
2007,RS,11,127,136,TEL,PDHD,"BATISTA, ESTEBAN",2FGA,Missed Two Pointer,0,58,112,C,,,,12,09:00,31,27,
2007,RS,11,127,140,TEL,PJFO,"CASSPI, OMRI",2FGM,Two Pointer,2,492,-53,B,,,,12,09:00,33,27,
2007,RS,11,127,142,MAL,PAAS,"JIMENEZ, CARLOS",3FGA,Missed Three Pointer,0,20,682,G,,,,12,09:00,33,27,
2007,RS,11,127,144,MAL,PAWX,"CABEZAS, CARLOS",2FGM,Two Pointer,2,-335,97,E,,,,12,09:00,33,29,
2007,RS,11,127,146,TEL,PLFR,"BYNUM, WILL",2FGA,Missed Two Pointer,0,279,128,B,,,,13,08:00,33,29,
2007,RS,11,127,150,MAL,PAFJ,"KUS, DAVOR",2FGM,Two Pointer,2,382,317,B,,,,13,08:00,33,31,
2007,RS,11,127,153,TEL,P000615,"GARCIA, ALEX",2FGA,Missed Two Pointer,0,325,123,B,,,,14,07:00,33,31,
2007,RS,11,127,160,MAL,PAFJ,"KUS, DAVOR",3FGA,Missed Three Pointer,0,-323,594,J,,,,14,07:00,33,31,
2007,RS,11,127,162,TEL,PJFO,"CASSPI, OMRI",2FGA,Missed Two Pointer,0,376,15,B,,,,14,07:00,33,31,
2007,RS,11,127,166,TEL,PLFR,"BYNUM, WILL",2FGM,Two Pointer,2,0,28,D,,,,14,07:00,35,31,
2007,RS,11,127,174,TEL,P000615,"GARCIA, ALEX",2FGA,Missed Two Pointer,0,238,10,C,,,,15,06:00,35,31,
2007,RS,11,127,176,TEL,PBES,"BLUTHENTHAL, DAVID",3FGA,Missed Three Pointer,0,574,433,G,,,,15,06:00,35,31,
2007,RS,11,127,178,TEL,PDHD,"BATISTA, ESTEBAN",2FGA,Missed Two Pointer,0,123,148,C,,,,15,06:00,35,31,
2007,RS,11,127,183,TEL,PDHD,"BATISTA, ESTEBAN",2FGM,Two Pointer,2,53,135,C,,,,15,06:00,37,31,
2007,RS,11,127,191,MAL,PAFJ,"KUS, DAVOR",3FGM,Three Pointer,3,592,374,A,,,,16,05:00,37,34,
2007,RS,11,127,192,TEL,PLFR,"BYNUM, WILL",2FGA,Missed Two Pointer,0,135,128,C,,,,16,05:00,37,34,
2007,RS,11,127,194,MAL,PAAS,"JIMENEZ, CARLOS",2FGA,Missed Two Pointer,0,-71,156,D,,,,16,05:00,37,34,
2007,RS,11,127,197,TEL,P000615,"GARCIA, ALEX",2FGA,Missed Two Pointer,0,225,128,C,,,,16,05:00,37,34,
2007,RS,11,127,198,MAL,PBIM,"GABRIEL, GERMAN",2FGM,Two Pointer,2,-246,187,E,,,,16,05:00,37,36,
2007,RS,11,127,207,MAL,PAFJ,"KUS, DAVOR",2FGA,Missed Two Pointer,0,228,300,B,,,,18,03:00,37,36,
2007,RS,11,127,212,TEL,PLFR,"BYNUM, WILL",3FGA,Missed Three Pointer,0,-658,225,F,,,,19,02:00,37,36,
2007,RS,11,127,214,TEL,PJFO,"CASSPI, OMRI",2FGM,Two Pointer,2,-17,28,D,,,,19,02:00,39,36,
2007,RS,11,127,215,MAL,PKMV,"HAISLIP, MARCUS",3FGA,Missed Three Pointer,0,-407,594,J,,,,19,02:00,39,36,
2007,RS,11,127,217,TEL,P000615,"GARCIA, ALEX",3FGA,Missed Three Pointer,0,469,561,G,,,,19,02:00,39,36,
2007,RS,11,127,222,TEL,PJFO,"CASSPI, OMRI",FTM,Free Throw In,1,-1,-1, ,,,,19,02:00,40,36,
2007,RS,11,127,223,MAL,PAFJ,"KUS, DAVOR",3FGM,Three Pointer,3,-17,741,J,,,,19,02:00,40,39,
2007,RS,11,127,226,TEL,P000615,"GARCIA, ALEX",2FGA,Missed Two Pointer,0,-112,123,D,,,,20,01:00,40,39,
2007,RS,11,127,228,TEL,PJFO,"CASSPI, OMRI",2FGM,Two Pointer,2,2,43,D,,,,20,01:00,42,39,
2007,RS,11,127,229,MAL,PKMV,"HAISLIP, MARCUS",2FGA,Missed Two Pointer,0,-105,161,D,,,,20,01:00,42,39,
2007,RS,11,127,240,TEL,PLFR,"BYNUM, WILL",FTM,Free Throw In,1,-1,-1, ,,,,20,01:00,43,39,
2007,RS,11,127,241,TEL,PLFR,"BYNUM, WILL",FTM,Free Throw In,1,-1,-1, ,,,,20,01:00,44,39,
2007,RS,11,127,244,MAL,PAFJ,"KUS, DAVOR",2FGAB,Missed Two Pointer,0,-87,143,D,,,,20,01:00,44,39,
2007,RS,11,127,249,MAL,PAGQ,"WELSCH, JIRI",2FGA,Missed Two Pointer,0,-12,535,I,,,,20,01:00,44,39,
2007,RS,11,127,263,MAL,PTGE,"NDONG, BONIFACE",2FGM,Two Pointer,2,2,28,D,,,,21,10:00,44,41,
2007,RS,11,127,269,TEL,PTFS,"FIZER, MARCUS",2FGM,Two Pointer,2,-15,51,D,,,,21,10:00,46,41,
2007,RS,11,127,270,MAL,PKMV,"HAISLIP, MARCUS",2FGA,Missed Two Pointer,0,-7,141,D,,,,21,10:00,46,41,
2007,RS,11,127,272,MAL,PAWS,"RODRIGUEZ, BERNI",2FGA,Missed Two Pointer,0,164,307,C,,,,21,10:00,46,41,
2007,RS,11,127,274,MAL,PKMV,"HAISLIP, MARCUS",2FGM,Two Pointer,2,25,92,C,,,,21,10:00,46,43,
2007,RS,11,127,275,TEL,PCQD,"CUMMINGS, VONTEEGO",2FGA,Missed Two Pointer,0,-61,407,D,,,,21,10:00,46,43,
2007,RS,11,127,277,MAL,PKMV,"HAISLIP, MARCUS",2FGAB,Missed Two Pointer,0,0,43,D,,,,21,10:00,46,43,
2007,RS,11,127,282,MAL,PKMV,"HAISLIP, MARCUS",2FGM,Two Pointer,2,412,61,B,,,,21,10:00,46,45,
2007,RS,11,127,284,TEL,PCQD,"CUMMINGS, VONTEEGO",2FGM,Two Pointer,2,-12,76,D,,,,21,10:00,48,45,
2007,RS,11,127,285,MAL,PAGQ,"WELSCH, JIRI",3FGA,Missed Three Pointer,0,674,143,A,,,,21,10:00,48,45,
2007,RS,11,127,288,TEL,PLTS,"MORRIS, TERENCE",2FGM,Two Pointer,2,-43,43,D,,,,21,10:00,50,45,
2007,RS,11,127,293,TEL,PTFS,"FIZER, MARCUS",2FGA,Missed Two Pointer,0,-35,64,D,,,,21,10:00,50,45,
2007,RS,11,127,303,TEL,PTFS,"FIZER, MARCUS",FTM,Free Throw In,1,-1,-1, ,,,,24,07:00,51,45,
2007,RS,11,127,308,MAL,PAWX,"CABEZAS, CARLOS",FTM,Free Throw In,1,-1,-1, ,,,,24,07:00,51,46,
2007,RS,11,127,309,MAL,PAWX,"CABEZAS, CARLOS",FTM,Free Throw In,1,-1,-1, ,,,,24,07:00,51,47,
2007,RS,11,127,310,TEL,PAOZ,"HALPERIN, YOTAM",2FGM,Two Pointer,2,61,84,C,,,,24,07:00,53,47,
2007,RS,11,127,313,TEL,PAOZ,"HALPERIN, YOTAM",2FGA,Missed Two Pointer,0,46,141,C,,,,24,07:00,53,47,
2007,RS,11,127,319,TEL,PCQD,"CUMMINGS, VONTEEGO",2FGM,Two Pointer,2,-69,51,D,,,,25,06:00,55,47,
2007,RS,11,127,325,TEL,PCQD,"CUMMINGS, VONTEEGO",FTM,Free Throw In,1,-1,-1, ,,,,26,05:00,56,47,
2007,RS,11,127,328,MAL,PKMV,"HAISLIP, MARCUS",2FGA,Missed Two Pointer,0,387,235,B,,,,26,05:00,56,47,
2007,RS,11,127,330,TEL,PTFS,"FIZER, MARCUS",2FGA,Missed Two Pointer,0,-71,256,D,,,,26,05:00,56,47,
2007,RS,11,127,339,MAL,PTGE,"NDONG, BONIFACE",2FGM,Two Pointer,2,-10,48,D,,,,27,04:00,56,49,
2007,RS,11,127,341,TEL,PBES,"BLUTHENTHAL, DAVID",3FGM,Three Pointer,3,684,-17,A,,,,27,04:00,59,49,
2007,RS,11,127,345,MAL,PTGE,"NDONG, BONIFACE",FTM,Free Throw In,1,-1,-1, ,,,,28,03:00,59,50,
2007,RS,11,127,348,TEL,PCQD,"CUMMINGS, VONTEEGO",3FGA,Missed Three Pointer,0,387,574,G,,,,28,03:00,59,50,
2007,RS,11,127,350,MAL,PBOV,"POPOVIC, BOJAN",2FGA,Missed Two Pointer,0,-184,166,D,,,,28,03:00,59,50,
2007,RS,11,127,352,TEL,P000615,"GARCIA, ALEX",2FGA,Missed Two Pointer,0,205,156,C,,,,28,03:00,59,50,
2007,RS,11,127,354,MAL,PAFJ,"KUS, DAVOR",FTM,Free Throw In,1,-1,-1, ,,,,28,03:00,59,51,
2007,RS,11,127,355,MAL,PAFJ,"KUS, DAVOR",FTM,Free Throw In,1,-1,-1, ,,,,28,03:00,59,52,
2007,RS,11,127,359,TEL,PCQD,"CUMMINGS, VONTEEGO",2FGA,Missed Two Pointer,0,-28,102,D,,,,29,02:00,59,52,
2007,RS,11,127,361,MAL,PKMV,"HAISLIP, MARCUS",2FGA,Missed Two Pointer,0,-125,100,D,,,,29,02:00,59,52,
2007,RS,11,127,363,TEL,PBES,"BLUTHENTHAL, DAVID",2FGM,Two Pointer,2,-223,117,D,,,,29,02:00,61,52,
2007,RS,11,127,371,MAL,PAFJ,"KUS, DAVOR",FTM,Free Throw In,1,-1,-1, ,,,,30,01:00,61,53,
2007,RS,11,127,372,MAL,PAFJ,"KUS, DAVOR",FTM,Free Throw In,1,-1,-1, ,,,,30,01:00,61,54,
2007,RS,11,127,377,TEL,PBES,"BLUTHENTHAL, DAVID",3FGA,Missed Three Pointer,0,-571,415,F,,,,30,01:00,61,54,
2007,RS,11,127,384,TEL,PBES,"BLUTHENTHAL, DAVID",3FGA,Missed Three Pointer,0,-12,733,J,,,,31,10:00,61,54,
2007,RS,11,127,390,TEL,PLTS,"MORRIS, TERENCE",2FGM,Two Pointer,2,-115,123,D,,,,31,10:00,63,54,
2007,RS,11,127,391,MAL,PAFJ,"KUS, DAVOR",3FGA,Missed Three Pointer,0,648,328,A,,,,31,10:00,63,54,
2007,RS,11,127,395,TEL,PBES,"BLUTHENTHAL, DAVID",3FGA,Missed Three Pointer,0,692,-20,A,,,,31,10:00,63,54,
2007,RS,11,127,399,MAL,PKML,"SANTIAGO, DANIEL",FTM,Free Throw In,1,-1,-1, ,,,,31,10:00,63,55,
2007,RS,11,127,400,MAL,PKML,"SANTIAGO, DANIEL",FTM,Free Throw In,1,-1,-1, ,,,,31,10:00,63,56,
2007,RS,11,127,401,TEL,PLTS,"MORRIS, TERENCE",2FGA,Missed Two Pointer,0,-356,200,E,,,,31,10:00,63,56,
2007,RS,11,127,404,MAL,PAWX,"CABEZAS, CARLOS",3FGA,Missed Three Pointer,0,146,792,G,,,,32,09:00,63,56,
2007,RS,11,127,406,TEL,P000615,"GARCIA, ALEX",3FGA,Missed Three Pointer,0,464,600,G,,,,32,09:00,63,56,
2007,RS,11,127,413,MAL,PKML,"SANTIAGO, DANIEL",2FGM,Two Pointer,2,35,76,C,,,,33,08:00,63,58,
2007,RS,11,127,415,TEL,PLTS,"MORRIS, TERENCE",2FGM,Two Pointer,2,56,105,C,,,,33,08:00,65,58,
2007,RS,11,127,416,MAL,PAFJ,"KUS, DAVOR",3FGA,Missed Three Pointer,0,189,682,G,,,,33,08:00,65,58,
2007,RS,11,127,419,TEL,PBES,"BLUTHENTHAL, DAVID",3FGM,Three Pointer,3,-658,200,F,,,,33,08:00,68,58,
2007,RS,11,127,420,MAL,PAWX,"CABEZAS, CARLOS",2FGM,Two Pointer,2,97,120,C,,,,33,08:00,68,60,
2007,RS,11,127,421,TEL,PDHD,"BATISTA, ESTEBAN",2FGM,Two Pointer,2,82,33,C,,,,33,08:00,70,60,
2007,RS,11,127,434,TEL,PBES,"BLUTHENTHAL, DAVID",FTM,Free Throw In,1,-1,-1, ,,,,35,06:00,71,60,
2007,RS,11,127,435,TEL,PBES,"BLUTHENTHAL, DAVID",FTM,Free Throw In,1,-1,-1, ,,,,35,06:00,72,60,
2007,RS,11,127,436,TEL,P000615,"GARCIA, ALEX",3FGA,Missed Three Pointer,0,230,648,G,,,,35,06:00,72,60,
2007,RS,11,127,441,TEL,PAOZ,"HALPERIN, YOTAM",2FGM,Two Pointer,2,-2,-12,D,,,,35,06:00,74,60,
2007,RS,11,127,445,MAL,PAFJ,"KUS, DAVOR",2FGM,Two Pointer,2,-12,82,D,,,,36,05:00,74,62,
2007,RS,11,127,448,TEL,P000615,"GARCIA, ALEX",3FGA,Missed Three Pointer,0,710,5,A,,,,36,05:00,74,62,
2007,RS,11,127,450,TEL,PDHD,"BATISTA, ESTEBAN",2FGM,Two Pointer,2,23,46,C,,,,36,05:00,76,62,
2007,RS,11,127,453,MAL,PBIM,"GABRIEL, GERMAN",3FGM,Three Pointer,3,-548,520,J,,,,37,04:00,76,65,
2007,RS,11,127,454,TEL,P000615,"GARCIA, ALEX",2FGA,Missed Two Pointer,0,2,282,D,,,,37,04:00,76,65,
2007,RS,11,127,459,MAL,PAFJ,"KUS, DAVOR",FTM,Free Throw In,1,-1,-1, ,,,,37,04:00,76,66,
2007,RS,11,127,461,MAL,PAFJ,"KUS, DAVOR",2FGA,Missed Two Pointer,0,110,102,C,,,,37,04:00,76,66,
2007,RS,11,127,463,TEL,PDHD,"BATISTA, ESTEBAN",2FGA,Missed Two Pointer,0,41,215,C,,,,37,04:00,76,66,
2007,RS,11,127,472,TEL,PAOZ,"HALPERIN, YOTAM",FTM,Free Throw In,1,-1,-1, ,,,,38,03:00,77,66,
2007,RS,11,127,473,TEL,PAOZ,"HALPERIN, YOTAM",FTM,Free Throw In,1,-1,-1, ,,,,38,03:00,78,66,
2007,RS,11,127,474,MAL,PAWS,"RODRIGUEZ, BERNI",2FGA,Missed Two Pointer,0,-23,82,D,,,,38,03:00,78,66,
2007,RS,11,127,476,TEL,PAOZ,"HALPERIN, YOTAM",3FGM,Three Pointer,3,-669,133,F,,,,38,03:00,81,66,
2007,RS,11,127,479,MAL,PAWS,"RODRIGUEZ, BERNI",2FGA,Missed Two Pointer,0,97,107,C,,,,38,03:00,81,66,
2007,RS,11,127,487,TEL,PDHD,"BATISTA, ESTEBAN",FTM,Free Throw In,1,-1,-1, ,,,,39,02:00,82,66,
2007,RS,11,127,488,TEL,PDHD,"BATISTA, ESTEBAN",FTM,Free Throw In,1,-1,-1, ,,,,39,02:00,83,66,
2007,RS,11,127,491,TEL,PDHD,"BATISTA, ESTEBAN",2FGAB,Missed Two Pointer,0,-69,94,D,,,,39,02:00,83,66,
2007,RS,11,127,495,MAL,PKMV,"HAISLIP, MARCUS",2FGA,Missed Two Pointer,0,92,161,C,,,,39,02:00,83,66,
2007,RS,11,127,497,TEL,PJFO,"CASSPI, OMRI",2FGAB,Missed Two Pointer,0,-61,56,D,,,,39,02:00,83,66,
2007,RS,11,127,502,TEL,PJFO,"CASSPI, OMRI",2FGM,Two Pointer,2,35,76,C,,,,39,02:00,85,66,
2007,RS,11,127,504,MAL,PTGE,"NDONG, BONIFACE",2FGA,Missed Two Pointer,0,420,176,B,,,,39,02:00,85,66,
2007,RS,11,127,512,MAL,PAFJ,"KUS, DAVOR",FTM,Free Throw In,1,-1,-1, ,,,,40,01:00,85,67,
2007,RS,11,127,513,MAL,PAFJ,"KUS, DAVOR",FTM,Free Throw In,1,-1,-1, ,,,,40,01:00,85,68,
2007,RS,11,127,517,TEL,PJFO,"CASSPI, OMRI",2FGM,Two Pointer,2,0,74,D,,,,40,01:00,87,68,
2007,RS,11,127,518,MAL,PAWX,"CABEZAS, CARLOS",2FGA,Missed Two Pointer,0,164,200,C,,,,40,01:00,87,68,
2007,RS,11,128,2,CIB,PKXF,"AYUSO, LARRY",3FGA,Missed Three Pointer,0,692,-7,A,,,,1,10:00,0,0,
2007,RS,11,128,6,MIL,PKRD,"GALLINARI, DANILO",3FGA,Missed Three Pointer,0,341,646,G,,,,1,10:00,0,0,
2007,RS,11,128,11,CIB,PLCC,"WARREN, CHRIS",2FGM,Two Pointer,2,474,-15,B,,,,1,10:00,0,2,
2007,RS,11,128,13,MIL,PKRD,"GALLINARI, DANILO",2FGA,Missed Two Pointer,0,128,105,C,,,,2,09:00,0,2,
2007,RS,11,128,23,MIL,P000664,"KATELYNAS, MINDAUGAS",2FGM,Two Pointer,2,-7,-2,D,,,,2,09:00,2,2,
2007,RS,11,128,26,CIB,PLCC,"WARREN, CHRIS",3FGA,Missed Three Pointer,0,-589,435,J,,,,3,08:00,2,2,
2007,RS,11,128,28,CIB,PJDQ,"ANDRIC, LUKSA",3FGA,Missed Three Pointer,0,-694,-58,F,,,,3,08:00,2,2,
2007,RS,11,128,32,CIB,PLCC,"WARREN, CHRIS",FTM,Free Throw In,1,-1,-1, ,,,,3,08:00,2,3,
2007,RS,11,128,33,CIB,PLCC,"WARREN, CHRIS",FTM,Free Throw In,1,-1,-1, ,,,,3,08:00,2,4,
2007,RS,11,128,34,MIL,PTEQ,"ARADORI, PIETRO",2FGA,Missed Two Pointer,0,51,97,C,,,,3,08:00,2,4,
2007,RS,11,128,36,MIL,P000664,"KATELYNAS, MINDAUGAS",3FGM,Three Pointer,3,276,625,G,,,,3,08:00,5,4,
2007,RS,11,128,39,CIB,PJDQ,"ANDRIC, LUKSA",2FGA,Missed Two Pointer,0,100,10,C,,,,4,07:00,5,4,
2007,RS,11,128,43,MIL,PKRD,"GALLINARI, DANILO",FTM,Free Throw In,1,-1,-1, ,,,,4,07:00,6,4,
2007,RS,11,128,44,MIL,PKRD,"GALLINARI, DANILO",FTM,Free Throw In,1,-1,-1, ,,,,4,07:00,7,4,
2007,RS,11,128,47,CIB,PKXF,"AYUSO, LARRY",2FGA,Missed Two Pointer,0,79,276,C,,,,4,07:00,7,4,
2007,RS,11,128,50,MIL,PTEQ,"ARADORI, PIETRO",2FGA,Missed Two Pointer,0,102,12,C,,,,5,06:00,7,4,
2007,RS,11,128,57,MIL,PKNZ,"WATSON, TRAVIS",FTM,Free Throw In,1,-1,-1, ,,,,5,06:00,8,4,
2007,RS,11,128,59,CIB,PAON,"KRASIC, BARISA",2FGAB,Missed Two Pointer,0,-56,10,D,,,,5,06:00,8,4,
2007,RS,11,128,63,MIL,PKRD,"GALLINARI, DANILO",2FGA,Missed Two Pointer,0,-33,79,D,,,,5,06:00,8,4,
2007,RS,11,128,66,MIL,PTEQ,"ARADORI, PIETRO",2FGM,Two Pointer,2,20,87,C,,,,5,06:00,10,4,
2007,RS,11,128,70,CIB,PLCC,"WARREN, CHRIS",3FGM,Three Pointer,3,-715,-33,F,,,,5,06:00,10,7,
2007,RS,11,128,73,MIL,PAVD,"BOOKER, MELVIN",3FGA,Missed Three Pointer,0,-682,-15,F,,,,6,05:00,10,7,
2007,RS,11,128,75,MIL,PKNZ,"WATSON, TRAVIS",2FGAB,Missed Two Pointer,0,-53,71,D,,,,6,05:00,10,7,
2007,RS,11,128,81,CIB,PKXF,"AYUSO, LARRY",FTM,Free Throw In,1,-1,-1, ,,,,6,05:00,10,8,
2007,RS,11,128,82,CIB,PKXF,"AYUSO, LARRY",FTM,Free Throw In,1,-1,-1, ,,,,6,05:00,10,9,
2007,RS,11,128,83,MIL,PKRD,"GALLINARI, DANILO",2FGM,Two Pointer,2,35,346,C,,,,6,05:00,12,9,
2007,RS,11,128,85,CIB,PKXF,"AYUSO, LARRY",3FGM,Three Pointer,3,-712,-17,F,,,,6,05:00,12,12,
2007,RS,11,128,95,CIB,PJDQ,"ANDRIC, LUKSA",2FGM,Two Pointer,2,133,35,C,,,,7,04:00,12,14,
2007,RS,11,128,96,MIL,PAUT,"VUKCEVIC, DUSAN",3FGA,Missed Three Pointer,0,-679,-33,F,,,,7,04:00,12,14,
2007,RS,11,128,98,CIB,PAON,"KRASIC, BARISA",3FGA,Missed Three Pointer,0,-289,651,J,,,,7,04:00,12,14,
2007,RS,11,128,103,MIL,PAUT,"VUKCEVIC, DUSAN",2FGAB,Missed Two Pointer,0,43,41,C,,,,8,03:00,12,14,
2007,RS,11,128,107,MIL,PTEQ,"ARADORI, PIETRO",3FGA,Missed Three Pointer,0,710,-12,A,,,,8,03:00,12,14,
2007,RS,11,128,111,MIL,PAUT,"VUKCEVIC, DUSAN",2FGM,Two Pointer,2,-287,433,I,,,,8,03:00,14,14,
2007,RS,11,128,118,CIB,PLCC,"WARREN, CHRIS",2FGA,Missed Two Pointer,0,87,10,C,,,,8,03:00,14,14,
2007,RS,11,128,125,MIL,PAUT,"VUKCEVIC, DUSAN",FTM,Free Throw In,1,-1,-1, ,,,,9,02:00,15,14,
2007,RS,11,128,126,MIL,PAUT,"VUKCEVIC, DUSAN",FTM,Free Throw In,1,-1,-1, ,,,,9,02:00,16,14,
2007,RS,11,128,127,CIB,PCJE,"KASTROPIL, FRANKO",2FGM,Two Pointer,2,-105,33,D,,,,9,02:00,16,16,
2007,RS,11,128,131,CIB,PTFE,"KELLEY, TRE",2FGAB,Missed Two Pointer,0,-197,51,D,,,,9,02:00,16,16,
2007,RS,11,128,135,MIL,PLGS,"SESAY, ANSU",2FGA,Missed Two Pointer,0,-456,25,E,,,,9,02:00,16,16,
2007,RS,11,128,138,CIB,PKXF,"AYUSO, LARRY",3FGA,Missed Three Pointer,0,187,694,G,,,,10,01:00,16,16,
2007,RS,11,128,142,CIB,PTFE,"KELLEY, TRE",2FGA,Missed Two Pointer,0,-525,-33,E,,,,10,01:00,16,16,
2007,RS,11,128,150,MIL,PKRD,"GALLINARI, DANILO",3FGA,Missed Three Pointer,0,-451,535,J,,,,11,10:00,16,16,
2007,RS,11,128,154,MIL,PKRD,"GALLINARI, DANILO",2FGA,Missed Two Pointer,0,-425,10,E,,,,11,10:00,16,16,
2007,RS,11,128,157,CIB,PLCC,"WARREN, CHRIS",3FGA,Missed Three Pointer,0,676,-20,A,,,,12,09:00,16,16,
2007,RS,11,128,159,MIL,PCUG,"SHAW, CASEY",2FGM,Two Pointer,2,-125,41,D,,,,12,09:00,18,16,
2007,RS,11,128,160,CIB,PKXF,"AYUSO, LARRY",2FGM,Two Pointer,2,-197,66,D,,,,12,09:00,18,18,
2007,RS,11,128,161,MIL,PKRD,"GALLINARI, DANILO",3FGA,Missed Three Pointer,0,366,571,G,,,,12,09:00,18,18,
2007,RS,11,128,164,CIB,PTFD,"VUKUSIC, VEDRAN",3FGA,Missed Three Pointer,0,658,-35,A,,,,13,08:00,18,18,
2007,RS,11,128,174,CIB,PKXF,"AYUSO, LARRY",2FGA,Missed Two Pointer,0,-56,358,D,,,,13,08:00,18,18,
2007,RS,11,128,178,MIL,PAUT,"VUKCEVIC, DUSAN",3FGA,Missed Three Pointer,0,74,694,G,,,,13,08:00,18,18,
2007,RS,11,128,185,CIB,PTFE,"KELLEY, TRE",2FGM,Two Pointer,2,-92,33,D,,,,14,07:00,18,20,
2007,RS,11,128,186,MIL,P000689,"GIOVACCHINI, ANTHONY",3FGA,Missed Three Pointer,0,669,-61,A,,,,14,07:00,18,20,
2007,RS,11,128,188,CIB,PTFE,"KELLEY, TRE",3FGM,Three Pointer,3,-43,733,J,,,,14,07:00,18,23,
2007,RS,11,128,195,MIL,PKNZ,"WATSON, TRAVIS",2FGM,Two Pointer,2,0,-10,D,,,,15,06:00,20,23,
2007,RS,11,128,197,CIB,PJJV,"ROZIC, MARIN",2FGM,Two Pointer,2,-66,38,D,,,,15,06:00,20,25,
2007,RS,11,128,198,MIL,PKRD,"GALLINARI, DANILO",2FGM,Two Pointer,2,133,92,C,,,,15,06:00,22,25,
2007,RS,11,128,200,CIB,PTFE,"KELLEY, TRE",3FGA,Missed Three Pointer,0,-294,605,J,,,,15,06:00,22,25,
2007,RS,11,128,203,MIL,PLGS,"SESAY, ANSU",3FGM,Three Pointer,3,-307,602,J,,,,16,05:00,25,25,
2007,RS,11,128,205,CIB,PKXF,"AYUSO, LARRY",2FGAB,Missed Two Pointer,0,-223,28,D,,,,16,05:00,25,25,
2007,RS,11,128,216,CIB,PJJV,"ROZIC, MARIN",2FGM,Two Pointer,2,100,48,C,,,,16,05:00,25,27,
2007,RS,11,128,217,MIL,PKNZ,"WATSON, TRAVIS",2FGM,Two Pointer,2,92,46,C,,,,16,05:00,27,27,
2007,RS,11,128,229,CIB,P000092,"PRINC, VEDRAN",2FGAB,Missed Two Pointer,0,-128,97,D,,,,17,04:00,27,27,
2007,RS,11,128,238,MIL,PKNZ,"WATSON, TRAVIS",2FGM,Two Pointer,2,89,23,C,,,,18,03:00,29,27,
2007,RS,11,128,248,MIL,PAVD,"BOOKER, MELVIN",3FGM,Three Pointer,3,179,687,G,,,,18,03:00,32,27,
2007,RS,11,128,251,CIB,PKXF,"AYUSO, LARRY",2FGA,Missed Two Pointer,0,310,217,B,,,,19,02:00,32,27,
2007,RS,11,128,253,MIL,PLGS,"SESAY, ANSU",2FGA,Missed Two Pointer,0,-64,264,D,,,,19,02:00,32,27,
2007,RS,11,128,261,MIL,PAUT,"VUKCEVIC, DUSAN",3FGA,Missed Three Pointer,0,-466,479,J,,,,20,01:00,32,27,
2007,RS,11,128,265,CIB,PTFE,"KELLEY, TRE",2FGM,Two Pointer,2,-94,46,D,,,,20,01:00,32,29,
2007,RS,11,128,273,CIB,PTFE,"KELLEY, TRE",FTM,Free Throw In,1,-1,-1, ,,,,20,01:00,32,30,
2007,RS,11,128,274,MIL,PAUT,"VUKCEVIC, DUSAN",3FGM,Three Pointer,3,-274,648,J,,,,20,01:00,35,30,
2007,RS,11,128,275,CIB,PKXF,"AYUSO, LARRY",3FGM,Three Pointer,3,564,425,A,,,,20,01:00,35,33,
2007,RS,11,128,286,CIB,PTFD,"VUKUSIC, VEDRAN",FTM,Free Throw In,1,-1,-1, ,,,,21,10:00,35,34,
2007,RS,11,128,287,CIB,PTFD,"VUKUSIC, VEDRAN",FTM,Free Throw In,1,-1,-1, ,,,,21,10:00,35,35,
2007,RS,11,128,288,MIL,PKRD,"GALLINARI, DANILO",2FGA,Missed Two Pointer,0,410,7,B,,,,21,10:00,35,35,
2007,RS,11,128,292,CIB,PKXF,"AYUSO, LARRY",3FGA,Missed Three Pointer,0,17,661,G,,,,21,10:00,35,35,
2007,RS,11,128,294,MIL,PKNZ,"WATSON, TRAVIS",2FGA,Missed Two Pointer,0,58,41,C,,,,21,10:00,35,35,
2007,RS,11,128,296,CIB,PLCC,"WARREN, CHRIS",2FGM,Two Pointer,2,58,5,C,,,,21,10:00,35,37,
2007,RS,11,128,298,MIL,P000664,"KATELYNAS, MINDAUGAS",3FGA,Missed Three Pointer,0,279,612,G,,,,22,09:00,35,37,
2007,RS,11,128,300,CIB,PJDQ,"ANDRIC, LUKSA",2FGM,Two Pointer,2,-5,12,D,,,,22,09:00,35,39,
2007,RS,11,128,309,CIB,PLCC,"WARREN, CHRIS",2FGM,Two Pointer,2,38,15,C,,,,23,08:00,35,41,
2007,RS,11,128,312,MIL,PAUT,"VUKCEVIC, DUSAN",3FGM,Three Pointer,3,-292,597,J,,,,23,08:00,38,41,
2007,RS,11,128,317,MIL,PAVD,"BOOKER, MELVIN",2FGM,Two Pointer,2,417,271,B,,,,23,08:00,40,41,
2007,RS,11,128,324,MIL,PKRD,"GALLINARI, DANILO",3FGA,Missed Three Pointer,0,492,433,G,,,,24,07:00,40,41,
2007,RS,11,128,326,MIL,PKNZ,"WATSON, TRAVIS",2FGA,Missed Two Pointer,0,79,30,C,,,,24,07:00,40,41,
2007,RS,11,128,328,CIB,PKXF,"AYUSO, LARRY",2FGAB,Missed Two Pointer,0,82,17,C,,,,24,07:00,40,41,
2007,RS,11,128,331,MIL,P000664,"KATELYNAS, MINDAUGAS",3FGA,Missed Three Pointer,0,443,541,G,,,,24,07:00,40,41,
2007,RS,11,128,340,CIB,PKXF,"AYUSO, LARRY",2FGA,Missed Two Pointer,0,69,25,C,,,,24,07:00,40,41,
2007,RS,11,128,342,CIB,PLCC,"WARREN, CHRIS",2FGM,Two Pointer,2,20,38,C,,,,24,07:00,40,43,
2007,RS,11,128,344,MIL,PKRD,"GALLINARI, DANILO",3FGA,Missed Three Pointer,0,428,494,G,,,,25,06:00,40,43,
2007,RS,11,128,346,MIL,PAVD,"BOOKER, MELVIN",3FGA,Missed Three Pointer,0,-374,551,J,,,,25,06:00,40,43,
2007,RS,11,128,349,CIB,PTFD,"VUKUSIC, VEDRAN",2FGAB,Missed Two Pointer,0,-35,48,D,,,,26,05:00,40,43,
2007,RS,11,128,353,CIB,PKXF,"AYUSO, LARRY",3FGA,Missed Three Pointer,0,-338,582,J,,,,26,05:00,40,43,
2007,RS,11,128,359,MIL,PKRD,"GALLINARI, DANILO",FTM,Free Throw In,1,-1,-1, ,,,,26,05:00,41,43,
2007,RS,11,128,360,MIL,PKRD,"GALLINARI, DANILO",FTM,Free Throw In,1,-1,-1, ,,,,26,05:00,42,43,
2007,RS,11,128,367,MIL,PKRD,"GALLINARI, DANILO",2FGA,Missed Two Pointer,0,-112,597,I,,,,26,05:00,42,43,
2007,RS,11,128,370,CIB,PLCC,"WARREN, CHRIS",3FGM,Three Pointer,3,23,656,G,,,,27,04:00,42,46,
2007,RS,11,128,373,MIL,PAUT,"VUKCEVIC, DUSAN",2FGA,Missed Two Pointer,0,-405,448,I,,,,27,04:00,42,46,
2007,RS,11,128,375,CIB,PTFE,"KELLEY, TRE",2FGA,Missed Two Pointer,0,-125,56,D,,,,27,04:00,42,46,
2007,RS,11,128,377,MIL,PAUT,"VUKCEVIC, DUSAN",3FGM,Three Pointer,3,625,212,A,,,,27,04:00,45,46,
2007,RS,11,128,380,CIB,PLCC,"WARREN, CHRIS",2FGA,Missed Two Pointer,0,-46,12,D,,,,28,03:00,45,46,
2007,RS,11,128,382,CIB,PJJV,"ROZIC, MARIN",2FGA,Missed Two Pointer,0,56,2,C,,,,28,03:00,45,46,
2007,RS,11,128,390,CIB,PLCC,"WARREN, CHRIS",FTM,Free Throw In,1,-1,-1, ,,,,28,03:00,45,47,
2007,RS,11,128,392,CIB,PLCC,"WARREN, CHRIS",FTM,Free Throw In,1,-1,-1, ,,,,28,03:00,45,48,
2007,RS,11,128,400,CIB,PLCC,"WARREN, CHRIS",2FGA,Missed Two Pointer,0,412,102,B,,,,28,03:00,45,48,
2007,RS,11,128,402,MIL,PAVD,"BOOKER, MELVIN",3FGA,Missed Three Pointer,0,-617,233,F,,,,28,03:00,45,48,
2007,RS,11,128,404,CIB,PLEE,"KRUSLIN, FILIP",3FGA,Missed Three Pointer,0,-220,620,J,,,,28,03:00,45,48,
2007,RS,11,128,414,MIL,PAVD,"BOOKER, MELVIN",3FGA,Missed Three Pointer,0,546,420,A,,,,29,02:00,45,48,
2007,RS,11,128,418,MIL,PTEQ,"ARADORI, PIETRO",FTM,Free Throw In,1,-1,-1, ,,,,29,02:00,46,48,
2007,RS,11,128,420,MIL,PTEQ,"ARADORI, PIETRO",FTM,Free Throw In,1,-1,-1, ,,,,30,01:00,47,48,
2007,RS,11,128,421,CIB,PLCC,"WARREN, CHRIS",3FGM,Three Pointer,3,-658,-41,F,,,,30,01:00,47,51,
2007,RS,11,128,425,MIL,PAUT,"VUKCEVIC, DUSAN",FTM,Free Throw In,1,-1,-1, ,,,,30,01:00,48,51,
2007,RS,11,128,428,CIB,PKXF,"AYUSO, LARRY",2FGA,Missed Two Pointer,0,10,300,C,,,,30,01:00,48,51,
2007,RS,11,128,434,MIL,PTEQ,"ARADORI, PIETRO",3FGA,Missed Three Pointer,0,-143,656,J,,,,31,10:00,48,51,
2007,RS,11,128,436,CIB,PTFD,"VUKUSIC, VEDRAN",2FGA,Missed Two Pointer,0,-48,23,D,,,,31,10:00,48,51,
2007,RS,11,128,441,MIL,PCUG,"SHAW, CASEY",FTM,Free Throw In,1,-1,-1, ,,,,31,10:00,49,51,
2007,RS,11,128,444,CIB,PLCC,"WARREN, CHRIS",2FGA,Missed Two Pointer,0,456,56,B,,,,32,09:00,49,51,
2007,RS,11,128,448,CIB,PTFD,"VUKUSIC, VEDRAN",2FGM,Two Pointer,2,-56,2,D,,,,32,09:00,49,53,
2007,RS,11,128,449,MIL,PAUT,"VUKCEVIC, DUSAN",2FGM,Two Pointer,2,-7,369,D,,,,32,09:00,51,53,
2007,RS,11,128,450,CIB,PTFD,"VUKUSIC, VEDRAN",2FGM,Two Pointer,2,-48,-7,D,,,,32,09:00,51,55,
2007,RS,11,128,452,MIL,PCUG,"SHAW, CASEY",2FGM,Two Pointer,2,-58,0,D,,,,32,09:00,53,55,
2007,RS,11,128,455,CIB,PJJV,"ROZIC, MARIN",2FGA,Missed Two Pointer,0,69,182,C,,,,33,08:00,53,55,
2007,RS,11,128,457,MIL,PAUT,"VUKCEVIC, DUSAN",2FGM,Two Pointer,2,25,120,C,,,,33,08:00,55,55,
2007,RS,11,128,464,CIB,PTFD,"VUKUSIC, VEDRAN",2FGAB,Missed Two Pointer,0,297,200,B,,,,33,08:00,55,55,
2007,RS,11,128,474,CIB,PKXF,"AYUSO, LARRY",2FGM,Two Pointer,2,210,69,C,,,,33,08:00,55,57,
2007,RS,11,128,482,CIB,PLCC,"WARREN, CHRIS",3FGM,Three Pointer,3,392,533,G,,,,34,07:00,55,60,
2007,RS,11,128,483,MIL,PAUT,"VUKCEVIC, DUSAN",3FGA,Missed Three Pointer,0,389,569,G,,,,34,07:00,55,60,
2007,RS,11,128,485,CIB,PJDQ,"ANDRIC, LUKSA",3FGM,Three Pointer,3,679,23,A,,,,34,07:00,55,63,
2007,RS,11,128,487,MIL,PKRD,"GALLINARI, DANILO",3FGA,Missed Three Pointer,0,394,530,G,,,,34,07:00,55,63,
2007,RS,11,128,501,CIB,PLCC,"WARREN, CHRIS",3FGM,Three Pointer,3,576,717,G,,,,36,05:00,55,66,
2007,RS,11,128,502,MIL,P000664,"KATELYNAS, MINDAUGAS",2FGM,Two Pointer,2,-2,0,D,,,,36,05:00,57,66,
2007,RS,11,128,511,MIL,PKRD,"GALLINARI, DANILO",2FGM,Two Pointer,2,-594,-5,E,,,,37,04:00,59,66,
2007,RS,11,128,513,CIB,PTFE,"KELLEY, TRE",2FGM,Two Pointer,2,74,15,C,,,,37,04:00,59,68,
2007,RS,11,128,514,MIL,PKRD,"GALLINARI, DANILO",2FGM,Two Pointer,2,-17,46,D,,,,37,04:00,61,68,
2007,RS,11,128,524,MIL,P000664,"KATELYNAS, MINDAUGAS",3FGA,Missed Three Pointer,0,158,641,G,,,,38,03:00,61,68,
2007,RS,11,128,529,CIB,PKXF,"AYUSO, LARRY",3FGA,Missed Three Pointer,0,433,510,G,,,,39,02:00,61,68,
2007,RS,11,128,535,CIB,PKXF,"AYUSO, LARRY",2FGM,Two Pointer,2,-38,12,D,,,,39,02:00,61,70,
2007,RS,11,128,536,MIL,P000664,"KATELYNAS, MINDAUGAS",2FGM,Two Pointer,2,51,10,C,,,,39,02:00,63,70,
2007,RS,11,128,538,CIB,PLCC,"WARREN, CHRIS",3FGA,Missed Three Pointer,0,-361,635,J,,,,39,02:00,63,70,
2007,RS,11,128,548,MIL,PLGS,"SESAY, ANSU",3FGA,Missed Three Pointer,0,294,605,G,,,,40,01:00,63,70,
2007,RS,11,128,550,CIB,PKXF,"AYUSO, LARRY",2FGM,Two Pointer,2,12,97,C,,,,40,01:00,63,72,
2007,RS,11,128,557,CIB,P000092,"PRINC, VEDRAN",3FGA,Missed Three Pointer,0,533,451,G,,,,40,01:00,63,72,
2007,RS,11,129,2,ULK,PARO,"ONAN, OMER",2FGM,Two Pointer,2,410,356,B,,,,1,10:00,2,0,
2007,RS,11,129,6,ULK,PARO,"ONAN, OMER",FTM,Free Throw In,1,-1,-1, ,,,,1,10:00,3,0,
2007,RS,11,129,8,ULK,PTHC,"WHITE, JAMES",2FGM,Two Pointer,2,-164,97,D,,,,1,10:00,5,0,
2007,RS,11,129,9,ROA,PTEU,"SALYERS, MARC",2FGA,Missed Two Pointer,0,-7,328,D,,,,1,10:00,5,0,
2007,RS,11,129,12,ULK,PTFI,"VIDMAR, GASPER",2FGM,Two Pointer,2,-115,41,D,,,,2,09:00,7,0,
2007,RS,11,129,14,ROA,PTEU,"SALYERS, MARC",3FGA,Missed Three Pointer,0,-246,666,J,,,,2,09:00,7,0,
2007,RS,11,129,15,ROA,PTEY,"BADIANE, PAPE",2FGA,Missed Two Pointer,0,-207,492,I,,,,2,09:00,7,0,
2007,RS,11,129,21,ULK,PTHC,"WHITE, JAMES",3FGA,Missed Three Pointer,0,528,456,G,,,,2,09:00,7,0,
2007,RS,11,129,23,ROA,PTEY,"BADIANE, PAPE",2FGM,Two Pointer,2,2,2,D,,,,2,09:00,7,2,
2007,RS,11,129,26,ULK,PTFI,"VIDMAR, GASPER",2FGM,Two Pointer,2,-12,15,D,,,,3,08:00,9,2,
2007,RS,11,129,27,ROA,PTEZ,"RUSH, BRION",3FGA,Missed Three Pointer,0,-466,517,J,,,,3,08:00,9,2,
2007,RS,11,129,31,ULK,PCOS,"SOLOMON, WILLIE",3FGM,Three Pointer,3,-246,630,J,,,,4,07:00,12,2,
2007,RS,11,129,33,ROA,PTEX,"PELLIN, MARC-ANTOINE",2FGAB,Missed Two Pointer,0,-115,56,D,,,,4,07:00,12,2,
2007,RS,11,129,37,ULK,PTHC,"WHITE, JAMES",2FGM,Two Pointer,2,-112,2,D,,,,4,07:00,14,2,
2007,RS,11,129,40,ROA,PTEV,"HESS, ADAM",3FGA,Missed Three Pointer,0,-230,643,J,,,,4,07:00,14,2,
2007,RS,11,129,43,ROA,PTEU,"SALYERS, MARC",2FGA,Missed Two Pointer,0,-15,100,D,,,,5,06:00,14,2,
2007,RS,11,129,45,ULK,PLGR,"BASAK, RASIM",3FGA,Missed Three Pointer,0,-284,633,J,,,,5,06:00,14,2,
2007,RS,11,129,47,ROA,PTEU,"SALYERS, MARC",2FGA,Missed Two Pointer,0,87,53,C,,,,5,06:00,14,2,
2007,RS,11,129,49,ROA,PTEY,"BADIANE, PAPE",2FGM,Two Pointer,2,79,25,C,,,,5,06:00,14,4,
2007,RS,11,129,58,ULK,PARO,"ONAN, OMER",3FGM,Three Pointer,3,564,405,A,,,,5,06:00,17,4,
2007,RS,11,129,61,ROA,PTEZ,"RUSH, BRION",2FGM,Two Pointer,2,117,58,C,,,,5,06:00,17,6,
2007,RS,11,129,67,ROA,PTFB,"SOLIMAN, WILLIAMS",2FGM,Two Pointer,2,-200,64,D,,,,6,05:00,17,8,
2007,RS,11,129,69,ULK,PLGR,"BASAK, RASIM",2FGM,Two Pointer,2,-7,228,D,,,,6,05:00,19,8,
2007,RS,11,129,71,ROA,P000691,"HALE, RONALD",2FGA,Missed Two Pointer,0,-64,412,D,,,,7,04:00,19,8,
2007,RS,11,129,73,ULK,PTFI,"VIDMAR, GASPER",2FGA,Missed Two Pointer,0,5,176,C,,,,7,04:00,19,8,
2007,RS,11,129,75,ULK,PCOS,"SOLOMON, WILLIE",3FGM,Three Pointer,3,-576,376,F,,,,7,04:00,22,8,
2007,RS,11,129,80,ULK,PARO,"ONAN, OMER",3FGA,Missed Three Pointer,0,-643,269,F,,,,8,03:00,22,8,
2007,RS,11,129,82,ULK,PTHC,"WHITE, JAMES",2FGA,Missed Two Pointer,0,-107,15,D,,,,8,03:00,22,8,
2007,RS,11,129,84,ULK,PTFI,"VIDMAR, GASPER",2FGM,Two Pointer,2,-53,61,D,,,,8,03:00,24,8,
2007,RS,11,129,85,ROA,PTFC,"POUPET, PIERRIC",3FGAB,Missed Three Pointer,0,-584,351,F,,,,8,03:00,24,8,
2007,RS,11,129,88,ROA,PTEZ,"RUSH, BRION",3FGA,Missed Three Pointer,0,-610,320,F,,,,8,03:00,24,8,
2007,RS,11,129,93,ROA,PTEU,"SALYERS, MARC",3FGM,Three Pointer,3,-456,548,J,,,,8,03:00,24,11,
2007,RS,11,129,96,ULK,PLGR,"BASAK, RASIM",2FGA,Missed Two Pointer,0,17,187,C,,,,9,02:00,24,11,
2007,RS,11,129,102,ROA,PTFB,"SOLIMAN, WILLIAMS",2FGA,Missed Two Pointer,0,256,110,B,,,,9,02:00,24,11,
2007,RS,11,129,104,ROA,P000691,"HALE, RONALD",3FGA,Missed Three Pointer,0,612,300,A,,,,9,02:00,24,11,
2007,RS,11,129,106,ROA,PTFB,"SOLIMAN, WILLIAMS",2FGM,Two Pointer,2,15,100,C,,,,9,02:00,24,13,
2007,RS,11,129,108,ULK,PCOS,"SOLOMON, WILLIE",3FGA,Missed Three Pointer,0,-564,389,F,,,,10,01:00,24,13,
2007,RS,11,129,110,ULK,PTHC,"WHITE, JAMES",2FGM,Two Pointer,2,-20,97,D,,,,10,01:00,26,13,
2007,RS,11,129,113,ULK,PAYR,"TURKCAN, MIRSAD",2FGM,Two Pointer,2,-5,7,D,,,,10,01:00,28,13,
2007,RS,11,129,122,ROA,PTEZ,"RUSH, BRION",3FGM,Three Pointer,3,-41,679,J,,,,11,10:00,28,16,
2007,RS,11,129,126,ROA,P000691,"HALE, RONALD",2FGM,Two Pointer,2,84,61,C,,,,11,10:00,28,18,
2007,RS,11,129,127,ULK,PCOS,"SOLOMON, WILLIE",2FGM,Two Pointer,2,-2,5,D,,,,11,10:00,30,18,
2007,RS,11,129,131,ULK,PCOS,"SOLOMON, WILLIE",2FGM,Two Pointer,2,-64,17,D,,,,12,09:00,32,18,
2007,RS,11,129,132,ROA,PTEU,"SALYERS, MARC",3FGA,Missed Three Pointer,0,-23,705,J,,,,12,09:00,32,18,
2007,RS,11,129,139,ROA,PTEZ,"RUSH, BRION",3FGA,Missed Three Pointer,0,469,528,G,,,,12,09:00,32,18,
2007,RS,11,129,143,ROA,PTEU,"SALYERS, MARC",3FGM,Three Pointer,3,-551,374,F,,,,13,08:00,32,21,
2007,RS,11,129,144,ULK,P000738,"KINSEY, TARENCE ANTHONY",3FGA,Missed Three Pointer,0,674,38,A,,,,13,08:00,32,21,
2007,RS,11,129,149,ROA,PTEZ,"RUSH, BRION",FTM,Free Throw In,1,-1,-1, ,,,,13,08:00,32,22,
2007,RS,11,129,152,ULK,PAYR,"TURKCAN, MIRSAD",2FGA,Missed Two Pointer,0,-582,-46,E,,,,13,08:00,32,22,
2007,RS,11,129,155,ROA,PTEZ,"RUSH, BRION",2FGM,Two Pointer,2,-92,405,D,,,,14,07:00,32,24,
2007,RS,11,129,164,ROA,PTEV,"HESS, ADAM",3FGA,Missed Three Pointer,0,-138,700,J,,,,14,07:00,32,24,
2007,RS,11,129,166,ROA,P000691,"HALE, RONALD",2FGA,Missed Two Pointer,0,-30,105,D,,,,14,07:00,32,24,
2007,RS,11,129,167,ULK,PLGA,"KAAN, DAMIR",3FGM,Three Pointer,3,661,-48,A,,,,14,07:00,35,24,
2007,RS,11,129,169,ROA,PTEU,"SALYERS, MARC",3FGA,Missed Three Pointer,0,-625,310,F,,,,15,06:00,35,24,
2007,RS,11,129,171,ULK,PLGA,"KAAN, DAMIR",3FGM,Three Pointer,3,-300,630,J,,,,15,06:00,38,24,
2007,RS,11,129,173,ROA,PTEU,"SALYERS, MARC",2FGA,Missed Two Pointer,0,-205,110,D,,,,15,06:00,38,24,
2007,RS,11,129,179,ULK,PTFH,"PRELDZIC, EMIR",3FGA,Missed Three Pointer,0,7,679,G,,,,15,06:00,38,24,
2007,RS,11,129,190,ROA,PTEU,"SALYERS, MARC",FTM,Free Throw In,1,-1,-1, ,,,,16,05:00,38,25,
2007,RS,11,129,191,ROA,PTEU,"SALYERS, MARC",FTM,Free Throw In,1,-1,-1, ,,,,16,05:00,38,26,
2007,RS,11,129,195,ROA,PTEU,"SALYERS, MARC",2FGM,Two Pointer,2,-61,28,D,,,,16,05:00,38,28,
2007,RS,11,129,199,ULK,P000709,"ASIK, OMER FARUK",2FGM,Two Pointer,2,7,7,C,,,,17,04:00,40,28,
2007,RS,11,129,203,ULK,PAYR,"TURKCAN, MIRSAD",3FGA,Missed Three Pointer,0,-671,184,F,,,,17,04:00,40,28,
2007,RS,11,129,217,ROA,PTEU,"SALYERS, MARC",2FGM,Two Pointer,2,12,187,C,,,,18,03:00,40,30,
2007,RS,11,129,219,ULK,PLGR,"BASAK, RASIM",2FGM,Two Pointer,2,69,41,C,,,,18,03:00,42,30,
2007,RS,11,129,222,ROA,PTEZ,"RUSH, BRION",3FGA,Missed Three Pointer,0,-361,582,J,,,,19,02:00,42,30,
2007,RS,11,129,226,ROA,PTEU,"SALYERS, MARC",FTM,Free Throw In,1,-1,-1, ,,,,19,02:00,42,31,
2007,RS,11,129,227,ROA,PTEU,"SALYERS, MARC",FTM,Free Throw In,1,-1,-1, ,,,,19,02:00,42,32,
2007,RS,11,129,228,ULK,PAYR,"TURKCAN, MIRSAD",2FGM,Two Pointer,2,217,87,C,,,,19,02:00,44,32,
2007,RS,11,129,229,ROA,PTEZ,"RUSH, BRION",2FGA,Missed Two Pointer,0,-187,23,D,,,,19,02:00,44,32,
2007,RS,11,129,231,ROA,PTEV,"HESS, ADAM",2FGA,Missed Two Pointer,0,-151,48,D,,,,19,02:00,44,32,
2007,RS,11,129,240,ROA,PTEU,"SALYERS, MARC",FTM,Free Throw In,1,-1,-1, ,,,,20,01:00,44,33,
2007,RS,11,129,241,ROA,PTEU,"SALYERS, MARC",FTM,Free Throw In,1,-1,-1, ,,,,20,01:00,44,34,
2007,RS,11,129,242,ULK,PAYR,"TURKCAN, MIRSAD",2FGA,Missed Two Pointer,0,141,92,C,,,,20,01:00,44,34,
2007,RS,11,129,246,ROA,PTEU,"SALYERS, MARC",FTM,Free Throw In,1,-1,-1, ,,,,20,01:00,44,35,
2007,RS,11,129,247,ROA,PTEU,"SALYERS, MARC",FTM,Free Throw In,1,-1,-1, ,,,,20,01:00,44,36,
2007,RS,11,129,261,ULK,PTFI,"VIDMAR, GASPER",2FGA,Missed Two Pointer,0,-223,438,I,,,,21,10:00,44,36,
2007,RS,11,129,265,ROA,PTFA,"CAZALON, LAURENT",2FGA,Missed Two Pointer,0,-89,133,D,,,,21,10:00,44,36,
2007,RS,11,129,267,ROA,PTFA,"CAZALON, LAURENT",2FGM,Two Pointer,2,-7,84,D,,,,21,10:00,44,38,
2007,RS,11,129,269,ULK,PARO,"ONAN, OMER",3FGA,Missed Three Pointer,0,-41,684,J,,,,22,09:00,44,38,
2007,RS,11,129,275,ULK,PTFI,"VIDMAR, GASPER",FTM,Free Throw In,1,-1,-1, ,,,,22,09:00,45,38,
2007,RS,11,129,276,ULK,PTFI,"VIDMAR, GASPER",FTM,Free Throw In,1,-1,-1, ,,,,22,09:00,46,38,
2007,RS,11,129,277,ULK,PTFI,"VIDMAR, GASPER",2FGA,Missed Two Pointer,0,-79,146,D,,,,22,09:00,46,38,
2007,RS,11,129,280,ROA,PTEV,"HESS, ADAM",3FGA,Missed Three Pointer,0,56,679,G,,,,23,08:00,46,38,
2007,RS,11,129,284,ROA,PTEZ,"RUSH, BRION",2FGA,Missed Two Pointer,0,123,448,H,,,,23,08:00,46,38,
2007,RS,11,129,286,ULK,PCOS,"SOLOMON, WILLIE",3FGA,Missed Three Pointer,0,382,582,G,,,,23,08:00,46,38,
2007,RS,11,129,288,ULK,PARO,"ONAN, OMER",3FGM,Three Pointer,3,564,423,A,,,,23,08:00,49,38,
2007,RS,11,129,292,ULK,PLGR,"BASAK, RASIM",2FGA,Missed Two Pointer,0,-46,546,I,,,,23,08:00,49,38,
2007,RS,11,129,295,ROA,PTEZ,"RUSH, BRION",2FGA,Missed Two Pointer,0,102,76,C,,,,24,07:00,49,38,
2007,RS,11,129,297,ULK,PTHC,"WHITE, JAMES",2FGM,Two Pointer,2,-76,0,D,,,,24,07:00,51,38,
2007,RS,11,129,299,ROA,PTFA,"CAZALON, LAURENT",3FGM,Three Pointer,3,664,66,A,,,,24,07:00,51,41,
2007,RS,11,129,305,ROA,PTEU,"SALYERS, MARC",2FGA,Missed Two Pointer,0,5,120,C,,,,25,06:00,51,41,
2007,RS,11,129,307,ROA,PTEX,"PELLIN, MARC-ANTOINE",2FGA,Missed Two Pointer,0,41,576,H,,,,25,06:00,51,41,
2007,RS,11,129,309,ULK,PTHC,"WHITE, JAMES",2FGA,Missed Two Pointer,0,-97,46,D,,,,25,06:00,51,41,
2007,RS,11,129,313,ULK,PLGR,"BASAK, RASIM",3FGM,Three Pointer,3,-623,297,F,,,,25,06:00,54,41,
2007,RS,11,129,318,ULK,PLGR,"BASAK, RASIM",3FGM,Three Pointer,3,223,720,G,,,,26,05:00,57,41,
2007,RS,11,129,320,ROA,P000691,"HALE, RONALD",3FGM,Three Pointer,3,-302,605,J,,,,26,05:00,57,44,
2007,RS,11,129,323,ULK,PTFI,"VIDMAR, GASPER",2FGA,Missed Two Pointer,0,-130,38,D,,,,27,04:00,57,44,
2007,RS,11,129,325,ULK,PTFI,"VIDMAR, GASPER",2FGM,Two Pointer,2,12,161,C,,,,27,04:00,59,44,
2007,RS,11,129,332,ROA,PTEZ,"RUSH, BRION",2FGM,Two Pointer,2,56,38,C,,,,27,04:00,59,46,
2007,RS,11,129,334,ULK,PTFI,"VIDMAR, GASPER",2FGAB,Missed Two Pointer,0,-10,156,D,,,,27,04:00,59,46,
2007,RS,11,129,338,ROA,PTEZ,"RUSH, BRION",2FGM,Two Pointer,2,-94,71,D,,,,27,04:00,59,48,
2007,RS,11,129,342,ROA,P000691,"HALE, RONALD",2FGM,Two Pointer,2,-102,43,D,,,,28,03:00,59,50,
2007,RS,11,129,354,ULK,PCOS,"SOLOMON, WILLIE",3FGA,Missed Three Pointer,0,551,441,G,,,,28,03:00,59,50,
2007,RS,11,129,358,ULK,P000709,"ASIK, OMER FARUK",FTM,Free Throw In,1,-1,-1, ,,,,28,03:00,60,50,
2007,RS,11,129,359,ULK,P000709,"ASIK, OMER FARUK",FTM,Free Throw In,1,-1,-1, ,,,,28,03:00,61,50,
2007,RS,11,129,363,ULK,P000738,"KINSEY, TARENCE ANTHONY",3FGA,Missed Three Pointer,0,-58,761,J,,,,28,03:00,61,50,
2007,RS,11,129,365,ROA,PTFB,"SOLIMAN, WILLIAMS",2FGM,Two Pointer,2,205,171,C,,,,28,03:00,61,52,
2007,RS,11,129,367,ULK,PCOS,"SOLOMON, WILLIE",2FGM,Two Pointer,2,-7,451,I,,,,29,02:00,63,52,
2007,RS,11,129,369,ROA,PTFC,"POUPET, PIERRIC",3FGA,Missed Three Pointer,0,-576,484,J,,,,30,01:00,63,52,
2007,RS,11,129,373,ULK,PTHC,"WHITE, JAMES",FTM,Free Throw In,1,-1,-1, ,,,,30,01:00,64,52,
2007,RS,11,129,374,ULK,PTHC,"WHITE, JAMES",FTM,Free Throw In,1,-1,-1, ,,,,30,01:00,65,52,
2007,RS,11,129,375,ROA,P000691,"HALE, RONALD",3FGM,Three Pointer,3,333,602,G,,,,30,01:00,65,55,
2007,RS,11,129,379,ROA,PTFB,"SOLIMAN, WILLIAMS",2FGM,Two Pointer,2,-243,107,D,,,,31,10:00,65,57,
2007,RS,11,129,381,ULK,PAYR,"TURKCAN, MIRSAD",3FGA,Missed Three Pointer,0,548,458,G,,,,31,10:00,65,57,
2007,RS,11,129,385,ULK,PTHC,"WHITE, JAMES",3FGA,Missed Three Pointer,0,-705,-10,F,,,,32,09:00,65,57,
2007,RS,11,129,390,ULK,PCOS,"SOLOMON, WILLIE",3FGA,Missed Three Pointer,0,476,512,G,,,,32,09:00,65,57,
2007,RS,11,129,392,ROA,PTEV,"HESS, ADAM",3FGA,Missed Three Pointer,0,679,97,A,,,,32,09:00,65,57,
2007,RS,11,129,395,ROA,PTEV,"HESS, ADAM",2FGM,Two Pointer,2,-123,74,D,,,,33,08:00,65,59,
2007,RS,11,129,396,ULK,PAYR,"TURKCAN, MIRSAD",2FGA,Missed Two Pointer,0,-46,553,I,,,,33,08:00,65,59,
2007,RS,11,129,402,ROA,PTEV,"HESS, ADAM",FTM,Free Throw In,1,-1,-1, ,,,,33,08:00,65,60,
2007,RS,11,129,403,ROA,PTEV,"HESS, ADAM",FTM,Free Throw In,1,-1,-1, ,,,,33,08:00,65,61,
2007,RS,11,129,404,ROA,PTFB,"SOLIMAN, WILLIAMS",2FGM,Two Pointer,2,197,194,C,,,,33,08:00,65,63,
2007,RS,11,129,409,ROA,P000691,"HALE, RONALD",3FGA,Missed Three Pointer,0,474,541,G,,,,34,07:00,65,63,
2007,RS,11,129,413,ROA,PTFC,"POUPET, PIERRIC",3FGA,Missed Three Pointer,0,-589,430,J,,,,35,06:00,65,63,
2007,RS,11,129,415,ULK,P000738,"KINSEY, TARENCE ANTHONY",3FGA,Missed Three Pointer,0,-692,-5,F,,,,35,06:00,65,63,
2007,RS,11,129,427,ULK,PCOS,"SOLOMON, WILLIE",2FGA,Missed Two Pointer,0,312,56,B,,,,35,06:00,65,63,
2007,RS,11,129,429,ROA,PTEU,"SALYERS, MARC",3FGA,Missed Three Pointer,0,-200,669,J,,,,35,06:00,65,63,
2007,RS,11,129,438,ULK,PCOS,"SOLOMON, WILLIE",FTM,Free Throw In,1,-1,-1, ,,,,36,05:00,66,63,
2007,RS,11,129,439,ULK,PCOS,"SOLOMON, WILLIE",FTM,Free Throw In,1,-1,-1, ,,,,36,05:00,67,63,
2007,RS,11,129,440,ROA,PTFA,"CAZALON, LAURENT",3FGM,Three Pointer,3,100,671,G,,,,36,05:00,67,66,
2007,RS,11,129,444,ROA,PTFA,"CAZALON, LAURENT",2FGA,Missed Two Pointer,0,61,533,H,,,,36,05:00,67,66,
2007,RS,11,129,447,ULK,PCOS,"SOLOMON, WILLIE",3FGM,Three Pointer,3,-97,702,J,,,,37,04:00,70,66,
2007,RS,11,129,448,ROA,PTFA,"CAZALON, LAURENT",3FGA,Missed Three Pointer,0,146,676,G,,,,37,04:00,70,66,
2007,RS,11,129,455,ULK,PARO,"ONAN, OMER",2FGA,Missed Two Pointer,0,7,451,H,,,,38,03:00,70,66,
2007,RS,11,129,459,ULK,PCOS,"SOLOMON, WILLIE",FTM,Free Throw In,1,-1,-1, ,,,,38,03:00,71,66,
2007,RS,11,129,460,ULK,PCOS,"SOLOMON, WILLIE",FTM,Free Throw In,1,-1,-1, ,,,,38,03:00,72,66,
2007,RS,11,129,461,ROA,PTEZ,"RUSH, BRION",3FGA,Missed Three Pointer,0,79,676,G,,,,38,03:00,72,66,
2007,RS,11,129,463,ULK,PARO,"ONAN, OMER",2FGM,Two Pointer,2,-92,571,I,,,,38,03:00,74,66,
2007,RS,11,129,466,ROA,PTEU,"SALYERS, MARC",2FGA,Missed Two Pointer,0,-312,41,E,,,,39,02:00,74,66,
2007,RS,11,129,468,ROA,PTFA,"CAZALON, LAURENT",2FGA,Missed Two Pointer,0,-89,69,D,,,,39,02:00,74,66,
2007,RS,11,129,473,ULK,P000709,"ASIK, OMER FARUK",FTM,Free Throw In,1,-1,-1, ,,,,39,02:00,75,66,
2007,RS,11,129,474,ROA,PTFA,"CAZALON, LAURENT",3FGA,Missed Three Pointer,0,-697,133,F,,,,39,02:00,75,66,
2007,RS,11,129,476,ULK,PTHC,"WHITE, JAMES",2FGM,Two Pointer,2,-5,10,D,,,,39,02:00,77,66,
2007,RS,11,129,478,ROA,P000691,"HALE, RONALD",3FGAB,Missed Three Pointer,0,402,551,G,,,,39,02:00,77,66,
2007,RS,11,129,486,ULK,P000709,"ASIK, OMER FARUK",2FGM,Two Pointer,2,-56,51,D,,,,40,01:00,79,66,
2007,RS,11,129,487,ROA,P000691,"HALE, RONALD",3FGA,Missed Three Pointer,0,338,620,G,,,,40,01:00,79,66,
2007,RS,11,129,489,ULK,PARO,"ONAN, OMER",2FGA,Missed Two Pointer,0,361,382,B,,,,40,01:00,79,66,
2007,RS,11,129,491,ULK,P000709,"ASIK, OMER FARUK",2FGM,Two Pointer,2,5,20,C,,,,40,01:00,81,66,
2007,RS,11,129,492,ROA,PTFA,"CAZALON, LAURENT",3FGA,Missed Three Pointer,0,-556,600,J,,,,40,01:00,81,66,
2007,RS,11,129,494,ROA,PTEU,"SALYERS, MARC",2FGM,Two Pointer,2,-105,56,D,,,,40,01:00,81,68,
2007,RS,11,130,3,BAR,PBOD,"KASUN, MARIO",2FGM,Two Pointer,2,-197,-7,D,,,,1,10:00,2,0,
2007,RS,11,130,6,PAN,PACN,"TSARTSARIS, KOSTAS",FTM,Free Throw In,1,-1,-1, ,,,,1,10:00,2,1,
2007,RS,11,130,7,PAN,PACN,"TSARTSARIS, KOSTAS",FTM,Free Throw In,1,-1,-1, ,,,,1,10:00,2,2,
2007,RS,11,130,10,PAN,PACN,"TSARTSARIS, KOSTAS",3FGA,Missed Three Pointer,0,46,687,G,,,,2,09:00,2,2,
2007,RS,11,130,12,BAR,PATA,"LAKOVIC, JAKA",3FGM,Three Pointer,3,558,389,A,,,,2,09:00,5,2,
2007,RS,11,130,14,PAN,PTFY,"WINSTON, KENNEDY",2FGM,Two Pointer,2,17,10,C,,,,2,09:00,5,4,
2007,RS,11,130,17,BAR,PADS,"BASILE, GIANLUCA",2FGA,Missed Two Pointer,0,215,46,C,,,,2,09:00,5,4,
2007,RS,11,130,22,PAN,PAGG,"BECIROVIC, SANI",2FGA,Missed Two Pointer,0,-7,197,D,,,,3,08:00,5,4,
2007,RS,11,130,24,PAN,PAGG,"BECIROVIC, SANI",3FGA,Missed Three Pointer,0,-615,217,F,,,,3,08:00,5,4,
2007,RS,11,130,26,BAR,PLGC,"ACKER, ALEX",3FGA,Missed Three Pointer,0,-210,638,J,,,,3,08:00,5,4,
2007,RS,11,130,30,BAR,PAXC,"VAZQUEZ, FRAN",2FGM,Two Pointer,2,-7,-2,D,,,,4,07:00,7,4,
2007,RS,11,130,34,PAN,PTFY,"WINSTON, KENNEDY",2FGA,Missed Two Pointer,0,56,7,C,,,,4,07:00,7,4,
2007,RS,11,130,36,BAR,PADS,"BASILE, GIANLUCA",3FGA,Missed Three Pointer,0,-533,423,F,,,,4,07:00,7,4,
2007,RS,11,130,46,BAR,PADS,"BASILE, GIANLUCA",2FGM,Two Pointer,2,-341,438,I,,,,5,06:00,9,4,
2007,RS,11,130,50,PAN,PBXE,"ZIZIC, ANDRIJA",2FGA,Missed Two Pointer,0,10,164,C,,,,5,06:00,9,4,
2007,RS,11,130,52,PAN,PACN,"TSARTSARIS, KOSTAS",2FGA,Missed Two Pointer,0,30,20,C,,,,5,06:00,9,4,
2007,RS,11,130,55,PAN,PACN,"TSARTSARIS, KOSTAS",3FGM,Three Pointer,3,-648,79,F,,,,6,05:00,9,7,
2007,RS,11,130,57,BAR,PATA,"LAKOVIC, JAKA",2FGA,Missed Two Pointer,0,533,153,B,,,,6,05:00,9,7,
2007,RS,11,130,59,PAN,PADG,"JASIKEVICIUS, SARUNAS",3FGA,Missed Three Pointer,0,658,46,A,,,,6,05:00,9,7,
2007,RS,11,130,61,PAN,PACN,"TSARTSARIS, KOSTAS",2FGA,Missed Two Pointer,0,-12,15,D,,,,6,05:00,9,7,
2007,RS,11,130,65,PAN,PADG,"JASIKEVICIUS, SARUNAS",3FGA,Missed Three Pointer,0,615,297,A,,,,6,05:00,9,7,
2007,RS,11,130,68,BAR,PAXC,"VAZQUEZ, FRAN",2FGM,Two Pointer,2,-2,5,D,,,,7,04:00,11,7,
2007,RS,11,130,70,PAN,PTFY,"WINSTON, KENNEDY",2FGA,Missed Two Pointer,0,456,364,B,,,,7,04:00,11,7,
2007,RS,11,130,73,PAN,PACN,"TSARTSARIS, KOSTAS",3FGM,Three Pointer,3,58,664,G,,,,8,03:00,11,10,
2007,RS,11,130,75,BAR,PLGC,"ACKER, ALEX",2FGA,Missed Two Pointer,0,-105,79,D,,,,8,03:00,11,10,
2007,RS,11,130,77,BAR,PBOD,"KASUN, MARIO",2FGA,Missed Two Pointer,0,66,0,C,,,,8,03:00,11,10,
2007,RS,11,130,79,PAN,PJKO,"DIAMANTIDIS, DIMITRIS",3FGA,Missed Three Pointer,0,-200,643,J,,,,8,03:00,11,10,
2007,RS,11,130,88,PAN,PJKO,"DIAMANTIDIS, DIMITRIS",2FGM,Two Pointer,2,-28,28,D,,,,9,02:00,11,12,
2007,RS,11,130,90,BAR,PBOD,"KASUN, MARIO",2FGM,Two Pointer,2,5,110,C,,,,9,02:00,13,12,
2007,RS,11,130,97,PAN,PACN,"TSARTSARIS, KOSTAS",FTM,Free Throw In,1,-1,-1, ,,,,9,02:00,13,13,
2007,RS,11,130,101,BAR,PLGC,"ACKER, ALEX",2FGM,Two Pointer,2,7,158,C,,,,10,01:00,15,13,
2007,RS,11,130,103,PAN,PADG,"JASIKEVICIUS, SARUNAS",2FGA,Missed Two Pointer,0,12,158,C,,,,10,01:00,15,13,
2007,RS,11,130,105,PAN,PACN,"TSARTSARIS, KOSTAS",3FGM,Three Pointer,3,-489,435,J,,,,10,01:00,15,16,
2007,RS,11,130,107,BAR,PAZU,"SANCHEZ, PEPE",3FGA,Missed Three Pointer,0,658,58,A,,,,10,01:00,15,16,
2007,RS,11,130,112,PAN,PACN,"TSARTSARIS, KOSTAS",3FGA,Missed Three Pointer,0,-651,25,F,,,,11,10:00,15,16,
2007,RS,11,130,116,PAN,PTFY,"WINSTON, KENNEDY",2FGAB,Missed Two Pointer,0,-12,30,D,,,,11,10:00,15,16,
2007,RS,11,130,124,BAR,PAZU,"SANCHEZ, PEPE",2FGA,Missed Two Pointer,0,446,212,B,,,,11,10:00,15,16,
2007,RS,11,130,127,PAN,PAJV,"BATISTE, MICHAEL",2FGM,Two Pointer,2,7,7,C,,,,12,09:00,15,18,
2007,RS,11,130,130,PAN,PADG,"JASIKEVICIUS, SARUNAS",2FGA,Missed Two Pointer,0,-12,230,D,,,,12,09:00,15,18,
2007,RS,11,130,132,BAR,PBKE,"GRIMAU, ROGER",2FGM,Two Pointer,2,2,10,D,,,,12,09:00,17,18,
2007,RS,11,130,135,PAN,PAJV,"BATISTE, MICHAEL",2FGA,Missed Two Pointer,0,-317,407,E,,,,13,08:00,17,18,
2007,RS,11,130,137,PAN,PJUO,"SPANOULIS, VASSILIS",2FGA,Missed Two Pointer,0,387,356,B,,,,13,08:00,17,18,
2007,RS,11,130,144,BAR,PBKE,"GRIMAU, ROGER",2FGM,Two Pointer,2,2,2,D,,,,13,08:00,19,18,
2007,RS,11,130,149,BAR,PBKE,"GRIMAU, ROGER",2FGM,Two Pointer,2,7,17,C,,,,14,07:00,21,18,
2007,RS,11,130,154,BAR,PBKE,"GRIMAU, ROGER",FTM,Free Throw In,1,-1,-1, ,,,,14,07:00,22,18,
2007,RS,11,130,155,PAN,PJUO,"SPANOULIS, VASSILIS",3FGA,Missed Three Pointer,0,-297,594,J,,,,14,07:00,22,18,
2007,RS,11,130,157,BAR,PAHW,"MARCONATO, DENIS",2FGM,Two Pointer,2,323,141,B,,,,14,07:00,24,18,
2007,RS,11,130,164,PAN,PJUO,"SPANOULIS, VASSILIS",2FGA,Missed Two Pointer,0,-33,51,D,,,,15,06:00,24,18,
2007,RS,11,130,168,PAN,PTFY,"WINSTON, KENNEDY",2FGA,Missed Two Pointer,0,-500,333,E,,,,15,06:00,24,18,
2007,RS,11,130,173,PAN,PTFY,"WINSTON, KENNEDY",2FGA,Missed Two Pointer,0,-41,2,D,,,,16,05:00,24,18,
2007,RS,11,130,175,PAN,PAGG,"BECIROVIC, SANI",2FGA,Missed Two Pointer,0,28,35,C,,,,16,05:00,24,18,
2007,RS,11,130,177,BAR,PBKE,"GRIMAU, ROGER",3FGA,Missed Three Pointer,0,-435,525,J,,,,16,05:00,24,18,
2007,RS,11,130,179,BAR,PAZU,"SANCHEZ, PEPE",2FGA,Missed Two Pointer,0,279,343,B,,,,16,05:00,24,18,
2007,RS,11,130,186,BAR,PJKP,"ILYASOVA, ERSAN",2FGA,Missed Two Pointer,0,-523,66,E,,,,16,05:00,24,18,
2007,RS,11,130,188,PAN,PJKO,"DIAMANTIDIS, DIMITRIS",2FGA,Missed Two Pointer,0,84,128,C,,,,16,05:00,24,18,
2007,RS,11,130,192,PAN,PJUO,"SPANOULIS, VASSILIS",2FGA,Missed Two Pointer,0,38,20,C,,,,17,04:00,24,18,
2007,RS,11,130,196,BAR,PATA,"LAKOVIC, JAKA",3FGA,Missed Three Pointer,0,-664,2,F,,,,17,04:00,24,18,
2007,RS,11,130,199,PAN,PJKO,"DIAMANTIDIS, DIMITRIS",2FGA,Missed Two Pointer,0,79,66,C,,,,18,03:00,24,18,
2007,RS,11,130,201,BAR,PBKE,"GRIMAU, ROGER",2FGA,Missed Two Pointer,0,25,-5,C,,,,18,03:00,24,18,
2007,RS,11,130,205,BAR,PJJF,"TRIAS, JORDI",2FGM,Two Pointer,2,0,2,D,,,,18,03:00,26,18,
2007,RS,11,130,207,PAN,PAGG,"BECIROVIC, SANI",2FGA,Missed Two Pointer,0,-58,133,D,,,,18,03:00,26,18,
2007,RS,11,130,210,BAR,PATA,"LAKOVIC, JAKA",3FGM,Three Pointer,3,-430,558,J,,,,19,02:00,29,18,
2007,RS,11,130,216,PAN,PJKO,"DIAMANTIDIS, DIMITRIS",3FGM,Three Pointer,3,64,671,G,,,,19,02:00,29,21,
2007,RS,11,130,218,BAR,PJKP,"ILYASOVA, ERSAN",2FGA,Missed Two Pointer,0,-253,192,E,,,,19,02:00,29,21,
2007,RS,11,130,221,PAN,PJKO,"DIAMANTIDIS, DIMITRIS",2FGM,Two Pointer,2,-15,43,D,,,,20,01:00,29,23,
2007,RS,11,130,229,BAR,PADS,"BASILE, GIANLUCA",3FGA,Missed Three Pointer,0,479,479,G,,,,20,01:00,29,23,
2007,RS,11,130,241,BAR,PBKE,"GRIMAU, ROGER",2FGM,Two Pointer,2,-7,61,D,,,,20,01:00,31,23,
2007,RS,11,130,257,BAR,PAHW,"MARCONATO, DENIS",2FGA,Missed Two Pointer,0,228,441,H,,,,21,10:00,31,23,
2007,RS,11,130,260,PAN,PJKO,"DIAMANTIDIS, DIMITRIS",3FGA,Missed Three Pointer,0,-343,648,J,,,,22,09:00,31,23,
2007,RS,11,130,262,BAR,PBKE,"GRIMAU, ROGER",2FGM,Two Pointer,2,-182,64,D,,,,22,09:00,33,23,
2007,RS,11,130,263,PAN,PADG,"JASIKEVICIUS, SARUNAS",2FGM,Two Pointer,2,74,15,C,,,,22,09:00,33,25,
2007,RS,11,130,264,BAR,PADS,"BASILE, GIANLUCA",3FGA,Missed Three Pointer,0,20,689,G,,,,22,09:00,33,25,
2007,RS,11,130,267,PAN,PACN,"TSARTSARIS, KOSTAS",3FGM,Three Pointer,3,-182,648,J,,,,23,08:00,33,28,
2007,RS,11,130,269,BAR,PADS,"BASILE, GIANLUCA",3FGM,Three Pointer,3,-492,458,J,,,,23,08:00,36,28,
2007,RS,11,130,275,PAN,PJUO,"SPANOULIS, VASSILIS",FTM,Free Throw In,1,-1,-1, ,,,,23,08:00,36,29,
2007,RS,11,130,276,PAN,PJUO,"SPANOULIS, VASSILIS",FTM,Free Throw In,1,-1,-1, ,,,,23,08:00,36,30,
2007,RS,11,130,280,BAR,PBOD,"KASUN, MARIO",2FGM,Two Pointer,2,-302,302,E,,,,24,07:00,38,30,
2007,RS,11,130,283,PAN,PADG,"JASIKEVICIUS, SARUNAS",FTM,Free Throw In,1,-1,-1, ,,,,24,07:00,38,31,
2007,RS,11,130,284,PAN,PADG,"JASIKEVICIUS, SARUNAS",FTM,Free Throw In,1,-1,-1, ,,,,24,07:00,38,32,
2007,RS,11,130,285,BAR,PBKE,"GRIMAU, ROGER",3FGA,Missed Three Pointer,0,646,174,A,,,,24,07:00,38,32,
2007,RS,11,130,287,PAN,PBXE,"ZIZIC, ANDRIJA",2FGAB,Missed Two Pointer,0,153,23,C,,,,24,07:00,38,32,
2007,RS,11,130,293,PAN,PBXE,"ZIZIC, ANDRIJA",2FGA,Missed Two Pointer,0,-20,194,D,,,,25,06:00,38,32,
2007,RS,11,130,295,PAN,PACN,"TSARTSARIS, KOSTAS",3FGA,Missed Three Pointer,0,441,515,G,,,,25,06:00,38,32,
2007,RS,11,130,297,BAR,PADS,"BASILE, GIANLUCA",3FGA,Missed Three Pointer,0,523,533,G,,,,25,06:00,38,32,
2007,RS,11,130,307,PAN,PJUO,"SPANOULIS, VASSILIS",FTM,Free Throw In,1,-1,-1, ,,,,25,06:00,38,33,
2007,RS,11,130,313,PAN,PJUO,"SPANOULIS, VASSILIS",2FGM,Two Pointer,2,-5,5,D,,,,26,05:00,38,35,
2007,RS,11,130,315,BAR,PAHW,"MARCONATO, DENIS",2FGM,Two Pointer,2,7,0,C,,,,26,05:00,40,35,
2007,RS,11,130,318,PAN,PADG,"JASIKEVICIUS, SARUNAS",2FGA,Missed Two Pointer,0,-194,41,D,,,,27,04:00,40,35,
2007,RS,11,130,333,PAN,PBCS,"HATZIVRETTAS, NIKOS",FTM,Free Throw In,1,-1,-1, ,,,,27,04:00,40,36,
2007,RS,11,130,339,BAR,PLGC,"ACKER, ALEX",2FGA,Missed Two Pointer,0,189,46,C,,,,28,03:00,40,36,
2007,RS,11,130,341,PAN,PABB,"DIKOUDIS, DEMOS",3FGM,Three Pointer,3,30,692,G,,,,28,03:00,40,39,
2007,RS,11,130,343,BAR,PADS,"BASILE, GIANLUCA",2FGA,Missed Two Pointer,0,56,561,H,,,,28,03:00,40,39,
2007,RS,11,130,351,PAN,PAJV,"BATISTE, MICHAEL",FTM,Free Throw In,1,-1,-1, ,,,,29,02:00,40,40,
2007,RS,11,130,352,PAN,PAJV,"BATISTE, MICHAEL",FTM,Free Throw In,1,-1,-1, ,,,,29,02:00,40,41,
2007,RS,11,130,353,BAR,PLGC,"ACKER, ALEX",2FGA,Missed Two Pointer,0,-382,23,E,,,,29,02:00,40,41,
2007,RS,11,130,355,PAN,PAJV,"BATISTE, MICHAEL",2FGAB,Missed Two Pointer,0,33,35,C,,,,29,02:00,40,41,
2007,RS,11,130,359,PAN,PBCS,"HATZIVRETTAS, NIKOS",3FGM,Three Pointer,3,674,25,A,,,,29,02:00,40,44,
2007,RS,11,130,361,BAR,PATA,"LAKOVIC, JAKA",3FGA,Missed Three Pointer,0,-443,556,J,,,,29,02:00,40,44,
2007,RS,11,130,378,BAR,PLGC,"ACKER, ALEX",FTM,Free Throw In,1,-1,-1, ,,,,30,01:00,41,44,
2007,RS,11,130,379,BAR,PLGC,"ACKER, ALEX",FTM,Free Throw In,1,-1,-1, ,,,,30,01:00,42,44,
2007,RS,11,130,386,BAR,PADS,"BASILE, GIANLUCA",2FGM,Two Pointer,2,210,571,H,,,,30,01:00,44,44,
2007,RS,11,130,400,BAR,PAHW,"MARCONATO, DENIS",2FGA,Missed Two Pointer,0,330,38,B,,,,31,10:00,44,44,
2007,RS,11,130,404,PAN,PBXE,"ZIZIC, ANDRIJA",2FGA,Missed Two Pointer,0,-79,25,D,,,,31,10:00,44,44,
2007,RS,11,130,410,PAN,PBXE,"ZIZIC, ANDRIJA",2FGA,Missed Two Pointer,0,-166,58,D,,,,32,09:00,44,44,
2007,RS,11,130,416,BAR,PATA,"LAKOVIC, JAKA",FTM,Free Throw In,1,-1,-1, ,,,,32,09:00,45,44,
2007,RS,11,130,417,BAR,PATA,"LAKOVIC, JAKA",FTM,Free Throw In,1,-1,-1, ,,,,32,09:00,46,44,
2007,RS,11,130,418,BAR,PATA,"LAKOVIC, JAKA",FTM,Free Throw In,1,-1,-1, ,,,,32,09:00,47,44,
2007,RS,11,130,426,BAR,PAZU,"SANCHEZ, PEPE",2FGM,Two Pointer,2,-133,600,I,,,,33,08:00,49,44,
2007,RS,11,130,428,PAN,PJKO,"DIAMANTIDIS, DIMITRIS",3FGA,Missed Three Pointer,0,-338,743,J,,,,33,08:00,49,44,
2007,RS,11,130,431,BAR,PBKE,"GRIMAU, ROGER",2FGM,Two Pointer,2,17,192,C,,,,34,07:00,51,44,
2007,RS,11,130,439,PAN,PACN,"TSARTSARIS, KOSTAS",2FGM,Two Pointer,2,-5,110,D,,,,34,07:00,51,46,
2007,RS,11,130,447,BAR,PBKE,"GRIMAU, ROGER",3FGA,Missed Three Pointer,0,553,474,G,,,,34,07:00,51,46,
2007,RS,11,130,450,PAN,PBCS,"HATZIVRETTAS, NIKOS",3FGM,Three Pointer,3,-597,317,F,,,,35,06:00,51,49,
2007,RS,11,130,452,BAR,PAZU,"SANCHEZ, PEPE",3FGA,Missed Three Pointer,0,-566,392,F,,,,35,06:00,51,49,
2007,RS,11,130,459,PAN,PJUO,"SPANOULIS, VASSILIS",3FGA,Missed Three Pointer,0,-446,515,J,,,,35,06:00,51,49,
2007,RS,11,130,462,BAR,PAZU,"SANCHEZ, PEPE",2FGA,Missed Two Pointer,0,141,235,C,,,,36,05:00,51,49,
2007,RS,11,130,464,PAN,PACN,"TSARTSARIS, KOSTAS",3FGM,Three Pointer,3,-638,207,F,,,,36,05:00,51,52,
2007,RS,11,130,469,BAR,PBKE,"GRIMAU, ROGER",3FGM,Three Pointer,3,-520,453,J,,,,37,04:00,54,52,
2007,RS,11,130,471,PAN,PACN,"TSARTSARIS, KOSTAS",3FGA,Missed Three Pointer,0,-664,56,F,,,,37,04:00,54,52,
2007,RS,11,130,473,BAR,PATA,"LAKOVIC, JAKA",3FGA,Missed Three Pointer,0,-341,602,J,,,,37,04:00,54,52,
2007,RS,11,130,476,PAN,PJUO,"SPANOULIS, VASSILIS",2FGA,Missed Two Pointer,0,-58,66,D,,,,38,03:00,54,52,
2007,RS,11,130,478,BAR,PBKE,"GRIMAU, ROGER",3FGA,Missed Three Pointer,0,-192,641,J,,,,38,03:00,54,52,
2007,RS,11,130,483,BAR,PAHW,"MARCONATO, DENIS",2FGA,Missed Two Pointer,0,156,541,H,,,,39,02:00,54,52,
2007,RS,11,130,487,PAN,PJKO,"DIAMANTIDIS, DIMITRIS",2FGA,Missed Two Pointer,0,-35,151,D,,,,39,02:00,54,52,
2007,RS,11,130,489,BAR,PADS,"BASILE, GIANLUCA",3FGA,Missed Three Pointer,0,494,487,G,,,,39,02:00,54,52,
2007,RS,11,130,494,BAR,PATA,"LAKOVIC, JAKA",3FGA,Missed Three Pointer,0,502,451,G,,,,40,01:00,54,52,
2007,RS,11,130,496,PAN,PJUO,"SPANOULIS, VASSILIS",3FGM,Three Pointer,3,-323,579,J,,,,40,01:00,54,55,
2007,RS,11,130,502,PAN,PJKO,"DIAMANTIDIS, DIMITRIS",FTM,Free Throw In,1,-1,-1, ,,,,40,01:00,54,56,
2007,RS,11,130,505,BAR,PBKE,"GRIMAU, ROGER",FTM,Free Throw In,1,-1,-1, ,,,,40,01:00,55,56,
2007,RS,11,130,508,BAR,PATA,"LAKOVIC, JAKA",2FGAB,Missed Two Pointer,0,287,371,B,,,,40,01:00,55,56,
2007,RS,11,130,512,BAR,PADS,"BASILE, GIANLUCA",3FGA,Missed Three Pointer,0,-276,615,J,,,,40,01:00,55,56,
2007,RS,11,131,2,MAD,PCTN,"SMITH, CHARLES",3FGA,Missed Three Pointer,0,-328,571,J,,,,1,10:00,0,0,
2007,RS,11,131,5,PAR,PKNN,"PEKOVIC, NIKOLA",2FGAB,Missed Two Pointer,0,192,33,C,,,,1,10:00,0,0,
2007,RS,11,131,8,MAD,PARR,"TUNCERI, KEREM",2FGA,Missed Two Pointer,0,-294,512,I,,,,1,10:00,0,0,
2007,RS,11,131,13,MAD,PCTN,"SMITH, CHARLES",2FGM,Two Pointer,2,-194,115,D,,,,2,09:00,0,2,
2007,RS,11,131,17,MAD,PAFB,"SEKULIC, BLAGOTA",2FGM,Two Pointer,2,-292,38,E,,,,3,08:00,0,4,
2007,RS,11,131,18,PAR,PTGU,"PALACIO, MILT",3FGA,Missed Three Pointer,0,-310,582,J,,,,3,08:00,0,4,
2007,RS,11,131,20,MAD,PAFB,"SEKULIC, BLAGOTA",2FGA,Missed Two Pointer,0,-246,435,I,,,,3,08:00,0,4,
2007,RS,11,131,22,PAR,PJNL,"BOROVNJAK, DEJAN",2FGA,Missed Two Pointer,0,-433,64,E,,,,3,08:00,0,4,
2007,RS,11,131,25,MAD,PARR,"TUNCERI, KEREM",2FGA,Missed Two Pointer,0,-248,492,I,,,,4,07:00,0,4,
2007,RS,11,131,27,PAR,PTGU,"PALACIO, MILT",2FGM,Two Pointer,2,66,12,C,,,,4,07:00,2,4,
2007,RS,11,131,32,PAR,PTGU,"PALACIO, MILT",FTM,Free Throw In,1,-1,-1, ,,,,4,07:00,3,4,
2007,RS,11,131,33,MAD,PBFJ,"MUMBRU, ALEX",2FGM,Two Pointer,2,-69,164,D,,,,4,07:00,3,6,
2007,RS,11,131,34,PAR,PBFE,"KECMAN, DUSAN",2FGA,Missed Two Pointer,0,117,30,C,,,,4,07:00,3,6,
2007,RS,11,131,36,PAR,PBFE,"KECMAN, DUSAN",2FGA,Missed Two Pointer,0,64,10,C,,,,4,07:00,3,6,
2007,RS,11,131,40,PAR,PKNN,"PEKOVIC, NIKOLA",FTM,Free Throw In,1,-1,-1, ,,,,4,07:00,4,6,
2007,RS,11,131,41,PAR,PKNN,"PEKOVIC, NIKOLA",FTM,Free Throw In,1,-1,-1, ,,,,4,07:00,5,6,
2007,RS,11,131,43,MAD,PCTN,"SMITH, CHARLES",2FGA,Missed Two Pointer,0,402,53,B,,,,5,06:00,5,6,
2007,RS,11,131,47,PAR,PBFB,"TRIPKOVIC, UROS",3FGA,Missed Three Pointer,0,358,548,G,,,,5,06:00,5,6,
2007,RS,11,131,48,PAR,PBFB,"TRIPKOVIC, UROS",3FGA,Missed Three Pointer,0,402,512,G,,,,5,06:00,5,6,
2007,RS,11,131,54,MAD,PAFB,"SEKULIC, BLAGOTA",2FGM,Two Pointer,2,5,579,H,,,,6,05:00,5,8,
2007,RS,11,131,56,PAR,PBFB,"TRIPKOVIC, UROS",2FGM,Two Pointer,2,61,20,C,,,,6,05:00,7,8,
2007,RS,11,131,59,PAR,PBFB,"TRIPKOVIC, UROS",FTM,Free Throw In,1,-1,-1, ,,,,6,05:00,8,8,
2007,RS,11,131,60,MAD,PAPP,"PAPADOPOULOS, LAZAROS",2FGA,Missed Two Pointer,0,-148,161,D,,,,6,05:00,8,8,
2007,RS,11,131,62,MAD,PAFB,"SEKULIC, BLAGOTA",2FGM,Two Pointer,2,23,69,C,,,,6,05:00,8,10,
2007,RS,11,131,64,PAR,PTGU,"PALACIO, MILT",2FGA,Missed Two Pointer,0,-110,74,D,,,,7,04:00,8,10,
2007,RS,11,131,72,PAR,PKNN,"PEKOVIC, NIKOLA",FTM,Free Throw In,1,-1,-1, ,,,,7,04:00,9,10,
2007,RS,11,131,73,PAR,PKNN,"PEKOVIC, NIKOLA",FTM,Free Throw In,1,-1,-1, ,,,,7,04:00,10,10,
2007,RS,11,131,76,MAD,PCRF,"HERVELLE, AXEL",2FGA,Missed Two Pointer,0,-202,25,D,,,,7,04:00,10,10,
2007,RS,11,131,78,MAD,PCTN,"SMITH, CHARLES",2FGM,Two Pointer,2,-2,2,D,,,,7,04:00,10,12,
2007,RS,11,131,82,MAD,PARR,"TUNCERI, KEREM",2FGM,Two Pointer,2,-74,41,D,,,,8,03:00,10,14,
2007,RS,11,131,89,PAR,PBFE,"KECMAN, DUSAN",FTM,Free Throw In,1,-1,-1, ,,,,8,03:00,11,14,
2007,RS,11,131,92,MAD,PAPP,"PAPADOPOULOS, LAZAROS",2FGM,Two Pointer,2,0,84,D,,,,8,03:00,11,16,
2007,RS,11,131,95,PAR,PBXO,"VITKOVAC, CEDOMIR",2FGM,Two Pointer,2,64,7,C,,,,9,02:00,13,16,
2007,RS,11,131,96,MAD,PARR,"TUNCERI, KEREM",3FGM,Three Pointer,3,-187,674,J,,,,9,02:00,13,19,
2007,RS,11,131,97,PAR,PBXO,"VITKOVAC, CEDOMIR",2FGM,Two Pointer,2,76,15,C,,,,9,02:00,15,19,
2007,RS,11,131,99,MAD,PAPP,"PAPADOPOULOS, LAZAROS",2FGM,Two Pointer,2,-15,207,D,,,,10,01:00,15,21,
2007,RS,11,131,112,PAR,PLGH,"TEPIC, MILENKO",2FGM,Two Pointer,2,-84,48,D,,,,10,01:00,17,21,
2007,RS,11,131,115,PAR,PJNN,"VELICKOVIC, NOVICA",3FGA,Missed Three Pointer,0,-397,800,J,,,,10,01:00,17,21,
2007,RS,11,131,120,MAD,PAJO,"BULLOCK, LOUIS",2FGA,Missed Two Pointer,0,2,264,D,,,,11,10:00,17,21,
2007,RS,11,131,123,PAR,PBXO,"VITKOVAC, CEDOMIR",FTM,Free Throw In,1,-1,-1, ,,,,11,10:00,18,21,
2007,RS,11,131,124,PAR,PBXO,"VITKOVAC, CEDOMIR",FTM,Free Throw In,1,-1,-1, ,,,,11,10:00,19,21,
2007,RS,11,131,130,PAR,PJNN,"VELICKOVIC, NOVICA",FTM,Free Throw In,1,-1,-1, ,,,,11,10:00,20,21,
2007,RS,11,131,134,MAD,PAAX,"REYES, FELIPE",2FGA,Missed Two Pointer,0,-343,112,E,,,,12,09:00,20,21,
2007,RS,11,131,136,PAR,PJJY,"BOZIC, PETAR",3FGM,Three Pointer,3,-651,10,F,,,,12,09:00,23,21,
2007,RS,11,131,140,MAD,PACK,"PELEKANOS, MICHALIS",3FGA,Missed Three Pointer,0,-558,325,F,,,,12,09:00,23,21,
2007,RS,11,131,142,PAR,PBGJ,"VRANES, SLAVKO",2FGM,Two Pointer,2,-2,2,D,,,,12,09:00,25,21,
2007,RS,11,131,149,MAD,PAJO,"BULLOCK, LOUIS",2FGM,Two Pointer,2,584,12,B,,,,13,08:00,25,23,
2007,RS,11,131,153,MAD,PAAX,"REYES, FELIPE",2FGM,Two Pointer,2,66,33,C,,,,13,08:00,25,25,
2007,RS,11,131,162,PAR,PKNN,"PEKOVIC, NIKOLA",2FGA,Missed Two Pointer,0,-282,41,E,,,,14,07:00,25,25,
2007,RS,11,131,164,MAD,PCRF,"HERVELLE, AXEL",3FGA,Missed Three Pointer,0,-107,648,J,,,,14,07:00,25,25,
2007,RS,11,131,166,PAR,PTGU,"PALACIO, MILT",2FGA,Missed Two Pointer,0,-71,38,D,,,,14,07:00,25,25,
2007,RS,11,131,169,MAD,PAJO,"BULLOCK, LOUIS",3FGA,Missed Three Pointer,0,-335,564,J,,,,15,06:00,25,25,
2007,RS,11,131,171,PAR,PJNN,"VELICKOVIC, NOVICA",2FGM,Two Pointer,2,-64,30,D,,,,15,06:00,27,25,
2007,RS,11,131,176,MAD,PAAX,"REYES, FELIPE",FTM,Free Throw In,1,-1,-1, ,,,,15,06:00,27,26,
2007,RS,11,131,177,MAD,PAAX,"REYES, FELIPE",FTM,Free Throw In,1,-1,-1, ,,,,15,06:00,27,27,
2007,RS,11,131,185,MAD,PAIT,"LOPEZ, RAUL",2FGM,Two Pointer,2,110,576,H,,,,16,05:00,27,29,
2007,RS,11,131,189,PAR,PTHY,"MILOSEVIC, STRAHINJA",3FGA,Missed Three Pointer,0,410,533,G,,,,16,05:00,27,29,
2007,RS,11,131,191,MAD,PAAX,"REYES, FELIPE",2FGM,Two Pointer,2,-164,87,D,,,,16,05:00,27,31,
2007,RS,11,131,198,MAD,PAAX,"REYES, FELIPE",FTM,Free Throw In,1,-1,-1, ,,,,16,05:00,27,32,
2007,RS,11,131,200,PAR,PBFB,"TRIPKOVIC, UROS",2FGM,Two Pointer,2,-7,135,D,,,,17,04:00,29,32,
2007,RS,11,131,201,MAD,PACK,"PELEKANOS, MICHALIS",2FGM,Two Pointer,2,-2,258,D,,,,17,04:00,29,34,
2007,RS,11,131,208,PAR,PBFE,"KECMAN, DUSAN",3FGM,Three Pointer,3,356,543,G,,,,17,04:00,32,34,
2007,RS,11,131,215,MAD,PAPP,"PAPADOPOULOS, LAZAROS",FTM,Free Throw In,1,-1,-1, ,,,,17,04:00,32,35,
2007,RS,11,131,217,PAR,PBGJ,"VRANES, SLAVKO",2FGM,Two Pointer,2,61,12,C,,,,18,03:00,34,35,
2007,RS,11,131,221,PAR,PBGJ,"VRANES, SLAVKO",FTM,Free Throw In,1,-1,-1, ,,,,18,03:00,35,35,
2007,RS,11,131,222,MAD,PAIT,"LOPEZ, RAUL",2FGM,Two Pointer,2,220,41,C,,,,18,03:00,35,37,
2007,RS,11,131,223,PAR,PBFE,"KECMAN, DUSAN",3FGA,Missed Three Pointer,0,648,71,A,,,,18,03:00,35,37,
2007,RS,11,131,225,PAR,PBGJ,"VRANES, SLAVKO",2FGM,Two Pointer,2,61,10,C,,,,18,03:00,37,37,
2007,RS,11,131,227,MAD,PBFJ,"MUMBRU, ALEX",2FGM,Two Pointer,2,-76,171,D,,,,19,02:00,37,39,
2007,RS,11,131,228,PAR,PBFB,"TRIPKOVIC, UROS",2FGA,Missed Two Pointer,0,271,520,H,,,,19,02:00,37,39,
2007,RS,11,131,230,MAD,PCTN,"SMITH, CHARLES",3FGA,Missed Three Pointer,0,-633,110,F,,,,19,02:00,37,39,
2007,RS,11,131,232,PAR,PBFB,"TRIPKOVIC, UROS",3FGA,Missed Three Pointer,0,546,353,A,,,,19,02:00,37,39,
2007,RS,11,131,237,MAD,PBFJ,"MUMBRU, ALEX",FTM,Free Throw In,1,-1,-1, ,,,,20,01:00,37,40,
2007,RS,11,131,238,MAD,PBFJ,"MUMBRU, ALEX",FTM,Free Throw In,1,-1,-1, ,,,,20,01:00,37,41,
2007,RS,11,131,248,PAR,PTGU,"PALACIO, MILT",FTM,Free Throw In,1,-1,-1, ,,,,20,01:00,38,41,
2007,RS,11,131,249,MAD,PCTN,"SMITH, CHARLES",2FGA,Missed Two Pointer,0,387,130,B,,,,20,01:00,38,41,
2007,RS,11,131,251,PAR,PBXO,"VITKOVAC, CEDOMIR",3FGA,Missed Three Pointer,0,287,587,G,,,,20,01:00,38,41,
2007,RS,11,131,263,PAR,PTGU,"PALACIO, MILT",2FGA,Missed Two Pointer,0,487,220,B,,,,21,10:00,38,41,
2007,RS,11,131,270,MAD,PARR,"TUNCERI, KEREM",2FGA,Missed Two Pointer,0,169,528,H,,,,22,09:00,38,41,
2007,RS,11,131,272,PAR,PKNN,"PEKOVIC, NIKOLA",2FGA,Missed Two Pointer,0,110,25,C,,,,22,09:00,38,41,
2007,RS,11,131,276,PAR,PLGH,"TEPIC, MILENKO",3FGA,Missed Three Pointer,0,412,510,G,,,,22,09:00,38,41,
2007,RS,11,131,281,MAD,PCTN,"SMITH, CHARLES",3FGM,Three Pointer,3,-653,33,F,,,,23,08:00,38,44,
2007,RS,11,131,285,PAR,PBFE,"KECMAN, DUSAN",3FGM,Three Pointer,3,643,33,A,,,,23,08:00,41,44,
2007,RS,11,131,287,MAD,PCTN,"SMITH, CHARLES",2FGM,Two Pointer,2,76,23,C,,,,23,08:00,41,46,
2007,RS,11,131,290,PAR,PBFE,"KECMAN, DUSAN",3FGA,Missed Three Pointer,0,-610,217,F,,,,24,07:00,41,46,
2007,RS,11,131,296,MAD,PBFJ,"MUMBRU, ALEX",3FGM,Three Pointer,3,307,579,G,,,,24,07:00,41,49,
2007,RS,11,131,298,PAR,PBFE,"KECMAN, DUSAN",2FGM,Two Pointer,2,-92,20,D,,,,24,07:00,43,49,
2007,RS,11,131,301,MAD,PCTN,"SMITH, CHARLES",2FGA,Missed Two Pointer,0,0,438,I,,,,25,06:00,43,49,
2007,RS,11,131,307,PAR,PTGU,"PALACIO, MILT",FTM,Free Throw In,1,-1,-1, ,,,,25,06:00,44,49,
2007,RS,11,131,308,PAR,PTGU,"PALACIO, MILT",FTM,Free Throw In,1,-1,-1, ,,,,25,06:00,45,49,
2007,RS,11,131,309,MAD,PAPP,"PAPADOPOULOS, LAZAROS",2FGA,Missed Two Pointer,0,-107,435,I,,,,25,06:00,45,49,
2007,RS,11,131,314,MAD,PCTN,"SMITH, CHARLES",2FGAB,Missed Two Pointer,0,-71,53,D,,,,25,06:00,45,49,
2007,RS,11,131,317,PAR,PKNN,"PEKOVIC, NIKOLA",2FGM,Two Pointer,2,58,66,C,,,,25,06:00,47,49,
2007,RS,11,131,323,PAR,PTGU,"PALACIO, MILT",3FGA,Missed Three Pointer,0,64,656,G,,,,26,05:00,47,49,
2007,RS,11,131,327,PAR,PBXO,"VITKOVAC, CEDOMIR",FTM,Free Throw In,1,-1,-1, ,,,,26,05:00,48,49,
2007,RS,11,131,330,MAD,PAIT,"LOPEZ, RAUL",3FGM,Three Pointer,3,507,412,A,,,,26,05:00,48,52,
2007,RS,11,131,333,PAR,PTGU,"PALACIO, MILT",3FGA,Missed Three Pointer,0,-412,505,J,,,,27,04:00,48,52,
2007,RS,11,131,335,PAR,PBFE,"KECMAN, DUSAN",2FGM,Two Pointer,2,64,23,C,,,,27,04:00,50,52,
2007,RS,11,131,336,MAD,PAAX,"REYES, FELIPE",2FGM,Two Pointer,2,-20,343,D,,,,27,04:00,50,54,
2007,RS,11,131,352,MAD,PAAX,"REYES, FELIPE",2FGA,Missed Two Pointer,0,-46,151,D,,,,28,03:00,50,54,
2007,RS,11,131,354,MAD,PAPP,"PAPADOPOULOS, LAZAROS",2FGM,Two Pointer,2,-66,30,D,,,,28,03:00,50,56,
2007,RS,11,131,364,MAD,PAPP,"PAPADOPOULOS, LAZAROS",FTM,Free Throw In,1,-1,-1, ,,,,28,03:00,50,57,
2007,RS,11,131,365,PAR,PBXO,"VITKOVAC, CEDOMIR",3FGA,Missed Three Pointer,0,-23,653,J,,,,28,03:00,50,57,
2007,RS,11,131,369,PAR,PBFB,"TRIPKOVIC, UROS",3FGA,Missed Three Pointer,0,-635,120,F,,,,29,02:00,50,57,
2007,RS,11,131,371,MAD,PAPP,"PAPADOPOULOS, LAZAROS",2FGM,Two Pointer,2,187,23,C,,,,29,02:00,50,59,
2007,RS,11,131,377,PAR,PLGH,"TEPIC, MILENKO",3FGA,Missed Three Pointer,0,400,520,G,,,,30,01:00,50,59,
2007,RS,11,131,379,MAD,PAPP,"PAPADOPOULOS, LAZAROS",2FGM,Two Pointer,2,-48,146,D,,,,30,01:00,50,61,
2007,RS,11,131,380,PAR,PJNN,"VELICKOVIC, NOVICA",3FGM,Three Pointer,3,89,656,G,,,,30,01:00,53,61,
2007,RS,11,131,394,MAD,PAJO,"BULLOCK, LOUIS",3FGM,Three Pointer,3,-651,66,F,,,,31,10:00,53,64,
2007,RS,11,131,397,PAR,PJNN,"VELICKOVIC, NOVICA",2FGM,Two Pointer,2,64,30,C,,,,32,09:00,55,64,
2007,RS,11,131,398,MAD,PAJO,"BULLOCK, LOUIS",3FGA,Missed Three Pointer,0,-430,497,J,,,,32,09:00,55,64,
2007,RS,11,131,400,PAR,PTGU,"PALACIO, MILT",2FGM,Two Pointer,2,71,35,C,,,,32,09:00,57,64,
2007,RS,11,131,408,PAR,PJNN,"VELICKOVIC, NOVICA",3FGA,Missed Three Pointer,0,-643,79,F,,,,33,08:00,57,64,
2007,RS,11,131,413,PAR,PJNN,"VELICKOVIC, NOVICA",2FGAB,Missed Two Pointer,0,-17,130,D,,,,33,08:00,57,64,
2007,RS,11,131,419,MAD,PCRF,"HERVELLE, AXEL",FTM,Free Throw In,1,-1,-1, ,,,,33,08:00,57,65,
2007,RS,11,131,428,PAR,PTGU,"PALACIO, MILT",3FGM,Three Pointer,3,-405,507,J,,,,34,07:00,60,65,
2007,RS,11,131,433,MAD,PAAX,"REYES, FELIPE",2FGAB,Missed Two Pointer,0,153,30,C,,,,34,07:00,60,65,
2007,RS,11,131,437,MAD,PBFJ,"MUMBRU, ALEX",3FGM,Three Pointer,3,533,371,A,,,,34,07:00,60,68,
2007,RS,11,131,439,PAR,PLGH,"TEPIC, MILENKO",3FGM,Three Pointer,3,-576,300,F,,,,34,07:00,63,68,
2007,RS,11,131,442,PAR,PTGU,"PALACIO, MILT",2FGM,Two Pointer,2,0,12,D,,,,34,07:00,65,68,
2007,RS,11,131,445,MAD,PCTN,"SMITH, CHARLES",3FGA,Missed Three Pointer,0,515,400,A,,,,35,06:00,65,68,
2007,RS,11,131,447,PAR,PLGH,"TEPIC, MILENKO",3FGM,Three Pointer,3,607,243,A,,,,35,06:00,68,68,
2007,RS,11,131,456,MAD,PAAX,"REYES, FELIPE",2FGM,Two Pointer,2,-312,56,E,,,,36,05:00,68,70,
2007,RS,11,131,464,PAR,PBXO,"VITKOVAC, CEDOMIR",2FGA,Missed Two Pointer,0,325,179,B,,,,36,05:00,68,70,
2007,RS,11,131,469,PAR,PJNN,"VELICKOVIC, NOVICA",3FGA,Missed Three Pointer,0,597,258,A,,,,37,04:00,68,70,
2007,RS,11,131,476,MAD,PARR,"TUNCERI, KEREM",2FGA,Missed Two Pointer,0,-105,474,I,,,,38,03:00,68,70,
2007,RS,11,131,478,MAD,PAAX,"REYES, FELIPE",2FGM,Two Pointer,2,-61,23,D,,,,38,03:00,68,72,
2007,RS,11,131,479,PAR,PTGU,"PALACIO, MILT",3FGA,Missed Three Pointer,0,-428,492,J,,,,38,03:00,68,72,
2007,RS,11,131,481,MAD,PAAX,"REYES, FELIPE",2FGM,Two Pointer,2,-256,276,E,,,,38,03:00,68,74,
2007,RS,11,131,486,PAR,PTGU,"PALACIO, MILT",3FGA,Missed Three Pointer,0,264,602,G,,,,39,02:00,68,74,
2007,RS,11,131,488,PAR,PJNN,"VELICKOVIC, NOVICA",3FGA,Missed Three Pointer,0,-646,51,F,,,,39,02:00,68,74,
2007,RS,11,131,490,PAR,PLGH,"TEPIC, MILENKO",2FGM,Two Pointer,2,64,25,C,,,,39,02:00,70,74,
2007,RS,11,131,492,MAD,PBFJ,"MUMBRU, ALEX",2FGM,Two Pointer,2,-5,7,D,,,,40,01:00,70,76,
2007,RS,11,131,495,PAR,PBFB,"TRIPKOVIC, UROS",3FGA,Missed Three Pointer,0,646,38,A,,,,40,01:00,70,76,
2007,RS,11,131,499,MAD,PAIT,"LOPEZ, RAUL",FTM,Free Throw In,1,-1,-1, ,,,,40,01:00,70,77,
2007,RS,11,131,500,MAD,PAIT,"LOPEZ, RAUL",FTM,Free Throw In,1,-1,-1, ,,,,40,01:00,70,78,
2007,RS,11,131,503,PAR,PBFE,"KECMAN, DUSAN",3FGA,Missed Three Pointer,0,110,656,G,,,,40,01:00,70,78,
2007,RS,11,131,507,MAD,PARR,"TUNCERI, KEREM",FTM,Free Throw In,1,-1,-1, ,,,,40,01:00,70,79,
2007,RS,11,131,508,MAD,PARR,"TUNCERI, KEREM",FTM,Free Throw In,1,-1,-1, ,,,,40,01:00,70,80,
2007,RS,11,131,509,PAR,PBFE,"KECMAN, DUSAN",2FGM,Two Pointer,2,-58,23,D,,,,40,01:00,72,80,
2007,RS,11,132,4,BAM,PLPI,"FENN, DARREN",FTM,Free Throw In,1,-1,-1, ,,,,1,10:00,1,0,
2007,RS,11,132,5,BAM,PLPI,"FENN, DARREN",FTM,Free Throw In,1,-1,-1, ,,,,1,10:00,2,0,
2007,RS,11,132,7,ROM,PBWL,"LORBEK, ERAZEM",2FGA,Missed Two Pointer,0,-164,46,D,,,,1,10:00,2,0,
2007,RS,11,132,12,ROM,PTFR,"RAY, ALLAN",2FGA,Missed Two Pointer,0,64,30,C,,,,1,10:00,2,0,
2007,RS,11,132,14,BAM,PKOO,"GREENE, DEMOND",3FGA,Missed Three Pointer,0,-458,507,J,,,,1,10:00,2,0,
2007,RS,11,132,20,ROM,PKXO,"GIACHETTI, JACOPO",FTM,Free Throw In,1,-1,-1, ,,,,2,09:00,2,1,
2007,RS,11,132,21,BAM,PJSS,"HAMANN, STEFFEN",2FGA,Missed Two Pointer,0,-2,274,D,,,,2,09:00,2,1,
2007,RS,11,132,23,ROM,PBWL,"LORBEK, ERAZEM",2FGA,Missed Two Pointer,0,146,376,C,,,,2,09:00,2,1,
2007,RS,11,132,27,ROM,PJKN,"GABINI, ROBERTO",2FGA,Missed Two Pointer,0,-64,184,D,,,,3,08:00,2,1,
2007,RS,11,132,30,ROM,PBWL,"LORBEK, ERAZEM",3FGA,Missed Three Pointer,0,525,428,G,,,,3,08:00,2,1,
2007,RS,11,132,34,ROM,PTFR,"RAY, ALLAN",3FGM,Three Pointer,3,538,448,G,,,,4,07:00,2,4,
2007,RS,11,132,38,ROM,PTFR,"RAY, ALLAN",3FGM,Three Pointer,3,-435,525,J,,,,4,07:00,2,7,
2007,RS,11,132,42,BAM,PJSR,"ENSMINGER, CHRIS",2FGM,Two Pointer,2,66,92,C,,,,4,07:00,4,7,
2007,RS,11,132,48,ROM,PTFR,"RAY, ALLAN",3FGA,Missed Three Pointer,0,-58,666,J,,,,5,06:00,4,7,
2007,RS,11,132,50,ROM,PBWL,"LORBEK, ERAZEM",2FGM,Two Pointer,2,-35,0,D,,,,5,06:00,4,9,
2007,RS,11,132,51,BAM,PARF,"DEMIREL, MITHAT",2FGM,Two Pointer,2,61,207,C,,,,5,06:00,6,9,
2007,RS,11,132,63,BAM,PLPI,"FENN, DARREN",3FGM,Three Pointer,3,-674,-12,F,,,,7,04:00,9,9,
2007,RS,11,132,65,ROM,PTFR,"RAY, ALLAN",3FGA,Missed Three Pointer,0,69,671,G,,,,7,04:00,9,9,
2007,RS,11,132,71,ROM,PJKN,"GABINI, ROBERTO",3FGM,Three Pointer,3,676,48,A,,,,7,04:00,9,12,
2007,RS,11,132,74,BAM,PARF,"DEMIREL, MITHAT",2FGAB,Missed Two Pointer,0,41,48,C,,,,7,04:00,9,12,
2007,RS,11,132,81,ROM,PTFR,"RAY, ALLAN",2FGA,Missed Two Pointer,0,200,412,B,,,,8,03:00,9,12,
2007,RS,11,132,83,BAM,PJSS,"HAMANN, STEFFEN",2FGA,Missed Two Pointer,0,-571,30,E,,,,8,03:00,9,12,
2007,RS,11,132,85,ROM,PCJA,"UKIC, ROKO-LENI",3FGA,Missed Three Pointer,0,-176,641,J,,,,8,03:00,9,12,
2007,RS,11,132,97,BAM,PCTI,"FFRIEND, KIMANI",2FGM,Two Pointer,2,69,30,C,,,,8,03:00,11,12,
2007,RS,11,132,99,ROM,PCJA,"UKIC, ROKO-LENI",2FGM,Two Pointer,2,-28,64,D,,,,9,02:00,11,14,
2007,RS,11,132,100,BAM,PASB,"OKULAJA, ADEMOLA",2FGA,Missed Two Pointer,0,-48,33,D,,,,9,02:00,11,14,
2007,RS,11,132,102,ROM,PCCI,"TONOLLI, ALESSANDRO",3FGA,Missed Three Pointer,0,697,-30,A,,,,9,02:00,11,14,
2007,RS,11,132,107,ROM,PBWL,"LORBEK, ERAZEM",FTM,Free Throw In,1,-1,-1, ,,,,9,02:00,11,15,
2007,RS,11,132,108,ROM,PBWL,"LORBEK, ERAZEM",FTM,Free Throw In,1,-1,-1, ,,,,9,02:00,11,16,
2007,RS,11,132,109,ROM,PADP,"FUCKA, GREGOR",3FGA,Missed Three Pointer,0,448,551,G,,,,9,02:00,11,16,
2007,RS,11,132,117,ROM,PKZA,"HAWKINS, DAVID",2FGM,Two Pointer,2,48,333,C,,,,11,10:00,11,18,
2007,RS,11,132,120,BAM,PBOF,"GARRETT, ROBERT",FTM,Free Throw In,1,-1,-1, ,,,,11,10:00,12,18,
2007,RS,11,132,122,ROM,PADB,"DE LA FUENTE, RODRIGO",2FGA,Missed Two Pointer,0,-92,25,D,,,,11,10:00,12,18,
2007,RS,11,132,125,ROM,PCJA,"UKIC, ROKO-LENI",2FGM,Two Pointer,2,66,25,C,,,,11,10:00,12,20,
2007,RS,11,132,133,BAM,PLPK,"OHLBRECHT, TIM",FTM,Free Throw In,1,-1,-1, ,,,,12,09:00,13,20,
2007,RS,11,132,134,BAM,PLPK,"OHLBRECHT, TIM",FTM,Free Throw In,1,-1,-1, ,,,,12,09:00,14,20,
2007,RS,11,132,135,ROM,PADP,"FUCKA, GREGOR",2FGM,Two Pointer,2,-64,33,D,,,,12,09:00,14,22,
2007,RS,11,132,136,BAM,PBOF,"GARRETT, ROBERT",3FGM,Three Pointer,3,658,97,A,,,,12,09:00,17,22,
2007,RS,11,132,138,ROM,PCJA,"UKIC, ROKO-LENI",3FGA,Missed Three Pointer,0,148,666,G,,,,12,09:00,17,22,
2007,RS,11,132,140,BAM,PBOF,"GARRETT, ROBERT",3FGA,Missed Three Pointer,0,538,384,A,,,,12,09:00,17,22,
2007,RS,11,132,142,ROM,PKZA,"HAWKINS, DAVID",2FGA,Missed Two Pointer,0,-133,38,D,,,,12,09:00,17,22,
2007,RS,11,132,154,BAM,PBOF,"GARRETT, ROBERT",FTM,Free Throw In,1,-1,-1, ,,,,14,07:00,18,22,
2007,RS,11,132,155,ROM,PBWL,"LORBEK, ERAZEM",3FGA,Missed Three Pointer,0,651,174,A,,,,14,07:00,18,22,
2007,RS,11,132,165,BAM,PBOF,"GARRETT, ROBERT",FTM,Free Throw In,1,-1,-1, ,,,,14,07:00,19,22,
2007,RS,11,132,173,ROM,PKZA,"HAWKINS, DAVID",3FGM,Three Pointer,3,369,594,G,,,,14,07:00,19,25,
2007,RS,11,132,176,BAM,PBOF,"GARRETT, ROBERT",2FGM,Two Pointer,2,-66,5,D,,,,15,06:00,21,25,
2007,RS,11,132,183,BAM,PASB,"OKULAJA, ADEMOLA",2FGA,Missed Two Pointer,0,23,43,C,,,,15,06:00,21,25,
2007,RS,11,132,189,BAM,PLPI,"FENN, DARREN",2FGA,Missed Two Pointer,0,546,30,B,,,,16,05:00,21,25,
2007,RS,11,132,195,ROM,PTFR,"RAY, ALLAN",3FGA,Missed Three Pointer,0,0,710,J,,,,16,05:00,21,25,
2007,RS,11,132,205,BAM,PARF,"DEMIREL, MITHAT",FTM,Free Throw In,1,-1,-1, ,,,,17,04:00,22,25,
2007,RS,11,132,208,ROM,PKZA,"HAWKINS, DAVID",2FGA,Missed Two Pointer,0,458,266,B,,,,17,04:00,22,25,
2007,RS,11,132,210,BAM,PASB,"OKULAJA, ADEMOLA",3FGA,Missed Three Pointer,0,-546,397,F,,,,17,04:00,22,25,
2007,RS,11,132,221,ROM,PBWL,"LORBEK, ERAZEM",FTM,Free Throw In,1,-1,-1, ,,,,18,03:00,22,26,
2007,RS,11,132,228,ROM,PBWL,"LORBEK, ERAZEM",3FGM,Three Pointer,3,310,658,G,,,,18,03:00,22,29,
2007,RS,11,132,233,BAM,PLPI,"FENN, DARREN",FTM,Free Throw In,1,-1,-1, ,,,,19,02:00,23,29,
2007,RS,11,132,234,BAM,PLPI,"FENN, DARREN",FTM,Free Throw In,1,-1,-1, ,,,,19,02:00,24,29,
2007,RS,11,132,236,BAM,PASB,"OKULAJA, ADEMOLA",2FGM,Two Pointer,2,-130,310,D,,,,19,02:00,26,29,
2007,RS,11,132,242,ROM,PKZA,"HAWKINS, DAVID",FTM,Free Throw In,1,-1,-1, ,,,,20,01:00,26,30,
2007,RS,11,132,245,BAM,PBOF,"GARRETT, ROBERT",2FGA,Missed Two Pointer,0,435,346,B,,,,20,01:00,26,30,
2007,RS,11,132,252,ROM,PCJA,"UKIC, ROKO-LENI",FTM,Free Throw In,1,-1,-1, ,,,,20,01:00,26,31,
2007,RS,11,132,253,ROM,PCJA,"UKIC, ROKO-LENI",FTM,Free Throw In,1,-1,-1, ,,,,20,01:00,26,32,
2007,RS,11,132,254,BAM,PARF,"DEMIREL, MITHAT",3FGA,Missed Three Pointer,0,666,1210,G,,,,20,01:00,26,32,
2007,RS,11,132,259,BAM,PARF,"DEMIREL, MITHAT",2FGAB,Missed Two Pointer,0,51,30,C,,,,21,10:00,26,32,
2007,RS,11,132,261,ROM,PCJA,"UKIC, ROKO-LENI",2FGAB,Missed Two Pointer,0,-82,535,I,,,,21,10:00,26,32,
2007,RS,11,132,276,BAM,PLPI,"FENN, DARREN",3FGA,Missed Three Pointer,0,258,648,G,,,,21,10:00,26,32,
2007,RS,11,132,278,ROM,PBWL,"LORBEK, ERAZEM",2FGA,Missed Two Pointer,0,15,297,C,,,,21,10:00,26,32,
2007,RS,11,132,280,BAM,PJSS,"HAMANN, STEFFEN",2FGAB,Missed Two Pointer,0,-61,74,D,,,,21,10:00,26,32,
2007,RS,11,132,284,ROM,PTFR,"RAY, ALLAN",2FGA,Missed Two Pointer,0,-64,35,D,,,,21,10:00,26,32,
2007,RS,11,132,286,BAM,PLPI,"FENN, DARREN",2FGA,Missed Two Pointer,0,-66,30,D,,,,21,10:00,26,32,
2007,RS,11,132,288,BAM,PASB,"OKULAJA, ADEMOLA",2FGM,Two Pointer,2,43,28,C,,,,21,10:00,28,32,
2007,RS,11,132,289,ROM,PKZA,"HAWKINS, DAVID",3FGM,Three Pointer,3,658,74,A,,,,21,10:00,28,35,
2007,RS,11,132,294,ROM,PKZA,"HAWKINS, DAVID",3FGA,Missed Three Pointer,0,435,512,G,,,,23,08:00,28,35,
2007,RS,11,132,296,BAM,PASB,"OKULAJA, ADEMOLA",3FGM,Three Pointer,3,-653,20,F,,,,23,08:00,31,35,
2007,RS,11,132,298,ROM,PBWL,"LORBEK, ERAZEM",2FGM,Two Pointer,2,223,138,C,,,,23,08:00,31,37,
2007,RS,11,132,299,BAM,PLPI,"FENN, DARREN",2FGA,Missed Two Pointer,0,94,23,C,,,,23,08:00,31,37,
2007,RS,11,132,304,BAM,PJSS,"HAMANN, STEFFEN",2FGM,Two Pointer,2,-35,20,D,,,,23,08:00,33,37,
2007,RS,11,132,318,ROM,PBWL,"LORBEK, ERAZEM",2FGM,Two Pointer,2,-53,79,D,,,,25,06:00,33,39,
2007,RS,11,132,320,BAM,PKOO,"GREENE, DEMOND",3FGM,Three Pointer,3,-333,666,J,,,,25,06:00,36,39,
2007,RS,11,132,321,ROM,PTFR,"RAY, ALLAN",3FGM,Three Pointer,3,220,633,G,,,,25,06:00,36,42,
2007,RS,11,132,323,BAM,PKOO,"GREENE, DEMOND",2FGA,Missed Two Pointer,0,58,66,C,,,,25,06:00,36,42,
2007,RS,11,132,326,ROM,PKZA,"HAWKINS, DAVID",2FGM,Two Pointer,2,-46,28,D,,,,26,05:00,36,44,
2007,RS,11,132,334,ROM,PBWL,"LORBEK, ERAZEM",3FGA,Missed Three Pointer,0,-425,512,J,,,,27,04:00,36,44,
2007,RS,11,132,336,BAM,PARF,"DEMIREL, MITHAT",3FGA,Missed Three Pointer,0,238,679,G,,,,27,04:00,36,44,
2007,RS,11,132,338,ROM,PKZA,"HAWKINS, DAVID",2FGA,Missed Two Pointer,0,-48,38,D,,,,27,04:00,36,44,
2007,RS,11,132,340,ROM,PKZA,"HAWKINS, DAVID",2FGA,Missed Two Pointer,0,41,12,C,,,,27,04:00,36,44,
2007,RS,11,132,344,BAM,PKOO,"GREENE, DEMOND",3FGA,Missed Three Pointer,0,594,397,A,,,,27,04:00,36,44,
2007,RS,11,132,347,ROM,PJKN,"GABINI, ROBERTO",3FGA,Missed Three Pointer,0,-117,653,J,,,,28,03:00,36,44,
2007,RS,11,132,349,ROM,PTFR,"RAY, ALLAN",2FGM,Two Pointer,2,-346,466,I,,,,28,03:00,36,46,
2007,RS,11,132,357,ROM,PKZA,"HAWKINS, DAVID",FTM,Free Throw In,1,-1,-1, ,,,,29,02:00,36,47,
2007,RS,11,132,358,ROM,PKZA,"HAWKINS, DAVID",FTM,Free Throw In,1,-1,-1, ,,,,29,02:00,36,48,
2007,RS,11,132,359,BAM,PARF,"DEMIREL, MITHAT",2FGA,Missed Two Pointer,0,317,400,B,,,,29,02:00,36,48,
2007,RS,11,132,368,ROM,PBWL,"LORBEK, ERAZEM",2FGM,Two Pointer,2,-176,15,D,,,,30,01:00,36,50,
2007,RS,11,132,370,BAM,PLKE,"DICKEL, MARK",3FGM,Three Pointer,3,528,469,G,,,,30,01:00,39,50,
2007,RS,11,132,376,ROM,PCJA,"UKIC, ROKO-LENI",3FGM,Three Pointer,3,664,58,A,,,,31,10:00,39,53,
2007,RS,11,132,378,BAM,PASB,"OKULAJA, ADEMOLA",3FGM,Three Pointer,3,-664,38,F,,,,31,10:00,42,53,
2007,RS,11,132,380,ROM,PTFR,"RAY, ALLAN",3FGA,Missed Three Pointer,0,235,610,G,,,,31,10:00,42,53,
2007,RS,11,132,389,ROM,PTFR,"RAY, ALLAN",FTM,Free Throw In,1,-1,-1, ,,,,31,10:00,42,54,
2007,RS,11,132,390,ROM,PTFR,"RAY, ALLAN",FTM,Free Throw In,1,-1,-1, ,,,,31,10:00,42,55,
2007,RS,11,132,394,ROM,PCJA,"UKIC, ROKO-LENI",2FGM,Two Pointer,2,46,23,C,,,,32,09:00,42,57,
2007,RS,11,132,402,BAM,PJJZ,"SUPUT, PREDRAG",FTM,Free Throw In,1,-1,-1, ,,,,32,09:00,43,57,
2007,RS,11,132,403,ROM,PBWL,"LORBEK, ERAZEM",2FGA,Missed Two Pointer,0,38,30,C,,,,32,09:00,43,57,
2007,RS,11,132,405,ROM,PBWL,"LORBEK, ERAZEM",2FGM,Two Pointer,2,5,84,C,,,,32,09:00,43,59,
2007,RS,11,132,411,BAM,PJJZ,"SUPUT, PREDRAG",FTM,Free Throw In,1,-1,-1, ,,,,33,08:00,44,59,
2007,RS,11,132,412,BAM,PJJZ,"SUPUT, PREDRAG",FTM,Free Throw In,1,-1,-1, ,,,,33,08:00,45,59,
2007,RS,11,132,413,ROM,PADP,"FUCKA, GREGOR",2FGM,Two Pointer,2,7,71,C,,,,33,08:00,45,61,
2007,RS,11,132,421,BAM,PASB,"OKULAJA, ADEMOLA",3FGA,Missed Three Pointer,0,25,725,G,,,,33,08:00,45,61,
2007,RS,11,132,423,BAM,PJJZ,"SUPUT, PREDRAG",2FGM,Two Pointer,2,-58,28,D,,,,33,08:00,47,61,
2007,RS,11,132,425,ROM,PKXO,"GIACHETTI, JACOPO",2FGA,Missed Two Pointer,0,-89,289,D,,,,33,08:00,47,61,
2007,RS,11,132,429,BAM,PBOF,"GARRETT, ROBERT",3FGM,Three Pointer,3,-676,-33,F,,,,34,07:00,50,61,
2007,RS,11,132,431,ROM,PADB,"DE LA FUENTE, RODRIGO",3FGA,Missed Three Pointer,0,-479,579,J,,,,34,07:00,50,61,
2007,RS,11,132,433,BAM,PASB,"OKULAJA, ADEMOLA",2FGA,Missed Two Pointer,0,-71,10,D,,,,34,07:00,50,61,
2007,RS,11,132,435,ROM,PADP,"FUCKA, GREGOR",2FGM,Two Pointer,2,0,128,D,,,,34,07:00,50,63,
2007,RS,11,132,441,ROM,PTFR,"RAY, ALLAN",3FGA,Missed Three Pointer,0,-484,520,J,,,,36,05:00,50,63,
2007,RS,11,132,445,BAM,PASB,"OKULAJA, ADEMOLA",2FGM,Two Pointer,2,-5,15,D,,,,36,05:00,52,63,
2007,RS,11,132,449,BAM,PASB,"OKULAJA, ADEMOLA",FTM,Free Throw In,1,-1,-1, ,,,,36,05:00,53,63,
2007,RS,11,132,450,ROM,PADP,"FUCKA, GREGOR",2FGM,Two Pointer,2,7,100,C,,,,36,05:00,53,65,
2007,RS,11,132,454,ROM,PCJA,"UKIC, ROKO-LENI",3FGA,Missed Three Pointer,0,-515,446,J,,,,36,05:00,53,65,
2007,RS,11,132,462,ROM,PADP,"FUCKA, GREGOR",2FGAB,Missed Two Pointer,0,-53,28,D,,,,37,04:00,53,65,
2007,RS,11,132,472,BAM,PJJZ,"SUPUT, PREDRAG",3FGA,Missed Three Pointer,0,656,84,A,,,,37,04:00,53,65,
2007,RS,11,132,474,BAM,PLPK,"OHLBRECHT, TIM",FTM,Free Throw In,1,-1,-1, ,,,,37,04:00,54,65,
2007,RS,11,132,475,BAM,PASB,"OKULAJA, ADEMOLA",2FGA,Missed Two Pointer,0,-35,84,D,,,,37,04:00,54,65,
2007,RS,11,132,485,ROM,PCJA,"UKIC, ROKO-LENI",FTM,Free Throw In,1,-1,-1, ,,,,38,03:00,54,66,
2007,RS,11,132,490,BAM,PJJZ,"SUPUT, PREDRAG",2FGA,Missed Two Pointer,0,566,128,B,,,,39,02:00,54,66,
2007,RS,11,132,491,ROM,PTFR,"RAY, ALLAN",2FGM,Two Pointer,2,-107,-5,D,,,,39,02:00,54,68,
2007,RS,11,132,495,BAM,PBOF,"GARRETT, ROBERT",FTM,Free Throw In,1,-1,-1, ,,,,39,02:00,55,68,
2007,RS,11,132,502,ROM,PADP,"FUCKA, GREGOR",FTM,Free Throw In,1,-1,-1, ,,,,39,02:00,55,69,
2007,RS,11,132,508,ROM,PKZA,"HAWKINS, DAVID",FTM,Free Throw In,1,-1,-1, ,,,,40,01:00,55,70,
2007,RS,11,132,509,ROM,PKZA,"HAWKINS, DAVID",FTM,Free Throw In,1,-1,-1, ,,,,40,01:00,55,71,
2007,RS,11,132,510,BAM,PJSE,"PAVIC, IVAN",2FGM,Two Pointer,2,-58,30,D,,,,40,01:00,57,71,
2007,RS,11,132,512,ROM,PJKN,"GABINI, ROBERTO",3FGA,Missed Three Pointer,0,-574,353,F,,,,40,01:00,57,71,
2007,RS,11,132,516,BAM,PBOF,"GARRETT, ROBERT",FTM,Free Throw In,1,-1,-1, ,,,,40,01:00,58,71,
2007,RS,11,132,517,BAM,PBOF,"GARRETT, ROBERT",FTM,Free Throw In,1,-1,-1, ,,,,40,01:00,59,71,
2007,RS,11,132,518,ROM,PADP,"FUCKA, GREGOR",2FGM,Two Pointer,2,25,48,C,,,,40,01:00,59,73,
2007,RS,11,132,520,BAM,PJSE,"PAVIC, IVAN",2FGA,Missed Two Pointer,0,-71,46,D,,,,40,01:00,59,73,
2007,RS,12,133,2,SOP,PASG,"VAN DEN SPIEGEL, TOMAS",2FGA,Missed Two Pointer,0,135,53,C,,,,1,10:00,0,0,
2007,RS,12,133,4,OLY,P000126,"JACKSON, MARC",3FGA,Missed Three Pointer,0,-48,694,J,,,,1,10:00,0,0,
2007,RS,12,133,6,SOP,PACX,"MASIULIS, TOMAS",3FGA,Missed Three Pointer,0,-441,510,J,,,,1,10:00,0,0,
2007,RS,12,133,8,OLY,PJDR,"TEODOSIC, MILOS",2FGM,Two Pointer,2,366,264,B,,,,1,10:00,0,2,
2007,RS,12,133,10,SOP,PACX,"MASIULIS, TOMAS",2FGA,Missed Two Pointer,0,135,125,C,,,,2,09:00,0,2,
2007,RS,12,133,12,OLY,P000126,"JACKSON, MARC",2FGA,Missed Two Pointer,0,82,110,C,,,,2,09:00,0,2,
2007,RS,12,133,14,SOP,PCLQ,"DYLEWICZ, FILIP",2FGM,Two Pointer,2,0,97,D,,,,2,09:00,2,2,
2007,RS,12,133,17,OLY,P000126,"JACKSON, MARC",FTM,Free Throw In,1,-1,-1, ,,,,2,09:00,2,3,
2007,RS,12,133,18,OLY,P000126,"JACKSON, MARC",FTM,Free Throw In,1,-1,-1, ,,,,2,09:00,2,4,
2007,RS,12,133,20,SOP,PACY,"SLANINA, DONATAS",3FGA,Missed Three Pointer,0,500,510,G,,,,3,08:00,2,4,
2007,RS,12,133,26,SOP,PCLQ,"DYLEWICZ, FILIP",3FGA,Missed Three Pointer,0,610,297,A,,,,3,08:00,2,4,
2007,RS,12,133,28,SOP,PASG,"VAN DEN SPIEGEL, TOMAS",2FGM,Two Pointer,2,-7,2,D,,,,3,08:00,4,4,
2007,RS,12,133,30,OLY,P000126,"JACKSON, MARC",2FGM,Two Pointer,2,-366,407,E,,,,4,07:00,4,6,
2007,RS,12,133,33,OLY,PTFV,"WOODS, QYNTEL",3FGA,Missed Three Pointer,0,-438,558,J,,,,4,07:00,4,6,
2007,RS,12,133,37,OLY,PJDR,"TEODOSIC, MILOS",2FGA,Missed Two Pointer,0,117,143,C,,,,5,06:00,4,6,
2007,RS,12,133,39,OLY,PAQU,"BOUROUSIS, IOANNIS",3FGA,Missed Three Pointer,0,346,610,G,,,,5,06:00,4,6,
2007,RS,12,133,42,OLY,PAQU,"BOUROUSIS, IOANNIS",2FGA,Missed Two Pointer,0,-89,169,D,,,,5,06:00,4,6,
2007,RS,12,133,44,OLY,P000126,"JACKSON, MARC",2FGM,Two Pointer,2,51,41,C,,,,5,06:00,4,8,
2007,RS,12,133,45,SOP,PASG,"VAN DEN SPIEGEL, TOMAS",2FGM,Two Pointer,2,-51,100,D,,,,5,06:00,6,8,
2007,RS,12,133,47,OLY,P000126,"JACKSON, MARC",2FGAB,Missed Two Pointer,0,-258,387,E,,,,6,05:00,6,8,
2007,RS,12,133,51,OLY,PAQU,"BOUROUSIS, IOANNIS",2FGM,Two Pointer,2,-58,28,D,,,,6,05:00,6,10,
2007,RS,12,133,52,SOP,PACY,"SLANINA, DONATAS",3FGA,Missed Three Pointer,0,305,658,G,,,,6,05:00,6,10,
2007,RS,12,133,54,SOP,PACY,"SLANINA, DONATAS",3FGM,Three Pointer,3,279,623,G,,,,6,05:00,9,10,
2007,RS,12,133,63,OLY,P000126,"JACKSON, MARC",2FGM,Two Pointer,2,251,323,B,,,,7,04:00,9,12,
2007,RS,12,133,65,SOP,P000713,"MILICIC, IGOR",3FGA,Missed Three Pointer,0,330,623,G,,,,7,04:00,9,12,
2007,RS,12,133,67,OLY,PTFV,"WOODS, QYNTEL",2FGA,Missed Two Pointer,0,-138,146,D,,,,7,04:00,9,12,
2007,RS,12,133,69,SOP,PABC,"GUROVIC, MILAN",2FGA,Missed Two Pointer,0,-97,130,D,,,,7,04:00,9,12,
2007,RS,12,133,72,OLY,PAQU,"BOUROUSIS, IOANNIS",2FGM,Two Pointer,2,-41,94,D,,,,8,03:00,9,14,
2007,RS,12,133,74,SOP,PABC,"GUROVIC, MILAN",2FGA,Missed Two Pointer,0,-61,30,D,,,,8,03:00,9,14,
2007,RS,12,133,76,OLY,PJDR,"TEODOSIC, MILOS",2FGA,Missed Two Pointer,0,-2,164,D,,,,8,03:00,9,14,
2007,RS,12,133,87,SOP,PASG,"VAN DEN SPIEGEL, TOMAS",FTM,Free Throw In,1,-1,-1, ,,,,9,02:00,10,14,
2007,RS,12,133,88,SOP,PASG,"VAN DEN SPIEGEL, TOMAS",FTM,Free Throw In,1,-1,-1, ,,,,9,02:00,11,14,
2007,RS,12,133,91,OLY,PCRR,"GREER, LYNN",2FGA,Missed Two Pointer,0,17,166,C,,,,9,02:00,11,14,
2007,RS,12,133,93,SOP,PABC,"GUROVIC, MILAN",3FGA,Missed Three Pointer,0,302,612,G,,,,9,02:00,11,14,
2007,RS,12,133,95,OLY,PAMM,"PRINTEZIS, GEORGIOS",2FGA,Missed Two Pointer,0,33,125,C,,,,9,02:00,11,14,
2007,RS,12,133,98,SOP,PBCM,"HARISSIS, CHRISTOS",3FGM,Three Pointer,3,-5,676,J,,,,10,01:00,14,14,
2007,RS,12,133,99,OLY,PCRR,"GREER, LYNN",2FGA,Missed Two Pointer,0,-94,105,D,,,,10,01:00,14,14,
2007,RS,12,133,117,SOP,PABC,"GUROVIC, MILAN",3FGA,Missed Three Pointer,0,-420,587,J,,,,10,01:00,14,14,
2007,RS,12,133,119,SOP,PTFZ,"ROSZYK, KRZYSZTOF",2FGA,Missed Two Pointer,0,448,12,B,,,,10,01:00,14,14,
2007,RS,12,133,129,SOP,PAUL,"STANOJEVIC, JOVO",2FGA,Missed Two Pointer,0,-502,12,E,,,,11,10:00,14,14,
2007,RS,12,133,131,OLY,P000126,"JACKSON, MARC",2FGM,Two Pointer,2,-315,358,E,,,,11,10:00,14,16,
2007,RS,12,133,132,SOP,PACY,"SLANINA, DONATAS",2FGA,Missed Two Pointer,0,-7,217,D,,,,11,10:00,14,16,
2007,RS,12,133,134,OLY,PAMM,"PRINTEZIS, GEORGIOS",2FGM,Two Pointer,2,30,110,C,,,,11,10:00,14,18,
2007,RS,12,133,137,SOP,PBCM,"HARISSIS, CHRISTOS",3FGA,Missed Three Pointer,0,97,674,G,,,,12,09:00,14,18,
2007,RS,12,133,139,OLY,P000126,"JACKSON, MARC",2FGA,Missed Two Pointer,0,-210,23,D,,,,12,09:00,14,18,
2007,RS,12,133,141,SOP,PAUL,"STANOJEVIC, JOVO",2FGA,Missed Two Pointer,0,110,207,C,,,,12,09:00,14,18,
2007,RS,12,133,144,SOP,PACY,"SLANINA, DONATAS",2FGA,Missed Two Pointer,0,428,12,B,,,,13,08:00,14,18,
2007,RS,12,133,150,OLY,PBFY,"BLAKNEY, RODERICK",2FGM,Two Pointer,2,-66,43,D,,,,13,08:00,14,20,
2007,RS,12,133,156,SOP,PTFZ,"ROSZYK, KRZYSZTOF",3FGA,Missed Three Pointer,0,-661,-41,F,,,,14,07:00,14,20,
2007,RS,12,133,161,OLY,PAMM,"PRINTEZIS, GEORGIOS",FTM,Free Throw In,1,-1,-1, ,,,,14,07:00,14,21,
2007,RS,12,133,165,OLY,PJRF,"VASILOPOULOS, PANAGIOTIS",3FGM,Three Pointer,3,-364,564,J,,,,14,07:00,14,24,
2007,RS,12,133,168,OLY,P000126,"JACKSON, MARC",3FGA,Missed Three Pointer,0,-638,330,F,,,,14,07:00,14,24,
2007,RS,12,133,170,SOP,PBCM,"HARISSIS, CHRISTOS",2FGA,Missed Two Pointer,0,241,333,B,,,,14,07:00,14,24,
2007,RS,12,133,181,SOP,PABC,"GUROVIC, MILAN",FTM,Free Throw In,1,-1,-1, ,,,,15,06:00,15,24,
2007,RS,12,133,182,SOP,PABC,"GUROVIC, MILAN",FTM,Free Throw In,1,-1,-1, ,,,,15,06:00,16,24,
2007,RS,12,133,183,OLY,PJRF,"VASILOPOULOS, PANAGIOTIS",2FGA,Missed Two Pointer,0,-128,58,D,,,,15,06:00,16,24,
2007,RS,12,133,188,SOP,PABC,"GUROVIC, MILAN",3FGM,Three Pointer,3,297,651,G,,,,16,05:00,19,24,
2007,RS,12,133,194,SOP,PTFZ,"ROSZYK, KRZYSZTOF",3FGA,Missed Three Pointer,0,-425,548,J,,,,16,05:00,19,24,
2007,RS,12,133,196,SOP,PBCM,"HARISSIS, CHRISTOS",2FGA,Missed Two Pointer,0,-307,107,E,,,,16,05:00,19,24,
2007,RS,12,133,199,OLY,PJRF,"VASILOPOULOS, PANAGIOTIS",2FGA,Missed Two Pointer,0,-361,407,E,,,,17,04:00,19,24,
2007,RS,12,133,201,SOP,PTFZ,"ROSZYK, KRZYSZTOF",2FGA,Missed Two Pointer,0,358,384,B,,,,17,04:00,19,24,
2007,RS,12,133,205,SOP,PABC,"GUROVIC, MILAN",2FGA,Missed Two Pointer,0,-171,64,D,,,,17,04:00,19,24,
2007,RS,12,133,207,SOP,PABC,"GUROVIC, MILAN",2FGM,Two Pointer,2,10,17,C,,,,17,04:00,21,24,
2007,RS,12,133,219,SOP,PABC,"GUROVIC, MILAN",FTM,Free Throw In,1,-1,-1, ,,,,18,03:00,22,24,
2007,RS,12,133,220,OLY,PAQU,"BOUROUSIS, IOANNIS",3FGM,Three Pointer,3,282,641,G,,,,18,03:00,22,27,
2007,RS,12,133,222,SOP,PABC,"GUROVIC, MILAN",3FGA,Missed Three Pointer,0,676,17,A,,,,18,03:00,22,27,
2007,RS,12,133,226,OLY,PAMM,"PRINTEZIS, GEORGIOS",2FGA,Missed Two Pointer,0,-143,105,D,,,,18,03:00,22,27,
2007,RS,12,133,228,SOP,PASG,"VAN DEN SPIEGEL, TOMAS",2FGM,Two Pointer,2,-2,2,D,,,,18,03:00,24,27,
2007,RS,12,133,231,OLY,PAMM,"PRINTEZIS, GEORGIOS",2FGA,Missed Two Pointer,0,12,161,C,,,,19,02:00,24,27,
2007,RS,12,133,233,SOP,P000713,"MILICIC, IGOR",3FGA,Missed Three Pointer,0,-643,300,F,,,,19,02:00,24,27,
2007,RS,12,133,236,SOP,PACY,"SLANINA, DONATAS",2FGM,Two Pointer,2,20,379,C,,,,20,01:00,26,27,
2007,RS,12,133,243,OLY,PAQU,"BOUROUSIS, IOANNIS",FTM,Free Throw In,1,-1,-1, ,,,,20,01:00,26,28,
2007,RS,12,133,244,OLY,PAQU,"BOUROUSIS, IOANNIS",FTM,Free Throw In,1,-1,-1, ,,,,20,01:00,26,29,
2007,RS,12,133,247,SOP,PABC,"GUROVIC, MILAN",2FGM,Two Pointer,2,-87,202,D,,,,20,01:00,28,29,
2007,RS,12,133,250,SOP,PABC,"GUROVIC, MILAN",FTM,Free Throw In,1,-1,-1, ,,,,20,01:00,29,29,
2007,RS,12,133,251,OLY,PAQU,"BOUROUSIS, IOANNIS",3FGA,Missed Three Pointer,0,82,720,G,,,,20,01:00,29,29,
2007,RS,12,133,253,OLY,PAQU,"BOUROUSIS, IOANNIS",3FGA,Missed Three Pointer,0,38,700,G,,,,20,01:00,29,29,
2007,RS,12,133,262,OLY,PBFY,"BLAKNEY, RODERICK",2FGA,Missed Two Pointer,0,338,192,B,,,,21,10:00,29,29,
2007,RS,12,133,264,SOP,PASG,"VAN DEN SPIEGEL, TOMAS",2FGA,Missed Two Pointer,0,-200,323,D,,,,21,10:00,29,29,
2007,RS,12,133,266,SOP,PABC,"GUROVIC, MILAN",3FGM,Three Pointer,3,-617,300,F,,,,21,10:00,32,29,
2007,RS,12,133,269,OLY,PJRF,"VASILOPOULOS, PANAGIOTIS",2FGA,Missed Two Pointer,0,-189,507,I,,,,22,09:00,32,29,
2007,RS,12,133,275,OLY,PAQU,"BOUROUSIS, IOANNIS",FTM,Free Throw In,1,-1,-1, ,,,,22,09:00,32,30,
2007,RS,12,133,276,OLY,PAQU,"BOUROUSIS, IOANNIS",FTM,Free Throw In,1,-1,-1, ,,,,22,09:00,32,31,
2007,RS,12,133,281,OLY,PJRF,"VASILOPOULOS, PANAGIOTIS",3FGA,Missed Three Pointer,0,-620,330,F,,,,22,09:00,32,31,
2007,RS,12,133,284,SOP,PASG,"VAN DEN SPIEGEL, TOMAS",2FGA,Missed Two Pointer,0,-23,220,D,,,,23,08:00,32,31,
2007,RS,12,133,286,OLY,PJDR,"TEODOSIC, MILOS",3FGA,Missed Three Pointer,0,-482,566,J,,,,23,08:00,32,31,
2007,RS,12,133,290,OLY,PAQU,"BOUROUSIS, IOANNIS",3FGA,Missed Three Pointer,0,105,689,G,,,,23,08:00,32,31,
2007,RS,12,133,297,SOP,PACY,"SLANINA, DONATAS",FTM,Free Throw In,1,-1,-1, ,,,,24,07:00,33,31,
2007,RS,12,133,298,SOP,PACY,"SLANINA, DONATAS",FTM,Free Throw In,1,-1,-1, ,,,,24,07:00,34,31,
2007,RS,12,133,308,OLY,PJRC,"MAVROKEFALIDES, LOUKAS",2FGM,Two Pointer,2,-176,310,D,,,,25,06:00,34,33,
2007,RS,12,133,311,SOP,PASG,"VAN DEN SPIEGEL, TOMAS",FTM,Free Throw In,1,-1,-1, ,,,,25,06:00,35,33,
2007,RS,12,133,312,SOP,PASG,"VAN DEN SPIEGEL, TOMAS",FTM,Free Throw In,1,-1,-1, ,,,,25,06:00,36,33,
2007,RS,12,133,313,OLY,PJRF,"VASILOPOULOS, PANAGIOTIS",2FGM,Two Pointer,2,-43,38,D,,,,25,06:00,36,35,
2007,RS,12,133,316,SOP,PABC,"GUROVIC, MILAN",3FGA,Missed Three Pointer,0,-671,-43,F,,,,26,05:00,36,35,
2007,RS,12,133,317,OLY,P000126,"JACKSON, MARC",2FGA,Missed Two Pointer,0,-289,46,E,,,,26,05:00,36,35,
2007,RS,12,133,319,SOP,PBCM,"HARISSIS, CHRISTOS",3FGA,Missed Three Pointer,0,71,700,G,,,,26,05:00,36,35,
2007,RS,12,133,329,SOP,PACY,"SLANINA, DONATAS",3FGA,Missed Three Pointer,0,0,687,J,,,,27,04:00,36,35,
2007,RS,12,133,333,SOP,PAUL,"STANOJEVIC, JOVO",2FGM,Two Pointer,2,5,476,H,,,,27,04:00,38,35,
2007,RS,12,133,338,OLY,PCRR,"GREER, LYNN",3FGM,Three Pointer,3,-451,528,J,,,,28,03:00,38,38,
2007,RS,12,133,342,SOP,PTFZ,"ROSZYK, KRZYSZTOF",2FGM,Two Pointer,2,-69,94,D,,,,28,03:00,40,38,
2007,RS,12,133,345,OLY,PJRC,"MAVROKEFALIDES, LOUKAS",2FGM,Two Pointer,2,2,84,D,,,,29,02:00,40,40,
2007,RS,12,133,347,SOP,PAUL,"STANOJEVIC, JOVO",2FGA,Missed Two Pointer,0,110,46,C,,,,29,02:00,40,40,
2007,RS,12,133,349,OLY,PJRC,"MAVROKEFALIDES, LOUKAS",2FGA,Missed Two Pointer,0,33,56,C,,,,29,02:00,40,40,
2007,RS,12,133,351,OLY,P000126,"JACKSON, MARC",2FGM,Two Pointer,2,25,41,C,,,,29,02:00,40,42,
2007,RS,12,133,353,SOP,PBCM,"HARISSIS, CHRISTOS",2FGA,Missed Two Pointer,0,87,82,C,,,,30,01:00,40,42,
2007,RS,12,133,355,OLY,PCRR,"GREER, LYNN",3FGA,Missed Three Pointer,0,223,641,G,,,,30,01:00,40,42,
2007,RS,12,133,368,OLY,PJRC,"MAVROKEFALIDES, LOUKAS",2FGA,Missed Two Pointer,0,-87,12,D,,,,30,01:00,40,42,
2007,RS,12,133,370,OLY,P000126,"JACKSON, MARC",2FGM,Two Pointer,2,33,20,C,,,,30,01:00,40,44,
2007,RS,12,133,379,SOP,PTFZ,"ROSZYK, KRZYSZTOF",2FGA,Missed Two Pointer,0,94,138,C,,,,30,01:00,40,44,
2007,RS,12,133,389,SOP,P000713,"MILICIC, IGOR",3FGA,Missed Three Pointer,0,76,710,G,,,,31,10:00,40,44,
2007,RS,12,133,396,OLY,P000126,"JACKSON, MARC",2FGM,Two Pointer,2,51,33,C,,,,31,10:00,40,46,
2007,RS,12,133,398,SOP,PASG,"VAN DEN SPIEGEL, TOMAS",2FGM,Two Pointer,2,-71,46,D,,,,32,09:00,42,46,
2007,RS,12,133,400,OLY,PJRC,"MAVROKEFALIDES, LOUKAS",2FGM,Two Pointer,2,135,492,H,,,,32,09:00,42,48,
2007,RS,12,133,401,SOP,PABC,"GUROVIC, MILAN",3FGM,Three Pointer,3,20,674,G,,,,32,09:00,45,48,
2007,RS,12,133,404,OLY,P000126,"JACKSON, MARC",2FGM,Two Pointer,2,-74,17,D,,,,33,08:00,45,50,
2007,RS,12,133,420,SOP,PABC,"GUROVIC, MILAN",2FGA,Missed Two Pointer,0,-74,115,D,,,,33,08:00,45,50,
2007,RS,12,133,422,SOP,P000713,"MILICIC, IGOR",2FGM,Two Pointer,2,92,138,C,,,,33,08:00,47,50,
2007,RS,12,133,431,SOP,PABC,"GUROVIC, MILAN",FTM,Free Throw In,1,-1,-1, ,,,,34,07:00,48,50,
2007,RS,12,133,434,SOP,PABC,"GUROVIC, MILAN",3FGM,Three Pointer,3,238,702,G,,,,34,07:00,51,50,
2007,RS,12,133,441,OLY,PCRR,"GREER, LYNN",2FGM,Two Pointer,2,-66,341,D,,,,35,06:00,51,52,
2007,RS,12,133,442,SOP,PABC,"GUROVIC, MILAN",3FGA,Missed Three Pointer,0,325,615,G,,,,35,06:00,51,52,
2007,RS,12,133,451,OLY,PJRF,"VASILOPOULOS, PANAGIOTIS",2FGM,Two Pointer,2,158,56,C,,,,36,05:00,51,54,
2007,RS,12,133,457,OLY,PJRF,"VASILOPOULOS, PANAGIOTIS",FTM,Free Throw In,1,-1,-1, ,,,,36,05:00,51,55,
2007,RS,12,133,461,SOP,PACY,"SLANINA, DONATAS",3FGA,Missed Three Pointer,0,-297,633,J,,,,36,05:00,51,55,
2007,RS,12,133,463,SOP,PASG,"VAN DEN SPIEGEL, TOMAS",2FGA,Missed Two Pointer,0,-5,117,D,,,,36,05:00,51,55,
2007,RS,12,133,467,SOP,PASG,"VAN DEN SPIEGEL, TOMAS",FTM,Free Throw In,1,-1,-1, ,,,,36,05:00,52,55,
2007,RS,12,133,471,OLY,PJRC,"MAVROKEFALIDES, LOUKAS",2FGA,Missed Two Pointer,0,-71,138,D,,,,37,04:00,52,55,
2007,RS,12,133,473,OLY,PJRC,"MAVROKEFALIDES, LOUKAS",2FGM,Two Pointer,2,46,5,C,,,,37,04:00,52,57,
2007,RS,12,133,474,SOP,PABC,"GUROVIC, MILAN",3FGM,Three Pointer,3,-679,-33,F,,,,37,04:00,55,57,
2007,RS,12,133,477,OLY,P000126,"JACKSON, MARC",2FGAB,Missed Two Pointer,0,25,212,C,,,,38,03:00,55,57,
2007,RS,12,133,481,SOP,PBCM,"HARISSIS, CHRISTOS",2FGA,Missed Two Pointer,0,84,330,C,,,,38,03:00,55,57,
2007,RS,12,133,487,OLY,PCRR,"GREER, LYNN",FTM,Free Throw In,1,-1,-1, ,,,,38,03:00,55,58,
2007,RS,12,133,501,SOP,PABC,"GUROVIC, MILAN",FTM,Free Throw In,1,-1,-1, ,,,,39,02:00,56,58,
2007,RS,12,133,502,SOP,PABC,"GUROVIC, MILAN",FTM,Free Throw In,1,-1,-1, ,,,,39,02:00,57,58,
2007,RS,12,133,503,OLY,PJRC,"MAVROKEFALIDES, LOUKAS",2FGA,Missed Two Pointer,0,-110,205,D,,,,39,02:00,57,58,
2007,RS,12,133,505,SOP,PASG,"VAN DEN SPIEGEL, TOMAS",2FGM,Two Pointer,2,71,128,C,,,,39,02:00,59,58,
2007,RS,12,133,514,SOP,PACX,"MASIULIS, TOMAS",3FGA,Missed Three Pointer,0,679,66,A,,,,40,01:00,59,58,
2007,RS,12,133,516,SOP,PABC,"GUROVIC, MILAN",2FGM,Two Pointer,2,-92,35,D,,,,40,01:00,61,58,
2007,RS,12,133,520,OLY,PJDR,"TEODOSIC, MILOS",FTM,Free Throw In,1,-1,-1, ,,,,40,01:00,61,59,
2007,RS,12,133,525,SOP,PACY,"SLANINA, DONATAS",FTM,Free Throw In,1,-1,-1, ,,,,40,01:00,62,59,
2007,RS,12,133,526,SOP,PACY,"SLANINA, DONATAS",FTM,Free Throw In,1,-1,-1, ,,,,40,01:00,63,59,
2007,RS,12,133,527,OLY,P000126,"JACKSON, MARC",3FGA,Missed Three Pointer,0,-274,635,J,,,,40,01:00,63,59,
2007,RS,12,133,529,OLY,PJRC,"MAVROKEFALIDES, LOUKAS",2FGA,Missed Two Pointer,0,82,115,C,,,,40,01:00,63,59,
2007,RS,12,134,4,SIE,PJOC,"STONEROOK, SHAUN",3FGM,Three Pointer,3,-669,100,F,,,,1,10:00,0,3,
2007,RS,12,134,6,VIR,PLHB,"GARRI, LUCA",3FGA,Missed Three Pointer,0,10,692,G,,,,1,10:00,0,3,
2007,RS,12,134,9,SIE,PCQO,"EZE, BENJAMIN",2FGA,Missed Two Pointer,0,87,92,C,,,,2,09:00,0,3,
2007,RS,12,134,11,VIR,PBXA,"GIOVANNONI, GUILHERME",2FGM,Two Pointer,2,15,282,C,,,,2,09:00,2,3,
2007,RS,12,134,14,SIE,PAPS,"ILIEVSKI, VLADO",3FGM,Three Pointer,3,-656,158,F,,,,2,09:00,2,6,
2007,RS,12,134,19,VIR,PLHB,"GARRI, LUCA",2FGM,Two Pointer,2,-82,41,D,,,,3,08:00,4,6,
2007,RS,12,134,22,VIR,P000726,"MORASCHINI, RICCARDO",3FGA,Missed Three Pointer,0,-674,20,F,,,,3,08:00,4,6,
2007,RS,12,134,25,SIE,PKWI,"MCINTYRE, TERRELL",3FGM,Three Pointer,3,605,353,A,,,,4,07:00,4,9,
2007,RS,12,134,26,VIR,PLHB,"GARRI, LUCA",2FGA,Missed Two Pointer,0,-392,110,E,,,,4,07:00,4,9,
2007,RS,12,134,28,SIE,PCQO,"EZE, BENJAMIN",2FGM,Two Pointer,2,-5,5,D,,,,4,07:00,4,11,
2007,RS,12,134,31,VIR,P000672,"MC GRATH, DONALD",2FGM,Two Pointer,2,-74,5,D,,,,5,06:00,6,11,
2007,RS,12,134,38,SIE,PLMO,"SATO, ROMAIN",3FGA,Missed Three Pointer,0,-630,356,F,,,,5,06:00,6,11,
2007,RS,12,134,44,SIE,PKWI,"MCINTYRE, TERRELL",3FGM,Three Pointer,3,-676,115,F,,,,5,06:00,6,14,
2007,RS,12,134,49,SIE,PKWI,"MCINTYRE, TERRELL",3FGM,Three Pointer,3,-684,100,F,,,,6,05:00,6,17,
2007,RS,12,134,55,VIR,PTGQ,"DI BELLA, FABIO",3FGA,Missed Three Pointer,0,-653,300,F,,,,6,05:00,6,17,
2007,RS,12,134,58,VIR,PBEW,"CHIACIG, ROBERTO",2FGM,Two Pointer,2,-79,79,D,,,,7,04:00,8,17,
2007,RS,12,134,65,SIE,PAPS,"ILIEVSKI, VLADO",FTM,Free Throw In,1,-1,-1, ,,,,7,04:00,8,18,
2007,RS,12,134,66,SIE,PAPS,"ILIEVSKI, VLADO",FTM,Free Throw In,1,-1,-1, ,,,,7,04:00,8,19,
2007,RS,12,134,69,SIE,PBLH,"LAVRINOVIC, KSISTOF",2FGM,Two Pointer,2,-20,79,D,,,,7,04:00,8,21,
2007,RS,12,134,80,SIE,PBLH,"LAVRINOVIC, KSISTOF",FTM,Free Throw In,1,-1,-1, ,,,,7,04:00,8,22,
2007,RS,12,134,81,VIR,PBEW,"CHIACIG, ROBERTO",2FGM,Two Pointer,2,12,76,C,,,,7,04:00,10,22,
2007,RS,12,134,83,SIE,PLMO,"SATO, ROMAIN",2FGM,Two Pointer,2,171,58,C,,,,8,03:00,10,24,
2007,RS,12,134,87,SIE,PLMO,"SATO, ROMAIN",2FGM,Two Pointer,2,0,-5,D,,,,8,03:00,10,26,
2007,RS,12,134,95,VIR,PTGS,"DA ROS, MATTEO",2FGA,Missed Two Pointer,0,69,12,C,,,,9,02:00,10,26,
2007,RS,12,134,101,SIE,PCCA,"THORNTON, BOOTSY",FTM,Free Throw In,1,-1,-1, ,,,,9,02:00,10,27,
2007,RS,12,134,102,SIE,PCCA,"THORNTON, BOOTSY",FTM,Free Throw In,1,-1,-1, ,,,,9,02:00,10,28,
2007,RS,12,134,103,VIR,PBEW,"CHIACIG, ROBERTO",2FGA,Missed Two Pointer,0,-348,71,E,,,,9,02:00,10,28,
2007,RS,12,134,105,SIE,PAPS,"ILIEVSKI, VLADO",2FGM,Two Pointer,2,-71,46,D,,,,9,02:00,10,30,
2007,RS,12,134,106,VIR,P000672,"MC GRATH, DONALD",3FGA,Missed Three Pointer,0,564,425,A,,,,9,02:00,10,30,
2007,RS,12,134,110,VIR,PBXA,"GIOVANNONI, GUILHERME",2FGM,Two Pointer,2,-97,89,D,,,,10,01:00,12,30,
2007,RS,12,134,111,SIE,PBLH,"LAVRINOVIC, KSISTOF",3FGA,Missed Three Pointer,0,579,415,A,,,,10,01:00,12,30,
2007,RS,12,134,115,SIE,P000731,"MC LEOD, KEITH",2FGA,Missed Two Pointer,0,-33,148,D,,,,10,01:00,12,30,
2007,RS,12,134,133,SIE,P000731,"MC LEOD, KEITH",3FGA,Missed Three Pointer,0,625,323,A,,,,11,10:00,12,30,
2007,RS,12,134,141,VIR,PBEW,"CHIACIG, ROBERTO",2FGM,Two Pointer,2,82,38,C,,,,12,09:00,14,30,
2007,RS,12,134,142,SIE,PJHL,"RESS, TOMAS",2FGA,Missed Two Pointer,0,-94,71,D,,,,12,09:00,14,30,
2007,RS,12,134,145,VIR,PBXA,"GIOVANNONI, GUILHERME",2FGA,Missed Two Pointer,0,107,51,C,,,,13,08:00,14,30,
2007,RS,12,134,153,VIR,PBXA,"GIOVANNONI, GUILHERME",FTM,Free Throw In,1,-1,-1, ,,,,13,08:00,15,30,
2007,RS,12,134,154,VIR,PBXA,"GIOVANNONI, GUILHERME",FTM,Free Throw In,1,-1,-1, ,,,,13,08:00,16,30,
2007,RS,12,134,155,SIE,P000731,"MC LEOD, KEITH",2FGM,Two Pointer,2,12,125,C,,,,13,08:00,16,32,
2007,RS,12,134,156,VIR,PTGQ,"DI BELLA, FABIO",2FGM,Two Pointer,2,-82,48,D,,,,13,08:00,18,32,
2007,RS,12,134,157,SIE,P000731,"MC LEOD, KEITH",3FGA,Missed Three Pointer,0,-648,253,F,,,,13,08:00,18,32,
2007,RS,12,134,160,SIE,PCCA,"THORNTON, BOOTSY",3FGM,Three Pointer,3,-682,25,F,,,,14,07:00,18,35,
2007,RS,12,134,162,VIR,PBXA,"GIOVANNONI, GUILHERME",2FGM,Two Pointer,2,64,28,C,,,,14,07:00,20,35,
2007,RS,12,134,164,SIE,PJHL,"RESS, TOMAS",3FGA,Missed Three Pointer,0,623,376,A,,,,15,06:00,20,35,
2007,RS,12,134,166,VIR,PBXA,"GIOVANNONI, GUILHERME",2FGM,Two Pointer,2,-115,84,D,,,,15,06:00,22,35,
2007,RS,12,134,179,SIE,PCQO,"EZE, BENJAMIN",2FGM,Two Pointer,2,-89,35,D,,,,15,06:00,22,37,
2007,RS,12,134,181,VIR,PJNX,"MICHELORI, ANDREA",2FGA,Missed Two Pointer,0,-389,289,E,,,,16,05:00,22,37,
2007,RS,12,134,185,SIE,PJHL,"RESS, TOMAS",3FGA,Missed Three Pointer,0,643,289,A,,,,16,05:00,22,37,
2007,RS,12,134,187,VIR,PTGZ,"LESTINI, FEDERICO",3FGA,Missed Three Pointer,0,-669,269,F,,,,16,05:00,22,37,
2007,RS,12,134,190,SIE,PCQO,"EZE, BENJAMIN",2FGM,Two Pointer,2,7,276,C,,,,17,04:00,22,39,
2007,RS,12,134,194,VIR,PTGZ,"LESTINI, FEDERICO",3FGM,Three Pointer,3,638,315,A,,,,17,04:00,25,39,
2007,RS,12,134,202,VIR,PTGZ,"LESTINI, FEDERICO",2FGA,Missed Two Pointer,0,-300,300,E,,,,18,03:00,25,39,
2007,RS,12,134,205,SIE,PKWI,"MCINTYRE, TERRELL",2FGA,Missed Two Pointer,0,17,107,C,,,,18,03:00,25,39,
2007,RS,12,134,207,SIE,PBLH,"LAVRINOVIC, KSISTOF",2FGM,Two Pointer,2,-12,82,D,,,,18,03:00,25,41,
2007,RS,12,134,213,VIR,PJNX,"MICHELORI, ANDREA",FTM,Free Throw In,1,-1,-1, ,,,,19,02:00,26,41,
2007,RS,12,134,214,VIR,PJNX,"MICHELORI, ANDREA",FTM,Free Throw In,1,-1,-1, ,,,,19,02:00,27,41,
2007,RS,12,134,215,SIE,PKWI,"MCINTYRE, TERRELL",2FGA,Missed Two Pointer,0,-320,379,E,,,,19,02:00,27,41,
2007,RS,12,134,217,VIR,P000672,"MC GRATH, DONALD",3FGM,Three Pointer,3,-630,307,F,,,,19,02:00,30,41,
2007,RS,12,134,220,SIE,PLMO,"SATO, ROMAIN",2FGA,Missed Two Pointer,0,-371,112,E,,,,19,02:00,30,41,
2007,RS,12,134,223,VIR,PTGQ,"DI BELLA, FABIO",2FGM,Two Pointer,2,-161,100,D,,,,19,02:00,32,41,
2007,RS,12,134,227,SIE,PKWI,"MCINTYRE, TERRELL",3FGA,Missed Three Pointer,0,171,700,G,,,,20,01:00,32,41,
2007,RS,12,134,230,VIR,PTGQ,"DI BELLA, FABIO",2FGM,Two Pointer,2,-94,48,D,,,,20,01:00,34,41,
2007,RS,12,134,237,SIE,PLMO,"SATO, ROMAIN",2FGA,Missed Two Pointer,0,-135,82,D,,,,20,01:00,34,41,
2007,RS,12,134,239,SIE,PLMO,"SATO, ROMAIN",2FGM,Two Pointer,2,-2,84,D,,,,20,01:00,34,43,
2007,RS,12,134,258,SIE,PLMK,"CARRARETTO, MARCO",3FGM,Three Pointer,3,-676,117,F,,,,21,10:00,34,46,
2007,RS,12,134,264,VIR,PBEW,"CHIACIG, ROBERTO",FTM,Free Throw In,1,-1,-1, ,,,,21,10:00,35,46,
2007,RS,12,134,266,SIE,PKWI,"MCINTYRE, TERRELL",2FGA,Missed Two Pointer,0,-7,579,I,,,,22,09:00,35,46,
2007,RS,12,134,270,VIR,P000672,"MC GRATH, DONALD",2FGA,Missed Two Pointer,0,-89,61,D,,,,22,09:00,35,46,
2007,RS,12,134,272,VIR,PLHB,"GARRI, LUCA",2FGAB,Missed Two Pointer,0,-23,128,D,,,,22,09:00,35,46,
2007,RS,12,134,275,VIR,PLHB,"GARRI, LUCA",2FGA,Missed Two Pointer,0,23,138,C,,,,22,09:00,35,46,
2007,RS,12,134,277,VIR,PBEW,"CHIACIG, ROBERTO",2FGA,Missed Two Pointer,0,71,123,C,,,,22,09:00,35,46,
2007,RS,12,134,280,SIE,PKWI,"MCINTYRE, TERRELL",2FGM,Two Pointer,2,-97,153,D,,,,22,09:00,35,48,
2007,RS,12,134,282,SIE,PAPS,"ILIEVSKI, VLADO",2FGM,Two Pointer,2,-38,153,D,,,,22,09:00,35,50,
2007,RS,12,134,285,VIR,PBXA,"GIOVANNONI, GUILHERME",2FGA,Missed Two Pointer,0,182,148,C,,,,23,08:00,35,50,
2007,RS,12,134,287,VIR,PLHB,"GARRI, LUCA",2FGM,Two Pointer,2,-7,97,D,,,,23,08:00,37,50,
2007,RS,12,134,291,SIE,PLMK,"CARRARETTO, MARCO",3FGA,Missed Three Pointer,0,658,174,A,,,,24,07:00,37,50,
2007,RS,12,134,293,VIR,PBXA,"GIOVANNONI, GUILHERME",2FGM,Two Pointer,2,-94,89,D,,,,24,07:00,39,50,
2007,RS,12,134,301,VIR,PBEW,"CHIACIG, ROBERTO",2FGAB,Missed Two Pointer,0,-53,84,D,,,,24,07:00,39,50,
2007,RS,12,134,310,SIE,PKWI,"MCINTYRE, TERRELL",2FGAB,Missed Two Pointer,0,7,128,C,,,,25,06:00,39,50,
2007,RS,12,134,314,SIE,PLMK,"CARRARETTO, MARCO",3FGA,Missed Three Pointer,0,-666,261,F,,,,25,06:00,39,50,
2007,RS,12,134,317,VIR,PBEW,"CHIACIG, ROBERTO",2FGM,Two Pointer,2,-84,107,D,,,,26,05:00,41,50,
2007,RS,12,134,323,VIR,PBEW,"CHIACIG, ROBERTO",FTM,Free Throw In,1,-1,-1, ,,,,26,05:00,42,50,
2007,RS,12,134,326,SIE,PLMK,"CARRARETTO, MARCO",2FGM,Two Pointer,2,289,194,B,,,,26,05:00,42,52,
2007,RS,12,134,327,VIR,PBXA,"GIOVANNONI, GUILHERME",2FGM,Two Pointer,2,-128,94,D,,,,26,05:00,44,52,
2007,RS,12,134,335,SIE,PLMK,"CARRARETTO, MARCO",FTM,Free Throw In,1,-1,-1, ,,,,27,04:00,44,53,
2007,RS,12,134,336,SIE,PLMK,"CARRARETTO, MARCO",FTM,Free Throw In,1,-1,-1, ,,,,27,04:00,44,54,
2007,RS,12,134,339,VIR,PBXA,"GIOVANNONI, GUILHERME",2FGM,Two Pointer,2,335,92,B,,,,27,04:00,46,54,
2007,RS,12,134,350,VIR,PBEW,"CHIACIG, ROBERTO",FTM,Free Throw In,1,-1,-1, ,,,,27,04:00,47,54,
2007,RS,12,134,351,VIR,PBEW,"CHIACIG, ROBERTO",FTM,Free Throw In,1,-1,-1, ,,,,27,04:00,48,54,
2007,RS,12,134,352,SIE,P000731,"MC LEOD, KEITH",2FGA,Missed Two Pointer,0,0,143,D,,,,27,04:00,48,54,
2007,RS,12,134,355,VIR,P000726,"MORASCHINI, RICCARDO",3FGA,Missed Three Pointer,0,-679,274,F,,,,28,03:00,48,54,
2007,RS,12,134,357,SIE,PCQO,"EZE, BENJAMIN",2FGM,Two Pointer,2,-15,328,D,,,,28,03:00,48,56,
2007,RS,12,134,358,VIR,PTGQ,"DI BELLA, FABIO",2FGM,Two Pointer,2,-58,71,D,,,,28,03:00,50,56,
2007,RS,12,134,366,VIR,PTGZ,"LESTINI, FEDERICO",3FGM,Three Pointer,3,382,641,G,,,,29,02:00,53,56,
2007,RS,12,134,372,SIE,PLMO,"SATO, ROMAIN",FTM,Free Throw In,1,-1,-1, ,,,,29,02:00,53,57,
2007,RS,12,134,373,VIR,PTGZ,"LESTINI, FEDERICO",2FGAB,Missed Two Pointer,0,-51,130,D,,,,29,02:00,53,57,
2007,RS,12,134,383,SIE,PJHL,"RESS, TOMAS",3FGA,Missed Three Pointer,0,-607,371,F,,,,30,01:00,53,57,
2007,RS,12,134,385,VIR,PTGQ,"DI BELLA, FABIO",2FGA,Missed Two Pointer,0,10,394,C,,,,30,01:00,53,57,
2007,RS,12,134,406,SIE,PJOC,"STONEROOK, SHAUN",2FGA,Missed Two Pointer,0,61,41,C,,,,31,10:00,53,57,
2007,RS,12,134,408,SIE,PLMO,"SATO, ROMAIN",2FGM,Two Pointer,2,-46,51,D,,,,31,10:00,53,59,
2007,RS,12,134,414,VIR,PTGQ,"DI BELLA, FABIO",2FGM,Two Pointer,2,-69,64,D,,,,32,09:00,55,59,
2007,RS,12,134,416,SIE,PBLH,"LAVRINOVIC, KSISTOF",3FGM,Three Pointer,3,587,466,G,,,,32,09:00,55,62,
2007,RS,12,134,419,SIE,PKWI,"MCINTYRE, TERRELL",2FGM,Two Pointer,2,-264,351,E,,,,32,09:00,55,64,
2007,RS,12,134,426,SIE,PCCA,"THORNTON, BOOTSY",3FGA,Missed Three Pointer,0,674,192,A,,,,33,08:00,55,64,
2007,RS,12,134,432,VIR,PJNX,"MICHELORI, ANDREA",FTM,Free Throw In,1,-1,-1, ,,,,33,08:00,56,64,
2007,RS,12,134,433,SIE,PBLH,"LAVRINOVIC, KSISTOF",2FGA,Missed Two Pointer,0,5,312,C,,,,33,08:00,56,64,
2007,RS,12,134,436,VIR,PTGZ,"LESTINI, FEDERICO",3FGA,Missed Three Pointer,0,-641,251,F,,,,34,07:00,56,64,
2007,RS,12,134,438,SIE,PBLH,"LAVRINOVIC, KSISTOF",2FGA,Missed Two Pointer,0,82,84,C,,,,34,07:00,56,64,
2007,RS,12,134,440,VIR,PJNX,"MICHELORI, ANDREA",2FGA,Missed Two Pointer,0,20,589,H,,,,34,07:00,56,64,
2007,RS,12,134,442,SIE,PLMO,"SATO, ROMAIN",2FGM,Two Pointer,2,-556,56,E,,,,34,07:00,56,66,
2007,RS,12,134,448,VIR,P000672,"MC GRATH, DONALD",2FGA,Missed Two Pointer,0,407,207,B,,,,35,06:00,56,66,
2007,RS,12,134,452,VIR,PTGZ,"LESTINI, FEDERICO",3FGM,Three Pointer,3,-205,692,J,,,,35,06:00,59,66,
2007,RS,12,134,453,SIE,PKWI,"MCINTYRE, TERRELL",3FGA,Missed Three Pointer,0,192,682,G,,,,35,06:00,59,66,
2007,RS,12,134,455,VIR,P000672,"MC GRATH, DONALD",3FGA,Missed Three Pointer,0,407,612,G,,,,35,06:00,59,66,
2007,RS,12,134,460,SIE,PKWI,"MCINTYRE, TERRELL",2FGA,Missed Two Pointer,0,64,92,C,,,,36,05:00,59,66,
2007,RS,12,134,462,SIE,PCQO,"EZE, BENJAMIN",2FGAB,Missed Two Pointer,0,-94,84,D,,,,36,05:00,59,66,
2007,RS,12,134,474,VIR,PBXA,"GIOVANNONI, GUILHERME",3FGA,Missed Three Pointer,0,289,725,G,,,,36,05:00,59,66,
2007,RS,12,134,479,VIR,PLHB,"GARRI, LUCA",2FGM,Two Pointer,2,0,164,D,,,,37,04:00,61,66,
2007,RS,12,134,480,VIR,P000672,"MC GRATH, DONALD",2FGA,Missed Two Pointer,0,-35,187,D,,,,37,04:00,61,66,
2007,RS,12,134,482,SIE,PLMO,"SATO, ROMAIN",2FGM,Two Pointer,2,-2,215,D,,,,37,04:00,61,68,
2007,RS,12,134,486,VIR,PTGQ,"DI BELLA, FABIO",2FGA,Missed Two Pointer,0,0,94,D,,,,37,04:00,61,68,
2007,RS,12,134,492,SIE,PCQO,"EZE, BENJAMIN",2FGM,Two Pointer,2,0,5,D,,,,38,03:00,61,70,
2007,RS,12,134,494,VIR,PLHB,"GARRI, LUCA",2FGA,Missed Two Pointer,0,-20,164,D,,,,38,03:00,61,70,
2007,RS,12,134,496,SIE,PLMO,"SATO, ROMAIN",2FGM,Two Pointer,2,5,158,C,,,,38,03:00,61,72,
2007,RS,12,134,504,SIE,PLMO,"SATO, ROMAIN",FTM,Free Throw In,1,-1,-1, ,,,,38,03:00,61,73,
2007,RS,12,134,506,VIR,P000672,"MC GRATH, DONALD",3FGA,Missed Three Pointer,0,38,700,G,,,,39,02:00,61,73,
2007,RS,12,134,508,SIE,PLMO,"SATO, ROMAIN",3FGA,Missed Three Pointer,0,-669,171,F,,,,39,02:00,61,73,
2007,RS,12,134,510,SIE,PLMO,"SATO, ROMAIN",2FGM,Two Pointer,2,2,10,D,,,,39,02:00,61,75,
2007,RS,12,134,515,VIR,P000672,"MC GRATH, DONALD",2FGA,Missed Two Pointer,0,-356,441,I,,,,40,01:00,61,75,
2007,RS,12,134,517,SIE,PAPS,"ILIEVSKI, VLADO",3FGA,Missed Three Pointer,0,666,115,A,,,,40,01:00,61,75,
2007,RS,12,134,521,SIE,PAPS,"ILIEVSKI, VLADO",2FGM,Two Pointer,2,87,33,C,,,,40,01:00,61,77,
2007,RS,12,134,525,VIR,PBXA,"GIOVANNONI, GUILHERME",3FGM,Three Pointer,3,-684,143,F,,,,40,01:00,64,77,
2007,RS,12,135,4,LJU,PAIV,"MILIC, MARKO",2FGM,Two Pointer,2,12,10,C,,,,1,10:00,0,2,
2007,RS,12,135,5,BAS,PJTT,"MCDONALD, WILL",2FGAB,Missed Two Pointer,0,-117,58,D,,,,1,10:00,0,2,
2007,RS,12,135,10,LJU,PAIV,"MILIC, MARKO",2FGM,Two Pointer,2,5,0,C,,,,1,10:00,0,4,
2007,RS,12,135,13,BAS,PAFP,"PLANINIC, ZORAN",FTM,Free Throw In,1,-1,-1, ,,,,1,10:00,1,4,
2007,RS,12,135,14,BAS,PAFP,"PLANINIC, ZORAN",FTM,Free Throw In,1,-1,-1, ,,,,1,10:00,2,4,
2007,RS,12,135,16,LJU,PAIV,"MILIC, MARKO",2FGM,Two Pointer,2,-123,92,D,,,,1,10:00,2,6,
2007,RS,12,135,17,BAS,PJZJ,"TELETOVIC, MIRZA",3FGM,Three Pointer,3,-420,530,J,,,,1,10:00,5,6,
2007,RS,12,135,19,LJU,PTGK,"BAILEY, MAURICE",2FGA,Missed Two Pointer,0,-235,187,E,,,,2,09:00,5,6,
2007,RS,12,135,23,BAS,PAJK,"VIDAL, SERGI",FTM,Free Throw In,1,-1,-1, ,,,,2,09:00,6,6,
2007,RS,12,135,24,BAS,PAJK,"VIDAL, SERGI",FTM,Free Throw In,1,-1,-1, ,,,,2,09:00,7,6,
2007,RS,12,135,31,LJU,PBPV,"GORENC, BORIS",2FGM,Two Pointer,2,5,10,C,,,,3,08:00,7,8,
2007,RS,12,135,32,BAS,PAJK,"VIDAL, SERGI",3FGA,Missed Three Pointer,0,-584,343,F,,,,3,08:00,7,8,
2007,RS,12,135,35,LJU,PAPY,"HUKIC, JASMIN",3FGM,Three Pointer,3,661,-10,A,,,,3,08:00,7,11,
2007,RS,12,135,37,BAS,PAFP,"PLANINIC, ZORAN",2FGM,Two Pointer,2,-302,51,E,,,,4,07:00,9,11,
2007,RS,12,135,38,LJU,PAIV,"MILIC, MARKO",2FGA,Missed Two Pointer,0,58,30,C,,,,4,07:00,9,11,
2007,RS,12,135,45,LJU,PAPY,"HUKIC, JASMIN",2FGA,Missed Two Pointer,0,-51,428,I,,,,5,06:00,9,11,
2007,RS,12,135,47,BAS,PAFP,"PLANINIC, ZORAN",2FGA,Missed Two Pointer,0,525,15,B,,,,5,06:00,9,11,
2007,RS,12,135,49,BAS,PANB,"RAKOCEVIC, IGOR",3FGA,Missed Three Pointer,0,-317,600,J,,,,5,06:00,9,11,
2007,RS,12,135,61,BAS,PJTT,"MCDONALD, WILL",FTM,Free Throw In,1,-1,-1, ,,,,6,05:00,10,11,
2007,RS,12,135,64,LJU,PJBJ,"BEGIC, MIRZA",2FGA,Missed Two Pointer,0,-2,5,D,,,,6,05:00,10,11,
2007,RS,12,135,66,BAS,PAJK,"VIDAL, SERGI",3FGA,Missed Three Pointer,0,284,600,G,,,,6,05:00,10,11,
2007,RS,12,135,69,LJU,PAPY,"HUKIC, JASMIN",2FGM,Two Pointer,2,-171,102,D,,,,7,04:00,10,13,
2007,RS,12,135,70,BAS,PANB,"RAKOCEVIC, IGOR",2FGM,Two Pointer,2,223,187,C,,,,7,04:00,12,13,
2007,RS,12,135,71,LJU,PBPV,"GORENC, BORIS",2FGM,Two Pointer,2,307,251,B,,,,7,04:00,12,15,
2007,RS,12,135,84,LJU,PAPY,"HUKIC, JASMIN",3FGA,Missed Three Pointer,0,-489,487,J,,,,7,04:00,12,15,
2007,RS,12,135,91,BAS,PJZJ,"TELETOVIC, MIRZA",3FGM,Three Pointer,3,243,643,G,,,,8,03:00,15,15,
2007,RS,12,135,95,LJU,P000184,"BOOKER, CHRIS",FTM,Free Throw In,1,-1,-1, ,,,,8,03:00,15,16,
2007,RS,12,135,96,LJU,P000184,"BOOKER, CHRIS",FTM,Free Throw In,1,-1,-1, ,,,,8,03:00,15,17,
2007,RS,12,135,97,BAS,PANB,"RAKOCEVIC, IGOR",2FGAB,Missed Two Pointer,0,-76,38,D,,,,8,03:00,15,17,
2007,RS,12,135,109,BAS,PJTT,"MCDONALD, WILL",2FGM,Two Pointer,2,-2,-2,D,,,,9,02:00,17,17,
2007,RS,12,135,110,LJU,PAIV,"MILIC, MARKO",2FGM,Two Pointer,2,-56,41,D,,,,9,02:00,17,19,
2007,RS,12,135,121,BAS,PCBX,"PRIGIONI, PABLO",3FGA,Missed Three Pointer,0,684,-23,A,,,,10,01:00,17,19,
2007,RS,12,135,123,BAS,PCBX,"PRIGIONI, PABLO",3FGM,Three Pointer,3,674,-17,A,,,,10,01:00,20,19,
2007,RS,12,135,126,LJU,PBPV,"GORENC, BORIS",FTM,Free Throw In,1,-1,-1, ,,,,10,01:00,20,20,
2007,RS,12,135,127,LJU,PBPV,"GORENC, BORIS",FTM,Free Throw In,1,-1,-1, ,,,,10,01:00,20,21,
2007,RS,12,135,133,BAS,PBVC,"JASAITIS, SIMAS",3FGM,Three Pointer,3,-17,674,J,,,,10,01:00,23,21,
2007,RS,12,135,146,BAS,PAFP,"PLANINIC, ZORAN",FTM,Free Throw In,1,-1,-1, ,,,,10,01:00,24,21,
2007,RS,12,135,147,BAS,PAFP,"PLANINIC, ZORAN",FTM,Free Throw In,1,-1,-1, ,,,,10,01:00,25,21,
2007,RS,12,135,165,BAS,PCBY,"SPLITTER, TIAGO",FTM,Free Throw In,1,-1,-1, ,,,,11,10:00,26,21,
2007,RS,12,135,166,LJU,PTHB,"DRAGIC, GORAN",2FGA,Missed Two Pointer,0,120,43,C,,,,11,10:00,26,21,
2007,RS,12,135,169,LJU,PAIV,"MILIC, MARKO",3FGA,Missed Three Pointer,0,497,464,G,,,,11,10:00,26,21,
2007,RS,12,135,176,BAS,PCBY,"SPLITTER, TIAGO",FTM,Free Throw In,1,-1,-1, ,,,,12,09:00,27,21,
2007,RS,12,135,177,BAS,PCBY,"SPLITTER, TIAGO",FTM,Free Throw In,1,-1,-1, ,,,,12,09:00,28,21,
2007,RS,12,135,178,LJU,PTHB,"DRAGIC, GORAN",2FGA,Missed Two Pointer,0,256,428,H,,,,12,09:00,28,21,
2007,RS,12,135,181,BAS,PCBY,"SPLITTER, TIAGO",2FGM,Two Pointer,2,-56,-12,D,,,,12,09:00,30,21,
2007,RS,12,135,183,LJU,PAIV,"MILIC, MARKO",2FGA,Missed Two Pointer,0,-48,61,D,,,,13,08:00,30,21,
2007,RS,12,135,185,LJU,PJYE,"RIZVIC, HASAN",2FGM,Two Pointer,2,46,46,C,,,,13,08:00,30,23,
2007,RS,12,135,188,LJU,PTGG,"TAYLOR, RONELL",2FGM,Two Pointer,2,-58,51,D,,,,13,08:00,30,25,
2007,RS,12,135,194,BAS,P000719,"MOUNEKE, GABE",FTM,Free Throw In,1,-1,-1, ,,,,13,08:00,31,25,
2007,RS,12,135,195,BAS,P000719,"MOUNEKE, GABE",FTM,Free Throw In,1,-1,-1, ,,,,13,08:00,32,25,
2007,RS,12,135,207,BAS,PANB,"RAKOCEVIC, IGOR",3FGM,Three Pointer,3,664,-69,A,,,,14,07:00,35,25,
2007,RS,12,135,214,BAS,PANB,"RAKOCEVIC, IGOR",FTM,Free Throw In,1,-1,-1, ,,,,14,07:00,36,25,
2007,RS,12,135,217,BAS,PCBY,"SPLITTER, TIAGO",2FGA,Missed Two Pointer,0,-82,17,D,,,,14,07:00,36,25,
2007,RS,12,135,222,BAS,PANB,"RAKOCEVIC, IGOR",2FGM,Two Pointer,2,-97,284,D,,,,15,06:00,38,25,
2007,RS,12,135,224,LJU,PLHD,"ZUPAN, MIHA",2FGM,Two Pointer,2,-51,41,D,,,,15,06:00,38,27,
2007,RS,12,135,225,BAS,P000719,"MOUNEKE, GABE",3FGM,Three Pointer,3,-338,589,J,,,,15,06:00,41,27,
2007,RS,12,135,227,LJU,PBPV,"GORENC, BORIS",2FGA,Missed Two Pointer,0,-94,76,D,,,,16,05:00,41,27,
2007,RS,12,135,233,LJU,P000184,"BOOKER, CHRIS",FTM,Free Throw In,1,-1,-1, ,,,,16,05:00,41,28,
2007,RS,12,135,234,LJU,P000184,"BOOKER, CHRIS",FTM,Free Throw In,1,-1,-1, ,,,,16,05:00,41,29,
2007,RS,12,135,235,BAS,PAFP,"PLANINIC, ZORAN",2FGA,Missed Two Pointer,0,23,112,C,,,,16,05:00,41,29,
2007,RS,12,135,240,BAS,P000719,"MOUNEKE, GABE",2FGM,Two Pointer,2,2,0,D,,,,16,05:00,43,29,
2007,RS,12,135,246,LJU,PAIV,"MILIC, MARKO",2FGM,Two Pointer,2,-2,115,D,,,,17,04:00,43,31,
2007,RS,12,135,251,LJU,PTHB,"DRAGIC, GORAN",2FGA,Missed Two Pointer,0,71,53,C,,,,18,03:00,43,31,
2007,RS,12,135,253,LJU,PBPV,"GORENC, BORIS",2FGM,Two Pointer,2,17,53,C,,,,18,03:00,43,33,
2007,RS,12,135,261,BAS,PCBY,"SPLITTER, TIAGO",2FGM,Two Pointer,2,-28,76,D,,,,18,03:00,45,33,
2007,RS,12,135,265,BAS,PANB,"RAKOCEVIC, IGOR",3FGM,Three Pointer,3,-533,428,J,,,,19,02:00,48,33,
2007,RS,12,135,268,LJU,PAPY,"HUKIC, JASMIN",3FGA,Missed Three Pointer,0,676,53,A,,,,19,02:00,48,33,
2007,RS,12,135,271,BAS,PJZJ,"TELETOVIC, MIRZA",2FGM,Two Pointer,2,-38,87,D,,,,19,02:00,50,33,
2007,RS,12,135,273,LJU,PAIV,"MILIC, MARKO",2FGAB,Missed Two Pointer,0,-97,33,D,,,,20,01:00,50,33,
2007,RS,12,135,278,BAS,PCBY,"SPLITTER, TIAGO",2FGM,Two Pointer,2,0,-5,D,,,,20,01:00,52,33,
2007,RS,12,135,279,LJU,PBPV,"GORENC, BORIS",2FGA,Missed Two Pointer,0,-220,356,E,,,,20,01:00,52,33,
2007,RS,12,135,281,BAS,PJZJ,"TELETOVIC, MIRZA",3FGA,Missed Three Pointer,0,-479,494,J,,,,20,01:00,52,33,
2007,RS,12,135,290,LJU,PAIV,"MILIC, MARKO",2FGM,Two Pointer,2,-56,28,D,,,,21,10:00,52,35,
2007,RS,12,135,293,LJU,PAIV,"MILIC, MARKO",2FGM,Two Pointer,2,-5,15,D,,,,21,10:00,52,37,
2007,RS,12,135,301,LJU,PBPV,"GORENC, BORIS",2FGA,Missed Two Pointer,0,-28,312,D,,,,22,09:00,52,37,
2007,RS,12,135,303,BAS,PANB,"RAKOCEVIC, IGOR",3FGA,Missed Three Pointer,0,394,564,G,,,,22,09:00,52,37,
2007,RS,12,135,305,LJU,PTGK,"BAILEY, MAURICE",3FGA,Missed Three Pointer,0,-643,30,F,,,,22,09:00,52,37,
2007,RS,12,135,307,BAS,PJTT,"MCDONALD, WILL",2FGA,Missed Two Pointer,0,251,82,B,,,,22,09:00,52,37,
2007,RS,12,135,311,BAS,PANB,"RAKOCEVIC, IGOR",2FGAB,Missed Two Pointer,0,84,82,C,,,,23,08:00,52,37,
2007,RS,12,135,315,BAS,PANB,"RAKOCEVIC, IGOR",2FGA,Missed Two Pointer,0,341,58,B,,,,23,08:00,52,37,
2007,RS,12,135,317,BAS,PJZJ,"TELETOVIC, MIRZA",2FGM,Two Pointer,2,7,87,C,,,,23,08:00,54,37,
2007,RS,12,135,325,BAS,PJZJ,"TELETOVIC, MIRZA",FTM,Free Throw In,1,-1,-1, ,,,,23,08:00,55,37,
2007,RS,12,135,320,LJU,PAIV,"MILIC, MARKO",2FGM,Two Pointer,2,-5,2,D,,,,23,08:00,55,39,
2007,RS,12,135,324,BAS,PJZJ,"TELETOVIC, MIRZA",FTM,Free Throw In,1,-1,-1, ,,,,23,08:00,56,39,
2007,RS,12,135,326,LJU,PAPY,"HUKIC, JASMIN",2FGA,Missed Two Pointer,0,-487,-20,E,,,,23,08:00,56,39,
2007,RS,12,135,331,LJU,PAIV,"MILIC, MARKO",2FGM,Two Pointer,2,-10,-2,D,,,,24,07:00,56,41,
2007,RS,12,135,332,BAS,PAFP,"PLANINIC, ZORAN",2FGA,Missed Two Pointer,0,115,38,C,,,,24,07:00,56,41,
2007,RS,12,135,334,LJU,PTGK,"BAILEY, MAURICE",3FGA,Missed Three Pointer,0,317,589,G,,,,24,07:00,56,41,
2007,RS,12,135,337,BAS,PJTT,"MCDONALD, WILL",2FGA,Missed Two Pointer,0,0,110,D,,,,25,06:00,56,41,
2007,RS,12,135,344,BAS,PJTT,"MCDONALD, WILL",FTM,Free Throw In,1,-1,-1, ,,,,25,06:00,57,41,
2007,RS,12,135,347,LJU,PJBJ,"BEGIC, MIRZA",2FGM,Two Pointer,2,56,25,C,,,,25,06:00,57,43,
2007,RS,12,135,348,BAS,PJTT,"MCDONALD, WILL",2FGA,Missed Two Pointer,0,-51,38,D,,,,25,06:00,57,43,
2007,RS,12,135,350,LJU,PBPV,"GORENC, BORIS",2FGM,Two Pointer,2,-89,17,D,,,,25,06:00,57,45,
2007,RS,12,135,355,LJU,PBPV,"GORENC, BORIS",FTM,Free Throw In,1,-1,-1, ,,,,25,06:00,57,46,
2007,RS,12,135,358,BAS,PCBY,"SPLITTER, TIAGO",2FGM,Two Pointer,2,-58,35,D,,,,26,05:00,59,46,
2007,RS,12,135,359,LJU,PBPV,"GORENC, BORIS",3FGA,Missed Three Pointer,0,264,607,G,,,,26,05:00,59,46,
2007,RS,12,135,362,BAS,PJZJ,"TELETOVIC, MIRZA",2FGM,Two Pointer,2,-407,33,E,,,,26,05:00,61,46,
2007,RS,12,135,370,LJU,PJBJ,"BEGIC, MIRZA",FTM,Free Throw In,1,-1,-1, ,,,,27,04:00,61,47,
2007,RS,12,135,374,BAS,PAJK,"VIDAL, SERGI",2FGM,Two Pointer,2,-584,15,E,,,,27,04:00,63,47,
2007,RS,12,135,377,BAS,PJZJ,"TELETOVIC, MIRZA",2FGM,Two Pointer,2,10,10,C,,,,27,04:00,65,47,
2007,RS,12,135,379,LJU,PAIV,"MILIC, MARKO",3FGM,Three Pointer,3,266,600,G,,,,28,03:00,65,50,
2007,RS,12,135,384,BAS,PJZJ,"TELETOVIC, MIRZA",FTM,Free Throw In,1,-1,-1, ,,,,28,03:00,66,50,
2007,RS,12,135,385,BAS,PJZJ,"TELETOVIC, MIRZA",FTM,Free Throw In,1,-1,-1, ,,,,28,03:00,67,50,
2007,RS,12,135,386,LJU,PLHD,"ZUPAN, MIHA",2FGAB,Missed Two Pointer,0,-117,41,D,,,,28,03:00,67,50,
2007,RS,12,135,391,LJU,PLHD,"ZUPAN, MIHA",2FGM,Two Pointer,2,-66,10,D,,,,28,03:00,67,52,
2007,RS,12,135,396,LJU,PAPY,"HUKIC, JASMIN",3FGM,Three Pointer,3,-523,458,J,,,,29,02:00,67,55,
2007,RS,12,135,397,BAS,PCBX,"PRIGIONI, PABLO",3FGM,Three Pointer,3,469,482,G,,,,29,02:00,70,55,
2007,RS,12,135,398,LJU,PAPY,"HUKIC, JASMIN",3FGA,Missed Three Pointer,0,674,30,A,,,,29,02:00,70,55,
2007,RS,12,135,400,BAS,PCBX,"PRIGIONI, PABLO",3FGA,Missed Three Pointer,0,661,10,A,,,,29,02:00,70,55,
2007,RS,12,135,403,LJU,PAIV,"MILIC, MARKO",2FGM,Two Pointer,2,7,0,C,,,,29,02:00,70,57,
2007,RS,12,135,415,BAS,PCBY,"SPLITTER, TIAGO",FTM,Free Throw In,1,-1,-1, ,,,,30,01:00,71,57,
2007,RS,12,135,417,LJU,PLHD,"ZUPAN, MIHA",2FGM,Two Pointer,2,171,417,C,,,,30,01:00,71,59,
2007,RS,12,135,418,BAS,PAFP,"PLANINIC, ZORAN",2FGM,Two Pointer,2,-235,115,D,,,,30,01:00,73,59,
2007,RS,12,135,428,BAS,PCBY,"SPLITTER, TIAGO",FTM,Free Throw In,1,-1,-1, ,,,,31,10:00,74,59,
2007,RS,12,135,429,LJU,PTHB,"DRAGIC, GORAN",3FGA,Missed Three Pointer,0,-492,497,J,,,,31,10:00,74,59,
2007,RS,12,135,435,BAS,PBVC,"JASAITIS, SIMAS",FTM,Free Throw In,1,-1,-1, ,,,,31,10:00,75,59,
2007,RS,12,135,436,BAS,PBVC,"JASAITIS, SIMAS",FTM,Free Throw In,1,-1,-1, ,,,,31,10:00,76,59,
2007,RS,12,135,439,LJU,PTGG,"TAYLOR, RONELL",2FGM,Two Pointer,2,-405,151,E,,,,32,09:00,76,61,
2007,RS,12,135,440,BAS,PCBY,"SPLITTER, TIAGO",2FGM,Two Pointer,2,-74,84,D,,,,32,09:00,78,61,
2007,RS,12,135,441,LJU,PBPV,"GORENC, BORIS",2FGA,Missed Two Pointer,0,-20,451,I,,,,32,09:00,78,61,
2007,RS,12,135,444,BAS,P000719,"MOUNEKE, GABE",3FGA,Missed Three Pointer,0,-61,687,J,,,,33,08:00,78,61,
2007,RS,12,135,447,BAS,PBVC,"JASAITIS, SIMAS",2FGM,Two Pointer,2,74,41,C,,,,33,08:00,80,61,
2007,RS,12,135,448,LJU,PTGG,"TAYLOR, RONELL",3FGA,Missed Three Pointer,0,-323,589,J,,,,33,08:00,80,61,
2007,RS,12,135,454,BAS,PBVC,"JASAITIS, SIMAS",2FGM,Two Pointer,2,-51,28,D,,,,33,08:00,82,61,
2007,RS,12,135,462,BAS,PAFP,"PLANINIC, ZORAN",2FGA,Missed Two Pointer,0,79,35,C,,,,34,07:00,82,61,
2007,RS,12,135,464,BAS,PAFP,"PLANINIC, ZORAN",2FGM,Two Pointer,2,7,7,C,,,,34,07:00,84,61,
2007,RS,12,135,465,LJU,PBPV,"GORENC, BORIS",2FGM,Two Pointer,2,-197,335,D,,,,34,07:00,84,63,
2007,RS,12,135,467,LJU,PJYE,"RIZVIC, HASAN",2FGM,Two Pointer,2,-138,158,D,,,,34,07:00,84,65,
2007,RS,12,135,480,LJU,PJYE,"RIZVIC, HASAN",2FGA,Missed Two Pointer,0,30,120,C,,,,35,06:00,84,65,
2007,RS,12,135,482,BAS,PCBX,"PRIGIONI, PABLO",3FGA,Missed Three Pointer,0,46,741,G,,,,35,06:00,84,65,
2007,RS,12,135,492,LJU,PTGG,"TAYLOR, RONELL",FTM,Free Throw In,1,-1,-1, ,,,,36,05:00,84,66,
2007,RS,12,135,494,LJU,PAPY,"HUKIC, JASMIN",2FGM,Two Pointer,2,-230,320,E,,,,36,05:00,84,68,
2007,RS,12,135,497,BAS,PJTT,"MCDONALD, WILL",FTM,Free Throw In,1,-1,-1, ,,,,36,05:00,85,68,
2007,RS,12,135,503,BAS,PAJK,"VIDAL, SERGI",2FGA,Missed Two Pointer,0,-51,61,D,,,,37,04:00,85,68,
2007,RS,12,135,507,BAS,PCBX,"PRIGIONI, PABLO",3FGA,Missed Three Pointer,0,525,415,A,,,,38,03:00,85,68,
2007,RS,12,135,511,LJU,PTHB,"DRAGIC, GORAN",3FGA,Missed Three Pointer,0,361,589,G,,,,38,03:00,85,68,
2007,RS,12,135,513,BAS,PANB,"RAKOCEVIC, IGOR",3FGA,Missed Three Pointer,0,-666,51,F,,,,38,03:00,85,68,
2007,RS,12,135,516,LJU,PTGG,"TAYLOR, RONELL",2FGM,Two Pointer,2,0,-2,D,,,,38,03:00,85,70,
2007,RS,12,135,521,BAS,PJTT,"MCDONALD, WILL",FTM,Free Throw In,1,-1,-1, ,,,,38,03:00,86,70,
2007,RS,12,135,522,BAS,PJTT,"MCDONALD, WILL",FTM,Free Throw In,1,-1,-1, ,,,,38,03:00,87,70,
2007,RS,12,135,524,LJU,PAPY,"HUKIC, JASMIN",2FGM,Two Pointer,2,-217,361,E,,,,39,02:00,87,72,
2007,RS,12,135,534,BAS,PTGX,"FERNANDEZ, LUCHO",2FGA,Missed Two Pointer,0,74,58,C,,,,39,02:00,87,72,
2007,RS,12,135,536,BAS,PJTT,"MCDONALD, WILL",2FGA,Missed Two Pointer,0,-25,102,D,,,,39,02:00,87,72,
2007,RS,12,135,538,BAS,PJTT,"MCDONALD, WILL",2FGA,Missed Two Pointer,0,-46,107,D,,,,39,02:00,87,72,
2007,RS,12,135,550,BAS,PAJK,"VIDAL, SERGI",FTM,Free Throw In,1,-1,-1, ,,,,39,02:00,88,72,
2007,RS,12,135,551,BAS,PAJK,"VIDAL, SERGI",FTM,Free Throw In,1,-1,-1, ,,,,39,02:00,89,72,
2007,RS,12,135,555,LJU,PTGJ,"MOCNIK, JAN",3FGA,Missed Three Pointer,0,397,564,G,,,,40,01:00,89,72,
2007,RS,12,135,561,BAS,P000018,"GARCIA, ANDER",3FGA,Missed Three Pointer,0,664,94,A,,,,40,01:00,89,72,
2007,RS,12,135,564,LJU,PTGG,"TAYLOR, RONELL",2FGM,Two Pointer,2,-79,41,D,,,,40,01:00,89,74,
2007,RS,12,136,2,ZAL,PJCC,"MACIULIS, JONAS",2FGA,Missed Two Pointer,0,141,58,C,,,,1,10:00,0,0,
2007,RS,12,136,4,CSK,PBEB,"LANGDON, TRAJAN",3FGM,Three Pointer,3,638,233,A,,,,1,10:00,0,3,
2007,RS,12,136,6,ZAL,PBWI,"JANKUNAS, PAULIUS",2FGA,Missed Two Pointer,0,-79,87,D,,,,1,10:00,0,3,
2007,RS,12,136,9,CSK,PBEB,"LANGDON, TRAJAN",2FGM,Two Pointer,2,-130,428,I,,,,2,09:00,0,5,
2007,RS,12,136,13,ZAL,PADX,"ZUKAUSKAS, EURELIJUS",FTM,Free Throw In,1,-1,-1, ,,,,2,09:00,1,5,
2007,RS,12,136,18,CSK,PJMM,"SISKAUSKAS, RAMUNAS",2FGA,Missed Two Pointer,0,28,182,C,,,,2,09:00,1,5,
2007,RS,12,136,21,ZAL,PBDB,"COLLINS, DeJUAN",3FGM,Three Pointer,3,-335,628,J,,,,3,08:00,4,5,
2007,RS,12,136,22,CSK,PAKT,"ANDERSEN, DAVID",2FGA,Missed Two Pointer,0,-135,43,D,,,,3,08:00,4,5,
2007,RS,12,136,24,ZAL,PAHT,"BROWN, MARCUS",3FGM,Three Pointer,3,374,600,G,,,,3,08:00,7,5,
2007,RS,12,136,29,CSK,PJMM,"SISKAUSKAS, RAMUNAS",2FGM,Two Pointer,2,-258,341,E,,,,4,07:00,7,7,
2007,RS,12,136,33,CSK,PJMM,"SISKAUSKAS, RAMUNAS",2FGA,Missed Two Pointer,0,-41,53,D,,,,4,07:00,7,7,
2007,RS,12,136,35,CSK,PAUC,"GOREE, MARCUS",2FGM,Two Pointer,2,-35,71,D,,,,4,07:00,7,9,
2007,RS,12,136,37,ZAL,PADX,"ZUKAUSKAS, EURELIJUS",2FGA,Missed Two Pointer,0,0,110,D,,,,5,06:00,7,9,
2007,RS,12,136,39,CSK,PBEB,"LANGDON, TRAJAN",3FGM,Three Pointer,3,646,194,A,,,,5,06:00,7,12,
2007,RS,12,136,47,ZAL,PAHT,"BROWN, MARCUS",FTM,Free Throw In,1,-1,-1, ,,,,5,06:00,8,12,
2007,RS,12,136,48,ZAL,PAHT,"BROWN, MARCUS",FTM,Free Throw In,1,-1,-1, ,,,,5,06:00,9,12,
2007,RS,12,136,50,CSK,PAKT,"ANDERSEN, DAVID",2FGA,Missed Two Pointer,0,-20,176,D,,,,6,05:00,9,12,
2007,RS,12,136,52,ZAL,PBDB,"COLLINS, DeJUAN",2FGM,Two Pointer,2,376,112,B,,,,6,05:00,11,12,
2007,RS,12,136,53,CSK,PAKT,"ANDERSEN, DAVID",3FGM,Three Pointer,3,-64,702,J,,,,6,05:00,11,15,
2007,RS,12,136,56,ZAL,PBDB,"COLLINS, DeJUAN",3FGM,Three Pointer,3,-112,679,J,,,,7,04:00,14,15,
2007,RS,12,136,60,CSK,PATW,"PAPALOUKAS, THEODOROS",2FGM,Two Pointer,2,-2,2,D,,,,7,04:00,14,17,
2007,RS,12,136,62,ZAL,PAHT,"BROWN, MARCUS",2FGA,Missed Two Pointer,0,35,105,C,,,,7,04:00,14,17,
2007,RS,12,136,65,CSK,PJMM,"SISKAUSKAS, RAMUNAS",3FGM,Three Pointer,3,-17,679,J,,,,8,03:00,14,20,
2007,RS,12,136,67,ZAL,PBWI,"JANKUNAS, PAULIUS",3FGA,Missed Three Pointer,0,-402,543,J,,,,8,03:00,14,20,
2007,RS,12,136,80,ZAL,PBDB,"COLLINS, DeJUAN",2FGA,Missed Two Pointer,0,-151,115,D,,,,9,02:00,14,20,
2007,RS,12,136,82,ZAL,PBDB,"COLLINS, DeJUAN",2FGA,Missed Two Pointer,0,297,94,B,,,,9,02:00,14,20,
2007,RS,12,136,84,CSK,PAKT,"ANDERSEN, DAVID",2FGM,Two Pointer,2,-2,92,D,,,,9,02:00,14,22,
2007,RS,12,136,88,ZAL,PATP,"POPOVIC, MARKO",2FGA,Missed Two Pointer,0,-123,82,D,,,,9,02:00,14,22,
2007,RS,12,136,91,CSK,PAKT,"ANDERSEN, DAVID",2FGM,Two Pointer,2,-48,115,D,,,,10,01:00,14,24,
2007,RS,12,136,92,ZAL,PJBX,"KALNIETIS, MANTAS",2FGA,Missed Two Pointer,0,-153,56,D,,,,10,01:00,14,24,
2007,RS,12,136,94,CSK,PATW,"PAPALOUKAS, THEODOROS",2FGM,Two Pointer,2,-43,69,D,,,,10,01:00,14,26,
2007,RS,12,136,101,ZAL,PBDE,"JURAK, GORAN",FTM,Free Throw In,1,-1,-1, ,,,,10,01:00,15,26,
2007,RS,12,136,104,ZAL,PBDE,"JURAK, GORAN",FTM,Free Throw In,1,-1,-1, ,,,,10,01:00,16,26,
2007,RS,12,136,105,CSK,PAKT,"ANDERSEN, DAVID",3FGA,Missed Three Pointer,0,135,666,G,,,,10,01:00,16,26,
2007,RS,12,136,122,CSK,PAKT,"ANDERSEN, DAVID",2FGA,Missed Two Pointer,0,333,66,B,,,,11,10:00,16,26,
2007,RS,12,136,126,ZAL,PBDE,"JURAK, GORAN",3FGA,Missed Three Pointer,0,-458,546,J,,,,11,10:00,16,26,
2007,RS,12,136,131,ZAL,PATP,"POPOVIC, MARKO",3FGA,Missed Three Pointer,0,307,658,G,,,,12,09:00,16,26,
2007,RS,12,136,134,CSK,PATW,"PAPALOUKAS, THEODOROS",2FGA,Missed Two Pointer,0,48,164,C,,,,12,09:00,16,26,
2007,RS,12,136,136,ZAL,PBWI,"JANKUNAS, PAULIUS",2FGM,Two Pointer,2,-94,46,D,,,,12,09:00,18,26,
2007,RS,12,136,140,ZAL,PBWI,"JANKUNAS, PAULIUS",2FGA,Missed Two Pointer,0,-89,161,D,,,,13,08:00,18,26,
2007,RS,12,136,142,CSK,PAUC,"GOREE, MARCUS",2FGM,Two Pointer,2,30,53,C,,,,13,08:00,18,28,
2007,RS,12,136,144,ZAL,PJBX,"KALNIETIS, MANTAS",2FGM,Two Pointer,2,-30,158,D,,,,13,08:00,20,28,
2007,RS,12,136,146,CSK,PLHI,"VORONTSEVICH, ANDREY",3FGA,Missed Three Pointer,0,-625,315,F,,,,14,07:00,20,28,
2007,RS,12,136,154,ZAL,PBDE,"JURAK, GORAN",3FGM,Three Pointer,3,-682,7,F,,,,14,07:00,23,28,
2007,RS,12,136,163,CSK,PBEB,"LANGDON, TRAJAN",2FGM,Two Pointer,2,71,38,C,,,,15,06:00,23,30,
2007,RS,12,136,164,ZAL,PBDB,"COLLINS, DeJUAN",2FGM,Two Pointer,2,-494,112,E,,,,15,06:00,25,30,
2007,RS,12,136,165,CSK,PJMM,"SISKAUSKAS, RAMUNAS",2FGM,Two Pointer,2,-58,35,D,,,,15,06:00,25,32,
2007,RS,12,136,167,ZAL,PBDE,"JURAK, GORAN",2FGAB,Missed Two Pointer,0,15,87,C,,,,16,05:00,25,32,
2007,RS,12,136,175,CSK,PAQO,"HOLDEN, JON ROBERT",2FGM,Two Pointer,2,-500,20,E,,,,16,05:00,25,34,
2007,RS,12,136,177,ZAL,PATP,"POPOVIC, MARKO",2FGM,Two Pointer,2,105,41,C,,,,16,05:00,27,34,
2007,RS,12,136,179,CSK,PJMM,"SISKAUSKAS, RAMUNAS",2FGM,Two Pointer,2,-61,64,D,,,,17,04:00,27,36,
2007,RS,12,136,180,ZAL,PBWI,"JANKUNAS, PAULIUS",3FGA,Missed Three Pointer,0,115,687,G,,,,17,04:00,27,36,
2007,RS,12,136,194,ZAL,PADX,"ZUKAUSKAS, EURELIJUS",2FGA,Missed Two Pointer,0,-146,20,D,,,,18,03:00,27,36,
2007,RS,12,136,196,CSK,PAKT,"ANDERSEN, DAVID",2FGM,Two Pointer,2,74,46,C,,,,18,03:00,27,38,
2007,RS,12,136,197,ZAL,PBDB,"COLLINS, DeJUAN",2FGA,Missed Two Pointer,0,-125,58,D,,,,18,03:00,27,38,
2007,RS,12,136,200,CSK,PJMM,"SISKAUSKAS, RAMUNAS",3FGM,Three Pointer,3,700,146,A,,,,19,02:00,27,41,
2007,RS,12,136,203,ZAL,PATP,"POPOVIC, MARKO",2FGA,Missed Two Pointer,0,-97,141,D,,,,19,02:00,27,41,
2007,RS,12,136,205,CSK,PATW,"PAPALOUKAS, THEODOROS",2FGM,Two Pointer,2,25,82,C,,,,19,02:00,27,43,
2007,RS,12,136,207,ZAL,PAHT,"BROWN, MARCUS",2FGA,Missed Two Pointer,0,-58,117,D,,,,20,01:00,27,43,
2007,RS,12,136,215,ZAL,PAHT,"BROWN, MARCUS",3FGA,Missed Three Pointer,0,387,630,G,,,,20,01:00,27,43,
2007,RS,12,136,217,CSK,PBEB,"LANGDON, TRAJAN",3FGM,Three Pointer,3,674,230,A,,,,20,01:00,27,46,
2007,RS,12,136,219,ZAL,PATP,"POPOVIC, MARKO",3FGM,Three Pointer,3,-15,815,J,,,,20,01:00,30,46,
2007,RS,12,136,220,CSK,PJMM,"SISKAUSKAS, RAMUNAS",3FGA,Missed Three Pointer,0,-400,612,J,,,,20,01:00,30,46,
2007,RS,12,136,231,CSK,PJMM,"SISKAUSKAS, RAMUNAS",2FGM,Two Pointer,2,5,161,C,,,,21,10:00,30,48,
2007,RS,12,136,232,ZAL,PBDB,"COLLINS, DeJUAN",3FGM,Three Pointer,3,469,517,G,,,,21,10:00,33,48,
2007,RS,12,136,235,CSK,PAQO,"HOLDEN, JON ROBERT",3FGM,Three Pointer,3,605,361,A,,,,22,09:00,33,51,
2007,RS,12,136,238,ZAL,PJCC,"MACIULIS, JONAS",3FGA,Missed Three Pointer,0,-446,564,J,,,,22,09:00,33,51,
2007,RS,12,136,241,ZAL,PBDB,"COLLINS, DeJUAN",3FGM,Three Pointer,3,-658,151,F,,,,23,08:00,36,51,
2007,RS,12,136,242,CSK,PAKT,"ANDERSEN, DAVID",3FGM,Three Pointer,3,-317,625,J,,,,23,08:00,36,54,
2007,RS,12,136,244,ZAL,PAHT,"BROWN, MARCUS",3FGA,Missed Three Pointer,0,-389,594,J,,,,23,08:00,36,54,
2007,RS,12,136,249,ZAL,PANY,"SALENGA, DAINIUS",3FGM,Three Pointer,3,-676,156,F,,,,24,07:00,39,54,
2007,RS,12,136,255,CSK,PAKT,"ANDERSEN, DAVID",2FGA,Missed Two Pointer,0,0,87,D,,,,24,07:00,39,54,
2007,RS,12,136,257,ZAL,PBWI,"JANKUNAS, PAULIUS",2FGA,Missed Two Pointer,0,133,197,C,,,,24,07:00,39,54,
2007,RS,12,136,260,CSK,PLHI,"VORONTSEVICH, ANDREY",3FGM,Three Pointer,3,235,689,G,,,,25,06:00,39,57,
2007,RS,12,136,265,CSK,PAQO,"HOLDEN, JON ROBERT",2FGM,Two Pointer,2,-53,87,D,,,,25,06:00,39,59,
2007,RS,12,136,267,ZAL,PAHT,"BROWN, MARCUS",3FGA,Missed Three Pointer,0,551,492,G,,,,26,05:00,39,59,
2007,RS,12,136,271,CSK,PAQO,"HOLDEN, JON ROBERT",3FGA,Missed Three Pointer,0,-530,476,J,,,,26,05:00,39,59,
2007,RS,12,136,273,ZAL,PADX,"ZUKAUSKAS, EURELIJUS",2FGA,Missed Two Pointer,0,-82,128,D,,,,26,05:00,39,59,
2007,RS,12,136,276,ZAL,PATP,"POPOVIC, MARKO",2FGM,Two Pointer,2,-38,79,D,,,,27,04:00,41,59,
2007,RS,12,136,281,CSK,PAKT,"ANDERSEN, DAVID",2FGM,Two Pointer,2,-364,69,E,,,,27,04:00,41,61,
2007,RS,12,136,290,CSK,PAQO,"HOLDEN, JON ROBERT",2FGM,Two Pointer,2,125,20,C,,,,27,04:00,41,63,
2007,RS,12,136,296,ZAL,PJBX,"KALNIETIS, MANTAS",3FGM,Three Pointer,3,461,579,G,,,,28,03:00,44,63,
2007,RS,12,136,301,CSK,PAQO,"HOLDEN, JON ROBERT",3FGA,Missed Three Pointer,0,-605,376,F,,,,29,02:00,44,63,
2007,RS,12,136,303,ZAL,PBDE,"JURAK, GORAN",2FGM,Two Pointer,2,-17,82,D,,,,29,02:00,46,63,
2007,RS,12,136,304,CSK,PBEB,"LANGDON, TRAJAN",2FGA,Missed Two Pointer,0,194,338,C,,,,29,02:00,46,63,
2007,RS,12,136,307,ZAL,PBWI,"JANKUNAS, PAULIUS",2FGAB,Missed Two Pointer,0,-28,128,D,,,,30,01:00,46,63,
2007,RS,12,136,319,CSK,PJMM,"SISKAUSKAS, RAMUNAS",3FGM,Three Pointer,3,687,97,A,,,,30,01:00,46,66,
2007,RS,12,136,333,CSK,PBEB,"LANGDON, TRAJAN",3FGM,Three Pointer,3,571,402,A,,,,31,10:00,46,69,
2007,RS,12,136,334,ZAL,PATP,"POPOVIC, MARKO",3FGM,Three Pointer,3,651,287,A,,,,31,10:00,49,69,
2007,RS,12,136,339,CSK,PJMM,"SISKAUSKAS, RAMUNAS",3FGA,Missed Three Pointer,0,-676,-17,F,,,,32,09:00,49,69,
2007,RS,12,136,341,CSK,PAKT,"ANDERSEN, DAVID",2FGM,Two Pointer,2,-38,71,D,,,,32,09:00,49,71,
2007,RS,12,136,346,ZAL,PATP,"POPOVIC, MARKO",3FGA,Missed Three Pointer,0,-28,705,J,,,,32,09:00,49,71,
2007,RS,12,136,349,CSK,PAKT,"ANDERSEN, DAVID",2FGA,Missed Two Pointer,0,-100,51,D,,,,33,08:00,49,71,
2007,RS,12,136,351,ZAL,PJCC,"MACIULIS, JONAS",2FGAB,Missed Two Pointer,0,48,66,C,,,,33,08:00,49,71,
2007,RS,12,136,355,CSK,PBEB,"LANGDON, TRAJAN",3FGM,Three Pointer,3,-661,107,F,,,,33,08:00,49,74,
2007,RS,12,136,361,ZAL,PBDB,"COLLINS, DeJUAN",2FGA,Missed Two Pointer,0,33,112,C,,,,33,08:00,49,74,
2007,RS,12,136,368,ZAL,PATP,"POPOVIC, MARKO",3FGA,Missed Three Pointer,0,33,710,G,,,,34,07:00,49,74,
2007,RS,12,136,370,CSK,PAQO,"HOLDEN, JON ROBERT",3FGA,Missed Three Pointer,0,317,615,G,,,,34,07:00,49,74,
2007,RS,12,136,374,ZAL,PBWI,"JANKUNAS, PAULIUS",2FGA,Missed Two Pointer,0,-423,161,E,,,,34,07:00,49,74,
2007,RS,12,136,377,CSK,PAQO,"HOLDEN, JON ROBERT",2FGA,Missed Two Pointer,0,-89,10,D,,,,35,06:00,49,74,
2007,RS,12,136,379,CSK,PAUC,"GOREE, MARCUS",2FGA,Missed Two Pointer,0,-69,51,D,,,,35,06:00,49,74,
2007,RS,12,136,381,CSK,PABN,"ZISIS, NIKOLAOS",2FGM,Two Pointer,2,33,302,C,,,,35,06:00,49,76,
2007,RS,12,136,382,ZAL,PAHT,"BROWN, MARCUS",2FGA,Missed Two Pointer,0,425,2,B,,,,35,06:00,49,76,
2007,RS,12,136,385,CSK,PAUC,"GOREE, MARCUS",2FGA,Missed Two Pointer,0,151,48,C,,,,36,05:00,49,76,
2007,RS,12,136,387,ZAL,PBWI,"JANKUNAS, PAULIUS",2FGM,Two Pointer,2,33,138,C,,,,36,05:00,51,76,
2007,RS,12,136,388,CSK,PABN,"ZISIS, NIKOLAOS",3FGA,Missed Three Pointer,0,-2,697,J,,,,36,05:00,51,76,
2007,RS,12,136,401,CSK,PAKT,"ANDERSEN, DAVID",FTM,Free Throw In,1,-1,-1, ,,,,36,05:00,51,77,
2007,RS,12,136,402,CSK,PAKT,"ANDERSEN, DAVID",FTM,Free Throw In,1,-1,-1, ,,,,36,05:00,51,78,
2007,RS,12,136,408,ZAL,PJBX,"KALNIETIS, MANTAS",2FGM,Two Pointer,2,89,112,C,,,,37,04:00,53,78,
2007,RS,12,136,409,CSK,PJMM,"SISKAUSKAS, RAMUNAS",3FGM,Three Pointer,3,415,574,G,,,,37,04:00,53,81,
2007,RS,12,136,412,ZAL,PBDE,"JURAK, GORAN",3FGM,Three Pointer,3,-369,607,J,,,,38,03:00,56,81,
2007,RS,12,136,418,CSK,PABN,"ZISIS, NIKOLAOS",3FGAB,Missed Three Pointer,0,656,207,A,,,,38,03:00,56,81,
2007,RS,12,136,427,ZAL,PJCC,"MACIULIS, JONAS",2FGAB,Missed Two Pointer,0,-61,35,D,,,,39,02:00,56,81,
2007,RS,12,136,431,CSK,PABN,"ZISIS, NIKOLAOS",2FGA,Missed Two Pointer,0,-97,0,D,,,,39,02:00,56,81,
2007,RS,12,136,433,ZAL,PJBX,"KALNIETIS, MANTAS",2FGM,Two Pointer,2,-20,92,D,,,,39,02:00,58,81,
2007,RS,12,136,439,CSK,PKVZ,"SHVED, ALEXEY",3FGM,Three Pointer,3,-58,720,J,,,,39,02:00,58,84,
2007,RS,12,136,441,ZAL,PJBX,"KALNIETIS, MANTAS",2FGM,Two Pointer,2,107,23,C,,,,40,01:00,60,84,
2007,RS,12,136,443,CSK,PTFF,"ZABELIN, ARTEM",2FGM,Two Pointer,2,-38,82,D,,,,40,01:00,60,86,
2007,RS,12,136,445,ZAL,PBDB,"COLLINS, DeJUAN",2FGAB,Missed Two Pointer,0,-66,76,D,,,,40,01:00,60,86,
2007,RS,12,136,449,CSK,PTFF,"ZABELIN, ARTEM",2FGM,Two Pointer,2,-5,89,D,,,,40,01:00,60,88,
2007,RS,12,136,450,ZAL,PBDB,"COLLINS, DeJUAN",2FGA,Missed Two Pointer,0,-238,420,E,,,,40,01:00,60,88,
2007,RS,12,137,2,ARI,PLGV,"MASSEY, JEREMIAH",2FGA,Missed Two Pointer,0,-164,174,D,,,,1,10:00,0,0,
2007,RS,12,137,4,MIL,PKNZ,"WATSON, TRAVIS",2FGM,Two Pointer,2,79,15,C,,,,1,10:00,2,0,
2007,RS,12,137,6,ARI,PLGM,"TSALDARIS, DIMITRIOS",2FGM,Two Pointer,2,-69,307,D,,,,1,10:00,2,2,
2007,RS,12,137,10,ARI,PLGV,"MASSEY, JEREMIAH",3FGA,Missed Three Pointer,0,666,105,A,,,,2,09:00,2,2,
2007,RS,12,137,16,MIL,PAVD,"BOOKER, MELVIN",2FGM,Two Pointer,2,166,315,C,,,,2,09:00,4,2,
2007,RS,12,137,18,ARI,PLGM,"TSALDARIS, DIMITRIOS",3FGA,Missed Three Pointer,0,38,666,G,,,,3,08:00,4,2,
2007,RS,12,137,20,MIL,PAVD,"BOOKER, MELVIN",2FGA,Missed Two Pointer,0,166,569,H,,,,3,08:00,4,2,
2007,RS,12,137,22,ARI,PBDH,"MOTTOLA, HANNO",2FGA,Missed Two Pointer,0,15,192,C,,,,3,08:00,4,2,
2007,RS,12,137,25,MIL,PAVD,"BOOKER, MELVIN",3FGM,Three Pointer,3,569,371,A,,,,4,07:00,7,2,
2007,RS,12,137,27,ARI,PBDH,"MOTTOLA, HANNO",3FGM,Three Pointer,3,-166,638,J,,,,4,07:00,7,5,
2007,RS,12,137,30,ARI,PJXV,"CASTLE, TERREL",3FGM,Three Pointer,3,474,471,G,,,,4,07:00,7,8,
2007,RS,12,137,32,MIL,PKRD,"GALLINARI, DANILO",2FGM,Two Pointer,2,-56,0,D,,,,5,06:00,9,8,
2007,RS,12,137,35,MIL,PAUT,"VUKCEVIC, DUSAN",3FGM,Three Pointer,3,97,646,G,,,,5,06:00,12,8,
2007,RS,12,137,44,ARI,PBDH,"MOTTOLA, HANNO",FTM,Free Throw In,1,-1,-1, ,,,,6,05:00,12,9,
2007,RS,12,137,45,ARI,PBDH,"MOTTOLA, HANNO",FTM,Free Throw In,1,-1,-1, ,,,,6,05:00,12,10,
2007,RS,12,137,46,MIL,PLGS,"SESAY, ANSU",3FGA,Missed Three Pointer,0,15,674,G,,,,6,05:00,12,10,
2007,RS,12,137,52,MIL,PKNZ,"WATSON, TRAVIS",2FGM,Two Pointer,2,-35,12,D,,,,6,05:00,14,10,
2007,RS,12,137,56,ARI,PBDH,"MOTTOLA, HANNO",2FGA,Missed Two Pointer,0,-110,28,D,,,,7,04:00,14,10,
2007,RS,12,137,60,MIL,P000664,"KATELYNAS, MINDAUGAS",2FGAB,Missed Two Pointer,0,107,64,C,,,,7,04:00,14,10,
2007,RS,12,137,63,ARI,PTEM,"WRIGHT, BRACEY",2FGM,Two Pointer,2,-51,69,D,,,,7,04:00,14,12,
2007,RS,12,137,65,MIL,PAUT,"VUKCEVIC, DUSAN",2FGA,Missed Two Pointer,0,-115,530,I,,,,8,03:00,14,12,
2007,RS,12,137,67,MIL,PKNZ,"WATSON, TRAVIS",2FGA,Missed Two Pointer,0,-58,38,D,,,,8,03:00,14,12,
2007,RS,12,137,69,MIL,PKNZ,"WATSON, TRAVIS",2FGM,Two Pointer,2,-38,7,D,,,,8,03:00,16,12,
2007,RS,12,137,81,MIL,P000664,"KATELYNAS, MINDAUGAS",2FGM,Two Pointer,2,-41,23,D,,,,8,03:00,18,12,
2007,RS,12,137,84,ARI,PLGM,"TSALDARIS, DIMITRIOS",3FGA,Missed Three Pointer,0,-638,187,F,,,,9,02:00,18,12,
2007,RS,12,137,86,MIL,P000689,"GIOVACCHINI, ANTHONY",2FGM,Two Pointer,2,-41,10,D,,,,9,02:00,20,12,
2007,RS,12,137,94,ARI,PLGM,"TSALDARIS, DIMITRIOS",FTM,Free Throw In,1,-1,-1, ,,,,9,02:00,20,13,
2007,RS,12,137,101,MIL,PAUT,"VUKCEVIC, DUSAN",2FGA,Missed Two Pointer,0,-61,169,D,,,,9,02:00,20,13,
2007,RS,12,137,103,MIL,PAUT,"VUKCEVIC, DUSAN",3FGA,Missed Three Pointer,0,-656,-28,F,,,,9,02:00,20,13,
2007,RS,12,137,106,ARI,PLGM,"TSALDARIS, DIMITRIOS",2FGM,Two Pointer,2,-58,12,D,,,,10,01:00,20,15,
2007,RS,12,137,115,MIL,PAUT,"VUKCEVIC, DUSAN",2FGA,Missed Two Pointer,0,-43,-5,D,,,,10,01:00,20,15,
2007,RS,12,137,117,MIL,P000664,"KATELYNAS, MINDAUGAS",2FGA,Missed Two Pointer,0,-61,15,D,,,,10,01:00,20,15,
2007,RS,12,137,121,ARI,PJIX,"AGADAKOS, LAZAROS",FTM,Free Throw In,1,-1,-1, ,,,,11,10:00,20,16,
2007,RS,12,137,132,ARI,PKRF,"ILIADIS, SAVVAS",2FGA,Missed Two Pointer,0,-92,53,D,,,,11,10:00,20,16,
2007,RS,12,137,137,MIL,P000664,"KATELYNAS, MINDAUGAS",2FGM,Two Pointer,2,-33,2,D,,,,12,09:00,22,16,
2007,RS,12,137,138,ARI,PAPT,"BOISA, VLADIMER",3FGM,Three Pointer,3,671,56,A,,,,12,09:00,22,19,
2007,RS,12,137,140,MIL,P000664,"KATELYNAS, MINDAUGAS",3FGA,Missed Three Pointer,0,-615,235,F,,,,13,08:00,22,19,
2007,RS,12,137,144,ARI,PJIX,"AGADAKOS, LAZAROS",2FGA,Missed Two Pointer,0,110,23,C,,,,13,08:00,22,19,
2007,RS,12,137,150,MIL,PAVD,"BOOKER, MELVIN",3FGA,Missed Three Pointer,0,-235,628,J,,,,13,08:00,22,19,
2007,RS,12,137,152,MIL,PTEQ,"ARADORI, PIETRO",2FGM,Two Pointer,2,-38,10,D,,,,13,08:00,24,19,
2007,RS,12,137,154,ARI,PAPT,"BOISA, VLADIMER",2FGA,Missed Two Pointer,0,-2,102,D,,,,14,07:00,24,19,
2007,RS,12,137,160,ARI,PTEM,"WRIGHT, BRACEY",3FGM,Three Pointer,3,320,584,G,,,,14,07:00,24,22,
2007,RS,12,137,173,ARI,PTEM,"WRIGHT, BRACEY",3FGM,Three Pointer,3,-117,646,J,,,,15,06:00,24,25,
2007,RS,12,137,174,MIL,PTEQ,"ARADORI, PIETRO",3FGA,Missed Three Pointer,0,674,-2,A,,,,15,06:00,24,25,
2007,RS,12,137,176,ARI,PLSZ,"WASHINGTON, DARIUS",2FGA,Missed Two Pointer,0,-428,48,E,,,,15,06:00,24,25,
2007,RS,12,137,182,MIL,P000689,"GIOVACCHINI, ANTHONY",2FGM,Two Pointer,2,20,600,H,,,,16,05:00,26,25,
2007,RS,12,137,184,ARI,PTEM,"WRIGHT, BRACEY",3FGA,Missed Three Pointer,0,166,643,G,,,,16,05:00,26,25,
2007,RS,12,137,191,ARI,PAPI,"KALAITZIS, GEORGIOS",2FGM,Two Pointer,2,38,17,C,,,,17,04:00,26,27,
2007,RS,12,137,195,MIL,PKNZ,"WATSON, TRAVIS",FTM,Free Throw In,1,-1,-1, ,,,,17,04:00,27,27,
2007,RS,12,137,201,ARI,PAPI,"KALAITZIS, GEORGIOS",3FGA,Missed Three Pointer,0,661,0,A,,,,17,04:00,27,27,
2007,RS,12,137,204,MIL,PKRD,"GALLINARI, DANILO",2FGM,Two Pointer,2,-166,161,D,,,,18,03:00,29,27,
2007,RS,12,137,205,ARI,PTEM,"WRIGHT, BRACEY",3FGA,Missed Three Pointer,0,579,364,A,,,,18,03:00,29,27,
2007,RS,12,137,207,MIL,PAUT,"VUKCEVIC, DUSAN",2FGA,Missed Two Pointer,0,41,597,H,,,,18,03:00,29,27,
2007,RS,12,137,212,ARI,PTEM,"WRIGHT, BRACEY",2FGM,Two Pointer,2,46,38,C,,,,19,02:00,29,29,
2007,RS,12,137,213,MIL,P000689,"GIOVACCHINI, ANTHONY",2FGM,Two Pointer,2,76,7,C,,,,19,02:00,31,29,
2007,RS,12,137,218,MIL,P000689,"GIOVACCHINI, ANTHONY",FTM,Free Throw In,1,-1,-1, ,,,,19,02:00,32,29,
2007,RS,12,137,221,ARI,PLGM,"TSALDARIS, DIMITRIOS",FTM,Free Throw In,1,-1,-1, ,,,,19,02:00,32,30,
2007,RS,12,137,222,ARI,PLGM,"TSALDARIS, DIMITRIOS",FTM,Free Throw In,1,-1,-1, ,,,,19,02:00,32,31,
2007,RS,12,137,227,MIL,PLGS,"SESAY, ANSU",FTM,Free Throw In,1,-1,-1, ,,,,19,02:00,33,31,
2007,RS,12,137,231,MIL,PAUT,"VUKCEVIC, DUSAN",2FGM,Two Pointer,2,56,15,C,,,,20,01:00,35,31,
2007,RS,12,137,233,ARI,PJIX,"AGADAKOS, LAZAROS",2FGM,Two Pointer,2,-48,10,D,,,,20,01:00,35,33,
2007,RS,12,137,235,MIL,P000689,"GIOVACCHINI, ANTHONY",3FGA,Missed Three Pointer,0,-674,-33,F,,,,20,01:00,35,33,
2007,RS,12,137,236,ARI,PLGM,"TSALDARIS, DIMITRIOS",3FGA,Missed Three Pointer,0,-271,1094,J,,,,20,01:00,35,33,
2007,RS,12,137,250,MIL,PLGS,"SESAY, ANSU",3FGM,Three Pointer,3,666,53,A,,,,21,10:00,38,33,
2007,RS,12,137,251,ARI,PLGV,"MASSEY, JEREMIAH",2FGM,Two Pointer,2,-58,38,D,,,,21,10:00,38,35,
2007,RS,12,137,252,MIL,PLGS,"SESAY, ANSU",2FGM,Two Pointer,2,53,7,C,,,,21,10:00,40,35,
2007,RS,12,137,256,ARI,PLGM,"TSALDARIS, DIMITRIOS",3FGM,Three Pointer,3,94,656,G,,,,22,09:00,40,38,
2007,RS,12,137,265,MIL,P000689,"GIOVACCHINI, ANTHONY",3FGA,Missed Three Pointer,0,-510,515,J,,,,22,09:00,40,38,
2007,RS,12,137,268,ARI,PLGV,"MASSEY, JEREMIAH",2FGA,Missed Two Pointer,0,251,258,B,,,,22,09:00,40,38,
2007,RS,12,137,270,MIL,P000689,"GIOVACCHINI, ANTHONY",3FGA,Missed Three Pointer,0,666,-25,A,,,,22,09:00,40,38,
2007,RS,12,137,273,MIL,PKRD,"GALLINARI, DANILO",2FGM,Two Pointer,2,-2,5,D,,,,22,09:00,42,38,
2007,RS,12,137,277,ARI,PBDH,"MOTTOLA, HANNO",FTM,Free Throw In,1,-1,-1, ,,,,22,09:00,42,39,
2007,RS,12,137,278,ARI,PBDH,"MOTTOLA, HANNO",FTM,Free Throw In,1,-1,-1, ,,,,22,09:00,42,40,
2007,RS,12,137,279,MIL,PKRD,"GALLINARI, DANILO",2FGA,Missed Two Pointer,0,-74,48,D,,,,22,09:00,42,40,
2007,RS,12,137,282,MIL,PAUT,"VUKCEVIC, DUSAN",3FGM,Three Pointer,3,-500,487,J,,,,22,09:00,45,40,
2007,RS,12,137,285,ARI,PTEM,"WRIGHT, BRACEY",2FGM,Two Pointer,2,-48,35,D,,,,24,07:00,45,42,
2007,RS,12,137,288,MIL,PCUG,"SHAW, CASEY",2FGA,Missed Two Pointer,0,-61,5,D,,,,24,07:00,45,42,
2007,RS,12,137,292,ARI,PLGM,"TSALDARIS, DIMITRIOS",2FGM,Two Pointer,2,-51,-12,D,,,,24,07:00,45,44,
2007,RS,12,137,298,ARI,PTEM,"WRIGHT, BRACEY",3FGA,Missed Three Pointer,0,141,658,G,,,,26,05:00,45,44,
2007,RS,12,137,304,MIL,PKRD,"GALLINARI, DANILO",FTM,Free Throw In,1,-1,-1, ,,,,26,05:00,46,44,
2007,RS,12,137,305,MIL,PKRD,"GALLINARI, DANILO",FTM,Free Throw In,1,-1,-1, ,,,,26,05:00,47,44,
2007,RS,12,137,306,ARI,PLGM,"TSALDARIS, DIMITRIOS",2FGM,Two Pointer,2,10,243,C,,,,26,05:00,47,46,
2007,RS,12,137,307,MIL,PAUT,"VUKCEVIC, DUSAN",3FGA,Missed Three Pointer,0,-476,471,J,,,,26,05:00,47,46,
2007,RS,12,137,309,ARI,PJXV,"CASTLE, TERREL",3FGM,Three Pointer,3,415,523,G,,,,26,05:00,47,49,
2007,RS,12,137,318,MIL,PLGS,"SESAY, ANSU",3FGA,Missed Three Pointer,0,-307,620,J,,,,27,04:00,47,49,
2007,RS,12,137,321,ARI,PLGM,"TSALDARIS, DIMITRIOS",2FGA,Missed Two Pointer,0,125,212,C,,,,28,03:00,47,49,
2007,RS,12,137,323,MIL,PKNZ,"WATSON, TRAVIS",2FGM,Two Pointer,2,51,7,C,,,,28,03:00,49,49,
2007,RS,12,137,330,ARI,PJXV,"CASTLE, TERREL",FTM,Free Throw In,1,-1,-1, ,,,,28,03:00,49,50,
2007,RS,12,137,333,MIL,PTEQ,"ARADORI, PIETRO",2FGM,Two Pointer,2,56,25,C,,,,28,03:00,51,50,
2007,RS,12,137,340,ARI,PLGV,"MASSEY, JEREMIAH",FTM,Free Throw In,1,-1,-1, ,,,,29,02:00,51,51,
2007,RS,12,137,341,ARI,PLGV,"MASSEY, JEREMIAH",FTM,Free Throw In,1,-1,-1, ,,,,29,02:00,51,52,
2007,RS,12,137,342,MIL,PTEQ,"ARADORI, PIETRO",2FGA,Missed Two Pointer,0,5,251,C,,,,29,02:00,51,52,
2007,RS,12,137,344,MIL,PKNZ,"WATSON, TRAVIS",2FGM,Two Pointer,2,-33,12,D,,,,29,02:00,53,52,
2007,RS,12,137,351,MIL,PKRD,"GALLINARI, DANILO",FTM,Free Throw In,1,-1,-1, ,,,,30,01:00,54,52,
2007,RS,12,137,352,ARI,PJXV,"CASTLE, TERREL",3FGM,Three Pointer,3,10,682,G,,,,30,01:00,54,55,
2007,RS,12,137,359,ARI,PJIX,"AGADAKOS, LAZAROS",3FGA,Missed Three Pointer,0,-112,1079,J,,,,30,01:00,54,55,
2007,RS,12,137,379,ARI,PTEM,"WRIGHT, BRACEY",2FGA,Missed Two Pointer,0,-297,89,E,,,,31,10:00,54,55,
2007,RS,12,137,387,ARI,PTEM,"WRIGHT, BRACEY",2FGM,Two Pointer,2,-215,497,I,,,,32,09:00,54,57,
2007,RS,12,137,388,MIL,PKRD,"GALLINARI, DANILO",3FGA,Missed Three Pointer,0,-269,617,J,,,,32,09:00,54,57,
2007,RS,12,137,398,MIL,PKNZ,"WATSON, TRAVIS",2FGM,Two Pointer,2,48,2,C,,,,32,09:00,56,57,
2007,RS,12,137,403,ARI,PTEM,"WRIGHT, BRACEY",2FGA,Missed Two Pointer,0,30,602,H,,,,33,08:00,56,57,
2007,RS,12,137,407,MIL,PKNZ,"WATSON, TRAVIS",FTM,Free Throw In,1,-1,-1, ,,,,33,08:00,57,57,
2007,RS,12,137,410,ARI,PJIX,"AGADAKOS, LAZAROS",2FGA,Missed Two Pointer,0,-43,25,D,,,,33,08:00,57,57,
2007,RS,12,137,414,MIL,PLGS,"SESAY, ANSU",2FGA,Missed Two Pointer,0,-61,612,I,,,,33,08:00,57,57,
2007,RS,12,137,417,ARI,PTEM,"WRIGHT, BRACEY",3FGA,Missed Three Pointer,0,682,23,A,,,,34,07:00,57,57,
2007,RS,12,137,421,MIL,PKNZ,"WATSON, TRAVIS",FTM,Free Throw In,1,-1,-1, ,,,,34,07:00,58,57,
2007,RS,12,137,433,ARI,PLGV,"MASSEY, JEREMIAH",2FGM,Two Pointer,2,15,10,C,,,,34,07:00,58,59,
2007,RS,12,137,436,MIL,PAUT,"VUKCEVIC, DUSAN",2FGA,Missed Two Pointer,0,-74,76,D,,,,34,07:00,58,59,
2007,RS,12,137,438,MIL,PLGS,"SESAY, ANSU",2FGA,Missed Two Pointer,0,51,87,C,,,,34,07:00,58,59,
2007,RS,12,137,440,MIL,PLGS,"SESAY, ANSU",2FGA,Missed Two Pointer,0,17,82,C,,,,34,07:00,58,59,
2007,RS,12,137,445,ARI,PAPI,"KALAITZIS, GEORGIOS",3FGM,Three Pointer,3,89,666,G,,,,35,06:00,58,62,
2007,RS,12,137,446,MIL,PAUT,"VUKCEVIC, DUSAN",3FGA,Missed Three Pointer,0,669,-53,A,,,,35,06:00,58,62,
2007,RS,12,137,451,ARI,PAPI,"KALAITZIS, GEORGIOS",3FGA,Missed Three Pointer,0,361,589,G,,,,35,06:00,58,62,
2007,RS,12,137,461,MIL,PAVD,"BOOKER, MELVIN",2FGM,Two Pointer,2,-235,389,E,,,,36,05:00,60,62,
2007,RS,12,137,465,MIL,PKRD,"GALLINARI, DANILO",3FGM,Three Pointer,3,-5,661,J,,,,37,04:00,63,62,
2007,RS,12,137,466,ARI,PLGV,"MASSEY, JEREMIAH",2FGM,Two Pointer,2,41,107,C,,,,37,04:00,63,64,
2007,RS,12,137,472,MIL,PKRD,"GALLINARI, DANILO",FTM,Free Throw In,1,-1,-1, ,,,,37,04:00,64,64,
2007,RS,12,137,473,MIL,PKRD,"GALLINARI, DANILO",FTM,Free Throw In,1,-1,-1, ,,,,37,04:00,65,64,
2007,RS,12,137,475,ARI,PTEM,"WRIGHT, BRACEY",2FGM,Two Pointer,2,107,153,C,,,,38,03:00,65,66,
2007,RS,12,137,476,MIL,PKNZ,"WATSON, TRAVIS",2FGM,Two Pointer,2,-58,7,D,,,,38,03:00,67,66,
2007,RS,12,137,478,ARI,PBDH,"MOTTOLA, HANNO",2FGA,Missed Two Pointer,0,100,233,C,,,,38,03:00,67,66,
2007,RS,12,137,484,ARI,PTEM,"WRIGHT, BRACEY",3FGA,Missed Three Pointer,0,497,479,G,,,,39,02:00,67,66,
2007,RS,12,137,486,MIL,PKRD,"GALLINARI, DANILO",3FGM,Three Pointer,3,-376,538,J,,,,39,02:00,70,66,
2007,RS,12,137,488,ARI,PJXV,"CASTLE, TERREL",3FGM,Three Pointer,3,-189,625,J,,,,39,02:00,70,69,
2007,RS,12,137,489,MIL,PAUT,"VUKCEVIC, DUSAN",3FGA,Missed Three Pointer,0,700,-38,A,,,,39,02:00,70,69,
2007,RS,12,137,492,MIL,PKRD,"GALLINARI, DANILO",3FGM,Three Pointer,3,-687,51,F,,,,40,01:00,73,69,
2007,RS,12,137,495,ARI,PLGM,"TSALDARIS, DIMITRIOS",3FGA,Missed Three Pointer,0,-215,630,J,,,,40,01:00,73,69,
2007,RS,12,137,499,MIL,PAVD,"BOOKER, MELVIN",FTM,Free Throw In,1,-1,-1, ,,,,40,01:00,74,69,
2007,RS,12,137,500,MIL,PAVD,"BOOKER, MELVIN",FTM,Free Throw In,1,-1,-1, ,,,,40,01:00,75,69,
2007,RS,12,137,501,ARI,PTEM,"WRIGHT, BRACEY",3FGA,Missed Three Pointer,0,-292,579,J,,,,40,01:00,75,69,
2007,RS,12,137,507,MIL,PAVD,"BOOKER, MELVIN",FTM,Free Throw In,1,-1,-1, ,,,,40,01:00,76,69,
2007,RS,12,137,508,MIL,PAVD,"BOOKER, MELVIN",FTM,Free Throw In,1,-1,-1, ,,,,40,01:00,77,69,
2007,RS,12,137,509,ARI,PJXV,"CASTLE, TERREL",3FGA,Missed Three Pointer,0,323,589,G,,,,40,01:00,77,69,
2007,RS,12,138,3,TEL,PTFS,"FIZER, MARCUS",2FGM,Two Pointer,2,-35,48,D,,,,1,10:00,0,2,
2007,RS,12,138,5,TEL,PAOZ,"HALPERIN, YOTAM",2FGAB,Missed Two Pointer,0,-25,107,D,,,,1,10:00,0,2,
2007,RS,12,138,9,CIB,PLUI,"HOSKIN, SAM",2FGM,Two Pointer,2,469,494,G,,,,1,10:00,2,2,
2007,RS,12,138,11,TEL,PBES,"BLUTHENTHAL, DAVID",2FGA,Missed Two Pointer,0,-366,356,E,,,,2,09:00,2,2,
2007,RS,12,138,15,CIB,PLUI,"HOSKIN, SAM",2FGM,Two Pointer,2,-48,38,D,,,,2,09:00,4,2,
2007,RS,12,138,16,TEL,PCQD,"CUMMINGS, VONTEEGO",2FGA,Missed Two Pointer,0,-238,276,E,,,,2,09:00,4,2,
2007,RS,12,138,18,TEL,PBES,"BLUTHENTHAL, DAVID",2FGM,Two Pointer,2,17,61,C,,,,2,09:00,4,4,
2007,RS,12,138,20,CIB,PLCC,"WARREN, CHRIS",2FGA,Missed Two Pointer,0,-58,92,D,,,,3,08:00,4,4,
2007,RS,12,138,24,TEL,PBES,"BLUTHENTHAL, DAVID",FTM,Free Throw In,1,-1,-1, ,,,,3,08:00,4,5,
2007,RS,12,138,25,TEL,PBES,"BLUTHENTHAL, DAVID",FTM,Free Throw In,1,-1,-1, ,,,,3,08:00,4,6,
2007,RS,12,138,26,CIB,PKXF,"AYUSO, LARRY",2FGA,Missed Two Pointer,0,-320,105,E,,,,3,08:00,4,6,
2007,RS,12,138,28,CIB,PJDQ,"ANDRIC, LUKSA",2FGM,Two Pointer,2,-43,58,D,,,,3,08:00,6,6,
2007,RS,12,138,29,TEL,PTFS,"FIZER, MARCUS",2FGM,Two Pointer,2,12,66,C,,,,3,08:00,6,8,
2007,RS,12,138,30,CIB,PLCC,"WARREN, CHRIS",2FGA,Missed Two Pointer,0,-17,135,D,,,,3,08:00,6,8,
2007,RS,12,138,33,TEL,PBES,"BLUTHENTHAL, DAVID",3FGA,Missed Three Pointer,0,630,225,A,,,,4,07:00,6,8,
2007,RS,12,138,35,CIB,PLUI,"HOSKIN, SAM",3FGM,Three Pointer,3,-484,443,J,,,,4,07:00,9,8,
2007,RS,12,138,37,TEL,PTFS,"FIZER, MARCUS",2FGA,Missed Two Pointer,0,-61,84,D,,,,5,06:00,9,8,
2007,RS,12,138,39,CIB,P000092,"PRINC, VEDRAN",2FGM,Two Pointer,2,-53,58,D,,,,5,06:00,11,8,
2007,RS,12,138,47,TEL,PAOZ,"HALPERIN, YOTAM",3FGA,Missed Three Pointer,0,512,441,G,,,,5,06:00,11,8,
2007,RS,12,138,51,TEL,PLFR,"BYNUM, WILL",2FGM,Two Pointer,2,-43,25,D,,,,5,06:00,11,10,
2007,RS,12,138,58,CIB,PLCC,"WARREN, CHRIS",3FGM,Three Pointer,3,-430,517,J,,,,7,04:00,14,10,
2007,RS,12,138,60,TEL,PLTS,"MORRIS, TERENCE",2FGM,Two Pointer,2,-2,10,D,,,,7,04:00,14,12,
2007,RS,12,138,62,CIB,PJDQ,"ANDRIC, LUKSA",2FGM,Two Pointer,2,5,7,C,,,,7,04:00,16,12,
2007,RS,12,138,64,TEL,PTFS,"FIZER, MARCUS",2FGA,Missed Two Pointer,0,153,23,C,,,,7,04:00,16,12,
2007,RS,12,138,66,CIB,PJDQ,"ANDRIC, LUKSA",2FGA,Missed Two Pointer,0,-58,5,D,,,,7,04:00,16,12,
2007,RS,12,138,68,CIB,PLCC,"WARREN, CHRIS",2FGM,Two Pointer,2,38,20,C,,,,7,04:00,18,12,
2007,RS,12,138,76,CIB,PKXF,"AYUSO, LARRY",3FGA,Missed Three Pointer,0,-243,605,J,,,,9,02:00,18,12,
2007,RS,12,138,78,TEL,PAOZ,"HALPERIN, YOTAM",2FGM,Two Pointer,2,-46,64,D,,,,9,02:00,18,14,
2007,RS,12,138,80,CIB,PLUI,"HOSKIN, SAM",2FGAB,Missed Two Pointer,0,17,61,C,,,,9,02:00,18,14,
2007,RS,12,138,85,CIB,PLUI,"HOSKIN, SAM",2FGA,Missed Two Pointer,0,30,41,C,,,,9,02:00,18,14,
2007,RS,12,138,88,TEL,PLFR,"BYNUM, WILL",3FGM,Three Pointer,3,-433,505,J,,,,9,02:00,18,17,
2007,RS,12,138,89,CIB,PKXF,"AYUSO, LARRY",3FGA,Missed Three Pointer,0,369,569,G,,,,9,02:00,18,17,
2007,RS,12,138,92,TEL,PLTS,"MORRIS, TERENCE",2FGA,Missed Two Pointer,0,-51,94,D,,,,10,01:00,18,17,
2007,RS,12,138,94,CIB,PLUI,"HOSKIN, SAM",2FGM,Two Pointer,2,-46,28,D,,,,10,01:00,20,17,
2007,RS,12,138,95,TEL,PLTS,"MORRIS, TERENCE",3FGA,Missed Three Pointer,0,-397,535,J,,,,10,01:00,20,17,
2007,RS,12,138,97,CIB,PLCC,"WARREN, CHRIS",3FGA,Missed Three Pointer,0,-517,410,F,,,,10,01:00,20,17,
2007,RS,12,138,104,CIB,PAPL,"MULAOMEROVIC, DAMIR",3FGA,Missed Three Pointer,0,-494,443,J,,,,11,10:00,20,17,
2007,RS,12,138,106,TEL,P000615,"GARCIA, ALEX",2FGAB,Missed Two Pointer,0,-41,94,D,,,,11,10:00,20,17,
2007,RS,12,138,115,TEL,PDHD,"BATISTA, ESTEBAN",2FGA,Missed Two Pointer,0,-33,58,D,,,,12,09:00,20,17,
2007,RS,12,138,117,CIB,PLUI,"HOSKIN, SAM",3FGA,Missed Three Pointer,0,423,556,G,,,,12,09:00,20,17,
2007,RS,12,138,119,TEL,PLFR,"BYNUM, WILL",2FGM,Two Pointer,2,-38,28,D,,,,12,09:00,20,19,
2007,RS,12,138,120,CIB,PLCC,"WARREN, CHRIS",3FGA,Missed Three Pointer,0,648,143,A,,,,12,09:00,20,19,
2007,RS,12,138,122,TEL,PLTS,"MORRIS, TERENCE",3FGA,Missed Three Pointer,0,-469,464,J,,,,12,09:00,20,19,
2007,RS,12,138,124,CIB,PJJV,"ROZIC, MARIN",2FGAB,Missed Two Pointer,0,64,53,C,,,,12,09:00,20,19,
2007,RS,12,138,128,TEL,PAOZ,"HALPERIN, YOTAM",3FGM,Three Pointer,3,-484,438,J,,,,12,09:00,20,22,
2007,RS,12,138,133,CIB,PJJV,"ROZIC, MARIN",2FGA,Missed Two Pointer,0,-7,71,D,,,,13,08:00,20,22,
2007,RS,12,138,139,TEL,PLTS,"MORRIS, TERENCE",2FGM,Two Pointer,2,-43,71,D,,,,13,08:00,20,24,
2007,RS,12,138,146,CIB,PAPL,"MULAOMEROVIC, DAMIR",3FGA,Missed Three Pointer,0,-287,592,J,,,,14,07:00,20,24,
2007,RS,12,138,154,TEL,PDHD,"BATISTA, ESTEBAN",2FGM,Two Pointer,2,-66,89,D,,,,14,07:00,20,26,
2007,RS,12,138,157,CIB,PLUI,"HOSKIN, SAM",FTM,Free Throw In,1,-1,-1, ,,,,14,07:00,21,26,
2007,RS,12,138,158,CIB,PLUI,"HOSKIN, SAM",FTM,Free Throw In,1,-1,-1, ,,,,14,07:00,22,26,
2007,RS,12,138,160,TEL,PLFR,"BYNUM, WILL",2FGM,Two Pointer,2,556,212,B,,,,15,06:00,22,28,
2007,RS,12,138,171,TEL,P000615,"GARCIA, ALEX",3FGM,Three Pointer,3,-612,243,F,,,,15,06:00,22,31,
2007,RS,12,138,177,CIB,PKXF,"AYUSO, LARRY",3FGA,Missed Three Pointer,0,-461,505,J,,,,16,05:00,22,31,
2007,RS,12,138,179,CIB,PCJE,"KASTROPIL, FRANKO",2FGM,Two Pointer,2,-41,41,D,,,,16,05:00,24,31,
2007,RS,12,138,183,TEL,P000615,"GARCIA, ALEX",FTM,Free Throw In,1,-1,-1, ,,,,17,04:00,24,32,
2007,RS,12,138,186,TEL,PDHD,"BATISTA, ESTEBAN",2FGM,Two Pointer,2,-23,46,D,,,,17,04:00,24,34,
2007,RS,12,138,189,TEL,PDHD,"BATISTA, ESTEBAN",2FGM,Two Pointer,2,-35,51,D,,,,17,04:00,24,36,
2007,RS,12,138,197,TEL,PLFR,"BYNUM, WILL",2FGM,Two Pointer,2,-28,43,D,,,,17,04:00,24,38,
2007,RS,12,138,200,CIB,PKXF,"AYUSO, LARRY",2FGA,Missed Two Pointer,0,407,53,B,,,,17,04:00,24,38,
2007,RS,12,138,203,CIB,PLUI,"HOSKIN, SAM",3FGA,Missed Three Pointer,0,-474,479,J,,,,18,03:00,24,38,
2007,RS,12,138,205,TEL,PLFR,"BYNUM, WILL",3FGA,Missed Three Pointer,0,189,643,G,,,,18,03:00,24,38,
2007,RS,12,138,211,TEL,PJFO,"CASSPI, OMRI",2FGA,Missed Two Pointer,0,-161,133,D,,,,18,03:00,24,38,
2007,RS,12,138,221,CIB,PJDQ,"ANDRIC, LUKSA",3FGA,Missed Three Pointer,0,189,638,G,,,,19,02:00,24,38,
2007,RS,12,138,223,TEL,PJFO,"CASSPI, OMRI",2FGM,Two Pointer,2,74,5,C,,,,19,02:00,24,40,
2007,RS,12,138,224,CIB,PAPL,"MULAOMEROVIC, DAMIR",3FGA,Missed Three Pointer,0,-43,664,J,,,,19,02:00,24,40,
2007,RS,12,138,227,TEL,PDHD,"BATISTA, ESTEBAN",2FGM,Two Pointer,2,56,38,C,,,,20,01:00,24,42,
2007,RS,12,138,229,CIB,PLCC,"WARREN, CHRIS",2FGA,Missed Two Pointer,0,-17,58,D,,,,20,01:00,24,42,
2007,RS,12,138,231,TEL,PDHD,"BATISTA, ESTEBAN",2FGM,Two Pointer,2,38,53,C,,,,20,01:00,24,44,
2007,RS,12,138,232,CIB,PLUI,"HOSKIN, SAM",3FGA,Missed Three Pointer,0,425,561,G,,,,20,01:00,24,44,
2007,RS,12,138,249,TEL,PAOZ,"HALPERIN, YOTAM",3FGA,Missed Three Pointer,0,102,964,G,,,,21,10:00,24,44,
2007,RS,12,138,251,TEL,PTFS,"FIZER, MARCUS",2FGA,Missed Two Pointer,0,15,74,C,,,,21,10:00,24,44,
2007,RS,12,138,258,CIB,PLCC,"WARREN, CHRIS",FTM,Free Throw In,1,-1,-1, ,,,,22,09:00,25,44,
2007,RS,12,138,261,TEL,P000615,"GARCIA, ALEX",3FGA,Missed Three Pointer,0,-423,528,J,,,,22,09:00,25,44,
2007,RS,12,138,263,CIB,PJJV,"ROZIC, MARIN",2FGA,Missed Two Pointer,0,-520,241,E,,,,22,09:00,25,44,
2007,RS,12,138,267,TEL,PAOZ,"HALPERIN, YOTAM",FTM,Free Throw In,1,-1,-1, ,,,,22,09:00,25,45,
2007,RS,12,138,268,TEL,PAOZ,"HALPERIN, YOTAM",FTM,Free Throw In,1,-1,-1, ,,,,22,09:00,25,46,
2007,RS,12,138,269,CIB,PLCC,"WARREN, CHRIS",3FGM,Three Pointer,3,-33,789,J,,,,22,09:00,28,46,
2007,RS,12,138,271,TEL,P000615,"GARCIA, ALEX",2FGA,Missed Two Pointer,0,53,23,C,,,,23,08:00,28,46,
2007,RS,12,138,273,CIB,PAON,"KRASIC, BARISA",3FGA,Missed Three Pointer,0,-558,394,F,,,,23,08:00,28,46,
2007,RS,12,138,275,TEL,PTFS,"FIZER, MARCUS",2FGM,Two Pointer,2,-48,89,D,,,,23,08:00,28,48,
2007,RS,12,138,278,TEL,PTFS,"FIZER, MARCUS",FTM,Free Throw In,1,-1,-1, ,,,,23,08:00,28,49,
2007,RS,12,138,286,CIB,PLCC,"WARREN, CHRIS",3FGA,Missed Three Pointer,0,415,553,G,,,,24,07:00,28,49,
2007,RS,12,138,291,CIB,PLUI,"HOSKIN, SAM",2FGM,Two Pointer,2,-46,41,D,,,,24,07:00,30,49,
2007,RS,12,138,296,TEL,PBES,"BLUTHENTHAL, DAVID",3FGA,Missed Three Pointer,0,366,564,G,,,,25,06:00,30,49,
2007,RS,12,138,300,TEL,PLFR,"BYNUM, WILL",2FGM,Two Pointer,2,2,0,D,,,,25,06:00,30,51,
2007,RS,12,138,307,TEL,PTFS,"FIZER, MARCUS",2FGA,Missed Two Pointer,0,2,84,D,,,,25,06:00,30,51,
2007,RS,12,138,309,TEL,PLTS,"MORRIS, TERENCE",2FGA,Missed Two Pointer,0,35,64,C,,,,25,06:00,30,51,
2007,RS,12,138,312,CIB,PLCC,"WARREN, CHRIS",3FGM,Three Pointer,3,433,494,G,,,,26,05:00,33,51,
2007,RS,12,138,319,TEL,PAOZ,"HALPERIN, YOTAM",3FGA,Missed Three Pointer,0,-394,556,J,,,,26,05:00,33,51,
2007,RS,12,138,321,CIB,PTFE,"KELLEY, TRE",3FGM,Three Pointer,3,-207,646,J,,,,26,05:00,36,51,
2007,RS,12,138,322,TEL,PTFS,"FIZER, MARCUS",2FGM,Two Pointer,2,48,38,C,,,,26,05:00,36,53,
2007,RS,12,138,324,CIB,PTFE,"KELLEY, TRE",3FGM,Three Pointer,3,305,607,G,,,,26,05:00,39,53,
2007,RS,12,138,327,TEL,PLTS,"MORRIS, TERENCE",3FGM,Three Pointer,3,338,571,G,,,,27,04:00,39,56,
2007,RS,12,138,328,CIB,PLCC,"WARREN, CHRIS",3FGA,Missed Three Pointer,0,-25,705,J,,,,27,04:00,39,56,
2007,RS,12,138,334,CIB,PJDQ,"ANDRIC, LUKSA",FTM,Free Throw In,1,-1,-1, ,,,,27,04:00,40,56,
2007,RS,12,138,335,CIB,PJDQ,"ANDRIC, LUKSA",FTM,Free Throw In,1,-1,-1, ,,,,27,04:00,41,56,
2007,RS,12,138,336,TEL,PJFO,"CASSPI, OMRI",2FGAB,Missed Two Pointer,0,-43,120,D,,,,27,04:00,41,56,
2007,RS,12,138,339,TEL,PTFS,"FIZER, MARCUS",2FGM,Two Pointer,2,-433,189,E,,,,27,04:00,41,58,
2007,RS,12,138,340,CIB,PLUI,"HOSKIN, SAM",3FGM,Three Pointer,3,-35,687,J,,,,27,04:00,44,58,
2007,RS,12,138,348,TEL,PLTS,"MORRIS, TERENCE",FTM,Free Throw In,1,-1,-1, ,,,,28,03:00,44,59,
2007,RS,12,138,350,CIB,PJDQ,"ANDRIC, LUKSA",2FGM,Two Pointer,2,-51,43,D,,,,29,02:00,46,59,
2007,RS,12,138,358,CIB,PJJV,"ROZIC, MARIN",3FGM,Three Pointer,3,-646,-5,F,,,,29,02:00,49,59,
2007,RS,12,138,361,TEL,PCQD,"CUMMINGS, VONTEEGO",2FGAB,Missed Two Pointer,0,-43,38,D,,,,29,02:00,49,59,
2007,RS,12,138,365,TEL,PAOU,"SHARP, DERRICK",3FGA,Missed Three Pointer,0,607,294,A,,,,29,02:00,49,59,
2007,RS,12,138,370,TEL,PTFS,"FIZER, MARCUS",FTM,Free Throw In,1,-1,-1, ,,,,30,01:00,49,60,
2007,RS,12,138,373,CIB,PJDQ,"ANDRIC, LUKSA",2FGAB,Missed Two Pointer,0,33,53,C,,,,30,01:00,49,60,
2007,RS,12,138,377,CIB,PLCC,"WARREN, CHRIS",2FGA,Missed Two Pointer,0,51,79,C,,,,30,01:00,49,60,
2007,RS,12,138,385,CIB,PTFE,"KELLEY, TRE",FTM,Free Throw In,1,-1,-1, ,,,,30,01:00,50,60,
2007,RS,12,138,388,TEL,PJFO,"CASSPI, OMRI",3FGA,Missed Three Pointer,0,-646,164,F,,,,30,01:00,50,60,
2007,RS,12,138,390,TEL,PDHD,"BATISTA, ESTEBAN",2FGM,Two Pointer,2,41,35,C,,,,30,01:00,50,62,
2007,RS,12,138,391,CIB,PTFE,"KELLEY, TRE",3FGM,Three Pointer,3,12,1120,G,,,,30,01:00,53,62,
2007,RS,12,138,395,CIB,PLUI,"HOSKIN, SAM",2FGA,Missed Two Pointer,0,76,192,C,,,,32,09:00,53,62,
2007,RS,12,138,397,CIB,PJDQ,"ANDRIC, LUKSA",2FGM,Two Pointer,2,-53,28,D,,,,32,09:00,55,62,
2007,RS,12,138,400,TEL,PAOU,"SHARP, DERRICK",3FGA,Missed Three Pointer,0,441,566,G,,,,32,09:00,55,62,
2007,RS,12,138,404,CIB,PLUI,"HOSKIN, SAM",2FGM,Two Pointer,2,482,61,B,,,,32,09:00,57,62,
2007,RS,12,138,415,TEL,PDHD,"BATISTA, ESTEBAN",2FGA,Missed Two Pointer,0,112,84,C,,,,32,09:00,57,62,
2007,RS,12,138,417,CIB,PLUI,"HOSKIN, SAM",2FGM,Two Pointer,2,41,94,C,,,,32,09:00,59,62,
2007,RS,12,138,419,TEL,PDHD,"BATISTA, ESTEBAN",2FGA,Missed Two Pointer,0,-235,510,I,,,,33,08:00,59,62,
2007,RS,12,138,427,CIB,PLUI,"HOSKIN, SAM",3FGM,Three Pointer,3,-515,417,F,,,,33,08:00,62,62,
2007,RS,12,138,437,TEL,PLFR,"BYNUM, WILL",FTM,Free Throw In,1,-1,-1, ,,,,33,08:00,62,63,
2007,RS,12,138,438,TEL,PLFR,"BYNUM, WILL",FTM,Free Throw In,1,-1,-1, ,,,,33,08:00,62,64,
2007,RS,12,138,439,TEL,PLFR,"BYNUM, WILL",FTM,Free Throw In,1,-1,-1, ,,,,33,08:00,62,65,
2007,RS,12,138,441,CIB,PLCC,"WARREN, CHRIS",2FGA,Missed Two Pointer,0,-100,17,D,,,,34,07:00,62,65,
2007,RS,12,138,445,TEL,PLTS,"MORRIS, TERENCE",FTM,Free Throw In,1,-1,-1, ,,,,34,07:00,62,66,
2007,RS,12,138,448,CIB,PTFE,"KELLEY, TRE",3FGM,Three Pointer,3,-620,548,J,,,,34,07:00,65,66,
2007,RS,12,138,449,TEL,PLTS,"MORRIS, TERENCE",2FGA,Missed Two Pointer,0,61,112,C,,,,34,07:00,65,66,
2007,RS,12,138,452,CIB,PTFE,"KELLEY, TRE",2FGA,Missed Two Pointer,0,-66,41,D,,,,35,06:00,65,66,
2007,RS,12,138,455,CIB,PTFE,"KELLEY, TRE",3FGA,Missed Three Pointer,0,-546,407,F,,,,35,06:00,65,66,
2007,RS,12,138,462,TEL,P000615,"GARCIA, ALEX",FTM,Free Throw In,1,-1,-1, ,,,,35,06:00,65,67,
2007,RS,12,138,463,TEL,P000615,"GARCIA, ALEX",FTM,Free Throw In,1,-1,-1, ,,,,35,06:00,65,68,
2007,RS,12,138,464,CIB,PTFE,"KELLEY, TRE",2FGM,Two Pointer,2,-100,158,D,,,,35,06:00,67,68,
2007,RS,12,138,468,TEL,PAOZ,"HALPERIN, YOTAM",FTM,Free Throw In,1,-1,-1, ,,,,36,05:00,67,69,
2007,RS,12,138,469,TEL,PAOZ,"HALPERIN, YOTAM",FTM,Free Throw In,1,-1,-1, ,,,,36,05:00,67,70,
2007,RS,12,138,470,CIB,PLUI,"HOSKIN, SAM",2FGM,Two Pointer,2,-74,33,D,,,,36,05:00,69,70,
2007,RS,12,138,472,TEL,P000615,"GARCIA, ALEX",3FGA,Missed Three Pointer,0,589,466,G,,,,36,05:00,69,70,
2007,RS,12,138,477,TEL,PLFR,"BYNUM, WILL",3FGM,Three Pointer,3,300,597,G,,,,37,04:00,69,73,
2007,RS,12,138,479,CIB,PLUI,"HOSKIN, SAM",2FGM,Two Pointer,2,46,23,C,,,,37,04:00,71,73,
2007,RS,12,138,481,TEL,PLFR,"BYNUM, WILL",3FGA,Missed Three Pointer,0,-430,543,J,,,,37,04:00,71,73,
2007,RS,12,138,483,CIB,PLUI,"HOSKIN, SAM",3FGA,Missed Three Pointer,0,92,666,G,,,,37,04:00,71,73,
2007,RS,12,138,485,TEL,PLTS,"MORRIS, TERENCE",2FGA,Missed Two Pointer,0,-43,20,D,,,,37,04:00,71,73,
2007,RS,12,138,487,CIB,PTFE,"KELLEY, TRE",2FGM,Two Pointer,2,-69,38,D,,,,37,04:00,73,73,
2007,RS,12,138,491,CIB,PTFE,"KELLEY, TRE",FTM,Free Throw In,1,-1,-1, ,,,,38,03:00,74,73,
2007,RS,12,138,492,TEL,PLFR,"BYNUM, WILL",2FGM,Two Pointer,2,87,64,C,,,,38,03:00,74,75,
2007,RS,12,138,499,TEL,PAOZ,"HALPERIN, YOTAM",FTM,Free Throw In,1,-1,-1, ,,,,39,02:00,74,76,
2007,RS,12,138,500,TEL,PAOZ,"HALPERIN, YOTAM",FTM,Free Throw In,1,-1,-1, ,,,,39,02:00,74,77,
2007,RS,12,138,501,CIB,PJJV,"ROZIC, MARIN",2FGM,Two Pointer,2,46,5,C,,,,39,02:00,76,77,
2007,RS,12,138,506,TEL,PTFS,"FIZER, MARCUS",2FGA,Missed Two Pointer,0,28,269,C,,,,39,02:00,76,77,
2007,RS,12,138,509,CIB,PLCC,"WARREN, CHRIS",3FGA,Missed Three Pointer,0,-402,541,J,,,,40,01:00,76,77,
2007,RS,12,138,511,CIB,PLUI,"HOSKIN, SAM",2FGA,Missed Two Pointer,0,-51,117,D,,,,40,01:00,76,77,
2007,RS,12,138,513,TEL,PLTS,"MORRIS, TERENCE",2FGM,Two Pointer,2,382,41,B,,,,40,01:00,76,79,
2007,RS,12,138,526,TEL,PAOZ,"HALPERIN, YOTAM",FTM,Free Throw In,1,-1,-1, ,,,,40,01:00,76,80,
2007,RS,12,138,527,TEL,PAOZ,"HALPERIN, YOTAM",FTM,Free Throw In,1,-1,-1, ,,,,40,01:00,76,81,
2007,RS,12,138,528,CIB,PLCC,"WARREN, CHRIS",3FGA,Missed Three Pointer,0,507,541,G,,,,40,01:00,76,81,
2007,RS,12,139,3,MAL,PKMV,"HAISLIP, MARCUS",2FGA,Missed Two Pointer,0,-12,100,D,,,,1,10:00,0,0,
2007,RS,12,139,5,MAL,PKML,"SANTIAGO, DANIEL",2FGA,Missed Two Pointer,0,35,41,C,,,,1,10:00,0,0,
2007,RS,12,139,7,LEM,PCOC,"BOKOLO, YANNICK",2FGM,Two Pointer,2,-89,20,D,,,,1,10:00,0,2,
2007,RS,12,139,11,MAL,PAWX,"CABEZAS, CARLOS",3FGA,Missed Three Pointer,0,-610,302,F,,,,2,09:00,0,2,
2007,RS,12,139,16,LEM,PKOH,"BATUM, NICOLAS",2FGM,Two Pointer,2,-2,5,D,,,,2,09:00,0,4,
2007,RS,12,139,17,MAL,PKMV,"HAISLIP, MARCUS",3FGA,Missed Three Pointer,0,182,646,G,,,,2,09:00,0,4,
2007,RS,12,139,20,LEM,PKZD,"CLANCY, SAM",2FGA,Missed Two Pointer,0,66,35,C,,,,3,08:00,0,4,
2007,RS,12,139,25,LEM,PCOC,"BOKOLO, YANNICK",2FGM,Two Pointer,2,-76,17,D,,,,3,08:00,0,6,
2007,RS,12,139,26,MAL,PAGQ,"WELSCH, JIRI",2FGA,Missed Two Pointer,0,-420,312,E,,,,3,08:00,0,6,
2007,RS,12,139,28,LEM,PTFJ,"RICCI, PHIL",2FGM,Two Pointer,2,82,28,C,,,,3,08:00,0,8,
2007,RS,12,139,30,MAL,PKML,"SANTIAGO, DANIEL",2FGM,Two Pointer,2,-87,17,D,,,,3,08:00,2,8,
2007,RS,12,139,32,LEM,PTFJ,"RICCI, PHIL",2FGA,Missed Two Pointer,0,-171,146,D,,,,4,07:00,2,8,
2007,RS,12,139,35,MAL,PAGQ,"WELSCH, JIRI",2FGM,Two Pointer,2,64,17,C,,,,4,07:00,4,8,
2007,RS,12,139,41,MAL,PAWX,"CABEZAS, CARLOS",FTM,Free Throw In,1,-1,-1, ,,,,4,07:00,5,8,
2007,RS,12,139,42,MAL,PAWX,"CABEZAS, CARLOS",FTM,Free Throw In,1,-1,-1, ,,,,4,07:00,6,8,
2007,RS,12,139,44,LEM,PKZD,"CLANCY, SAM",2FGA,Missed Two Pointer,0,-215,0,D,,,,5,06:00,6,8,
2007,RS,12,139,46,MAL,PAGQ,"WELSCH, JIRI",2FGM,Two Pointer,2,-384,276,E,,,,5,06:00,8,8,
2007,RS,12,139,47,LEM,PJMH,"BOGAVAC, NEBOJSA",2FGA,Missed Two Pointer,0,-79,2,D,,,,5,06:00,8,8,
2007,RS,12,139,50,MAL,PAGQ,"WELSCH, JIRI",2FGM,Two Pointer,2,-58,7,D,,,,5,06:00,10,8,
2007,RS,12,139,51,LEM,PKZD,"CLANCY, SAM",2FGM,Two Pointer,2,-79,5,D,,,,5,06:00,10,10,
2007,RS,12,139,53,MAL,PAGQ,"WELSCH, JIRI",2FGA,Missed Two Pointer,0,451,-10,B,,,,6,05:00,10,10,
2007,RS,12,139,56,LEM,PKOH,"BATUM, NICOLAS",2FGM,Two Pointer,2,2,5,D,,,,6,05:00,10,12,
2007,RS,12,139,61,MAL,PKML,"SANTIAGO, DANIEL",FTM,Free Throw In,1,-1,-1, ,,,,7,04:00,11,12,
2007,RS,12,139,62,MAL,PKML,"SANTIAGO, DANIEL",FTM,Free Throw In,1,-1,-1, ,,,,7,04:00,12,12,
2007,RS,12,139,63,LEM,PCOC,"BOKOLO, YANNICK",2FGA,Missed Two Pointer,0,5,210,C,,,,7,04:00,12,12,
2007,RS,12,139,65,LEM,PKZD,"CLANCY, SAM",2FGM,Two Pointer,2,71,97,C,,,,7,04:00,12,14,
2007,RS,12,139,66,MAL,PKMV,"HAISLIP, MARCUS",3FGA,Missed Three Pointer,0,471,489,G,,,,7,04:00,12,14,
2007,RS,12,139,69,LEM,PJMH,"BOGAVAC, NEBOJSA",3FGA,Missed Three Pointer,0,471,492,G,,,,8,03:00,12,14,
2007,RS,12,139,71,MAL,PKMV,"HAISLIP, MARCUS",2FGAB,Missed Two Pointer,0,107,30,C,,,,8,03:00,12,14,
2007,RS,12,139,76,MAL,PAWX,"CABEZAS, CARLOS",3FGM,Three Pointer,3,-17,671,J,,,,8,03:00,15,14,
2007,RS,12,139,77,LEM,PKZD,"CLANCY, SAM",2FGA,Missed Two Pointer,0,5,256,C,,,,8,03:00,15,14,
2007,RS,12,139,81,MAL,PAWX,"CABEZAS, CARLOS",2FGM,Two Pointer,2,376,166,B,,,,9,02:00,17,14,
2007,RS,12,139,82,LEM,PJMH,"BOGAVAC, NEBOJSA",3FGA,Missed Three Pointer,0,500,466,G,,,,9,02:00,17,14,
2007,RS,12,139,84,MAL,PAWS,"RODRIGUEZ, BERNI",2FGA,Missed Two Pointer,0,-10,138,D,,,,9,02:00,17,14,
2007,RS,12,139,95,MAL,PBIM,"GABRIEL, GERMAN",3FGM,Three Pointer,3,-300,607,J,,,,10,01:00,20,14,
2007,RS,12,139,104,LEM,PKOH,"BATUM, NICOLAS",2FGAB,Missed Two Pointer,0,61,23,C,,,,10,01:00,20,14,
2007,RS,12,139,109,MAL,PBIM,"GABRIEL, GERMAN",3FGM,Three Pointer,3,384,533,G,,,,10,01:00,23,14,
2007,RS,12,139,112,LEM,PCOB,"KOFFI, ALAIN",2FGAB,Missed Two Pointer,0,-89,17,D,,,,10,01:00,23,14,
2007,RS,12,139,125,LEM,PCOB,"KOFFI, ALAIN",2FGM,Two Pointer,2,0,5,D,,,,11,10:00,23,16,
2007,RS,12,139,126,MAL,PAWS,"RODRIGUEZ, BERNI",2FGM,Two Pointer,2,464,356,B,,,,11,10:00,25,16,
2007,RS,12,139,133,LEM,PTFJ,"RICCI, PHIL",FTM,Free Throw In,1,-1,-1, ,,,,12,09:00,25,17,
2007,RS,12,139,134,LEM,PTFJ,"RICCI, PHIL",FTM,Free Throw In,1,-1,-1, ,,,,12,09:00,25,18,
2007,RS,12,139,140,MAL,P000002,"PRESTES, PAULO",FTM,Free Throw In,1,-1,-1, ,,,,12,09:00,26,18,
2007,RS,12,139,141,MAL,P000002,"PRESTES, PAULO",FTM,Free Throw In,1,-1,-1, ,,,,12,09:00,27,18,
2007,RS,12,139,142,LEM,PKZD,"CLANCY, SAM",2FGM,Two Pointer,2,-130,17,D,,,,12,09:00,27,20,
2007,RS,12,139,143,MAL,PBIM,"GABRIEL, GERMAN",2FGM,Two Pointer,2,-371,-2,E,,,,12,09:00,29,20,
2007,RS,12,139,153,LEM,PCHZ,"BOGDANOVIC, LUKA",2FGA,Missed Two Pointer,0,-353,405,E,,,,13,08:00,29,20,
2007,RS,12,139,157,MAL,PAAS,"JIMENEZ, CARLOS",3FGM,Three Pointer,3,-671,-17,F,,,,13,08:00,32,20,
2007,RS,12,139,159,LEM,PDID,"LIMONAD, RAVIV",2FGA,Missed Two Pointer,0,28,307,C,,,,14,07:00,32,20,
2007,RS,12,139,161,LEM,PCOB,"KOFFI, ALAIN",2FGAB,Missed Two Pointer,0,-94,28,D,,,,14,07:00,32,20,
2007,RS,12,139,169,MAL,PAGQ,"WELSCH, JIRI",FTM,Free Throw In,1,-1,-1, ,,,,14,07:00,33,20,
2007,RS,12,139,170,MAL,PAGQ,"WELSCH, JIRI",FTM,Free Throw In,1,-1,-1, ,,,,14,07:00,34,20,
2007,RS,12,139,177,MAL,PAFJ,"KUS, DAVOR",2FGM,Two Pointer,2,105,2,C,,,,15,06:00,36,20,
2007,RS,12,139,180,MAL,PAFJ,"KUS, DAVOR",2FGM,Two Pointer,2,-71,7,D,,,,15,06:00,38,20,
2007,RS,12,139,184,LEM,PKOH,"BATUM, NICOLAS",2FGM,Two Pointer,2,79,23,C,,,,15,06:00,38,22,
2007,RS,12,139,186,MAL,PAFJ,"KUS, DAVOR",3FGA,Missed Three Pointer,0,669,82,A,,,,16,05:00,38,22,
2007,RS,12,139,189,MAL,P000002,"PRESTES, PAULO",2FGM,Two Pointer,2,-107,25,D,,,,16,05:00,40,22,
2007,RS,12,139,196,LEM,PDID,"LIMONAD, RAVIV",2FGM,Two Pointer,2,-97,15,D,,,,16,05:00,40,24,
2007,RS,12,139,208,LEM,PTFK,"DIOT, ANTOINE",2FGA,Missed Two Pointer,0,-166,35,D,,,,17,04:00,40,24,
2007,RS,12,139,210,LEM,PKZD,"CLANCY, SAM",2FGM,Two Pointer,2,-74,23,D,,,,17,04:00,40,26,
2007,RS,12,139,214,MAL,PAAS,"JIMENEZ, CARLOS",FTM,Free Throw In,1,-1,-1, ,,,,17,04:00,41,26,
2007,RS,12,139,218,LEM,PCHZ,"BOGDANOVIC, LUKA",2FGM,Two Pointer,2,17,92,C,,,,17,04:00,41,28,
2007,RS,12,139,220,MAL,P000002,"PRESTES, PAULO",2FGA,Missed Two Pointer,0,120,71,C,,,,18,03:00,41,28,
2007,RS,12,139,222,LEM,PKZD,"CLANCY, SAM",2FGM,Two Pointer,2,-246,12,D,,,,18,03:00,41,30,
2007,RS,12,139,223,MAL,PLTZ,"SANDERS, MELVIN",2FGA,Missed Two Pointer,0,-253,53,D,,,,18,03:00,41,30,
2007,RS,12,139,225,MAL,P000002,"PRESTES, PAULO",2FGM,Two Pointer,2,0,53,D,,,,18,03:00,43,30,
2007,RS,12,139,229,MAL,P000002,"PRESTES, PAULO",FTM,Free Throw In,1,-1,-1, ,,,,18,03:00,44,30,
2007,RS,12,139,233,MAL,PLTZ,"SANDERS, MELVIN",2FGA,Missed Two Pointer,0,-325,100,E,,,,19,02:00,44,30,
2007,RS,12,139,236,LEM,PKZD,"CLANCY, SAM",2FGM,Two Pointer,2,305,23,B,,,,19,02:00,44,32,
2007,RS,12,139,238,MAL,P000002,"PRESTES, PAULO",2FGM,Two Pointer,2,-10,130,D,,,,20,01:00,46,32,
2007,RS,12,139,239,LEM,PKZD,"CLANCY, SAM",2FGA,Missed Two Pointer,0,125,30,C,,,,20,01:00,46,32,
2007,RS,12,139,241,LEM,PCHZ,"BOGDANOVIC, LUKA",2FGM,Two Pointer,2,82,15,C,,,,20,01:00,46,34,
2007,RS,12,139,242,MAL,PBOV,"POPOVIC, BOJAN",3FGA,Missed Three Pointer,0,-110,664,J,,,,20,01:00,46,34,
2007,RS,12,139,244,LEM,PKOH,"BATUM, NICOLAS",3FGA,Missed Three Pointer,0,228,635,G,,,,20,01:00,46,34,
2007,RS,12,139,246,LEM,PCHZ,"BOGDANOVIC, LUKA",2FGM,Two Pointer,2,12,61,C,,,,20,01:00,46,36,
2007,RS,12,139,267,LEM,PTFJ,"RICCI, PHIL",2FGA,Missed Two Pointer,0,17,71,C,,,,21,10:00,46,36,
2007,RS,12,139,269,LEM,PKZD,"CLANCY, SAM",2FGA,Missed Two Pointer,0,15,448,H,,,,21,10:00,46,36,
2007,RS,12,139,272,MAL,PAGQ,"WELSCH, JIRI",2FGM,Two Pointer,2,2,7,D,,,,21,10:00,48,36,
2007,RS,12,139,273,LEM,PKZD,"CLANCY, SAM",2FGM,Two Pointer,2,-2,87,D,,,,21,10:00,48,38,
2007,RS,12,139,274,MAL,PKML,"SANTIAGO, DANIEL",2FGM,Two Pointer,2,-33,120,D,,,,21,10:00,50,38,
2007,RS,12,139,275,LEM,PDID,"LIMONAD, RAVIV",2FGAB,Missed Two Pointer,0,-492,92,E,,,,21,10:00,50,38,
2007,RS,12,139,283,MAL,PKMV,"HAISLIP, MARCUS",3FGA,Missed Three Pointer,0,689,12,A,,,,23,08:00,50,38,
2007,RS,12,139,287,LEM,PDID,"LIMONAD, RAVIV",2FGM,Two Pointer,2,12,492,H,,,,23,08:00,50,40,
2007,RS,12,139,288,MAL,PAGQ,"WELSCH, JIRI",2FGM,Two Pointer,2,-30,92,D,,,,23,08:00,52,40,
2007,RS,12,139,289,LEM,PDID,"LIMONAD, RAVIV",2FGAB,Missed Two Pointer,0,-361,69,E,,,,23,08:00,52,40,
2007,RS,12,139,293,MAL,PAWS,"RODRIGUEZ, BERNI",3FGA,Missed Three Pointer,0,558,410,A,,,,23,08:00,52,40,
2007,RS,12,139,296,LEM,PKZD,"CLANCY, SAM",2FGA,Missed Two Pointer,0,274,223,B,,,,24,07:00,52,40,
2007,RS,12,139,301,MAL,PAWX,"CABEZAS, CARLOS",2FGM,Two Pointer,2,71,51,C,,,,25,06:00,54,40,
2007,RS,12,139,302,LEM,PCOC,"BOKOLO, YANNICK",2FGM,Two Pointer,2,89,12,C,,,,25,06:00,54,42,
2007,RS,12,139,304,MAL,PAWS,"RODRIGUEZ, BERNI",3FGM,Three Pointer,3,410,556,G,,,,25,06:00,57,42,
2007,RS,12,139,305,LEM,PCHZ,"BOGDANOVIC, LUKA",2FGA,Missed Two Pointer,0,382,135,B,,,,25,06:00,57,42,
2007,RS,12,139,308,MAL,PKMV,"HAISLIP, MARCUS",2FGM,Two Pointer,2,28,123,C,,,,26,05:00,59,42,
2007,RS,12,139,309,LEM,PDID,"LIMONAD, RAVIV",2FGAB,Missed Two Pointer,0,112,58,C,,,,26,05:00,59,42,
2007,RS,12,139,313,MAL,PAWX,"CABEZAS, CARLOS",2FGA,Missed Two Pointer,0,-110,30,D,,,,26,05:00,59,42,
2007,RS,12,139,320,LEM,PKZD,"CLANCY, SAM",FTM,Free Throw In,1,-1,-1, ,,,,27,04:00,59,43,
2007,RS,12,139,321,LEM,PKZD,"CLANCY, SAM",FTM,Free Throw In,1,-1,-1, ,,,,27,04:00,59,44,
2007,RS,12,139,325,MAL,PKML,"SANTIAGO, DANIEL",2FGAB,Missed Two Pointer,0,-158,23,D,,,,27,04:00,59,44,
2007,RS,12,139,332,LEM,PJMH,"BOGAVAC, NEBOJSA",2FGAB,Missed Two Pointer,0,-82,33,D,,,,27,04:00,59,44,
2007,RS,12,139,339,MAL,PAWX,"CABEZAS, CARLOS",3FGA,Missed Three Pointer,0,-248,628,J,,,,28,03:00,59,44,
2007,RS,12,139,341,LEM,PCOB,"KOFFI, ALAIN",2FGA,Missed Two Pointer,0,-66,20,D,,,,28,03:00,59,44,
2007,RS,12,139,347,LEM,PKZD,"CLANCY, SAM",2FGA,Missed Two Pointer,0,66,15,C,,,,29,02:00,59,44,
2007,RS,12,139,353,MAL,PAWX,"CABEZAS, CARLOS",2FGM,Two Pointer,2,-76,38,D,,,,29,02:00,61,44,
2007,RS,12,139,358,MAL,PAWX,"CABEZAS, CARLOS",FTM,Free Throw In,1,-1,-1, ,,,,29,02:00,62,44,
2007,RS,12,139,361,MAL,PLTZ,"SANDERS, MELVIN",2FGM,Two Pointer,2,7,125,C,,,,29,02:00,64,44,
2007,RS,12,139,362,LEM,PKZD,"CLANCY, SAM",2FGAB,Missed Two Pointer,0,-69,25,D,,,,29,02:00,64,44,
2007,RS,12,139,366,LEM,PKZD,"CLANCY, SAM",2FGA,Missed Two Pointer,0,71,10,C,,,,29,02:00,64,44,
2007,RS,12,139,374,MAL,PKMV,"HAISLIP, MARCUS",2FGA,Missed Two Pointer,0,289,64,B,,,,30,01:00,64,44,
2007,RS,12,139,378,LEM,PKOH,"BATUM, NICOLAS",FTM,Free Throw In,1,-1,-1, ,,,,30,01:00,64,45,
2007,RS,12,139,379,LEM,PKOH,"BATUM, NICOLAS",FTM,Free Throw In,1,-1,-1, ,,,,30,01:00,64,46,
2007,RS,12,139,385,MAL,PAWX,"CABEZAS, CARLOS",2FGM,Two Pointer,2,100,28,C,,,,30,01:00,66,46,
2007,RS,12,139,392,LEM,PTFK,"DIOT, ANTOINE",3FGA,Missed Three Pointer,0,-687,-12,F,,,,31,10:00,66,46,
2007,RS,12,139,394,MAL,P000002,"PRESTES, PAULO",2FGA,Missed Two Pointer,0,-89,28,D,,,,31,10:00,66,46,
2007,RS,12,139,396,MAL,PLTZ,"SANDERS, MELVIN",2FGM,Two Pointer,2,2,87,D,,,,31,10:00,68,46,
2007,RS,12,139,397,LEM,PKOH,"BATUM, NICOLAS",2FGA,Missed Two Pointer,0,-82,41,D,,,,31,10:00,68,46,
2007,RS,12,139,399,LEM,PCOB,"KOFFI, ALAIN",2FGM,Two Pointer,2,-2,84,D,,,,31,10:00,68,48,
2007,RS,12,139,405,MAL,PAFJ,"KUS, DAVOR",2FGA,Missed Two Pointer,0,-184,33,D,,,,32,09:00,68,48,
2007,RS,12,139,410,LEM,PCHZ,"BOGDANOVIC, LUKA",FTM,Free Throw In,1,-1,-1, ,,,,32,09:00,68,49,
2007,RS,12,139,411,LEM,PCHZ,"BOGDANOVIC, LUKA",FTM,Free Throw In,1,-1,-1, ,,,,32,09:00,68,50,
2007,RS,12,139,413,MAL,PAFJ,"KUS, DAVOR",2FGA,Missed Two Pointer,0,264,61,B,,,,33,08:00,68,50,
2007,RS,12,139,416,LEM,PCOB,"KOFFI, ALAIN",2FGM,Two Pointer,2,-2,5,D,,,,33,08:00,68,52,
2007,RS,12,139,420,MAL,PAFJ,"KUS, DAVOR",FTM,Free Throw In,1,-1,-1, ,,,,33,08:00,69,52,
2007,RS,12,139,421,MAL,PAFJ,"KUS, DAVOR",FTM,Free Throw In,1,-1,-1, ,,,,33,08:00,70,52,
2007,RS,12,139,422,MAL,PAFJ,"KUS, DAVOR",FTM,Free Throw In,1,-1,-1, ,,,,33,08:00,71,52,
2007,RS,12,139,423,LEM,PJMH,"BOGAVAC, NEBOJSA",3FGA,Missed Three Pointer,0,-684,-28,F,,,,33,08:00,71,52,
2007,RS,12,139,425,LEM,PJMH,"BOGAVAC, NEBOJSA",3FGA,Missed Three Pointer,0,-505,453,J,,,,33,08:00,71,52,
2007,RS,12,139,428,MAL,PLTZ,"SANDERS, MELVIN",3FGA,Missed Three Pointer,0,-676,25,F,,,,34,07:00,71,52,
2007,RS,12,139,430,MAL,PAFJ,"KUS, DAVOR",3FGA,Missed Three Pointer,0,671,7,A,,,,34,07:00,71,52,
2007,RS,12,139,432,LEM,PCHZ,"BOGDANOVIC, LUKA",3FGM,Three Pointer,3,512,438,G,,,,34,07:00,71,55,
2007,RS,12,139,436,MAL,PBOV,"POPOVIC, BOJAN",3FGA,Missed Three Pointer,0,533,582,G,,,,34,07:00,71,55,
2007,RS,12,139,439,MAL,PAFJ,"KUS, DAVOR",3FGA,Missed Three Pointer,0,679,66,A,,,,35,06:00,71,55,
2007,RS,12,139,441,LEM,PCOC,"BOKOLO, YANNICK",3FGA,Missed Three Pointer,0,-679,17,F,,,,35,06:00,71,55,
2007,RS,12,139,447,MAL,PLTZ,"SANDERS, MELVIN",2FGA,Missed Two Pointer,0,471,166,B,,,,35,06:00,71,55,
2007,RS,12,139,451,LEM,PCHZ,"BOGDANOVIC, LUKA",3FGM,Three Pointer,3,-566,369,F,,,,36,05:00,71,58,
2007,RS,12,139,454,LEM,PJMH,"BOGAVAC, NEBOJSA",3FGM,Three Pointer,3,623,274,A,,,,36,05:00,71,61,
2007,RS,12,139,456,MAL,PBIM,"GABRIEL, GERMAN",2FGAB,Missed Two Pointer,0,-76,10,D,,,,37,04:00,71,61,
2007,RS,12,139,462,MAL,PLTZ,"SANDERS, MELVIN",2FGM,Two Pointer,2,-71,12,D,,,,37,04:00,73,61,
2007,RS,12,139,465,LEM,PCOC,"BOKOLO, YANNICK",2FGA,Missed Two Pointer,0,-64,28,D,,,,37,04:00,73,61,
2007,RS,12,139,467,LEM,PJMH,"BOGAVAC, NEBOJSA",3FGM,Three Pointer,3,635,261,A,,,,37,04:00,73,64,
2007,RS,12,139,468,MAL,PAWS,"RODRIGUEZ, BERNI",3FGA,Missed Three Pointer,0,-528,423,F,,,,37,04:00,73,64,
2007,RS,12,139,471,MAL,PAAS,"JIMENEZ, CARLOS",3FGM,Three Pointer,3,507,456,G,,,,37,04:00,76,64,
2007,RS,12,139,476,LEM,PKOH,"BATUM, NICOLAS",2FGA,Missed Two Pointer,0,-97,33,D,,,,38,03:00,76,64,
2007,RS,12,139,479,LEM,PCOC,"BOKOLO, YANNICK",2FGA,Missed Two Pointer,0,89,17,C,,,,38,03:00,76,64,
2007,RS,12,139,481,MAL,PAWS,"RODRIGUEZ, BERNI",2FGM,Two Pointer,2,-2,92,D,,,,38,03:00,78,64,
2007,RS,12,139,488,MAL,PBIM,"GABRIEL, GERMAN",2FGM,Two Pointer,2,141,33,C,,,,39,02:00,80,64,
2007,RS,12,139,491,MAL,PLTZ,"SANDERS, MELVIN",2FGM,Two Pointer,2,0,2,D,,,,39,02:00,82,64,
2007,RS,12,139,492,LEM,PKOH,"BATUM, NICOLAS",2FGA,Missed Two Pointer,0,-515,71,E,,,,39,02:00,82,64,
2007,RS,12,139,495,MAL,PAWS,"RODRIGUEZ, BERNI",3FGA,Missed Three Pointer,0,2,676,G,,,,40,01:00,82,64,
2007,RS,12,139,499,LEM,PCOC,"BOKOLO, YANNICK",FTM,Free Throw In,1,-1,-1, ,,,,40,01:00,82,65,
2007,RS,12,139,500,LEM,PCOC,"BOKOLO, YANNICK",FTM,Free Throw In,1,-1,-1, ,,,,40,01:00,82,66,
2007,RS,12,139,502,MAL,PAAS,"JIMENEZ, CARLOS",2FGM,Two Pointer,2,89,30,C,,,,40,01:00,84,66,
2007,RS,12,139,503,LEM,PCHZ,"BOGDANOVIC, LUKA",2FGA,Missed Two Pointer,0,46,592,H,,,,40,01:00,84,66,
2007,RS,12,139,506,MAL,PAWS,"RODRIGUEZ, BERNI",2FGM,Two Pointer,2,-84,15,D,,,,40,01:00,86,66,
2007,RS,12,139,509,MAL,PAWS,"RODRIGUEZ, BERNI",FTM,Free Throw In,1,-1,-1, ,,,,40,01:00,87,66,
2007,RS,12,139,515,LEM,PCOB,"KOFFI, ALAIN",2FGM,Two Pointer,2,-2,146,D,,,,40,01:00,87,68,
2007,RS,12,140,2,LIE,PLOC,"EIDSON, CHUCK",2FGM,Two Pointer,2,-323,400,E,,,,1,10:00,0,2,
2007,RS,12,140,3,IST,PBKM,"KUQO, ERMAL",2FGA,Missed Two Pointer,0,220,20,C,,,,1,10:00,0,2,
2007,RS,12,140,5,LIE,PJZN,"PETRAVICIUS, MARIJONAS",2FGM,Two Pointer,2,-30,33,D,,,,1,10:00,0,4,
2007,RS,12,140,8,IST,PKSU,"WRIGHT, RASHAD",2FGM,Two Pointer,2,-484,-33,E,,,,2,09:00,2,4,
2007,RS,12,140,9,LIE,PBUU,"LUKAUSKIS, MINDAUGAS",3FGA,Missed Three Pointer,0,571,394,A,,,,2,09:00,2,4,
2007,RS,12,140,11,IST,PBXD,"PENN, JAMES",2FGM,Two Pointer,2,69,20,C,,,,2,09:00,4,4,
2007,RS,12,140,14,IST,PKCH,"HUTSON, ANDRE",2FGA,Missed Two Pointer,0,66,92,C,,,,2,09:00,4,4,
2007,RS,12,140,18,IST,PKCH,"HUTSON, ANDRE",FTM,Free Throw In,1,-1,-1, ,,,,2,09:00,5,4,
2007,RS,12,140,19,IST,PKCH,"HUTSON, ANDRE",FTM,Free Throw In,1,-1,-1, ,,,,2,09:00,6,4,
2007,RS,12,140,21,LIE,PCOH,"PRICE, HOLLIS",2FGAB,Missed Two Pointer,0,135,76,C,,,,3,08:00,6,4,
2007,RS,12,140,24,IST,PKSU,"WRIGHT, RASHAD",2FGA,Missed Two Pointer,0,107,38,C,,,,3,08:00,6,4,
2007,RS,12,140,27,LIE,PJRD,"NIELSEN, MATT",2FGM,Two Pointer,2,-61,35,D,,,,3,08:00,6,6,
2007,RS,12,140,28,IST,PKOJ,"GREGORY, KENNY",2FGA,Missed Two Pointer,0,87,38,C,,,,3,08:00,6,6,
2007,RS,12,140,30,IST,PBXD,"PENN, JAMES",3FGM,Three Pointer,3,-46,733,J,,,,3,08:00,9,6,
2007,RS,12,140,33,LIE,PJRD,"NIELSEN, MATT",3FGA,Missed Three Pointer,0,341,630,G,,,,4,07:00,9,6,
2007,RS,12,140,35,IST,PBXD,"PENN, JAMES",2FGM,Two Pointer,2,192,97,C,,,,4,07:00,11,6,
2007,RS,12,140,36,LIE,PCOH,"PRICE, HOLLIS",2FGM,Two Pointer,2,0,84,D,,,,4,07:00,11,8,
2007,RS,12,140,37,IST,PBXD,"PENN, JAMES",3FGA,Missed Three Pointer,0,271,638,G,,,,4,07:00,11,8,
2007,RS,12,140,40,LIE,PJZN,"PETRAVICIUS, MARIJONAS",2FGM,Two Pointer,2,-76,33,D,,,,5,06:00,11,10,
2007,RS,12,140,42,IST,PBKM,"KUQO, ERMAL",2FGA,Missed Two Pointer,0,-223,61,D,,,,5,06:00,11,10,
2007,RS,12,140,44,LIE,PJZN,"PETRAVICIUS, MARIJONAS",2FGM,Two Pointer,2,-66,43,D,,,,5,06:00,11,12,
2007,RS,12,140,50,LIE,PJZN,"PETRAVICIUS, MARIJONAS",FTM,Free Throw In,1,-1,-1, ,,,,5,06:00,11,13,
2007,RS,12,140,51,IST,PKCH,"HUTSON, ANDRE",2FGM,Two Pointer,2,112,179,C,,,,5,06:00,13,13,
2007,RS,12,140,60,LIE,PLOC,"EIDSON, CHUCK",3FGA,Missed Three Pointer,0,574,397,A,,,,6,05:00,13,13,
2007,RS,12,140,62,IST,PKCH,"HUTSON, ANDRE",2FGA,Missed Two Pointer,0,-374,348,E,,,,6,05:00,13,13,
2007,RS,12,140,64,LIE,PJZN,"PETRAVICIUS, MARIJONAS",2FGM,Two Pointer,2,-92,20,D,,,,6,05:00,13,15,
2007,RS,12,140,67,IST,PKCH,"HUTSON, ANDRE",2FGM,Two Pointer,2,48,135,C,,,,7,04:00,15,15,
2007,RS,12,140,68,LIE,PBUU,"LUKAUSKIS, MINDAUGAS",3FGM,Three Pointer,3,438,566,G,,,,7,04:00,15,18,
2007,RS,12,140,73,IST,PKNG,"NICHOLAS, DREW",3FGA,Missed Three Pointer,0,-582,346,F,,,,7,04:00,15,18,
2007,RS,12,140,75,LIE,PBUU,"LUKAUSKIS, MINDAUGAS",3FGA,Missed Three Pointer,0,551,397,A,,,,7,04:00,15,18,
2007,RS,12,140,77,LIE,PCOH,"PRICE, HOLLIS",2FGM,Two Pointer,2,-53,-7,D,,,,7,04:00,15,20,
2007,RS,12,140,81,IST,PKNG,"NICHOLAS, DREW",2FGM,Two Pointer,2,-89,10,D,,,,8,03:00,17,20,
2007,RS,12,140,86,LIE,PLOC,"EIDSON, CHUCK",2FGA,Missed Two Pointer,0,366,379,B,,,,8,03:00,17,20,
2007,RS,12,140,97,IST,PKCH,"HUTSON, ANDRE",FTM,Free Throw In,1,-1,-1, ,,,,9,02:00,18,20,
2007,RS,12,140,100,LIE,PLML,"BATISTA, JOAO PAULO",2FGM,Two Pointer,2,-64,451,I,,,,9,02:00,18,22,
2007,RS,12,140,101,IST,PTFG,"WOODS, LOREN",2FGM,Two Pointer,2,-102,20,D,,,,9,02:00,20,22,
2007,RS,12,140,108,LIE,PCOH,"PRICE, HOLLIS",3FGA,Missed Three Pointer,0,-600,361,F,,,,9,02:00,20,22,
2007,RS,12,140,110,LIE,PLML,"BATISTA, JOAO PAULO",2FGAB,Missed Two Pointer,0,-92,56,D,,,,9,02:00,20,22,
2007,RS,12,140,114,LIE,PLML,"BATISTA, JOAO PAULO",2FGA,Missed Two Pointer,0,17,84,C,,,,10,01:00,20,22,
2007,RS,12,140,122,LIE,PLML,"BATISTA, JOAO PAULO",FTM,Free Throw In,1,-1,-1, ,,,,10,01:00,20,23,
2007,RS,12,140,123,LIE,PLML,"BATISTA, JOAO PAULO",FTM,Free Throw In,1,-1,-1, ,,,,10,01:00,20,24,
2007,RS,12,140,124,IST,PTFG,"WOODS, LOREN",2FGA,Missed Two Pointer,0,-123,41,D,,,,10,01:00,20,24,
2007,RS,12,140,131,IST,PBXD,"PENN, JAMES",3FGM,Three Pointer,3,-697,-74,F,,,,11,10:00,23,24,
2007,RS,12,140,134,IST,PTFG,"WOODS, LOREN",2FGM,Two Pointer,2,2,28,D,,,,11,10:00,25,24,
2007,RS,12,140,137,LIE,PKNS,"JOMANTAS, ARTURAS",2FGA,Missed Two Pointer,0,15,182,C,,,,12,09:00,25,24,
2007,RS,12,140,143,LIE,PLOC,"EIDSON, CHUCK",2FGM,Two Pointer,2,-5,520,I,,,,12,09:00,25,26,
2007,RS,12,140,144,IST,PTFG,"WOODS, LOREN",2FGM,Two Pointer,2,12,146,C,,,,12,09:00,27,26,
2007,RS,12,140,150,IST,PTFG,"WOODS, LOREN",FTM,Free Throw In,1,-1,-1, ,,,,13,08:00,28,26,
2007,RS,12,140,151,LIE,PTFL,"BAJRAMOVIC, KENAN",3FGA,Missed Three Pointer,0,-538,417,F,,,,13,08:00,28,26,
2007,RS,12,140,153,IST,PBXD,"PENN, JAMES",2FGA,Missed Two Pointer,0,174,69,C,,,,13,08:00,28,26,
2007,RS,12,140,155,IST,PAWN,"GONLUM, KEREM",2FGM,Two Pointer,2,69,48,C,,,,13,08:00,30,26,
2007,RS,12,140,162,LIE,PTFL,"BAJRAMOVIC, KENAN",FTM,Free Throw In,1,-1,-1, ,,,,13,08:00,30,27,
2007,RS,12,140,172,LIE,PTFL,"BAJRAMOVIC, KENAN",FTM,Free Throw In,1,-1,-1, ,,,,14,07:00,30,28,
2007,RS,12,140,173,LIE,PTFL,"BAJRAMOVIC, KENAN",FTM,Free Throw In,1,-1,-1, ,,,,14,07:00,30,29,
2007,RS,12,140,174,IST,PARN,"ARSLAN, ENDER",2FGA,Missed Two Pointer,0,-107,141,D,,,,14,07:00,30,29,
2007,RS,12,140,180,IST,PKOJ,"GREGORY, KENNY",3FGM,Three Pointer,3,-623,323,F,,,,14,07:00,33,29,
2007,RS,12,140,187,IST,PKCH,"HUTSON, ANDRE",FTM,Free Throw In,1,-1,-1, ,,,,15,06:00,34,29,
2007,RS,12,140,188,IST,PKCH,"HUTSON, ANDRE",FTM,Free Throw In,1,-1,-1, ,,,,15,06:00,35,29,
2007,RS,12,140,190,LIE,PKNS,"JOMANTAS, ARTURAS",2FGM,Two Pointer,2,-217,110,D,,,,15,06:00,35,31,
2007,RS,12,140,196,LIE,PJZN,"PETRAVICIUS, MARIJONAS",FTM,Free Throw In,1,-1,-1, ,,,,16,05:00,35,32,
2007,RS,12,140,197,LIE,PJZN,"PETRAVICIUS, MARIJONAS",FTM,Free Throw In,1,-1,-1, ,,,,16,05:00,35,33,
2007,RS,12,140,200,LIE,PLOC,"EIDSON, CHUCK",2FGA,Missed Two Pointer,0,87,46,C,,,,16,05:00,35,33,
2007,RS,12,140,202,LIE,PJZN,"PETRAVICIUS, MARIJONAS",2FGM,Two Pointer,2,10,82,C,,,,16,05:00,35,35,
2007,RS,12,140,206,IST,PKOJ,"GREGORY, KENNY",2FGM,Two Pointer,2,279,46,B,,,,16,05:00,37,35,
2007,RS,12,140,208,LIE,PTFL,"BAJRAMOVIC, KENAN",3FGM,Three Pointer,3,-425,489,J,,,,17,04:00,37,38,
2007,RS,12,140,209,IST,PBXD,"PENN, JAMES",3FGA,Missed Three Pointer,0,425,548,G,,,,17,04:00,37,38,
2007,RS,12,140,211,LIE,PTFL,"BAJRAMOVIC, KENAN",2FGA,Missed Two Pointer,0,89,48,C,,,,17,04:00,37,38,
2007,RS,12,140,214,IST,PKNG,"NICHOLAS, DREW",2FGM,Two Pointer,2,141,505,H,,,,18,03:00,39,38,
2007,RS,12,140,215,LIE,PKNS,"JOMANTAS, ARTURAS",2FGM,Two Pointer,2,-7,228,D,,,,18,03:00,39,40,
2007,RS,12,140,216,IST,PKCH,"HUTSON, ANDRE",2FGM,Two Pointer,2,2,2,D,,,,18,03:00,41,40,
2007,RS,12,140,225,LIE,PKNS,"JOMANTAS, ARTURAS",FTM,Free Throw In,1,-1,-1, ,,,,19,02:00,41,41,
2007,RS,12,140,226,LIE,PKNS,"JOMANTAS, ARTURAS",FTM,Free Throw In,1,-1,-1, ,,,,19,02:00,41,42,
2007,RS,12,140,229,IST,PKNG,"NICHOLAS, DREW",2FGA,Missed Two Pointer,0,-358,415,E,,,,19,02:00,41,42,
2007,RS,12,140,231,LIE,PCOH,"PRICE, HOLLIS",3FGM,Three Pointer,3,-482,494,J,,,,19,02:00,41,45,
2007,RS,12,140,234,IST,PKNG,"NICHOLAS, DREW",2FGM,Two Pointer,2,-366,-23,E,,,,20,01:00,43,45,
2007,RS,12,140,238,LIE,PJZN,"PETRAVICIUS, MARIJONAS",FTM,Free Throw In,1,-1,-1, ,,,,20,01:00,43,46,
2007,RS,12,140,241,IST,PKNG,"NICHOLAS, DREW",3FGM,Three Pointer,3,569,466,G,,,,20,01:00,46,46,
2007,RS,12,140,247,LIE,P000703,"JORDAN, JARED",3FGA,Missed Three Pointer,0,25,1107,G,,,,20,01:00,46,46,
2007,RS,12,140,260,LIE,PCOH,"PRICE, HOLLIS",3FGA,Missed Three Pointer,0,-417,556,J,,,,21,10:00,46,46,
2007,RS,12,140,262,IST,PKNG,"NICHOLAS, DREW",3FGA,Missed Three Pointer,0,453,538,G,,,,21,10:00,46,46,
2007,RS,12,140,264,LIE,PBUU,"LUKAUSKIS, MINDAUGAS",2FGA,Missed Two Pointer,0,79,589,H,,,,21,10:00,46,46,
2007,RS,12,140,270,LIE,PJZN,"PETRAVICIUS, MARIJONAS",2FGM,Two Pointer,2,56,43,C,,,,22,09:00,46,48,
2007,RS,12,140,272,IST,PBXD,"PENN, JAMES",2FGM,Two Pointer,2,-251,364,E,,,,22,09:00,48,48,
2007,RS,12,140,276,LIE,PBUU,"LUKAUSKIS, MINDAUGAS",FTM,Free Throw In,1,-1,-1, ,,,,22,09:00,48,49,
2007,RS,12,140,277,LIE,PBUU,"LUKAUSKIS, MINDAUGAS",FTM,Free Throw In,1,-1,-1, ,,,,22,09:00,48,50,
2007,RS,12,140,279,IST,PKNG,"NICHOLAS, DREW",3FGA,Missed Three Pointer,0,-392,561,J,,,,23,08:00,48,50,
2007,RS,12,140,281,LIE,PJRD,"NIELSEN, MATT",2FGM,Two Pointer,2,-12,20,D,,,,23,08:00,48,52,
2007,RS,12,140,283,IST,PBKM,"KUQO, ERMAL",2FGM,Two Pointer,2,-100,38,D,,,,23,08:00,50,52,
2007,RS,12,140,286,LIE,PLOC,"EIDSON, CHUCK",2FGA,Missed Two Pointer,0,192,69,C,,,,24,07:00,50,52,
2007,RS,12,140,293,IST,PKOJ,"GREGORY, KENNY",3FGA,Missed Three Pointer,0,448,551,G,,,,24,07:00,50,52,
2007,RS,12,140,296,LIE,PCOH,"PRICE, HOLLIS",2FGA,Missed Two Pointer,0,243,225,B,,,,25,06:00,50,52,
2007,RS,12,140,298,IST,PKCH,"HUTSON, ANDRE",2FGM,Two Pointer,2,0,5,D,,,,25,06:00,52,52,
2007,RS,12,140,300,LIE,PBUU,"LUKAUSKIS, MINDAUGAS",2FGM,Two Pointer,2,202,76,C,,,,25,06:00,52,54,
2007,RS,12,140,304,IST,PBKM,"KUQO, ERMAL",2FGM,Two Pointer,2,15,520,H,,,,25,06:00,54,54,
2007,RS,12,140,313,LIE,PJZN,"PETRAVICIUS, MARIJONAS",FTM,Free Throw In,1,-1,-1, ,,,,26,05:00,54,55,
2007,RS,12,140,314,LIE,PJZN,"PETRAVICIUS, MARIJONAS",FTM,Free Throw In,1,-1,-1, ,,,,26,05:00,54,56,
2007,RS,12,140,315,IST,PKNG,"NICHOLAS, DREW",3FGA,Missed Three Pointer,0,561,528,G,,,,26,05:00,54,56,
2007,RS,12,140,318,LIE,PCOH,"PRICE, HOLLIS",3FGM,Three Pointer,3,369,587,G,,,,26,05:00,54,59,
2007,RS,12,140,321,IST,PBXD,"PENN, JAMES",2FGM,Two Pointer,2,74,41,C,,,,27,04:00,56,59,
2007,RS,12,140,333,IST,PKCH,"HUTSON, ANDRE",2FGM,Two Pointer,2,-310,117,E,,,,27,04:00,58,59,
2007,RS,12,140,335,LIE,PTFL,"BAJRAMOVIC, KENAN",2FGA,Missed Two Pointer,0,-264,192,E,,,,28,03:00,58,59,
2007,RS,12,140,341,LIE,PTFL,"BAJRAMOVIC, KENAN",2FGAB,Missed Two Pointer,0,169,158,C,,,,28,03:00,58,59,
2007,RS,12,140,344,LIE,PLOC,"EIDSON, CHUCK",FTM,Free Throw In,1,-1,-1, ,,,,28,03:00,58,60,
2007,RS,12,140,346,IST,PKOJ,"GREGORY, KENNY",2FGAB,Missed Two Pointer,0,246,66,C,,,,28,03:00,58,60,
2007,RS,12,140,351,LIE,PJZN,"PETRAVICIUS, MARIJONAS",2FGM,Two Pointer,2,-87,35,D,,,,29,02:00,58,62,
2007,RS,12,140,353,IST,PKSU,"WRIGHT, RASHAD",3FGA,Missed Three Pointer,0,615,366,A,,,,29,02:00,58,62,
2007,RS,12,140,355,LIE,PCOH,"PRICE, HOLLIS",3FGM,Three Pointer,3,641,182,A,,,,29,02:00,58,65,
2007,RS,12,140,362,IST,PKOJ,"GREGORY, KENNY",2FGA,Missed Two Pointer,0,94,71,C,,,,29,02:00,58,65,
2007,RS,12,140,364,IST,PTFG,"WOODS, LOREN",2FGA,Missed Two Pointer,0,97,38,C,,,,29,02:00,58,65,
2007,RS,12,140,366,IST,PTFG,"WOODS, LOREN",2FGM,Two Pointer,2,43,66,C,,,,29,02:00,60,65,
2007,RS,12,140,370,LIE,PLOC,"EIDSON, CHUCK",FTM,Free Throw In,1,-1,-1, ,,,,30,01:00,60,66,
2007,RS,12,140,371,LIE,PLOC,"EIDSON, CHUCK",FTM,Free Throw In,1,-1,-1, ,,,,30,01:00,60,67,
2007,RS,12,140,374,IST,PBXD,"PENN, JAMES",2FGA,Missed Two Pointer,0,-76,158,D,,,,30,01:00,60,67,
2007,RS,12,140,377,IST,PKNG,"NICHOLAS, DREW",2FGM,Two Pointer,2,-538,61,E,,,,30,01:00,62,67,
2007,RS,12,140,386,IST,PKCH,"HUTSON, ANDRE",FTM,Free Throw In,1,-1,-1, ,,,,31,10:00,63,67,
2007,RS,12,140,389,LIE,PCOH,"PRICE, HOLLIS",3FGA,Missed Three Pointer,0,474,548,G,,,,31,10:00,63,67,
2007,RS,12,140,391,IST,PKNG,"NICHOLAS, DREW",3FGA,Missed Three Pointer,0,-674,248,F,,,,31,10:00,63,67,
2007,RS,12,140,394,IST,PKNG,"NICHOLAS, DREW",2FGA,Missed Two Pointer,0,-405,294,E,,,,32,09:00,63,67,
2007,RS,12,140,396,LIE,PLOC,"EIDSON, CHUCK",2FGA,Missed Two Pointer,0,-197,551,I,,,,32,09:00,63,67,
2007,RS,12,140,398,IST,PKCH,"HUTSON, ANDRE",2FGM,Two Pointer,2,238,89,C,,,,32,09:00,65,67,
2007,RS,12,140,408,LIE,PJRD,"NIELSEN, MATT",FTM,Free Throw In,1,-1,-1, ,,,,33,08:00,65,68,
2007,RS,12,140,409,LIE,PJRD,"NIELSEN, MATT",FTM,Free Throw In,1,-1,-1, ,,,,33,08:00,65,69,
2007,RS,12,140,410,IST,PKOJ,"GREGORY, KENNY",3FGM,Three Pointer,3,-664,10,F,,,,33,08:00,68,69,
2007,RS,12,140,416,LIE,PJZN,"PETRAVICIUS, MARIJONAS",FTM,Free Throw In,1,-1,-1, ,,,,33,08:00,68,70,
2007,RS,12,140,418,IST,PKNG,"NICHOLAS, DREW",3FGA,Missed Three Pointer,0,392,607,G,,,,34,07:00,68,70,
2007,RS,12,140,420,IST,PBXD,"PENN, JAMES",3FGM,Three Pointer,3,2,738,G,,,,34,07:00,71,70,
2007,RS,12,140,421,LIE,PJRD,"NIELSEN, MATT",3FGA,Missed Three Pointer,0,702,46,A,,,,34,07:00,71,70,
2007,RS,12,140,425,LIE,PKNS,"JOMANTAS, ARTURAS",2FGM,Two Pointer,2,74,17,C,,,,34,07:00,71,72,
2007,RS,12,140,426,IST,PKNG,"NICHOLAS, DREW",2FGA,Missed Two Pointer,0,61,497,H,,,,34,07:00,71,72,
2007,RS,12,140,428,LIE,PCOH,"PRICE, HOLLIS",2FGM,Two Pointer,2,-79,41,D,,,,34,07:00,71,74,
2007,RS,12,140,430,IST,PKCH,"HUTSON, ANDRE",2FGM,Two Pointer,2,-105,58,D,,,,35,06:00,73,74,
2007,RS,12,140,436,LIE,PJZN,"PETRAVICIUS, MARIJONAS",FTM,Free Throw In,1,-1,-1, ,,,,36,05:00,73,75,
2007,RS,12,140,437,IST,PKNG,"NICHOLAS, DREW",3FGM,Three Pointer,3,-656,228,F,,,,36,05:00,76,75,
2007,RS,12,140,439,LIE,PJZN,"PETRAVICIUS, MARIJONAS",2FGAB,Missed Two Pointer,0,-112,89,D,,,,36,05:00,76,75,
2007,RS,12,140,442,LIE,PJZN,"PETRAVICIUS, MARIJONAS",2FGAB,Missed Two Pointer,0,-182,71,D,,,,36,05:00,76,75,
2007,RS,12,140,452,IST,PBXD,"PENN, JAMES",2FGA,Missed Two Pointer,0,-33,128,D,,,,37,04:00,76,75,
2007,RS,12,140,454,IST,PTFG,"WOODS, LOREN",2FGM,Two Pointer,2,-5,12,D,,,,37,04:00,78,75,
2007,RS,12,140,459,LIE,PKNS,"JOMANTAS, ARTURAS",FTM,Free Throw In,1,-1,-1, ,,,,37,04:00,78,76,
2007,RS,12,140,460,IST,PKOJ,"GREGORY, KENNY",2FGM,Two Pointer,2,205,102,C,,,,37,04:00,80,76,
2007,RS,12,140,462,LIE,PJRD,"NIELSEN, MATT",2FGM,Two Pointer,2,-230,107,D,,,,38,03:00,80,78,
2007,RS,12,140,470,LIE,PJRD,"NIELSEN, MATT",FTM,Free Throw In,1,-1,-1, ,,,,38,03:00,80,79,
2007,RS,12,140,471,LIE,PJRD,"NIELSEN, MATT",FTM,Free Throw In,1,-1,-1, ,,,,38,03:00,80,80,
2007,RS,12,140,472,IST,PBXD,"PENN, JAMES",2FGM,Two Pointer,2,-412,58,E,,,,38,03:00,82,80,
2007,RS,12,140,481,LIE,PJRD,"NIELSEN, MATT",2FGA,Missed Two Pointer,0,225,451,H,,,,39,02:00,82,80,
2007,RS,12,140,484,IST,PKOJ,"GREGORY, KENNY",2FGM,Two Pointer,2,366,328,B,,,,40,01:00,84,80,
2007,RS,12,140,486,LIE,PJZN,"PETRAVICIUS, MARIJONAS",2FGAB,Missed Two Pointer,0,-112,74,D,,,,40,01:00,84,80,
2007,RS,12,140,496,IST,PBXD,"PENN, JAMES",FTM,Free Throw In,1,-1,-1, ,,,,40,01:00,85,80,
2007,RS,12,140,497,IST,PBXD,"PENN, JAMES",FTM,Free Throw In,1,-1,-1, ,,,,40,01:00,86,80,
2007,RS,12,140,502,LIE,PCOH,"PRICE, HOLLIS",2FGM,Two Pointer,2,58,46,C,,,,40,01:00,86,82,
2007,RS,12,140,512,LIE,PCOH,"PRICE, HOLLIS",3FGA,Missed Three Pointer,0,379,600,G,,,,40,01:00,86,82,
2007,RS,12,140,516,IST,PKNG,"NICHOLAS, DREW",FTM,Free Throw In,1,-1,-1, ,,,,40,01:00,87,82,
2007,RS,12,140,517,IST,PKNG,"NICHOLAS, DREW",FTM,Free Throw In,1,-1,-1, ,,,,40,01:00,88,82,
2007,RS,12,140,520,LIE,PCOH,"PRICE, HOLLIS",2FGM,Two Pointer,2,-76,66,D,,,,40,01:00,88,84,
2007,RS,12,140,523,IST,PKSU,"WRIGHT, RASHAD",FTM,Free Throw In,1,-1,-1, ,,,,40,01:00,89,84,
2007,RS,12,140,524,IST,PKSU,"WRIGHT, RASHAD",FTM,Free Throw In,1,-1,-1, ,,,,40,01:00,90,84,
2007,RS,12,140,527,LIE,PJRD,"NIELSEN, MATT",3FGA,Missed Three Pointer,0,-479,558,J,,,,40,01:00,90,84,
2007,RS,12,141,2,ULK,PTHC,"WHITE, JAMES",3FGA,Missed Three Pointer,0,-202,653,J,,,,1,10:00,0,0,
2007,RS,12,141,4,BAM,PLPI,"FENN, DARREN",2FGM,Two Pointer,2,-56,23,D,,,,1,10:00,2,0,
2007,RS,12,141,6,ULK,PLGR,"BASAK, RASIM",2FGM,Two Pointer,2,-202,535,I,,,,1,10:00,2,2,
2007,RS,12,141,9,BAM,PLPI,"FENN, DARREN",3FGA,Missed Three Pointer,0,-15,669,J,,,,2,09:00,2,2,
2007,RS,12,141,11,ULK,PTFI,"VIDMAR, GASPER",2FGA,Missed Two Pointer,0,0,192,D,,,,2,09:00,2,2,
2007,RS,12,141,13,BAM,PLPI,"FENN, DARREN",2FGM,Two Pointer,2,-420,187,E,,,,2,09:00,4,2,
2007,RS,12,141,16,ULK,PTFI,"VIDMAR, GASPER",2FGM,Two Pointer,2,0,10,D,,,,3,08:00,4,4,
2007,RS,12,141,18,BAM,PKOO,"GREENE, DEMOND",3FGM,Three Pointer,3,405,541,G,,,,3,08:00,7,4,
2007,RS,12,141,19,ULK,PTHC,"WHITE, JAMES",2FGM,Two Pointer,2,61,38,C,,,,3,08:00,7,6,
2007,RS,12,141,24,BAM,PJSS,"HAMANN, STEFFEN",2FGM,Two Pointer,2,-51,10,D,,,,4,07:00,9,6,
2007,RS,12,141,25,ULK,PCOS,"SOLOMON, WILLIE",2FGM,Two Pointer,2,5,423,C,,,,4,07:00,9,8,
2007,RS,12,141,28,BAM,PLPI,"FENN, DARREN",FTM,Free Throw In,1,-1,-1, ,,,,4,07:00,10,8,
2007,RS,12,141,29,BAM,PLPI,"FENN, DARREN",FTM,Free Throw In,1,-1,-1, ,,,,4,07:00,11,8,
2007,RS,12,141,31,ULK,PTFI,"VIDMAR, GASPER",2FGM,Two Pointer,2,2,10,D,,,,5,06:00,11,10,
2007,RS,12,141,33,BAM,PASB,"OKULAJA, ADEMOLA",2FGM,Two Pointer,2,464,79,B,,,,5,06:00,13,10,
2007,RS,12,141,35,ULK,PARO,"ONAN, OMER",2FGA,Missed Two Pointer,0,-41,89,D,,,,5,06:00,13,10,
2007,RS,12,141,39,ULK,PCOS,"SOLOMON, WILLIE",2FGM,Two Pointer,2,128,579,H,,,,5,06:00,13,12,
2007,RS,12,141,41,BAM,PLPI,"FENN, DARREN",3FGM,Three Pointer,3,-51,656,J,,,,6,05:00,16,12,
2007,RS,12,141,66,BAM,PJSS,"HAMANN, STEFFEN",3FGA,Missed Three Pointer,0,-25,656,J,,,,7,04:00,16,12,
2007,RS,12,141,75,ULK,PAYR,"TURKCAN, MIRSAD",3FGA,Missed Three Pointer,0,546,425,A,,,,7,04:00,16,12,
2007,RS,12,141,80,ULK,PCOS,"SOLOMON, WILLIE",2FGA,Missed Two Pointer,0,207,428,H,,,,9,02:00,16,12,
2007,RS,12,141,82,BAM,PASB,"OKULAJA, ADEMOLA",3FGM,Three Pointer,3,-502,438,J,,,,9,02:00,19,12,
2007,RS,12,141,84,ULK,PTHC,"WHITE, JAMES",2FGA,Missed Two Pointer,0,-107,-5,D,,,,9,02:00,19,12,
2007,RS,12,141,86,BAM,PJSS,"HAMANN, STEFFEN",2FGM,Two Pointer,2,-2,-2,D,,,,9,02:00,21,12,
2007,RS,12,141,102,BAM,PASB,"OKULAJA, ADEMOLA",2FGM,Two Pointer,2,-2,-5,D,,,,10,01:00,23,12,
2007,RS,12,141,105,ULK,PLGR,"BASAK, RASIM",3FGA,Missed Three Pointer,0,151,838,G,,,,10,01:00,23,12,
2007,RS,12,141,110,BAM,PJSR,"ENSMINGER, CHRIS",2FGM,Two Pointer,2,146,7,C,,,,11,10:00,25,12,
2007,RS,12,141,111,ULK,P000738,"KINSEY, TARENCE",3FGA,Missed Three Pointer,0,-628,215,F,,,,11,10:00,25,12,
2007,RS,12,141,119,ULK,P000709,"ASIK, OMER FARUK",2FGM,Two Pointer,2,100,76,C,,,,12,09:00,25,14,
2007,RS,12,141,120,BAM,PBOF,"GARRETT, ROBERT",3FGM,Three Pointer,3,512,425,A,,,,12,09:00,28,14,
2007,RS,12,141,130,BAM,PKOO,"GREENE, DEMOND",2FGA,Missed Two Pointer,0,548,130,B,,,,13,08:00,28,14,
2007,RS,12,141,132,ULK,PAYR,"TURKCAN, MIRSAD",2FGA,Missed Two Pointer,0,274,246,B,,,,13,08:00,28,14,
2007,RS,12,141,142,BAM,PLPK,"OHLBRECHT, TIM",FTM,Free Throw In,1,-1,-1, ,,,,13,08:00,29,14,
2007,RS,12,141,143,BAM,PLPK,"OHLBRECHT, TIM",FTM,Free Throw In,1,-1,-1, ,,,,13,08:00,30,14,
2007,RS,12,141,145,ULK,PARO,"ONAN, OMER",3FGM,Three Pointer,3,-10,669,J,,,,14,07:00,30,17,
2007,RS,12,141,149,ULK,PTFI,"VIDMAR, GASPER",2FGA,Missed Two Pointer,0,133,58,C,,,,14,07:00,30,17,
2007,RS,12,141,158,ULK,PCOS,"SOLOMON, WILLIE",2FGAB,Missed Two Pointer,0,-58,71,D,,,,15,06:00,30,17,
2007,RS,12,141,161,BAM,PASB,"OKULAJA, ADEMOLA",3FGA,Missed Three Pointer,0,564,369,A,,,,15,06:00,30,17,
2007,RS,12,141,163,ULK,PARO,"ONAN, OMER",2FGM,Two Pointer,2,-48,17,D,,,,15,06:00,30,19,
2007,RS,12,141,166,BAM,PKOO,"GREENE, DEMOND",3FGA,Missed Three Pointer,0,-661,17,F,,,,15,06:00,30,19,
2007,RS,12,141,173,ULK,PAYR,"TURKCAN, MIRSAD",2FGA,Missed Two Pointer,0,-133,243,D,,,,16,05:00,30,19,
2007,RS,12,141,175,BAM,PKOO,"GREENE, DEMOND",3FGA,Missed Three Pointer,0,-656,128,F,,,,16,05:00,30,19,
2007,RS,12,141,179,ULK,PCOS,"SOLOMON, WILLIE",3FGA,Missed Three Pointer,0,-212,643,J,,,,16,05:00,30,19,
2007,RS,12,141,189,BAM,PARF,"DEMIREL, MITHAT",FTM,Free Throw In,1,-1,-1, ,,,,17,04:00,31,19,
2007,RS,12,141,190,BAM,PARF,"DEMIREL, MITHAT",FTM,Free Throw In,1,-1,-1, ,,,,17,04:00,32,19,
2007,RS,12,141,191,ULK,PARO,"ONAN, OMER",2FGA,Missed Two Pointer,0,-5,66,D,,,,17,04:00,32,19,
2007,RS,12,141,200,ULK,PTFI,"VIDMAR, GASPER",FTM,Free Throw In,1,-1,-1, ,,,,17,04:00,32,20,
2007,RS,12,141,207,BAM,PJSR,"ENSMINGER, CHRIS",FTM,Free Throw In,1,-1,-1, ,,,,18,03:00,33,20,
2007,RS,12,141,208,ULK,PLGR,"BASAK, RASIM",3FGA,Missed Three Pointer,0,-523,464,J,,,,18,03:00,33,20,
2007,RS,12,141,210,BAM,PLPI,"FENN, DARREN",3FGM,Three Pointer,3,656,35,A,,,,18,03:00,36,20,
2007,RS,12,141,211,ULK,PLGR,"BASAK, RASIM",3FGM,Three Pointer,3,-187,648,J,,,,18,03:00,36,23,
2007,RS,12,141,213,BAM,PLPI,"FENN, DARREN",2FGA,Missed Two Pointer,0,-28,428,I,,,,18,03:00,36,23,
2007,RS,12,141,215,BAM,PASB,"OKULAJA, ADEMOLA",2FGM,Two Pointer,2,38,15,C,,,,18,03:00,38,23,
2007,RS,12,141,216,ULK,PCOS,"SOLOMON, WILLIE",3FGM,Three Pointer,3,-135,676,J,,,,18,03:00,38,26,
2007,RS,12,141,219,BAM,PLPI,"FENN, DARREN",3FGA,Missed Three Pointer,0,458,482,G,,,,20,01:00,38,26,
2007,RS,12,141,221,ULK,PCOS,"SOLOMON, WILLIE",3FGM,Three Pointer,3,-182,653,J,,,,20,01:00,38,29,
2007,RS,12,141,222,BAM,PKOO,"GREENE, DEMOND",3FGA,Missed Three Pointer,0,458,525,G,,,,20,01:00,38,29,
2007,RS,12,141,230,ULK,PARO,"ONAN, OMER",3FGM,Three Pointer,3,205,641,G,,,,21,10:00,38,32,
2007,RS,12,141,232,BAM,PLPI,"FENN, DARREN",3FGA,Missed Three Pointer,0,335,600,G,,,,21,10:00,38,32,
2007,RS,12,141,234,ULK,PTHC,"WHITE, JAMES",2FGM,Two Pointer,2,-25,76,D,,,,21,10:00,38,34,
2007,RS,12,141,236,BAM,PKOO,"GREENE, DEMOND",2FGA,Missed Two Pointer,0,-356,458,I,,,,22,09:00,38,34,
2007,RS,12,141,242,ULK,PLGR,"BASAK, RASIM",3FGA,Missed Three Pointer,0,74,656,G,,,,22,09:00,38,34,
2007,RS,12,141,245,BAM,PASB,"OKULAJA, ADEMOLA",2FGA,Missed Two Pointer,0,115,415,C,,,,23,08:00,38,34,
2007,RS,12,141,248,BAM,PLPI,"FENN, DARREN",3FGA,Missed Three Pointer,0,-412,530,J,,,,23,08:00,38,34,
2007,RS,12,141,255,ULK,P000709,"ASIK, OMER FARUK",2FGA,Missed Two Pointer,0,71,28,C,,,,23,08:00,38,34,
2007,RS,12,141,257,ULK,P000709,"ASIK, OMER FARUK",2FGM,Two Pointer,2,-5,-2,D,,,,23,08:00,38,36,
2007,RS,12,141,265,BAM,PJSS,"HAMANN, STEFFEN",FTM,Free Throw In,1,-1,-1, ,,,,24,07:00,39,36,
2007,RS,12,141,266,BAM,PJSS,"HAMANN, STEFFEN",FTM,Free Throw In,1,-1,-1, ,,,,24,07:00,40,36,
2007,RS,12,141,269,ULK,PTHC,"WHITE, JAMES",FTM,Free Throw In,1,-1,-1, ,,,,24,07:00,40,37,
2007,RS,12,141,274,ULK,PCOS,"SOLOMON, WILLIE",3FGA,Missed Three Pointer,0,-623,241,F,,,,25,06:00,40,37,
2007,RS,12,141,283,ULK,PAYR,"TURKCAN, MIRSAD",2FGA,Missed Two Pointer,0,-284,482,I,,,,25,06:00,40,37,
2007,RS,12,141,285,BAM,PJSR,"ENSMINGER, CHRIS",2FGM,Two Pointer,2,-184,43,D,,,,25,06:00,42,37,
2007,RS,12,141,287,ULK,PTHC,"WHITE, JAMES",2FGA,Missed Two Pointer,0,51,7,C,,,,25,06:00,42,37,
2007,RS,12,141,290,BAM,PKOO,"GREENE, DEMOND",3FGA,Missed Three Pointer,0,543,438,G,,,,26,05:00,42,37,
2007,RS,12,141,295,ULK,PARO,"ONAN, OMER",3FGA,Missed Three Pointer,0,415,515,G,,,,27,04:00,42,37,
2007,RS,12,141,301,BAM,PKOO,"GREENE, DEMOND",FTM,Free Throw In,1,-1,-1, ,,,,27,04:00,43,37,
2007,RS,12,141,302,BAM,PKOO,"GREENE, DEMOND",FTM,Free Throw In,1,-1,-1, ,,,,27,04:00,44,37,
2007,RS,12,141,305,ULK,PCOS,"SOLOMON, WILLIE",2FGA,Missed Two Pointer,0,171,17,C,,,,27,04:00,44,37,
2007,RS,12,141,307,ULK,PTFH,"PRELDZIC, EMIR",3FGM,Three Pointer,3,474,466,G,,,,27,04:00,44,40,
2007,RS,12,141,311,BAM,PJSR,"ENSMINGER, CHRIS",2FGA,Missed Two Pointer,0,61,41,C,,,,27,04:00,44,40,
2007,RS,12,141,315,BAM,PASB,"OKULAJA, ADEMOLA",2FGM,Two Pointer,2,-64,38,D,,,,28,03:00,46,40,
2007,RS,12,141,318,BAM,PARF,"DEMIREL, MITHAT",2FGM,Two Pointer,2,-51,20,D,,,,28,03:00,48,40,
2007,RS,12,141,331,BAM,PBOF,"GARRETT, ROBERT",FTM,Free Throw In,1,-1,-1, ,,,,29,02:00,49,40,
2007,RS,12,141,334,ULK,PAYR,"TURKCAN, MIRSAD",2FGM,Two Pointer,2,64,12,C,,,,29,02:00,49,42,
2007,RS,12,141,336,BAM,PBOF,"GARRETT, ROBERT",2FGA,Missed Two Pointer,0,451,271,B,,,,29,02:00,49,42,
2007,RS,12,141,344,ULK,PTFI,"VIDMAR, GASPER",FTM,Free Throw In,1,-1,-1, ,,,,30,01:00,49,43,
2007,RS,12,141,345,BAM,PJSS,"HAMANN, STEFFEN",3FGA,Missed Three Pointer,0,-46,692,J,,,,30,01:00,49,43,
2007,RS,12,141,351,ULK,PCOS,"SOLOMON, WILLIE",FTM,Free Throw In,1,-1,-1, ,,,,30,01:00,49,44,
2007,RS,12,141,352,ULK,PCOS,"SOLOMON, WILLIE",FTM,Free Throw In,1,-1,-1, ,,,,30,01:00,49,45,
2007,RS,12,141,353,BAM,PKOO,"GREENE, DEMOND",3FGM,Three Pointer,3,-2,679,J,,,,30,01:00,52,45,
2007,RS,12,141,357,BAM,PJSR,"ENSMINGER, CHRIS",2FGA,Missed Two Pointer,0,12,138,C,,,,31,10:00,52,45,
2007,RS,12,141,361,BAM,PJSR,"ENSMINGER, CHRIS",2FGM,Two Pointer,2,-17,105,D,,,,31,10:00,54,45,
2007,RS,12,141,362,ULK,PCOS,"SOLOMON, WILLIE",3FGA,Missed Three Pointer,0,192,664,G,,,,31,10:00,54,45,
2007,RS,12,141,371,BAM,PJSR,"ENSMINGER, CHRIS",FTM,Free Throw In,1,-1,-1, ,,,,32,09:00,55,45,
2007,RS,12,141,374,ULK,P000738,"KINSEY, TARENCE",2FGM,Two Pointer,2,512,158,B,,,,32,09:00,55,47,
2007,RS,12,141,375,BAM,PKOO,"GREENE, DEMOND",3FGM,Three Pointer,3,-487,464,J,,,,32,09:00,58,47,
2007,RS,12,141,379,BAM,PKOO,"GREENE, DEMOND",2FGM,Two Pointer,2,-64,25,D,,,,32,09:00,60,47,
2007,RS,12,141,385,ULK,PAYR,"TURKCAN, MIRSAD",2FGA,Missed Two Pointer,0,61,456,H,,,,33,08:00,60,47,
2007,RS,12,141,393,ULK,PCOS,"SOLOMON, WILLIE",3FGM,Three Pointer,3,-184,638,J,,,,33,08:00,60,50,
2007,RS,12,141,401,BAM,PJSS,"HAMANN, STEFFEN",2FGAB,Missed Two Pointer,0,53,79,C,,,,34,07:00,60,50,
2007,RS,12,141,405,BAM,PLPI,"FENN, DARREN",2FGM,Two Pointer,2,-20,41,D,,,,34,07:00,62,50,
2007,RS,12,141,406,ULK,PCOS,"SOLOMON, WILLIE",3FGM,Three Pointer,3,-15,661,J,,,,34,07:00,62,53,
2007,RS,12,141,409,BAM,PLPI,"FENN, DARREN",2FGM,Two Pointer,2,-284,261,E,,,,34,07:00,64,53,
2007,RS,12,141,411,ULK,PAYR,"TURKCAN, MIRSAD",2FGM,Two Pointer,2,56,117,C,,,,34,07:00,64,55,
2007,RS,12,141,412,BAM,PLPI,"FENN, DARREN",3FGM,Three Pointer,3,333,579,G,,,,34,07:00,67,55,
2007,RS,12,141,415,ULK,PCOS,"SOLOMON, WILLIE",3FGM,Three Pointer,3,23,671,G,,,,35,06:00,67,58,
2007,RS,12,141,417,BAM,PBOF,"GARRETT, ROBERT",3FGM,Three Pointer,3,676,-7,A,,,,36,05:00,70,58,
2007,RS,12,141,425,ULK,PLGR,"BASAK, RASIM",3FGM,Three Pointer,3,661,0,A,,,,36,05:00,70,61,
2007,RS,12,141,429,ULK,PCOS,"SOLOMON, WILLIE",3FGA,Missed Three Pointer,0,-15,669,J,,,,36,05:00,70,61,
2007,RS,12,141,431,ULK,PARO,"ONAN, OMER",3FGA,Missed Three Pointer,0,-453,515,J,,,,36,05:00,70,61,
2007,RS,12,141,443,ULK,PAYR,"TURKCAN, MIRSAD",2FGA,Missed Two Pointer,0,-92,25,D,,,,38,03:00,70,61,
2007,RS,12,141,445,ULK,PAYR,"TURKCAN, MIRSAD",2FGM,Two Pointer,2,-56,10,D,,,,38,03:00,70,63,
2007,RS,12,141,452,ULK,PCOS,"SOLOMON, WILLIE",3FGA,Missed Three Pointer,0,174,646,G,,,,38,03:00,70,63,
2007,RS,12,141,455,BAM,PARF,"DEMIREL, MITHAT",2FGA,Missed Two Pointer,0,-82,61,D,,,,39,02:00,70,63,
2007,RS,12,141,457,ULK,PCOS,"SOLOMON, WILLIE",FTM,Free Throw In,1,-1,-1, ,,,,39,02:00,70,64,
2007,RS,12,141,458,ULK,PCOS,"SOLOMON, WILLIE",FTM,Free Throw In,1,-1,-1, ,,,,39,02:00,70,65,
2007,RS,12,141,460,BAM,PASB,"OKULAJA, ADEMOLA",2FGA,Missed Two Pointer,0,61,25,C,,,,39,02:00,70,65,
2007,RS,12,141,465,BAM,PLPI,"FENN, DARREN",FTM,Free Throw In,1,-1,-1, ,,,,40,01:00,71,65,
2007,RS,12,141,466,BAM,PLPI,"FENN, DARREN",FTM,Free Throw In,1,-1,-1, ,,,,40,01:00,72,65,
2007,RS,12,141,467,ULK,PLGR,"BASAK, RASIM",3FGM,Three Pointer,3,-430,538,J,,,,40,01:00,72,68,
2007,RS,12,141,471,BAM,PASB,"OKULAJA, ADEMOLA",FTM,Free Throw In,1,-1,-1, ,,,,40,01:00,73,68,
2007,RS,12,141,472,ULK,PCOS,"SOLOMON, WILLIE",2FGM,Two Pointer,2,51,23,C,,,,40,01:00,73,70,
2007,RS,12,141,478,BAM,PJSS,"HAMANN, STEFFEN",FTM,Free Throw In,1,-1,-1, ,,,,40,01:00,74,70,
2007,RS,12,141,479,BAM,PJSS,"HAMANN, STEFFEN",FTM,Free Throw In,1,-1,-1, ,,,,40,01:00,75,70,
2007,RS,12,141,482,ULK,PCOS,"SOLOMON, WILLIE",FTM,Free Throw In,1,-1,-1, ,,,,40,01:00,75,71,
2007,RS,12,141,483,ULK,PCOS,"SOLOMON, WILLIE",FTM,Free Throw In,1,-1,-1, ,,,,40,01:00,75,72,
2007,RS,12,141,488,BAM,PJSS,"HAMANN, STEFFEN",FTM,Free Throw In,1,-1,-1, ,,,,40,01:00,76,72,
2007,RS,12,141,493,ULK,PCOS,"SOLOMON, WILLIE",FTM,Free Throw In,1,-1,-1, ,,,,40,01:00,76,73,
2007,RS,12,141,504,BAM,PBOF,"GARRETT, ROBERT",FTM,Free Throw In,1,-1,-1, ,,,,40,01:00,77,73,
2007,RS,12,141,505,BAM,PBOF,"GARRETT, ROBERT",FTM,Free Throw In,1,-1,-1, ,,,,40,01:00,78,73,
2007,RS,12,141,507,BAM,PBOF,"GARRETT, ROBERT",FTM,Free Throw In,1,-1,-1, ,,,,40,01:00,79,73,
2007,RS,12,141,509,ULK,PTHC,"WHITE, JAMES",2FGA,Missed Two Pointer,0,7,74,C,,,,40,01:00,79,73,
2007,RS,12,141,511,ULK,PTHC,"WHITE, JAMES",2FGA,Missed Two Pointer,0,7,87,C,,,,40,01:00,79,73,
2007,RS,12,141,513,BAM,PLKE,"DICKEL, MARK",2FGM,Two Pointer,2,-38,38,D,,,,40,01:00,81,73,
2007,RS,12,141,517,ULK,PARO,"ONAN, OMER",3FGA,Missed Three Pointer,0,584,382,A,,,,40,01:00,81,73,
2007,RS,12,142,3,ROM,PBWL,"LORBEK, ERAZEM",2FGM,Two Pointer,2,-184,228,D,,,,1,10:00,2,0,
2007,RS,12,142,10,ROM,PJKN,"GABINI, ROBERTO",3FGA,Missed Three Pointer,0,-433,512,J,,,,1,10:00,2,0,
2007,RS,12,142,12,PAR,PJNN,"VELICKOVIC, NOVICA",3FGM,Three Pointer,3,676,-38,A,,,,1,10:00,2,3,
2007,RS,12,142,14,ROM,PCJA,"UKIC, ROKO-LENI",2FGM,Two Pointer,2,130,125,C,,,,2,09:00,4,3,
2007,RS,12,142,15,PAR,PJNN,"VELICKOVIC, NOVICA",3FGM,Three Pointer,3,682,-35,A,,,,2,09:00,4,6,
2007,RS,12,142,17,ROM,PCJA,"UKIC, ROKO-LENI",2FGM,Two Pointer,2,-105,46,D,,,,3,08:00,6,6,
2007,RS,12,142,22,ROM,PCJA,"UKIC, ROKO-LENI",FTM,Free Throw In,1,-1,-1, ,,,,3,08:00,7,6,
2007,RS,12,142,23,PAR,PLGH,"TEPIC, MILENKO",3FGA,Missed Three Pointer,0,-620,323,F,,,,3,08:00,7,6,
2007,RS,12,142,25,ROM,PJKN,"GABINI, ROBERTO",3FGA,Missed Three Pointer,0,687,-20,A,,,,3,08:00,7,6,
2007,RS,12,142,29,PAR,PJNN,"VELICKOVIC, NOVICA",2FGM,Two Pointer,2,-135,102,D,,,,3,08:00,7,8,
2007,RS,12,142,34,PAR,PKNN,"PEKOVIC, NIKOLA",2FGM,Two Pointer,2,-71,58,D,,,,4,07:00,7,10,
2007,RS,12,142,43,ROM,PTFR,"RAY, ALLAN",2FGM,Two Pointer,2,-89,53,D,,,,4,07:00,9,10,
2007,RS,12,142,44,PAR,PJNN,"VELICKOVIC, NOVICA",3FGM,Three Pointer,3,-687,-30,F,,,,4,07:00,9,13,
2007,RS,12,142,45,PAR,PKNN,"PEKOVIC, NIKOLA",FTM,Free Throw In,1,-1,-1, ,,,,4,07:00,9,14,
2007,RS,12,142,46,ROM,PCJA,"UKIC, ROKO-LENI",2FGM,Two Pointer,2,-87,56,D,,,,4,07:00,11,14,
2007,RS,12,142,49,ROM,PKZA,"HAWKINS, DAVID",2FGA,Missed Two Pointer,0,-123,89,D,,,,4,07:00,11,14,
2007,RS,12,142,51,ROM,PBWL,"LORBEK, ERAZEM",3FGM,Three Pointer,3,-274,625,J,,,,4,07:00,14,14,
2007,RS,12,142,52,PAR,PKNN,"PEKOVIC, NIKOLA",2FGA,Missed Two Pointer,0,46,92,C,,,,4,07:00,14,14,
2007,RS,12,142,57,PAR,PKNN,"PEKOVIC, NIKOLA",FTM,Free Throw In,1,-1,-1, ,,,,5,06:00,14,15,
2007,RS,12,142,63,PAR,PLGH,"TEPIC, MILENKO",FTM,Free Throw In,1,-1,-1, ,,,,6,05:00,14,16,
2007,RS,12,142,68,ROM,PCJA,"UKIC, ROKO-LENI",2FGM,Two Pointer,2,-115,41,D,,,,6,05:00,16,16,
2007,RS,12,142,70,PAR,PLGH,"TEPIC, MILENKO",2FGA,Missed Two Pointer,0,-233,282,E,,,,7,04:00,16,16,
2007,RS,12,142,76,ROM,PTFR,"RAY, ALLAN",FTM,Free Throw In,1,-1,-1, ,,,,7,04:00,17,16,
2007,RS,12,142,77,ROM,PTFR,"RAY, ALLAN",FTM,Free Throw In,1,-1,-1, ,,,,7,04:00,18,16,
2007,RS,12,142,81,ROM,PADP,"FUCKA, GREGOR",2FGA,Missed Two Pointer,0,17,471,H,,,,7,04:00,18,16,
2007,RS,12,142,84,PAR,PBFE,"KECMAN, DUSAN",2FGM,Two Pointer,2,-110,94,D,,,,8,03:00,18,18,
2007,RS,12,142,86,ROM,PTFR,"RAY, ALLAN",2FGM,Two Pointer,2,515,74,B,,,,8,03:00,20,18,
2007,RS,12,142,87,PAR,PJNN,"VELICKOVIC, NOVICA",3FGA,Missed Three Pointer,0,279,658,G,,,,8,03:00,20,18,
2007,RS,12,142,90,ROM,PTFR,"RAY, ALLAN",2FGM,Two Pointer,2,348,458,H,,,,8,03:00,22,18,
2007,RS,12,142,91,PAR,PKNN,"PEKOVIC, NIKOLA",2FGM,Two Pointer,2,-71,82,D,,,,8,03:00,22,20,
2007,RS,12,142,99,PAR,PJNN,"VELICKOVIC, NOVICA",2FGM,Two Pointer,2,-7,2,D,,,,9,02:00,22,22,
2007,RS,12,142,104,ROM,PTFR,"RAY, ALLAN",3FGA,Missed Three Pointer,0,497,494,G,,,,10,01:00,22,22,
2007,RS,12,142,107,PAR,PJJY,"BOZIC, PETAR",3FGM,Three Pointer,3,474,466,G,,,,10,01:00,22,25,
2007,RS,12,142,121,ROM,PJKN,"GABINI, ROBERTO",3FGA,Missed Three Pointer,0,458,556,G,,,,11,10:00,22,25,
2007,RS,12,142,124,PAR,PBXO,"VITKOVAC, CEDOMIR",2FGA,Missed Two Pointer,0,-97,338,D,,,,12,09:00,22,25,
2007,RS,12,142,136,PAR,PBXO,"VITKOVAC, CEDOMIR",2FGA,Missed Two Pointer,0,28,174,C,,,,12,09:00,22,25,
2007,RS,12,142,141,ROM,PBWL,"LORBEK, ERAZEM",2FGM,Two Pointer,2,-100,41,D,,,,13,08:00,24,25,
2007,RS,12,142,142,PAR,PBXO,"VITKOVAC, CEDOMIR",2FGA,Missed Two Pointer,0,79,105,C,,,,13,08:00,24,25,
2007,RS,12,142,144,ROM,PKZA,"HAWKINS, DAVID",2FGM,Two Pointer,2,-89,20,D,,,,13,08:00,26,25,
2007,RS,12,142,153,ROM,PKZA,"HAWKINS, DAVID",FTM,Free Throw In,1,-1,-1, ,,,,13,08:00,27,25,
2007,RS,12,142,154,PAR,PKNN,"PEKOVIC, NIKOLA",2FGAB,Missed Two Pointer,0,5,51,C,,,,13,08:00,27,25,
2007,RS,12,142,157,ROM,PADP,"FUCKA, GREGOR",2FGA,Missed Two Pointer,0,348,233,B,,,,13,08:00,27,25,
2007,RS,12,142,172,ROM,PTFR,"RAY, ALLAN",2FGA,Missed Two Pointer,0,-87,115,D,,,,14,07:00,27,25,
2007,RS,12,142,174,PAR,PTGU,"PALACIO, MILT",2FGAB,Missed Two Pointer,0,-123,69,D,,,,14,07:00,27,25,
2007,RS,12,142,178,ROM,PTFR,"RAY, ALLAN",2FGM,Two Pointer,2,0,17,D,,,,14,07:00,29,25,
2007,RS,12,142,179,PAR,PBFB,"TRIPKOVIC, UROS",2FGM,Two Pointer,2,-217,105,D,,,,14,07:00,29,27,
2007,RS,12,142,192,ROM,PBWL,"LORBEK, ERAZEM",FTM,Free Throw In,1,-1,-1, ,,,,15,06:00,30,27,
2007,RS,12,142,198,PAR,PBFE,"KECMAN, DUSAN",2FGM,Two Pointer,2,117,71,C,,,,16,05:00,30,29,
2007,RS,12,142,203,ROM,PTFR,"RAY, ALLAN",FTM,Free Throw In,1,-1,-1, ,,,,16,05:00,31,29,
2007,RS,12,142,204,ROM,PTFR,"RAY, ALLAN",FTM,Free Throw In,1,-1,-1, ,,,,16,05:00,32,29,
2007,RS,12,142,205,PAR,PKNN,"PEKOVIC, NIKOLA",2FGM,Two Pointer,2,-158,130,D,,,,16,05:00,32,31,
2007,RS,12,142,209,ROM,PADP,"FUCKA, GREGOR",2FGA,Missed Two Pointer,0,235,107,C,,,,17,04:00,32,31,
2007,RS,12,142,213,ROM,PKZA,"HAWKINS, DAVID",2FGA,Missed Two Pointer,0,507,0,B,,,,17,04:00,32,31,
2007,RS,12,142,216,PAR,PKNN,"PEKOVIC, NIKOLA",2FGM,Two Pointer,2,-266,10,D,,,,18,03:00,32,33,
2007,RS,12,142,217,ROM,PTFR,"RAY, ALLAN",3FGA,Missed Three Pointer,0,-179,700,J,,,,18,03:00,32,33,
2007,RS,12,142,219,ROM,PTFR,"RAY, ALLAN",3FGA,Missed Three Pointer,0,2,723,G,,,,18,03:00,32,33,
2007,RS,12,142,221,ROM,PBWL,"LORBEK, ERAZEM",2FGM,Two Pointer,2,148,351,C,,,,18,03:00,34,33,
2007,RS,12,142,223,PAR,PJJY,"BOZIC, PETAR",3FGM,Three Pointer,3,-684,76,F,,,,19,02:00,34,36,
2007,RS,12,142,226,ROM,PBWL,"LORBEK, ERAZEM",2FGA,Missed Two Pointer,0,-487,264,E,,,,19,02:00,34,36,
2007,RS,12,142,232,ROM,PADB,"DE LA FUENTE, RODRIGO",FTM,Free Throw In,1,-1,-1, ,,,,19,02:00,35,36,
2007,RS,12,142,233,ROM,PADB,"DE LA FUENTE, RODRIGO",FTM,Free Throw In,1,-1,-1, ,,,,19,02:00,36,36,
2007,RS,12,142,236,ROM,PCJA,"UKIC, ROKO-LENI",2FGA,Missed Two Pointer,0,-87,102,D,,,,19,02:00,36,36,
2007,RS,12,142,238,ROM,PBWL,"LORBEK, ERAZEM",2FGM,Two Pointer,2,76,82,C,,,,19,02:00,38,36,
2007,RS,12,142,241,PAR,PBFE,"KECMAN, DUSAN",3FGA,Missed Three Pointer,0,317,610,G,,,,20,01:00,38,36,
2007,RS,12,142,243,ROM,PCJA,"UKIC, ROKO-LENI",2FGM,Two Pointer,2,107,58,C,,,,20,01:00,40,36,
2007,RS,12,142,254,ROM,PBWL,"LORBEK, ERAZEM",3FGM,Three Pointer,3,28,689,G,,,,21,10:00,43,36,
2007,RS,12,142,256,PAR,PJNN,"VELICKOVIC, NOVICA",3FGA,Missed Three Pointer,0,671,-66,A,,,,21,10:00,43,36,
2007,RS,12,142,258,PAR,PBFE,"KECMAN, DUSAN",2FGM,Two Pointer,2,69,51,C,,,,21,10:00,43,38,
2007,RS,12,142,263,PAR,PBFE,"KECMAN, DUSAN",FTM,Free Throw In,1,-1,-1, ,,,,21,10:00,43,39,
2007,RS,12,142,267,ROM,PTFR,"RAY, ALLAN",FTM,Free Throw In,1,-1,-1, ,,,,22,09:00,44,39,
2007,RS,12,142,268,ROM,PTFR,"RAY, ALLAN",FTM,Free Throw In,1,-1,-1, ,,,,22,09:00,45,39,
2007,RS,12,142,269,PAR,PLGH,"TEPIC, MILENKO",2FGA,Missed Two Pointer,0,-117,53,D,,,,22,09:00,45,39,
2007,RS,12,142,276,ROM,PTFR,"RAY, ALLAN",FTM,Free Throw In,1,-1,-1, ,,,,22,09:00,46,39,
2007,RS,12,142,277,ROM,PTFR,"RAY, ALLAN",FTM,Free Throw In,1,-1,-1, ,,,,22,09:00,47,39,
2007,RS,12,142,278,PAR,PJNN,"VELICKOVIC, NOVICA",2FGAB,Missed Two Pointer,0,-97,15,D,,,,22,09:00,47,39,
2007,RS,12,142,282,ROM,PKZA,"HAWKINS, DAVID",3FGA,Missed Three Pointer,0,638,374,A,,,,22,09:00,47,39,
2007,RS,12,142,284,ROM,PCCI,"TONOLLI, ALESSANDRO",3FGM,Three Pointer,3,-2,669,J,,,,22,09:00,50,39,
2007,RS,12,142,289,PAR,PBFE,"KECMAN, DUSAN",FTM,Free Throw In,1,-1,-1, ,,,,23,08:00,50,40,
2007,RS,12,142,290,PAR,PBFE,"KECMAN, DUSAN",FTM,Free Throw In,1,-1,-1, ,,,,23,08:00,50,41,
2007,RS,12,142,291,ROM,PBWL,"LORBEK, ERAZEM",3FGA,Missed Three Pointer,0,-679,92,F,,,,23,08:00,50,41,
2007,RS,12,142,296,PAR,PJNN,"VELICKOVIC, NOVICA",FTM,Free Throw In,1,-1,-1, ,,,,23,08:00,50,42,
2007,RS,12,142,299,PAR,PTGU,"PALACIO, MILT",3FGM,Three Pointer,3,602,310,A,,,,24,07:00,50,45,
2007,RS,12,142,301,ROM,PBWL,"LORBEK, ERAZEM",2FGM,Two Pointer,2,82,2,C,,,,24,07:00,52,45,
2007,RS,12,142,311,ROM,PTFR,"RAY, ALLAN",FTM,Free Throw In,1,-1,-1, ,,,,25,06:00,53,45,
2007,RS,12,142,312,ROM,PTFR,"RAY, ALLAN",FTM,Free Throw In,1,-1,-1, ,,,,25,06:00,54,45,
2007,RS,12,142,313,ROM,PTFR,"RAY, ALLAN",2FGM,Two Pointer,2,228,484,H,,,,25,06:00,56,45,
2007,RS,12,142,314,PAR,PJNN,"VELICKOVIC, NOVICA",2FGM,Two Pointer,2,-328,130,E,,,,25,06:00,56,47,
2007,RS,12,142,316,ROM,PCJA,"UKIC, ROKO-LENI",3FGM,Three Pointer,3,364,571,G,,,,26,05:00,59,47,
2007,RS,12,142,327,PAR,PJNN,"VELICKOVIC, NOVICA",2FGM,Two Pointer,2,-166,61,D,,,,26,05:00,59,49,
2007,RS,12,142,329,ROM,PCJA,"UKIC, ROKO-LENI",3FGA,Missed Three Pointer,0,-266,741,J,,,,26,05:00,59,49,
2007,RS,12,142,336,PAR,PBFE,"KECMAN, DUSAN",FTM,Free Throw In,1,-1,-1, ,,,,27,04:00,59,50,
2007,RS,12,142,337,ROM,PCCI,"TONOLLI, ALESSANDRO",2FGA,Missed Two Pointer,0,600,7,B,,,,27,04:00,59,50,
2007,RS,12,142,339,PAR,PLGH,"TEPIC, MILENKO",2FGM,Two Pointer,2,-2,7,D,,,,27,04:00,59,52,
2007,RS,12,142,344,ROM,PKZA,"HAWKINS, DAVID",FTM,Free Throw In,1,-1,-1, ,,,,27,04:00,60,52,
2007,RS,12,142,345,ROM,PKZA,"HAWKINS, DAVID",FTM,Free Throw In,1,-1,-1, ,,,,27,04:00,61,52,
2007,RS,12,142,347,PAR,PTGU,"PALACIO, MILT",2FGM,Two Pointer,2,-217,579,I,,,,28,03:00,61,54,
2007,RS,12,142,348,ROM,PCJA,"UKIC, ROKO-LENI",2FGM,Two Pointer,2,164,2,C,,,,28,03:00,63,54,
2007,RS,12,142,349,PAR,PTGU,"PALACIO, MILT",2FGAB,Missed Two Pointer,0,-123,56,D,,,,28,03:00,63,54,
2007,RS,12,142,353,ROM,PKZA,"HAWKINS, DAVID",2FGAB,Missed Two Pointer,0,128,33,C,,,,28,03:00,63,54,
2007,RS,12,142,370,PAR,PJNN,"VELICKOVIC, NOVICA",2FGM,Two Pointer,2,141,233,C,,,,29,02:00,63,56,
2007,RS,12,142,378,PAR,PLGH,"TEPIC, MILENKO",FTM,Free Throw In,1,-1,-1, ,,,,29,02:00,63,57,
2007,RS,12,142,379,PAR,PLGH,"TEPIC, MILENKO",FTM,Free Throw In,1,-1,-1, ,,,,29,02:00,63,58,
2007,RS,12,142,381,ROM,PTFR,"RAY, ALLAN",3FGA,Missed Three Pointer,0,671,41,A,,,,30,01:00,63,58,
2007,RS,12,142,383,PAR,PBXO,"VITKOVAC, CEDOMIR",2FGA,Missed Two Pointer,0,-74,48,D,,,,30,01:00,63,58,
2007,RS,12,142,387,ROM,PCJA,"UKIC, ROKO-LENI",FTM,Free Throw In,1,-1,-1, ,,,,30,01:00,64,58,
2007,RS,12,142,388,ROM,PCJA,"UKIC, ROKO-LENI",FTM,Free Throw In,1,-1,-1, ,,,,30,01:00,65,58,
2007,RS,12,142,391,PAR,PBXO,"VITKOVAC, CEDOMIR",2FGA,Missed Two Pointer,0,-58,30,D,,,,30,01:00,65,58,
2007,RS,12,142,405,PAR,PBFE,"KECMAN, DUSAN",2FGA,Missed Two Pointer,0,58,323,C,,,,31,10:00,65,58,
2007,RS,12,142,407,ROM,PTFR,"RAY, ALLAN",3FGA,Missed Three Pointer,0,448,528,G,,,,31,10:00,65,58,
2007,RS,12,142,413,PAR,PLGH,"TEPIC, MILENKO",3FGA,Missed Three Pointer,0,-579,356,F,,,,31,10:00,65,58,
2007,RS,12,142,424,ROM,PCJA,"UKIC, ROKO-LENI",2FGM,Two Pointer,2,-107,17,D,,,,32,09:00,67,58,
2007,RS,12,142,433,PAR,PKNN,"PEKOVIC, NIKOLA",FTM,Free Throw In,1,-1,-1, ,,,,32,09:00,67,59,
2007,RS,12,142,434,PAR,PKNN,"PEKOVIC, NIKOLA",FTM,Free Throw In,1,-1,-1, ,,,,32,09:00,67,60,
2007,RS,12,142,435,ROM,PJKN,"GABINI, ROBERTO",3FGA,Missed Three Pointer,0,669,-33,A,,,,32,09:00,67,60,
2007,RS,12,142,440,PAR,PLGH,"TEPIC, MILENKO",3FGM,Three Pointer,3,-415,553,J,,,,33,08:00,67,63,
2007,RS,12,142,442,ROM,PCJA,"UKIC, ROKO-LENI",2FGA,Missed Two Pointer,0,-115,135,D,,,,33,08:00,67,63,
2007,RS,12,142,444,PAR,PKNN,"PEKOVIC, NIKOLA",2FGA,Missed Two Pointer,0,166,164,C,,,,33,08:00,67,63,
2007,RS,12,142,450,PAR,PKNN,"PEKOVIC, NIKOLA",FTM,Free Throw In,1,-1,-1, ,,,,33,08:00,67,64,
2007,RS,12,142,451,PAR,PKNN,"PEKOVIC, NIKOLA",FTM,Free Throw In,1,-1,-1, ,,,,33,08:00,67,65,
2007,RS,12,142,454,ROM,PBWL,"LORBEK, ERAZEM",FTM,Free Throw In,1,-1,-1, ,,,,33,08:00,68,65,
2007,RS,12,142,455,ROM,PBWL,"LORBEK, ERAZEM",FTM,Free Throw In,1,-1,-1, ,,,,33,08:00,69,65,
2007,RS,12,142,456,PAR,PJNN,"VELICKOVIC, NOVICA",3FGA,Missed Three Pointer,0,-674,-48,F,,,,33,08:00,69,65,
2007,RS,12,142,459,PAR,PJNN,"VELICKOVIC, NOVICA",2FGM,Two Pointer,2,-87,38,D,,,,34,07:00,69,67,
2007,RS,12,142,460,ROM,PKZA,"HAWKINS, DAVID",2FGM,Two Pointer,2,0,64,D,,,,34,07:00,71,67,
2007,RS,12,142,474,PAR,PBFE,"KECMAN, DUSAN",3FGA,Missed Three Pointer,0,666,217,A,,,,35,06:00,71,67,
2007,RS,12,142,476,ROM,PBWL,"LORBEK, ERAZEM",2FGA,Missed Two Pointer,0,82,28,C,,,,35,06:00,71,67,
2007,RS,12,142,484,PAR,PBFE,"KECMAN, DUSAN",FTM,Free Throw In,1,-1,-1, ,,,,35,06:00,71,68,
2007,RS,12,142,485,PAR,PBFE,"KECMAN, DUSAN",FTM,Free Throw In,1,-1,-1, ,,,,35,06:00,71,69,
2007,RS,12,142,489,ROM,PTFR,"RAY, ALLAN",FTM,Free Throw In,1,-1,-1, ,,,,36,05:00,72,69,
2007,RS,12,142,498,PAR,PBFE,"KECMAN, DUSAN",FTM,Free Throw In,1,-1,-1, ,,,,36,05:00,72,70,
2007,RS,12,142,501,ROM,PJKN,"GABINI, ROBERTO",2FGAB,Missed Two Pointer,0,164,338,C,,,,36,05:00,72,70,
2007,RS,12,142,505,PAR,PBFE,"KECMAN, DUSAN",3FGA,Missed Three Pointer,0,-528,405,F,,,,36,05:00,72,70,
2007,RS,12,142,508,PAR,PTGU,"PALACIO, MILT",3FGA,Missed Three Pointer,0,161,679,G,,,,37,04:00,72,70,
2007,RS,12,142,510,ROM,PKZA,"HAWKINS, DAVID",3FGA,Missed Three Pointer,0,-679,166,F,,,,37,04:00,72,70,
2007,RS,12,142,512,ROM,PADB,"DE LA FUENTE, RODRIGO",2FGM,Two Pointer,2,-71,38,D,,,,37,04:00,74,70,
2007,RS,12,142,516,PAR,PKNN,"PEKOVIC, NIKOLA",2FGA,Missed Two Pointer,0,5,148,C,,,,38,03:00,74,70,
2007,RS,12,142,518,ROM,PADB,"DE LA FUENTE, RODRIGO",2FGM,Two Pointer,2,-61,64,D,,,,38,03:00,76,70,
2007,RS,12,142,528,ROM,PADB,"DE LA FUENTE, RODRIGO",FTM,Free Throw In,1,-1,-1, ,,,,38,03:00,77,70,
2007,RS,12,142,533,PAR,PKNN,"PEKOVIC, NIKOLA",FTM,Free Throw In,1,-1,-1, ,,,,38,03:00,77,71,
2007,RS,12,142,538,ROM,PADB,"DE LA FUENTE, RODRIGO",2FGM,Two Pointer,2,-20,328,D,,,,39,02:00,79,71,
2007,RS,12,142,539,PAR,PTGU,"PALACIO, MILT",2FGM,Two Pointer,2,-92,46,D,,,,39,02:00,79,73,
2007,RS,12,142,540,ROM,PBWL,"LORBEK, ERAZEM",2FGA,Missed Two Pointer,0,133,123,C,,,,39,02:00,79,73,
2007,RS,12,142,543,PAR,PTGU,"PALACIO, MILT",3FGM,Three Pointer,3,461,548,G,,,,40,01:00,79,76,
2007,RS,12,142,545,ROM,PADB,"DE LA FUENTE, RODRIGO",2FGA,Missed Two Pointer,0,-320,46,E,,,,40,01:00,79,76,
2007,RS,12,142,547,PAR,PTGU,"PALACIO, MILT",2FGM,Two Pointer,2,-141,-7,D,,,,40,01:00,79,78,
2007,RS,12,142,550,ROM,PCJA,"UKIC, ROKO-LENI",FTM,Free Throw In,1,-1,-1, ,,,,40,01:00,80,78,
2007,RS,12,142,555,PAR,PBFE,"KECMAN, DUSAN",FTM,Free Throw In,1,-1,-1, ,,,,40,01:00,80,79,
2007,RS,12,142,556,PAR,PBFE,"KECMAN, DUSAN",FTM,Free Throw In,1,-1,-1, ,,,,40,01:00,80,80,
2007,RS,12,142,564,PAR,PBFB,"TRIPKOVIC, UROS",2FGM,Two Pointer,2,15,312,C,,,,41,05:00,80,82,
2007,RS,12,142,570,ROM,PKZA,"HAWKINS, DAVID",FTM,Free Throw In,1,-1,-1, ,,,,41,05:00,81,82,
2007,RS,12,142,572,PAR,PTGU,"PALACIO, MILT",3FGA,Missed Three Pointer,0,676,-5,A,,,,42,04:00,81,82,
2007,RS,12,142,574,PAR,PLGH,"TEPIC, MILENKO",2FGM,Two Pointer,2,-64,61,D,,,,42,04:00,81,84,
2007,RS,12,142,579,ROM,PKZA,"HAWKINS, DAVID",FTM,Free Throw In,1,-1,-1, ,,,,42,04:00,82,84,
2007,RS,12,142,580,ROM,PKZA,"HAWKINS, DAVID",FTM,Free Throw In,1,-1,-1, ,,,,42,04:00,83,84,
2007,RS,12,142,581,PAR,PBFE,"KECMAN, DUSAN",3FGA,Missed Three Pointer,0,600,343,A,,,,42,04:00,83,84,
2007,RS,12,142,583,ROM,PCJA,"UKIC, ROKO-LENI",2FGAB,Missed Two Pointer,0,64,100,C,,,,42,04:00,83,84,
2007,RS,12,142,590,PAR,PTGU,"PALACIO, MILT",FTM,Free Throw In,1,-1,-1, ,,,,42,04:00,83,85,
2007,RS,12,142,592,ROM,PCJA,"UKIC, ROKO-LENI",3FGAB,Missed Three Pointer,0,-500,502,J,,,,43,03:00,83,85,
2007,RS,12,142,594,PAR,PKNN,"PEKOVIC, NIKOLA",2FGM,Two Pointer,2,-158,2,D,,,,43,03:00,83,87,
2007,RS,12,142,595,ROM,PBWL,"LORBEK, ERAZEM",3FGM,Three Pointer,3,512,417,A,,,,43,03:00,86,87,
2007,RS,12,142,598,PAR,PJNN,"VELICKOVIC, NOVICA",2FGA,Missed Two Pointer,0,-394,20,E,,,,44,02:00,86,87,
2007,RS,12,142,600,ROM,PBWL,"LORBEK, ERAZEM",3FGAB,Missed Three Pointer,0,-192,741,J,,,,44,02:00,86,87,
2007,RS,12,142,606,ROM,PBWL,"LORBEK, ERAZEM",2FGA,Missed Two Pointer,0,-23,200,D,,,,44,02:00,86,87,
2007,RS,12,142,611,ROM,PCJA,"UKIC, ROKO-LENI",2FGM,Two Pointer,2,79,20,C,,,,45,01:00,88,87,
2007,RS,12,142,612,PAR,PLGH,"TEPIC, MILENKO",2FGA,Missed Two Pointer,0,7,241,C,,,,45,01:00,88,87,
2007,RS,12,142,614,PAR,PKNN,"PEKOVIC, NIKOLA",2FGAB,Missed Two Pointer,0,-5,153,D,,,,45,01:00,88,87,
2007,RS,12,142,619,PAR,PLGH,"TEPIC, MILENKO",2FGA,Missed Two Pointer,0,123,58,C,,,,45,01:00,88,87,
2007,RS,12,143,3,MAD,PCTN,"SMITH, CHARLES",2FGM,Two Pointer,2,-7,135,D,,,,1,10:00,2,0,
2007,RS,12,143,7,MAD,PAAX,"REYES, FELIPE",2FGM,Two Pointer,2,-25,156,D,,,,1,10:00,4,0,
2007,RS,12,143,9,BAR,PATA,"LAKOVIC, JAKA",3FGA,Missed Three Pointer,0,-523,494,J,,,,2,09:00,4,0,
2007,RS,12,143,13,MAD,PAAX,"REYES, FELIPE",FTM,Free Throw In,1,-1,-1, ,,,,2,09:00,5,0,
2007,RS,12,143,14,MAD,PAAX,"REYES, FELIPE",FTM,Free Throw In,1,-1,-1, ,,,,2,09:00,6,0,
2007,RS,12,143,15,BAR,PLGC,"ACKER, ALEX",2FGM,Two Pointer,2,200,146,C,,,,2,09:00,6,2,
2007,RS,12,143,20,BAR,PATA,"LAKOVIC, JAKA",3FGM,Three Pointer,3,-361,589,J,,,,3,08:00,6,5,
2007,RS,12,143,23,MAD,PBFJ,"MUMBRU, ALEX",3FGA,Missed Three Pointer,0,207,643,G,,,,3,08:00,6,5,
2007,RS,12,143,24,MAD,PAAX,"REYES, FELIPE",2FGAB,Missed Two Pointer,0,-53,105,D,,,,3,08:00,6,5,
2007,RS,12,143,29,MAD,PARR,"TUNCERI, KEREM",3FGM,Three Pointer,3,358,653,G,,,,3,08:00,9,5,
2007,RS,12,143,30,BAR,PJKP,"ILYASOVA, ERSAN",2FGA,Missed Two Pointer,0,-61,110,D,,,,3,08:00,9,5,
2007,RS,12,143,34,BAR,PJKP,"ILYASOVA, ERSAN",2FGM,Two Pointer,2,-74,87,D,,,,3,08:00,9,7,
2007,RS,12,143,41,MAD,PAPP,"PAPADOPOULOS, LAZAROS",FTM,Free Throw In,1,-1,-1, ,,,,3,08:00,10,7,
2007,RS,12,143,42,MAD,PAPP,"PAPADOPOULOS, LAZAROS",FTM,Free Throw In,1,-1,-1, ,,,,3,08:00,11,7,
2007,RS,12,143,44,MAD,PAPP,"PAPADOPOULOS, LAZAROS",2FGA,Missed Two Pointer,0,102,128,C,,,,4,07:00,11,7,
2007,RS,12,143,48,BAR,PLGC,"ACKER, ALEX",2FGA,Missed Two Pointer,0,-76,89,D,,,,4,07:00,11,7,
2007,RS,12,143,50,BAR,PJKP,"ILYASOVA, ERSAN",2FGM,Two Pointer,2,-7,5,D,,,,4,07:00,11,9,
2007,RS,12,143,53,MAD,PAAX,"REYES, FELIPE",2FGM,Two Pointer,2,-25,330,D,,,,5,06:00,13,9,
2007,RS,12,143,56,MAD,PCTN,"SMITH, CHARLES",2FGM,Two Pointer,2,28,89,C,,,,5,06:00,15,9,
2007,RS,12,143,58,BAR,PAHW,"MARCONATO, DENIS",2FGA,Missed Two Pointer,0,-269,82,E,,,,6,05:00,15,9,
2007,RS,12,143,60,MAD,PAAX,"REYES, FELIPE",2FGAB,Missed Two Pointer,0,46,115,C,,,,6,05:00,15,9,
2007,RS,12,143,64,MAD,PBFJ,"MUMBRU, ALEX",2FGM,Two Pointer,2,58,66,C,,,,6,05:00,17,9,
2007,RS,12,143,68,BAR,PLGC,"ACKER, ALEX",3FGA,Missed Three Pointer,0,-453,512,J,,,,7,04:00,17,9,
2007,RS,12,143,75,MAD,PARR,"TUNCERI, KEREM",FTM,Free Throw In,1,-1,-1, ,,,,7,04:00,18,9,
2007,RS,12,143,76,MAD,PARR,"TUNCERI, KEREM",FTM,Free Throw In,1,-1,-1, ,,,,7,04:00,19,9,
2007,RS,12,143,77,BAR,PAXC,"VAZQUEZ, FRAN",2FGA,Missed Two Pointer,0,79,92,C,,,,7,04:00,19,9,
2007,RS,12,143,79,BAR,PAXC,"VAZQUEZ, FRAN",2FGA,Missed Two Pointer,0,84,87,C,,,,7,04:00,19,9,
2007,RS,12,143,82,MAD,PCTN,"SMITH, CHARLES",3FGM,Three Pointer,3,558,392,A,,,,7,04:00,22,9,
2007,RS,12,143,91,BAR,PAHW,"MARCONATO, DENIS",2FGA,Missed Two Pointer,0,2,479,H,,,,8,03:00,22,9,
2007,RS,12,143,93,BAR,PADS,"BASILE, GIANLUCA",3FGAB,Missed Three Pointer,0,-451,571,J,,,,8,03:00,22,9,
2007,RS,12,143,97,MAD,PCTN,"SMITH, CHARLES",3FGA,Missed Three Pointer,0,612,361,A,,,,8,03:00,22,9,
2007,RS,12,143,99,BAR,PBKE,"GRIMAU, ROGER",3FGA,Missed Three Pointer,0,-356,594,J,,,,8,03:00,22,9,
2007,RS,12,143,101,MAD,PAPP,"PAPADOPOULOS, LAZAROS",2FGM,Two Pointer,2,74,89,C,,,,8,03:00,24,9,
2007,RS,12,143,116,BAR,PAXC,"VAZQUEZ, FRAN",2FGM,Two Pointer,2,0,10,D,,,,9,02:00,24,11,
2007,RS,12,143,124,MAD,PAAX,"REYES, FELIPE",2FGA,Missed Two Pointer,0,-423,212,E,,,,10,01:00,24,11,
2007,RS,12,143,126,BAR,PBKE,"GRIMAU, ROGER",3FGA,Missed Three Pointer,0,679,23,A,,,,10,01:00,24,11,
2007,RS,12,143,128,MAD,PAIT,"LOPEZ, RAUL",3FGA,Missed Three Pointer,0,-325,635,J,,,,10,01:00,24,11,
2007,RS,12,143,130,MAD,PCRF,"HERVELLE, AXEL",2FGM,Two Pointer,2,-71,107,D,,,,10,01:00,26,11,
2007,RS,12,143,131,BAR,PADS,"BASILE, GIANLUCA",3FGA,Missed Three Pointer,0,671,1200,G,,,,10,01:00,26,11,
2007,RS,12,143,140,BAR,PAXC,"VAZQUEZ, FRAN",2FGA,Missed Two Pointer,0,-179,112,D,,,,11,10:00,26,11,
2007,RS,12,143,144,BAR,PBKE,"GRIMAU, ROGER",2FGM,Two Pointer,2,79,76,C,,,,11,10:00,26,13,
2007,RS,12,143,145,MAD,PCRF,"HERVELLE, AXEL",3FGA,Missed Three Pointer,0,507,507,G,,,,11,10:00,26,13,
2007,RS,12,143,155,BAR,PAZU,"SANCHEZ, PEPE",FTM,Free Throw In,1,-1,-1, ,,,,12,09:00,26,14,
2007,RS,12,143,156,BAR,PAZU,"SANCHEZ, PEPE",FTM,Free Throw In,1,-1,-1, ,,,,12,09:00,26,15,
2007,RS,12,143,157,MAD,PAFB,"SEKULIC, BLAGOTA",2FGM,Two Pointer,2,-161,217,D,,,,12,09:00,28,15,
2007,RS,12,143,158,BAR,PBOD,"KASUN, MARIO",2FGM,Two Pointer,2,58,61,C,,,,12,09:00,28,17,
2007,RS,12,143,160,MAD,PAIT,"LOPEZ, RAUL",2FGA,Missed Two Pointer,0,-458,292,E,,,,13,08:00,28,17,
2007,RS,12,143,162,MAD,PCRF,"HERVELLE, AXEL",2FGA,Missed Two Pointer,0,-84,79,D,,,,13,08:00,28,17,
2007,RS,12,143,164,MAD,PCRF,"HERVELLE, AXEL",2FGA,Missed Two Pointer,0,-110,82,D,,,,13,08:00,28,17,
2007,RS,12,143,166,MAD,PCRF,"HERVELLE, AXEL",2FGA,Missed Two Pointer,0,-138,100,D,,,,13,08:00,28,17,
2007,RS,12,143,171,BAR,PADS,"BASILE, GIANLUCA",2FGM,Two Pointer,2,-556,79,E,,,,13,08:00,28,19,
2007,RS,12,143,174,MAD,PAFB,"SEKULIC, BLAGOTA",2FGA,Missed Two Pointer,0,-48,100,D,,,,13,08:00,28,19,
2007,RS,12,143,181,MAD,PACK,"PELEKANOS, MICHALIS",3FGA,Missed Three Pointer,0,674,138,A,,,,14,07:00,28,19,
2007,RS,12,143,183,BAR,PBKE,"GRIMAU, ROGER",2FGM,Two Pointer,2,33,79,C,,,,14,07:00,28,21,
2007,RS,12,143,196,BAR,PBKE,"GRIMAU, ROGER",FTM,Free Throw In,1,-1,-1, ,,,,14,07:00,28,22,
2007,RS,12,143,197,BAR,PBKE,"GRIMAU, ROGER",FTM,Free Throw In,1,-1,-1, ,,,,14,07:00,28,23,
2007,RS,12,143,199,MAD,PCRF,"HERVELLE, AXEL",2FGM,Two Pointer,2,-53,102,D,,,,14,07:00,30,23,
2007,RS,12,143,203,BAR,PADS,"BASILE, GIANLUCA",FTM,Free Throw In,1,-1,-1, ,,,,15,06:00,30,24,
2007,RS,12,143,204,BAR,PADS,"BASILE, GIANLUCA",FTM,Free Throw In,1,-1,-1, ,,,,15,06:00,30,25,
2007,RS,12,143,205,MAD,PAPP,"PAPADOPOULOS, LAZAROS",2FGM,Two Pointer,2,105,141,C,,,,15,06:00,32,25,
2007,RS,12,143,206,BAR,PADS,"BASILE, GIANLUCA",3FGA,Missed Three Pointer,0,602,420,A,,,,15,06:00,32,25,
2007,RS,12,143,211,MAD,PCRF,"HERVELLE, AXEL",FTM,Free Throw In,1,-1,-1, ,,,,15,06:00,33,25,
2007,RS,12,143,212,MAD,PCRF,"HERVELLE, AXEL",FTM,Free Throw In,1,-1,-1, ,,,,15,06:00,34,25,
2007,RS,12,143,220,MAD,PAPP,"PAPADOPOULOS, LAZAROS",2FGA,Missed Two Pointer,0,-156,71,D,,,,16,05:00,34,25,
2007,RS,12,143,224,BAR,PBKE,"GRIMAU, ROGER",2FGA,Missed Two Pointer,0,-112,56,D,,,,16,05:00,34,25,
2007,RS,12,143,231,BAR,PADS,"BASILE, GIANLUCA",FTM,Free Throw In,1,-1,-1, ,,,,16,05:00,34,26,
2007,RS,12,143,237,MAD,PBFJ,"MUMBRU, ALEX",FTM,Free Throw In,1,-1,-1, ,,,,16,05:00,35,26,
2007,RS,12,143,242,BAR,PBKE,"GRIMAU, ROGER",3FGM,Three Pointer,3,-351,592,J,,,,17,04:00,35,29,
2007,RS,12,143,245,BAR,PAXC,"VAZQUEZ, FRAN",2FGA,Missed Two Pointer,0,151,82,C,,,,17,04:00,35,29,
2007,RS,12,143,248,MAD,PARR,"TUNCERI, KEREM",3FGA,Missed Three Pointer,0,158,651,G,,,,18,03:00,35,29,
2007,RS,12,143,250,BAR,PBKE,"GRIMAU, ROGER",2FGAB,Missed Two Pointer,0,64,97,C,,,,18,03:00,35,29,
2007,RS,12,143,254,MAD,PARR,"TUNCERI, KEREM",2FGA,Missed Two Pointer,0,35,115,C,,,,18,03:00,35,29,
2007,RS,12,143,257,BAR,PADS,"BASILE, GIANLUCA",2FGM,Two Pointer,2,33,102,C,,,,18,03:00,35,31,
2007,RS,12,143,267,MAD,PAPP,"PAPADOPOULOS, LAZAROS",2FGA,Missed Two Pointer,0,-376,146,E,,,,19,02:00,35,31,
2007,RS,12,143,270,BAR,PAXC,"VAZQUEZ, FRAN",2FGM,Two Pointer,2,17,71,C,,,,19,02:00,35,33,
2007,RS,12,143,275,MAD,PCTN,"SMITH, CHARLES",2FGA,Missed Two Pointer,0,479,251,B,,,,20,01:00,35,33,
2007,RS,12,143,279,MAD,PAPP,"PAPADOPOULOS, LAZAROS",FTM,Free Throw In,1,-1,-1, ,,,,20,01:00,36,33,
2007,RS,12,143,283,MAD,PTGB,"LLULL, SERGIO",2FGM,Two Pointer,2,-79,123,D,,,,20,01:00,38,33,
2007,RS,12,143,284,BAR,PJKP,"ILYASOVA, ERSAN",3FGA,Missed Three Pointer,0,-589,358,F,,,,20,01:00,38,33,
2007,RS,12,143,288,BAR,PBKE,"GRIMAU, ROGER",FTM,Free Throw In,1,-1,-1, ,,,,20,01:00,38,34,
2007,RS,12,143,289,BAR,PBKE,"GRIMAU, ROGER",FTM,Free Throw In,1,-1,-1, ,,,,20,01:00,38,35,
2007,RS,12,143,291,MAD,PAPP,"PAPADOPOULOS, LAZAROS",2FGA,Missed Two Pointer,0,-366,84,E,,,,20,01:00,38,35,
2007,RS,12,143,295,MAD,PTGB,"LLULL, SERGIO",FTM,Free Throw In,1,-1,-1, ,,,,20,01:00,39,35,
2007,RS,12,143,296,MAD,PTGB,"LLULL, SERGIO",FTM,Free Throw In,1,-1,-1, ,,,,20,01:00,40,35,
2007,RS,12,143,304,MAD,PTGB,"LLULL, SERGIO",3FGA,Missed Three Pointer,0,-625,997,J,,,,20,01:00,40,35,
2007,RS,12,143,315,BAR,PBKE,"GRIMAU, ROGER",2FGA,Missed Two Pointer,0,258,494,H,,,,21,10:00,40,35,
2007,RS,12,143,319,BAR,PJKP,"ILYASOVA, ERSAN",2FGA,Missed Two Pointer,0,479,102,B,,,,21,10:00,40,35,
2007,RS,12,143,322,BAR,PAHW,"MARCONATO, DENIS",2FGA,Missed Two Pointer,0,-28,115,D,,,,21,10:00,40,35,
2007,RS,12,143,324,BAR,PAHW,"MARCONATO, DENIS",2FGM,Two Pointer,2,25,117,C,,,,21,10:00,40,37,
2007,RS,12,143,329,BAR,PADS,"BASILE, GIANLUCA",3FGM,Three Pointer,3,-512,512,J,,,,22,09:00,40,40,
2007,RS,12,143,330,MAD,PBFJ,"MUMBRU, ALEX",2FGA,Missed Two Pointer,0,-110,110,D,,,,22,09:00,40,40,
2007,RS,12,143,332,MAD,PAAX,"REYES, FELIPE",2FGA,Missed Two Pointer,0,-7,117,D,,,,22,09:00,40,40,
2007,RS,12,143,336,MAD,PAAX,"REYES, FELIPE",FTM,Free Throw In,1,-1,-1, ,,,,22,09:00,41,40,
2007,RS,12,143,337,MAD,PAAX,"REYES, FELIPE",FTM,Free Throw In,1,-1,-1, ,,,,22,09:00,42,40,
2007,RS,12,143,342,BAR,PAXC,"VAZQUEZ, FRAN",2FGM,Two Pointer,2,-425,105,E,,,,23,08:00,42,42,
2007,RS,12,143,345,MAD,PBFJ,"MUMBRU, ALEX",2FGM,Two Pointer,2,79,94,C,,,,23,08:00,44,42,
2007,RS,12,143,348,MAD,PAAX,"REYES, FELIPE",2FGM,Two Pointer,2,-74,64,D,,,,24,07:00,46,42,
2007,RS,12,143,353,MAD,PAJO,"BULLOCK, LOUIS",3FGA,Missed Three Pointer,0,-669,246,F,,,,24,07:00,46,42,
2007,RS,12,143,355,BAR,PJKP,"ILYASOVA, ERSAN",2FGM,Two Pointer,2,0,197,D,,,,24,07:00,46,44,
2007,RS,12,143,363,BAR,PADS,"BASILE, GIANLUCA",3FGA,Missed Three Pointer,0,246,700,G,,,,25,06:00,46,44,
2007,RS,12,143,369,BAR,PAXC,"VAZQUEZ, FRAN",2FGM,Two Pointer,2,-5,7,D,,,,25,06:00,46,46,
2007,RS,12,143,373,MAD,PBFJ,"MUMBRU, ALEX",3FGA,Missed Three Pointer,0,646,271,A,,,,26,05:00,46,46,
2007,RS,12,143,375,BAR,PAZU,"SANCHEZ, PEPE",2FGA,Missed Two Pointer,0,92,553,H,,,,26,05:00,46,46,
2007,RS,12,143,377,BAR,PJKP,"ILYASOVA, ERSAN",3FGA,Missed Three Pointer,0,33,692,G,,,,26,05:00,46,46,
2007,RS,12,143,379,MAD,PAJO,"BULLOCK, LOUIS",2FGM,Two Pointer,2,-364,141,E,,,,26,05:00,48,46,
2007,RS,12,143,381,BAR,PLGC,"ACKER, ALEX",2FGM,Two Pointer,2,-366,423,E,,,,27,04:00,48,48,
2007,RS,12,143,382,MAD,PBFJ,"MUMBRU, ALEX",3FGA,Missed Three Pointer,0,669,102,A,,,,27,04:00,48,48,
2007,RS,12,143,394,BAR,PADS,"BASILE, GIANLUCA",2FGA,Missed Two Pointer,0,-166,248,D,,,,27,04:00,48,48,
2007,RS,12,143,398,MAD,PAJO,"BULLOCK, LOUIS",3FGM,Three Pointer,3,-671,71,F,,,,28,03:00,51,48,
2007,RS,12,143,400,BAR,PAXC,"VAZQUEZ, FRAN",2FGM,Two Pointer,2,443,74,B,,,,28,03:00,51,50,
2007,RS,12,143,405,BAR,PLGC,"ACKER, ALEX",2FGM,Two Pointer,2,-2,2,D,,,,29,02:00,51,52,
2007,RS,12,143,412,MAD,PAAX,"REYES, FELIPE",FTM,Free Throw In,1,-1,-1, ,,,,29,02:00,52,52,
2007,RS,12,143,415,BAR,PJKP,"ILYASOVA, ERSAN",3FGM,Three Pointer,3,-51,664,J,,,,29,02:00,52,55,
2007,RS,12,143,422,MAD,PCRF,"HERVELLE, AXEL",FTM,Free Throw In,1,-1,-1, ,,,,30,01:00,53,55,
2007,RS,12,143,423,BAR,PLGC,"ACKER, ALEX",3FGA,Missed Three Pointer,0,651,215,A,,,,30,01:00,53,55,
2007,RS,12,143,427,MAD,PAJO,"BULLOCK, LOUIS",FTM,Free Throw In,1,-1,-1, ,,,,30,01:00,54,55,
2007,RS,12,143,430,MAD,PCRF,"HERVELLE, AXEL",2FGA,Missed Two Pointer,0,10,117,C,,,,30,01:00,54,55,
2007,RS,12,143,432,MAD,PCRF,"HERVELLE, AXEL",2FGA,Missed Two Pointer,0,-25,92,D,,,,30,01:00,54,55,
2007,RS,12,143,440,MAD,PCRF,"HERVELLE, AXEL",2FGM,Two Pointer,2,-5,2,D,,,,30,01:00,56,55,
2007,RS,12,143,447,MAD,PAJO,"BULLOCK, LOUIS",3FGA,Missed Three Pointer,0,592,441,G,,,,31,10:00,56,55,
2007,RS,12,143,450,MAD,PAAX,"REYES, FELIPE",2FGM,Two Pointer,2,-5,0,D,,,,31,10:00,58,55,
2007,RS,12,143,453,BAR,PADS,"BASILE, GIANLUCA",3FGA,Missed Three Pointer,0,569,469,G,,,,31,10:00,58,55,
2007,RS,12,143,456,MAD,PCTN,"SMITH, CHARLES",3FGA,Missed Three Pointer,0,482,533,G,,,,32,09:00,58,55,
2007,RS,12,143,459,MAD,PAJO,"BULLOCK, LOUIS",2FGM,Two Pointer,2,-335,194,E,,,,32,09:00,60,55,
2007,RS,12,143,460,BAR,PADS,"BASILE, GIANLUCA",3FGA,Missed Three Pointer,0,-74,661,J,,,,32,09:00,60,55,
2007,RS,12,143,464,BAR,PLGC,"ACKER, ALEX",2FGAB,Missed Two Pointer,0,161,194,C,,,,32,09:00,60,55,
2007,RS,12,143,476,BAR,PBOD,"KASUN, MARIO",FTM,Free Throw In,1,-1,-1, ,,,,33,08:00,60,56,
2007,RS,12,143,477,BAR,PBOD,"KASUN, MARIO",FTM,Free Throw In,1,-1,-1, ,,,,33,08:00,60,57,
2007,RS,12,143,478,MAD,PTGB,"LLULL, SERGIO",2FGA,Missed Two Pointer,0,28,115,C,,,,33,08:00,60,57,
2007,RS,12,143,480,MAD,PCRF,"HERVELLE, AXEL",2FGM,Two Pointer,2,-5,0,D,,,,33,08:00,62,57,
2007,RS,12,143,481,BAR,PBOD,"KASUN, MARIO",2FGM,Two Pointer,2,41,123,C,,,,33,08:00,62,59,
2007,RS,12,143,485,MAD,PAAX,"REYES, FELIPE",FTM,Free Throw In,1,-1,-1, ,,,,33,08:00,63,59,
2007,RS,12,143,491,BAR,PADS,"BASILE, GIANLUCA",2FGA,Missed Two Pointer,0,-41,546,I,,,,34,07:00,63,59,
2007,RS,12,143,493,MAD,PCTN,"SMITH, CHARLES",2FGM,Two Pointer,2,5,2,C,,,,34,07:00,65,59,
2007,RS,12,143,496,BAR,PATA,"LAKOVIC, JAKA",3FGA,Missed Three Pointer,0,-366,623,J,,,,34,07:00,65,59,
2007,RS,12,143,500,MAD,PCTN,"SMITH, CHARLES",3FGM,Three Pointer,3,58,687,G,,,,35,06:00,68,59,
2007,RS,12,143,506,BAR,PBOD,"KASUN, MARIO",2FGM,Two Pointer,2,0,5,D,,,,35,06:00,68,61,
2007,RS,12,143,508,MAD,PCRF,"HERVELLE, AXEL",2FGM,Two Pointer,2,-2,2,D,,,,35,06:00,70,61,
2007,RS,12,143,510,BAR,PJKP,"ILYASOVA, ERSAN",3FGM,Three Pointer,3,189,674,G,,,,36,05:00,70,64,
2007,RS,12,143,513,BAR,PLGC,"ACKER, ALEX",3FGM,Three Pointer,3,164,671,G,,,,36,05:00,70,67,
2007,RS,12,143,515,MAD,PAJO,"BULLOCK, LOUIS",3FGM,Three Pointer,3,-382,574,J,,,,36,05:00,73,67,
2007,RS,12,143,521,BAR,PATA,"LAKOVIC, JAKA",2FGA,Missed Two Pointer,0,176,79,C,,,,37,04:00,73,67,
2007,RS,12,143,529,BAR,PBOD,"KASUN, MARIO",2FGM,Two Pointer,2,5,361,C,,,,37,04:00,73,69,
2007,RS,12,143,536,BAR,PAZU,"SANCHEZ, PEPE",3FGM,Three Pointer,3,210,671,G,,,,38,03:00,73,72,
2007,RS,12,143,538,MAD,PAJO,"BULLOCK, LOUIS",3FGM,Three Pointer,3,564,482,G,,,,38,03:00,76,72,
2007,RS,12,143,544,BAR,PBOD,"KASUN, MARIO",FTM,Free Throw In,1,-1,-1, ,,,,39,02:00,76,73,
2007,RS,12,143,545,BAR,PBOD,"KASUN, MARIO",FTM,Free Throw In,1,-1,-1, ,,,,39,02:00,76,74,
2007,RS,12,143,548,MAD,PARR,"TUNCERI, KEREM",2FGM,Two Pointer,2,402,410,B,,,,39,02:00,78,74,
2007,RS,12,143,551,BAR,PLGC,"ACKER, ALEX",FTM,Free Throw In,1,-1,-1, ,,,,39,02:00,78,75,
2007,RS,12,143,552,BAR,PLGC,"ACKER, ALEX",FTM,Free Throw In,1,-1,-1, ,,,,39,02:00,78,76,
2007,RS,12,143,557,MAD,PCRF,"HERVELLE, AXEL",3FGA,Missed Three Pointer,0,505,541,G,,,,39,02:00,78,76,
2007,RS,12,143,562,BAR,PAHW,"MARCONATO, DENIS",2FGAB,Missed Two Pointer,0,-33,164,D,,,,40,01:00,78,76,
2007,RS,12,143,581,MAD,PARR,"TUNCERI, KEREM",FTM,Free Throw In,1,-1,-1, ,,,,40,01:00,79,76,
2007,RS,12,143,582,MAD,PARR,"TUNCERI, KEREM",FTM,Free Throw In,1,-1,-1, ,,,,40,01:00,80,76,
2007,RS,12,143,589,MAD,PARR,"TUNCERI, KEREM",FTM,Free Throw In,1,-1,-1, ,,,,40,01:00,81,76,
2007,RS,12,143,590,MAD,PARR,"TUNCERI, KEREM",FTM,Free Throw In,1,-1,-1, ,,,,40,01:00,82,76,
2007,RS,12,143,594,BAR,PBKE,"GRIMAU, ROGER",3FGM,Three Pointer,3,266,641,G,,,,40,01:00,82,79,
2007,RS,12,143,595,MAD,PARR,"TUNCERI, KEREM",3FGA,Missed Three Pointer,0,566,458,G,,,,40,01:00,82,79,
2007,RS,12,144,5,PAN,PBXE,"ZIZIC, ANDRIJA",2FGAB,Missed Two Pointer,0,-38,58,D,,,,1,10:00,0,0,
2007,RS,12,144,7,PAN,PACN,"TSARTSARIS, KOSTAS",2FGM,Two Pointer,2,-7,56,D,,,,1,10:00,2,0,
2007,RS,12,144,14,PAN,PBXE,"ZIZIC, ANDRIJA",2FGAB,Missed Two Pointer,0,-43,33,D,,,,1,10:00,2,0,
2007,RS,12,144,16,PAN,PACN,"TSARTSARIS, KOSTAS",2FGM,Two Pointer,2,-33,30,D,,,,1,10:00,4,0,
2007,RS,12,144,20,ROA,PTEU,"SALYERS, MARC",2FGA,Missed Two Pointer,0,-269,7,D,,,,2,09:00,4,0,
2007,RS,12,144,21,PAN,PBXE,"ZIZIC, ANDRIJA",2FGA,Missed Two Pointer,0,-33,56,D,,,,2,09:00,4,0,
2007,RS,12,144,23,PAN,PTFY,"WINSTON, KENNEDY",2FGAB,Missed Two Pointer,0,-7,56,D,,,,2,09:00,4,0,
2007,RS,12,144,27,PAN,PACN,"TSARTSARIS, KOSTAS",2FGM,Two Pointer,2,2,5,D,,,,2,09:00,6,0,
2007,RS,12,144,31,ROA,PTEU,"SALYERS, MARC",2FGM,Two Pointer,2,-30,41,D,,,,3,08:00,6,2,
2007,RS,12,144,39,PAN,PJKO,"DIAMANTIDIS, DIMITRIS",3FGM,Three Pointer,3,-12,715,J,,,,4,07:00,9,2,
2007,RS,12,144,41,ROA,PTEY,"BADIANE, PAPE",2FGM,Two Pointer,2,-2,5,D,,,,4,07:00,9,4,
2007,RS,12,144,43,PAN,PADG,"JASIKEVICIUS, SARUNAS",2FGM,Two Pointer,2,-246,38,D,,,,4,07:00,11,4,
2007,RS,12,144,44,ROA,PTEU,"SALYERS, MARC",2FGM,Two Pointer,2,-38,7,D,,,,4,07:00,11,6,
2007,RS,12,144,47,PAN,PTFY,"WINSTON, KENNEDY",3FGM,Three Pointer,3,-366,579,J,,,,5,06:00,14,6,
2007,RS,12,144,48,ROA,PTEU,"SALYERS, MARC",2FGM,Two Pointer,2,-120,189,D,,,,5,06:00,14,8,
2007,RS,12,144,52,ROA,PTEY,"BADIANE, PAPE",2FGA,Missed Two Pointer,0,-384,394,E,,,,6,05:00,14,8,
2007,RS,12,144,54,PAN,PACN,"TSARTSARIS, KOSTAS",3FGM,Three Pointer,3,158,661,G,,,,6,05:00,17,8,
2007,RS,12,144,56,ROA,PTEU,"SALYERS, MARC",3FGA,Missed Three Pointer,0,171,702,G,,,,6,05:00,17,8,
2007,RS,12,144,57,PAN,PADG,"JASIKEVICIUS, SARUNAS",3FGM,Three Pointer,3,551,446,G,,,,6,05:00,20,8,
2007,RS,12,144,60,ROA,PTEU,"SALYERS, MARC",3FGA,Missed Three Pointer,0,17,723,G,,,,7,04:00,20,8,
2007,RS,12,144,62,PAN,PADG,"JASIKEVICIUS, SARUNAS",3FGM,Three Pointer,3,392,592,G,,,,7,04:00,23,8,
2007,RS,12,144,68,ROA,PTEV,"HESS, ADAM",2FGAB,Missed Two Pointer,0,-69,51,D,,,,7,04:00,23,8,
2007,RS,12,144,74,PAN,PTFY,"WINSTON, KENNEDY",2FGM,Two Pointer,2,115,510,H,,,,7,04:00,25,8,
2007,RS,12,144,76,ROA,PTEU,"SALYERS, MARC",2FGA,Missed Two Pointer,0,-492,248,E,,,,8,03:00,25,8,
2007,RS,12,144,78,PAN,PADG,"JASIKEVICIUS, SARUNAS",2FGA,Missed Two Pointer,0,76,17,C,,,,8,03:00,25,8,
2007,RS,12,144,85,PAN,PTFY,"WINSTON, KENNEDY",2FGM,Two Pointer,2,46,46,C,,,,8,03:00,27,8,
2007,RS,12,144,94,ROA,PTFB,"SOLIMAN, WILLIAMS",FTM,Free Throw In,1,-1,-1, ,,,,9,02:00,27,9,
2007,RS,12,144,98,ROA,P000691,"HALE, RONALD",2FGM,Two Pointer,2,-69,38,D,,,,9,02:00,27,11,
2007,RS,12,144,99,PAN,PBXE,"ZIZIC, ANDRIJA",2FGA,Missed Two Pointer,0,5,330,C,,,,9,02:00,27,11,
2007,RS,12,144,106,PAN,PACN,"TSARTSARIS, KOSTAS",2FGM,Two Pointer,2,33,66,C,,,,10,01:00,29,11,
2007,RS,12,144,108,ROA,P000691,"HALE, RONALD",2FGM,Two Pointer,2,-43,48,D,,,,10,01:00,29,13,
2007,RS,12,144,109,ROA,PTEU,"SALYERS, MARC",2FGM,Two Pointer,2,-46,56,D,,,,10,01:00,29,15,
2007,RS,12,144,111,PAN,PACN,"TSARTSARIS, KOSTAS",3FGA,Missed Three Pointer,0,-430,548,J,,,,10,01:00,29,15,
2007,RS,12,144,120,ROA,P000691,"HALE, RONALD",3FGA,Missed Three Pointer,0,-653,335,F,,,,11,10:00,29,15,
2007,RS,12,144,124,ROA,PTEV,"HESS, ADAM",2FGM,Two Pointer,2,0,2,D,,,,11,10:00,29,17,
2007,RS,12,144,131,PAN,PACN,"TSARTSARIS, KOSTAS",FTM,Free Throw In,1,-1,-1, ,,,,12,09:00,30,17,
2007,RS,12,144,132,PAN,PACN,"TSARTSARIS, KOSTAS",FTM,Free Throw In,1,-1,-1, ,,,,12,09:00,31,17,
2007,RS,12,144,135,ROA,PTEV,"HESS, ADAM",3FGA,Missed Three Pointer,0,-671,125,F,,,,12,09:00,31,17,
2007,RS,12,144,139,ROA,PTEU,"SALYERS, MARC",3FGA,Missed Three Pointer,0,423,571,G,,,,12,09:00,31,17,
2007,RS,12,144,141,PAN,PABB,"DIKOUDIS, DEMOS",2FGM,Two Pointer,2,25,48,C,,,,12,09:00,33,17,
2007,RS,12,144,144,ROA,PTEU,"SALYERS, MARC",2FGA,Missed Two Pointer,0,-46,174,D,,,,13,08:00,33,17,
2007,RS,12,144,146,PAN,PAPH,"ALVERTIS, FRAGISKOS",3FGM,Three Pointer,3,-648,243,F,,,,13,08:00,36,17,
2007,RS,12,144,155,PAN,PABB,"DIKOUDIS, DEMOS",2FGM,Two Pointer,2,2,38,D,,,,13,08:00,38,17,
2007,RS,12,144,157,PAN,PABB,"DIKOUDIS, DEMOS",2FGA,Missed Two Pointer,0,23,48,C,,,,13,08:00,38,17,
2007,RS,12,144,159,ROA,PTEY,"BADIANE, PAPE",2FGM,Two Pointer,2,-35,56,D,,,,14,07:00,38,19,
2007,RS,12,144,163,ROA,PTFA,"CAZALON, LAURENT",2FGM,Two Pointer,2,-23,64,D,,,,14,07:00,38,21,
2007,RS,12,144,170,ROA,PTFA,"CAZALON, LAURENT",2FGA,Missed Two Pointer,0,-605,56,E,,,,15,06:00,38,21,
2007,RS,12,144,172,ROA,PTEU,"SALYERS, MARC",2FGM,Two Pointer,2,-51,25,D,,,,15,06:00,38,23,
2007,RS,12,144,173,PAN,PAPH,"ALVERTIS, FRAGISKOS",3FGA,Missed Three Pointer,0,100,687,G,,,,15,06:00,38,23,
2007,RS,12,144,175,ROA,PTFA,"CAZALON, LAURENT",3FGA,Missed Three Pointer,0,-400,633,J,,,,15,06:00,38,23,
2007,RS,12,144,177,ROA,PTEZ,"RUSH, BRION",2FGM,Two Pointer,2,-43,51,D,,,,15,06:00,38,25,
2007,RS,12,144,179,PAN,PJUO,"SPANOULIS, VASSILIS",2FGM,Two Pointer,2,-48,35,D,,,,16,05:00,40,25,
2007,RS,12,144,180,ROA,PTFC,"POUPET, PIERRIC",2FGM,Two Pointer,2,-48,30,D,,,,16,05:00,40,27,
2007,RS,12,144,182,PAN,PBXE,"ZIZIC, ANDRIJA",2FGA,Missed Two Pointer,0,30,87,C,,,,16,05:00,40,27,
2007,RS,12,144,183,ROA,PTFB,"SOLIMAN, WILLIAMS",2FGA,Missed Two Pointer,0,-41,135,D,,,,16,05:00,40,27,
2007,RS,12,144,188,ROA,PTEZ,"RUSH, BRION",3FGM,Three Pointer,3,-710,71,F,,,,16,05:00,40,30,
2007,RS,12,144,193,ROA,PTEZ,"RUSH, BRION",3FGA,Missed Three Pointer,0,-705,130,F,,,,17,04:00,40,30,
2007,RS,12,144,195,PAN,PBCS,"HATZIVRETTAS, NIKOS",2FGA,Missed Two Pointer,0,297,379,B,,,,17,04:00,40,30,
2007,RS,12,144,210,ROA,PTFA,"CAZALON, LAURENT",2FGAB,Missed Two Pointer,0,158,48,C,,,,18,03:00,40,30,
2007,RS,12,144,213,PAN,PJUO,"SPANOULIS, VASSILIS",2FGM,Two Pointer,2,-25,53,D,,,,18,03:00,42,30,
2007,RS,12,144,220,PAN,PBCS,"HATZIVRETTAS, NIKOS",FTM,Free Throw In,1,-1,-1, ,,,,18,03:00,43,30,
2007,RS,12,144,221,PAN,PBCS,"HATZIVRETTAS, NIKOS",FTM,Free Throw In,1,-1,-1, ,,,,18,03:00,44,30,
2007,RS,12,144,224,ROA,PTEU,"SALYERS, MARC",2FGM,Two Pointer,2,-10,102,D,,,,18,03:00,44,32,
2007,RS,12,144,226,PAN,PBCS,"HATZIVRETTAS, NIKOS",3FGM,Three Pointer,3,-700,51,F,,,,19,02:00,47,32,
2007,RS,12,144,228,ROA,PTEZ,"RUSH, BRION",3FGA,Missed Three Pointer,0,-528,497,J,,,,19,02:00,47,32,
2007,RS,12,144,233,ROA,PTEU,"SALYERS, MARC",2FGM,Two Pointer,2,-46,33,D,,,,20,01:00,47,34,
2007,RS,12,144,236,PAN,PAGG,"BECIROVIC, SANI",2FGAB,Missed Two Pointer,0,-23,41,D,,,,20,01:00,47,34,
2007,RS,12,144,239,ROA,P000691,"HALE, RONALD",3FGM,Three Pointer,3,5,705,G,,,,20,01:00,47,37,
2007,RS,12,144,241,PAN,PAGG,"BECIROVIC, SANI",3FGM,Three Pointer,3,-646,307,F,,,,20,01:00,50,37,
2007,RS,12,144,245,PAN,PJUO,"SPANOULIS, VASSILIS",2FGM,Two Pointer,2,-20,51,D,,,,20,01:00,52,37,
2007,RS,12,144,263,PAN,PACN,"TSARTSARIS, KOSTAS",2FGA,Missed Two Pointer,0,258,7,C,,,,21,10:00,52,37,
2007,RS,12,144,267,PAN,PACN,"TSARTSARIS, KOSTAS",2FGM,Two Pointer,2,-17,76,D,,,,21,10:00,54,37,
2007,RS,12,144,268,ROA,PTEY,"BADIANE, PAPE",2FGA,Missed Two Pointer,0,-76,592,I,,,,21,10:00,54,37,
2007,RS,12,144,270,PAN,PTFY,"WINSTON, KENNEDY",2FGM,Two Pointer,2,-28,25,D,,,,21,10:00,56,37,
2007,RS,12,144,276,ROA,PTEU,"SALYERS, MARC",2FGM,Two Pointer,2,-5,151,D,,,,22,09:00,56,39,
2007,RS,12,144,278,PAN,PJKO,"DIAMANTIDIS, DIMITRIS",3FGM,Three Pointer,3,658,258,A,,,,22,09:00,59,39,
2007,RS,12,144,280,ROA,PTEU,"SALYERS, MARC",2FGA,Missed Two Pointer,0,-248,74,D,,,,22,09:00,59,39,
2007,RS,12,144,282,ROA,PTEY,"BADIANE, PAPE",2FGM,Two Pointer,2,15,38,C,,,,22,09:00,59,41,
2007,RS,12,144,288,PAN,PTFY,"WINSTON, KENNEDY",3FGA,Missed Three Pointer,0,-733,28,F,,,,23,08:00,59,41,
2007,RS,12,144,290,ROA,P000691,"HALE, RONALD",3FGA,Missed Three Pointer,0,476,558,G,,,,23,08:00,59,41,
2007,RS,12,144,292,PAN,PADG,"JASIKEVICIUS, SARUNAS",2FGA,Missed Two Pointer,0,89,623,H,,,,23,08:00,59,41,
2007,RS,12,144,297,ROA,PTEZ,"RUSH, BRION",2FGM,Two Pointer,2,-25,33,D,,,,23,08:00,59,43,
2007,RS,12,144,299,PAN,PACN,"TSARTSARIS, KOSTAS",2FGM,Two Pointer,2,-33,48,D,,,,24,07:00,61,43,
2007,RS,12,144,303,ROA,PTEZ,"RUSH, BRION",3FGM,Three Pointer,3,-515,484,J,,,,24,07:00,61,46,
2007,RS,12,144,308,ROA,PTEX,"PELLIN, MARC-ANTOINE",3FGA,Missed Three Pointer,0,-7,689,J,,,,24,07:00,61,46,
2007,RS,12,144,317,ROA,PTEZ,"RUSH, BRION",3FGAB,Missed Three Pointer,0,507,482,G,,,,25,06:00,61,46,
2007,RS,12,144,320,PAN,PBCS,"HATZIVRETTAS, NIKOS",2FGM,Two Pointer,2,-38,41,D,,,,25,06:00,63,46,
2007,RS,12,144,324,PAN,PACN,"TSARTSARIS, KOSTAS",2FGM,Two Pointer,2,-64,53,D,,,,26,05:00,65,46,
2007,RS,12,144,326,ROA,P000691,"HALE, RONALD",2FGA,Missed Two Pointer,0,-607,-48,E,,,,26,05:00,65,46,
2007,RS,12,144,329,PAN,PACN,"TSARTSARIS, KOSTAS",3FGA,Missed Three Pointer,0,56,697,G,,,,27,04:00,65,46,
2007,RS,12,144,331,ROA,PTEZ,"RUSH, BRION",2FGA,Missed Two Pointer,0,-423,125,E,,,,27,04:00,65,46,
2007,RS,12,144,333,PAN,PJKO,"DIAMANTIDIS, DIMITRIS",3FGM,Three Pointer,3,-12,723,J,,,,27,04:00,68,46,
2007,RS,12,144,351,PAN,PADG,"JASIKEVICIUS, SARUNAS",2FGM,Two Pointer,2,-361,84,E,,,,27,04:00,70,46,
2007,RS,12,144,352,ROA,PTEV,"HESS, ADAM",2FGA,Missed Two Pointer,0,-412,279,E,,,,27,04:00,70,46,
2007,RS,12,144,364,PAN,PKRH,"PERPEROGLOU, EFSTRATIOS",2FGA,Missed Two Pointer,0,-369,192,E,,,,28,03:00,70,46,
2007,RS,12,144,374,ROA,PTEV,"HESS, ADAM",3FGM,Three Pointer,3,-523,489,J,,,,29,02:00,70,49,
2007,RS,12,144,377,PAN,PABB,"DIKOUDIS, DEMOS",2FGM,Two Pointer,2,-35,71,D,,,,29,02:00,72,49,
2007,RS,12,144,379,PAN,PABB,"DIKOUDIS, DEMOS",FTM,Free Throw In,1,-1,-1, ,,,,29,02:00,73,49,
2007,RS,12,144,381,ROA,PTFB,"SOLIMAN, WILLIAMS",2FGA,Missed Two Pointer,0,-51,223,D,,,,30,01:00,73,49,
2007,RS,12,144,384,ROA,PTEV,"HESS, ADAM",2FGAB,Missed Two Pointer,0,-12,71,D,,,,30,01:00,73,49,
2007,RS,12,144,387,PAN,PBCS,"HATZIVRETTAS, NIKOS",2FGM,Two Pointer,2,-64,48,D,,,,30,01:00,75,49,
2007,RS,12,144,391,ROA,PTFC,"POUPET, PIERRIC",2FGM,Two Pointer,2,0,230,D,,,,30,01:00,75,51,
2007,RS,12,144,399,ROA,PTFC,"POUPET, PIERRIC",3FGM,Three Pointer,3,-461,535,J,,,,31,10:00,75,54,
2007,RS,12,144,401,PAN,PADG,"JASIKEVICIUS, SARUNAS",3FGA,Missed Three Pointer,0,166,664,G,,,,31,10:00,75,54,
2007,RS,12,144,404,ROA,PTEV,"HESS, ADAM",2FGAB,Missed Two Pointer,0,-2,51,D,,,,31,10:00,75,54,
2007,RS,12,144,407,ROA,PTEY,"BADIANE, PAPE",2FGA,Missed Two Pointer,0,17,66,C,,,,31,10:00,75,54,
2007,RS,12,144,410,PAN,PKRH,"PERPEROGLOU, EFSTRATIOS",2FGM,Two Pointer,2,-64,79,D,,,,32,09:00,77,54,
2007,RS,12,144,414,PAN,PKRH,"PERPEROGLOU, EFSTRATIOS",2FGM,Two Pointer,2,-23,48,D,,,,32,09:00,79,54,
2007,RS,12,144,417,PAN,PKRH,"PERPEROGLOU, EFSTRATIOS",FTM,Free Throw In,1,-1,-1, ,,,,32,09:00,80,54,
2007,RS,12,144,419,ROA,PTEV,"HESS, ADAM",2FGA,Missed Two Pointer,0,53,56,C,,,,33,08:00,80,54,
2007,RS,12,144,421,PAN,PBCS,"HATZIVRETTAS, NIKOS",2FGM,Two Pointer,2,-56,53,D,,,,33,08:00,82,54,
2007,RS,12,144,424,PAN,PKRH,"PERPEROGLOU, EFSTRATIOS",2FGA,Missed Two Pointer,0,-82,112,D,,,,33,08:00,82,54,
2007,RS,12,144,425,PAN,PADG,"JASIKEVICIUS, SARUNAS",2FGA,Missed Two Pointer,0,-135,148,D,,,,33,08:00,82,54,
2007,RS,12,144,430,ROA,PTEZ,"RUSH, BRION",3FGA,Missed Three Pointer,0,2,700,G,,,,33,08:00,82,54,
2007,RS,12,144,434,ROA,PTEU,"SALYERS, MARC",2FGM,Two Pointer,2,-387,97,E,,,,33,08:00,82,56,
2007,RS,12,144,435,PAN,PBCS,"HATZIVRETTAS, NIKOS",3FGA,Missed Three Pointer,0,679,41,A,,,,33,08:00,82,56,
2007,RS,12,144,437,ROA,PTEZ,"RUSH, BRION",2FGM,Two Pointer,2,2,10,D,,,,33,08:00,82,58,
2007,RS,12,144,439,PAN,PJKO,"DIAMANTIDIS, DIMITRIS",3FGM,Three Pointer,3,0,694,J,,,,34,07:00,85,58,
2007,RS,12,144,441,ROA,PTEU,"SALYERS, MARC",2FGM,Two Pointer,2,64,66,C,,,,34,07:00,85,60,
2007,RS,12,144,443,PAN,PBCS,"HATZIVRETTAS, NIKOS",2FGM,Two Pointer,2,-94,33,D,,,,34,07:00,87,60,
2007,RS,12,144,446,ROA,P000691,"HALE, RONALD",2FGM,Two Pointer,2,33,38,C,,,,35,06:00,87,62,
2007,RS,12,144,447,PAN,PABB,"DIKOUDIS, DEMOS",2FGM,Two Pointer,2,2,7,D,,,,35,06:00,89,62,
2007,RS,12,144,449,ROA,PTEZ,"RUSH, BRION",3FGA,Missed Three Pointer,0,-597,374,F,,,,35,06:00,89,62,
2007,RS,12,144,452,ROA,PTEZ,"RUSH, BRION",3FGA,Missed Three Pointer,0,-530,464,J,,,,35,06:00,89,62,
2007,RS,12,144,455,PAN,PKRH,"PERPEROGLOU, EFSTRATIOS",2FGA,Missed Two Pointer,0,-38,76,D,,,,36,05:00,89,62,
2007,RS,12,144,459,ROA,PTEU,"SALYERS, MARC",2FGM,Two Pointer,2,-497,284,E,,,,36,05:00,89,64,
2007,RS,12,144,461,ROA,PTEZ,"RUSH, BRION",3FGM,Three Pointer,3,-571,415,F,,,,36,05:00,89,67,
2007,RS,12,144,462,PAN,PBCS,"HATZIVRETTAS, NIKOS",3FGM,Three Pointer,3,569,464,G,,,,36,05:00,92,67,
2007,RS,12,144,464,ROA,PTFC,"POUPET, PIERRIC",2FGM,Two Pointer,2,-287,125,E,,,,36,05:00,92,69,
2007,RS,12,144,465,PAN,PJUO,"SPANOULIS, VASSILIS",3FGA,Missed Three Pointer,0,-635,461,J,,,,36,05:00,92,69,
2007,RS,12,144,471,PAN,PAGG,"BECIROVIC, SANI",FTM,Free Throw In,1,-1,-1, ,,,,37,04:00,93,69,
2007,RS,12,144,472,PAN,PAGG,"BECIROVIC, SANI",FTM,Free Throw In,1,-1,-1, ,,,,37,04:00,94,69,
2007,RS,12,144,478,ROA,P000691,"HALE, RONALD",3FGA,Missed Three Pointer,0,-58,705,J,,,,37,04:00,94,69,
2007,RS,12,144,480,ROA,PTEU,"SALYERS, MARC",3FGA,Missed Three Pointer,0,-56,705,J,,,,37,04:00,94,69,
2007,RS,12,144,482,PAN,PAGG,"BECIROVIC, SANI",3FGM,Three Pointer,3,682,100,A,,,,37,04:00,97,69,
2007,RS,12,144,485,ROA,PTGW,"WILSON, RAPHAEL",3FGA,Missed Three Pointer,0,-628,346,F,,,,38,03:00,97,69,
2007,RS,12,144,488,ROA,P000691,"HALE, RONALD",2FGA,Missed Two Pointer,0,17,56,C,,,,38,03:00,97,69,
2007,RS,12,144,489,ROA,P000691,"HALE, RONALD",2FGA,Missed Two Pointer,0,5,100,C,,,,38,03:00,97,69,
2007,RS,12,144,491,PAN,PABB,"DIKOUDIS, DEMOS",2FGM,Two Pointer,2,-58,76,D,,,,38,03:00,99,69,
2007,RS,12,144,493,ROA,PTEY,"BADIANE, PAPE",2FGM,Two Pointer,2,-392,246,E,,,,38,03:00,99,71,
2007,RS,12,144,496,PAN,PKRH,"PERPEROGLOU, EFSTRATIOS",3FGA,Missed Three Pointer,0,158,676,G,,,,39,02:00,99,71,
2007,RS,12,144,498,ROA,PTEU,"SALYERS, MARC",3FGM,Three Pointer,3,-635,312,F,,,,39,02:00,99,74,
2007,RS,12,144,501,ROA,P000691,"HALE, RONALD",2FGM,Two Pointer,2,33,38,C,,,,39,02:00,99,76,
2007,RS,12,144,503,PAN,PAGG,"BECIROVIC, SANI",2FGA,Missed Two Pointer,0,-33,48,D,,,,39,02:00,99,76,
2007,RS,12,144,508,ROA,PTEU,"SALYERS, MARC",2FGA,Missed Two Pointer,0,-41,307,D,,,,40,01:00,99,76,
2007,RS,12,144,511,ROA,PTEU,"SALYERS, MARC",3FGA,Missed Three Pointer,0,546,464,G,,,,40,01:00,99,76,
2007,RS,12,144,517,ROA,PTEU,"SALYERS, MARC",FTM,Free Throw In,1,-1,-1, ,,,,40,01:00,99,77,
2007,RS,12,144,518,ROA,PTEU,"SALYERS, MARC",FTM,Free Throw In,1,-1,-1, ,,,,40,01:00,99,78,
2007,RS,12,144,519,PAN,PJUO,"SPANOULIS, VASSILIS",3FGM,Three Pointer,3,-694,174,F,,,,40,01:00,102,78,
2007,RS,12,144,521,ROA,PTGW,"WILSON, RAPHAEL",3FGA,Missed Three Pointer,0,-600,387,F,,,,40,01:00,102,78,
2007,RS,13,145,2,ZAL,PJCC,"MACIULIS, JONAS",2FGM,Two Pointer,2,-5,5,D,,,,1,10:00,2,0,
2007,RS,13,145,6,ZAL,PJCC,"MACIULIS, JONAS",2FGM,Two Pointer,2,-15,56,D,,,,1,10:00,4,0,
2007,RS,13,145,11,OLY,PJDR,"TEODOSIC, MILOS",2FGM,Two Pointer,2,43,17,C,,,,1,10:00,4,2,
2007,RS,13,145,15,OLY,PJDR,"TEODOSIC, MILOS",2FGA,Missed Two Pointer,0,287,341,B,,,,2,09:00,4,2,
2007,RS,13,145,17,OLY,P000126,"JACKSON, MARC",2FGAB,Missed Two Pointer,0,17,84,C,,,,2,09:00,4,2,
2007,RS,13,145,22,ZAL,PBWI,"JANKUNAS, PAULIUS",2FGM,Two Pointer,2,-38,194,D,,,,2,09:00,6,2,
2007,RS,13,145,24,OLY,PCRR,"GREER, LYNN",2FGA,Missed Two Pointer,0,15,102,C,,,,3,08:00,6,2,
2007,RS,13,145,26,OLY,P000126,"JACKSON, MARC",2FGA,Missed Two Pointer,0,-69,84,D,,,,3,08:00,6,2,
2007,RS,13,145,31,OLY,PTFV,"WOODS, QYNTEL",2FGM,Two Pointer,2,5,79,C,,,,3,08:00,6,4,
2007,RS,13,145,32,ZAL,PAHT,"BROWN, MARCUS",3FGA,Missed Three Pointer,0,92,715,G,,,,3,08:00,6,4,
2007,RS,13,145,34,OLY,PTFV,"WOODS, QYNTEL",2FGA,Missed Two Pointer,0,20,117,C,,,,3,08:00,6,4,
2007,RS,13,145,35,ZAL,PBWI,"JANKUNAS, PAULIUS",3FGA,Missed Three Pointer,0,-651,269,F,,,,3,08:00,6,4,
2007,RS,13,145,42,ZAL,PBWI,"JANKUNAS, PAULIUS",2FGM,Two Pointer,2,-58,76,D,,,,4,07:00,8,4,
2007,RS,13,145,44,OLY,PCRR,"GREER, LYNN",2FGM,Two Pointer,2,271,394,B,,,,4,07:00,8,6,
2007,RS,13,145,49,ZAL,PJCC,"MACIULIS, JONAS",FTM,Free Throw In,1,-1,-1, ,,,,4,07:00,9,6,
2007,RS,13,145,50,ZAL,PJCC,"MACIULIS, JONAS",FTM,Free Throw In,1,-1,-1, ,,,,4,07:00,10,6,
2007,RS,13,145,56,ZAL,PBWI,"JANKUNAS, PAULIUS",3FGM,Three Pointer,3,-341,625,J,,,,5,06:00,13,6,
2007,RS,13,145,58,OLY,PTFV,"WOODS, QYNTEL",3FGA,Missed Three Pointer,0,-253,643,J,,,,5,06:00,13,6,
2007,RS,13,145,62,OLY,PJDR,"TEODOSIC, MILOS",2FGA,Missed Two Pointer,0,-328,23,E,,,,5,06:00,13,6,
2007,RS,13,145,66,OLY,P000126,"JACKSON, MARC",FTM,Free Throw In,1,-1,-1, ,,,,5,06:00,13,7,
2007,RS,13,145,67,OLY,P000126,"JACKSON, MARC",FTM,Free Throw In,1,-1,-1, ,,,,5,06:00,13,8,
2007,RS,13,145,69,ZAL,PBDB,"COLLINS, DeJUAN",3FGA,Missed Three Pointer,0,-369,561,J,,,,6,05:00,13,8,
2007,RS,13,145,71,ZAL,PJCC,"MACIULIS, JONAS",2FGA,Missed Two Pointer,0,-100,102,D,,,,6,05:00,13,8,
2007,RS,13,145,77,OLY,P000126,"JACKSON, MARC",2FGA,Missed Two Pointer,0,-2,207,D,,,,6,05:00,13,8,
2007,RS,13,145,79,ZAL,PJCC,"MACIULIS, JONAS",3FGA,Missed Three Pointer,0,-246,720,J,,,,6,05:00,13,8,
2007,RS,13,145,81,OLY,PTFV,"WOODS, QYNTEL",2FGM,Two Pointer,2,2,2,D,,,,6,05:00,13,10,
2007,RS,13,145,84,ZAL,PBWI,"JANKUNAS, PAULIUS",2FGA,Missed Two Pointer,0,-135,69,D,,,,7,04:00,13,10,
2007,RS,13,145,86,ZAL,PBDE,"JURAK, GORAN",2FGM,Two Pointer,2,-84,43,D,,,,7,04:00,15,10,
2007,RS,13,145,91,ZAL,PANY,"SALENGA, DAINIUS",2FGM,Two Pointer,2,-10,487,I,,,,8,03:00,17,10,
2007,RS,13,145,93,OLY,P000126,"JACKSON, MARC",2FGA,Missed Two Pointer,0,2,125,D,,,,8,03:00,17,10,
2007,RS,13,145,101,OLY,PCRR,"GREER, LYNN",2FGM,Two Pointer,2,-87,41,D,,,,9,02:00,17,12,
2007,RS,13,145,111,OLY,PTFV,"WOODS, QYNTEL",2FGA,Missed Two Pointer,0,33,61,C,,,,9,02:00,17,12,
2007,RS,13,145,113,OLY,PAQU,"BOUROUSIS, IOANNIS",2FGA,Missed Two Pointer,0,-5,82,D,,,,9,02:00,17,12,
2007,RS,13,145,114,OLY,PAQU,"BOUROUSIS, IOANNIS",2FGM,Two Pointer,2,-5,92,D,,,,9,02:00,17,14,
2007,RS,13,145,117,ZAL,PAHT,"BROWN, MARCUS",3FGA,Missed Three Pointer,0,241,687,G,,,,10,01:00,17,14,
2007,RS,13,145,119,OLY,PJRF,"VASILOPOULOS, PANAGIOTIS",2FGA,Missed Two Pointer,0,-7,148,D,,,,10,01:00,17,14,
2007,RS,13,145,121,ZAL,PJEI,"DILYS, VILMANTAS",3FGA,Missed Three Pointer,0,256,628,G,,,,10,01:00,17,14,
2007,RS,13,145,123,ZAL,PBDE,"JURAK, GORAN",2FGM,Two Pointer,2,0,102,D,,,,10,01:00,19,14,
2007,RS,13,145,124,OLY,PCRR,"GREER, LYNN",2FGA,Missed Two Pointer,0,-305,56,E,,,,10,01:00,19,14,
2007,RS,13,145,126,ZAL,PBDE,"JURAK, GORAN",2FGM,Two Pointer,2,-102,51,D,,,,10,01:00,21,14,
2007,RS,13,145,134,OLY,P000126,"JACKSON, MARC",2FGM,Two Pointer,2,-312,371,E,,,,11,10:00,21,16,
2007,RS,13,145,135,ZAL,PBWI,"JANKUNAS, PAULIUS",3FGA,Missed Three Pointer,0,-153,682,J,,,,11,10:00,21,16,
2007,RS,13,145,140,ZAL,PBDE,"JURAK, GORAN",FTM,Free Throw In,1,-1,-1, ,,,,11,10:00,22,16,
2007,RS,13,145,141,OLY,PCRR,"GREER, LYNN",2FGAB,Missed Two Pointer,0,-5,66,D,,,,11,10:00,22,16,
2007,RS,13,145,145,OLY,PCRR,"GREER, LYNN",2FGA,Missed Two Pointer,0,397,-28,B,,,,12,09:00,22,16,
2007,RS,13,145,147,ZAL,PANY,"SALENGA, DAINIUS",2FGA,Missed Two Pointer,0,30,89,C,,,,12,09:00,22,16,
2007,RS,13,145,149,OLY,PJDR,"TEODOSIC, MILOS",2FGM,Two Pointer,2,-333,64,E,,,,12,09:00,22,18,
2007,RS,13,145,151,ZAL,PBDE,"JURAK, GORAN",3FGA,Missed Three Pointer,0,279,643,G,,,,12,09:00,22,18,
2007,RS,13,145,160,ZAL,PATP,"POPOVIC, MARKO",2FGA,Missed Two Pointer,0,-287,184,E,,,,13,08:00,22,18,
2007,RS,13,145,162,ZAL,PBDE,"JURAK, GORAN",2FGM,Two Pointer,2,2,51,D,,,,13,08:00,24,18,
2007,RS,13,145,163,OLY,PAQU,"BOUROUSIS, IOANNIS",3FGM,Three Pointer,3,-428,566,J,,,,13,08:00,24,21,
2007,RS,13,145,165,ZAL,PATP,"POPOVIC, MARKO",2FGA,Missed Two Pointer,0,220,41,C,,,,13,08:00,24,21,
2007,RS,13,145,171,ZAL,PJCC,"MACIULIS, JONAS",FTM,Free Throw In,1,-1,-1, ,,,,13,08:00,25,21,
2007,RS,13,145,172,ZAL,PJCC,"MACIULIS, JONAS",FTM,Free Throw In,1,-1,-1, ,,,,13,08:00,26,21,
2007,RS,13,145,178,OLY,PJRF,"VASILOPOULOS, PANAGIOTIS",FTM,Free Throw In,1,-1,-1, ,,,,14,07:00,26,22,
2007,RS,13,145,181,OLY,PJRF,"VASILOPOULOS, PANAGIOTIS",2FGAB,Missed Two Pointer,0,-33,82,D,,,,14,07:00,26,22,
2007,RS,13,145,185,OLY,P000126,"JACKSON, MARC",2FGM,Two Pointer,2,-35,58,D,,,,14,07:00,26,24,
2007,RS,13,145,186,ZAL,PJBX,"KALNIETIS, MANTAS",3FGA,Missed Three Pointer,0,628,294,A,,,,14,07:00,26,24,
2007,RS,13,145,196,OLY,PCRR,"GREER, LYNN",2FGA,Missed Two Pointer,0,-105,38,D,,,,14,07:00,26,24,
2007,RS,13,145,199,ZAL,PJCC,"MACIULIS, JONAS",2FGAB,Missed Two Pointer,0,64,69,C,,,,15,06:00,26,24,
2007,RS,13,145,202,ZAL,PBDB,"COLLINS, DeJUAN",3FGA,Missed Three Pointer,0,-582,335,F,,,,15,06:00,26,24,
2007,RS,13,145,204,ZAL,PAHT,"BROWN, MARCUS",3FGM,Three Pointer,3,-630,289,F,,,,15,06:00,29,24,
2007,RS,13,145,206,OLY,P000126,"JACKSON, MARC",2FGA,Missed Two Pointer,0,-276,400,E,,,,15,06:00,29,24,
2007,RS,13,145,212,ZAL,PAHT,"BROWN, MARCUS",FTM,Free Throw In,1,-1,-1, ,,,,15,06:00,30,24,
2007,RS,13,145,213,ZAL,PAHT,"BROWN, MARCUS",FTM,Free Throw In,1,-1,-1, ,,,,15,06:00,31,24,
2007,RS,13,145,215,OLY,PCRR,"GREER, LYNN",2FGM,Two Pointer,2,-115,23,D,,,,16,05:00,31,26,
2007,RS,13,145,219,ZAL,PJCC,"MACIULIS, JONAS",3FGM,Three Pointer,3,658,269,A,,,,16,05:00,34,26,
2007,RS,13,145,220,OLY,P000126,"JACKSON, MARC",2FGM,Two Pointer,2,-38,82,D,,,,16,05:00,34,28,
2007,RS,13,145,223,ZAL,PADX,"ZUKAUSKAS, EURELIJUS",2FGA,Missed Two Pointer,0,-25,89,D,,,,17,04:00,34,28,
2007,RS,13,145,230,OLY,PBFY,"BLAKNEY, RODERICK",FTM,Free Throw In,1,-1,-1, ,,,,17,04:00,34,29,
2007,RS,13,145,231,OLY,PBFY,"BLAKNEY, RODERICK",FTM,Free Throw In,1,-1,-1, ,,,,17,04:00,34,30,
2007,RS,13,145,232,OLY,P000126,"JACKSON, MARC",2FGA,Missed Two Pointer,0,2,110,D,,,,17,04:00,34,30,
2007,RS,13,145,234,ZAL,PBDE,"JURAK, GORAN",2FGAB,Missed Two Pointer,0,28,97,C,,,,17,04:00,34,30,
2007,RS,13,145,241,ZAL,PBWI,"JANKUNAS, PAULIUS",2FGA,Missed Two Pointer,0,100,100,C,,,,18,03:00,34,30,
2007,RS,13,145,243,OLY,PAQU,"BOUROUSIS, IOANNIS",2FGA,Missed Two Pointer,0,-69,82,D,,,,18,03:00,34,30,
2007,RS,13,145,245,ZAL,PAHT,"BROWN, MARCUS",3FGA,Missed Three Pointer,0,474,556,G,,,,18,03:00,34,30,
2007,RS,13,145,247,ZAL,PJCC,"MACIULIS, JONAS",2FGM,Two Pointer,2,10,69,C,,,,18,03:00,36,30,
2007,RS,13,145,249,OLY,PJDR,"TEODOSIC, MILOS",3FGA,Missed Three Pointer,0,-194,682,J,,,,19,02:00,36,30,
2007,RS,13,145,255,ZAL,PAHT,"BROWN, MARCUS",3FGA,Missed Three Pointer,0,-507,592,J,,,,19,02:00,36,30,
2007,RS,13,145,257,OLY,PJDR,"TEODOSIC, MILOS",2FGM,Two Pointer,2,5,69,C,,,,19,02:00,36,32,
2007,RS,13,145,259,ZAL,PAHT,"BROWN, MARCUS",3FGM,Three Pointer,3,-558,425,F,,,,19,02:00,39,32,
2007,RS,13,145,271,ZAL,PBDB,"COLLINS, DeJUAN",3FGM,Three Pointer,3,197,669,G,,,,20,01:00,42,32,
2007,RS,13,145,276,ZAL,PBDB,"COLLINS, DeJUAN",2FGM,Two Pointer,2,48,51,C,,,,21,10:00,44,32,
2007,RS,13,145,282,ZAL,PBWI,"JANKUNAS, PAULIUS",FTM,Free Throw In,1,-1,-1, ,,,,21,10:00,45,32,
2007,RS,13,145,283,ZAL,PBWI,"JANKUNAS, PAULIUS",FTM,Free Throw In,1,-1,-1, ,,,,21,10:00,46,32,
2007,RS,13,145,284,OLY,PTFV,"WOODS, QYNTEL",2FGM,Two Pointer,2,-84,38,D,,,,21,10:00,46,34,
2007,RS,13,145,288,ZAL,PBDE,"JURAK, GORAN",2FGAB,Missed Two Pointer,0,0,69,D,,,,22,09:00,46,34,
2007,RS,13,145,293,OLY,PCRR,"GREER, LYNN",2FGM,Two Pointer,2,-61,43,D,,,,22,09:00,46,36,
2007,RS,13,145,294,ZAL,PAHT,"BROWN, MARCUS",3FGM,Three Pointer,3,466,579,G,,,,22,09:00,49,36,
2007,RS,13,145,304,ZAL,PBDB,"COLLINS, DeJUAN",3FGM,Three Pointer,3,-469,230,E,,,,22,09:00,52,36,
2007,RS,13,145,305,OLY,PCRR,"GREER, LYNN",3FGM,Three Pointer,3,482,574,G,,,,22,09:00,52,39,
2007,RS,13,145,308,ZAL,PAHT,"BROWN, MARCUS",3FGM,Three Pointer,3,489,505,G,,,,22,09:00,55,39,
2007,RS,13,145,318,OLY,PCRR,"GREER, LYNN",FTM,Free Throw In,1,-1,-1, ,,,,24,07:00,55,40,
2007,RS,13,145,321,OLY,PJRC,"MAVROKEFALIDES, LOUKAS",2FGM,Two Pointer,2,-25,79,D,,,,24,07:00,55,42,
2007,RS,13,145,325,ZAL,PBDE,"JURAK, GORAN",FTM,Free Throw In,1,-1,-1, ,,,,24,07:00,56,42,
2007,RS,13,145,326,ZAL,PBDE,"JURAK, GORAN",FTM,Free Throw In,1,-1,-1, ,,,,24,07:00,57,42,
2007,RS,13,145,328,OLY,PJDR,"TEODOSIC, MILOS",2FGM,Two Pointer,2,79,87,C,,,,25,06:00,57,44,
2007,RS,13,145,331,ZAL,PBWI,"JANKUNAS, PAULIUS",FTM,Free Throw In,1,-1,-1, ,,,,25,06:00,58,44,
2007,RS,13,145,332,ZAL,PBWI,"JANKUNAS, PAULIUS",FTM,Free Throw In,1,-1,-1, ,,,,25,06:00,59,44,
2007,RS,13,145,335,OLY,PJRC,"MAVROKEFALIDES, LOUKAS",2FGM,Two Pointer,2,-25,87,D,,,,25,06:00,59,46,
2007,RS,13,145,338,ZAL,PADX,"ZUKAUSKAS, EURELIJUS",FTM,Free Throw In,1,-1,-1, ,,,,25,06:00,60,46,
2007,RS,13,145,339,ZAL,PADX,"ZUKAUSKAS, EURELIJUS",FTM,Free Throw In,1,-1,-1, ,,,,25,06:00,61,46,
2007,RS,13,145,341,OLY,PJRF,"VASILOPOULOS, PANAGIOTIS",3FGA,Missed Three Pointer,0,379,646,G,,,,26,05:00,61,46,
2007,RS,13,145,346,ZAL,PBDE,"JURAK, GORAN",FTM,Free Throw In,1,-1,-1, ,,,,26,05:00,62,46,
2007,RS,13,145,349,OLY,PCRR,"GREER, LYNN",FTM,Free Throw In,1,-1,-1, ,,,,26,05:00,62,47,
2007,RS,13,145,350,OLY,PCRR,"GREER, LYNN",FTM,Free Throw In,1,-1,-1, ,,,,26,05:00,62,48,
2007,RS,13,145,351,OLY,PCRR,"GREER, LYNN",FTM,Free Throw In,1,-1,-1, ,,,,26,05:00,62,49,
2007,RS,13,145,355,OLY,PJRF,"VASILOPOULOS, PANAGIOTIS",2FGAB,Missed Two Pointer,0,43,107,C,,,,27,04:00,62,49,
2007,RS,13,145,359,ZAL,PAHT,"BROWN, MARCUS",3FGA,Missed Three Pointer,0,641,374,A,,,,27,04:00,62,49,
2007,RS,13,145,361,OLY,PJRF,"VASILOPOULOS, PANAGIOTIS",3FGA,Missed Three Pointer,0,289,694,G,,,,27,04:00,62,49,
2007,RS,13,145,363,ZAL,PJCC,"MACIULIS, JONAS",2FGA,Missed Two Pointer,0,-76,30,D,,,,27,04:00,62,49,
2007,RS,13,145,374,OLY,PTFV,"WOODS, QYNTEL",2FGA,Missed Two Pointer,0,25,564,H,,,,28,03:00,62,49,
2007,RS,13,145,377,OLY,PCRR,"GREER, LYNN",3FGM,Three Pointer,3,571,458,G,,,,28,03:00,62,52,
2007,RS,13,145,378,ZAL,PBDB,"COLLINS, DeJUAN",2FGM,Two Pointer,2,84,23,C,,,,28,03:00,64,52,
2007,RS,13,145,380,OLY,PJDR,"TEODOSIC, MILOS",3FGA,Missed Three Pointer,0,-15,741,J,,,,29,02:00,64,52,
2007,RS,13,145,382,ZAL,PBDB,"COLLINS, DeJUAN",3FGM,Three Pointer,3,-10,694,J,,,,29,02:00,67,52,
2007,RS,13,145,383,OLY,PJRC,"MAVROKEFALIDES, LOUKAS",2FGM,Two Pointer,2,0,471,I,,,,29,02:00,67,54,
2007,RS,13,145,388,OLY,PJDR,"TEODOSIC, MILOS",3FGA,Missed Three Pointer,0,520,443,G,,,,30,01:00,67,54,
2007,RS,13,145,390,ZAL,PAHT,"BROWN, MARCUS",2FGAB,Missed Two Pointer,0,-64,107,D,,,,30,01:00,67,54,
2007,RS,13,145,405,ZAL,PATP,"POPOVIC, MARKO",2FGA,Missed Two Pointer,0,-28,238,D,,,,30,01:00,67,54,
2007,RS,13,145,414,ZAL,PBWI,"JANKUNAS, PAULIUS",2FGM,Two Pointer,2,500,17,B,,,,31,10:00,69,54,
2007,RS,13,145,416,OLY,PTFV,"WOODS, QYNTEL",2FGA,Missed Two Pointer,0,-7,492,I,,,,31,10:00,69,54,
2007,RS,13,145,425,ZAL,PJCC,"MACIULIS, JONAS",FTM,Free Throw In,1,-1,-1, ,,,,32,09:00,70,54,
2007,RS,13,145,427,OLY,PTFV,"WOODS, QYNTEL",2FGM,Two Pointer,2,-66,61,D,,,,32,09:00,70,56,
2007,RS,13,145,430,OLY,PTFV,"WOODS, QYNTEL",FTM,Free Throw In,1,-1,-1, ,,,,32,09:00,70,57,
2007,RS,13,145,439,OLY,PTFV,"WOODS, QYNTEL",2FGA,Missed Two Pointer,0,76,33,C,,,,33,08:00,70,57,
2007,RS,13,145,441,ZAL,PANY,"SALENGA, DAINIUS",2FGM,Two Pointer,2,402,169,B,,,,33,08:00,72,57,
2007,RS,13,145,445,ZAL,PBWI,"JANKUNAS, PAULIUS",3FGM,Three Pointer,3,123,682,G,,,,33,08:00,75,57,
2007,RS,13,145,450,OLY,P000126,"JACKSON, MARC",FTM,Free Throw In,1,-1,-1, ,,,,34,07:00,75,58,
2007,RS,13,145,451,OLY,P000126,"JACKSON, MARC",FTM,Free Throw In,1,-1,-1, ,,,,34,07:00,75,59,
2007,RS,13,145,452,ZAL,PATP,"POPOVIC, MARKO",3FGM,Three Pointer,3,-333,630,J,,,,34,07:00,78,59,
2007,RS,13,145,453,OLY,PCRR,"GREER, LYNN",3FGA,Missed Three Pointer,0,238,694,G,,,,34,07:00,78,59,
2007,RS,13,145,455,ZAL,PATP,"POPOVIC, MARKO",2FGM,Two Pointer,2,5,169,C,,,,34,07:00,80,59,
2007,RS,13,145,461,OLY,PTFV,"WOODS, QYNTEL",3FGA,Missed Three Pointer,0,551,430,G,,,,34,07:00,80,59,
2007,RS,13,145,464,ZAL,PBWI,"JANKUNAS, PAULIUS",3FGA,Missed Three Pointer,0,-679,-12,F,,,,35,06:00,80,59,
2007,RS,13,145,466,OLY,PJRC,"MAVROKEFALIDES, LOUKAS",2FGA,Missed Two Pointer,0,2,115,D,,,,35,06:00,80,59,
2007,RS,13,145,471,ZAL,PBWI,"JANKUNAS, PAULIUS",FTM,Free Throw In,1,-1,-1, ,,,,35,06:00,81,59,
2007,RS,13,145,478,OLY,PCRR,"GREER, LYNN",FTM,Free Throw In,1,-1,-1, ,,,,35,06:00,81,60,
2007,RS,13,145,479,OLY,PCRR,"GREER, LYNN",FTM,Free Throw In,1,-1,-1, ,,,,35,06:00,81,61,
2007,RS,13,145,481,ZAL,PATP,"POPOVIC, MARKO",2FGM,Two Pointer,2,56,25,C,,,,36,05:00,83,61,
2007,RS,13,145,482,OLY,PJRC,"MAVROKEFALIDES, LOUKAS",2FGM,Two Pointer,2,287,212,B,,,,36,05:00,83,63,
2007,RS,13,145,484,ZAL,PADX,"ZUKAUSKAS, EURELIJUS",2FGM,Two Pointer,2,-2,2,D,,,,36,05:00,85,63,
2007,RS,13,145,491,ZAL,PATP,"POPOVIC, MARKO",2FGM,Two Pointer,2,164,92,C,,,,37,04:00,87,63,
2007,RS,13,145,498,ZAL,PBDE,"JURAK, GORAN",FTM,Free Throw In,1,-1,-1, ,,,,37,04:00,88,63,
2007,RS,13,145,503,OLY,PJRC,"MAVROKEFALIDES, LOUKAS",FTM,Free Throw In,1,-1,-1, ,,,,37,04:00,88,64,
2007,RS,13,145,504,OLY,PJRC,"MAVROKEFALIDES, LOUKAS",FTM,Free Throw In,1,-1,-1, ,,,,37,04:00,88,65,
2007,RS,13,145,506,ZAL,PBDE,"JURAK, GORAN",2FGA,Missed Two Pointer,0,92,74,C,,,,38,03:00,88,65,
2007,RS,13,145,508,OLY,PCRR,"GREER, LYNN",2FGM,Two Pointer,2,82,105,C,,,,38,03:00,88,67,
2007,RS,13,145,520,OLY,PCRR,"GREER, LYNN",FTM,Free Throw In,1,-1,-1, ,,,,38,03:00,88,68,
2007,RS,13,145,521,OLY,PCRR,"GREER, LYNN",FTM,Free Throw In,1,-1,-1, ,,,,38,03:00,88,69,
2007,RS,13,145,523,ZAL,PATP,"POPOVIC, MARKO",3FGA,Missed Three Pointer,0,-356,656,J,,,,39,02:00,88,69,
2007,RS,13,145,531,OLY,PCRR,"GREER, LYNN",FTM,Free Throw In,1,-1,-1, ,,,,39,02:00,88,70,
2007,RS,13,145,532,OLY,PCRR,"GREER, LYNN",FTM,Free Throw In,1,-1,-1, ,,,,39,02:00,88,71,
2007,RS,13,145,533,ZAL,PBWI,"JANKUNAS, PAULIUS",3FGA,Missed Three Pointer,0,-589,394,F,,,,39,02:00,88,71,
2007,RS,13,145,540,OLY,PJDR,"TEODOSIC, MILOS",FTM,Free Throw In,1,-1,-1, ,,,,39,02:00,88,72,
2007,RS,13,145,543,ZAL,PAHT,"BROWN, MARCUS",3FGA,Missed Three Pointer,0,-453,515,J,,,,39,02:00,88,72,
2007,RS,13,145,546,OLY,PCRR,"GREER, LYNN",3FGM,Three Pointer,3,28,720,G,,,,40,01:00,88,75,
2007,RS,13,145,547,ZAL,PATP,"POPOVIC, MARKO",3FGA,Missed Three Pointer,0,-625,317,F,,,,40,01:00,88,75,
2007,RS,13,146,4,BAS,PJTT,"MCDONALD, WILL",2FGM,Two Pointer,2,102,35,C,,,,1,10:00,0,2,
2007,RS,13,146,5,CSK,PAUC,"GOREE, MARCUS",2FGA,Missed Two Pointer,0,79,53,C,,,,1,10:00,0,2,
2007,RS,13,146,7,BAS,PAFP,"PLANINIC, ZORAN",2FGA,Missed Two Pointer,0,-146,130,D,,,,1,10:00,0,2,
2007,RS,13,146,11,BAS,PAJK,"VIDAL, SERGI",3FGA,Missed Three Pointer,0,653,141,A,,,,2,09:00,0,2,
2007,RS,13,146,13,CSK,PAQO,"HOLDEN, JON ROBERT",3FGM,Three Pointer,3,-217,648,J,,,,2,09:00,3,2,
2007,RS,13,146,16,CSK,PJMM,"SISKAUSKAS, RAMUNAS",2FGAB,Missed Two Pointer,0,-125,207,D,,,,2,09:00,3,2,
2007,RS,13,146,19,BAS,PANB,"RAKOCEVIC, IGOR",2FGA,Missed Two Pointer,0,17,200,C,,,,2,09:00,3,2,
2007,RS,13,146,22,CSK,PAKT,"ANDERSEN, DAVID",3FGM,Three Pointer,3,348,569,G,,,,3,08:00,6,2,
2007,RS,13,146,27,BAS,PAJK,"VIDAL, SERGI",3FGA,Missed Three Pointer,0,628,169,A,,,,3,08:00,6,2,
2007,RS,13,146,30,CSK,PBEB,"LANGDON, TRAJAN",2FGM,Two Pointer,2,-294,53,E,,,,4,07:00,8,2,
2007,RS,13,146,32,BAS,PJTT,"MCDONALD, WILL",2FGA,Missed Two Pointer,0,151,30,C,,,,4,07:00,8,2,
2007,RS,13,146,34,CSK,PBEB,"LANGDON, TRAJAN",3FGM,Three Pointer,3,-394,548,J,,,,4,07:00,11,2,
2007,RS,13,146,38,BAS,PANB,"RAKOCEVIC, IGOR",3FGM,Three Pointer,3,500,425,A,,,,5,06:00,11,5,
2007,RS,13,146,40,CSK,PJMM,"SISKAUSKAS, RAMUNAS",2FGA,Missed Two Pointer,0,-20,387,D,,,,5,06:00,11,5,
2007,RS,13,146,42,BAS,PJTT,"MCDONALD, WILL",2FGA,Missed Two Pointer,0,197,38,C,,,,5,06:00,11,5,
2007,RS,13,146,44,CSK,PAQO,"HOLDEN, JON ROBERT",2FGM,Two Pointer,2,-66,12,D,,,,5,06:00,13,5,
2007,RS,13,146,49,CSK,PAQO,"HOLDEN, JON ROBERT",3FGA,Missed Three Pointer,0,-433,512,J,,,,6,05:00,13,5,
2007,RS,13,146,51,CSK,PAQO,"HOLDEN, JON ROBERT",2FGA,Missed Two Pointer,0,71,223,C,,,,6,05:00,13,5,
2007,RS,13,146,54,BAS,PANB,"RAKOCEVIC, IGOR",2FGM,Two Pointer,2,-61,2,D,,,,7,04:00,13,7,
2007,RS,13,146,55,CSK,PAUC,"GOREE, MARCUS",2FGA,Missed Two Pointer,0,-35,76,D,,,,7,04:00,13,7,
2007,RS,13,146,57,BAS,PJTT,"MCDONALD, WILL",2FGM,Two Pointer,2,315,17,B,,,,7,04:00,13,9,
2007,RS,13,146,59,CSK,PJMM,"SISKAUSKAS, RAMUNAS",2FGM,Two Pointer,2,-51,76,D,,,,8,03:00,15,9,
2007,RS,13,146,68,BAS,PJTT,"MCDONALD, WILL",FTM,Free Throw In,1,-1,-1, ,,,,8,03:00,15,10,
2007,RS,13,146,69,BAS,PJTT,"MCDONALD, WILL",FTM,Free Throw In,1,-1,-1, ,,,,8,03:00,15,11,
2007,RS,13,146,71,CSK,PAKT,"ANDERSEN, DAVID",2FGA,Missed Two Pointer,0,-351,35,E,,,,9,02:00,15,11,
2007,RS,13,146,73,BAS,PAFP,"PLANINIC, ZORAN",3FGA,Missed Three Pointer,0,674,71,A,,,,9,02:00,15,11,
2007,RS,13,146,75,BAS,PANB,"RAKOCEVIC, IGOR",3FGM,Three Pointer,3,-274,587,J,,,,9,02:00,15,14,
2007,RS,13,146,76,CSK,PBEB,"LANGDON, TRAJAN",2FGA,Missed Two Pointer,0,-197,515,I,,,,9,02:00,15,14,
2007,RS,13,146,78,BAS,PJZJ,"TELETOVIC, MIRZA",2FGM,Two Pointer,2,112,102,C,,,,9,02:00,15,16,
2007,RS,13,146,83,CSK,PAKT,"ANDERSEN, DAVID",2FGM,Two Pointer,2,148,520,H,,,,10,01:00,17,16,
2007,RS,13,146,85,BAS,PJZJ,"TELETOVIC, MIRZA",2FGA,Missed Two Pointer,0,-197,48,D,,,,10,01:00,17,16,
2007,RS,13,146,92,CSK,PAKT,"ANDERSEN, DAVID",2FGM,Two Pointer,2,5,7,C,,,,10,01:00,19,16,
2007,RS,13,146,100,CSK,PATW,"PAPALOUKAS, THEODOROS",2FGM,Two Pointer,2,-94,0,D,,,,11,10:00,21,16,
2007,RS,13,146,101,BAS,PANB,"RAKOCEVIC, IGOR",3FGM,Three Pointer,3,446,512,G,,,,11,10:00,21,19,
2007,RS,13,146,104,BAS,PANB,"RAKOCEVIC, IGOR",FTM,Free Throw In,1,-1,-1, ,,,,11,10:00,21,20,
2007,RS,13,146,105,CSK,PAQO,"HOLDEN, JON ROBERT",2FGM,Two Pointer,2,523,-23,B,,,,11,10:00,23,20,
2007,RS,13,146,124,CSK,PJMM,"SISKAUSKAS, RAMUNAS",3FGA,Missed Three Pointer,0,20,664,G,,,,12,09:00,23,20,
2007,RS,13,146,126,BAS,PBVC,"JASAITIS, SIMAS",2FGM,Two Pointer,2,79,2,C,,,,12,09:00,23,22,
2007,RS,13,146,141,BAS,PANB,"RAKOCEVIC, IGOR",FTM,Free Throw In,1,-1,-1, ,,,,13,08:00,23,23,
2007,RS,13,146,142,CSK,PABN,"ZISIS, NIKOLAOS",3FGA,Missed Three Pointer,0,-420,512,J,,,,13,08:00,23,23,
2007,RS,13,146,150,BAS,PANB,"RAKOCEVIC, IGOR",FTM,Free Throw In,1,-1,-1, ,,,,13,08:00,23,24,
2007,RS,13,146,151,BAS,PANB,"RAKOCEVIC, IGOR",FTM,Free Throw In,1,-1,-1, ,,,,13,08:00,23,25,
2007,RS,13,146,155,CSK,PBEB,"LANGDON, TRAJAN",2FGM,Two Pointer,2,-41,230,D,,,,14,07:00,25,25,
2007,RS,13,146,157,BAS,PCBY,"SPLITTER, TIAGO",2FGA,Missed Two Pointer,0,-5,146,D,,,,14,07:00,25,25,
2007,RS,13,146,163,CSK,PAKT,"ANDERSEN, DAVID",2FGA,Missed Two Pointer,0,41,258,C,,,,14,07:00,25,25,
2007,RS,13,146,165,CSK,PAUC,"GOREE, MARCUS",3FGA,Missed Three Pointer,0,-366,517,J,,,,14,07:00,25,25,
2007,RS,13,146,167,BAS,P000719,"MUONEKE, GABE",3FGA,Missed Three Pointer,0,-302,597,J,,,,14,07:00,25,25,
2007,RS,13,146,171,BAS,PCBX,"PRIGIONI, PABLO",3FGA,Missed Three Pointer,0,-579,361,F,,,,15,06:00,25,25,
2007,RS,13,146,173,CSK,PBEB,"LANGDON, TRAJAN",3FGA,Missed Three Pointer,0,638,161,A,,,,15,06:00,25,25,
2007,RS,13,146,186,BAS,PJWO,"MICKEAL, PETE",FTM,Free Throw In,1,-1,-1, ,,,,16,05:00,25,26,
2007,RS,13,146,192,CSK,PBEB,"LANGDON, TRAJAN",2FGA,Missed Two Pointer,0,253,502,H,,,,17,04:00,25,26,
2007,RS,13,146,195,CSK,PAKT,"ANDERSEN, DAVID",2FGA,Missed Two Pointer,0,-133,133,D,,,,17,04:00,25,26,
2007,RS,13,146,204,CSK,PATW,"PAPALOUKAS, THEODOROS",2FGM,Two Pointer,2,7,194,C,,,,18,03:00,27,26,
2007,RS,13,146,205,BAS,PCBY,"SPLITTER, TIAGO",2FGA,Missed Two Pointer,0,-133,74,D,,,,18,03:00,27,26,
2007,RS,13,146,208,BAS,PCBY,"SPLITTER, TIAGO",FTM,Free Throw In,1,-1,-1, ,,,,18,03:00,27,27,
2007,RS,13,146,211,CSK,PAYU,"PASHUTIN, ZAKHAR",2FGA,Missed Two Pointer,0,512,64,B,,,,18,03:00,27,27,
2007,RS,13,146,220,CSK,PAUC,"GOREE, MARCUS",FTM,Free Throw In,1,-1,-1, ,,,,19,02:00,28,27,
2007,RS,13,146,221,CSK,PAUC,"GOREE, MARCUS",FTM,Free Throw In,1,-1,-1, ,,,,19,02:00,29,27,
2007,RS,13,146,222,BAS,PJZJ,"TELETOVIC, MIRZA",2FGM,Two Pointer,2,-153,71,D,,,,19,02:00,29,29,
2007,RS,13,146,223,CSK,PAKT,"ANDERSEN, DAVID",2FGAB,Missed Two Pointer,0,138,138,C,,,,19,02:00,29,29,
2007,RS,13,146,227,BAS,PANB,"RAKOCEVIC, IGOR",2FGA,Missed Two Pointer,0,117,58,C,,,,19,02:00,29,29,
2007,RS,13,146,230,CSK,PAUC,"GOREE, MARCUS",2FGM,Two Pointer,2,-200,476,I,,,,20,01:00,31,29,
2007,RS,13,146,233,CSK,PAYU,"PASHUTIN, ZAKHAR",3FGM,Three Pointer,3,-658,58,F,,,,20,01:00,34,29,
2007,RS,13,146,235,BAS,PCBX,"PRIGIONI, PABLO",3FGA,Missed Three Pointer,0,-492,748,J,,,,20,01:00,34,29,
2007,RS,13,146,244,CSK,PAQO,"HOLDEN, JON ROBERT",3FGA,Missed Three Pointer,0,476,469,G,,,,21,10:00,34,29,
2007,RS,13,146,246,CSK,PAQO,"HOLDEN, JON ROBERT",3FGM,Three Pointer,3,494,428,G,,,,21,10:00,37,29,
2007,RS,13,146,248,BAS,PBVC,"JASAITIS, SIMAS",3FGA,Missed Three Pointer,0,-428,528,J,,,,21,10:00,37,29,
2007,RS,13,146,251,CSK,PAUC,"GOREE, MARCUS",3FGA,Missed Three Pointer,0,17,661,G,,,,22,09:00,37,29,
2007,RS,13,146,256,CSK,PAKT,"ANDERSEN, DAVID",2FGA,Missed Two Pointer,0,-215,43,D,,,,22,09:00,37,29,
2007,RS,13,146,258,BAS,PBVC,"JASAITIS, SIMAS",2FGM,Two Pointer,2,-2,2,D,,,,22,09:00,37,31,
2007,RS,13,146,260,CSK,PBEB,"LANGDON, TRAJAN",2FGA,Missed Two Pointer,0,97,25,C,,,,22,09:00,37,31,
2007,RS,13,146,263,BAS,PANB,"RAKOCEVIC, IGOR",3FGAB,Missed Three Pointer,0,12,682,G,,,,23,08:00,37,31,
2007,RS,13,146,266,CSK,PJMM,"SISKAUSKAS, RAMUNAS",3FGM,Three Pointer,3,658,-66,A,,,,23,08:00,40,31,
2007,RS,13,146,268,BAS,PJZJ,"TELETOVIC, MIRZA",2FGA,Missed Two Pointer,0,151,58,C,,,,23,08:00,40,31,
2007,RS,13,146,272,CSK,PAQO,"HOLDEN, JON ROBERT",2FGA,Missed Two Pointer,0,-469,38,E,,,,24,07:00,40,31,
2007,RS,13,146,277,BAS,PAFP,"PLANINIC, ZORAN",FTM,Free Throw In,1,-1,-1, ,,,,24,07:00,40,32,
2007,RS,13,146,281,CSK,PAUC,"GOREE, MARCUS",FTM,Free Throw In,1,-1,-1, ,,,,25,06:00,41,32,
2007,RS,13,146,282,CSK,PAUC,"GOREE, MARCUS",FTM,Free Throw In,1,-1,-1, ,,,,25,06:00,42,32,
2007,RS,13,146,285,CSK,PJMM,"SISKAUSKAS, RAMUNAS",3FGA,Missed Three Pointer,0,300,582,G,,,,25,06:00,42,32,
2007,RS,13,146,289,BAS,PJTT,"MCDONALD, WILL",2FGM,Two Pointer,2,12,97,C,,,,25,06:00,42,34,
2007,RS,13,146,291,CSK,PBEB,"LANGDON, TRAJAN",3FGA,Missed Three Pointer,0,651,-56,A,,,,26,05:00,42,34,
2007,RS,13,146,293,CSK,PBEB,"LANGDON, TRAJAN",2FGM,Two Pointer,2,58,12,C,,,,26,05:00,44,34,
2007,RS,13,146,294,BAS,PANB,"RAKOCEVIC, IGOR",3FGA,Missed Three Pointer,0,12,653,G,,,,26,05:00,44,34,
2007,RS,13,146,296,BAS,PANB,"RAKOCEVIC, IGOR",2FGAB,Missed Two Pointer,0,-146,61,D,,,,26,05:00,44,34,
2007,RS,13,146,305,BAS,PAFP,"PLANINIC, ZORAN",3FGA,Missed Three Pointer,0,-507,407,F,,,,26,05:00,44,34,
2007,RS,13,146,307,CSK,PAQO,"HOLDEN, JON ROBERT",2FGAB,Missed Two Pointer,0,82,56,C,,,,26,05:00,44,34,
2007,RS,13,146,312,CSK,PATW,"PAPALOUKAS, THEODOROS",2FGA,Missed Two Pointer,0,-7,0,D,,,,26,05:00,44,34,
2007,RS,13,146,319,CSK,PJMM,"SISKAUSKAS, RAMUNAS",FTM,Free Throw In,1,-1,-1, ,,,,27,04:00,45,34,
2007,RS,13,146,320,CSK,PJMM,"SISKAUSKAS, RAMUNAS",FTM,Free Throw In,1,-1,-1, ,,,,27,04:00,46,34,
2007,RS,13,146,323,BAS,PCBX,"PRIGIONI, PABLO",3FGA,Missed Three Pointer,0,556,394,A,,,,27,04:00,46,34,
2007,RS,13,146,325,BAS,P000719,"MUONEKE, GABE",2FGA,Missed Two Pointer,0,-97,58,D,,,,27,04:00,46,34,
2007,RS,13,146,327,CSK,PAQO,"HOLDEN, JON ROBERT",3FGM,Three Pointer,3,-656,79,F,,,,27,04:00,49,34,
2007,RS,13,146,330,BAS,PCBX,"PRIGIONI, PABLO",3FGA,Missed Three Pointer,0,602,282,A,,,,28,03:00,49,34,
2007,RS,13,146,339,BAS,PCBY,"SPLITTER, TIAGO",2FGM,Two Pointer,2,-64,10,D,,,,28,03:00,49,36,
2007,RS,13,146,342,BAS,PCBY,"SPLITTER, TIAGO",FTM,Free Throw In,1,-1,-1, ,,,,28,03:00,49,37,
2007,RS,13,146,345,CSK,PJMM,"SISKAUSKAS, RAMUNAS",3FGA,Missed Three Pointer,0,-556,384,F,,,,28,03:00,49,37,
2007,RS,13,146,349,CSK,PAYU,"PASHUTIN, ZAKHAR",2FGM,Two Pointer,2,-64,-5,D,,,,29,02:00,51,37,
2007,RS,13,146,350,BAS,PCBY,"SPLITTER, TIAGO",2FGM,Two Pointer,2,-2,5,D,,,,29,02:00,51,39,
2007,RS,13,146,352,CSK,PJEQ,"KASHIROV, ANATOLY",2FGM,Two Pointer,2,-69,-10,D,,,,29,02:00,53,39,
2007,RS,13,146,355,BAS,PCBX,"PRIGIONI, PABLO",3FGM,Three Pointer,3,528,512,G,,,,30,01:00,53,42,
2007,RS,13,146,357,CSK,PJEQ,"KASHIROV, ANATOLY",2FGM,Two Pointer,2,-56,10,D,,,,30,01:00,55,42,
2007,RS,13,146,361,CSK,PJEQ,"KASHIROV, ANATOLY",FTM,Free Throw In,1,-1,-1, ,,,,30,01:00,56,42,
2007,RS,13,146,362,BAS,PAJK,"VIDAL, SERGI",3FGA,Missed Three Pointer,0,-64,664,J,,,,30,01:00,56,42,
2007,RS,13,146,369,BAS,PCBY,"SPLITTER, TIAGO",2FGM,Two Pointer,2,-41,5,D,,,,31,10:00,56,44,
2007,RS,13,146,372,BAS,PANB,"RAKOCEVIC, IGOR",2FGA,Missed Two Pointer,0,23,61,C,,,,31,10:00,56,44,
2007,RS,13,146,374,CSK,PATW,"PAPALOUKAS, THEODOROS",2FGA,Missed Two Pointer,0,53,64,C,,,,31,10:00,56,44,
2007,RS,13,146,377,BAS,PCBY,"SPLITTER, TIAGO",2FGA,Missed Two Pointer,0,141,320,C,,,,32,09:00,56,44,
2007,RS,13,146,381,CSK,PATW,"PAPALOUKAS, THEODOROS",3FGA,Missed Three Pointer,0,-648,112,F,,,,32,09:00,56,44,
2007,RS,13,146,384,BAS,PANB,"RAKOCEVIC, IGOR",2FGM,Two Pointer,2,58,435,H,,,,33,08:00,56,46,
2007,RS,13,146,385,CSK,PAQO,"HOLDEN, JON ROBERT",3FGM,Three Pointer,3,464,479,G,,,,33,08:00,59,46,
2007,RS,13,146,387,BAS,PAJK,"VIDAL, SERGI",3FGM,Three Pointer,3,-666,112,F,,,,33,08:00,59,49,
2007,RS,13,146,389,CSK,PBEB,"LANGDON, TRAJAN",2FGM,Two Pointer,2,-287,269,E,,,,33,08:00,61,49,
2007,RS,13,146,391,BAS,P000719,"MUONEKE, GABE",3FGM,Three Pointer,3,-653,-5,F,,,,34,07:00,61,52,
2007,RS,13,146,393,CSK,PAKT,"ANDERSEN, DAVID",2FGA,Missed Two Pointer,0,335,141,B,,,,34,07:00,61,52,
2007,RS,13,146,395,BAS,PCBX,"PRIGIONI, PABLO",3FGA,Missed Three Pointer,0,5,684,G,,,,34,07:00,61,52,
2007,RS,13,146,398,CSK,PAQO,"HOLDEN, JON ROBERT",2FGA,Missed Two Pointer,0,-5,169,D,,,,35,06:00,61,52,
2007,RS,13,146,404,BAS,PCBY,"SPLITTER, TIAGO",FTM,Free Throw In,1,-1,-1, ,,,,35,06:00,61,53,
2007,RS,13,146,412,BAS,PCBY,"SPLITTER, TIAGO",2FGM,Two Pointer,2,-46,20,D,,,,36,05:00,61,55,
2007,RS,13,146,418,BAS,PCBY,"SPLITTER, TIAGO",FTM,Free Throw In,1,-1,-1, ,,,,36,05:00,61,56,
2007,RS,13,146,419,CSK,PBEB,"LANGDON, TRAJAN",3FGA,Missed Three Pointer,0,-502,453,J,,,,36,05:00,61,56,
2007,RS,13,146,421,BAS,PANB,"RAKOCEVIC, IGOR",2FGA,Missed Two Pointer,0,69,356,C,,,,36,05:00,61,56,
2007,RS,13,146,432,CSK,PATW,"PAPALOUKAS, THEODOROS",2FGA,Missed Two Pointer,0,-7,189,D,,,,37,04:00,61,56,
2007,RS,13,146,434,CSK,PAQO,"HOLDEN, JON ROBERT",2FGA,Missed Two Pointer,0,-417,353,E,,,,37,04:00,61,56,
2007,RS,13,146,438,CSK,PBEB,"LANGDON, TRAJAN",2FGM,Two Pointer,2,20,128,C,,,,37,04:00,63,56,
2007,RS,13,146,451,BAS,PANB,"RAKOCEVIC, IGOR",FTM,Free Throw In,1,-1,-1, ,,,,38,03:00,63,57,
2007,RS,13,146,452,BAS,PANB,"RAKOCEVIC, IGOR",FTM,Free Throw In,1,-1,-1, ,,,,38,03:00,63,58,
2007,RS,13,146,461,CSK,PBEB,"LANGDON, TRAJAN",3FGA,Missed Three Pointer,0,-525,510,J,,,,39,02:00,63,58,
2007,RS,13,146,463,CSK,PAQO,"HOLDEN, JON ROBERT",3FGM,Three Pointer,3,-494,425,F,,,,39,02:00,66,58,
2007,RS,13,146,464,BAS,PAFP,"PLANINIC, ZORAN",2FGA,Missed Two Pointer,0,256,174,B,,,,39,02:00,66,58,
2007,RS,13,146,467,BAS,PJTT,"MCDONALD, WILL",2FGM,Two Pointer,2,-51,12,D,,,,40,01:00,66,60,
2007,RS,13,146,472,BAS,PANB,"RAKOCEVIC, IGOR",2FGM,Two Pointer,2,64,20,C,,,,40,01:00,66,62,
2007,RS,13,146,479,CSK,PJMM,"SISKAUSKAS, RAMUNAS",FTM,Free Throw In,1,-1,-1, ,,,,40,01:00,67,62,
2007,RS,13,146,480,CSK,PJMM,"SISKAUSKAS, RAMUNAS",FTM,Free Throw In,1,-1,-1, ,,,,40,01:00,68,62,
2007,RS,13,146,481,BAS,PCBX,"PRIGIONI, PABLO",3FGA,Missed Three Pointer,0,630,269,A,,,,40,01:00,68,62,
2007,RS,13,146,487,CSK,PATW,"PAPALOUKAS, THEODOROS",FTM,Free Throw In,1,-1,-1, ,,,,40,01:00,69,62,
2007,RS,13,146,488,CSK,PATW,"PAPALOUKAS, THEODOROS",FTM,Free Throw In,1,-1,-1, ,,,,40,01:00,70,62,
2007,RS,13,147,2,VIR,PTGO,"CROSARIOL, ANDREA",2FGA,Missed Two Pointer,0,-74,64,D,,,,1,10:00,0,0,
2007,RS,13,147,9,LJU,PBPV,"GORENC, BORIS",2FGM,Two Pointer,2,-489,2,E,,,,2,09:00,2,0,
2007,RS,13,147,14,VIR,P000672,"MC GRATH, DONALD",3FGA,Missed Three Pointer,0,289,661,G,,,,2,09:00,2,0,
2007,RS,13,147,20,LJU,PAPY,"HUKIC, JASMIN",2FGA,Missed Two Pointer,0,-30,115,D,,,,2,09:00,2,0,
2007,RS,13,147,22,VIR,PBXA,"GIOVANNONI, GUILHERME",2FGA,Missed Two Pointer,0,-128,382,D,,,,2,09:00,2,0,
2007,RS,13,147,30,VIR,PTGO,"CROSARIOL, ANDREA",FTM,Free Throw In,1,-1,-1, ,,,,3,08:00,2,1,
2007,RS,13,147,33,VIR,PTGQ,"DI BELLA, FABIO",2FGM,Two Pointer,2,-33,43,D,,,,3,08:00,2,3,
2007,RS,13,147,35,LJU,PAIV,"MILIC, MARKO",2FGM,Two Pointer,2,53,58,C,,,,4,07:00,4,3,
2007,RS,13,147,38,VIR,PTGM,"SPENCER, DEWARICK",3FGA,Missed Three Pointer,0,-658,235,F,,,,4,07:00,4,3,
2007,RS,13,147,43,VIR,PTGQ,"DI BELLA, FABIO",3FGA,Missed Three Pointer,0,-100,692,J,,,,5,06:00,4,3,
2007,RS,13,147,45,LJU,PTHB,"DRAGIC, GORAN",2FGM,Two Pointer,2,97,84,C,,,,5,06:00,6,3,
2007,RS,13,147,46,VIR,PTGO,"CROSARIOL, ANDREA",2FGAB,Missed Two Pointer,0,-112,153,D,,,,5,06:00,6,3,
2007,RS,13,147,50,VIR,PTGQ,"DI BELLA, FABIO",2FGM,Two Pointer,2,51,246,C,,,,5,06:00,6,5,
2007,RS,13,147,54,LJU,PTHB,"DRAGIC, GORAN",2FGM,Two Pointer,2,76,41,C,,,,6,05:00,8,5,
2007,RS,13,147,55,VIR,PTGM,"SPENCER, DEWARICK",3FGM,Three Pointer,3,448,512,G,,,,6,05:00,8,8,
2007,RS,13,147,61,VIR,PBEW,"CHIACIG, ROBERTO",2FGAB,Missed Two Pointer,0,-43,2,D,,,,7,04:00,8,8,
2007,RS,13,147,69,LJU,PAIV,"MILIC, MARKO",2FGM,Two Pointer,2,-325,76,E,,,,7,04:00,10,8,
2007,RS,13,147,72,VIR,PBEW,"CHIACIG, ROBERTO",FTM,Free Throw In,1,-1,-1, ,,,,7,04:00,10,9,
2007,RS,13,147,73,VIR,PBEW,"CHIACIG, ROBERTO",FTM,Free Throw In,1,-1,-1, ,,,,7,04:00,10,10,
2007,RS,13,147,77,LJU,PJBJ,"BEGIC, MIRZA",FTM,Free Throw In,1,-1,-1, ,,,,8,03:00,11,10,
2007,RS,13,147,78,LJU,PJBJ,"BEGIC, MIRZA",FTM,Free Throw In,1,-1,-1, ,,,,8,03:00,12,10,
2007,RS,13,147,84,LJU,PAPY,"HUKIC, JASMIN",3FGA,Missed Three Pointer,0,-558,430,J,,,,8,03:00,12,10,
2007,RS,13,147,88,LJU,PJBJ,"BEGIC, MIRZA",2FGM,Two Pointer,2,-15,23,D,,,,8,03:00,14,10,
2007,RS,13,147,90,VIR,P000672,"MC GRATH, DONALD",3FGA,Missed Three Pointer,0,-158,700,J,,,,9,02:00,14,10,
2007,RS,13,147,94,LJU,PJBJ,"BEGIC, MIRZA",2FGA,Missed Two Pointer,0,89,84,C,,,,9,02:00,14,10,
2007,RS,13,147,100,VIR,PLHB,"GARRI, LUCA",3FGA,Missed Three Pointer,0,369,638,G,,,,9,02:00,14,10,
2007,RS,13,147,103,LJU,PAPY,"HUKIC, JASMIN",3FGM,Three Pointer,3,-661,200,F,,,,9,02:00,17,10,
2007,RS,13,147,105,VIR,PTGM,"SPENCER, DEWARICK",2FGAB,Missed Two Pointer,0,-69,102,D,,,,10,01:00,17,10,
2007,RS,13,147,112,VIR,PBEW,"CHIACIG, ROBERTO",FTM,Free Throw In,1,-1,-1, ,,,,10,01:00,17,11,
2007,RS,13,147,115,VIR,PBEW,"CHIACIG, ROBERTO",2FGA,Missed Two Pointer,0,-38,74,D,,,,10,01:00,17,11,
2007,RS,13,147,117,VIR,PLHB,"GARRI, LUCA",2FGM,Two Pointer,2,17,102,C,,,,10,01:00,17,13,
2007,RS,13,147,118,LJU,PTHB,"DRAGIC, GORAN",2FGA,Missed Two Pointer,0,323,128,B,,,,10,01:00,17,13,
2007,RS,13,147,120,LJU,PAIV,"MILIC, MARKO",2FGM,Two Pointer,2,-46,12,D,,,,10,01:00,19,13,
2007,RS,13,147,125,LJU,PBPV,"GORENC, BORIS",3FGA,Missed Three Pointer,0,700,53,A,,,,11,10:00,19,13,
2007,RS,13,147,127,VIR,PTGM,"SPENCER, DEWARICK",3FGA,Missed Three Pointer,0,171,871,G,,,,11,10:00,19,13,
2007,RS,13,147,129,VIR,PTGM,"SPENCER, DEWARICK",2FGA,Missed Two Pointer,0,-141,56,D,,,,11,10:00,19,13,
2007,RS,13,147,131,LJU,PAIV,"MILIC, MARKO",2FGA,Missed Two Pointer,0,-23,97,D,,,,11,10:00,19,13,
2007,RS,13,147,137,LJU,PAPY,"HUKIC, JASMIN",2FGM,Two Pointer,2,-92,79,D,,,,12,09:00,21,13,
2007,RS,13,147,140,VIR,PTGM,"SPENCER, DEWARICK",2FGA,Missed Two Pointer,0,-128,456,I,,,,12,09:00,21,13,
2007,RS,13,147,155,LJU,PBPV,"GORENC, BORIS",2FGA,Missed Two Pointer,0,61,148,C,,,,13,08:00,21,13,
2007,RS,13,147,157,VIR,PTGZ,"LESTINI, FEDERICO",2FGM,Two Pointer,2,0,-2,D,,,,13,08:00,21,15,
2007,RS,13,147,159,LJU,PAIV,"MILIC, MARKO",2FGM,Two Pointer,2,12,151,C,,,,14,07:00,23,15,
2007,RS,13,147,160,VIR,PTGZ,"LESTINI, FEDERICO",3FGA,Missed Three Pointer,0,697,23,A,,,,14,07:00,23,15,
2007,RS,13,147,167,LJU,PAPY,"HUKIC, JASMIN",3FGM,Three Pointer,3,523,497,G,,,,14,07:00,26,15,
2007,RS,13,147,170,VIR,PTGZ,"LESTINI, FEDERICO",3FGM,Three Pointer,3,-548,500,J,,,,15,06:00,26,18,
2007,RS,13,147,176,VIR,PBXA,"GIOVANNONI, GUILHERME",2FGA,Missed Two Pointer,0,-351,110,E,,,,15,06:00,26,18,
2007,RS,13,147,181,LJU,PTHB,"DRAGIC, GORAN",FTM,Free Throw In,1,-1,-1, ,,,,15,06:00,27,18,
2007,RS,13,147,188,LJU,PAPY,"HUKIC, JASMIN",2FGM,Two Pointer,2,-102,84,D,,,,16,05:00,29,18,
2007,RS,13,147,192,VIR,PJNX,"MICHELORI, ANDREA",2FGM,Two Pointer,2,33,89,C,,,,16,05:00,29,20,
2007,RS,13,147,194,LJU,PTGK,"BAILEY, MAURICE",2FGM,Two Pointer,2,-430,261,E,,,,17,04:00,31,20,
2007,RS,13,147,198,VIR,PBXA,"GIOVANNONI, GUILHERME",FTM,Free Throw In,1,-1,-1, ,,,,17,04:00,31,21,
2007,RS,13,147,200,LJU,PAPY,"HUKIC, JASMIN",3FGM,Three Pointer,3,656,251,A,,,,17,04:00,34,21,
2007,RS,13,147,201,VIR,PJNX,"MICHELORI, ANDREA",2FGM,Two Pointer,2,15,94,C,,,,17,04:00,34,23,
2007,RS,13,147,202,LJU,PTGK,"BAILEY, MAURICE",3FGA,Missed Three Pointer,0,-676,87,F,,,,17,04:00,34,23,
2007,RS,13,147,210,LJU,PAIV,"MILIC, MARKO",2FGM,Two Pointer,2,107,125,C,,,,17,04:00,36,23,
2007,RS,13,147,211,VIR,PTGM,"SPENCER, DEWARICK",3FGM,Three Pointer,3,28,684,G,,,,17,04:00,36,26,
2007,RS,13,147,213,LJU,PAIV,"MILIC, MARKO",2FGA,Missed Two Pointer,0,-35,82,D,,,,18,03:00,36,26,
2007,RS,13,147,215,LJU,PTGK,"BAILEY, MAURICE",2FGM,Two Pointer,2,10,43,C,,,,18,03:00,38,26,
2007,RS,13,147,224,LJU,PTGK,"BAILEY, MAURICE",FTM,Free Throw In,1,-1,-1, ,,,,19,02:00,39,26,
2007,RS,13,147,225,LJU,PTGK,"BAILEY, MAURICE",FTM,Free Throw In,1,-1,-1, ,,,,19,02:00,40,26,
2007,RS,13,147,227,LJU,PAIV,"MILIC, MARKO",2FGA,Missed Two Pointer,0,46,79,C,,,,19,02:00,40,26,
2007,RS,13,147,234,LJU,PAIV,"MILIC, MARKO",FTM,Free Throw In,1,-1,-1, ,,,,19,02:00,41,26,
2007,RS,13,147,237,VIR,PBXA,"GIOVANNONI, GUILHERME",2FGM,Two Pointer,2,-51,30,D,,,,20,01:00,41,28,
2007,RS,13,147,242,VIR,PBXA,"GIOVANNONI, GUILHERME",FTM,Free Throw In,1,-1,-1, ,,,,20,01:00,41,29,
2007,RS,13,147,243,LJU,PAIV,"MILIC, MARKO",2FGM,Two Pointer,2,-89,74,D,,,,20,01:00,43,29,
2007,RS,13,147,244,VIR,PTGM,"SPENCER, DEWARICK",2FGA,Missed Two Pointer,0,328,105,B,,,,20,01:00,43,29,
2007,RS,13,147,248,VIR,PTGZ,"LESTINI, FEDERICO",3FGM,Three Pointer,3,-589,489,J,,,,20,01:00,43,32,
2007,RS,13,147,261,VIR,PTGO,"CROSARIOL, ANDREA",2FGA,Missed Two Pointer,0,53,102,C,,,,21,10:00,43,32,
2007,RS,13,147,263,LJU,PAIV,"MILIC, MARKO",2FGA,Missed Two Pointer,0,-82,94,D,,,,21,10:00,43,32,
2007,RS,13,147,265,VIR,PTGQ,"DI BELLA, FABIO",2FGAB,Missed Two Pointer,0,143,189,C,,,,21,10:00,43,32,
2007,RS,13,147,270,LJU,PBPV,"GORENC, BORIS",2FGM,Two Pointer,2,-92,53,D,,,,21,10:00,45,32,
2007,RS,13,147,272,VIR,PBXA,"GIOVANNONI, GUILHERME",2FGA,Missed Two Pointer,0,-274,2,E,,,,22,09:00,45,32,
2007,RS,13,147,280,LJU,PJBJ,"BEGIC, MIRZA",2FGM,Two Pointer,2,46,64,C,,,,22,09:00,47,32,
2007,RS,13,147,282,VIR,P000672,"MC GRATH, DONALD",3FGM,Three Pointer,3,-520,443,J,,,,23,08:00,47,35,
2007,RS,13,147,283,LJU,PAIV,"MILIC, MARKO",2FGM,Two Pointer,2,69,38,C,,,,23,08:00,49,35,
2007,RS,13,147,290,VIR,PTGQ,"DI BELLA, FABIO",2FGA,Missed Two Pointer,0,41,123,C,,,,24,07:00,49,35,
2007,RS,13,147,296,VIR,PTGM,"SPENCER, DEWARICK",2FGM,Two Pointer,2,71,46,C,,,,24,07:00,49,37,
2007,RS,13,147,297,LJU,PAIV,"MILIC, MARKO",2FGA,Missed Two Pointer,0,-2,17,D,,,,24,07:00,49,37,
2007,RS,13,147,300,VIR,P000672,"MC GRATH, DONALD",3FGM,Three Pointer,3,-389,587,J,,,,25,06:00,49,40,
2007,RS,13,147,306,LJU,PAPY,"HUKIC, JASMIN",2FGM,Two Pointer,2,-64,35,D,,,,25,06:00,51,40,
2007,RS,13,147,307,VIR,PBXA,"GIOVANNONI, GUILHERME",2FGM,Two Pointer,2,-64,297,D,,,,25,06:00,51,42,
2007,RS,13,147,313,LJU,PAIV,"MILIC, MARKO",FTM,Free Throw In,1,-1,-1, ,,,,26,05:00,52,42,
2007,RS,13,147,318,LJU,PAPY,"HUKIC, JASMIN",3FGA,Missed Three Pointer,0,-546,469,J,,,,26,05:00,52,42,
2007,RS,13,147,320,VIR,P000672,"MC GRATH, DONALD",3FGA,Missed Three Pointer,0,-658,115,F,,,,26,05:00,52,42,
2007,RS,13,147,329,LJU,P000184,"BOOKER, CHRIS",2FGM,Two Pointer,2,-64,69,D,,,,26,05:00,54,42,
2007,RS,13,147,330,VIR,PTGM,"SPENCER, DEWARICK",2FGA,Missed Two Pointer,0,94,28,C,,,,26,05:00,54,42,
2007,RS,13,147,336,VIR,PTGM,"SPENCER, DEWARICK",3FGM,Three Pointer,3,115,684,G,,,,27,04:00,54,45,
2007,RS,13,147,337,LJU,PAIV,"MILIC, MARKO",2FGA,Missed Two Pointer,0,-117,61,D,,,,27,04:00,54,45,
2007,RS,13,147,342,VIR,PTGQ,"DI BELLA, FABIO",3FGA,Missed Three Pointer,0,323,594,G,,,,28,03:00,54,45,
2007,RS,13,147,350,VIR,PBEW,"CHIACIG, ROBERTO",2FGM,Two Pointer,2,58,5,C,,,,28,03:00,54,47,
2007,RS,13,147,351,LJU,PAPY,"HUKIC, JASMIN",3FGA,Missed Three Pointer,0,64,700,G,,,,28,03:00,54,47,
2007,RS,13,147,353,VIR,PBXA,"GIOVANNONI, GUILHERME",2FGA,Missed Two Pointer,0,46,38,C,,,,28,03:00,54,47,
2007,RS,13,147,355,LJU,PAIV,"MILIC, MARKO",2FGM,Two Pointer,2,-2,-2,D,,,,28,03:00,56,47,
2007,RS,13,147,358,VIR,PBXA,"GIOVANNONI, GUILHERME",2FGA,Missed Two Pointer,0,-325,10,E,,,,29,02:00,56,47,
2007,RS,13,147,363,LJU,PTHB,"DRAGIC, GORAN",2FGA,Missed Two Pointer,0,-10,297,D,,,,29,02:00,56,47,
2007,RS,13,147,365,LJU,PAIV,"MILIC, MARKO",2FGM,Two Pointer,2,-48,17,D,,,,29,02:00,58,47,
2007,RS,13,147,369,VIR,PBXA,"GIOVANNONI, GUILHERME",3FGA,Missed Three Pointer,0,589,374,A,,,,30,01:00,58,47,
2007,RS,13,147,370,VIR,PJNX,"MICHELORI, ANDREA",2FGA,Missed Two Pointer,0,338,20,B,,,,30,01:00,58,47,
2007,RS,13,147,372,LJU,PBPV,"GORENC, BORIS",3FGAB,Missed Three Pointer,0,594,361,A,,,,30,01:00,58,47,
2007,RS,13,147,383,VIR,PLHB,"GARRI, LUCA",2FGA,Missed Two Pointer,0,10,423,C,,,,31,10:00,58,47,
2007,RS,13,147,385,LJU,P000184,"BOOKER, CHRIS",3FGA,Missed Three Pointer,0,676,0,A,,,,31,10:00,58,47,
2007,RS,13,147,389,VIR,PBXA,"GIOVANNONI, GUILHERME",FTM,Free Throw In,1,-1,-1, ,,,,32,09:00,58,48,
2007,RS,13,147,390,VIR,PBXA,"GIOVANNONI, GUILHERME",FTM,Free Throw In,1,-1,-1, ,,,,32,09:00,58,49,
2007,RS,13,147,391,LJU,P000184,"BOOKER, CHRIS",2FGM,Two Pointer,2,-341,51,E,,,,32,09:00,60,49,
2007,RS,13,147,395,VIR,PTGM,"SPENCER, DEWARICK",2FGM,Two Pointer,2,38,51,C,,,,32,09:00,60,51,
2007,RS,13,147,401,LJU,PTGI,"DONCIC, SASA",3FGA,Missed Three Pointer,0,161,661,G,,,,33,08:00,60,51,
2007,RS,13,147,406,LJU,PJYE,"RIZVIC, HASAN",2FGM,Two Pointer,2,-17,23,D,,,,34,07:00,62,51,
2007,RS,13,147,409,LJU,PJYE,"RIZVIC, HASAN",FTM,Free Throw In,1,-1,-1, ,,,,34,07:00,63,51,
2007,RS,13,147,412,VIR,PJNX,"MICHELORI, ANDREA",2FGM,Two Pointer,2,-53,25,D,,,,34,07:00,63,53,
2007,RS,13,147,416,VIR,PTGM,"SPENCER, DEWARICK",3FGA,Missed Three Pointer,0,-682,284,F,,,,34,07:00,63,53,
2007,RS,13,147,419,VIR,PTGM,"SPENCER, DEWARICK",2FGA,Missed Two Pointer,0,5,69,C,,,,35,06:00,63,53,
2007,RS,13,147,421,LJU,PTHB,"DRAGIC, GORAN",2FGM,Two Pointer,2,7,56,C,,,,35,06:00,65,53,
2007,RS,13,147,429,LJU,PTHB,"DRAGIC, GORAN",FTM,Free Throw In,1,-1,-1, ,,,,35,06:00,66,53,
2007,RS,13,147,430,VIR,PLHB,"GARRI, LUCA",3FGA,Missed Three Pointer,0,528,558,G,,,,35,06:00,66,53,
2007,RS,13,147,434,VIR,PJNX,"MICHELORI, ANDREA",2FGAB,Missed Two Pointer,0,123,284,C,,,,36,05:00,66,53,
2007,RS,13,147,437,LJU,PTGI,"DONCIC, SASA",3FGA,Missed Three Pointer,0,-610,335,F,,,,36,05:00,66,53,
2007,RS,13,147,442,VIR,P000672,"MC GRATH, DONALD",FTM,Free Throw In,1,-1,-1, ,,,,36,05:00,66,54,
2007,RS,13,147,443,VIR,P000672,"MC GRATH, DONALD",FTM,Free Throw In,1,-1,-1, ,,,,36,05:00,66,55,
2007,RS,13,147,444,LJU,PJYE,"RIZVIC, HASAN",2FGA,Missed Two Pointer,0,-410,17,E,,,,36,05:00,66,55,
2007,RS,13,147,446,LJU,P000184,"BOOKER, CHRIS",2FGA,Missed Two Pointer,0,-141,53,D,,,,36,05:00,66,55,
2007,RS,13,147,449,VIR,P000672,"MC GRATH, DONALD",3FGA,Missed Three Pointer,0,56,682,G,,,,37,04:00,66,55,
2007,RS,13,147,451,LJU,PTHB,"DRAGIC, GORAN",2FGM,Two Pointer,2,-48,38,D,,,,37,04:00,68,55,
2007,RS,13,147,452,VIR,PTGM,"SPENCER, DEWARICK",2FGAB,Missed Two Pointer,0,69,43,C,,,,37,04:00,68,55,
2007,RS,13,147,461,VIR,PJNX,"MICHELORI, ANDREA",FTM,Free Throw In,1,-1,-1, ,,,,37,04:00,68,56,
2007,RS,13,147,462,LJU,PTGK,"BAILEY, MAURICE",2FGM,Two Pointer,2,-33,58,D,,,,37,04:00,70,56,
2007,RS,13,147,466,LJU,PTGK,"BAILEY, MAURICE",3FGM,Three Pointer,3,-635,271,F,,,,38,03:00,73,56,
2007,RS,13,147,467,VIR,PTGZ,"LESTINI, FEDERICO",3FGA,Missed Three Pointer,0,623,353,A,,,,38,03:00,73,56,
2007,RS,13,147,469,VIR,PTGM,"SPENCER, DEWARICK",2FGA,Missed Two Pointer,0,89,51,C,,,,38,03:00,73,56,
2007,RS,13,147,474,VIR,PTGM,"SPENCER, DEWARICK",FTM,Free Throw In,1,-1,-1, ,,,,38,03:00,73,57,
2007,RS,13,147,475,LJU,PTHB,"DRAGIC, GORAN",3FGA,Missed Three Pointer,0,666,120,A,,,,38,03:00,73,57,
2007,RS,13,147,482,VIR,PLHB,"GARRI, LUCA",FTM,Free Throw In,1,-1,-1, ,,,,39,02:00,73,58,
2007,RS,13,147,483,VIR,PLHB,"GARRI, LUCA",FTM,Free Throw In,1,-1,-1, ,,,,39,02:00,73,59,
2007,RS,13,147,484,LJU,PTGK,"BAILEY, MAURICE",3FGA,Missed Three Pointer,0,538,525,G,,,,39,02:00,73,59,
2007,RS,13,147,489,VIR,PTGZ,"LESTINI, FEDERICO",2FGA,Missed Two Pointer,0,92,2,C,,,,40,01:00,73,59,
2007,RS,13,147,491,LJU,P000184,"BOOKER, CHRIS",2FGA,Missed Two Pointer,0,-53,69,D,,,,40,01:00,73,59,
2007,RS,13,147,498,VIR,PLHB,"GARRI, LUCA",FTM,Free Throw In,1,-1,-1, ,,,,40,01:00,73,60,
2007,RS,13,147,505,LJU,PTGK,"BAILEY, MAURICE",FTM,Free Throw In,1,-1,-1, ,,,,40,01:00,74,60,
2007,RS,13,147,506,LJU,PTGK,"BAILEY, MAURICE",FTM,Free Throw In,1,-1,-1, ,,,,40,01:00,75,60,
2007,RS,13,147,507,VIR,PJNX,"MICHELORI, ANDREA",2FGAB,Missed Two Pointer,0,61,23,C,,,,40,01:00,75,60,
2007,RS,13,147,511,VIR,PJNX,"MICHELORI, ANDREA",2FGA,Missed Two Pointer,0,-346,28,E,,,,40,01:00,75,60,
2007,RS,13,148,3,SIE,PCCA,"THORNTON, BOOTSY",2FGM,Two Pointer,2,176,69,C,,,,1,10:00,2,0,
2007,RS,13,148,6,SIE,PCQO,"EZE, BENJAMIN",2FGA,Missed Two Pointer,0,-328,74,E,,,,1,10:00,2,0,
2007,RS,13,148,8,SOP,PAUL,"STANOJEVIC, JOVO",2FGA,Missed Two Pointer,0,79,53,C,,,,1,10:00,2,0,
2007,RS,13,148,10,SIE,PLMO,"SATO, ROMAIN",3FGM,Three Pointer,3,-671,-23,F,,,,1,10:00,5,0,
2007,RS,13,148,15,SIE,PLMO,"SATO, ROMAIN",3FGM,Three Pointer,3,-671,-30,F,,,,2,09:00,8,0,
2007,RS,13,148,23,SIE,PJOC,"STONEROOK, SHAUN",3FGA,Missed Three Pointer,0,7,692,G,,,,3,08:00,8,0,
2007,RS,13,148,25,SOP,PACY,"SLANINA, DONATAS",3FGA,Missed Three Pointer,0,-494,517,J,,,,3,08:00,8,0,
2007,RS,13,148,27,SIE,PCQO,"EZE, BENJAMIN",2FGM,Two Pointer,2,-2,5,D,,,,3,08:00,10,0,
2007,RS,13,148,36,SIE,PCCA,"THORNTON, BOOTSY",FTM,Free Throw In,1,-1,-1, ,,,,4,07:00,11,0,
2007,RS,13,148,45,SIE,PCQO,"EZE, BENJAMIN",2FGM,Two Pointer,2,-2,5,D,,,,5,06:00,13,0,
2007,RS,13,148,50,SIE,PKWI,"MCINTYRE, TERRELL",2FGA,Missed Two Pointer,0,166,533,H,,,,5,06:00,13,0,
2007,RS,13,148,58,SIE,PCCA,"THORNTON, BOOTSY",3FGA,Missed Three Pointer,0,630,174,A,,,,5,06:00,13,0,
2007,RS,13,148,61,SOP,PACX,"MASIULIS, TOMAS",2FGM,Two Pointer,2,-225,289,E,,,,6,05:00,13,2,
2007,RS,13,148,65,SIE,PCCA,"THORNTON, BOOTSY",2FGA,Missed Two Pointer,0,182,25,C,,,,6,05:00,13,2,
2007,RS,13,148,70,SOP,PABC,"GUROVIC, MILAN",FTM,Free Throw In,1,-1,-1, ,,,,7,04:00,13,3,
2007,RS,13,148,73,SIE,PLMO,"SATO, ROMAIN",3FGA,Missed Three Pointer,0,-371,587,J,,,,7,04:00,13,3,
2007,RS,13,148,80,SOP,P000747,"SOW, PAPE",FTM,Free Throw In,1,-1,-1, ,,,,7,04:00,13,4,
2007,RS,13,148,81,SOP,P000747,"SOW, PAPE",FTM,Free Throw In,1,-1,-1, ,,,,7,04:00,13,5,
2007,RS,13,148,85,SOP,PABC,"GUROVIC, MILAN",2FGA,Missed Two Pointer,0,69,48,C,,,,8,03:00,13,5,
2007,RS,13,148,87,SOP,PTFZ,"ROSZYK, KRZYSZTOF",3FGA,Missed Three Pointer,0,535,469,G,,,,8,03:00,13,5,
2007,RS,13,148,89,SIE,PCCA,"THORNTON, BOOTSY",2FGM,Two Pointer,2,48,7,C,,,,8,03:00,15,5,
2007,RS,13,148,91,SOP,PTFZ,"ROSZYK, KRZYSZTOF",3FGA,Missed Three Pointer,0,420,535,G,,,,8,03:00,15,5,
2007,RS,13,148,93,SOP,PABC,"GUROVIC, MILAN",3FGM,Three Pointer,3,-66,674,J,,,,8,03:00,15,8,
2007,RS,13,148,98,SIE,PJHL,"RESS, TOMAS",2FGA,Missed Two Pointer,0,541,282,B,,,,9,02:00,15,8,
2007,RS,13,148,100,SOP,PACY,"SLANINA, DONATAS",3FGA,Missed Three Pointer,0,-423,556,J,,,,9,02:00,15,8,
2007,RS,13,148,102,SIE,PAPS,"ILIEVSKI, VLADO",2FGM,Two Pointer,2,53,7,C,,,,9,02:00,17,8,
2007,RS,13,148,104,SOP,PTFZ,"ROSZYK, KRZYSZTOF",2FGAB,Missed Two Pointer,0,-69,38,D,,,,10,01:00,17,8,
2007,RS,13,148,108,SIE,PJHL,"RESS, TOMAS",3FGM,Three Pointer,3,-189,643,J,,,,10,01:00,20,8,
2007,RS,13,148,112,SIE,PCQO,"EZE, BENJAMIN",2FGM,Two Pointer,2,-5,7,D,,,,10,01:00,22,8,
2007,RS,13,148,125,SIE,P000731,"MC LEOD, KEITH",3FGA,Missed Three Pointer,0,674,-41,A,,,,11,10:00,22,8,
2007,RS,13,148,131,SOP,PLPY,"ZAMOJSKI, PRZEMYSLAW",FTM,Free Throw In,1,-1,-1, ,,,,11,10:00,22,9,
2007,RS,13,148,133,SOP,PLPY,"ZAMOJSKI, PRZEMYSLAW",FTM,Free Throw In,1,-1,-1, ,,,,11,10:00,22,10,
2007,RS,13,148,134,SIE,PAPS,"ILIEVSKI, VLADO",2FGM,Two Pointer,2,-58,10,D,,,,11,10:00,24,10,
2007,RS,13,148,136,SOP,PCLQ,"DYLEWICZ, FILIP",3FGA,Missed Three Pointer,0,-100,684,J,,,,12,09:00,24,10,
2007,RS,13,148,138,SOP,PLPY,"ZAMOJSKI, PRZEMYSLAW",2FGM,Two Pointer,2,-2,46,D,,,,12,09:00,24,12,
2007,RS,13,148,139,SIE,P000731,"MC LEOD, KEITH",2FGM,Two Pointer,2,335,500,H,,,,12,09:00,26,12,
2007,RS,13,148,143,SIE,PLMO,"SATO, ROMAIN",3FGM,Three Pointer,3,-579,346,F,,,,13,08:00,29,12,
2007,RS,13,148,149,SOP,P000747,"SOW, PAPE",2FGM,Two Pointer,2,0,0,D,,,,14,07:00,29,14,
2007,RS,13,148,154,SIE,PLMK,"CARRARETTO, MARCO",3FGA,Missed Three Pointer,0,-353,630,J,,,,14,07:00,29,14,
2007,RS,13,148,172,SOP,P000747,"SOW, PAPE",FTM,Free Throw In,1,-1,-1, ,,,,15,06:00,29,15,
2007,RS,13,148,179,SIE,PAPS,"ILIEVSKI, VLADO",3FGM,Three Pointer,3,646,120,A,,,,15,06:00,32,15,
2007,RS,13,148,183,SOP,P000747,"SOW, PAPE",FTM,Free Throw In,1,-1,-1, ,,,,16,05:00,32,16,
2007,RS,13,148,186,SIE,PLMK,"CARRARETTO, MARCO",3FGM,Three Pointer,3,592,335,A,,,,16,05:00,35,16,
2007,RS,13,148,189,SOP,PLPY,"ZAMOJSKI, PRZEMYSLAW",2FGA,Missed Two Pointer,0,-112,33,D,,,,17,04:00,35,16,
2007,RS,13,148,191,SOP,P000747,"SOW, PAPE",2FGM,Two Pointer,2,30,5,C,,,,17,04:00,35,18,
2007,RS,13,148,192,SIE,PBLH,"LAVRINOVIC, KSISTOF",3FGM,Three Pointer,3,543,415,A,,,,17,04:00,38,18,
2007,RS,13,148,207,SOP,PACX,"MASIULIS, TOMAS",FTM,Free Throw In,1,-1,-1, ,,,,17,04:00,38,19,
2007,RS,13,148,208,SIE,PLMK,"CARRARETTO, MARCO",3FGA,Missed Three Pointer,0,-356,592,J,,,,17,04:00,38,19,
2007,RS,13,148,211,SOP,PABC,"GUROVIC, MILAN",3FGA,Missed Three Pointer,0,-684,92,F,,,,18,03:00,38,19,
2007,RS,13,148,213,SIE,PBLH,"LAVRINOVIC, KSISTOF",3FGA,Missed Three Pointer,0,510,471,G,,,,18,03:00,38,19,
2007,RS,13,148,216,SIE,PKWI,"MCINTYRE, TERRELL",2FGM,Two Pointer,2,38,10,C,,,,18,03:00,40,19,
2007,RS,13,148,218,SOP,PABC,"GUROVIC, MILAN",3FGA,Missed Three Pointer,0,505,502,G,,,,18,03:00,40,19,
2007,RS,13,148,225,SOP,PLDX,"WACZYNSKI, ADAM",2FGM,Two Pointer,2,35,141,C,,,,19,02:00,40,21,
2007,RS,13,148,226,SIE,PKWI,"MCINTYRE, TERRELL",2FGA,Missed Two Pointer,0,2,64,D,,,,19,02:00,40,21,
2007,RS,13,148,230,SOP,PABC,"GUROVIC, MILAN",FTM,Free Throw In,1,-1,-1, ,,,,19,02:00,40,22,
2007,RS,13,148,231,SOP,PABC,"GUROVIC, MILAN",FTM,Free Throw In,1,-1,-1, ,,,,19,02:00,40,23,
2007,RS,13,148,232,SIE,P000731,"MC LEOD, KEITH",3FGM,Three Pointer,3,658,-46,A,,,,19,02:00,43,23,
2007,RS,13,148,234,SOP,PCLQ,"DYLEWICZ, FILIP",2FGA,Missed Two Pointer,0,-384,379,E,,,,20,01:00,43,23,
2007,RS,13,148,248,SIE,PCCA,"THORNTON, BOOTSY",FTM,Free Throw In,1,-1,-1, ,,,,21,10:00,44,23,
2007,RS,13,148,249,SIE,PCCA,"THORNTON, BOOTSY",FTM,Free Throw In,1,-1,-1, ,,,,21,10:00,45,23,
2007,RS,13,148,250,SOP,PABC,"GUROVIC, MILAN",2FGM,Two Pointer,2,-82,20,D,,,,21,10:00,45,25,
2007,RS,13,148,259,SOP,PABC,"GUROVIC, MILAN",2FGA,Missed Two Pointer,0,417,261,B,,,,22,09:00,45,25,
2007,RS,13,148,261,SIE,PCCA,"THORNTON, BOOTSY",2FGM,Two Pointer,2,33,171,C,,,,22,09:00,47,25,
2007,RS,13,148,262,SOP,P000713,"MILICIC, IGOR",3FGA,Missed Three Pointer,0,-502,507,J,,,,22,09:00,47,25,
2007,RS,13,148,264,SIE,PCQO,"EZE, BENJAMIN",2FGM,Two Pointer,2,261,46,B,,,,22,09:00,49,25,
2007,RS,13,148,268,SOP,PCLQ,"DYLEWICZ, FILIP",FTM,Free Throw In,1,-1,-1, ,,,,23,08:00,49,26,
2007,RS,13,148,271,SIE,PJOC,"STONEROOK, SHAUN",3FGM,Three Pointer,3,-102,707,J,,,,23,08:00,52,26,
2007,RS,13,148,273,SOP,PTFZ,"ROSZYK, KRZYSZTOF",3FGA,Missed Three Pointer,0,-664,397,F,,,,23,08:00,52,26,
2007,RS,13,148,276,SIE,PCCA,"THORNTON, BOOTSY",2FGM,Two Pointer,2,356,61,B,,,,24,07:00,54,26,
2007,RS,13,148,285,SIE,PCCA,"THORNTON, BOOTSY",3FGA,Missed Three Pointer,0,679,0,A,,,,24,07:00,54,26,
2007,RS,13,148,291,SOP,PABC,"GUROVIC, MILAN",3FGA,Missed Three Pointer,0,623,343,A,,,,24,07:00,54,26,
2007,RS,13,148,293,SOP,PABC,"GUROVIC, MILAN",2FGM,Two Pointer,2,-12,64,D,,,,24,07:00,54,28,
2007,RS,13,148,294,SIE,PCCA,"THORNTON, BOOTSY",2FGAB,Missed Two Pointer,0,58,130,C,,,,24,07:00,54,28,
2007,RS,13,148,300,SOP,P000747,"SOW, PAPE",2FGA,Missed Two Pointer,0,-117,82,D,,,,24,07:00,54,28,
2007,RS,13,148,304,SIE,PJHL,"RESS, TOMAS",2FGA,Missed Two Pointer,0,-128,405,D,,,,24,07:00,54,28,
2007,RS,13,148,306,SIE,P000731,"MC LEOD, KEITH",3FGA,Missed Three Pointer,0,530,556,G,,,,24,07:00,54,28,
2007,RS,13,148,308,SOP,PAUL,"STANOJEVIC, JOVO",2FGA,Missed Two Pointer,0,12,328,C,,,,24,07:00,54,28,
2007,RS,13,148,312,SIE,PJHL,"RESS, TOMAS",2FGA,Missed Two Pointer,0,110,494,H,,,,24,07:00,54,28,
2007,RS,13,148,316,SOP,PABC,"GUROVIC, MILAN",2FGM,Two Pointer,2,-89,48,D,,,,26,05:00,54,30,
2007,RS,13,148,318,SIE,PKWI,"MCINTYRE, TERRELL",3FGA,Missed Three Pointer,0,525,494,G,,,,27,04:00,54,30,
2007,RS,13,148,320,SOP,PACY,"SLANINA, DONATAS",2FGA,Missed Two Pointer,0,-76,15,D,,,,27,04:00,54,30,
2007,RS,13,148,322,SOP,PABC,"GUROVIC, MILAN",2FGM,Two Pointer,2,30,79,C,,,,27,04:00,54,32,
2007,RS,13,148,326,SIE,PLMK,"CARRARETTO, MARCO",2FGM,Two Pointer,2,-228,353,E,,,,27,04:00,56,32,
2007,RS,13,148,327,SOP,P000747,"SOW, PAPE",2FGM,Two Pointer,2,-361,-30,E,,,,27,04:00,56,34,
2007,RS,13,148,329,SIE,PLMK,"CARRARETTO, MARCO",3FGA,Missed Three Pointer,0,-697,84,F,,,,28,03:00,56,34,
2007,RS,13,148,333,SOP,PACY,"SLANINA, DONATAS",FTM,Free Throw In,1,-1,-1, ,,,,28,03:00,56,35,
2007,RS,13,148,334,SOP,PACY,"SLANINA, DONATAS",FTM,Free Throw In,1,-1,-1, ,,,,28,03:00,56,36,
2007,RS,13,148,335,SIE,PKWI,"MCINTYRE, TERRELL",3FGM,Three Pointer,3,-417,579,J,,,,28,03:00,59,36,
2007,RS,13,148,338,SOP,PAUL,"STANOJEVIC, JOVO",2FGM,Two Pointer,2,-33,143,D,,,,29,02:00,59,38,
2007,RS,13,148,340,SIE,PCQO,"EZE, BENJAMIN",2FGM,Two Pointer,2,2,0,D,,,,29,02:00,61,38,
2007,RS,13,148,348,SIE,PLMK,"CARRARETTO, MARCO",3FGA,Missed Three Pointer,0,671,82,A,,,,29,02:00,61,38,
2007,RS,13,148,351,SOP,PAUL,"STANOJEVIC, JOVO",2FGM,Two Pointer,2,64,115,C,,,,30,01:00,61,40,
2007,RS,13,148,353,SIE,PJHL,"RESS, TOMAS",2FGM,Two Pointer,2,-192,225,D,,,,30,01:00,63,40,
2007,RS,13,148,360,SOP,PTFZ,"ROSZYK, KRZYSZTOF",3FGM,Three Pointer,3,-687,46,F,,,,31,10:00,63,43,
2007,RS,13,148,370,SIE,PBLH,"LAVRINOVIC, KSISTOF",2FGM,Two Pointer,2,76,46,C,,,,31,10:00,65,43,
2007,RS,13,148,373,SOP,PAUL,"STANOJEVIC, JOVO",2FGA,Missed Two Pointer,0,-25,84,D,,,,32,09:00,65,43,
2007,RS,13,148,375,SOP,PAUL,"STANOJEVIC, JOVO",2FGM,Two Pointer,2,-43,87,D,,,,32,09:00,65,45,
2007,RS,13,148,380,SIE,PBLH,"LAVRINOVIC, KSISTOF",3FGM,Three Pointer,3,-148,723,J,,,,32,09:00,68,45,
2007,RS,13,148,384,SOP,PACY,"SLANINA, DONATAS",2FGA,Missed Two Pointer,0,138,79,C,,,,32,09:00,68,45,
2007,RS,13,148,387,SOP,P000747,"SOW, PAPE",2FGA,Missed Two Pointer,0,5,120,C,,,,32,09:00,68,45,
2007,RS,13,148,389,SIE,PAPS,"ILIEVSKI, VLADO",2FGM,Two Pointer,2,-30,153,D,,,,33,08:00,70,45,
2007,RS,13,148,391,SOP,PAUL,"STANOJEVIC, JOVO",2FGM,Two Pointer,2,153,43,C,,,,33,08:00,70,47,
2007,RS,13,148,392,SIE,PLMO,"SATO, ROMAIN",2FGM,Two Pointer,2,46,276,C,,,,33,08:00,72,47,
2007,RS,13,148,406,SIE,PLMO,"SATO, ROMAIN",2FGM,Two Pointer,2,353,43,B,,,,34,07:00,74,47,
2007,RS,13,148,411,SIE,P000731,"MC LEOD, KEITH",3FGA,Missed Three Pointer,0,492,576,G,,,,34,07:00,74,47,
2007,RS,13,148,414,SIE,PBLH,"LAVRINOVIC, KSISTOF",2FGA,Missed Two Pointer,0,-551,105,E,,,,35,06:00,74,47,
2007,RS,13,148,417,SOP,PABC,"GUROVIC, MILAN",2FGM,Two Pointer,2,-412,12,E,,,,35,06:00,74,49,
2007,RS,13,148,418,SIE,PBLH,"LAVRINOVIC, KSISTOF",2FGA,Missed Two Pointer,0,189,189,C,,,,35,06:00,74,49,
2007,RS,13,148,424,SOP,PAUL,"STANOJEVIC, JOVO",FTM,Free Throw In,1,-1,-1, ,,,,35,06:00,74,50,
2007,RS,13,148,425,SOP,PAUL,"STANOJEVIC, JOVO",FTM,Free Throw In,1,-1,-1, ,,,,35,06:00,74,51,
2007,RS,13,148,431,SOP,PABC,"GUROVIC, MILAN",FTM,Free Throw In,1,-1,-1, ,,,,36,05:00,74,52,
2007,RS,13,148,432,SOP,PABC,"GUROVIC, MILAN",FTM,Free Throw In,1,-1,-1, ,,,,36,05:00,74,53,
2007,RS,13,148,435,SOP,PCLQ,"DYLEWICZ, FILIP",2FGM,Two Pointer,2,-371,-17,E,,,,36,05:00,74,55,
2007,RS,13,148,439,SIE,PJOC,"STONEROOK, SHAUN",3FGA,Missed Three Pointer,0,-58,700,J,,,,37,04:00,74,55,
2007,RS,13,148,441,SOP,PLPY,"ZAMOJSKI, PRZEMYSLAW",3FGM,Three Pointer,3,384,564,G,,,,37,04:00,74,58,
2007,RS,13,148,443,SIE,PLMO,"SATO, ROMAIN",2FGA,Missed Two Pointer,0,166,410,C,,,,37,04:00,74,58,
2007,RS,13,148,445,SIE,P000717,"ROMERO, HECTOR",2FGM,Two Pointer,2,-43,76,D,,,,37,04:00,76,58,
2007,RS,13,148,447,SOP,PACY,"SLANINA, DONATAS",3FGA,Missed Three Pointer,0,-689,-7,F,,,,38,03:00,76,58,
2007,RS,13,148,452,SIE,P000717,"ROMERO, HECTOR",FTM,Free Throw In,1,-1,-1, ,,,,38,03:00,77,58,
2007,RS,13,148,455,SIE,P000717,"ROMERO, HECTOR",2FGM,Two Pointer,2,0,69,D,,,,38,03:00,79,58,
2007,RS,13,148,456,SOP,PABC,"GUROVIC, MILAN",2FGA,Missed Two Pointer,0,-15,120,D,,,,38,03:00,79,58,
2007,RS,13,148,463,SOP,PLDX,"WACZYNSKI, ADAM",2FGM,Two Pointer,2,164,169,C,,,,38,03:00,79,60,
2007,RS,13,148,466,SIE,PAPS,"ILIEVSKI, VLADO",3FGA,Missed Three Pointer,0,-646,405,F,,,,39,02:00,79,60,
2007,RS,13,148,468,SOP,PABC,"GUROVIC, MILAN",2FGM,Two Pointer,2,-346,30,E,,,,39,02:00,79,62,
2007,RS,13,148,469,SIE,PAPS,"ILIEVSKI, VLADO",2FGM,Two Pointer,2,420,343,B,,,,39,02:00,81,62,
2007,RS,13,148,473,SOP,PLPY,"ZAMOJSKI, PRZEMYSLAW",3FGA,Missed Three Pointer,0,-651,223,F,,,,39,02:00,81,62,
2007,RS,13,148,478,SIE,PLMO,"SATO, ROMAIN",FTM,Free Throw In,1,-1,-1, ,,,,39,02:00,82,62,
2007,RS,13,148,480,SOP,PCLQ,"DYLEWICZ, FILIP",2FGM,Two Pointer,2,58,194,C,,,,40,01:00,82,64,
2007,RS,13,148,482,SIE,PLMO,"SATO, ROMAIN",2FGM,Two Pointer,2,274,215,B,,,,40,01:00,84,64,
2007,RS,13,148,483,SOP,PLDX,"WACZYNSKI, ADAM",2FGA,Missed Two Pointer,0,-361,130,E,,,,40,01:00,84,64,
2007,RS,13,148,485,SIE,P000717,"ROMERO, HECTOR",3FGM,Three Pointer,3,-74,705,J,,,,40,01:00,87,64,
2007,RS,13,149,2,ARI,PLGV,"MASSEY, JEREMIAH",2FGAB,Missed Two Pointer,0,-17,125,D,,,,1,10:00,0,0,
2007,RS,13,149,6,ARI,PLGV,"MASSEY, JEREMIAH",2FGAB,Missed Two Pointer,0,-23,115,D,,,,1,10:00,0,0,
2007,RS,13,149,9,ARI,PLGV,"MASSEY, JEREMIAH",2FGA,Missed Two Pointer,0,56,158,C,,,,1,10:00,0,0,
2007,RS,13,149,13,IST,PAWN,"GONLUM, KEREM",2FGM,Two Pointer,2,-107,48,D,,,,1,10:00,2,0,
2007,RS,13,149,20,ARI,PTEM,"WRIGHT, BRACEY",3FGA,Missed Three Pointer,0,-520,456,J,,,,1,10:00,2,0,
2007,RS,13,149,23,IST,PKSU,"WRIGHT, RASHAD",3FGA,Missed Three Pointer,0,-579,407,F,,,,2,09:00,2,0,
2007,RS,13,149,25,ARI,PLGM,"TSALDARIS, DIMITRIOS",2FGA,Missed Two Pointer,0,405,397,B,,,,2,09:00,2,0,
2007,RS,13,149,27,IST,PTFG,"WOODS, LOREN",2FGA,Missed Two Pointer,0,82,56,C,,,,2,09:00,2,0,
2007,RS,13,149,29,IST,PTFG,"WOODS, LOREN",2FGM,Two Pointer,2,7,56,C,,,,2,09:00,4,0,
2007,RS,13,149,31,ARI,PLGV,"MASSEY, JEREMIAH",3FGA,Missed Three Pointer,0,-605,279,F,,,,3,08:00,4,0,
2007,RS,13,149,33,IST,PAWN,"GONLUM, KEREM",2FGA,Missed Two Pointer,0,-307,284,E,,,,3,08:00,4,0,
2007,RS,13,149,36,ARI,PBDH,"MOTTOLA, HANNO",3FGA,Missed Three Pointer,0,335,648,G,,,,3,08:00,4,0,
2007,RS,13,149,40,IST,PAWN,"GONLUM, KEREM",2FGM,Two Pointer,2,-66,-5,D,,,,3,08:00,6,0,
2007,RS,13,149,43,ARI,PBDH,"MOTTOLA, HANNO",2FGM,Two Pointer,2,176,74,C,,,,4,07:00,6,2,
2007,RS,13,149,48,ARI,PAPI,"KALAITZIS, GEORGIOS",3FGA,Missed Three Pointer,0,671,12,A,,,,5,06:00,6,2,
2007,RS,13,149,50,IST,PKOJ,"GREGORY, KENNY",2FGM,Two Pointer,2,-102,-15,D,,,,5,06:00,8,2,
2007,RS,13,149,54,ARI,PLGV,"MASSEY, JEREMIAH",2FGA,Missed Two Pointer,0,2,79,D,,,,5,06:00,8,2,
2007,RS,13,149,58,ARI,PTEM,"WRIGHT, BRACEY",2FGM,Two Pointer,2,-61,23,D,,,,5,06:00,8,4,
2007,RS,13,149,60,IST,PAWN,"GONLUM, KEREM",2FGAB,Missed Two Pointer,0,-125,7,D,,,,6,05:00,8,4,
2007,RS,13,149,67,ARI,PBDH,"MOTTOLA, HANNO",2FGM,Two Pointer,2,407,51,B,,,,6,05:00,8,6,
2007,RS,13,149,77,IST,PKCH,"HUTSON, ANDRE",2FGAB,Missed Two Pointer,0,128,35,C,,,,7,04:00,8,6,
2007,RS,13,149,82,IST,PTFG,"WOODS, LOREN",2FGM,Two Pointer,2,-10,89,D,,,,7,04:00,10,6,
2007,RS,13,149,85,ARI,PLGV,"MASSEY, JEREMIAH",2FGA,Missed Two Pointer,0,-5,115,D,,,,8,03:00,10,6,
2007,RS,13,149,87,ARI,PLGV,"MASSEY, JEREMIAH",2FGM,Two Pointer,2,53,97,C,,,,8,03:00,10,8,
2007,RS,13,149,88,IST,PBXD,"PENN, JAMES",3FGA,Missed Three Pointer,0,469,587,G,,,,8,03:00,10,8,
2007,RS,13,149,102,IST,PTFG,"WOODS, LOREN",2FGM,Two Pointer,2,87,156,C,,,,9,02:00,12,8,
2007,RS,13,149,103,ARI,PTEM,"WRIGHT, BRACEY",2FGA,Missed Two Pointer,0,-225,392,E,,,,9,02:00,12,8,
2007,RS,13,149,105,ARI,PLGV,"MASSEY, JEREMIAH",2FGM,Two Pointer,2,0,120,D,,,,9,02:00,12,10,
2007,RS,13,149,107,IST,PKNG,"NICHOLAS, DREW",3FGM,Three Pointer,3,-517,500,J,,,,10,01:00,15,10,
2007,RS,13,149,109,ARI,PTEM,"WRIGHT, BRACEY",3FGA,Missed Three Pointer,0,358,582,G,,,,10,01:00,15,10,
2007,RS,13,149,111,IST,PKNG,"NICHOLAS, DREW",2FGM,Two Pointer,2,228,117,C,,,,10,01:00,17,10,
2007,RS,13,149,119,ARI,PTEM,"WRIGHT, BRACEY",2FGA,Missed Two Pointer,0,-343,135,E,,,,11,10:00,17,10,
2007,RS,13,149,121,IST,PARN,"ARSLAN, ENDER",3FGM,Three Pointer,3,307,635,G,,,,11,10:00,20,10,
2007,RS,13,149,123,ARI,PTEO,"TERRY, REYSHAWN",2FGM,Two Pointer,2,5,7,C,,,,11,10:00,20,12,
2007,RS,13,149,126,IST,PKNG,"NICHOLAS, DREW",3FGA,Missed Three Pointer,0,-561,387,F,,,,12,09:00,20,12,
2007,RS,13,149,134,ARI,PLGV,"MASSEY, JEREMIAH",2FGA,Missed Two Pointer,0,-30,528,I,,,,12,09:00,20,12,
2007,RS,13,149,136,IST,PKOJ,"GREGORY, KENNY",2FGM,Two Pointer,2,-105,46,D,,,,12,09:00,22,12,
2007,RS,13,149,140,ARI,PBDH,"MOTTOLA, HANNO",2FGM,Two Pointer,2,-84,43,D,,,,12,09:00,22,14,
2007,RS,13,149,148,IST,PKCH,"HUTSON, ANDRE",2FGA,Missed Two Pointer,0,-435,17,E,,,,13,08:00,22,14,
2007,RS,13,149,150,ARI,PBDH,"MOTTOLA, HANNO",2FGA,Missed Two Pointer,0,258,74,B,,,,13,08:00,22,14,
2007,RS,13,149,153,IST,PKNG,"NICHOLAS, DREW",3FGM,Three Pointer,3,220,630,G,,,,14,07:00,25,14,
2007,RS,13,149,154,ARI,PLSZ,"WASHINGTON, DARIUS",3FGM,Three Pointer,3,679,-79,A,,,,14,07:00,25,17,
2007,RS,13,149,156,IST,PKOJ,"GREGORY, KENNY",2FGM,Two Pointer,2,64,46,C,,,,14,07:00,27,17,
2007,RS,13,149,158,ARI,PLSZ,"WASHINGTON, DARIUS",2FGM,Two Pointer,2,-79,15,D,,,,14,07:00,27,19,
2007,RS,13,149,162,IST,PBKM,"KUQO, ERMAL",FTM,Free Throw In,1,-1,-1, ,,,,15,06:00,28,19,
2007,RS,13,149,168,ARI,PBDH,"MOTTOLA, HANNO",FTM,Free Throw In,1,-1,-1, ,,,,15,06:00,28,20,
2007,RS,13,149,169,ARI,PBDH,"MOTTOLA, HANNO",FTM,Free Throw In,1,-1,-1, ,,,,15,06:00,28,21,
2007,RS,13,149,170,IST,PKOJ,"GREGORY, KENNY",2FGA,Missed Two Pointer,0,25,346,C,,,,15,06:00,28,21,
2007,RS,13,149,172,ARI,PKRF,"ILIADIS, SAVVAS",2FGA,Missed Two Pointer,0,489,310,B,,,,15,06:00,28,21,
2007,RS,13,149,175,ARI,PTEO,"TERRY, REYSHAWN",2FGA,Missed Two Pointer,0,-112,58,D,,,,15,06:00,28,21,
2007,RS,13,149,180,IST,PKOJ,"GREGORY, KENNY",2FGA,Missed Two Pointer,0,-89,56,D,,,,16,05:00,28,21,
2007,RS,13,149,186,IST,PTFG,"WOODS, LOREN",FTM,Free Throw In,1,-1,-1, ,,,,17,04:00,29,21,
2007,RS,13,149,187,IST,PTFG,"WOODS, LOREN",FTM,Free Throw In,1,-1,-1, ,,,,17,04:00,30,21,
2007,RS,13,149,190,IST,PKNG,"NICHOLAS, DREW",2FGA,Missed Two Pointer,0,-123,430,I,,,,17,04:00,30,21,
2007,RS,13,149,192,ARI,PLSZ,"WASHINGTON, DARIUS",2FGM,Two Pointer,2,-58,17,D,,,,17,04:00,30,23,
2007,RS,13,149,195,ARI,PLSZ,"WASHINGTON, DARIUS",FTM,Free Throw In,1,-1,-1, ,,,,17,04:00,30,24,
2007,RS,13,149,196,IST,PKOJ,"GREGORY, KENNY",2FGAB,Missed Two Pointer,0,-94,28,D,,,,17,04:00,30,24,
2007,RS,13,149,199,IST,PKNG,"NICHOLAS, DREW",3FGA,Missed Three Pointer,0,689,-30,A,,,,17,04:00,30,24,
2007,RS,13,149,201,ARI,PBDH,"MOTTOLA, HANNO",2FGA,Missed Two Pointer,0,223,164,C,,,,17,04:00,30,24,
2007,RS,13,149,203,IST,PBXD,"PENN, JAMES",2FGM,Two Pointer,2,5,584,H,,,,17,04:00,32,24,
2007,RS,13,149,207,IST,PKNG,"NICHOLAS, DREW",2FGM,Two Pointer,2,-87,61,D,,,,18,03:00,34,24,
2007,RS,13,149,212,ARI,PTEO,"TERRY, REYSHAWN",2FGM,Two Pointer,2,-15,589,I,,,,18,03:00,34,26,
2007,RS,13,149,214,IST,PBXD,"PENN, JAMES",2FGA,Missed Two Pointer,0,-215,105,D,,,,19,02:00,34,26,
2007,RS,13,149,216,IST,PTFG,"WOODS, LOREN",2FGA,Missed Two Pointer,0,5,117,C,,,,19,02:00,34,26,
2007,RS,13,149,218,ARI,PTEO,"TERRY, REYSHAWN",3FGA,Missed Three Pointer,0,448,535,G,,,,19,02:00,34,26,
2007,RS,13,149,220,IST,PKOJ,"GREGORY, KENNY",2FGA,Missed Two Pointer,0,110,25,C,,,,19,02:00,34,26,
2007,RS,13,149,226,ARI,PLGV,"MASSEY, JEREMIAH",FTM,Free Throw In,1,-1,-1, ,,,,19,02:00,34,27,
2007,RS,13,149,227,ARI,PLGV,"MASSEY, JEREMIAH",FTM,Free Throw In,1,-1,-1, ,,,,19,02:00,34,28,
2007,RS,13,149,230,IST,PKNG,"NICHOLAS, DREW",3FGA,Missed Three Pointer,0,-579,320,F,,,,19,02:00,34,28,
2007,RS,13,149,233,ARI,PTEO,"TERRY, REYSHAWN",3FGM,Three Pointer,3,-482,515,J,,,,20,01:00,34,31,
2007,RS,13,149,236,IST,PARN,"ARSLAN, ENDER",2FGA,Missed Two Pointer,0,-202,97,D,,,,20,01:00,34,31,
2007,RS,13,149,243,IST,PARN,"ARSLAN, ENDER",3FGA,Missed Three Pointer,0,-241,653,J,,,,20,01:00,34,31,
2007,RS,13,149,252,ARI,PBDH,"MOTTOLA, HANNO",3FGM,Three Pointer,3,505,505,G,,,,21,10:00,34,34,
2007,RS,13,149,256,ARI,PBDH,"MOTTOLA, HANNO",2FGA,Missed Two Pointer,0,164,61,C,,,,21,10:00,34,34,
2007,RS,13,149,258,IST,PTFG,"WOODS, LOREN",2FGM,Two Pointer,2,76,61,C,,,,21,10:00,36,34,
2007,RS,13,149,261,ARI,PKRF,"ILIADIS, SAVVAS",2FGM,Two Pointer,2,-102,30,D,,,,22,09:00,36,36,
2007,RS,13,149,262,IST,PKOJ,"GREGORY, KENNY",3FGM,Three Pointer,3,-653,-33,F,,,,22,09:00,39,36,
2007,RS,13,149,264,ARI,PBDH,"MOTTOLA, HANNO",2FGM,Two Pointer,2,5,146,C,,,,22,09:00,39,38,
2007,RS,13,149,268,ARI,PBDH,"MOTTOLA, HANNO",FTM,Free Throw In,1,-1,-1, ,,,,23,08:00,39,39,
2007,RS,13,149,270,IST,PAWN,"GONLUM, KEREM",2FGAB,Missed Two Pointer,0,-61,64,D,,,,23,08:00,39,39,
2007,RS,13,149,275,ARI,PKRF,"ILIADIS, SAVVAS",3FGM,Three Pointer,3,-697,46,F,,,,24,07:00,39,42,
2007,RS,13,149,277,IST,PBXD,"PENN, JAMES",2FGM,Two Pointer,2,66,376,C,,,,24,07:00,41,42,
2007,RS,13,149,278,ARI,PLGV,"MASSEY, JEREMIAH",2FGM,Two Pointer,2,-130,33,D,,,,24,07:00,41,44,
2007,RS,13,149,279,ARI,PTEO,"TERRY, REYSHAWN",2FGA,Missed Two Pointer,0,-112,76,D,,,,24,07:00,41,44,
2007,RS,13,149,281,IST,PKOJ,"GREGORY, KENNY",2FGAB,Missed Two Pointer,0,310,297,B,,,,24,07:00,41,44,
2007,RS,13,149,286,ARI,PBDH,"MOTTOLA, HANNO",2FGA,Missed Two Pointer,0,-2,158,D,,,,25,06:00,41,44,
2007,RS,13,149,288,IST,PKNG,"NICHOLAS, DREW",2FGM,Two Pointer,2,302,194,B,,,,25,06:00,43,44,
2007,RS,13,149,297,IST,PKNG,"NICHOLAS, DREW",FTM,Free Throw In,1,-1,-1, ,,,,26,05:00,44,44,
2007,RS,13,149,298,ARI,PKRF,"ILIADIS, SAVVAS",3FGM,Three Pointer,3,-15,669,J,,,,26,05:00,44,47,
2007,RS,13,149,300,IST,PBXD,"PENN, JAMES",3FGA,Missed Three Pointer,0,617,351,A,,,,26,05:00,44,47,
2007,RS,13,149,302,IST,PKOJ,"GREGORY, KENNY",3FGA,Missed Three Pointer,0,515,487,G,,,,26,05:00,44,47,
2007,RS,13,149,304,IST,PBKM,"KUQO, ERMAL",2FGM,Two Pointer,2,0,20,D,,,,26,05:00,46,47,
2007,RS,13,149,305,ARI,PKRF,"ILIADIS, SAVVAS",3FGM,Three Pointer,3,-664,133,F,,,,26,05:00,46,50,
2007,RS,13,149,323,IST,PBKM,"KUQO, ERMAL",FTM,Free Throw In,1,-1,-1, ,,,,28,03:00,47,50,
2007,RS,13,149,324,ARI,PKRF,"ILIADIS, SAVVAS",2FGA,Missed Two Pointer,0,133,66,C,,,,28,03:00,47,50,
2007,RS,13,149,326,IST,PBXD,"PENN, JAMES",3FGA,Missed Three Pointer,0,-425,541,J,,,,28,03:00,47,50,
2007,RS,13,149,330,ARI,PLGV,"MASSEY, JEREMIAH",3FGA,Missed Three Pointer,0,79,674,G,,,,28,03:00,47,50,
2007,RS,13,149,336,IST,PKSU,"WRIGHT, RASHAD",2FGAB,Missed Two Pointer,0,-15,112,D,,,,28,03:00,47,50,
2007,RS,13,149,343,ARI,PTEM,"WRIGHT, BRACEY",2FGA,Missed Two Pointer,0,-333,325,E,,,,29,02:00,47,50,
2007,RS,13,149,345,IST,PAWH,"ABI, MUSTAFA",2FGM,Two Pointer,2,-10,12,D,,,,29,02:00,49,50,
2007,RS,13,149,348,ARI,PLGV,"MASSEY, JEREMIAH",2FGM,Two Pointer,2,-12,192,D,,,,30,01:00,49,52,
2007,RS,13,149,349,IST,PBKM,"KUQO, ERMAL",2FGM,Two Pointer,2,138,146,C,,,,30,01:00,51,52,
2007,RS,13,149,350,ARI,PLGV,"MASSEY, JEREMIAH",2FGM,Two Pointer,2,-353,205,E,,,,30,01:00,51,54,
2007,RS,13,149,361,ARI,PTEO,"TERRY, REYSHAWN",3FGA,Missed Three Pointer,0,158,664,G,,,,31,10:00,51,54,
2007,RS,13,149,363,IST,PBKM,"KUQO, ERMAL",2FGM,Two Pointer,2,-2,128,D,,,,31,10:00,53,54,
2007,RS,13,149,364,ARI,PBDH,"MOTTOLA, HANNO",3FGM,Three Pointer,3,-430,515,J,,,,31,10:00,53,57,
2007,RS,13,149,370,IST,PBKM,"KUQO, ERMAL",2FGM,Two Pointer,2,-120,146,D,,,,32,09:00,55,57,
2007,RS,13,149,377,ARI,PTEM,"WRIGHT, BRACEY",3FGM,Three Pointer,3,646,217,A,,,,32,09:00,55,60,
2007,RS,13,149,380,IST,PKNG,"NICHOLAS, DREW",2FGA,Missed Two Pointer,0,-128,430,I,,,,33,08:00,55,60,
2007,RS,13,149,382,ARI,PLGV,"MASSEY, JEREMIAH",2FGA,Missed Two Pointer,0,-210,210,D,,,,33,08:00,55,60,
2007,RS,13,149,390,ARI,PLGV,"MASSEY, JEREMIAH",2FGA,Missed Two Pointer,0,148,56,C,,,,33,08:00,55,60,
2007,RS,13,149,392,ARI,PLGV,"MASSEY, JEREMIAH",2FGM,Two Pointer,2,66,15,C,,,,33,08:00,55,62,
2007,RS,13,149,396,ARI,PTEM,"WRIGHT, BRACEY",2FGM,Two Pointer,2,-415,110,E,,,,34,07:00,55,64,
2007,RS,13,149,398,IST,PKCH,"HUTSON, ANDRE",2FGM,Two Pointer,2,89,51,C,,,,35,06:00,57,64,
2007,RS,13,149,404,IST,PKCH,"HUTSON, ANDRE",FTM,Free Throw In,1,-1,-1, ,,,,35,06:00,58,64,
2007,RS,13,149,405,ARI,PLGV,"MASSEY, JEREMIAH",3FGM,Three Pointer,3,20,671,G,,,,35,06:00,58,67,
2007,RS,13,149,412,IST,PKNG,"NICHOLAS, DREW",3FGA,Missed Three Pointer,0,-510,512,J,,,,36,05:00,58,67,
2007,RS,13,149,413,ARI,PLGV,"MASSEY, JEREMIAH",2FGM,Two Pointer,2,-241,194,E,,,,36,05:00,58,69,
2007,RS,13,149,414,IST,PKNG,"NICHOLAS, DREW",3FGM,Three Pointer,3,-215,664,J,,,,36,05:00,61,69,
2007,RS,13,149,416,ARI,PTEM,"WRIGHT, BRACEY",2FGA,Missed Two Pointer,0,-256,505,I,,,,37,04:00,61,69,
2007,RS,13,149,420,IST,PKNG,"NICHOLAS, DREW",FTM,Free Throw In,1,-1,-1, ,,,,37,04:00,62,69,
2007,RS,13,149,421,IST,PKNG,"NICHOLAS, DREW",FTM,Free Throw In,1,-1,-1, ,,,,37,04:00,63,69,
2007,RS,13,149,424,ARI,PTEM,"WRIGHT, BRACEY",2FGA,Missed Two Pointer,0,-2,38,D,,,,37,04:00,63,69,
2007,RS,13,149,429,ARI,PBDH,"MOTTOLA, HANNO",2FGM,Two Pointer,2,-5,84,D,,,,38,03:00,63,71,
2007,RS,13,149,433,IST,PBXD,"PENN, JAMES",FTM,Free Throw In,1,-1,-1, ,,,,38,03:00,64,71,
2007,RS,13,149,434,IST,PBXD,"PENN, JAMES",FTM,Free Throw In,1,-1,-1, ,,,,38,03:00,65,71,
2007,RS,13,149,435,ARI,PBDH,"MOTTOLA, HANNO",3FGM,Three Pointer,3,184,697,G,,,,38,03:00,65,74,
2007,RS,13,149,437,IST,PBKM,"KUQO, ERMAL",3FGA,Missed Three Pointer,0,315,676,G,,,,38,03:00,65,74,
2007,RS,13,149,446,ARI,PTEO,"TERRY, REYSHAWN",FTM,Free Throw In,1,-1,-1, ,,,,38,03:00,65,75,
2007,RS,13,149,447,ARI,PTEO,"TERRY, REYSHAWN",FTM,Free Throw In,1,-1,-1, ,,,,38,03:00,65,76,
2007,RS,13,149,449,IST,PKNG,"NICHOLAS, DREW",3FGA,Missed Three Pointer,0,600,497,G,,,,39,02:00,65,76,
2007,RS,13,149,451,ARI,PLSZ,"WASHINGTON, DARIUS",2FGM,Two Pointer,2,-69,15,D,,,,39,02:00,65,78,
2007,RS,13,149,452,IST,PKCH,"HUTSON, ANDRE",2FGA,Missed Two Pointer,0,274,97,B,,,,39,02:00,65,78,
2007,RS,13,149,462,IST,PKOJ,"GREGORY, KENNY",FTM,Free Throw In,1,-1,-1, ,,,,39,02:00,66,78,
2007,RS,13,149,465,IST,PKOJ,"GREGORY, KENNY",FTM,Free Throw In,1,-1,-1, ,,,,39,02:00,67,78,
2007,RS,13,149,466,IST,PKOJ,"GREGORY, KENNY",2FGM,Two Pointer,2,-10,17,D,,,,39,02:00,69,78,
2007,RS,13,149,468,ARI,PLSZ,"WASHINGTON, DARIUS",2FGM,Two Pointer,2,-79,48,D,,,,39,02:00,69,80,
2007,RS,13,149,470,IST,PKOJ,"GREGORY, KENNY",3FGA,Missed Three Pointer,0,487,525,G,,,,39,02:00,69,80,
2007,RS,13,149,475,ARI,PLSZ,"WASHINGTON, DARIUS",2FGM,Two Pointer,2,-369,187,E,,,,40,01:00,69,82,
2007,RS,13,149,476,IST,PAWN,"GONLUM, KEREM",2FGM,Two Pointer,2,-2,117,D,,,,40,01:00,71,82,
2007,RS,13,149,479,IST,PAWN,"GONLUM, KEREM",FTM,Free Throw In,1,-1,-1, ,,,,40,01:00,72,82,
2007,RS,13,149,484,ARI,PLSZ,"WASHINGTON, DARIUS",FTM,Free Throw In,1,-1,-1, ,,,,40,01:00,72,83,
2007,RS,13,149,485,ARI,PLSZ,"WASHINGTON, DARIUS",FTM,Free Throw In,1,-1,-1, ,,,,40,01:00,72,84,
2007,RS,13,149,486,IST,PKNG,"NICHOLAS, DREW",2FGM,Two Pointer,2,423,30,B,,,,40,01:00,74,84,
2007,RS,13,150,2,LIE,PJZN,"PETRAVICIUS, MARIJONAS",2FGM,Two Pointer,2,56,17,C,,,,1,10:00,2,0,
2007,RS,13,150,4,MAL,PAGQ,"WELSCH, JIRI",2FGM,Two Pointer,2,43,7,C,,,,1,10:00,2,2,
2007,RS,13,150,5,LIE,PJRD,"NIELSEN, MATT",3FGM,Three Pointer,3,174,630,G,,,,1,10:00,5,2,
2007,RS,13,150,10,LIE,PBUU,"LUKAUSKIS, MINDAUGAS",3FGM,Three Pointer,3,546,394,A,,,,2,09:00,8,2,
2007,RS,13,150,13,MAL,PKMV,"HAISLIP, MARCUS",FTM,Free Throw In,1,-1,-1, ,,,,2,09:00,8,3,
2007,RS,13,150,14,MAL,PKMV,"HAISLIP, MARCUS",FTM,Free Throw In,1,-1,-1, ,,,,2,09:00,8,4,
2007,RS,13,150,15,LIE,PJRD,"NIELSEN, MATT",2FGM,Two Pointer,2,66,25,C,,,,2,09:00,10,4,
2007,RS,13,150,17,MAL,PAFJ,"KUS, DAVOR",2FGM,Two Pointer,2,351,51,B,,,,2,09:00,10,6,
2007,RS,13,150,18,LIE,PBUU,"LUKAUSKIS, MINDAUGAS",2FGA,Missed Two Pointer,0,89,33,C,,,,2,09:00,10,6,
2007,RS,13,150,22,MAL,PKMV,"HAISLIP, MARCUS",FTM,Free Throw In,1,-1,-1, ,,,,2,09:00,10,7,
2007,RS,13,150,27,LIE,PLOC,"EIDSON, CHUCK",2FGAB,Missed Two Pointer,0,51,48,C,,,,4,07:00,10,7,
2007,RS,13,150,31,MAL,PKMV,"HAISLIP, MARCUS",2FGA,Missed Two Pointer,0,-61,141,D,,,,4,07:00,10,7,
2007,RS,13,150,37,LIE,PJZN,"PETRAVICIUS, MARIJONAS",2FGM,Two Pointer,2,-53,0,D,,,,4,07:00,12,7,
2007,RS,13,150,42,LIE,PCOH,"PRICE, HOLLIS",2FGM,Two Pointer,2,235,423,B,,,,5,06:00,14,7,
2007,RS,13,150,43,MAL,PKMV,"HAISLIP, MARCUS",2FGA,Missed Two Pointer,0,71,223,C,,,,5,06:00,14,7,
2007,RS,13,150,48,LIE,PJZN,"PETRAVICIUS, MARIJONAS",FTM,Free Throw In,1,-1,-1, ,,,,5,06:00,15,7,
2007,RS,13,150,53,LIE,PBUU,"LUKAUSKIS, MINDAUGAS",2FGM,Two Pointer,2,-28,43,D,,,,5,06:00,17,7,
2007,RS,13,150,55,MAL,PAFJ,"KUS, DAVOR",2FGA,Missed Two Pointer,0,41,30,C,,,,6,05:00,17,7,
2007,RS,13,150,69,LIE,PJZN,"PETRAVICIUS, MARIJONAS",2FGM,Two Pointer,2,-66,25,D,,,,6,05:00,19,7,
2007,RS,13,150,72,MAL,PKMV,"HAISLIP, MARCUS",2FGM,Two Pointer,2,-71,20,D,,,,7,04:00,19,9,
2007,RS,13,150,77,LIE,PLOC,"EIDSON, CHUCK",2FGA,Missed Two Pointer,0,-241,484,I,,,,7,04:00,19,9,
2007,RS,13,150,79,LIE,PBUU,"LUKAUSKIS, MINDAUGAS",3FGA,Missed Three Pointer,0,294,612,G,,,,7,04:00,19,9,
2007,RS,13,150,81,MAL,PBOV,"POPOVIC, BOJAN",2FGA,Missed Two Pointer,0,-61,53,D,,,,7,04:00,19,9,
2007,RS,13,150,83,MAL,PKMV,"HAISLIP, MARCUS",2FGM,Two Pointer,2,35,74,C,,,,7,04:00,19,11,
2007,RS,13,150,85,LIE,PCOH,"PRICE, HOLLIS",3FGM,Three Pointer,3,-256,607,J,,,,8,03:00,22,11,
2007,RS,13,150,91,MAL,PKMV,"HAISLIP, MARCUS",FTM,Free Throw In,1,-1,-1, ,,,,8,03:00,22,12,
2007,RS,13,150,92,MAL,PKMV,"HAISLIP, MARCUS",FTM,Free Throw In,1,-1,-1, ,,,,8,03:00,22,13,
2007,RS,13,150,95,LIE,PCOH,"PRICE, HOLLIS",3FGA,Missed Three Pointer,0,-233,630,J,,,,8,03:00,22,13,
2007,RS,13,150,102,MAL,PAFJ,"KUS, DAVOR",3FGA,Missed Three Pointer,0,664,23,A,,,,9,02:00,22,13,
2007,RS,13,150,113,MAL,PAFJ,"KUS, DAVOR",FTM,Free Throw In,1,-1,-1, ,,,,10,01:00,22,14,
2007,RS,13,150,114,MAL,PAFJ,"KUS, DAVOR",FTM,Free Throw In,1,-1,-1, ,,,,10,01:00,22,15,
2007,RS,13,150,115,LIE,PLOC,"EIDSON, CHUCK",2FGA,Missed Two Pointer,0,-84,589,I,,,,10,01:00,22,15,
2007,RS,13,150,117,MAL,PAFJ,"KUS, DAVOR",3FGA,Missed Three Pointer,0,-230,753,J,,,,10,01:00,22,15,
2007,RS,13,150,128,LIE,PTFL,"BAJRAMOVIC, KENAN",2FGA,Missed Two Pointer,0,-38,38,D,,,,11,10:00,22,15,
2007,RS,13,150,134,LIE,PTFL,"BAJRAMOVIC, KENAN",2FGM,Two Pointer,2,282,48,B,,,,11,10:00,24,15,
2007,RS,13,150,136,MAL,PAAS,"JIMENEZ, CARLOS",3FGM,Three Pointer,3,648,56,A,,,,12,09:00,24,18,
2007,RS,13,150,138,LIE,PLOC,"EIDSON, CHUCK",2FGA,Missed Two Pointer,0,-261,510,I,,,,12,09:00,24,18,
2007,RS,13,150,140,MAL,PAFJ,"KUS, DAVOR",2FGA,Missed Two Pointer,0,-66,58,D,,,,12,09:00,24,18,
2007,RS,13,150,142,MAL,PTGE,"NDONG, BONIFACE",2FGM,Two Pointer,2,41,25,C,,,,12,09:00,24,20,
2007,RS,13,150,146,LIE,PJZN,"PETRAVICIUS, MARIJONAS",FTM,Free Throw In,1,-1,-1, ,,,,13,08:00,25,20,
2007,RS,13,150,147,LIE,PJZN,"PETRAVICIUS, MARIJONAS",FTM,Free Throw In,1,-1,-1, ,,,,13,08:00,26,20,
2007,RS,13,150,150,MAL,PAFJ,"KUS, DAVOR",3FGA,Missed Three Pointer,0,471,469,G,,,,13,08:00,26,20,
2007,RS,13,150,154,MAL,PTGE,"NDONG, BONIFACE",2FGM,Two Pointer,2,382,56,B,,,,13,08:00,26,22,
2007,RS,13,150,155,LIE,PCOH,"PRICE, HOLLIS",3FGA,Missed Three Pointer,0,-233,610,J,,,,13,08:00,26,22,
2007,RS,13,150,158,MAL,PAFJ,"KUS, DAVOR",2FGA,Missed Two Pointer,0,507,51,B,,,,14,07:00,26,22,
2007,RS,13,150,160,LIE,PLML,"BATISTA, JOAO PAULO",2FGM,Two Pointer,2,-112,56,D,,,,14,07:00,28,22,
2007,RS,13,150,166,MAL,PAAS,"JIMENEZ, CARLOS",FTM,Free Throw In,1,-1,-1, ,,,,14,07:00,28,23,
2007,RS,13,150,170,MAL,PAWS,"RODRIGUEZ, BERNI",3FGM,Three Pointer,3,-215,630,J,,,,15,06:00,28,26,
2007,RS,13,150,185,LIE,PCOH,"PRICE, HOLLIS",FTM,Free Throw In,1,-1,-1, ,,,,16,05:00,29,26,
2007,RS,13,150,190,MAL,PKMV,"HAISLIP, MARCUS",3FGA,Missed Three Pointer,0,-233,607,J,,,,16,05:00,29,26,
2007,RS,13,150,196,MAL,PBIM,"GABRIEL, GERMAN",2FGA,Missed Two Pointer,0,-58,66,D,,,,16,05:00,29,26,
2007,RS,13,150,199,LIE,PKNS,"JOMANTAS, ARTURAS",2FGM,Two Pointer,2,-58,30,D,,,,17,04:00,31,26,
2007,RS,13,150,207,MAL,PKMV,"HAISLIP, MARCUS",3FGA,Missed Three Pointer,0,-179,664,J,,,,18,03:00,31,26,
2007,RS,13,150,209,LIE,PLTT,"GECEVICIUS, MARTYNAS",2FGM,Two Pointer,2,-43,30,D,,,,18,03:00,33,26,
2007,RS,13,150,216,LIE,PJRD,"NIELSEN, MATT",2FGA,Missed Two Pointer,0,225,417,B,,,,19,02:00,33,26,
2007,RS,13,150,218,LIE,PLTT,"GECEVICIUS, MARTYNAS",3FGM,Three Pointer,3,669,58,A,,,,19,02:00,36,26,
2007,RS,13,150,219,MAL,PAAS,"JIMENEZ, CARLOS",3FGA,Missed Three Pointer,0,648,76,A,,,,19,02:00,36,26,
2007,RS,13,150,224,LIE,PLML,"BATISTA, JOAO PAULO",FTM,Free Throw In,1,-1,-1, ,,,,19,02:00,37,26,
2007,RS,13,150,232,LIE,PLTT,"GECEVICIUS, MARTYNAS",FTM,Free Throw In,1,-1,-1, ,,,,19,02:00,38,26,
2007,RS,13,150,233,LIE,PLTT,"GECEVICIUS, MARTYNAS",FTM,Free Throw In,1,-1,-1, ,,,,19,02:00,39,26,
2007,RS,13,150,235,MAL,PAWS,"RODRIGUEZ, BERNI",2FGA,Missed Two Pointer,0,43,15,C,,,,20,01:00,39,26,
2007,RS,13,150,237,MAL,PAWS,"RODRIGUEZ, BERNI",2FGA,Missed Two Pointer,0,-356,466,I,,,,20,01:00,39,26,
2007,RS,13,150,253,MAL,PKMV,"HAISLIP, MARCUS",FTM,Free Throw In,1,-1,-1, ,,,,20,01:00,39,27,
2007,RS,13,150,254,MAL,PKMV,"HAISLIP, MARCUS",FTM,Free Throw In,1,-1,-1, ,,,,20,01:00,39,28,
2007,RS,13,150,260,LIE,PCOH,"PRICE, HOLLIS",2FGM,Two Pointer,2,112,92,C,,,,20,01:00,41,28,
2007,RS,13,150,275,MAL,PAWX,"CABEZAS, CARLOS",3FGM,Three Pointer,3,-633,164,F,,,,21,10:00,41,31,
2007,RS,13,150,284,LIE,PJZN,"PETRAVICIUS, MARIJONAS",2FGAB,Missed Two Pointer,0,-12,0,D,,,,22,09:00,41,31,
2007,RS,13,150,288,MAL,PTGE,"NDONG, BONIFACE",2FGM,Two Pointer,2,171,112,C,,,,22,09:00,41,33,
2007,RS,13,150,289,LIE,PLOC,"EIDSON, CHUCK",2FGA,Missed Two Pointer,0,25,548,H,,,,22,09:00,41,33,
2007,RS,13,150,292,MAL,PTGE,"NDONG, BONIFACE",2FGA,Missed Two Pointer,0,156,56,C,,,,23,08:00,41,33,
2007,RS,13,150,294,LIE,PCOH,"PRICE, HOLLIS",3FGA,Missed Three Pointer,0,648,128,A,,,,23,08:00,41,33,
2007,RS,13,150,298,LIE,PCOH,"PRICE, HOLLIS",2FGA,Missed Two Pointer,0,366,325,B,,,,23,08:00,41,33,
2007,RS,13,150,300,MAL,PAWX,"CABEZAS, CARLOS",2FGAB,Missed Two Pointer,0,-35,66,D,,,,23,08:00,41,33,
2007,RS,13,150,304,MAL,PTGE,"NDONG, BONIFACE",2FGM,Two Pointer,2,-256,46,D,,,,23,08:00,41,35,
2007,RS,13,150,308,LIE,PTFL,"BAJRAMOVIC, KENAN",2FGM,Two Pointer,2,-79,105,D,,,,24,07:00,43,35,
2007,RS,13,150,312,MAL,PTGE,"NDONG, BONIFACE",2FGM,Two Pointer,2,-35,23,D,,,,25,06:00,43,37,
2007,RS,13,150,314,LIE,PBUU,"LUKAUSKIS, MINDAUGAS",3FGM,Three Pointer,3,-87,656,J,,,,25,06:00,46,37,
2007,RS,13,150,317,MAL,PKMV,"HAISLIP, MARCUS",2FGM,Two Pointer,2,-48,28,D,,,,25,06:00,46,39,
2007,RS,13,150,322,MAL,PKMV,"HAISLIP, MARCUS",3FGA,Missed Three Pointer,0,664,130,A,,,,26,05:00,46,39,
2007,RS,13,150,329,MAL,PKMV,"HAISLIP, MARCUS",2FGM,Two Pointer,2,-61,38,D,,,,26,05:00,46,41,
2007,RS,13,150,330,LIE,PBUU,"LUKAUSKIS, MINDAUGAS",2FGA,Missed Two Pointer,0,-174,348,D,,,,26,05:00,46,41,
2007,RS,13,150,333,MAL,PKMV,"HAISLIP, MARCUS",3FGA,Missed Three Pointer,0,-648,84,F,,,,27,04:00,46,41,
2007,RS,13,150,335,MAL,PTGE,"NDONG, BONIFACE",2FGM,Two Pointer,2,10,15,C,,,,27,04:00,46,43,
2007,RS,13,150,342,LIE,PTFL,"BAJRAMOVIC, KENAN",3FGA,Missed Three Pointer,0,-676,35,F,,,,27,04:00,46,43,
2007,RS,13,150,345,MAL,PAWX,"CABEZAS, CARLOS",2FGA,Missed Two Pointer,0,261,94,B,,,,28,03:00,46,43,
2007,RS,13,150,354,MAL,PLTZ,"SANDERS, MELVIN",3FGA,Missed Three Pointer,0,666,89,A,,,,28,03:00,46,43,
2007,RS,13,150,357,LIE,PCOH,"PRICE, HOLLIS",2FGA,Missed Two Pointer,0,-107,79,D,,,,29,02:00,46,43,
2007,RS,13,150,364,MAL,PKMV,"HAISLIP, MARCUS",2FGM,Two Pointer,2,215,41,C,,,,29,02:00,46,45,
2007,RS,13,150,365,LIE,PCOH,"PRICE, HOLLIS",2FGM,Two Pointer,2,241,246,B,,,,29,02:00,48,45,
2007,RS,13,150,368,LIE,PKNS,"JOMANTAS, ARTURAS",2FGA,Missed Two Pointer,0,-202,330,E,,,,29,02:00,48,45,
2007,RS,13,150,373,MAL,PAGQ,"WELSCH, JIRI",FTM,Free Throw In,1,-1,-1, ,,,,30,01:00,48,46,
2007,RS,13,150,374,MAL,PAGQ,"WELSCH, JIRI",FTM,Free Throw In,1,-1,-1, ,,,,30,01:00,48,47,
2007,RS,13,150,382,LIE,PCOH,"PRICE, HOLLIS",FTM,Free Throw In,1,-1,-1, ,,,,30,01:00,49,47,
2007,RS,13,150,383,LIE,PCOH,"PRICE, HOLLIS",FTM,Free Throw In,1,-1,-1, ,,,,30,01:00,50,47,
2007,RS,13,150,384,LIE,PCOH,"PRICE, HOLLIS",FTM,Free Throw In,1,-1,-1, ,,,,30,01:00,51,47,
2007,RS,13,150,385,LIE,PCOH,"PRICE, HOLLIS",FTM,Free Throw In,1,-1,-1, ,,,,30,01:00,52,47,
2007,RS,13,150,388,LIE,PCOH,"PRICE, HOLLIS",2FGM,Two Pointer,2,66,30,C,,,,30,01:00,54,47,
2007,RS,13,150,391,LIE,PCOH,"PRICE, HOLLIS",2FGM,Two Pointer,2,35,61,C,,,,31,10:00,56,47,
2007,RS,13,150,394,MAL,PTGE,"NDONG, BONIFACE",FTM,Free Throw In,1,-1,-1, ,,,,31,10:00,56,48,
2007,RS,13,150,395,MAL,PTGE,"NDONG, BONIFACE",FTM,Free Throw In,1,-1,-1, ,,,,31,10:00,56,49,
2007,RS,13,150,396,LIE,PCOH,"PRICE, HOLLIS",2FGA,Missed Two Pointer,0,-48,300,D,,,,31,10:00,56,49,
2007,RS,13,150,398,MAL,PTGE,"NDONG, BONIFACE",2FGA,Missed Two Pointer,0,143,71,C,,,,31,10:00,56,49,
2007,RS,13,150,401,LIE,PCOH,"PRICE, HOLLIS",2FGA,Missed Two Pointer,0,-120,110,D,,,,32,09:00,56,49,
2007,RS,13,150,403,MAL,PAWS,"RODRIGUEZ, BERNI",3FGA,Missed Three Pointer,0,-558,392,F,,,,32,09:00,56,49,
2007,RS,13,150,405,LIE,PKNS,"JOMANTAS, ARTURAS",2FGM,Two Pointer,2,333,130,B,,,,32,09:00,58,49,
2007,RS,13,150,406,MAL,PAWX,"CABEZAS, CARLOS",3FGM,Three Pointer,3,-646,153,F,,,,32,09:00,58,52,
2007,RS,13,150,409,LIE,PLTT,"GECEVICIUS, MARTYNAS",2FGA,Missed Two Pointer,0,307,200,B,,,,33,08:00,58,52,
2007,RS,13,150,411,MAL,PAWX,"CABEZAS, CARLOS",2FGM,Two Pointer,2,30,369,C,,,,33,08:00,58,54,
2007,RS,13,150,412,LIE,PCOH,"PRICE, HOLLIS",2FGA,Missed Two Pointer,0,-87,89,D,,,,33,08:00,58,54,
2007,RS,13,150,414,LIE,PJZN,"PETRAVICIUS, MARIJONAS",2FGAB,Missed Two Pointer,0,-15,71,D,,,,33,08:00,58,54,
2007,RS,13,150,417,MAL,PAWX,"CABEZAS, CARLOS",3FGA,Missed Three Pointer,0,448,515,G,,,,33,08:00,58,54,
2007,RS,13,150,419,MAL,PAWX,"CABEZAS, CARLOS",3FGA,Missed Three Pointer,0,500,453,G,,,,33,08:00,58,54,
2007,RS,13,150,428,LIE,PLTT,"GECEVICIUS, MARTYNAS",2FGM,Two Pointer,2,476,105,B,,,,34,07:00,60,54,
2007,RS,13,150,430,MAL,PAAS,"JIMENEZ, CARLOS",2FGA,Missed Two Pointer,0,-292,79,E,,,,34,07:00,60,54,
2007,RS,13,150,433,LIE,PJZN,"PETRAVICIUS, MARIJONAS",2FGM,Two Pointer,2,-74,41,D,,,,35,06:00,62,54,
2007,RS,13,150,441,MAL,PTGE,"NDONG, BONIFACE",2FGM,Two Pointer,2,-30,20,D,,,,36,05:00,62,56,
2007,RS,13,150,445,MAL,PAWS,"RODRIGUEZ, BERNI",2FGM,Two Pointer,2,64,41,C,,,,36,05:00,62,58,
2007,RS,13,150,446,LIE,PTFL,"BAJRAMOVIC, KENAN",3FGA,Missed Three Pointer,0,-230,628,J,,,,36,05:00,62,58,
2007,RS,13,150,455,LIE,PKNS,"JOMANTAS, ARTURAS",2FGAB,Missed Two Pointer,0,-76,43,D,,,,37,04:00,62,58,
2007,RS,13,150,464,MAL,PAGQ,"WELSCH, JIRI",3FGA,Missed Three Pointer,0,223,671,G,,,,38,03:00,62,58,
2007,RS,13,150,475,LIE,PLTT,"GECEVICIUS, MARTYNAS",3FGA,Missed Three Pointer,0,-661,61,F,,,,38,03:00,62,58,
2007,RS,13,150,481,MAL,PKMV,"HAISLIP, MARCUS",2FGA,Missed Two Pointer,0,141,46,C,,,,39,02:00,62,58,
2007,RS,13,150,483,LIE,PCOH,"PRICE, HOLLIS",2FGM,Two Pointer,2,194,528,H,,,,39,02:00,64,58,
2007,RS,13,150,489,MAL,PKMV,"HAISLIP, MARCUS",FTM,Free Throw In,1,-1,-1, ,,,,39,02:00,64,59,
2007,RS,13,150,490,MAL,PKMV,"HAISLIP, MARCUS",FTM,Free Throw In,1,-1,-1, ,,,,39,02:00,64,60,
2007,RS,13,150,493,LIE,PCOH,"PRICE, HOLLIS",3FGA,Missed Three Pointer,0,-446,553,J,,,,39,02:00,64,60,
2007,RS,13,150,507,LIE,PTFL,"BAJRAMOVIC, KENAN",2FGM,Two Pointer,2,-51,17,D,,,,40,01:00,66,60,
2007,RS,13,150,519,LIE,PCOH,"PRICE, HOLLIS",2FGM,Two Pointer,2,-48,51,D,,,,40,01:00,68,60,
2007,RS,13,150,522,LIE,PCOH,"PRICE, HOLLIS",FTM,Free Throw In,1,-1,-1, ,,,,40,01:00,69,60,
2007,RS,13,150,523,MAL,PKMV,"HAISLIP, MARCUS",3FGM,Three Pointer,3,-653,133,F,,,,40,01:00,69,63,
2007,RS,13,150,527,LIE,PLTT,"GECEVICIUS, MARTYNAS",FTM,Free Throw In,1,-1,-1, ,,,,40,01:00,70,63,
2007,RS,13,150,528,LIE,PLTT,"GECEVICIUS, MARTYNAS",FTM,Free Throw In,1,-1,-1, ,,,,40,01:00,71,63,
2007,RS,13,150,529,MAL,PAGQ,"WELSCH, JIRI",3FGA,Missed Three Pointer,0,-643,87,F,,,,40,01:00,71,63,
2007,RS,13,151,2,LEM,PKZD,"CLANCY, SAM",2FGM,Two Pointer,2,12,7,C,,,,1,10:00,2,0,
2007,RS,13,151,4,CIB,PKXF,"AYUSO, LARRY",3FGA,Missed Three Pointer,0,194,717,G,,,,1,10:00,2,0,
2007,RS,13,151,6,LEM,PKZD,"CLANCY, SAM",2FGA,Missed Two Pointer,0,-238,248,E,,,,1,10:00,2,0,
2007,RS,13,151,9,LEM,PKZD,"CLANCY, SAM",2FGM,Two Pointer,2,7,38,C,,,,1,10:00,4,0,
2007,RS,13,151,13,LEM,PKZD,"CLANCY, SAM",FTM,Free Throw In,1,-1,-1, ,,,,2,09:00,5,0,
2007,RS,13,151,17,LEM,PTFJ,"RICCI, PHIL",3FGM,Three Pointer,3,20,697,G,,,,2,09:00,8,0,
2007,RS,13,151,20,LEM,PTFJ,"RICCI, PHIL",2FGA,Missed Two Pointer,0,297,297,B,,,,2,09:00,8,0,
2007,RS,13,151,23,CIB,PLUI,"HOSKIN, SAM",2FGA,Missed Two Pointer,0,238,482,H,,,,3,08:00,8,0,
2007,RS,13,151,25,LEM,PJMH,"BOGAVAC, NEBOJSA",3FGA,Missed Three Pointer,0,-371,546,J,,,,3,08:00,8,0,
2007,RS,13,151,29,LEM,PTFJ,"RICCI, PHIL",2FGA,Missed Two Pointer,0,48,105,C,,,,3,08:00,8,0,
2007,RS,13,151,38,LEM,PCOC,"BOKOLO, YANNICK",2FGM,Two Pointer,2,30,146,C,,,,4,07:00,10,0,
2007,RS,13,151,39,CIB,PAPL,"MULAOMEROVIC, DAMIR",3FGM,Three Pointer,3,10,741,G,,,,4,07:00,10,3,
2007,RS,13,151,42,LEM,PCOC,"BOKOLO, YANNICK",2FGAB,Missed Two Pointer,0,-53,25,D,,,,5,06:00,10,3,
2007,RS,13,151,45,CIB,PKXF,"AYUSO, LARRY",3FGM,Three Pointer,3,623,210,A,,,,5,06:00,10,6,
2007,RS,13,151,46,LEM,PTFJ,"RICCI, PHIL",2FGM,Two Pointer,2,-74,56,D,,,,5,06:00,12,6,
2007,RS,13,151,48,CIB,PJDQ,"ANDRIC, LUKSA",2FGA,Missed Two Pointer,0,330,30,B,,,,5,06:00,12,6,
2007,RS,13,151,54,CIB,PLUI,"HOSKIN, SAM",FTM,Free Throw In,1,-1,-1, ,,,,5,06:00,12,7,
2007,RS,13,151,55,CIB,PLUI,"HOSKIN, SAM",FTM,Free Throw In,1,-1,-1, ,,,,5,06:00,12,8,
2007,RS,13,151,58,CIB,PTFD,"VUKUSIC, VEDRAN",3FGA,Missed Three Pointer,0,676,10,A,,,,6,05:00,12,8,
2007,RS,13,151,61,LEM,PTFJ,"RICCI, PHIL",2FGA,Missed Two Pointer,0,-89,120,D,,,,6,05:00,12,8,
2007,RS,13,151,65,LEM,PKOH,"BATUM, NICOLAS",2FGM,Two Pointer,2,-7,0,D,,,,6,05:00,14,8,
2007,RS,13,151,67,CIB,PTFD,"VUKUSIC, VEDRAN",2FGM,Two Pointer,2,-48,12,D,,,,7,04:00,14,10,
2007,RS,13,151,69,LEM,PKZD,"CLANCY, SAM",2FGA,Missed Two Pointer,0,-302,-15,E,,,,7,04:00,14,10,
2007,RS,13,151,76,CIB,PLCC,"WARREN, CHRIS",FTM,Free Throw In,1,-1,-1, ,,,,7,04:00,14,11,
2007,RS,13,151,77,LEM,PCOC,"BOKOLO, YANNICK",2FGM,Two Pointer,2,2,5,D,,,,7,04:00,16,11,
2007,RS,13,151,79,CIB,PLUI,"HOSKIN, SAM",2FGM,Two Pointer,2,69,20,C,,,,8,03:00,16,13,
2007,RS,13,151,87,LEM,PKZD,"CLANCY, SAM",FTM,Free Throw In,1,-1,-1, ,,,,8,03:00,17,13,
2007,RS,13,151,90,CIB,PKXF,"AYUSO, LARRY",2FGM,Two Pointer,2,0,46,D,,,,8,03:00,17,15,
2007,RS,13,151,92,LEM,PCHZ,"BOGDANOVIC, LUKA",2FGM,Two Pointer,2,146,15,C,,,,8,03:00,19,15,
2007,RS,13,151,103,LEM,PCOC,"BOKOLO, YANNICK",2FGM,Two Pointer,2,-7,10,D,,,,9,02:00,21,15,
2007,RS,13,151,105,CIB,PAPL,"MULAOMEROVIC, DAMIR",2FGA,Missed Two Pointer,0,-92,5,D,,,,9,02:00,21,15,
2007,RS,13,151,107,CIB,PLUI,"HOSKIN, SAM",2FGM,Two Pointer,2,7,41,C,,,,9,02:00,21,17,
2007,RS,13,151,108,LEM,PCHZ,"BOGDANOVIC, LUKA",2FGM,Two Pointer,2,228,420,B,,,,9,02:00,23,17,
2007,RS,13,151,112,LEM,PDID,"LIMONAD, RAVIV",3FGM,Three Pointer,3,292,582,G,,,,9,02:00,26,17,
2007,RS,13,151,120,LEM,PCOB,"KOFFI, ALAIN",2FGM,Two Pointer,2,69,10,C,,,,10,01:00,28,17,
2007,RS,13,151,123,CIB,PLCC,"WARREN, CHRIS",2FGA,Missed Two Pointer,0,107,10,C,,,,10,01:00,28,17,
2007,RS,13,151,126,CIB,PLUI,"HOSKIN, SAM",2FGM,Two Pointer,2,-66,-5,D,,,,11,10:00,28,19,
2007,RS,13,151,127,LEM,PCHZ,"BOGDANOVIC, LUKA",3FGM,Three Pointer,3,-405,523,J,,,,11,10:00,31,19,
2007,RS,13,151,129,CIB,PKXF,"AYUSO, LARRY",3FGM,Three Pointer,3,-261,666,J,,,,11,10:00,31,22,
2007,RS,13,151,132,LEM,PCHZ,"BOGDANOVIC, LUKA",3FGM,Three Pointer,3,243,628,G,,,,12,09:00,34,22,
2007,RS,13,151,134,CIB,PLCC,"WARREN, CHRIS",3FGM,Three Pointer,3,71,717,G,,,,12,09:00,34,25,
2007,RS,13,151,141,LEM,PDID,"LIMONAD, RAVIV",2FGM,Two Pointer,2,402,120,B,,,,12,09:00,36,25,
2007,RS,13,151,147,CIB,PKXF,"AYUSO, LARRY",2FGM,Two Pointer,2,56,100,C,,,,12,09:00,36,27,
2007,RS,13,151,154,LEM,PDID,"LIMONAD, RAVIV",FTM,Free Throw In,1,-1,-1, ,,,,13,08:00,37,27,
2007,RS,13,151,155,CIB,PLUI,"HOSKIN, SAM",2FGA,Missed Two Pointer,0,533,212,B,,,,13,08:00,37,27,
2007,RS,13,151,159,CIB,PLCC,"WARREN, CHRIS",2FGM,Two Pointer,2,-305,279,E,,,,13,08:00,37,29,
2007,RS,13,151,163,LEM,PDID,"LIMONAD, RAVIV",3FGM,Three Pointer,3,653,61,A,,,,14,07:00,40,29,
2007,RS,13,151,173,CIB,PLCC,"WARREN, CHRIS",2FGM,Two Pointer,2,2,5,D,,,,14,07:00,40,31,
2007,RS,13,151,174,LEM,PCHZ,"BOGDANOVIC, LUKA",2FGM,Two Pointer,2,46,10,C,,,,14,07:00,42,31,
2007,RS,13,151,175,CIB,PKXF,"AYUSO, LARRY",3FGA,Missed Three Pointer,0,510,451,G,,,,14,07:00,42,31,
2007,RS,13,151,178,CIB,PLUI,"HOSKIN, SAM",2FGAB,Missed Two Pointer,0,-2,102,D,,,,14,07:00,42,31,
2007,RS,13,151,184,CIB,PJDQ,"ANDRIC, LUKSA",3FGA,Missed Three Pointer,0,38,853,G,,,,15,06:00,42,31,
2007,RS,13,151,186,LEM,PTFJ,"RICCI, PHIL",2FGM,Two Pointer,2,2,-2,D,,,,15,06:00,44,31,
2007,RS,13,151,190,CIB,PJDQ,"ANDRIC, LUKSA",2FGM,Two Pointer,2,69,5,C,,,,16,05:00,44,33,
2007,RS,13,151,191,LEM,PDID,"LIMONAD, RAVIV",3FGM,Three Pointer,3,-394,530,J,,,,16,05:00,47,33,
2007,RS,13,151,193,CIB,PTFE,"KELLEY, TRE",3FGA,Missed Three Pointer,0,-289,615,J,,,,16,05:00,47,33,
2007,RS,13,151,200,LEM,PTFJ,"RICCI, PHIL",FTM,Free Throw In,1,-1,-1, ,,,,17,04:00,48,33,
2007,RS,13,151,206,CIB,PJDQ,"ANDRIC, LUKSA",FTM,Free Throw In,1,-1,-1, ,,,,17,04:00,48,34,
2007,RS,13,151,208,CIB,PJDQ,"ANDRIC, LUKSA",FTM,Free Throw In,1,-1,-1, ,,,,17,04:00,48,35,
2007,RS,13,151,209,LEM,PDID,"LIMONAD, RAVIV",3FGA,Missed Three Pointer,0,-658,-89,F,,,,17,04:00,48,35,
2007,RS,13,151,211,CIB,PLUI,"HOSKIN, SAM",2FGM,Two Pointer,2,415,-10,B,,,,17,04:00,48,37,
2007,RS,13,151,215,LEM,PDID,"LIMONAD, RAVIV",2FGA,Missed Two Pointer,0,282,376,B,,,,18,03:00,48,37,
2007,RS,13,151,217,LEM,PTFJ,"RICCI, PHIL",2FGM,Two Pointer,2,-76,89,D,,,,18,03:00,50,37,
2007,RS,13,151,218,CIB,PAPL,"MULAOMEROVIC, DAMIR",3FGA,Missed Three Pointer,0,379,556,G,,,,18,03:00,50,37,
2007,RS,13,151,220,LEM,PTFK,"DIOT, ANTOINE",2FGA,Missed Two Pointer,0,-64,33,D,,,,18,03:00,50,37,
2007,RS,13,151,222,LEM,PCHZ,"BOGDANOVIC, LUKA",2FGM,Two Pointer,2,-2,41,D,,,,18,03:00,52,37,
2007,RS,13,151,224,CIB,PKXF,"AYUSO, LARRY",3FGA,Missed Three Pointer,0,-366,551,J,,,,19,02:00,52,37,
2007,RS,13,151,226,LEM,PCHZ,"BOGDANOVIC, LUKA",2FGM,Two Pointer,2,-271,428,I,,,,19,02:00,54,37,
2007,RS,13,151,229,LEM,PTFK,"DIOT, ANTOINE",2FGM,Two Pointer,2,-51,10,D,,,,19,02:00,56,37,
2007,RS,13,151,234,LEM,PTFJ,"RICCI, PHIL",2FGM,Two Pointer,2,-71,212,D,,,,20,01:00,58,37,
2007,RS,13,151,239,CIB,PAPL,"MULAOMEROVIC, DAMIR",FTM,Free Throw In,1,-1,-1, ,,,,20,01:00,58,38,
2007,RS,13,151,240,CIB,PAPL,"MULAOMEROVIC, DAMIR",FTM,Free Throw In,1,-1,-1, ,,,,20,01:00,58,39,
2007,RS,13,151,241,CIB,PAPL,"MULAOMEROVIC, DAMIR",2FGM,Two Pointer,2,264,358,B,,,,20,01:00,58,41,
2007,RS,13,151,252,LEM,PTFJ,"RICCI, PHIL",2FGM,Two Pointer,2,-48,2,D,,,,21,10:00,60,41,
2007,RS,13,151,256,LEM,PTFJ,"RICCI, PHIL",FTM,Free Throw In,1,-1,-1, ,,,,21,10:00,61,41,
2007,RS,13,151,257,CIB,PLCC,"WARREN, CHRIS",3FGA,Missed Three Pointer,0,343,566,G,,,,21,10:00,61,41,
2007,RS,13,151,259,CIB,PLUI,"HOSKIN, SAM",2FGA,Missed Two Pointer,0,56,-5,C,,,,21,10:00,61,41,
2007,RS,13,151,261,LEM,PTFJ,"RICCI, PHIL",3FGA,Missed Three Pointer,0,143,674,G,,,,21,10:00,61,41,
2007,RS,13,151,264,CIB,PLUI,"HOSKIN, SAM",2FGAB,Missed Two Pointer,0,151,58,C,,,,21,10:00,61,41,
2007,RS,13,151,267,CIB,PLCC,"WARREN, CHRIS",2FGM,Two Pointer,2,-46,17,D,,,,21,10:00,61,43,
2007,RS,13,151,272,LEM,PKZD,"CLANCY, SAM",2FGM,Two Pointer,2,-48,-7,D,,,,22,09:00,63,43,
2007,RS,13,151,275,CIB,PLUI,"HOSKIN, SAM",2FGAB,Missed Two Pointer,0,58,17,C,,,,22,09:00,63,43,
2007,RS,13,151,280,CIB,PAPL,"MULAOMEROVIC, DAMIR",3FGA,Missed Three Pointer,0,-441,528,J,,,,22,09:00,63,43,
2007,RS,13,151,287,LEM,PKOH,"BATUM, NICOLAS",2FGA,Missed Two Pointer,0,-335,464,I,,,,23,08:00,63,43,
2007,RS,13,151,295,LEM,PCHZ,"BOGDANOVIC, LUKA",2FGM,Two Pointer,2,-41,543,I,,,,23,08:00,65,43,
2007,RS,13,151,300,CIB,PJJV,"ROZIC, MARIN",3FGA,Missed Three Pointer,0,-651,-28,F,,,,24,07:00,65,43,
2007,RS,13,151,302,LEM,PKZD,"CLANCY, SAM",2FGM,Two Pointer,2,-12,51,D,,,,24,07:00,67,43,
2007,RS,13,151,306,LEM,PKZD,"CLANCY, SAM",FTM,Free Throw In,1,-1,-1, ,,,,24,07:00,68,43,
2007,RS,13,151,307,CIB,PTFE,"KELLEY, TRE",3FGM,Three Pointer,3,266,661,G,,,,24,07:00,68,46,
2007,RS,13,151,308,LEM,PKZD,"CLANCY, SAM",2FGM,Two Pointer,2,12,279,C,,,,24,07:00,70,46,
2007,RS,13,151,312,CIB,PJDQ,"ANDRIC, LUKSA",2FGAB,Missed Two Pointer,0,74,17,C,,,,25,06:00,70,46,
2007,RS,13,151,315,LEM,PKOH,"BATUM, NICOLAS",2FGM,Two Pointer,2,5,7,C,,,,25,06:00,72,46,
2007,RS,13,151,317,CIB,PTFE,"KELLEY, TRE",3FGA,Missed Three Pointer,0,15,687,G,,,,25,06:00,72,46,
2007,RS,13,151,319,LEM,PKZD,"CLANCY, SAM",2FGA,Missed Two Pointer,0,84,7,C,,,,25,06:00,72,46,
2007,RS,13,151,321,CIB,PAPL,"MULAOMEROVIC, DAMIR",3FGM,Three Pointer,3,-507,482,J,,,,25,06:00,72,49,
2007,RS,13,151,331,CIB,PAPL,"MULAOMEROVIC, DAMIR",2FGM,Two Pointer,2,-53,10,D,,,,26,05:00,72,51,
2007,RS,13,151,332,LEM,PCHZ,"BOGDANOVIC, LUKA",3FGA,Missed Three Pointer,0,376,1102,G,,,,26,05:00,72,51,
2007,RS,13,151,334,CIB,PLUI,"HOSKIN, SAM",3FGM,Three Pointer,3,-643,92,F,,,,26,05:00,72,54,
2007,RS,13,151,344,CIB,PLCC,"WARREN, CHRIS",3FGA,Missed Three Pointer,0,256,602,G,,,,27,04:00,72,54,
2007,RS,13,151,346,CIB,PLUI,"HOSKIN, SAM",3FGM,Three Pointer,3,-638,174,F,,,,27,04:00,72,57,
2007,RS,13,151,351,LEM,PCHZ,"BOGDANOVIC, LUKA",2FGA,Missed Two Pointer,0,-146,23,D,,,,27,04:00,72,57,
2007,RS,13,151,357,CIB,PTFE,"KELLEY, TRE",2FGA,Missed Two Pointer,0,-253,120,E,,,,27,04:00,72,57,
2007,RS,13,151,364,LEM,PCHZ,"BOGDANOVIC, LUKA",FTM,Free Throw In,1,-1,-1, ,,,,28,03:00,73,57,
2007,RS,13,151,370,CIB,PLUI,"HOSKIN, SAM",2FGM,Two Pointer,2,30,15,C,,,,28,03:00,73,59,
2007,RS,13,151,372,LEM,PDID,"LIMONAD, RAVIV",2FGM,Two Pointer,2,-46,5,D,,,,28,03:00,75,59,
2007,RS,13,151,374,CIB,PJJV,"ROZIC, MARIN",2FGA,Missed Two Pointer,0,41,25,C,,,,29,02:00,75,59,
2007,RS,13,151,376,LEM,PKZD,"CLANCY, SAM",2FGA,Missed Two Pointer,0,-297,-2,E,,,,29,02:00,75,59,
2007,RS,13,151,382,CIB,PJJV,"ROZIC, MARIN",FTM,Free Throw In,1,-1,-1, ,,,,29,02:00,75,60,
2007,RS,13,151,383,LEM,PDID,"LIMONAD, RAVIV",3FGA,Missed Three Pointer,0,-430,507,J,,,,29,02:00,75,60,
2007,RS,13,151,385,CIB,PLCC,"WARREN, CHRIS",3FGA,Missed Three Pointer,0,-664,35,F,,,,29,02:00,75,60,
2007,RS,13,151,393,LEM,PTFK,"DIOT, ANTOINE",FTM,Free Throw In,1,-1,-1, ,,,,30,01:00,76,60,
2007,RS,13,151,398,CIB,PJJV,"ROZIC, MARIN",FTM,Free Throw In,1,-1,-1, ,,,,30,01:00,76,61,
2007,RS,13,151,399,CIB,PJJV,"ROZIC, MARIN",FTM,Free Throw In,1,-1,-1, ,,,,30,01:00,76,62,
2007,RS,13,151,402,CIB,PTFD,"VUKUSIC, VEDRAN",2FGM,Two Pointer,2,38,33,C,,,,30,01:00,76,64,
2007,RS,13,151,404,LEM,PKZD,"CLANCY, SAM",2FGA,Missed Two Pointer,0,246,123,B,,,,30,01:00,76,64,
2007,RS,13,151,412,CIB,PLUI,"HOSKIN, SAM",2FGM,Two Pointer,2,-5,56,D,,,,31,10:00,76,66,
2007,RS,13,151,413,LEM,PCOB,"KOFFI, ALAIN",2FGM,Two Pointer,2,-94,12,D,,,,31,10:00,78,66,
2007,RS,13,151,415,CIB,PLUI,"HOSKIN, SAM",2FGM,Two Pointer,2,43,10,C,,,,31,10:00,78,68,
2007,RS,13,151,417,LEM,PKZD,"CLANCY, SAM",2FGA,Missed Two Pointer,0,66,23,C,,,,31,10:00,78,68,
2007,RS,13,151,419,CIB,PKXF,"AYUSO, LARRY",3FGA,Missed Three Pointer,0,400,538,G,,,,31,10:00,78,68,
2007,RS,13,151,421,LEM,PCOB,"KOFFI, ALAIN",2FGM,Two Pointer,2,2,7,D,,,,31,10:00,80,68,
2007,RS,13,151,424,CIB,PTFD,"VUKUSIC, VEDRAN",2FGM,Two Pointer,2,51,10,C,,,,32,09:00,80,70,
2007,RS,13,151,426,LEM,PCOB,"KOFFI, ALAIN",2FGA,Missed Two Pointer,0,382,20,B,,,,33,08:00,80,70,
2007,RS,13,151,442,CIB,PLCC,"WARREN, CHRIS",2FGM,Two Pointer,2,-53,0,D,,,,33,08:00,80,72,
2007,RS,13,151,444,LEM,PDID,"LIMONAD, RAVIV",3FGM,Three Pointer,3,-502,417,F,,,,34,07:00,83,72,
2007,RS,13,151,445,CIB,PJJV,"ROZIC, MARIN",2FGA,Missed Two Pointer,0,10,107,C,,,,34,07:00,83,72,
2007,RS,13,151,447,CIB,PKXF,"AYUSO, LARRY",2FGA,Missed Two Pointer,0,30,210,C,,,,34,07:00,83,72,
2007,RS,13,151,452,CIB,PJJV,"ROZIC, MARIN",3FGM,Three Pointer,3,166,641,G,,,,34,07:00,83,75,
2007,RS,13,151,462,LEM,PCHZ,"BOGDANOVIC, LUKA",2FGM,Two Pointer,2,0,7,D,,,,35,06:00,85,75,
2007,RS,13,151,464,CIB,PLCC,"WARREN, CHRIS",3FGM,Three Pointer,3,-635,143,F,,,,35,06:00,85,78,
2007,RS,13,151,467,LEM,PKOH,"BATUM, NICOLAS",2FGA,Missed Two Pointer,0,120,46,C,,,,36,05:00,85,78,
2007,RS,13,151,472,CIB,PLCC,"WARREN, CHRIS",3FGA,Missed Three Pointer,0,-320,610,J,,,,36,05:00,85,78,
2007,RS,13,151,478,LEM,PCHZ,"BOGDANOVIC, LUKA",3FGA,Missed Three Pointer,0,-666,53,F,,,,36,05:00,85,78,
2007,RS,13,151,482,LEM,PJMH,"BOGAVAC, NEBOJSA",3FGA,Missed Three Pointer,0,661,-7,A,,,,37,04:00,85,78,
2007,RS,13,151,486,CIB,PTFE,"KELLEY, TRE",FTM,Free Throw In,1,-1,-1, ,,,,37,04:00,85,79,
2007,RS,13,151,492,LEM,PTFJ,"RICCI, PHIL",FTM,Free Throw In,1,-1,-1, ,,,,37,04:00,86,79,
2007,RS,13,151,494,LEM,PTFJ,"RICCI, PHIL",2FGM,Two Pointer,2,0,2,D,,,,37,04:00,88,79,
2007,RS,13,151,496,CIB,PTFE,"KELLEY, TRE",2FGA,Missed Two Pointer,0,-433,420,E,,,,37,04:00,88,79,
2007,RS,13,151,498,LEM,PJMH,"BOGAVAC, NEBOJSA",2FGM,Two Pointer,2,51,7,C,,,,37,04:00,90,79,
2007,RS,13,151,504,CIB,PAPL,"MULAOMEROVIC, DAMIR",FTM,Free Throw In,1,-1,-1, ,,,,38,03:00,90,80,
2007,RS,13,151,505,CIB,PAPL,"MULAOMEROVIC, DAMIR",FTM,Free Throw In,1,-1,-1, ,,,,38,03:00,90,81,
2007,RS,13,151,506,LEM,PKOH,"BATUM, NICOLAS",2FGM,Two Pointer,2,56,5,C,,,,38,03:00,92,81,
2007,RS,13,151,516,LEM,PDID,"LIMONAD, RAVIV",FTM,Free Throw In,1,-1,-1, ,,,,39,02:00,93,81,
2007,RS,13,151,521,CIB,PTFE,"KELLEY, TRE",FTM,Free Throw In,1,-1,-1, ,,,,39,02:00,93,82,
2007,RS,13,151,522,CIB,PTFE,"KELLEY, TRE",FTM,Free Throw In,1,-1,-1, ,,,,39,02:00,93,83,
2007,RS,13,151,523,LEM,PTFJ,"RICCI, PHIL",3FGA,Missed Three Pointer,0,-12,661,J,,,,39,02:00,93,83,
2007,RS,13,151,525,CIB,PAPL,"MULAOMEROVIC, DAMIR",3FGA,Missed Three Pointer,0,205,646,G,,,,39,02:00,93,83,
2007,RS,13,151,530,LEM,PTFJ,"RICCI, PHIL",2FGM,Two Pointer,2,66,30,C,,,,40,01:00,95,83,
2007,RS,13,151,535,LEM,PTFJ,"RICCI, PHIL",FTM,Free Throw In,1,-1,-1, ,,,,40,01:00,96,83,
2007,RS,13,151,538,CIB,PAPL,"MULAOMEROVIC, DAMIR",FTM,Free Throw In,1,-1,-1, ,,,,40,01:00,96,84,
2007,RS,13,151,539,CIB,PAPL,"MULAOMEROVIC, DAMIR",FTM,Free Throw In,1,-1,-1, ,,,,40,01:00,96,85,
2007,RS,13,151,542,LEM,PDID,"LIMONAD, RAVIV",FTM,Free Throw In,1,-1,-1, ,,,,40,01:00,97,85,
2007,RS,13,151,543,LEM,PDID,"LIMONAD, RAVIV",FTM,Free Throw In,1,-1,-1, ,,,,40,01:00,98,85,
2007,RS,13,151,544,CIB,PLCC,"WARREN, CHRIS",3FGA,Missed Three Pointer,0,276,620,G,,,,40,01:00,98,85,
2007,RS,13,151,550,LEM,PJMH,"BOGAVAC, NEBOJSA",FTM,Free Throw In,1,-1,-1, ,,,,40,01:00,99,85,
2007,RS,13,151,551,LEM,PJMH,"BOGAVAC, NEBOJSA",FTM,Free Throw In,1,-1,-1, ,,,,40,01:00,100,85,
2007,RS,13,151,552,CIB,PAPL,"MULAOMEROVIC, DAMIR",2FGA,Missed Two Pointer,0,-66,28,D,,,,40,01:00,100,85,
2007,RS,13,151,554,CIB,PLCC,"WARREN, CHRIS",2FGM,Two Pointer,2,0,46,D,,,,40,01:00,100,87,
2007,RS,13,151,555,LEM,PJMH,"BOGAVAC, NEBOJSA",3FGA,Missed Three Pointer,0,602,428,G,,,,40,01:00,100,87,
2007,RS,13,152,2,TEL,PTFS,"FIZER, MARCUS",2FGM,Two Pointer,2,-35,46,D,,,,1,10:00,2,0,
2007,RS,13,152,5,MIL,PKRD,"GALLINARI, DANILO",3FGM,Three Pointer,3,-441,541,J,,,,1,10:00,2,3,
2007,RS,13,152,7,TEL,PAOZ,"HALPERIN, YOTAM",2FGM,Two Pointer,2,-523,-17,E,,,,1,10:00,4,3,
2007,RS,13,152,8,MIL,PAVD,"BOOKER, MELVIN",3FGA,Missed Three Pointer,0,192,692,G,,,,1,10:00,4,3,
2007,RS,13,152,10,TEL,PBES,"BLUTHENTHAL, DAVID",3FGA,Missed Three Pointer,0,-676,-30,F,,,,1,10:00,4,3,
2007,RS,13,152,16,TEL,PCQD,"CUMMINGS, VONTEEGO",3FGA,Missed Three Pointer,0,-600,415,F,,,,1,10:00,4,3,
2007,RS,13,152,20,MIL,PAUT,"VUKCEVIC, DUSAN",2FGA,Missed Two Pointer,0,356,276,B,,,,1,10:00,4,3,
2007,RS,13,152,22,MIL,PKNZ,"WATSON, TRAVIS",2FGA,Missed Two Pointer,0,143,117,C,,,,1,10:00,4,3,
2007,RS,13,152,24,TEL,PTFS,"FIZER, MARCUS",2FGAB,Missed Two Pointer,0,-115,76,D,,,,1,10:00,4,3,
2007,RS,13,152,26,MIL,PLGS,"SESAY, ANSU",3FGM,Three Pointer,3,174,720,G,,,,1,10:00,4,6,
2007,RS,13,152,30,TEL,PAOZ,"HALPERIN, YOTAM",3FGM,Three Pointer,3,-643,207,F,,,,1,10:00,7,6,
2007,RS,13,152,32,TEL,PLTS,"MORRIS, TERENCE",3FGM,Three Pointer,3,-569,394,F,,,,1,10:00,10,6,
2007,RS,13,152,34,MIL,PAUT,"VUKCEVIC, DUSAN",3FGA,Missed Three Pointer,0,594,451,G,,,,1,10:00,10,6,
2007,RS,13,152,41,MIL,PAUT,"VUKCEVIC, DUSAN",2FGA,Missed Two Pointer,0,415,292,B,,,,4,07:00,10,6,
2007,RS,13,152,44,TEL,PTFS,"FIZER, MARCUS",2FGM,Two Pointer,2,-25,102,D,,,,4,07:00,12,6,
2007,RS,13,152,46,MIL,PAUT,"VUKCEVIC, DUSAN",2FGA,Missed Two Pointer,0,235,207,B,,,,4,07:00,12,6,
2007,RS,13,152,49,TEL,PAOZ,"HALPERIN, YOTAM",FTM,Free Throw In,1,-1,-1, ,,,,4,07:00,13,6,
2007,RS,13,152,50,TEL,PAOZ,"HALPERIN, YOTAM",FTM,Free Throw In,1,-1,-1, ,,,,4,07:00,14,6,
2007,RS,13,152,51,TEL,PCQD,"CUMMINGS, VONTEEGO",2FGA,Missed Two Pointer,0,358,-2,B,,,,4,07:00,14,6,
2007,RS,13,152,53,MIL,PAUT,"VUKCEVIC, DUSAN",2FGM,Two Pointer,2,-58,135,D,,,,4,07:00,14,8,
2007,RS,13,152,56,MIL,PAUT,"VUKCEVIC, DUSAN",FTM,Free Throw In,1,-1,-1, ,,,,4,07:00,14,9,
2007,RS,13,152,57,TEL,PCQD,"CUMMINGS, VONTEEGO",3FGA,Missed Three Pointer,0,-687,28,F,,,,4,07:00,14,9,
2007,RS,13,152,59,MIL,PKRD,"GALLINARI, DANILO",2FGA,Missed Two Pointer,0,117,476,H,,,,4,07:00,14,9,
2007,RS,13,152,64,MIL,PAUT,"VUKCEVIC, DUSAN",3FGM,Three Pointer,3,569,392,A,,,,4,07:00,14,12,
2007,RS,13,152,68,TEL,PLTS,"MORRIS, TERENCE",2FGM,Two Pointer,2,5,33,C,,,,4,07:00,16,12,
2007,RS,13,152,69,MIL,PAVD,"BOOKER, MELVIN",3FGM,Three Pointer,3,671,48,A,,,,4,07:00,16,15,
2007,RS,13,152,76,MIL,PKNZ,"WATSON, TRAVIS",2FGM,Two Pointer,2,-17,12,D,,,,7,04:00,16,17,
2007,RS,13,152,77,TEL,PAOZ,"HALPERIN, YOTAM",2FGM,Two Pointer,2,51,15,C,,,,7,04:00,18,17,
2007,RS,13,152,78,MIL,PKNZ,"WATSON, TRAVIS",2FGM,Two Pointer,2,-35,12,D,,,,7,04:00,18,19,
2007,RS,13,152,79,TEL,PAOZ,"HALPERIN, YOTAM",3FGA,Missed Three Pointer,0,469,558,G,,,,7,04:00,18,19,
2007,RS,13,152,83,TEL,PTFS,"FIZER, MARCUS",3FGA,Missed Three Pointer,0,-33,707,J,,,,7,04:00,18,19,
2007,RS,13,152,85,TEL,PBES,"BLUTHENTHAL, DAVID",3FGA,Missed Three Pointer,0,-612,307,F,,,,7,04:00,18,19,
2007,RS,13,152,91,TEL,PBES,"BLUTHENTHAL, DAVID",3FGM,Three Pointer,3,-607,407,F,,,,8,03:00,21,19,
2007,RS,13,152,92,MIL,PKRD,"GALLINARI, DANILO",2FGM,Two Pointer,2,12,115,C,,,,8,03:00,21,21,
2007,RS,13,152,95,MIL,PKRD,"GALLINARI, DANILO",2FGA,Missed Two Pointer,0,-30,61,D,,,,8,03:00,21,21,
2007,RS,13,152,97,MIL,PKRD,"GALLINARI, DANILO",2FGM,Two Pointer,2,-35,58,D,,,,8,03:00,21,23,
2007,RS,13,152,107,MIL,PLGS,"SESAY, ANSU",2FGM,Two Pointer,2,12,33,C,,,,9,02:00,21,25,
2007,RS,13,152,110,MIL,PLGS,"SESAY, ANSU",2FGA,Missed Two Pointer,0,243,271,B,,,,9,02:00,21,25,
2007,RS,13,152,112,MIL,PCUG,"SHAW, CASEY",2FGM,Two Pointer,2,-35,69,D,,,,9,02:00,21,27,
2007,RS,13,152,114,TEL,PLFR,"BYNUM, WILL",2FGM,Two Pointer,2,-48,541,I,,,,10,01:00,23,27,
2007,RS,13,152,115,MIL,PKRD,"GALLINARI, DANILO",3FGA,Missed Three Pointer,0,115,792,G,,,,10,01:00,23,27,
2007,RS,13,152,121,MIL,PAVD,"BOOKER, MELVIN",3FGA,Missed Three Pointer,0,-43,720,J,,,,12,09:00,23,27,
2007,RS,13,152,123,TEL,PAOZ,"HALPERIN, YOTAM",2FGA,Missed Two Pointer,0,-523,92,E,,,,12,09:00,23,27,
2007,RS,13,152,127,TEL,PLFR,"BYNUM, WILL",3FGA,Missed Three Pointer,0,-525,484,J,,,,12,09:00,23,27,
2007,RS,13,152,129,TEL,PLTS,"MORRIS, TERENCE",2FGA,Missed Two Pointer,0,-30,41,D,,,,12,09:00,23,27,
2007,RS,13,152,136,MIL,PKRD,"GALLINARI, DANILO",FTM,Free Throw In,1,-1,-1, ,,,,12,09:00,23,28,
2007,RS,13,152,144,MIL,PKRD,"GALLINARI, DANILO",2FGM,Two Pointer,2,-46,20,D,,,,12,09:00,23,30,
2007,RS,13,152,146,MIL,PKRD,"GALLINARI, DANILO",FTM,Free Throw In,1,-1,-1, ,,,,12,09:00,23,31,
2007,RS,13,152,147,TEL,PDHD,"BATISTA, ESTEBAN",2FGA,Missed Two Pointer,0,135,41,C,,,,12,09:00,23,31,
2007,RS,13,152,149,MIL,PAUT,"VUKCEVIC, DUSAN",2FGM,Two Pointer,2,-43,58,D,,,,12,09:00,23,33,
2007,RS,13,152,157,MIL,PLGS,"SESAY, ANSU",2FGM,Two Pointer,2,66,302,C,,,,13,08:00,23,35,
2007,RS,13,152,161,TEL,PDHD,"BATISTA, ESTEBAN",FTM,Free Throw In,1,-1,-1, ,,,,13,08:00,24,35,
2007,RS,13,152,162,TEL,PDHD,"BATISTA, ESTEBAN",FTM,Free Throw In,1,-1,-1, ,,,,13,08:00,25,35,
2007,RS,13,152,163,MIL,PLGS,"SESAY, ANSU",2FGA,Missed Two Pointer,0,315,251,B,,,,13,08:00,25,35,
2007,RS,13,152,165,TEL,PLTS,"MORRIS, TERENCE",3FGA,Missed Three Pointer,0,-469,546,J,,,,13,08:00,25,35,
2007,RS,13,152,167,MIL,PLGS,"SESAY, ANSU",2FGA,Missed Two Pointer,0,179,194,C,,,,13,08:00,25,35,
2007,RS,13,152,176,MIL,PLGS,"SESAY, ANSU",3FGA,Missed Three Pointer,0,53,679,G,,,,14,07:00,25,35,
2007,RS,13,152,178,TEL,PJFO,"CASSPI, OMRI",3FGA,Missed Three Pointer,0,-684,41,F,,,,14,07:00,25,35,
2007,RS,13,152,186,MIL,PCUG,"SHAW, CASEY",FTM,Free Throw In,1,-1,-1, ,,,,15,06:00,25,36,
2007,RS,13,152,187,MIL,PCUG,"SHAW, CASEY",FTM,Free Throw In,1,-1,-1, ,,,,15,06:00,25,37,
2007,RS,13,152,190,TEL,PAPB,"VUJCIC, NIKOLA",FTM,Free Throw In,1,-1,-1, ,,,,15,06:00,26,37,
2007,RS,13,152,191,TEL,PAPB,"VUJCIC, NIKOLA",FTM,Free Throw In,1,-1,-1, ,,,,15,06:00,27,37,
2007,RS,13,152,196,MIL,PKRD,"GALLINARI, DANILO",FTM,Free Throw In,1,-1,-1, ,,,,15,06:00,27,38,
2007,RS,13,152,199,MIL,PCUG,"SHAW, CASEY",2FGA,Missed Two Pointer,0,-58,51,D,,,,15,06:00,27,38,
2007,RS,13,152,201,TEL,PAPB,"VUJCIC, NIKOLA",2FGM,Two Pointer,2,271,41,B,,,,15,06:00,29,38,
2007,RS,13,152,202,MIL,PKRD,"GALLINARI, DANILO",3FGA,Missed Three Pointer,0,635,292,A,,,,15,06:00,29,38,
2007,RS,13,152,204,TEL,PAPB,"VUJCIC, NIKOLA",2FGA,Missed Two Pointer,0,-184,141,D,,,,15,06:00,29,38,
2007,RS,13,152,207,MIL,PKRD,"GALLINARI, DANILO",2FGM,Two Pointer,2,7,66,C,,,,15,06:00,29,40,
2007,RS,13,152,209,TEL,PLFR,"BYNUM, WILL",3FGA,Missed Three Pointer,0,-402,638,J,,,,16,05:00,29,40,
2007,RS,13,152,211,TEL,PAPB,"VUJCIC, NIKOLA",2FGA,Missed Two Pointer,0,-5,28,D,,,,16,05:00,29,40,
2007,RS,13,152,213,TEL,P000615,"GARCIA, ALEX",2FGA,Missed Two Pointer,0,-17,48,D,,,,16,05:00,29,40,
2007,RS,13,152,223,TEL,PLFR,"BYNUM, WILL",FTM,Free Throw In,1,-1,-1, ,,,,17,04:00,30,40,
2007,RS,13,152,226,MIL,PLGS,"SESAY, ANSU",3FGA,Missed Three Pointer,0,612,320,A,,,,17,04:00,30,40,
2007,RS,13,152,228,MIL,PAUT,"VUKCEVIC, DUSAN",3FGA,Missed Three Pointer,0,274,651,G,,,,17,04:00,30,40,
2007,RS,13,152,230,TEL,PAOU,"SHARP, DERRICK",2FGA,Missed Two Pointer,0,-156,117,D,,,,17,04:00,30,40,
2007,RS,13,152,233,TEL,PDHD,"BATISTA, ESTEBAN",2FGM,Two Pointer,2,-87,64,D,,,,17,04:00,32,40,
2007,RS,13,152,236,MIL,PLGS,"SESAY, ANSU",FTM,Free Throw In,1,-1,-1, ,,,,17,04:00,32,41,
2007,RS,13,152,238,TEL,PAOU,"SHARP, DERRICK",2FGM,Two Pointer,2,-197,292,D,,,,17,04:00,34,41,
2007,RS,13,152,244,TEL,P000615,"GARCIA, ALEX",FTM,Free Throw In,1,-1,-1, ,,,,17,04:00,35,41,
2007,RS,13,152,245,TEL,P000615,"GARCIA, ALEX",FTM,Free Throw In,1,-1,-1, ,,,,17,04:00,36,41,
2007,RS,13,152,246,MIL,PAUT,"VUKCEVIC, DUSAN",3FGA,Missed Three Pointer,0,646,317,A,,,,17,04:00,36,41,
2007,RS,13,152,248,MIL,PAVD,"BOOKER, MELVIN",2FGA,Missed Two Pointer,0,89,58,C,,,,17,04:00,36,41,
2007,RS,13,152,251,TEL,PAPB,"VUJCIC, NIKOLA",2FGM,Two Pointer,2,-12,133,D,,,,17,04:00,38,41,
2007,RS,13,152,256,MIL,PAUT,"VUKCEVIC, DUSAN",2FGM,Two Pointer,2,-389,328,E,,,,19,02:00,38,43,
2007,RS,13,152,258,TEL,PDHD,"BATISTA, ESTEBAN",2FGM,Two Pointer,2,-2,130,D,,,,19,02:00,40,43,
2007,RS,13,152,259,MIL,PAUT,"VUKCEVIC, DUSAN",3FGA,Missed Three Pointer,0,412,635,G,,,,19,02:00,40,43,
2007,RS,13,152,266,TEL,PAOZ,"HALPERIN, YOTAM",FTM,Free Throw In,1,-1,-1, ,,,,20,01:00,41,43,
2007,RS,13,152,267,TEL,PAOZ,"HALPERIN, YOTAM",FTM,Free Throw In,1,-1,-1, ,,,,20,01:00,42,43,
2007,RS,13,152,270,MIL,PLGS,"SESAY, ANSU",3FGM,Three Pointer,3,646,158,A,,,,20,01:00,42,46,
2007,RS,13,152,274,TEL,PLTS,"MORRIS, TERENCE",2FGM,Two Pointer,2,20,76,C,,,,20,01:00,44,46,
2007,RS,13,152,286,MIL,PKNZ,"WATSON, TRAVIS",2FGM,Two Pointer,2,61,35,C,,,,21,10:00,44,48,
2007,RS,13,152,288,TEL,PDHD,"BATISTA, ESTEBAN",2FGA,Missed Two Pointer,0,-41,97,D,,,,21,10:00,44,48,
2007,RS,13,152,289,MIL,PLGS,"SESAY, ANSU",2FGA,Missed Two Pointer,0,161,341,C,,,,21,10:00,44,48,
2007,RS,13,152,292,TEL,PAOZ,"HALPERIN, YOTAM",3FGM,Three Pointer,3,351,682,G,,,,21,10:00,47,48,
2007,RS,13,152,293,MIL,PKRD,"GALLINARI, DANILO",2FGA,Missed Two Pointer,0,223,84,C,,,,21,10:00,47,48,
2007,RS,13,152,301,TEL,PBES,"BLUTHENTHAL, DAVID",3FGM,Three Pointer,3,-641,315,F,,,,21,10:00,50,48,
2007,RS,13,152,305,MIL,PKRD,"GALLINARI, DANILO",FTM,Free Throw In,1,-1,-1, ,,,,21,10:00,50,49,
2007,RS,13,152,306,MIL,PKRD,"GALLINARI, DANILO",FTM,Free Throw In,1,-1,-1, ,,,,21,10:00,50,50,
2007,RS,13,152,307,TEL,PCQD,"CUMMINGS, VONTEEGO",2FGM,Two Pointer,2,-71,94,D,,,,21,10:00,52,50,
2007,RS,13,152,310,MIL,PKRD,"GALLINARI, DANILO",3FGM,Three Pointer,3,417,566,G,,,,23,08:00,52,53,
2007,RS,13,152,312,TEL,PLTS,"MORRIS, TERENCE",3FGM,Three Pointer,3,-74,676,J,,,,23,08:00,55,53,
2007,RS,13,152,316,MIL,PKRD,"GALLINARI, DANILO",3FGA,Missed Three Pointer,0,79,797,G,,,,24,07:00,55,53,
2007,RS,13,152,321,TEL,PDHD,"BATISTA, ESTEBAN",FTM,Free Throw In,1,-1,-1, ,,,,24,07:00,56,53,
2007,RS,13,152,329,MIL,PLGS,"SESAY, ANSU",FTM,Free Throw In,1,-1,-1, ,,,,25,06:00,56,54,
2007,RS,13,152,330,MIL,PLGS,"SESAY, ANSU",FTM,Free Throw In,1,-1,-1, ,,,,25,06:00,56,55,
2007,RS,13,152,331,TEL,PBES,"BLUTHENTHAL, DAVID",3FGA,Missed Three Pointer,0,-635,392,F,,,,25,06:00,56,55,
2007,RS,13,152,333,MIL,PAUT,"VUKCEVIC, DUSAN",2FGM,Two Pointer,2,-28,64,D,,,,25,06:00,56,57,
2007,RS,13,152,337,TEL,PAOZ,"HALPERIN, YOTAM",2FGM,Two Pointer,2,-10,46,D,,,,25,06:00,58,57,
2007,RS,13,152,339,MIL,PAVD,"BOOKER, MELVIN",3FGA,Missed Three Pointer,0,517,610,G,,,,26,05:00,58,57,
2007,RS,13,152,341,TEL,PAOZ,"HALPERIN, YOTAM",3FGA,Missed Three Pointer,0,-671,74,F,,,,26,05:00,58,57,
2007,RS,13,152,346,TEL,PAOZ,"HALPERIN, YOTAM",2FGM,Two Pointer,2,-61,33,D,,,,26,05:00,60,57,
2007,RS,13,152,348,MIL,PAUT,"VUKCEVIC, DUSAN",2FGM,Two Pointer,2,17,253,C,,,,26,05:00,60,59,
2007,RS,13,152,350,TEL,PAOZ,"HALPERIN, YOTAM",3FGM,Three Pointer,3,-679,141,F,,,,26,05:00,63,59,
2007,RS,13,152,356,MIL,PKRD,"GALLINARI, DANILO",FTM,Free Throw In,1,-1,-1, ,,,,27,04:00,63,60,
2007,RS,13,152,357,MIL,PKRD,"GALLINARI, DANILO",FTM,Free Throw In,1,-1,-1, ,,,,27,04:00,63,61,
2007,RS,13,152,358,TEL,PLTS,"MORRIS, TERENCE",3FGA,Missed Three Pointer,0,-353,802,J,,,,27,04:00,63,61,
2007,RS,13,152,360,MIL,PAUT,"VUKCEVIC, DUSAN",2FGA,Missed Two Pointer,0,-112,110,D,,,,27,04:00,63,61,
2007,RS,13,152,362,TEL,PLTS,"MORRIS, TERENCE",2FGA,Missed Two Pointer,0,-15,115,D,,,,27,04:00,63,61,
2007,RS,13,152,364,MIL,PLGS,"SESAY, ANSU",3FGA,Missed Three Pointer,0,230,771,G,,,,27,04:00,63,61,
2007,RS,13,152,376,TEL,PLTS,"MORRIS, TERENCE",2FGM,Two Pointer,2,-43,466,I,,,,28,03:00,65,61,
2007,RS,13,152,377,MIL,P000689,"GIOVACCHINI, ANTHONY",2FGM,Two Pointer,2,148,117,C,,,,28,03:00,65,63,
2007,RS,13,152,385,TEL,PAOZ,"HALPERIN, YOTAM",FTM,Free Throw In,1,-1,-1, ,,,,29,02:00,66,63,
2007,RS,13,152,386,TEL,PAOZ,"HALPERIN, YOTAM",FTM,Free Throw In,1,-1,-1, ,,,,29,02:00,67,63,
2007,RS,13,152,387,TEL,PAOZ,"HALPERIN, YOTAM",FTM,Free Throw In,1,-1,-1, ,,,,29,02:00,68,63,
2007,RS,13,152,390,TEL,PLTS,"MORRIS, TERENCE",2FGA,Missed Two Pointer,0,-66,94,D,,,,29,02:00,68,63,
2007,RS,13,152,392,MIL,PKRD,"GALLINARI, DANILO",2FGM,Two Pointer,2,38,23,C,,,,29,02:00,68,65,
2007,RS,13,152,393,TEL,P000615,"GARCIA, ALEX",3FGM,Three Pointer,3,310,625,G,,,,29,02:00,71,65,
2007,RS,13,152,399,TEL,PLFR,"BYNUM, WILL",2FGA,Missed Two Pointer,0,-84,92,D,,,,32,09:00,71,65,
2007,RS,13,152,401,MIL,PKRD,"GALLINARI, DANILO",2FGA,Missed Two Pointer,0,333,161,B,,,,32,09:00,71,65,
2007,RS,13,152,403,MIL,P000689,"GIOVACCHINI, ANTHONY",2FGA,Missed Two Pointer,0,100,412,C,,,,32,09:00,71,65,
2007,RS,13,152,415,MIL,PKNZ,"WATSON, TRAVIS",2FGA,Missed Two Pointer,0,-179,105,D,,,,32,09:00,71,65,
2007,RS,13,152,426,MIL,PAVD,"BOOKER, MELVIN",3FGA,Missed Three Pointer,0,-676,228,F,,,,32,09:00,71,65,
2007,RS,13,152,429,TEL,P000615,"GARCIA, ALEX",2FGM,Two Pointer,2,-15,51,D,,,,32,09:00,73,65,
2007,RS,13,152,430,MIL,PKRD,"GALLINARI, DANILO",3FGA,Missed Three Pointer,0,-397,584,J,,,,32,09:00,73,65,
2007,RS,13,152,434,MIL,PKRD,"GALLINARI, DANILO",FTM,Free Throw In,1,-1,-1, ,,,,32,09:00,73,66,
2007,RS,13,152,435,MIL,PKRD,"GALLINARI, DANILO",FTM,Free Throw In,1,-1,-1, ,,,,32,09:00,73,67,
2007,RS,13,152,437,TEL,PAPB,"VUJCIC, NIKOLA",2FGM,Two Pointer,2,46,107,C,,,,32,09:00,75,67,
2007,RS,13,152,443,MIL,PKNZ,"WATSON, TRAVIS",2FGM,Two Pointer,2,41,133,C,,,,33,08:00,75,69,
2007,RS,13,152,446,TEL,P000615,"GARCIA, ALEX",3FGM,Three Pointer,3,553,430,G,,,,33,08:00,78,69,
2007,RS,13,152,456,MIL,PLGS,"SESAY, ANSU",3FGA,Missed Three Pointer,0,-569,456,J,,,,35,06:00,78,69,
2007,RS,13,152,460,TEL,P000615,"GARCIA, ALEX",2FGM,Two Pointer,2,92,56,C,,,,35,06:00,80,69,
2007,RS,13,152,473,MIL,PKNZ,"WATSON, TRAVIS",FTM,Free Throw In,1,-1,-1, ,,,,36,05:00,80,70,
2007,RS,13,152,475,TEL,PAOU,"SHARP, DERRICK",3FGA,Missed Three Pointer,0,-658,-87,F,,,,36,05:00,80,70,
2007,RS,13,152,477,TEL,PLGD,"ELIYAHU, LIOR",2FGM,Two Pointer,2,-25,53,D,,,,36,05:00,82,70,
2007,RS,13,152,488,MIL,PKRD,"GALLINARI, DANILO",FTM,Free Throw In,1,-1,-1, ,,,,37,04:00,82,71,
2007,RS,13,152,489,MIL,PKRD,"GALLINARI, DANILO",FTM,Free Throw In,1,-1,-1, ,,,,37,04:00,82,72,
2007,RS,13,152,494,MIL,PKRD,"GALLINARI, DANILO",3FGA,Missed Three Pointer,0,438,569,G,,,,37,04:00,82,72,
2007,RS,13,152,501,TEL,PAPB,"VUJCIC, NIKOLA",FTM,Free Throw In,1,-1,-1, ,,,,38,03:00,83,72,
2007,RS,13,152,502,TEL,PAPB,"VUJCIC, NIKOLA",FTM,Free Throw In,1,-1,-1, ,,,,38,03:00,84,72,
2007,RS,13,152,503,MIL,PLGS,"SESAY, ANSU",2FGM,Two Pointer,2,-197,248,D,,,,38,03:00,84,74,
2007,RS,13,152,504,TEL,P000615,"GARCIA, ALEX",3FGA,Missed Three Pointer,0,-410,574,J,,,,38,03:00,84,74,
2007,RS,13,152,508,TEL,P000615,"GARCIA, ALEX",2FGM,Two Pointer,2,-33,100,D,,,,38,03:00,86,74,
2007,RS,13,152,522,TEL,PLGD,"ELIYAHU, LIOR",FTM,Free Throw In,1,-1,-1, ,,,,39,02:00,87,74,
2007,RS,13,152,524,TEL,PCQD,"CUMMINGS, VONTEEGO",2FGM,Two Pointer,2,-17,35,D,,,,39,02:00,89,74,
2007,RS,13,152,525,MIL,PAUT,"VUKCEVIC, DUSAN",3FGA,Missed Three Pointer,0,625,338,A,,,,39,02:00,89,74,
2007,RS,13,152,527,TEL,PDHD,"BATISTA, ESTEBAN",2FGM,Two Pointer,2,-35,120,D,,,,39,02:00,91,74,
2007,RS,13,152,529,MIL,PKRD,"GALLINARI, DANILO",2FGA,Missed Two Pointer,0,343,282,B,,,,39,02:00,91,74,
2007,RS,13,152,531,TEL,PLFR,"BYNUM, WILL",3FGA,Missed Three Pointer,0,720,41,A,,,,39,02:00,91,74,
2007,RS,13,152,538,MIL,PAUT,"VUKCEVIC, DUSAN",FTM,Free Throw In,1,-1,-1, ,,,,40,01:00,91,75,
2007,RS,13,152,539,MIL,PAUT,"VUKCEVIC, DUSAN",FTM,Free Throw In,1,-1,-1, ,,,,40,01:00,91,76,
2007,RS,13,152,540,TEL,PDHD,"BATISTA, ESTEBAN",2FGA,Missed Two Pointer,0,28,15,C,,,,40,01:00,91,76,
2007,RS,13,152,542,TEL,PDHD,"BATISTA, ESTEBAN",2FGA,Missed Two Pointer,0,76,61,C,,,,40,01:00,91,76,
2007,RS,13,152,546,MIL,P000689,"GIOVACCHINI, ANTHONY",3FGA,Missed Three Pointer,0,602,346,A,,,,40,01:00,91,76,
2007,RS,13,153,14,PAN,PBXE,"ZIZIC, ANDRIJA",2FGA,Missed Two Pointer,0,-94,28,D,,,,2,09:00,0,0,
2007,RS,13,153,18,ULK,PARO,"ONAN, OMER",3FGM,Three Pointer,3,-697,35,F,,,,2,09:00,0,3,
2007,RS,13,153,22,PAN,PBXE,"ZIZIC, ANDRIJA",2FGAB,Missed Two Pointer,0,-74,25,D,,,,2,09:00,0,3,
2007,RS,13,153,29,ULK,PTFI,"VIDMAR, GASPER",2FGM,Two Pointer,2,2,2,D,,,,3,08:00,0,5,
2007,RS,13,153,31,PAN,PBXE,"ZIZIC, ANDRIJA",2FGM,Two Pointer,2,46,-10,C,,,,3,08:00,2,5,
2007,RS,13,153,37,ULK,PTFI,"VIDMAR, GASPER",FTM,Free Throw In,1,-1,-1, ,,,,3,08:00,2,6,
2007,RS,13,153,48,PAN,PJKO,"DIAMANTIDIS, DIMITRIS",FTM,Free Throw In,1,-1,-1, ,,,,4,07:00,3,6,
2007,RS,13,153,51,PAN,PACN,"TSARTSARIS, KOSTAS",3FGA,Missed Three Pointer,0,-328,584,J,,,,4,07:00,3,6,
2007,RS,13,153,54,ULK,PCOS,"SOLOMON, WILLIE",2FGA,Missed Two Pointer,0,-28,535,I,,,,5,06:00,3,6,
2007,RS,13,153,56,PAN,PTFY,"WINSTON, KENNEDY",2FGA,Missed Two Pointer,0,-87,56,D,,,,5,06:00,3,6,
2007,RS,13,153,58,PAN,PBXE,"ZIZIC, ANDRIJA",2FGM,Two Pointer,2,41,0,C,,,,5,06:00,5,6,
2007,RS,13,153,64,ULK,PARO,"ONAN, OMER",FTM,Free Throw In,1,-1,-1, ,,,,5,06:00,5,7,
2007,RS,13,153,67,PAN,PBCS,"HATZIVRETTAS, NIKOS",2FGM,Two Pointer,2,-30,-17,D,,,,5,06:00,7,7,
2007,RS,13,153,69,ULK,PCOS,"SOLOMON, WILLIE",2FGM,Two Pointer,2,-28,15,D,,,,6,05:00,7,9,
2007,RS,13,153,70,PAN,PBCS,"HATZIVRETTAS, NIKOS",2FGM,Two Pointer,2,-284,212,E,,,,6,05:00,9,9,
2007,RS,13,153,73,PAN,PJKO,"DIAMANTIDIS, DIMITRIS",3FGA,Missed Three Pointer,0,-410,510,J,,,,6,05:00,9,9,
2007,RS,13,153,83,ULK,PLGR,"BASAK, RASIM",3FGA,Missed Three Pointer,0,656,279,A,,,,7,04:00,9,9,
2007,RS,13,153,92,ULK,PTFI,"VIDMAR, GASPER",FTM,Free Throw In,1,-1,-1, ,,,,7,04:00,9,10,
2007,RS,13,153,98,PAN,PADG,"JASIKEVICIUS, SARUNAS",FTM,Free Throw In,1,-1,-1, ,,,,7,04:00,10,10,
2007,RS,13,153,99,PAN,PADG,"JASIKEVICIUS, SARUNAS",FTM,Free Throw In,1,-1,-1, ,,,,7,04:00,11,10,
2007,RS,13,153,101,ULK,P000709,"ASIK, OMER FARUK",2FGA,Missed Two Pointer,0,30,7,C,,,,7,04:00,11,10,
2007,RS,13,153,111,ULK,PCOS,"SOLOMON, WILLIE",3FGM,Three Pointer,3,-494,484,J,,,,8,03:00,11,13,
2007,RS,13,153,116,PAN,PACN,"TSARTSARIS, KOSTAS",FTM,Free Throw In,1,-1,-1, ,,,,8,03:00,12,13,
2007,RS,13,153,117,PAN,PACN,"TSARTSARIS, KOSTAS",FTM,Free Throw In,1,-1,-1, ,,,,8,03:00,13,13,
2007,RS,13,153,119,ULK,PTFH,"PRELDZIC, EMIR",2FGA,Missed Two Pointer,0,405,-28,B,,,,9,02:00,13,13,
2007,RS,13,153,121,ULK,PCOS,"SOLOMON, WILLIE",3FGA,Missed Three Pointer,0,23,671,G,,,,9,02:00,13,13,
2007,RS,13,153,123,PAN,PJUO,"SPANOULIS, VASSILIS",2FGA,Missed Two Pointer,0,517,-5,B,,,,9,02:00,13,13,
2007,RS,13,153,128,PAN,PTFY,"WINSTON, KENNEDY",3FGA,Missed Three Pointer,0,702,69,A,,,,10,01:00,13,13,
2007,RS,13,153,136,ULK,P000738,"KINSEY, TARENCE",FTM,Free Throw In,1,-1,-1, ,,,,10,01:00,13,14,
2007,RS,13,153,137,ULK,P000738,"KINSEY, TARENCE",FTM,Free Throw In,1,-1,-1, ,,,,10,01:00,13,15,
2007,RS,13,153,138,PAN,PAJV,"BATISTE, MICHAEL",2FGM,Two Pointer,2,64,35,C,,,,10,01:00,15,15,
2007,RS,13,153,141,PAN,PAJV,"BATISTE, MICHAEL",FTM,Free Throw In,1,-1,-1, ,,,,10,01:00,16,15,
2007,RS,13,153,142,ULK,PLGA,"KAAN, DAMIR",2FGA,Missed Two Pointer,0,253,464,H,,,,10,01:00,16,15,
2007,RS,13,153,144,ULK,PJPF,"SAVAS, OGUZ",2FGA,Missed Two Pointer,0,323,82,B,,,,10,01:00,16,15,
2007,RS,13,153,148,ULK,PLGA,"KAAN, DAMIR",3FGA,Missed Three Pointer,0,-646,315,F,,,,11,10:00,16,15,
2007,RS,13,153,150,PAN,PACN,"TSARTSARIS, KOSTAS",2FGM,Two Pointer,2,51,0,C,,,,11,10:00,18,15,
2007,RS,13,153,154,ULK,P000709,"ASIK, OMER FARUK",2FGA,Missed Two Pointer,0,-10,2,D,,,,12,09:00,18,15,
2007,RS,13,153,156,ULK,P000709,"ASIK, OMER FARUK",2FGA,Missed Two Pointer,0,-10,-2,D,,,,12,09:00,18,15,
2007,RS,13,153,160,PAN,PADG,"JASIKEVICIUS, SARUNAS",2FGA,Missed Two Pointer,0,-30,-10,D,,,,12,09:00,18,15,
2007,RS,13,153,162,ULK,PJPF,"SAVAS, OGUZ",3FGA,Missed Three Pointer,0,153,646,G,,,,12,09:00,18,15,
2007,RS,13,153,166,PAN,PJUO,"SPANOULIS, VASSILIS",FTM,Free Throw In,1,-1,-1, ,,,,12,09:00,19,15,
2007,RS,13,153,167,PAN,PJUO,"SPANOULIS, VASSILIS",FTM,Free Throw In,1,-1,-1, ,,,,12,09:00,20,15,
2007,RS,13,153,170,ULK,PTFH,"PRELDZIC, EMIR",FTM,Free Throw In,1,-1,-1, ,,,,12,09:00,20,16,
2007,RS,13,153,171,ULK,PTFH,"PRELDZIC, EMIR",FTM,Free Throw In,1,-1,-1, ,,,,12,09:00,20,17,
2007,RS,13,153,175,PAN,PADG,"JASIKEVICIUS, SARUNAS",3FGM,Three Pointer,3,-671,176,F,,,,13,08:00,23,17,
2007,RS,13,153,180,PAN,PAGG,"BECIROVIC, SANI",3FGA,Missed Three Pointer,0,469,525,G,,,,13,08:00,23,17,
2007,RS,13,153,182,ULK,PTFH,"PRELDZIC, EMIR",3FGA,Missed Three Pointer,0,512,482,G,,,,13,08:00,23,17,
2007,RS,13,153,189,ULK,P000709,"ASIK, OMER FARUK",FTM,Free Throw In,1,-1,-1, ,,,,14,07:00,23,18,
2007,RS,13,153,190,ULK,P000709,"ASIK, OMER FARUK",FTM,Free Throw In,1,-1,-1, ,,,,14,07:00,23,19,
2007,RS,13,153,191,PAN,PABB,"DIKOUDIS, DEMOS",2FGM,Two Pointer,2,7,0,C,,,,14,07:00,25,19,
2007,RS,13,153,194,ULK,P000709,"ASIK, OMER FARUK",2FGA,Missed Two Pointer,0,-110,23,D,,,,14,07:00,25,19,
2007,RS,13,153,196,PAN,PABB,"DIKOUDIS, DEMOS",2FGM,Two Pointer,2,-43,-2,D,,,,14,07:00,27,19,
2007,RS,13,153,198,ULK,PCOS,"SOLOMON, WILLIE",3FGA,Missed Three Pointer,0,-158,656,J,,,,15,06:00,27,19,
2007,RS,13,153,207,PAN,PJUO,"SPANOULIS, VASSILIS",FTM,Free Throw In,1,-1,-1, ,,,,15,06:00,28,19,
2007,RS,13,153,210,PAN,PAGG,"BECIROVIC, SANI",2FGM,Two Pointer,2,-33,0,D,,,,16,05:00,30,19,
2007,RS,13,153,211,ULK,PLGR,"BASAK, RASIM",2FGA,Missed Two Pointer,0,456,-7,B,,,,16,05:00,30,19,
2007,RS,13,153,220,PAN,PADG,"JASIKEVICIUS, SARUNAS",2FGM,Two Pointer,2,61,5,C,,,,16,05:00,32,19,
2007,RS,13,153,222,ULK,PCOS,"SOLOMON, WILLIE",3FGA,Missed Three Pointer,0,-664,69,F,,,,16,05:00,32,19,
2007,RS,13,153,226,ULK,PTHC,"WHITE, JAMES",FTM,Free Throw In,1,-1,-1, ,,,,16,05:00,32,20,
2007,RS,13,153,227,ULK,PTHC,"WHITE, JAMES",FTM,Free Throw In,1,-1,-1, ,,,,16,05:00,32,21,
2007,RS,13,153,229,PAN,PJUO,"SPANOULIS, VASSILIS",2FGAB,Missed Two Pointer,0,58,5,C,,,,17,04:00,32,21,
2007,RS,13,153,233,ULK,PARO,"ONAN, OMER",3FGA,Missed Three Pointer,0,-533,520,J,,,,17,04:00,32,21,
2007,RS,13,153,235,PAN,PAGG,"BECIROVIC, SANI",2FGAB,Missed Two Pointer,0,-38,25,D,,,,17,04:00,32,21,
2007,RS,13,153,239,ULK,PTHC,"WHITE, JAMES",2FGM,Two Pointer,2,61,2,C,,,,17,04:00,32,23,
2007,RS,13,153,246,PAN,PADG,"JASIKEVICIUS, SARUNAS",FTM,Free Throw In,1,-1,-1, ,,,,17,04:00,33,23,
2007,RS,13,153,247,PAN,PADG,"JASIKEVICIUS, SARUNAS",FTM,Free Throw In,1,-1,-1, ,,,,17,04:00,34,23,
2007,RS,13,153,249,ULK,PTFI,"VIDMAR, GASPER",2FGA,Missed Two Pointer,0,48,20,C,,,,18,03:00,34,23,
2007,RS,13,153,251,PAN,PAJV,"BATISTE, MICHAEL",2FGA,Missed Two Pointer,0,428,115,B,,,,18,03:00,34,23,
2007,RS,13,153,253,ULK,PTFI,"VIDMAR, GASPER",2FGM,Two Pointer,2,-2,2,D,,,,18,03:00,34,25,
2007,RS,13,153,259,PAN,PADG,"JASIKEVICIUS, SARUNAS",FTM,Free Throw In,1,-1,-1, ,,,,18,03:00,35,25,
2007,RS,13,153,260,PAN,PADG,"JASIKEVICIUS, SARUNAS",FTM,Free Throw In,1,-1,-1, ,,,,18,03:00,36,25,
2007,RS,13,153,263,PAN,PBXE,"ZIZIC, ANDRIJA",2FGA,Missed Two Pointer,0,10,148,C,,,,19,02:00,36,25,
2007,RS,13,153,265,ULK,PLGR,"BASAK, RASIM",3FGA,Missed Three Pointer,0,294,620,G,,,,19,02:00,36,25,
2007,RS,13,153,267,ULK,PTFI,"VIDMAR, GASPER",2FGM,Two Pointer,2,48,10,C,,,,19,02:00,36,27,
2007,RS,13,153,272,PAN,PAGG,"BECIROVIC, SANI",FTM,Free Throw In,1,-1,-1, ,,,,19,02:00,37,27,
2007,RS,13,153,273,PAN,PAGG,"BECIROVIC, SANI",FTM,Free Throw In,1,-1,-1, ,,,,19,02:00,38,27,
2007,RS,13,153,277,PAN,PJKO,"DIAMANTIDIS, DIMITRIS",2FGM,Two Pointer,2,-41,-17,D,,,,20,01:00,40,27,
2007,RS,13,153,288,PAN,PAGG,"BECIROVIC, SANI",FTM,Free Throw In,1,-1,-1, ,,,,20,01:00,41,27,
2007,RS,13,153,289,ULK,P000709,"ASIK, OMER FARUK",2FGM,Two Pointer,2,7,-2,C,,,,20,01:00,41,29,
2007,RS,13,153,293,PAN,PAGG,"BECIROVIC, SANI",FTM,Free Throw In,1,-1,-1, ,,,,20,01:00,42,29,
2007,RS,13,153,296,ULK,PARO,"ONAN, OMER",3FGA,Missed Three Pointer,0,-266,612,J,,,,20,01:00,42,29,
2007,RS,13,153,305,PAN,PACN,"TSARTSARIS, KOSTAS",2FGA,Missed Two Pointer,0,-66,-17,D,,,,21,10:00,42,29,
2007,RS,13,153,310,PAN,PADG,"JASIKEVICIUS, SARUNAS",2FGA,Missed Two Pointer,0,-187,164,D,,,,21,10:00,42,29,
2007,RS,13,153,312,ULK,PTFH,"PRELDZIC, EMIR",3FGA,Missed Three Pointer,0,697,25,A,,,,21,10:00,42,29,
2007,RS,13,153,314,PAN,PJKO,"DIAMANTIDIS, DIMITRIS",2FGA,Missed Two Pointer,0,110,576,H,,,,21,10:00,42,29,
2007,RS,13,153,317,ULK,P000738,"KINSEY, TARENCE",2FGM,Two Pointer,2,312,343,B,,,,22,09:00,42,31,
2007,RS,13,153,318,PAN,PADG,"JASIKEVICIUS, SARUNAS",2FGM,Two Pointer,2,271,502,H,,,,22,09:00,44,31,
2007,RS,13,153,320,ULK,P000738,"KINSEY, TARENCE",2FGM,Two Pointer,2,56,7,C,,,,22,09:00,44,33,
2007,RS,13,153,323,PAN,PADG,"JASIKEVICIUS, SARUNAS",FTM,Free Throw In,1,-1,-1, ,,,,23,08:00,45,33,
2007,RS,13,153,324,PAN,PADG,"JASIKEVICIUS, SARUNAS",FTM,Free Throw In,1,-1,-1, ,,,,23,08:00,46,33,
2007,RS,13,153,325,PAN,PADG,"JASIKEVICIUS, SARUNAS",3FGM,Three Pointer,3,320,597,G,,,,23,08:00,49,33,
2007,RS,13,153,326,ULK,PTFI,"VIDMAR, GASPER",2FGA,Missed Two Pointer,0,-74,5,D,,,,23,08:00,49,33,
2007,RS,13,153,338,ULK,PJPF,"SAVAS, OGUZ",2FGA,Missed Two Pointer,0,289,415,B,,,,24,07:00,49,33,
2007,RS,13,153,344,ULK,PJPF,"SAVAS, OGUZ",2FGA,Missed Two Pointer,0,130,10,C,,,,24,07:00,49,33,
2007,RS,13,153,346,ULK,PTFH,"PRELDZIC, EMIR",2FGA,Missed Two Pointer,0,17,5,C,,,,24,07:00,49,33,
2007,RS,13,153,354,PAN,PAPH,"ALVERTIS, FRAGISKOS",3FGM,Three Pointer,3,-256,630,J,,,,25,06:00,52,33,
2007,RS,13,153,356,ULK,P000738,"KINSEY, TARENCE",2FGA,Missed Two Pointer,0,-402,69,E,,,,25,06:00,52,33,
2007,RS,13,153,362,ULK,P000738,"KINSEY, TARENCE",2FGM,Two Pointer,2,407,-15,B,,,,25,06:00,52,35,
2007,RS,13,153,364,PAN,PADG,"JASIKEVICIUS, SARUNAS",2FGM,Two Pointer,2,-46,15,D,,,,25,06:00,54,35,
2007,RS,13,153,366,ULK,PTFI,"VIDMAR, GASPER",2FGM,Two Pointer,2,2,-2,D,,,,26,05:00,54,37,
2007,RS,13,153,368,PAN,PAJV,"BATISTE, MICHAEL",2FGM,Two Pointer,2,-12,5,D,,,,26,05:00,56,37,
2007,RS,13,153,372,ULK,PTFH,"PRELDZIC, EMIR",3FGA,Missed Three Pointer,0,-12,669,J,,,,26,05:00,56,37,
2007,RS,13,153,376,ULK,P000738,"KINSEY, TARENCE",2FGM,Two Pointer,2,-48,-7,D,,,,26,05:00,56,39,
2007,RS,13,153,378,PAN,PAPH,"ALVERTIS, FRAGISKOS",3FGM,Three Pointer,3,148,651,G,,,,27,04:00,59,39,
2007,RS,13,153,380,ULK,PTFI,"VIDMAR, GASPER",2FGM,Two Pointer,2,-58,5,D,,,,27,04:00,59,41,
2007,RS,13,153,383,PAN,PAJV,"BATISTE, MICHAEL",2FGM,Two Pointer,2,69,10,C,,,,28,03:00,61,41,
2007,RS,13,153,396,PAN,PAPH,"ALVERTIS, FRAGISKOS",FTM,Free Throw In,1,-1,-1, ,,,,28,03:00,62,41,
2007,RS,13,153,397,PAN,PAPH,"ALVERTIS, FRAGISKOS",FTM,Free Throw In,1,-1,-1, ,,,,28,03:00,63,41,
2007,RS,13,153,398,ULK,P000738,"KINSEY, TARENCE",2FGA,Missed Two Pointer,0,-392,312,E,,,,28,03:00,63,41,
2007,RS,13,153,401,ULK,P000709,"ASIK, OMER FARUK",2FGM,Two Pointer,2,12,0,C,,,,28,03:00,63,43,
2007,RS,13,153,403,PAN,PJUO,"SPANOULIS, VASSILIS",2FGM,Two Pointer,2,46,-5,C,,,,29,02:00,65,43,
2007,RS,13,153,408,ULK,PTHC,"WHITE, JAMES",2FGA,Missed Two Pointer,0,0,105,D,,,,29,02:00,65,43,
2007,RS,13,153,410,PAN,PADG,"JASIKEVICIUS, SARUNAS",3FGM,Three Pointer,3,-676,89,F,,,,29,02:00,68,43,
2007,RS,13,153,413,ULK,PJPF,"SAVAS, OGUZ",3FGM,Three Pointer,3,282,628,G,,,,30,01:00,68,46,
2007,RS,13,153,415,PAN,PJUO,"SPANOULIS, VASSILIS",2FGA,Missed Two Pointer,0,233,433,H,,,,30,01:00,68,46,
2007,RS,13,153,419,PAN,PJUO,"SPANOULIS, VASSILIS",2FGM,Two Pointer,2,38,2,C,,,,30,01:00,70,46,
2007,RS,13,153,429,ULK,P000738,"KINSEY, TARENCE",FTM,Free Throw In,1,-1,-1, ,,,,30,01:00,70,47,
2007,RS,13,153,434,ULK,PTHC,"WHITE, JAMES",3FGA,Missed Three Pointer,0,664,233,A,,,,31,10:00,70,47,
2007,RS,13,153,438,ULK,PTHC,"WHITE, JAMES",3FGA,Missed Three Pointer,0,684,210,A,,,,31,10:00,70,47,
2007,RS,13,153,440,ULK,P000738,"KINSEY, TARENCE",2FGM,Two Pointer,2,-41,5,D,,,,31,10:00,70,49,
2007,RS,13,153,443,ULK,P000738,"KINSEY, TARENCE",FTM,Free Throw In,1,-1,-1, ,,,,31,10:00,70,50,
2007,RS,13,153,444,PAN,PAPH,"ALVERTIS, FRAGISKOS",3FGA,Missed Three Pointer,0,-612,397,F,,,,31,10:00,70,50,
2007,RS,13,153,447,ULK,PLGR,"BASAK, RASIM",3FGA,Missed Three Pointer,0,-2,664,J,,,,32,09:00,70,50,
2007,RS,13,153,455,PAN,PADG,"JASIKEVICIUS, SARUNAS",3FGA,Missed Three Pointer,0,-507,507,J,,,,32,09:00,70,50,
2007,RS,13,153,457,ULK,PTHC,"WHITE, JAMES",2FGM,Two Pointer,2,-41,-2,D,,,,32,09:00,70,52,
2007,RS,13,153,462,ULK,P000738,"KINSEY, TARENCE",2FGA,Missed Two Pointer,0,-7,89,D,,,,33,08:00,70,52,
2007,RS,13,153,464,PAN,PADG,"JASIKEVICIUS, SARUNAS",3FGA,Missed Three Pointer,0,517,392,A,,,,33,08:00,70,52,
2007,RS,13,153,472,PAN,PJUO,"SPANOULIS, VASSILIS",2FGM,Two Pointer,2,51,0,C,,,,33,08:00,72,52,
2007,RS,13,153,475,ULK,PTHC,"WHITE, JAMES",2FGA,Missed Two Pointer,0,-310,76,E,,,,34,07:00,72,52,
2007,RS,13,153,477,PAN,PJUO,"SPANOULIS, VASSILIS",3FGM,Three Pointer,3,-46,689,J,,,,34,07:00,75,52,
2007,RS,13,153,479,ULK,PLFV,"DEMIREL, HAKAN",3FGA,Missed Three Pointer,0,-643,123,F,,,,34,07:00,75,52,
2007,RS,13,153,481,PAN,PKRH,"PERPEROGLOU, EFSTRATIOS",2FGA,Missed Two Pointer,0,-53,5,D,,,,34,07:00,75,52,
2007,RS,13,153,488,ULK,P000738,"KINSEY, TARENCE",FTM,Free Throw In,1,-1,-1, ,,,,35,06:00,75,53,
2007,RS,13,153,489,ULK,P000738,"KINSEY, TARENCE",FTM,Free Throw In,1,-1,-1, ,,,,35,06:00,75,54,
2007,RS,13,153,490,PAN,PKRH,"PERPEROGLOU, EFSTRATIOS",2FGM,Two Pointer,2,41,2,C,,,,35,06:00,77,54,
2007,RS,13,153,497,ULK,P000709,"ASIK, OMER FARUK",FTM,Free Throw In,1,-1,-1, ,,,,35,06:00,77,55,
2007,RS,13,153,498,PAN,PKRH,"PERPEROGLOU, EFSTRATIOS",2FGM,Two Pointer,2,43,0,C,,,,35,06:00,79,55,
2007,RS,13,153,500,ULK,P000738,"KINSEY, TARENCE",3FGA,Missed Three Pointer,0,641,256,A,,,,35,06:00,79,55,
2007,RS,13,153,509,ULK,P000738,"KINSEY, TARENCE",FTM,Free Throw In,1,-1,-1, ,,,,36,05:00,79,56,
2007,RS,13,153,510,ULK,P000738,"KINSEY, TARENCE",FTM,Free Throw In,1,-1,-1, ,,,,36,05:00,79,57,
2007,RS,13,153,511,PAN,PKRH,"PERPEROGLOU, EFSTRATIOS",2FGAB,Missed Two Pointer,0,15,5,C,,,,36,05:00,79,57,
2007,RS,13,153,515,ULK,PLFV,"DEMIREL, HAKAN",2FGA,Missed Two Pointer,0,-43,15,D,,,,36,05:00,79,57,
2007,RS,13,153,517,PAN,PTFY,"WINSTON, KENNEDY",3FGA,Missed Three Pointer,0,535,502,G,,,,36,05:00,79,57,
2007,RS,13,153,519,PAN,PABB,"DIKOUDIS, DEMOS",2FGM,Two Pointer,2,61,15,C,,,,36,05:00,81,57,
2007,RS,13,153,521,ULK,PJPF,"SAVAS, OGUZ",3FGM,Three Pointer,3,658,189,A,,,,37,04:00,81,60,
2007,RS,13,153,523,PAN,PTFY,"WINSTON, KENNEDY",2FGA,Missed Two Pointer,0,-61,61,D,,,,37,04:00,81,60,
2007,RS,13,153,527,ULK,P000738,"KINSEY, TARENCE",2FGM,Two Pointer,2,661,51,A,,,,37,04:00,81,62,
2007,RS,13,153,530,PAN,PKRH,"PERPEROGLOU, EFSTRATIOS",3FGM,Three Pointer,3,-602,405,F,,,,38,03:00,84,62,
2007,RS,13,153,537,PAN,PBCS,"HATZIVRETTAS, NIKOS",FTM,Free Throw In,1,-1,-1, ,,,,38,03:00,85,62,
2007,RS,13,153,538,PAN,PBCS,"HATZIVRETTAS, NIKOS",FTM,Free Throw In,1,-1,-1, ,,,,38,03:00,86,62,
2007,RS,13,153,539,ULK,PTHC,"WHITE, JAMES",2FGM,Two Pointer,2,30,15,C,,,,38,03:00,86,64,
2007,RS,13,153,542,ULK,PTHC,"WHITE, JAMES",FTM,Free Throw In,1,-1,-1, ,,,,38,03:00,86,65,
2007,RS,13,153,543,PAN,PTFY,"WINSTON, KENNEDY",2FGA,Missed Two Pointer,0,46,28,C,,,,38,03:00,86,65,
2007,RS,13,153,545,ULK,P000709,"ASIK, OMER FARUK",2FGA,Missed Two Pointer,0,-174,5,D,,,,38,03:00,86,65,
2007,RS,13,153,548,PAN,PBCS,"HATZIVRETTAS, NIKOS",3FGA,Missed Three Pointer,0,335,592,G,,,,39,02:00,86,65,
2007,RS,13,153,550,ULK,P000738,"KINSEY, TARENCE",3FGA,Missed Three Pointer,0,-674,117,F,,,,39,02:00,86,65,
2007,RS,13,153,554,ULK,PTHC,"WHITE, JAMES",3FGA,Missed Three Pointer,0,-400,541,J,,,,39,02:00,86,65,
2007,RS,13,153,559,ULK,PTHC,"WHITE, JAMES",FTM,Free Throw In,1,-1,-1, ,,,,39,02:00,86,66,
2007,RS,13,153,560,PAN,PAGG,"BECIROVIC, SANI",3FGA,Missed Three Pointer,0,-330,610,J,,,,39,02:00,86,66,
2007,RS,13,153,562,PAN,PABB,"DIKOUDIS, DEMOS",2FGA,Missed Two Pointer,0,-35,17,D,,,,39,02:00,86,66,
2007,RS,13,153,565,ULK,PTHC,"WHITE, JAMES",2FGM,Two Pointer,2,-23,5,D,,,,40,01:00,86,68,
2007,RS,13,153,567,PAN,PABB,"DIKOUDIS, DEMOS",2FGAB,Missed Two Pointer,0,28,35,C,,,,40,01:00,86,68,
2007,RS,13,153,571,ULK,PJPF,"SAVAS, OGUZ",3FGA,Missed Three Pointer,0,38,671,G,,,,40,01:00,86,68,
2007,RS,13,153,573,PAN,PKRH,"PERPEROGLOU, EFSTRATIOS",2FGM,Two Pointer,2,310,151,B,,,,40,01:00,88,68,
2007,RS,13,153,574,ULK,PLFV,"DEMIREL, HAKAN",3FGA,Missed Three Pointer,0,-323,569,J,,,,40,01:00,88,68,
2007,RS,13,154,3,MAD,PTGB,"LLULL, SERGIO",2FGM,Two Pointer,2,-74,82,D,,,,1,10:00,0,2,
2007,RS,13,154,6,MAD,PCRF,"HERVELLE, AXEL",2FGA,Missed Two Pointer,0,471,28,B,,,,1,10:00,0,2,
2007,RS,13,154,8,ROA,PTEV,"HESS, ADAM",2FGM,Two Pointer,2,400,171,B,,,,1,10:00,2,2,
2007,RS,13,154,11,MAD,PCRF,"HERVELLE, AXEL",2FGM,Two Pointer,2,-74,41,D,,,,1,10:00,2,4,
2007,RS,13,154,13,ROA,PTEU,"SALYERS, MARC",2FGA,Missed Two Pointer,0,-497,-33,E,,,,2,09:00,2,4,
2007,RS,13,154,17,MAD,PBFJ,"MUMBRU, ALEX",FTM,Free Throw In,1,-1,-1, ,,,,2,09:00,2,5,
2007,RS,13,154,18,MAD,PBFJ,"MUMBRU, ALEX",FTM,Free Throw In,1,-1,-1, ,,,,2,09:00,2,6,
2007,RS,13,154,19,ROA,PTEV,"HESS, ADAM",3FGA,Missed Three Pointer,0,679,12,A,,,,2,09:00,2,6,
2007,RS,13,154,22,ROA,PTEY,"BADIANE, PAPE",2FGM,Two Pointer,2,-125,38,D,,,,2,09:00,4,6,
2007,RS,13,154,25,MAD,PBFJ,"MUMBRU, ALEX",2FGM,Two Pointer,2,-251,333,E,,,,2,09:00,4,8,
2007,RS,13,154,27,ROA,PTEZ,"RUSH, BRION",2FGM,Two Pointer,2,312,238,B,,,,2,09:00,6,8,
2007,RS,13,154,33,MAD,PTGB,"LLULL, SERGIO",2FGM,Two Pointer,2,-2,15,D,,,,3,08:00,6,10,
2007,RS,13,154,35,ROA,PTEY,"BADIANE, PAPE",2FGM,Two Pointer,2,12,-7,C,,,,3,08:00,8,10,
2007,RS,13,154,36,MAD,PCTN,"SMITH, CHARLES",3FGA,Missed Three Pointer,0,-282,635,J,,,,3,08:00,8,10,
2007,RS,13,154,38,ROA,PTEU,"SALYERS, MARC",2FGM,Two Pointer,2,87,48,C,,,,3,08:00,10,10,
2007,RS,13,154,46,ROA,PTEZ,"RUSH, BRION",3FGA,Missed Three Pointer,0,-492,535,J,,,,4,07:00,10,10,
2007,RS,13,154,48,MAD,PCRF,"HERVELLE, AXEL",3FGA,Missed Three Pointer,0,628,276,A,,,,4,07:00,10,10,
2007,RS,13,154,50,ROA,PTEV,"HESS, ADAM",3FGA,Missed Three Pointer,0,-428,546,J,,,,4,07:00,10,10,
2007,RS,13,154,52,MAD,PAPP,"PAPADOPOULOS, LAZAROS",2FGA,Missed Two Pointer,0,305,76,B,,,,4,07:00,10,10,
2007,RS,13,154,54,MAD,PCRF,"HERVELLE, AXEL",2FGM,Two Pointer,2,94,69,C,,,,4,07:00,10,12,
2007,RS,13,154,55,ROA,PTEX,"PELLIN, MARC-ANTOINE",2FGM,Two Pointer,2,258,417,B,,,,4,07:00,12,12,
2007,RS,13,154,60,MAD,PAPP,"PAPADOPOULOS, LAZAROS",2FGA,Missed Two Pointer,0,197,192,C,,,,6,05:00,12,12,
2007,RS,13,154,64,MAD,PCRF,"HERVELLE, AXEL",2FGM,Two Pointer,2,87,35,C,,,,6,05:00,12,14,
2007,RS,13,154,66,ROA,PTEX,"PELLIN, MARC-ANTOINE",2FGA,Missed Two Pointer,0,435,394,B,,,,6,05:00,12,14,
2007,RS,13,154,68,MAD,PAPP,"PAPADOPOULOS, LAZAROS",2FGM,Two Pointer,2,23,87,C,,,,6,05:00,12,16,
2007,RS,13,154,78,ROA,PTFB,"SOLIMAN, WILLIAMS",FTM,Free Throw In,1,-1,-1, ,,,,7,04:00,13,16,
2007,RS,13,154,80,MAD,PBFJ,"MUMBRU, ALEX",2FGM,Two Pointer,2,84,17,C,,,,7,04:00,13,18,
2007,RS,13,154,81,ROA,PTEZ,"RUSH, BRION",2FGM,Two Pointer,2,120,-10,C,,,,7,04:00,15,18,
2007,RS,13,154,87,ROA,PTFA,"CAZALON, LAURENT",2FGA,Missed Two Pointer,0,-151,189,D,,,,8,03:00,15,18,
2007,RS,13,154,94,ROA,PTFA,"CAZALON, LAURENT",3FGA,Missed Three Pointer,0,-664,64,F,,,,8,03:00,15,18,
2007,RS,13,154,96,ROA,PTFB,"SOLIMAN, WILLIAMS",2FGM,Two Pointer,2,-87,17,D,,,,8,03:00,17,18,
2007,RS,13,154,98,MAD,PAIT,"LOPEZ, RAUL",2FGA,Missed Two Pointer,0,533,-64,B,,,,9,02:00,17,18,
2007,RS,13,154,100,ROA,PTEZ,"RUSH, BRION",3FGA,Missed Three Pointer,0,674,123,A,,,,9,02:00,17,18,
2007,RS,13,154,102,ROA,PTEU,"SALYERS, MARC",3FGA,Missed Three Pointer,0,-317,771,J,,,,9,02:00,17,18,
2007,RS,13,154,104,MAD,PBFJ,"MUMBRU, ALEX",2FGM,Two Pointer,2,87,92,C,,,,9,02:00,17,20,
2007,RS,13,154,115,MAD,PAAX,"REYES, FELIPE",FTM,Free Throw In,1,-1,-1, ,,,,10,01:00,17,21,
2007,RS,13,154,116,MAD,PAAX,"REYES, FELIPE",FTM,Free Throw In,1,-1,-1, ,,,,10,01:00,17,22,
2007,RS,13,154,125,MAD,PAJO,"BULLOCK, LOUIS",FTM,Free Throw In,1,-1,-1, ,,,,10,01:00,17,23,
2007,RS,13,154,126,MAD,PAJO,"BULLOCK, LOUIS",FTM,Free Throw In,1,-1,-1, ,,,,10,01:00,17,24,
2007,RS,13,154,127,ROA,PTFA,"CAZALON, LAURENT",2FGM,Two Pointer,2,428,-7,B,,,,10,01:00,19,24,
2007,RS,13,154,129,MAD,PBFJ,"MUMBRU, ALEX",3FGA,Missed Three Pointer,0,-533,502,J,,,,10,01:00,19,24,
2007,RS,13,154,136,ROA,PTEU,"SALYERS, MARC",2FGM,Two Pointer,2,-20,158,D,,,,11,10:00,21,24,
2007,RS,13,154,137,MAD,PBFJ,"MUMBRU, ALEX",3FGA,Missed Three Pointer,0,-658,171,F,,,,11,10:00,21,24,
2007,RS,13,154,139,ROA,PTFA,"CAZALON, LAURENT",3FGM,Three Pointer,3,230,641,G,,,,11,10:00,24,24,
2007,RS,13,154,141,MAD,PBFJ,"MUMBRU, ALEX",3FGA,Missed Three Pointer,0,-484,494,J,,,,11,10:00,24,24,
2007,RS,13,154,143,ROA,PTEU,"SALYERS, MARC",2FGM,Two Pointer,2,5,417,C,,,,11,10:00,26,24,
2007,RS,13,154,144,MAD,PBFJ,"MUMBRU, ALEX",3FGA,Missed Three Pointer,0,-479,502,J,,,,11,10:00,26,24,
2007,RS,13,154,146,ROA,PTEU,"SALYERS, MARC",3FGA,Missed Three Pointer,0,20,682,G,,,,11,10:00,26,24,
2007,RS,13,154,148,MAD,PAFB,"SEKULIC, BLAGOTA",2FGA,Missed Two Pointer,0,38,505,H,,,,11,10:00,26,24,
2007,RS,13,154,160,MAD,PAFB,"SEKULIC, BLAGOTA",2FGM,Two Pointer,2,64,179,C,,,,13,08:00,26,26,
2007,RS,13,154,161,ROA,PTEU,"SALYERS, MARC",2FGA,Missed Two Pointer,0,184,310,C,,,,13,08:00,26,26,
2007,RS,13,154,168,MAD,PCTN,"SMITH, CHARLES",2FGA,Missed Two Pointer,0,-333,2,E,,,,14,07:00,26,26,
2007,RS,13,154,174,MAD,PAIT,"LOPEZ, RAUL",2FGA,Missed Two Pointer,0,-71,48,D,,,,14,07:00,26,26,
2007,RS,13,154,183,MAD,PAIT,"LOPEZ, RAUL",3FGM,Three Pointer,3,679,166,A,,,,14,07:00,26,29,
2007,RS,13,154,187,MAD,PCTN,"SMITH, CHARLES",2FGM,Two Pointer,2,-46,33,D,,,,14,07:00,26,31,
2007,RS,13,154,193,ROA,PTEY,"BADIANE, PAPE",2FGM,Two Pointer,2,-30,200,D,,,,15,06:00,28,31,
2007,RS,13,154,195,MAD,PAFB,"SEKULIC, BLAGOTA",2FGA,Missed Two Pointer,0,25,133,C,,,,15,06:00,28,31,
2007,RS,13,154,196,MAD,PAIT,"LOPEZ, RAUL",3FGA,Missed Three Pointer,0,-671,123,F,,,,15,06:00,28,31,
2007,RS,13,154,203,ROA,PTFA,"CAZALON, LAURENT",2FGA,Missed Two Pointer,0,48,38,C,,,,16,05:00,28,31,
2007,RS,13,154,212,ROA,PTEY,"BADIANE, PAPE",2FGA,Missed Two Pointer,0,-25,123,D,,,,17,04:00,28,31,
2007,RS,13,154,214,ROA,PTFB,"SOLIMAN, WILLIAMS",2FGM,Two Pointer,2,-84,38,D,,,,17,04:00,30,31,
2007,RS,13,154,216,ROA,PTFB,"SOLIMAN, WILLIAMS",3FGA,Missed Three Pointer,0,371,576,G,,,,17,04:00,30,31,
2007,RS,13,154,222,MAD,PCRF,"HERVELLE, AXEL",FTM,Free Throw In,1,-1,-1, ,,,,17,04:00,30,32,
2007,RS,13,154,230,ROA,PTEV,"HESS, ADAM",FTM,Free Throw In,1,-1,-1, ,,,,17,04:00,31,32,
2007,RS,13,154,233,MAD,PAJO,"BULLOCK, LOUIS",2FGA,Missed Two Pointer,0,507,23,B,,,,17,04:00,31,32,
2007,RS,13,154,241,MAD,PAAX,"REYES, FELIPE",FTM,Free Throw In,1,-1,-1, ,,,,18,03:00,31,33,
2007,RS,13,154,244,MAD,PAAX,"REYES, FELIPE",2FGA,Missed Two Pointer,0,-258,361,E,,,,18,03:00,31,33,
2007,RS,13,154,248,MAD,PAIT,"LOPEZ, RAUL",2FGM,Two Pointer,2,76,202,C,,,,18,03:00,31,35,
2007,RS,13,154,254,ROA,PTEV,"HESS, ADAM",2FGA,Missed Two Pointer,0,33,135,C,,,,19,02:00,31,35,
2007,RS,13,154,256,ROA,PTEX,"PELLIN, MARC-ANTOINE",2FGM,Two Pointer,2,48,43,C,,,,19,02:00,33,35,
2007,RS,13,154,257,MAD,PTGB,"LLULL, SERGIO",3FGA,Missed Three Pointer,0,-671,82,F,,,,19,02:00,33,35,
2007,RS,13,154,260,MAD,PCRF,"HERVELLE, AXEL",2FGM,Two Pointer,2,-25,56,D,,,,19,02:00,33,37,
2007,RS,13,154,263,MAD,PTGB,"LLULL, SERGIO",2FGM,Two Pointer,2,-30,151,D,,,,19,02:00,33,39,
2007,RS,13,154,266,ROA,PTEV,"HESS, ADAM",2FGM,Two Pointer,2,217,402,B,,,,20,01:00,35,39,
2007,RS,13,154,276,MAD,PCRF,"HERVELLE, AXEL",2FGM,Two Pointer,2,-110,35,D,,,,21,10:00,35,41,
2007,RS,13,154,277,ROA,PTEY,"BADIANE, PAPE",2FGM,Two Pointer,2,353,248,B,,,,21,10:00,37,41,
2007,RS,13,154,279,MAD,PBFJ,"MUMBRU, ALEX",3FGA,Missed Three Pointer,0,684,28,A,,,,21,10:00,37,41,
2007,RS,13,154,283,ROA,PTEX,"PELLIN, MARC-ANTOINE",3FGA,Missed Three Pointer,0,694,82,A,,,,21,10:00,37,41,
2007,RS,13,154,285,ROA,PTEV,"HESS, ADAM",3FGA,Missed Three Pointer,0,579,453,G,,,,21,10:00,37,41,
2007,RS,13,154,287,MAD,PAJO,"BULLOCK, LOUIS",3FGM,Three Pointer,3,-605,410,F,,,,21,10:00,37,44,
2007,RS,13,154,291,ROA,PTEZ,"RUSH, BRION",2FGA,Missed Two Pointer,0,264,528,H,,,,23,08:00,37,44,
2007,RS,13,154,294,ROA,PTEY,"BADIANE, PAPE",2FGA,Missed Two Pointer,0,343,33,B,,,,23,08:00,37,44,
2007,RS,13,154,296,ROA,PTEU,"SALYERS, MARC",2FGA,Missed Two Pointer,0,-51,128,D,,,,23,08:00,37,44,
2007,RS,13,154,298,MAD,PAJO,"BULLOCK, LOUIS",3FGM,Three Pointer,3,0,692,J,,,,23,08:00,37,47,
2007,RS,13,154,301,ROA,PTEZ,"RUSH, BRION",2FGA,Missed Two Pointer,0,-397,312,E,,,,24,07:00,37,47,
2007,RS,13,154,303,ROA,PTEU,"SALYERS, MARC",2FGM,Two Pointer,2,-74,189,D,,,,24,07:00,39,47,
2007,RS,13,154,305,MAD,PAPP,"PAPADOPOULOS, LAZAROS",2FGM,Two Pointer,2,-107,89,D,,,,24,07:00,39,49,
2007,RS,13,154,310,MAD,PAPP,"PAPADOPOULOS, LAZAROS",FTM,Free Throw In,1,-1,-1, ,,,,24,07:00,39,50,
2007,RS,13,154,311,ROA,PTEU,"SALYERS, MARC",2FGM,Two Pointer,2,5,5,C,,,,24,07:00,41,50,
2007,RS,13,154,312,MAD,PAPP,"PAPADOPOULOS, LAZAROS",2FGA,Missed Two Pointer,0,128,15,C,,,,24,07:00,41,50,
2007,RS,13,154,314,ROA,PTEU,"SALYERS, MARC",2FGM,Two Pointer,2,-20,128,D,,,,24,07:00,43,50,
2007,RS,13,154,316,MAD,PAJO,"BULLOCK, LOUIS",3FGA,Missed Three Pointer,0,-661,189,F,,,,25,06:00,43,50,
2007,RS,13,154,324,MAD,PBFJ,"MUMBRU, ALEX",FTM,Free Throw In,1,-1,-1, ,,,,25,06:00,43,51,
2007,RS,13,154,325,MAD,PBFJ,"MUMBRU, ALEX",FTM,Free Throw In,1,-1,-1, ,,,,25,06:00,43,52,
2007,RS,13,154,327,ROA,PTEZ,"RUSH, BRION",2FGM,Two Pointer,2,-71,17,D,,,,25,06:00,45,52,
2007,RS,13,154,329,MAD,PAIT,"LOPEZ, RAUL",3FGA,Missed Three Pointer,0,584,376,A,,,,26,05:00,45,52,
2007,RS,13,154,339,MAD,PAPP,"PAPADOPOULOS, LAZAROS",2FGA,Missed Two Pointer,0,135,79,C,,,,26,05:00,45,52,
2007,RS,13,154,341,ROA,PTEU,"SALYERS, MARC",3FGA,Missed Three Pointer,0,-12,717,J,,,,26,05:00,45,52,
2007,RS,13,154,348,MAD,PAAX,"REYES, FELIPE",2FGM,Two Pointer,2,-115,35,D,,,,26,05:00,45,54,
2007,RS,13,154,350,ROA,PTFC,"POUPET, PIERRIC",3FGA,Missed Three Pointer,0,587,461,G,,,,27,04:00,45,54,
2007,RS,13,154,358,ROA,PTEY,"BADIANE, PAPE",2FGA,Missed Two Pointer,0,2,484,H,,,,27,04:00,45,54,
2007,RS,13,154,360,ROA,PTFB,"SOLIMAN, WILLIAMS",2FGM,Two Pointer,2,66,71,C,,,,27,04:00,47,54,
2007,RS,13,154,363,ROA,PTFB,"SOLIMAN, WILLIAMS",FTM,Free Throw In,1,-1,-1, ,,,,27,04:00,48,54,
2007,RS,13,154,372,MAD,PCRF,"HERVELLE, AXEL",2FGAB,Missed Two Pointer,0,-110,125,D,,,,28,03:00,48,54,
2007,RS,13,154,375,ROA,PTEX,"PELLIN, MARC-ANTOINE",2FGM,Two Pointer,2,-251,307,E,,,,28,03:00,50,54,
2007,RS,13,154,377,MAD,PAJO,"BULLOCK, LOUIS",3FGA,Missed Three Pointer,0,464,466,G,,,,28,03:00,50,54,
2007,RS,13,154,386,MAD,PAJO,"BULLOCK, LOUIS",FTM,Free Throw In,1,-1,-1, ,,,,29,02:00,50,55,
2007,RS,13,154,387,MAD,PAJO,"BULLOCK, LOUIS",FTM,Free Throw In,1,-1,-1, ,,,,29,02:00,50,56,
2007,RS,13,154,390,ROA,PTFA,"CAZALON, LAURENT",3FGA,Missed Three Pointer,0,-579,384,F,,,,29,02:00,50,56,
2007,RS,13,154,392,ROA,PTFA,"CAZALON, LAURENT",2FGM,Two Pointer,2,-307,138,E,,,,29,02:00,52,56,
2007,RS,13,154,393,MAD,PCTN,"SMITH, CHARLES",3FGM,Three Pointer,3,558,382,A,,,,29,02:00,52,59,
2007,RS,13,154,395,ROA,PTGW,"WILSON, RAPHAEL",3FGA,Missed Three Pointer,0,15,671,G,,,,29,02:00,52,59,
2007,RS,13,154,397,MAD,PAAX,"REYES, FELIPE",2FGA,Missed Two Pointer,0,-361,230,E,,,,29,02:00,52,59,
2007,RS,13,154,408,MAD,PAJO,"BULLOCK, LOUIS",3FGA,Missed Three Pointer,0,-320,615,J,,,,30,01:00,52,59,
2007,RS,13,154,421,MAD,PCTN,"SMITH, CHARLES",3FGA,Missed Three Pointer,0,-356,638,J,,,,31,10:00,52,59,
2007,RS,13,154,423,MAD,PAFB,"SEKULIC, BLAGOTA",2FGM,Two Pointer,2,-79,61,D,,,,31,10:00,52,61,
2007,RS,13,154,424,ROA,PTEZ,"RUSH, BRION",3FGA,Missed Three Pointer,0,-276,643,J,,,,31,10:00,52,61,
2007,RS,13,154,427,MAD,PCTN,"SMITH, CHARLES",2FGM,Two Pointer,2,2,5,D,,,,31,10:00,52,63,
2007,RS,13,154,432,ROA,PTEU,"SALYERS, MARC",FTM,Free Throw In,1,-1,-1, ,,,,32,09:00,53,63,
2007,RS,13,154,434,ROA,PTEU,"SALYERS, MARC",2FGA,Missed Two Pointer,0,-7,430,I,,,,32,09:00,53,63,
2007,RS,13,154,439,ROA,PTEU,"SALYERS, MARC",2FGM,Two Pointer,2,-10,94,D,,,,32,09:00,55,63,
2007,RS,13,154,442,MAD,PCTN,"SMITH, CHARLES",3FGA,Missed Three Pointer,0,558,376,A,,,,32,09:00,55,63,
2007,RS,13,154,446,ROA,PTEU,"SALYERS, MARC",2FGM,Two Pointer,2,5,76,C,,,,32,09:00,57,63,
2007,RS,13,154,448,MAD,PAJO,"BULLOCK, LOUIS",3FGA,Missed Three Pointer,0,82,648,G,,,,33,08:00,57,63,
2007,RS,13,154,455,ROA,PTEZ,"RUSH, BRION",2FGA,Missed Two Pointer,0,-489,166,E,,,,34,07:00,57,63,
2007,RS,13,154,457,MAD,PCRF,"HERVELLE, AXEL",2FGA,Missed Two Pointer,0,71,35,C,,,,34,07:00,57,63,
2007,RS,13,154,459,MAD,PAFB,"SEKULIC, BLAGOTA",2FGM,Two Pointer,2,-97,48,D,,,,34,07:00,57,65,
2007,RS,13,154,472,MAD,PAJO,"BULLOCK, LOUIS",FTM,Free Throw In,1,-1,-1, ,,,,35,06:00,57,66,
2007,RS,13,154,473,MAD,PAJO,"BULLOCK, LOUIS",FTM,Free Throw In,1,-1,-1, ,,,,35,06:00,57,67,
2007,RS,13,154,476,MAD,PCTN,"SMITH, CHARLES",2FGM,Two Pointer,2,46,58,C,,,,35,06:00,57,69,
2007,RS,13,154,479,MAD,PCTN,"SMITH, CHARLES",FTM,Free Throw In,1,-1,-1, ,,,,35,06:00,57,70,
2007,RS,13,154,480,ROA,PTEU,"SALYERS, MARC",3FGA,Missed Three Pointer,0,-120,694,J,,,,35,06:00,57,70,
2007,RS,13,154,484,ROA,PTEV,"HESS, ADAM",FTM,Free Throw In,1,-1,-1, ,,,,35,06:00,58,70,
2007,RS,13,154,485,ROA,PTEV,"HESS, ADAM",FTM,Free Throw In,1,-1,-1, ,,,,35,06:00,59,70,
2007,RS,13,154,488,MAD,PAAX,"REYES, FELIPE",2FGM,Two Pointer,2,71,23,C,,,,36,05:00,59,72,
2007,RS,13,154,490,ROA,PTEU,"SALYERS, MARC",3FGA,Missed Three Pointer,0,-38,684,J,,,,36,05:00,59,72,
2007,RS,13,154,492,ROA,PTEZ,"RUSH, BRION",2FGA,Missed Two Pointer,0,69,197,C,,,,36,05:00,59,72,
2007,RS,13,154,494,ROA,PTEV,"HESS, ADAM",2FGM,Two Pointer,2,141,151,C,,,,36,05:00,61,72,
2007,RS,13,154,498,MAD,PAAX,"REYES, FELIPE",FTM,Free Throw In,1,-1,-1, ,,,,36,05:00,61,73,
2007,RS,13,154,501,ROA,PTEU,"SALYERS, MARC",FTM,Free Throw In,1,-1,-1, ,,,,36,05:00,62,73,
2007,RS,13,154,502,ROA,PTEU,"SALYERS, MARC",FTM,Free Throw In,1,-1,-1, ,,,,36,05:00,63,73,
2007,RS,13,154,504,MAD,PAAX,"REYES, FELIPE",2FGM,Two Pointer,2,-153,94,D,,,,37,04:00,63,75,
2007,RS,13,154,505,ROA,PTEZ,"RUSH, BRION",2FGA,Missed Two Pointer,0,-528,43,E,,,,37,04:00,63,75,
2007,RS,13,154,507,MAD,PAFB,"SEKULIC, BLAGOTA",2FGA,Missed Two Pointer,0,-164,251,D,,,,37,04:00,63,75,
2007,RS,13,154,509,ROA,PTEV,"HESS, ADAM",2FGA,Missed Two Pointer,0,43,305,C,,,,37,04:00,63,75,
2007,RS,13,154,511,MAD,PAJO,"BULLOCK, LOUIS",FTM,Free Throw In,1,-1,-1, ,,,,37,04:00,63,76,
2007,RS,13,154,512,MAD,PAJO,"BULLOCK, LOUIS",FTM,Free Throw In,1,-1,-1, ,,,,37,04:00,63,77,
2007,RS,13,154,517,ROA,PTFC,"POUPET, PIERRIC",2FGM,Two Pointer,2,158,341,C,,,,38,03:00,65,77,
2007,RS,13,154,523,ROA,PTEY,"BADIANE, PAPE",FTM,Free Throw In,1,-1,-1, ,,,,38,03:00,66,77,
2007,RS,13,154,524,MAD,PAIT,"LOPEZ, RAUL",2FGA,Missed Two Pointer,0,-348,82,E,,,,38,03:00,66,77,
2007,RS,13,154,526,ROA,PTEY,"BADIANE, PAPE",2FGA,Missed Two Pointer,0,500,143,B,,,,38,03:00,66,77,
2007,RS,13,154,533,MAD,PAAX,"REYES, FELIPE",FTM,Free Throw In,1,-1,-1, ,,,,39,02:00,66,78,
2007,RS,13,154,537,MAD,PAFB,"SEKULIC, BLAGOTA",2FGM,Two Pointer,2,-102,94,D,,,,39,02:00,66,80,
2007,RS,13,154,538,ROA,PTFB,"SOLIMAN, WILLIAMS",2FGA,Missed Two Pointer,0,141,15,C,,,,39,02:00,66,80,
2007,RS,13,154,540,MAD,PBFJ,"MUMBRU, ALEX",3FGA,Missed Three Pointer,0,687,87,A,,,,39,02:00,66,80,
2007,RS,13,154,545,MAD,PAAX,"REYES, FELIPE",FTM,Free Throw In,1,-1,-1, ,,,,40,01:00,66,81,
2007,RS,13,154,546,MAD,PAAX,"REYES, FELIPE",FTM,Free Throw In,1,-1,-1, ,,,,40,01:00,66,82,
2007,RS,13,154,547,ROA,PTFC,"POUPET, PIERRIC",2FGA,Missed Two Pointer,0,120,69,C,,,,40,01:00,66,82,
2007,RS,13,154,551,ROA,PTEV,"HESS, ADAM",2FGM,Two Pointer,2,-23,100,D,,,,40,01:00,68,82,
2007,RS,13,154,552,MAD,PAJO,"BULLOCK, LOUIS",3FGAB,Missed Three Pointer,0,-420,533,J,,,,40,01:00,68,82,
2007,RS,13,155,4,BAR,PATA,"LAKOVIC, JAKA",3FGA,Missed Three Pointer,0,-192,658,J,,,,1,10:00,0,0,
2007,RS,13,155,8,ROM,PTFR,"RAY, ALLAN",2FGM,Two Pointer,2,-10,20,D,,,,1,10:00,0,2,
2007,RS,13,155,11,BAR,PLGC,"ACKER, ALEX",3FGA,Missed Three Pointer,0,269,612,G,,,,2,09:00,0,2,
2007,RS,13,155,13,BAR,PADS,"BASILE, GIANLUCA",3FGA,Missed Three Pointer,0,579,343,A,,,,2,09:00,0,2,
2007,RS,13,155,15,ROM,PBWL,"LORBEK, ERAZEM",2FGAB,Missed Two Pointer,0,-17,25,D,,,,2,09:00,0,2,
2007,RS,13,155,19,ROM,PJKN,"GABINI, ROBERTO",2FGM,Two Pointer,2,35,38,C,,,,2,09:00,0,4,
2007,RS,13,155,21,BAR,PADS,"BASILE, GIANLUCA",3FGM,Three Pointer,3,-656,-5,F,,,,3,08:00,3,4,
2007,RS,13,155,23,ROM,PKZA,"HAWKINS, DAVID",2FGM,Two Pointer,2,5,10,C,,,,3,08:00,3,6,
2007,RS,13,155,24,BAR,PLGC,"ACKER, ALEX",3FGM,Three Pointer,3,-353,571,J,,,,3,08:00,6,6,
2007,RS,13,155,27,ROM,PCJA,"UKIC, ROKO-LENI",3FGM,Three Pointer,3,-130,658,J,,,,4,07:00,6,9,
2007,RS,13,155,28,BAR,PAXC,"VAZQUEZ, FRAN",2FGA,Missed Two Pointer,0,438,130,B,,,,4,07:00,6,9,
2007,RS,13,155,30,BAR,PJJF,"TRIAS, JORDI",2FGM,Two Pointer,2,-5,-2,D,,,,4,07:00,8,9,
2007,RS,13,155,38,ROM,PBWL,"LORBEK, ERAZEM",3FGM,Three Pointer,3,-97,669,J,,,,4,07:00,8,12,
2007,RS,13,155,47,ROM,PJKN,"GABINI, ROBERTO",2FGA,Missed Two Pointer,0,97,82,C,,,,5,06:00,8,12,
2007,RS,13,155,50,BAR,PLGC,"ACKER, ALEX",3FGA,Missed Three Pointer,0,-658,5,F,,,,6,05:00,8,12,
2007,RS,13,155,52,ROM,PCJA,"UKIC, ROKO-LENI",3FGA,Missed Three Pointer,0,564,643,G,,,,6,05:00,8,12,
2007,RS,13,155,58,ROM,PKZA,"HAWKINS, DAVID",2FGM,Two Pointer,2,2,2,D,,,,6,05:00,8,14,
2007,RS,13,155,64,BAR,PAXC,"VAZQUEZ, FRAN",2FGM,Two Pointer,2,-30,2,D,,,,7,04:00,10,14,
2007,RS,13,155,67,BAR,PJJF,"TRIAS, JORDI",2FGA,Missed Two Pointer,0,333,102,B,,,,7,04:00,10,14,
2007,RS,13,155,73,BAR,PAXC,"VAZQUEZ, FRAN",FTM,Free Throw In,1,-1,-1, ,,,,7,04:00,11,14,
2007,RS,13,155,74,BAR,PAXC,"VAZQUEZ, FRAN",FTM,Free Throw In,1,-1,-1, ,,,,7,04:00,12,14,
2007,RS,13,155,76,ROM,PBWL,"LORBEK, ERAZEM",3FGM,Three Pointer,3,-48,674,J,,,,8,03:00,12,17,
2007,RS,13,155,78,BAR,PBKE,"GRIMAU, ROGER",2FGAB,Missed Two Pointer,0,12,15,C,,,,8,03:00,12,17,
2007,RS,13,155,82,BAR,PAZU,"SANCHEZ, PEPE",3FGM,Three Pointer,3,-243,669,J,,,,8,03:00,15,17,
2007,RS,13,155,84,ROM,PADB,"DE LA FUENTE, RODRIGO",2FGM,Two Pointer,2,-28,25,D,,,,8,03:00,15,19,
2007,RS,13,155,93,BAR,PAXC,"VAZQUEZ, FRAN",2FGM,Two Pointer,2,400,125,B,,,,9,02:00,17,19,
2007,RS,13,155,95,ROM,PADB,"DE LA FUENTE, RODRIGO",2FGA,Missed Two Pointer,0,-64,33,D,,,,9,02:00,17,19,
2007,RS,13,155,97,ROM,PADB,"DE LA FUENTE, RODRIGO",2FGA,Missed Two Pointer,0,141,146,C,,,,9,02:00,17,19,
2007,RS,13,155,99,BAR,PAZU,"SANCHEZ, PEPE",3FGA,Missed Three Pointer,0,617,212,A,,,,9,02:00,17,19,
2007,RS,13,155,102,ROM,PCJA,"UKIC, ROKO-LENI",3FGM,Three Pointer,3,628,251,A,,,,10,01:00,17,22,
2007,RS,13,155,103,BAR,PLGC,"ACKER, ALEX",3FGM,Three Pointer,3,-553,374,F,,,,10,01:00,20,22,
2007,RS,13,155,104,ROM,PCJA,"UKIC, ROKO-LENI",3FGM,Three Pointer,3,517,441,G,,,,10,01:00,20,25,
2007,RS,13,155,105,BAR,PAXC,"VAZQUEZ, FRAN",2FGM,Two Pointer,2,-64,28,D,,,,10,01:00,22,25,
2007,RS,13,155,114,ROM,PCJA,"UKIC, ROKO-LENI",3FGM,Three Pointer,3,646,156,A,,,,11,10:00,22,28,
2007,RS,13,155,116,BAR,PAXC,"VAZQUEZ, FRAN",2FGM,Two Pointer,2,-102,28,D,,,,11,10:00,24,28,
2007,RS,13,155,124,BAR,PBKE,"GRIMAU, ROGER",2FGM,Two Pointer,2,-56,25,D,,,,12,09:00,26,28,
2007,RS,13,155,125,ROM,PTFR,"RAY, ALLAN",2FGAB,Missed Two Pointer,0,25,43,C,,,,12,09:00,26,28,
2007,RS,13,155,129,BAR,PBKE,"GRIMAU, ROGER",3FGA,Missed Three Pointer,0,-661,64,F,,,,12,09:00,26,28,
2007,RS,13,155,131,ROM,PCJA,"UKIC, ROKO-LENI",2FGA,Missed Two Pointer,0,51,46,C,,,,12,09:00,26,28,
2007,RS,13,155,141,BAR,PAHW,"MARCONATO, DENIS",2FGAB,Missed Two Pointer,0,-71,23,D,,,,13,08:00,26,28,
2007,RS,13,155,145,BAR,PJKP,"ILYASOVA, ERSAN",2FGA,Missed Two Pointer,0,43,28,C,,,,13,08:00,26,28,
2007,RS,13,155,147,ROM,PTFR,"RAY, ALLAN",2FGA,Missed Two Pointer,0,148,535,H,,,,13,08:00,26,28,
2007,RS,13,155,149,BAR,PADS,"BASILE, GIANLUCA",2FGA,Missed Two Pointer,0,-56,10,D,,,,13,08:00,26,28,
2007,RS,13,155,163,BAR,PJKP,"ILYASOVA, ERSAN",FTM,Free Throw In,1,-1,-1, ,,,,14,07:00,27,28,
2007,RS,13,155,164,BAR,PJKP,"ILYASOVA, ERSAN",FTM,Free Throw In,1,-1,-1, ,,,,14,07:00,28,28,
2007,RS,13,155,167,BAR,PATA,"LAKOVIC, JAKA",3FGA,Missed Three Pointer,0,-53,689,J,,,,15,06:00,28,28,
2007,RS,13,155,169,BAR,PJKP,"ILYASOVA, ERSAN",2FGM,Two Pointer,2,-15,33,D,,,,15,06:00,30,28,
2007,RS,13,155,170,ROM,PADB,"DE LA FUENTE, RODRIGO",2FGM,Two Pointer,2,-315,500,I,,,,15,06:00,30,30,
2007,RS,13,155,179,ROM,PKZA,"HAWKINS, DAVID",FTM,Free Throw In,1,-1,-1, ,,,,15,06:00,30,31,
2007,RS,13,155,180,ROM,PKZA,"HAWKINS, DAVID",FTM,Free Throw In,1,-1,-1, ,,,,15,06:00,30,32,
2007,RS,13,155,182,BAR,PBKE,"GRIMAU, ROGER",2FGA,Missed Two Pointer,0,58,-2,C,,,,16,05:00,30,32,
2007,RS,13,155,184,ROM,PKZA,"HAWKINS, DAVID",3FGM,Three Pointer,3,-533,417,F,,,,16,05:00,30,35,
2007,RS,13,155,186,BAR,PAHW,"MARCONATO, DENIS",2FGM,Two Pointer,2,-330,156,E,,,,16,05:00,32,35,
2007,RS,13,155,188,ROM,PCJA,"UKIC, ROKO-LENI",2FGA,Missed Two Pointer,0,-158,141,D,,,,16,05:00,32,35,
2007,RS,13,155,193,BAR,PBKE,"GRIMAU, ROGER",2FGA,Missed Two Pointer,0,25,38,C,,,,17,04:00,32,35,
2007,RS,13,155,196,ROM,PKZA,"HAWKINS, DAVID",2FGA,Missed Two Pointer,0,-53,48,D,,,,17,04:00,32,35,
2007,RS,13,155,198,BAR,PATA,"LAKOVIC, JAKA",2FGM,Two Pointer,2,-317,271,E,,,,17,04:00,34,35,
2007,RS,13,155,200,ROM,PADB,"DE LA FUENTE, RODRIGO",2FGAB,Missed Two Pointer,0,-33,30,D,,,,18,03:00,34,35,
2007,RS,13,155,204,BAR,PJKP,"ILYASOVA, ERSAN",2FGM,Two Pointer,2,-2,28,D,,,,18,03:00,36,35,
2007,RS,13,155,207,ROM,PTFR,"RAY, ALLAN",2FGA,Missed Two Pointer,0,-289,279,E,,,,18,03:00,36,35,
2007,RS,13,155,210,BAR,PATA,"LAKOVIC, JAKA",3FGA,Missed Three Pointer,0,-161,689,J,,,,19,02:00,36,35,
2007,RS,13,155,219,BAR,PAHW,"MARCONATO, DENIS",FTM,Free Throw In,1,-1,-1, ,,,,19,02:00,37,35,
2007,RS,13,155,223,ROM,PBWL,"LORBEK, ERAZEM",2FGA,Missed Two Pointer,0,441,205,B,,,,20,01:00,37,35,
2007,RS,13,155,225,ROM,PCJA,"UKIC, ROKO-LENI",3FGA,Missed Three Pointer,0,479,556,G,,,,20,01:00,37,35,
2007,RS,13,155,227,BAR,PAHW,"MARCONATO, DENIS",2FGM,Two Pointer,2,-41,123,D,,,,20,01:00,39,35,
2007,RS,13,155,238,ROM,PCJA,"UKIC, ROKO-LENI",2FGAB,Missed Two Pointer,0,38,35,C,,,,20,01:00,39,35,
2007,RS,13,155,250,ROM,PTFR,"RAY, ALLAN",2FGA,Missed Two Pointer,0,-300,366,E,,,,21,10:00,39,35,
2007,RS,13,155,252,BAR,PLGC,"ACKER, ALEX",3FGM,Three Pointer,3,551,576,G,,,,21,10:00,42,35,
2007,RS,13,155,254,ROM,PKZA,"HAWKINS, DAVID",2FGM,Two Pointer,2,5,38,C,,,,21,10:00,42,37,
2007,RS,13,155,260,BAR,PAZU,"SANCHEZ, PEPE",2FGM,Two Pointer,2,-15,28,D,,,,22,09:00,44,37,
2007,RS,13,155,261,ROM,PJKN,"GABINI, ROBERTO",3FGM,Three Pointer,3,-17,666,J,,,,22,09:00,44,40,
2007,RS,13,155,263,BAR,PAXC,"VAZQUEZ, FRAN",2FGA,Missed Two Pointer,0,35,69,C,,,,22,09:00,44,40,
2007,RS,13,155,268,ROM,PJKN,"GABINI, ROBERTO",3FGM,Three Pointer,3,-543,379,F,,,,23,08:00,44,43,
2007,RS,13,155,270,BAR,PJKP,"ILYASOVA, ERSAN",3FGA,Missed Three Pointer,0,-238,661,J,,,,23,08:00,44,43,
2007,RS,13,155,276,BAR,PAXC,"VAZQUEZ, FRAN",2FGA,Missed Two Pointer,0,-258,333,E,,,,23,08:00,44,43,
2007,RS,13,155,279,ROM,PKZA,"HAWKINS, DAVID",3FGM,Three Pointer,3,535,441,G,,,,24,07:00,44,46,
2007,RS,13,155,287,BAR,PAXC,"VAZQUEZ, FRAN",FTM,Free Throw In,1,-1,-1, ,,,,24,07:00,45,46,
2007,RS,13,155,288,BAR,PAXC,"VAZQUEZ, FRAN",FTM,Free Throw In,1,-1,-1, ,,,,24,07:00,46,46,
2007,RS,13,155,289,ROM,PJKN,"GABINI, ROBERTO",3FGM,Three Pointer,3,-179,643,J,,,,24,07:00,46,49,
2007,RS,13,155,292,BAR,PLGC,"ACKER, ALEX",2FGM,Two Pointer,2,20,25,C,,,,25,06:00,48,49,
2007,RS,13,155,294,ROM,PCJA,"UKIC, ROKO-LENI",2FGA,Missed Two Pointer,0,-187,256,D,,,,25,06:00,48,49,
2007,RS,13,155,307,ROM,PTFR,"RAY, ALLAN",2FGM,Two Pointer,2,-17,30,D,,,,26,05:00,48,51,
2007,RS,13,155,314,ROM,PTFR,"RAY, ALLAN",2FGM,Two Pointer,2,-12,38,D,,,,27,04:00,48,53,
2007,RS,13,155,317,ROM,PTFR,"RAY, ALLAN",FTM,Free Throw In,1,-1,-1, ,,,,27,04:00,48,54,
2007,RS,13,155,318,BAR,PBKE,"GRIMAU, ROGER",3FGA,Missed Three Pointer,0,-651,53,F,,,,27,04:00,48,54,
2007,RS,13,155,320,ROM,PTFR,"RAY, ALLAN",2FGA,Missed Two Pointer,0,-10,2,D,,,,27,04:00,48,54,
2007,RS,13,155,324,BAR,PADS,"BASILE, GIANLUCA",FTM,Free Throw In,1,-1,-1, ,,,,27,04:00,49,54,
2007,RS,13,155,325,BAR,PADS,"BASILE, GIANLUCA",FTM,Free Throw In,1,-1,-1, ,,,,27,04:00,50,54,
2007,RS,13,155,328,BAR,PATA,"LAKOVIC, JAKA",3FGM,Three Pointer,3,-407,538,J,,,,28,03:00,53,54,
2007,RS,13,155,330,ROM,PADB,"DE LA FUENTE, RODRIGO",2FGM,Two Pointer,2,343,464,H,,,,28,03:00,53,56,
2007,RS,13,155,332,BAR,PADS,"BASILE, GIANLUCA",3FGA,Missed Three Pointer,0,-348,605,J,,,,28,03:00,53,56,
2007,RS,13,155,334,BAR,PATA,"LAKOVIC, JAKA",2FGA,Missed Two Pointer,0,66,46,C,,,,28,03:00,53,56,
2007,RS,13,155,339,ROM,PCJA,"UKIC, ROKO-LENI",3FGA,Missed Three Pointer,0,-523,466,J,,,,29,02:00,53,56,
2007,RS,13,155,345,ROM,PADP,"FUCKA, GREGOR",2FGM,Two Pointer,2,-307,153,E,,,,29,02:00,53,58,
2007,RS,13,155,348,BAR,PAHW,"MARCONATO, DENIS",2FGM,Two Pointer,2,76,125,C,,,,30,01:00,55,58,
2007,RS,13,155,349,ROM,PADB,"DE LA FUENTE, RODRIGO",2FGA,Missed Two Pointer,0,35,35,C,,,,30,01:00,55,58,
2007,RS,13,155,351,ROM,PADB,"DE LA FUENTE, RODRIGO",2FGM,Two Pointer,2,10,17,C,,,,30,01:00,55,60,
2007,RS,13,155,352,BAR,PBKE,"GRIMAU, ROGER",3FGA,Missed Three Pointer,0,658,0,A,,,,30,01:00,55,60,
2007,RS,13,155,359,BAR,PADS,"BASILE, GIANLUCA",FTM,Free Throw In,1,-1,-1, ,,,,30,01:00,56,60,
2007,RS,13,155,360,ROM,PTFR,"RAY, ALLAN",3FGA,Missed Three Pointer,0,-17,1207,J,,,,30,01:00,56,60,
2007,RS,13,155,366,ROM,PCCI,"TONOLLI, ALESSANDRO",3FGA,Missed Three Pointer,0,269,638,G,,,,31,10:00,56,60,
2007,RS,13,155,369,BAR,PADS,"BASILE, GIANLUCA",3FGM,Three Pointer,3,-376,646,J,,,,32,09:00,59,60,
2007,RS,13,155,373,BAR,PJJF,"TRIAS, JORDI",2FGM,Two Pointer,2,-2,7,D,,,,32,09:00,61,60,
2007,RS,13,155,376,ROM,PKZA,"HAWKINS, DAVID",2FGM,Two Pointer,2,-2,151,D,,,,32,09:00,61,62,
2007,RS,13,155,378,BAR,PADS,"BASILE, GIANLUCA",3FGA,Missed Three Pointer,0,-192,658,J,,,,33,08:00,61,62,
2007,RS,13,155,380,ROM,PADP,"FUCKA, GREGOR",2FGA,Missed Two Pointer,0,-405,333,E,,,,33,08:00,61,62,
2007,RS,13,155,382,BAR,PBKE,"GRIMAU, ROGER",2FGM,Two Pointer,2,2,12,D,,,,33,08:00,63,62,
2007,RS,13,155,390,ROM,PBWL,"LORBEK, ERAZEM",2FGA,Missed Two Pointer,0,-120,53,D,,,,34,07:00,63,62,
2007,RS,13,155,394,BAR,PJJF,"TRIAS, JORDI",FTM,Free Throw In,1,-1,-1, ,,,,34,07:00,64,62,
2007,RS,13,155,395,BAR,PJJF,"TRIAS, JORDI",FTM,Free Throw In,1,-1,-1, ,,,,34,07:00,65,62,
2007,RS,13,155,396,ROM,PKZA,"HAWKINS, DAVID",2FGM,Two Pointer,2,23,530,H,,,,34,07:00,65,64,
2007,RS,13,155,402,BAR,PAHW,"MARCONATO, DENIS",2FGA,Missed Two Pointer,0,384,274,B,,,,35,06:00,65,64,
2007,RS,13,155,404,BAR,PBKE,"GRIMAU, ROGER",2FGA,Missed Two Pointer,0,538,274,B,,,,35,06:00,65,64,
2007,RS,13,155,411,ROM,PBWL,"LORBEK, ERAZEM",3FGA,Missed Three Pointer,0,117,676,G,,,,35,06:00,65,64,
2007,RS,13,155,417,ROM,PTFR,"RAY, ALLAN",3FGA,Missed Three Pointer,0,-476,579,J,,,,36,05:00,65,64,
2007,RS,13,155,421,ROM,PKZA,"HAWKINS, DAVID",FTM,Free Throw In,1,-1,-1, ,,,,36,05:00,65,65,
2007,RS,13,155,422,ROM,PKZA,"HAWKINS, DAVID",FTM,Free Throw In,1,-1,-1, ,,,,36,05:00,65,66,
2007,RS,13,155,424,BAR,PADS,"BASILE, GIANLUCA",3FGM,Three Pointer,3,-376,584,J,,,,36,05:00,68,66,
2007,RS,13,155,426,ROM,PBWL,"LORBEK, ERAZEM",2FGA,Missed Two Pointer,0,7,102,C,,,,37,04:00,68,66,
2007,RS,13,155,428,BAR,PBKE,"GRIMAU, ROGER",2FGM,Two Pointer,2,5,189,C,,,,37,04:00,70,66,
2007,RS,13,155,430,ROM,PBWL,"LORBEK, ERAZEM",2FGM,Two Pointer,2,420,164,B,,,,37,04:00,70,68,
2007,RS,13,155,435,BAR,PJJF,"TRIAS, JORDI",2FGA,Missed Two Pointer,0,-35,17,D,,,,38,03:00,70,68,
2007,RS,13,155,437,ROM,PCJA,"UKIC, ROKO-LENI",3FGA,Missed Three Pointer,0,571,343,A,,,,38,03:00,70,68,
2007,RS,13,155,442,BAR,PBKE,"GRIMAU, ROGER",3FGA,Missed Three Pointer,0,253,651,G,,,,39,02:00,70,68,
2007,RS,13,155,444,BAR,PADS,"BASILE, GIANLUCA",3FGA,Missed Three Pointer,0,-279,610,J,,,,39,02:00,70,68,
2007,RS,13,155,449,BAR,PADS,"BASILE, GIANLUCA",3FGA,Missed Three Pointer,0,469,530,G,,,,39,02:00,70,68,
2007,RS,13,155,451,ROM,PTFR,"RAY, ALLAN",3FGM,Three Pointer,3,-661,46,F,,,,39,02:00,70,71,
2007,RS,13,155,454,BAR,PAZU,"SANCHEZ, PEPE",3FGA,Missed Three Pointer,0,-294,615,J,,,,40,01:00,70,71,
2007,RS,13,155,461,ROM,PBWL,"LORBEK, ERAZEM",2FGA,Missed Two Pointer,0,225,474,H,,,,40,01:00,70,71,
2007,RS,13,155,467,ROM,PTFR,"RAY, ALLAN",FTM,Free Throw In,1,-1,-1, ,,,,40,01:00,70,72,
2007,RS,13,155,468,ROM,PTFR,"RAY, ALLAN",FTM,Free Throw In,1,-1,-1, ,,,,40,01:00,70,73,
2007,RS,13,155,472,BAR,PATA,"LAKOVIC, JAKA",FTM,Free Throw In,1,-1,-1, ,,,,40,01:00,71,73,
2007,RS,13,155,473,BAR,PATA,"LAKOVIC, JAKA",FTM,Free Throw In,1,-1,-1, ,,,,40,01:00,72,73,
2007,RS,13,155,477,ROM,PADB,"DE LA FUENTE, RODRIGO",FTM,Free Throw In,1,-1,-1, ,,,,40,01:00,72,74,
2007,RS,13,155,478,ROM,PADB,"DE LA FUENTE, RODRIGO",FTM,Free Throw In,1,-1,-1, ,,,,40,01:00,72,75,
2007,RS,13,155,481,BAR,PADS,"BASILE, GIANLUCA",FTM,Free Throw In,1,-1,-1, ,,,,40,01:00,73,75,
2007,RS,13,155,482,BAR,PADS,"BASILE, GIANLUCA",FTM,Free Throw In,1,-1,-1, ,,,,40,01:00,74,75,
2007,RS,13,155,485,ROM,PKZA,"HAWKINS, DAVID",FTM,Free Throw In,1,-1,-1, ,,,,40,01:00,74,76,
2007,RS,13,155,486,ROM,PKZA,"HAWKINS, DAVID",FTM,Free Throw In,1,-1,-1, ,,,,40,01:00,74,77,
2007,RS,13,155,491,BAR,PATA,"LAKOVIC, JAKA",FTM,Free Throw In,1,-1,-1, ,,,,40,01:00,75,77,
2007,RS,13,155,494,BAR,PADS,"BASILE, GIANLUCA",2FGA,Missed Two Pointer,0,-348,376,E,,,,40,01:00,75,77,
2007,RS,13,156,2,PAR,PLGH,"TEPIC, MILENKO",3FGA,Missed Three Pointer,0,-307,579,J,,,,1,10:00,0,0,
2007,RS,13,156,4,PAR,PKNN,"PEKOVIC, NIKOLA",2FGM,Two Pointer,2,84,43,C,,,,1,10:00,2,0,
2007,RS,13,156,9,PAR,PJNN,"VELICKOVIC, NOVICA",2FGM,Two Pointer,2,-69,23,D,,,,1,10:00,4,0,
2007,RS,13,156,11,BAM,PJJZ,"SUPUT, PREDRAG",2FGM,Two Pointer,2,-120,33,D,,,,1,10:00,4,2,
2007,RS,13,156,14,PAR,PBFE,"KECMAN, DUSAN",2FGA,Missed Two Pointer,0,-76,56,D,,,,2,09:00,4,2,
2007,RS,13,156,21,BAM,PASB,"OKULAJA, ADEMOLA",2FGA,Missed Two Pointer,0,-76,41,D,,,,2,09:00,4,2,
2007,RS,13,156,24,PAR,PKNN,"PEKOVIC, NIKOLA",2FGA,Missed Two Pointer,0,-320,53,E,,,,3,08:00,4,2,
2007,RS,13,156,26,PAR,PJNN,"VELICKOVIC, NOVICA",2FGA,Missed Two Pointer,0,-74,23,D,,,,3,08:00,4,2,
2007,RS,13,156,28,PAR,PTGU,"PALACIO, MILT",3FGA,Missed Three Pointer,0,-223,617,J,,,,3,08:00,4,2,
2007,RS,13,156,29,PAR,PJNN,"VELICKOVIC, NOVICA",3FGA,Missed Three Pointer,0,-176,630,J,,,,3,08:00,4,2,
2007,RS,13,156,30,BAM,PJSS,"HAMANN, STEFFEN",2FGM,Two Pointer,2,-64,23,D,,,,3,08:00,4,4,
2007,RS,13,156,35,BAM,PLPI,"FENN, DARREN",3FGA,Missed Three Pointer,0,382,541,G,,,,4,07:00,4,4,
2007,RS,13,156,37,PAR,PKNN,"PEKOVIC, NIKOLA",2FGA,Missed Two Pointer,0,-169,41,D,,,,4,07:00,4,4,
2007,RS,13,156,39,BAM,PASB,"OKULAJA, ADEMOLA",3FGM,Three Pointer,3,-376,528,J,,,,4,07:00,4,7,
2007,RS,13,156,42,PAR,PKNN,"PEKOVIC, NIKOLA",2FGM,Two Pointer,2,-2,0,D,,,,5,06:00,6,7,
2007,RS,13,156,44,BAM,PLPI,"FENN, DARREN",2FGA,Missed Two Pointer,0,-300,76,E,,,,5,06:00,6,7,
2007,RS,13,156,46,PAR,PLGH,"TEPIC, MILENKO",2FGM,Two Pointer,2,-76,20,D,,,,5,06:00,8,7,
2007,RS,13,156,54,PAR,PLGH,"TEPIC, MILENKO",FTM,Free Throw In,1,-1,-1, ,,,,5,06:00,9,7,
2007,RS,13,156,65,BAM,PLPK,"OHLBRECHT, TIM",FTM,Free Throw In,1,-1,-1, ,,,,6,05:00,9,8,
2007,RS,13,156,68,PAR,PJNN,"VELICKOVIC, NOVICA",2FGA,Missed Two Pointer,0,-269,92,E,,,,6,05:00,9,8,
2007,RS,13,156,74,BAM,PASB,"OKULAJA, ADEMOLA",2FGM,Two Pointer,2,435,284,B,,,,7,04:00,9,10,
2007,RS,13,156,86,BAM,PLPI,"FENN, DARREN",3FGA,Missed Three Pointer,0,-25,651,J,,,,8,03:00,9,10,
2007,RS,13,156,90,BAM,PARF,"DEMIREL, MITHAT",2FGA,Missed Two Pointer,0,128,300,C,,,,8,03:00,9,10,
2007,RS,13,156,92,PAR,PJJY,"BOZIC, PETAR",3FGM,Three Pointer,3,-25,658,J,,,,8,03:00,12,10,
2007,RS,13,156,97,PAR,PJNN,"VELICKOVIC, NOVICA",2FGM,Two Pointer,2,-5,2,D,,,,9,02:00,14,10,
2007,RS,13,156,101,BAM,PLPK,"OHLBRECHT, TIM",2FGA,Missed Two Pointer,0,7,2,C,,,,9,02:00,14,10,
2007,RS,13,156,104,PAR,PBFB,"TRIPKOVIC, UROS",2FGAB,Missed Two Pointer,0,-5,348,D,,,,9,02:00,14,10,
2007,RS,13,156,114,BAM,PJSS,"HAMANN, STEFFEN",3FGA,Missed Three Pointer,0,-643,17,F,,,,10,01:00,14,10,
2007,RS,13,156,116,PAR,PJJY,"BOZIC, PETAR",3FGA,Missed Three Pointer,0,364,535,G,,,,10,01:00,14,10,
2007,RS,13,156,118,PAR,PBGJ,"VRANES, SLAVKO",2FGA,Missed Two Pointer,0,74,10,C,,,,10,01:00,14,10,
2007,RS,13,156,121,PAR,PBGJ,"VRANES, SLAVKO",2FGAB,Missed Two Pointer,0,-66,25,D,,,,10,01:00,14,10,
2007,RS,13,156,124,PAR,PBFE,"KECMAN, DUSAN",2FGA,Missed Two Pointer,0,-312,225,E,,,,10,01:00,14,10,
2007,RS,13,156,137,PAR,PJNN,"VELICKOVIC, NOVICA",2FGM,Two Pointer,2,-2,2,D,,,,11,10:00,16,10,
2007,RS,13,156,138,BAM,PBOF,"GARRETT, ROBERT",3FGA,Missed Three Pointer,0,641,58,A,,,,11,10:00,16,10,
2007,RS,13,156,145,PAR,PBFE,"KECMAN, DUSAN",3FGA,Missed Three Pointer,0,546,364,A,,,,12,09:00,16,10,
2007,RS,13,156,147,PAR,PKNN,"PEKOVIC, NIKOLA",2FGA,Missed Two Pointer,0,464,87,B,,,,12,09:00,16,10,
2007,RS,13,156,150,PAR,PBFB,"TRIPKOVIC, UROS",3FGA,Missed Three Pointer,0,325,566,G,,,,12,09:00,16,10,
2007,RS,13,156,152,PAR,PKNN,"PEKOVIC, NIKOLA",2FGM,Two Pointer,2,51,56,C,,,,12,09:00,18,10,
2007,RS,13,156,164,PAR,PLGH,"TEPIC, MILENKO",2FGM,Two Pointer,2,-292,82,E,,,,13,08:00,20,10,
2007,RS,13,156,167,BAM,PLPI,"FENN, DARREN",3FGM,Three Pointer,3,2,666,G,,,,13,08:00,20,13,
2007,RS,13,156,170,PAR,PBXO,"VITKOVAC, CEDOMIR",3FGM,Three Pointer,3,300,574,G,,,,14,07:00,23,13,
2007,RS,13,156,172,BAM,PARF,"DEMIREL, MITHAT",2FGA,Missed Two Pointer,0,212,441,H,,,,14,07:00,23,13,
2007,RS,13,156,179,PAR,PJNN,"VELICKOVIC, NOVICA",2FGA,Missed Two Pointer,0,-564,30,E,,,,15,06:00,23,13,
2007,RS,13,156,181,PAR,PJNN,"VELICKOVIC, NOVICA",2FGM,Two Pointer,2,-12,69,D,,,,15,06:00,25,13,
2007,RS,13,156,185,BAM,PJSS,"HAMANN, STEFFEN",3FGA,Missed Three Pointer,0,656,94,A,,,,15,06:00,25,13,
2007,RS,13,156,188,PAR,PLGH,"TEPIC, MILENKO",3FGA,Missed Three Pointer,0,641,28,A,,,,16,05:00,25,13,
2007,RS,13,156,190,BAM,PLKE,"DICKEL, MARK",3FGA,Missed Three Pointer,0,-643,117,F,,,,16,05:00,25,13,
2007,RS,13,156,192,PAR,PKNN,"PEKOVIC, NIKOLA",2FGM,Two Pointer,2,28,115,C,,,,16,05:00,27,13,
2007,RS,13,156,198,PAR,PKNN,"PEKOVIC, NIKOLA",FTM,Free Throw In,1,-1,-1, ,,,,16,05:00,28,13,
2007,RS,13,156,205,BAM,PJJZ,"SUPUT, PREDRAG",3FGA,Missed Three Pointer,0,643,33,A,,,,16,05:00,28,13,
2007,RS,13,156,208,PAR,PTGU,"PALACIO, MILT",2FGM,Two Pointer,2,64,87,C,,,,17,04:00,30,13,
2007,RS,13,156,210,BAM,PASB,"OKULAJA, ADEMOLA",2FGAB,Missed Two Pointer,0,-100,33,D,,,,17,04:00,30,13,
2007,RS,13,156,219,PAR,PTGU,"PALACIO, MILT",FTM,Free Throw In,1,-1,-1, ,,,,17,04:00,31,13,
2007,RS,13,156,220,PAR,PTGU,"PALACIO, MILT",FTM,Free Throw In,1,-1,-1, ,,,,17,04:00,32,13,
2007,RS,13,156,228,BAM,PJSS,"HAMANN, STEFFEN",2FGA,Missed Two Pointer,0,-335,100,E,,,,18,03:00,32,13,
2007,RS,13,156,230,PAR,PLGH,"TEPIC, MILENKO",2FGM,Two Pointer,2,-92,48,D,,,,18,03:00,34,13,
2007,RS,13,156,232,BAM,PLPK,"OHLBRECHT, TIM",3FGA,Missed Three Pointer,0,-7,651,J,,,,18,03:00,34,13,
2007,RS,13,156,234,PAR,PBXO,"VITKOVAC, CEDOMIR",3FGM,Three Pointer,3,576,305,A,,,,18,03:00,37,13,
2007,RS,13,156,237,BAM,PJSS,"HAMANN, STEFFEN",2FGA,Missed Two Pointer,0,48,343,C,,,,19,02:00,37,13,
2007,RS,13,156,242,PAR,PLGH,"TEPIC, MILENKO",FTM,Free Throw In,1,-1,-1, ,,,,19,02:00,38,13,
2007,RS,13,156,244,PAR,PBXO,"VITKOVAC, CEDOMIR",2FGM,Two Pointer,2,76,20,C,,,,19,02:00,40,13,
2007,RS,13,156,245,BAM,PBOF,"GARRETT, ROBERT",2FGM,Two Pointer,2,110,341,C,,,,19,02:00,40,15,
2007,RS,13,156,250,PAR,PBFB,"TRIPKOVIC, UROS",FTM,Free Throw In,1,-1,-1, ,,,,20,01:00,41,15,
2007,RS,13,156,251,PAR,PBFB,"TRIPKOVIC, UROS",FTM,Free Throw In,1,-1,-1, ,,,,20,01:00,42,15,
2007,RS,13,156,254,BAM,PJSS,"HAMANN, STEFFEN",3FGM,Three Pointer,3,348,1212,G,,,,20,01:00,42,18,
2007,RS,13,156,272,PAR,PKNN,"PEKOVIC, NIKOLA",2FGA,Missed Two Pointer,0,-282,46,E,,,,21,10:00,42,18,
2007,RS,13,156,274,BAM,PASB,"OKULAJA, ADEMOLA",2FGM,Two Pointer,2,-84,74,D,,,,21,10:00,42,20,
2007,RS,13,156,277,PAR,PBFE,"KECMAN, DUSAN",3FGA,Missed Three Pointer,0,66,646,G,,,,22,09:00,42,20,
2007,RS,13,156,279,BAM,PJSS,"HAMANN, STEFFEN",2FGM,Two Pointer,2,-107,56,D,,,,22,09:00,42,22,
2007,RS,13,156,284,PAR,PLGH,"TEPIC, MILENKO",3FGM,Three Pointer,3,-643,89,F,,,,22,09:00,45,22,
2007,RS,13,156,286,BAM,PJJZ,"SUPUT, PREDRAG",2FGA,Missed Two Pointer,0,189,48,C,,,,23,08:00,45,22,
2007,RS,13,156,290,PAR,PTGU,"PALACIO, MILT",FTM,Free Throw In,1,-1,-1, ,,,,23,08:00,46,22,
2007,RS,13,156,291,PAR,PTGU,"PALACIO, MILT",FTM,Free Throw In,1,-1,-1, ,,,,23,08:00,47,22,
2007,RS,13,156,292,BAM,PBOF,"GARRETT, ROBERT",2FGA,Missed Two Pointer,0,-243,202,E,,,,23,08:00,47,22,
2007,RS,13,156,294,PAR,PKNN,"PEKOVIC, NIKOLA",2FGM,Two Pointer,2,2,5,D,,,,23,08:00,49,22,
2007,RS,13,156,297,BAM,PBOF,"GARRETT, ROBERT",2FGA,Missed Two Pointer,0,107,25,C,,,,24,07:00,49,22,
2007,RS,13,156,299,PAR,PLGH,"TEPIC, MILENKO",3FGM,Three Pointer,3,-638,92,F,,,,24,07:00,52,22,
2007,RS,13,156,301,BAM,PASB,"OKULAJA, ADEMOLA",2FGM,Two Pointer,2,-76,194,D,,,,24,07:00,52,24,
2007,RS,13,156,303,PAR,PTGU,"PALACIO, MILT",2FGA,Missed Two Pointer,0,-276,528,I,,,,25,06:00,52,24,
2007,RS,13,156,313,PAR,PLGH,"TEPIC, MILENKO",2FGM,Two Pointer,2,92,33,C,,,,25,06:00,54,24,
2007,RS,13,156,328,BAM,PLPK,"OHLBRECHT, TIM",2FGM,Two Pointer,2,-182,89,D,,,,26,05:00,54,26,
2007,RS,13,156,332,PAR,PBXO,"VITKOVAC, CEDOMIR",FTM,Free Throw In,1,-1,-1, ,,,,27,04:00,55,26,
2007,RS,13,156,333,PAR,PBXO,"VITKOVAC, CEDOMIR",FTM,Free Throw In,1,-1,-1, ,,,,27,04:00,56,26,
2007,RS,13,156,338,BAM,PLPK,"OHLBRECHT, TIM",2FGA,Missed Two Pointer,0,69,66,C,,,,27,04:00,56,26,
2007,RS,13,156,340,PAR,PBFB,"TRIPKOVIC, UROS",2FGA,Missed Two Pointer,0,597,23,B,,,,27,04:00,56,26,
2007,RS,13,156,344,BAM,PASB,"OKULAJA, ADEMOLA",2FGM,Two Pointer,2,-30,138,D,,,,27,04:00,56,28,
2007,RS,13,156,346,PAR,PJNN,"VELICKOVIC, NOVICA",3FGA,Missed Three Pointer,0,656,48,A,,,,28,03:00,56,28,
2007,RS,13,156,348,BAM,PJSS,"HAMANN, STEFFEN",3FGA,Missed Three Pointer,0,-653,17,F,,,,28,03:00,56,28,
2007,RS,13,156,350,PAR,PJNN,"VELICKOVIC, NOVICA",2FGA,Missed Two Pointer,0,133,56,C,,,,28,03:00,56,28,
2007,RS,13,156,357,BAM,PJSS,"HAMANN, STEFFEN",2FGA,Missed Two Pointer,0,166,53,C,,,,29,02:00,56,28,
2007,RS,13,156,359,PAR,PJNN,"VELICKOVIC, NOVICA",2FGM,Two Pointer,2,197,71,C,,,,29,02:00,58,28,
2007,RS,13,156,362,PAR,PJNN,"VELICKOVIC, NOVICA",FTM,Free Throw In,1,-1,-1, ,,,,29,02:00,59,28,
2007,RS,13,156,364,BAM,PARF,"DEMIREL, MITHAT",3FGAB,Missed Three Pointer,0,123,643,G,,,,29,02:00,59,28,
2007,RS,13,156,367,PAR,PJNN,"VELICKOVIC, NOVICA",2FGM,Two Pointer,2,7,7,C,,,,29,02:00,61,28,
2007,RS,13,156,370,BAM,PJJZ,"SUPUT, PREDRAG",3FGA,Missed Three Pointer,0,-2,653,J,,,,30,01:00,61,28,
2007,RS,13,156,372,PAR,PBGJ,"VRANES, SLAVKO",2FGA,Missed Two Pointer,0,-146,53,D,,,,30,01:00,61,28,
2007,RS,13,156,373,BAM,PJJZ,"SUPUT, PREDRAG",2FGA,Missed Two Pointer,0,274,41,B,,,,30,01:00,61,28,
2007,RS,13,156,379,PAR,PBXO,"VITKOVAC, CEDOMIR",FTM,Free Throw In,1,-1,-1, ,,,,30,01:00,62,28,
2007,RS,13,156,380,PAR,PBXO,"VITKOVAC, CEDOMIR",FTM,Free Throw In,1,-1,-1, ,,,,30,01:00,63,28,
2007,RS,13,156,381,BAM,PJJZ,"SUPUT, PREDRAG",2FGA,Missed Two Pointer,0,-151,243,D,,,,30,01:00,63,28,
2007,RS,13,156,394,BAM,PLPK,"OHLBRECHT, TIM",2FGA,Missed Two Pointer,0,-358,146,E,,,,31,10:00,63,28,
2007,RS,13,156,398,PAR,PBFB,"TRIPKOVIC, UROS",3FGM,Three Pointer,3,646,69,A,,,,31,10:00,66,28,
2007,RS,13,156,401,BAM,PLPK,"OHLBRECHT, TIM",2FGM,Two Pointer,2,-2,5,D,,,,32,09:00,66,30,
2007,RS,13,156,403,PAR,PBFB,"TRIPKOVIC, UROS",3FGA,Missed Three Pointer,0,-20,653,J,,,,32,09:00,66,30,
2007,RS,13,156,406,PAR,PBFE,"KECMAN, DUSAN",FTM,Free Throw In,1,-1,-1, ,,,,32,09:00,67,30,
2007,RS,13,156,407,PAR,PBFE,"KECMAN, DUSAN",FTM,Free Throw In,1,-1,-1, ,,,,32,09:00,68,30,
2007,RS,13,156,408,BAM,PARF,"DEMIREL, MITHAT",2FGA,Missed Two Pointer,0,5,274,C,,,,32,09:00,68,30,
2007,RS,13,156,413,PAR,PKNN,"PEKOVIC, NIKOLA",FTM,Free Throw In,1,-1,-1, ,,,,33,08:00,69,30,
2007,RS,13,156,414,PAR,PKNN,"PEKOVIC, NIKOLA",FTM,Free Throw In,1,-1,-1, ,,,,33,08:00,70,30,
2007,RS,13,156,415,BAM,PJSS,"HAMANN, STEFFEN",2FGM,Two Pointer,2,2,117,D,,,,33,08:00,70,32,
2007,RS,13,156,422,PAR,PKNN,"PEKOVIC, NIKOLA",2FGA,Missed Two Pointer,0,41,133,C,,,,33,08:00,70,32,
2007,RS,13,156,428,BAM,PARF,"DEMIREL, MITHAT",FTM,Free Throw In,1,-1,-1, ,,,,33,08:00,70,33,
2007,RS,13,156,429,BAM,PARF,"DEMIREL, MITHAT",FTM,Free Throw In,1,-1,-1, ,,,,33,08:00,70,34,
2007,RS,13,156,431,PAR,PBFB,"TRIPKOVIC, UROS",2FGA,Missed Two Pointer,0,-143,51,D,,,,34,07:00,70,34,
2007,RS,13,156,437,BAM,PJSE,"PAVIC, IVAN",2FGA,Missed Two Pointer,0,269,166,B,,,,34,07:00,70,34,
2007,RS,13,156,439,PAR,PTGU,"PALACIO, MILT",2FGM,Two Pointer,2,-82,23,D,,,,34,07:00,72,34,
2007,RS,13,156,440,BAM,PJSE,"PAVIC, IVAN",3FGA,Missed Three Pointer,0,-264,597,J,,,,34,07:00,72,34,
2007,RS,13,156,451,PAR,PBFE,"KECMAN, DUSAN",2FGM,Two Pointer,2,69,61,C,,,,35,06:00,74,34,
2007,RS,13,156,452,BAM,PASB,"OKULAJA, ADEMOLA",3FGA,Missed Three Pointer,0,-256,605,J,,,,35,06:00,74,34,
2007,RS,13,156,454,PAR,PBFE,"KECMAN, DUSAN",3FGM,Three Pointer,3,-287,589,J,,,,36,05:00,77,34,
2007,RS,13,156,461,PAR,PJNN,"VELICKOVIC, NOVICA",FTM,Free Throw In,1,-1,-1, ,,,,36,05:00,78,34,
2007,RS,13,156,462,PAR,PJNN,"VELICKOVIC, NOVICA",FTM,Free Throw In,1,-1,-1, ,,,,36,05:00,79,34,
2007,RS,13,156,471,BAM,PJJZ,"SUPUT, PREDRAG",3FGA,Missed Three Pointer,0,646,74,A,,,,37,04:00,79,34,
2007,RS,13,156,473,PAR,PJNN,"VELICKOVIC, NOVICA",2FGM,Two Pointer,2,115,302,C,,,,37,04:00,81,34,
2007,RS,13,156,475,BAM,PLPK,"OHLBRECHT, TIM",2FGAB,Missed Two Pointer,0,10,105,C,,,,37,04:00,81,34,
2007,RS,13,156,479,BAM,PLPK,"OHLBRECHT, TIM",2FGA,Missed Two Pointer,0,271,41,B,,,,37,04:00,81,34,
2007,RS,13,156,482,PAR,PLGH,"TEPIC, MILENKO",2FGA,Missed Two Pointer,0,-38,271,D,,,,38,03:00,81,34,
2007,RS,13,156,489,BAM,PBOF,"GARRETT, ROBERT",FTM,Free Throw In,1,-1,-1, ,,,,38,03:00,81,35,
2007,RS,13,156,490,PAR,PTHY,"MILOSEVIC, STRAHINJA",2FGM,Two Pointer,2,2,7,D,,,,38,03:00,83,35,
2007,RS,13,156,492,BAM,PLPK,"OHLBRECHT, TIM",3FGA,Missed Three Pointer,0,-279,592,J,,,,39,02:00,83,35,
2007,RS,13,156,500,BAM,PASB,"OKULAJA, ADEMOLA",3FGA,Missed Three Pointer,0,417,502,G,,,,39,02:00,83,35,
2007,RS,13,156,502,PAR,PLIT,"DJURKOVIC, MARKO",2FGA,Missed Two Pointer,0,-92,64,D,,,,39,02:00,83,35,
2007,RS,13,156,504,BAM,PLPK,"OHLBRECHT, TIM",2FGM,Two Pointer,2,-84,61,D,,,,39,02:00,83,37,
2007,RS,13,156,507,PAR,PTGU,"PALACIO, MILT",2FGA,Missed Two Pointer,0,141,346,C,,,,40,01:00,83,37,
2007,RS,13,156,509,PAR,PBFB,"TRIPKOVIC, UROS",2FGA,Missed Two Pointer,0,66,33,C,,,,40,01:00,83,37,
2007,RS,13,156,511,BAM,PLPK,"OHLBRECHT, TIM",2FGA,Missed Two Pointer,0,-94,79,D,,,,40,01:00,83,37,
2007,RS,13,156,513,PAR,PTGU,"PALACIO, MILT",2FGM,Two Pointer,2,82,476,H,,,,40,01:00,85,37,
2007,RS,14,157,2,SIE,PCCA,"THORNTON, BOOTSY",2FGA,Missed Two Pointer,0,-94,351,D,,,,1,10:00,0,0,
2007,RS,14,157,6,OLY,PTFV,"WOODS, QYNTEL",3FGA,Missed Three Pointer,0,-630,266,F,,,,1,10:00,0,0,
2007,RS,14,157,9,OLY,PJDR,"TEODOSIC, MILOS",2FGA,Missed Two Pointer,0,30,74,C,,,,1,10:00,0,0,
2007,RS,14,157,11,OLY,P000126,"JACKSON, MARC",2FGA,Missed Two Pointer,0,48,33,C,,,,1,10:00,0,0,
2007,RS,14,157,13,OLY,PJDR,"TEODOSIC, MILOS",2FGM,Two Pointer,2,12,15,C,,,,1,10:00,2,0,
2007,RS,14,157,18,SIE,PCCA,"THORNTON, BOOTSY",FTM,Free Throw In,1,-1,-1, ,,,,2,09:00,2,1,
2007,RS,14,157,20,OLY,PCRR,"GREER, LYNN",3FGA,Missed Three Pointer,0,-543,451,J,,,,2,09:00,2,1,
2007,RS,14,157,22,OLY,P000126,"JACKSON, MARC",2FGA,Missed Two Pointer,0,0,120,D,,,,2,09:00,2,1,
2007,RS,14,157,24,OLY,PCRR,"GREER, LYNN",2FGM,Two Pointer,2,17,30,C,,,,2,09:00,4,1,
2007,RS,14,157,25,SIE,P000731,"MC LEOD, KEITH",3FGA,Missed Three Pointer,0,615,338,A,,,,2,09:00,4,1,
2007,RS,14,157,28,OLY,P000126,"JACKSON, MARC",2FGAB,Missed Two Pointer,0,20,107,C,,,,2,09:00,4,1,
2007,RS,14,157,31,SIE,PKWI,"MCINTYRE, TERRELL",2FGM,Two Pointer,2,-64,141,D,,,,3,08:00,4,3,
2007,RS,14,157,35,OLY,PJDR,"TEODOSIC, MILOS",2FGA,Missed Two Pointer,0,17,35,C,,,,3,08:00,4,3,
2007,RS,14,157,37,SIE,PJOC,"STONEROOK, SHAUN",2FGA,Missed Two Pointer,0,33,156,C,,,,3,08:00,4,3,
2007,RS,14,157,42,OLY,PCRR,"GREER, LYNN",3FGA,Missed Three Pointer,0,289,676,G,,,,4,07:00,4,3,
2007,RS,14,157,44,SIE,PCCA,"THORNTON, BOOTSY",2FGM,Two Pointer,2,182,30,C,,,,4,07:00,4,5,
2007,RS,14,157,58,OLY,PTFV,"WOODS, QYNTEL",3FGM,Three Pointer,3,-289,658,J,,,,5,06:00,7,5,
2007,RS,14,157,60,SIE,PCQO,"EZE, BENJAMIN",FTM,Free Throw In,1,-1,-1, ,,,,5,06:00,7,6,
2007,RS,14,157,61,SIE,PCQO,"EZE, BENJAMIN",2FGM,Two Pointer,2,74,210,C,,,,5,06:00,7,8,
2007,RS,14,157,64,OLY,PJDR,"TEODOSIC, MILOS",FTM,Free Throw In,1,-1,-1, ,,,,5,06:00,8,8,
2007,RS,14,157,65,OLY,PJDR,"TEODOSIC, MILOS",FTM,Free Throw In,1,-1,-1, ,,,,5,06:00,9,8,
2007,RS,14,157,68,SIE,PCQO,"EZE, BENJAMIN",2FGM,Two Pointer,2,107,174,C,,,,5,06:00,9,10,
2007,RS,14,157,77,SIE,PCCA,"THORNTON, BOOTSY",2FGA,Missed Two Pointer,0,-71,576,I,,,,6,05:00,9,10,
2007,RS,14,157,79,OLY,PAMM,"PRINTEZIS, GEORGIOS",3FGA,Missed Three Pointer,0,638,271,A,,,,6,05:00,9,10,
2007,RS,14,157,81,SIE,PCCA,"THORNTON, BOOTSY",3FGA,Missed Three Pointer,0,571,484,G,,,,6,05:00,9,10,
2007,RS,14,157,85,OLY,P000126,"JACKSON, MARC",FTM,Free Throw In,1,-1,-1, ,,,,6,05:00,10,10,
2007,RS,14,157,86,OLY,P000126,"JACKSON, MARC",FTM,Free Throw In,1,-1,-1, ,,,,6,05:00,11,10,
2007,RS,14,157,90,OLY,PCRR,"GREER, LYNN",3FGA,Missed Three Pointer,0,669,320,A,,,,7,04:00,11,10,
2007,RS,14,157,98,OLY,P000126,"JACKSON, MARC",FTM,Free Throw In,1,-1,-1, ,,,,7,04:00,12,10,
2007,RS,14,157,99,OLY,P000126,"JACKSON, MARC",2FGAB,Missed Two Pointer,0,0,105,D,,,,7,04:00,12,10,
2007,RS,14,157,101,OLY,P000126,"JACKSON, MARC",FTM,Free Throw In,1,-1,-1, ,,,,7,04:00,13,10,
2007,RS,14,157,104,SIE,PCCA,"THORNTON, BOOTSY",3FGA,Missed Three Pointer,0,-646,284,F,,,,7,04:00,13,10,
2007,RS,14,157,108,SIE,PBLH,"LAVRINOVIC, KSISTOF",2FGM,Two Pointer,2,128,443,H,,,,8,03:00,13,12,
2007,RS,14,157,109,OLY,P000126,"JACKSON, MARC",2FGA,Missed Two Pointer,0,-64,48,D,,,,8,03:00,13,12,
2007,RS,14,157,117,SIE,PBLH,"LAVRINOVIC, KSISTOF",FTM,Free Throw In,1,-1,-1, ,,,,9,02:00,13,13,
2007,RS,14,157,118,SIE,PBLH,"LAVRINOVIC, KSISTOF",FTM,Free Throw In,1,-1,-1, ,,,,9,02:00,13,14,
2007,RS,14,157,119,OLY,PCRR,"GREER, LYNN",2FGM,Two Pointer,2,-53,5,D,,,,9,02:00,15,14,
2007,RS,14,157,123,SIE,PBLH,"LAVRINOVIC, KSISTOF",FTM,Free Throw In,1,-1,-1, ,,,,9,02:00,15,15,
2007,RS,14,157,126,SIE,PAPS,"ILIEVSKI, VLADO",2FGA,Missed Two Pointer,0,100,184,C,,,,9,02:00,15,15,
2007,RS,14,157,128,SIE,PKWI,"MCINTYRE, TERRELL",2FGA,Missed Two Pointer,0,69,138,C,,,,9,02:00,15,15,
2007,RS,14,157,133,OLY,P000126,"JACKSON, MARC",2FGAB,Missed Two Pointer,0,-210,182,D,,,,10,01:00,15,15,
2007,RS,14,157,141,SIE,PJOC,"STONEROOK, SHAUN",3FGM,Three Pointer,3,582,397,A,,,,10,01:00,15,18,
2007,RS,14,157,147,SIE,PKWI,"MCINTYRE, TERRELL",3FGA,Missed Three Pointer,0,179,707,G,,,,10,01:00,15,18,
2007,RS,14,157,149,SIE,PJOC,"STONEROOK, SHAUN",3FGA,Missed Three Pointer,0,-248,789,J,,,,10,01:00,15,18,
2007,RS,14,157,165,OLY,PJRF,"VASILOPOULOS, PANAGIOTIS",3FGA,Missed Three Pointer,0,5,712,G,,,,11,10:00,15,18,
2007,RS,14,157,167,OLY,PAQU,"BOUROUSIS, IOANNIS",2FGM,Two Pointer,2,43,135,C,,,,11,10:00,17,18,
2007,RS,14,157,169,SIE,PBLH,"LAVRINOVIC, KSISTOF",3FGM,Three Pointer,3,-615,369,F,,,,11,10:00,17,21,
2007,RS,14,157,177,SIE,PAPS,"ILIEVSKI, VLADO",2FGM,Two Pointer,2,320,335,B,,,,12,09:00,17,23,
2007,RS,14,157,178,OLY,PJDR,"TEODOSIC, MILOS",2FGM,Two Pointer,2,-66,84,D,,,,12,09:00,19,23,
2007,RS,14,157,187,SIE,PCCA,"THORNTON, BOOTSY",3FGA,Missed Three Pointer,0,433,538,G,,,,13,08:00,19,23,
2007,RS,14,157,190,SIE,PAPS,"ILIEVSKI, VLADO",2FGM,Two Pointer,2,225,433,H,,,,13,08:00,19,25,
2007,RS,14,157,195,SIE,P000717,"ROMERO, HECTOR",2FGM,Two Pointer,2,53,217,C,,,,13,08:00,19,27,
2007,RS,14,157,201,SIE,PAPS,"ILIEVSKI, VLADO",2FGM,Two Pointer,2,15,66,C,,,,14,07:00,19,29,
2007,RS,14,157,202,OLY,P000126,"JACKSON, MARC",2FGA,Missed Two Pointer,0,271,492,H,,,,14,07:00,19,29,
2007,RS,14,157,204,SIE,P000717,"ROMERO, HECTOR",2FGM,Two Pointer,2,48,71,C,,,,14,07:00,19,31,
2007,RS,14,157,209,SIE,P000717,"ROMERO, HECTOR",3FGA,Missed Three Pointer,0,587,343,A,,,,15,06:00,19,31,
2007,RS,14,157,211,OLY,PALG,"VASILIADIS, KOSTAS",3FGA,Missed Three Pointer,0,61,717,G,,,,15,06:00,19,31,
2007,RS,14,157,218,SIE,PAPS,"ILIEVSKI, VLADO",3FGA,Missed Three Pointer,0,20,705,G,,,,16,05:00,19,31,
2007,RS,14,157,227,OLY,PAMM,"PRINTEZIS, GEORGIOS",2FGM,Two Pointer,2,33,89,C,,,,16,05:00,21,31,
2007,RS,14,157,231,OLY,PAMM,"PRINTEZIS, GEORGIOS",FTM,Free Throw In,1,-1,-1, ,,,,16,05:00,22,31,
2007,RS,14,157,238,OLY,P000126,"JACKSON, MARC",2FGM,Two Pointer,2,-58,35,D,,,,17,04:00,24,31,
2007,RS,14,157,239,SIE,PBLH,"LAVRINOVIC, KSISTOF",3FGM,Three Pointer,3,656,333,A,,,,17,04:00,24,34,
2007,RS,14,157,241,OLY,P000126,"JACKSON, MARC",2FGM,Two Pointer,2,-158,112,D,,,,17,04:00,26,34,
2007,RS,14,157,244,SIE,PAPS,"ILIEVSKI, VLADO",2FGA,Missed Two Pointer,0,-115,135,D,,,,18,03:00,26,34,
2007,RS,14,157,246,OLY,P000126,"JACKSON, MARC",2FGM,Two Pointer,2,25,33,C,,,,18,03:00,28,34,
2007,RS,14,157,252,OLY,P000126,"JACKSON, MARC",FTM,Free Throw In,1,-1,-1, ,,,,18,03:00,29,34,
2007,RS,14,157,256,SIE,PLMK,"CARRARETTO, MARCO",3FGM,Three Pointer,3,-558,302,F,,,,18,03:00,29,37,
2007,RS,14,157,258,OLY,PCRR,"GREER, LYNN",3FGA,Missed Three Pointer,0,369,661,G,,,,19,02:00,29,37,
2007,RS,14,157,260,SIE,PKWI,"MCINTYRE, TERRELL",2FGM,Two Pointer,2,-74,66,D,,,,19,02:00,29,39,
2007,RS,14,157,265,SIE,PBLH,"LAVRINOVIC, KSISTOF",2FGM,Two Pointer,2,30,79,C,,,,19,02:00,29,41,
2007,RS,14,157,267,OLY,PAMM,"PRINTEZIS, GEORGIOS",2FGAB,Missed Two Pointer,0,-46,56,D,,,,20,01:00,29,41,
2007,RS,14,157,269,OLY,PAMM,"PRINTEZIS, GEORGIOS",2FGM,Two Pointer,2,5,5,C,,,,20,01:00,31,41,
2007,RS,14,157,270,SIE,PKWI,"MCINTYRE, TERRELL",3FGA,Missed Three Pointer,0,479,594,G,,,,20,01:00,31,41,
2007,RS,14,157,272,OLY,PALG,"VASILIADIS, KOSTAS",3FGA,Missed Three Pointer,0,97,661,G,,,,20,01:00,31,41,
2007,RS,14,157,282,SIE,PJOC,"STONEROOK, SHAUN",2FGA,Missed Two Pointer,0,-156,269,D,,,,21,10:00,31,41,
2007,RS,14,157,284,OLY,PJDR,"TEODOSIC, MILOS",2FGA,Missed Two Pointer,0,-141,176,D,,,,21,10:00,31,41,
2007,RS,14,157,286,SIE,PAPS,"ILIEVSKI, VLADO",2FGM,Two Pointer,2,-317,317,E,,,,21,10:00,31,43,
2007,RS,14,157,287,OLY,PCRR,"GREER, LYNN",2FGM,Two Pointer,2,-53,58,D,,,,21,10:00,33,43,
2007,RS,14,157,293,OLY,PAQU,"BOUROUSIS, IOANNIS",2FGM,Two Pointer,2,15,17,C,,,,22,09:00,35,43,
2007,RS,14,157,297,SIE,PJOC,"STONEROOK, SHAUN",3FGM,Three Pointer,3,651,284,A,,,,23,08:00,35,46,
2007,RS,14,157,308,OLY,P000126,"JACKSON, MARC",2FGA,Missed Two Pointer,0,-41,143,D,,,,24,07:00,35,46,
2007,RS,14,157,310,SIE,PLMK,"CARRARETTO, MARCO",3FGA,Missed Three Pointer,0,-664,207,F,,,,24,07:00,35,46,
2007,RS,14,157,312,OLY,PJDR,"TEODOSIC, MILOS",3FGA,Missed Three Pointer,0,-79,720,J,,,,24,07:00,35,46,
2007,RS,14,157,317,OLY,PJDR,"TEODOSIC, MILOS",2FGM,Two Pointer,2,-46,79,D,,,,25,06:00,37,46,
2007,RS,14,157,321,OLY,PCRR,"GREER, LYNN",2FGM,Two Pointer,2,2,156,D,,,,25,06:00,39,46,
2007,RS,14,157,325,SIE,PKWI,"MCINTYRE, TERRELL",2FGA,Missed Two Pointer,0,-123,233,D,,,,25,06:00,39,46,
2007,RS,14,157,331,OLY,PTFV,"WOODS, QYNTEL",3FGA,Missed Three Pointer,0,-94,692,J,,,,26,05:00,39,46,
2007,RS,14,157,333,OLY,P000126,"JACKSON, MARC",2FGA,Missed Two Pointer,0,-164,151,D,,,,26,05:00,39,46,
2007,RS,14,157,349,OLY,P000126,"JACKSON, MARC",2FGM,Two Pointer,2,-43,94,D,,,,27,04:00,41,46,
2007,RS,14,157,351,SIE,PKWI,"MCINTYRE, TERRELL",3FGA,Missed Three Pointer,0,-56,694,J,,,,27,04:00,41,46,
2007,RS,14,157,356,SIE,PAPS,"ILIEVSKI, VLADO",3FGM,Three Pointer,3,-435,589,J,,,,28,03:00,41,49,
2007,RS,14,157,357,OLY,PACJ,"PAPAMAKARIOS, MANOLIS",3FGM,Three Pointer,3,-312,671,J,,,,28,03:00,44,49,
2007,RS,14,157,362,SIE,PAPS,"ILIEVSKI, VLADO",2FGA,Missed Two Pointer,0,143,189,C,,,,28,03:00,44,49,
2007,RS,14,157,365,OLY,PAQU,"BOUROUSIS, IOANNIS",3FGM,Three Pointer,3,-389,602,J,,,,29,02:00,47,49,
2007,RS,14,157,369,SIE,PCCA,"THORNTON, BOOTSY",2FGA,Missed Two Pointer,0,15,230,C,,,,29,02:00,47,49,
2007,RS,14,157,374,OLY,PJRF,"VASILOPOULOS, PANAGIOTIS",FTM,Free Throw In,1,-1,-1, ,,,,30,01:00,48,49,
2007,RS,14,157,375,OLY,PJRF,"VASILOPOULOS, PANAGIOTIS",FTM,Free Throw In,1,-1,-1, ,,,,30,01:00,49,49,
2007,RS,14,157,380,SIE,P000731,"MC LEOD, KEITH",3FGM,Three Pointer,3,317,615,G,,,,30,01:00,49,52,
2007,RS,14,157,385,OLY,P000126,"JACKSON, MARC",FTM,Free Throw In,1,-1,-1, ,,,,30,01:00,50,52,
2007,RS,14,157,386,OLY,P000126,"JACKSON, MARC",FTM,Free Throw In,1,-1,-1, ,,,,30,01:00,51,52,
2007,RS,14,157,389,SIE,PLMK,"CARRARETTO, MARCO",2FGA,Missed Two Pointer,0,312,302,B,,,,30,01:00,51,52,
2007,RS,14,157,401,OLY,PJDR,"TEODOSIC, MILOS",2FGA,Missed Two Pointer,0,-69,117,D,,,,31,10:00,51,52,
2007,RS,14,157,406,OLY,PAQU,"BOUROUSIS, IOANNIS",3FGA,Missed Three Pointer,0,171,669,G,,,,31,10:00,51,52,
2007,RS,14,157,411,SIE,P000731,"MC LEOD, KEITH",3FGA,Missed Three Pointer,0,566,474,G,,,,32,09:00,51,52,
2007,RS,14,157,413,OLY,PAQU,"BOUROUSIS, IOANNIS",2FGM,Two Pointer,2,0,71,D,,,,32,09:00,53,52,
2007,RS,14,157,419,SIE,PBLH,"LAVRINOVIC, KSISTOF",3FGM,Three Pointer,3,558,469,G,,,,32,09:00,53,55,
2007,RS,14,157,421,OLY,P000126,"JACKSON, MARC",2FGM,Two Pointer,2,-10,94,D,,,,33,08:00,55,55,
2007,RS,14,157,426,OLY,PCRR,"GREER, LYNN",FTM,Free Throw In,1,-1,-1, ,,,,33,08:00,56,55,
2007,RS,14,157,427,OLY,PCRR,"GREER, LYNN",FTM,Free Throw In,1,-1,-1, ,,,,33,08:00,57,55,
2007,RS,14,157,433,OLY,PACJ,"PAPAMAKARIOS, MANOLIS",3FGM,Three Pointer,3,-674,143,F,,,,34,07:00,60,55,
2007,RS,14,157,436,SIE,PLMK,"CARRARETTO, MARCO",2FGAB,Missed Two Pointer,0,23,117,C,,,,34,07:00,60,55,
2007,RS,14,157,439,OLY,PCRR,"GREER, LYNN",2FGM,Two Pointer,2,-53,82,D,,,,34,07:00,62,55,
2007,RS,14,157,445,SIE,P000731,"MC LEOD, KEITH",FTM,Free Throw In,1,-1,-1, ,,,,35,06:00,62,56,
2007,RS,14,157,446,SIE,P000731,"MC LEOD, KEITH",FTM,Free Throw In,1,-1,-1, ,,,,35,06:00,62,57,
2007,RS,14,157,449,OLY,P000126,"JACKSON, MARC",2FGM,Two Pointer,2,-61,84,D,,,,35,06:00,64,57,
2007,RS,14,157,454,SIE,PKWI,"MCINTYRE, TERRELL",3FGM,Three Pointer,3,-153,679,J,,,,35,06:00,64,60,
2007,RS,14,157,460,OLY,P000126,"JACKSON, MARC",FTM,Free Throw In,1,-1,-1, ,,,,36,05:00,65,60,
2007,RS,14,157,461,OLY,P000126,"JACKSON, MARC",FTM,Free Throw In,1,-1,-1, ,,,,36,05:00,66,60,
2007,RS,14,157,467,OLY,PCRR,"GREER, LYNN",2FGA,Missed Two Pointer,0,10,92,C,,,,36,05:00,66,60,
2007,RS,14,157,471,SIE,PKWI,"MCINTYRE, TERRELL",FTM,Free Throw In,1,-1,-1, ,,,,36,05:00,66,61,
2007,RS,14,157,472,SIE,PKWI,"MCINTYRE, TERRELL",FTM,Free Throw In,1,-1,-1, ,,,,36,05:00,66,62,
2007,RS,14,157,481,SIE,PLMK,"CARRARETTO, MARCO",FTM,Free Throw In,1,-1,-1, ,,,,37,04:00,66,63,
2007,RS,14,157,482,OLY,PACJ,"PAPAMAKARIOS, MANOLIS",2FGM,Two Pointer,2,74,64,C,,,,37,04:00,68,63,
2007,RS,14,157,483,SIE,PKWI,"MCINTYRE, TERRELL",2FGA,Missed Two Pointer,0,69,100,C,,,,37,04:00,68,63,
2007,RS,14,157,485,OLY,PJDR,"TEODOSIC, MILOS",2FGA,Missed Two Pointer,0,-41,153,D,,,,37,04:00,68,63,
2007,RS,14,157,489,SIE,PKWI,"MCINTYRE, TERRELL",3FGM,Three Pointer,3,-574,325,F,,,,38,03:00,68,66,
2007,RS,14,157,492,SIE,PLMK,"CARRARETTO, MARCO",2FGA,Missed Two Pointer,0,30,64,C,,,,38,03:00,68,66,
2007,RS,14,157,495,SIE,PKWI,"MCINTYRE, TERRELL",3FGM,Three Pointer,3,-297,635,J,,,,38,03:00,68,69,
2007,RS,14,157,498,OLY,P000126,"JACKSON, MARC",2FGM,Two Pointer,2,-20,110,D,,,,38,03:00,70,69,
2007,RS,14,157,501,SIE,PKWI,"MCINTYRE, TERRELL",3FGM,Three Pointer,3,187,741,G,,,,39,02:00,70,72,
2007,RS,14,157,504,OLY,PAQU,"BOUROUSIS, IOANNIS",FTM,Free Throw In,1,-1,-1, ,,,,39,02:00,71,72,
2007,RS,14,157,511,SIE,PJOC,"STONEROOK, SHAUN",FTM,Free Throw In,1,-1,-1, ,,,,39,02:00,71,73,
2007,RS,14,157,512,SIE,PJOC,"STONEROOK, SHAUN",FTM,Free Throw In,1,-1,-1, ,,,,39,02:00,71,74,
2007,RS,14,157,514,OLY,PCRR,"GREER, LYNN",2FGAB,Missed Two Pointer,0,-97,76,D,,,,39,02:00,71,74,
2007,RS,14,157,518,OLY,PJDR,"TEODOSIC, MILOS",3FGA,Missed Three Pointer,0,-464,676,J,,,,40,01:00,71,74,
2007,RS,14,157,520,OLY,PCRR,"GREER, LYNN",2FGA,Missed Two Pointer,0,-392,187,E,,,,40,01:00,71,74,
2007,RS,14,157,522,SIE,PJOC,"STONEROOK, SHAUN",3FGM,Three Pointer,3,289,638,G,,,,40,01:00,71,77,
2007,RS,14,157,530,OLY,PCRR,"GREER, LYNN",FTM,Free Throw In,1,-1,-1, ,,,,40,01:00,72,77,
2007,RS,14,157,531,OLY,PCRR,"GREER, LYNN",FTM,Free Throw In,1,-1,-1, ,,,,40,01:00,73,77,
2007,RS,14,157,536,SIE,PKWI,"MCINTYRE, TERRELL",FTM,Free Throw In,1,-1,-1, ,,,,40,01:00,73,78,
2007,RS,14,157,543,SIE,PAPS,"ILIEVSKI, VLADO",FTM,Free Throw In,1,-1,-1, ,,,,40,01:00,73,79,
2007,RS,14,157,544,SIE,PAPS,"ILIEVSKI, VLADO",FTM,Free Throw In,1,-1,-1, ,,,,40,01:00,73,80,
2007,RS,14,157,552,SIE,PLMK,"CARRARETTO, MARCO",3FGA,Missed Three Pointer,0,-615,443,J,,,,40,01:00,73,80,
2007,RS,14,158,2,SOP,PAUL,"STANOJEVIC, JOVO",2FGM,Two Pointer,2,12,148,C,,,,1,10:00,2,0,
2007,RS,14,158,7,SOP,PAUL,"STANOJEVIC, JOVO",2FGA,Missed Two Pointer,0,76,123,C,,,,1,10:00,2,0,
2007,RS,14,158,11,LJU,PAIV,"MILIC, MARKO",2FGA,Missed Two Pointer,0,-5,133,D,,,,1,10:00,2,0,
2007,RS,14,158,13,LJU,PJBJ,"BEGIC, MIRZA",2FGM,Two Pointer,2,46,58,C,,,,1,10:00,2,2,
2007,RS,14,158,14,SOP,PAUL,"STANOJEVIC, JOVO",2FGM,Two Pointer,2,394,128,B,,,,1,10:00,4,2,
2007,RS,14,158,17,LJU,PJBJ,"BEGIC, MIRZA",2FGM,Two Pointer,2,61,33,C,,,,2,09:00,4,4,
2007,RS,14,158,21,LJU,PAIV,"MILIC, MARKO",2FGM,Two Pointer,2,-76,79,D,,,,3,08:00,4,6,
2007,RS,14,158,24,SOP,PABC,"GUROVIC, MILAN",2FGA,Missed Two Pointer,0,184,38,C,,,,3,08:00,4,6,
2007,RS,14,158,27,LJU,PAIV,"MILIC, MARKO",2FGA,Missed Two Pointer,0,-100,23,D,,,,4,07:00,4,6,
2007,RS,14,158,29,LJU,PAIV,"MILIC, MARKO",2FGA,Missed Two Pointer,0,-105,33,D,,,,4,07:00,4,6,
2007,RS,14,158,31,SOP,PACY,"SLANINA, DONATAS",3FGM,Three Pointer,3,-269,633,J,,,,4,07:00,7,6,
2007,RS,14,158,33,LJU,PJBJ,"BEGIC, MIRZA",2FGM,Two Pointer,2,87,61,C,,,,4,07:00,7,8,
2007,RS,14,158,38,SOP,PAUL,"STANOJEVIC, JOVO",2FGM,Two Pointer,2,-5,79,D,,,,5,06:00,9,8,
2007,RS,14,158,46,SOP,PABC,"GUROVIC, MILAN",3FGA,Missed Three Pointer,0,10,684,G,,,,5,06:00,9,8,
2007,RS,14,158,49,LJU,PBPV,"GORENC, BORIS",2FGM,Two Pointer,2,56,20,C,,,,6,05:00,9,10,
2007,RS,14,158,51,SOP,PABC,"GUROVIC, MILAN",2FGA,Missed Two Pointer,0,-84,20,D,,,,6,05:00,9,10,
2007,RS,14,158,53,LJU,PAPY,"HUKIC, JASMIN",3FGM,Three Pointer,3,92,689,G,,,,6,05:00,9,13,
2007,RS,14,158,59,SOP,PAUL,"STANOJEVIC, JOVO",FTM,Free Throw In,1,-1,-1, ,,,,6,05:00,10,13,
2007,RS,14,158,60,SOP,PAUL,"STANOJEVIC, JOVO",FTM,Free Throw In,1,-1,-1, ,,,,6,05:00,11,13,
2007,RS,14,158,66,LJU,PJBJ,"BEGIC, MIRZA",2FGA,Missed Two Pointer,0,-300,-30,E,,,,7,04:00,11,13,
2007,RS,14,158,68,SOP,P000747,"SOW, PAPE",2FGM,Two Pointer,2,20,64,C,,,,7,04:00,13,13,
2007,RS,14,158,70,LJU,PAPY,"HUKIC, JASMIN",2FGA,Missed Two Pointer,0,266,51,B,,,,7,04:00,13,13,
2007,RS,14,158,85,LJU,PBPV,"GORENC, BORIS",2FGM,Two Pointer,2,348,353,B,,,,8,03:00,13,15,
2007,RS,14,158,89,SOP,PACY,"SLANINA, DONATAS",2FGA,Missed Two Pointer,0,-79,538,I,,,,9,02:00,13,15,
2007,RS,14,158,91,LJU,PTGK,"BAILEY, MAURICE",2FGM,Two Pointer,2,-148,66,D,,,,9,02:00,13,17,
2007,RS,14,158,108,SOP,P000747,"SOW, PAPE",2FGM,Two Pointer,2,25,71,C,,,,10,01:00,15,17,
2007,RS,14,158,109,LJU,PJYE,"RIZVIC, HASAN",2FGA,Missed Two Pointer,0,-102,102,D,,,,10,01:00,15,17,
2007,RS,14,158,111,LJU,PAIV,"MILIC, MARKO",2FGA,Missed Two Pointer,0,102,105,C,,,,10,01:00,15,17,
2007,RS,14,158,116,LJU,PTGG,"TAYLOR, RONELL",3FGA,Missed Three Pointer,0,-476,507,J,,,,11,10:00,15,17,
2007,RS,14,158,122,LJU,PLHD,"ZUPAN, MIHA",2FGM,Two Pointer,2,-164,205,D,,,,11,10:00,15,19,
2007,RS,14,158,124,SOP,P000747,"SOW, PAPE",2FGM,Two Pointer,2,-12,133,D,,,,11,10:00,17,19,
2007,RS,14,158,130,LJU,PLHD,"ZUPAN, MIHA",2FGM,Two Pointer,2,-143,125,D,,,,12,09:00,17,21,
2007,RS,14,158,131,SOP,PACX,"MASIULIS, TOMAS",2FGM,Two Pointer,2,-138,92,D,,,,12,09:00,19,21,
2007,RS,14,158,135,LJU,PLHD,"ZUPAN, MIHA",2FGM,Two Pointer,2,-105,48,D,,,,12,09:00,19,23,
2007,RS,14,158,137,SOP,PACY,"SLANINA, DONATAS",3FGA,Missed Three Pointer,0,269,653,G,,,,12,09:00,19,23,
2007,RS,14,158,143,SOP,PTFZ,"ROSZYK, KRZYSZTOF",3FGA,Missed Three Pointer,0,-356,620,J,,,,13,08:00,19,23,
2007,RS,14,158,145,LJU,PTGI,"DONCIC, SASA",3FGM,Three Pointer,3,679,-43,A,,,,13,08:00,19,26,
2007,RS,14,158,147,SOP,PTFZ,"ROSZYK, KRZYSZTOF",3FGM,Three Pointer,3,461,533,G,,,,13,08:00,22,26,
2007,RS,14,158,150,LJU,PLHD,"ZUPAN, MIHA",3FGA,Missed Three Pointer,0,451,541,G,,,,14,07:00,22,26,
2007,RS,14,158,152,SOP,PCLQ,"DYLEWICZ, FILIP",2FGA,Missed Two Pointer,0,-171,64,D,,,,14,07:00,22,26,
2007,RS,14,158,161,LJU,PTGG,"TAYLOR, RONELL",2FGA,Missed Two Pointer,0,66,46,C,,,,14,07:00,22,26,
2007,RS,14,158,163,SOP,PACY,"SLANINA, DONATAS",3FGA,Missed Three Pointer,0,658,284,A,,,,14,07:00,22,26,
2007,RS,14,158,168,LJU,P000184,"BOOKER, CHRIS",2FGA,Missed Two Pointer,0,-335,410,E,,,,15,06:00,22,26,
2007,RS,14,158,170,SOP,PBCM,"HARISSIS, CHRISTOS",2FGM,Two Pointer,2,-187,261,D,,,,15,06:00,24,26,
2007,RS,14,158,174,LJU,PTGK,"BAILEY, MAURICE",2FGA,Missed Two Pointer,0,-23,443,I,,,,16,05:00,24,26,
2007,RS,14,158,178,SOP,PTFZ,"ROSZYK, KRZYSZTOF",2FGA,Missed Two Pointer,0,-346,297,E,,,,16,05:00,24,26,
2007,RS,14,158,180,SOP,PABC,"GUROVIC, MILAN",2FGM,Two Pointer,2,-56,46,D,,,,16,05:00,26,26,
2007,RS,14,158,181,LJU,PTGK,"BAILEY, MAURICE",2FGAB,Missed Two Pointer,0,110,79,C,,,,16,05:00,26,26,
2007,RS,14,158,187,LJU,PTGK,"BAILEY, MAURICE",3FGA,Missed Three Pointer,0,-130,661,J,,,,17,04:00,26,26,
2007,RS,14,158,189,LJU,PAPY,"HUKIC, JASMIN",2FGA,Missed Two Pointer,0,-279,446,I,,,,17,04:00,26,26,
2007,RS,14,158,197,SOP,PCLQ,"DYLEWICZ, FILIP",3FGA,Missed Three Pointer,0,366,656,G,,,,17,04:00,26,26,
2007,RS,14,158,201,SOP,P000747,"SOW, PAPE",2FGM,Two Pointer,2,-46,33,D,,,,17,04:00,28,26,
2007,RS,14,158,209,SOP,P000747,"SOW, PAPE",FTM,Free Throw In,1,-1,-1, ,,,,18,03:00,29,26,
2007,RS,14,158,219,LJU,PBPV,"GORENC, BORIS",FTM,Free Throw In,1,-1,-1, ,,,,18,03:00,29,27,
2007,RS,14,158,220,SOP,PABC,"GUROVIC, MILAN",3FGM,Three Pointer,3,-651,207,F,,,,18,03:00,32,27,
2007,RS,14,158,221,LJU,PAIV,"MILIC, MARKO",2FGM,Two Pointer,2,141,141,C,,,,18,03:00,32,29,
2007,RS,14,158,223,SOP,PABC,"GUROVIC, MILAN",3FGM,Three Pointer,3,664,79,A,,,,19,02:00,35,29,
2007,RS,14,158,229,LJU,PBPV,"GORENC, BORIS",FTM,Free Throw In,1,-1,-1, ,,,,19,02:00,35,30,
2007,RS,14,158,230,SOP,P000747,"SOW, PAPE",2FGA,Missed Two Pointer,0,-15,92,D,,,,19,02:00,35,30,
2007,RS,14,158,233,LJU,PTHB,"DRAGIC, GORAN",2FGA,Missed Two Pointer,0,133,151,C,,,,20,01:00,35,30,
2007,RS,14,158,235,SOP,PACY,"SLANINA, DONATAS",2FGM,Two Pointer,2,-74,23,D,,,,20,01:00,37,30,
2007,RS,14,158,237,LJU,PBPV,"GORENC, BORIS",2FGM,Two Pointer,2,43,576,H,,,,20,01:00,37,32,
2007,RS,14,158,252,SOP,PTFZ,"ROSZYK, KRZYSZTOF",FTM,Free Throw In,1,-1,-1, ,,,,20,01:00,38,32,
2007,RS,14,158,257,SOP,P000747,"SOW, PAPE",2FGA,Missed Two Pointer,0,110,46,C,,,,21,10:00,38,32,
2007,RS,14,158,259,SOP,PABC,"GUROVIC, MILAN",3FGA,Missed Three Pointer,0,-674,-20,F,,,,21,10:00,38,32,
2007,RS,14,158,264,SOP,PABC,"GUROVIC, MILAN",2FGM,Two Pointer,2,2,2,D,,,,21,10:00,40,32,
2007,RS,14,158,267,LJU,PJBJ,"BEGIC, MIRZA",2FGM,Two Pointer,2,-20,7,D,,,,22,09:00,40,34,
2007,RS,14,158,268,SOP,PACY,"SLANINA, DONATAS",3FGM,Three Pointer,3,-671,-2,F,,,,22,09:00,43,34,
2007,RS,14,158,275,LJU,PAIV,"MILIC, MARKO",2FGM,Two Pointer,2,92,23,C,,,,22,09:00,43,36,
2007,RS,14,158,279,LJU,PBPV,"GORENC, BORIS",2FGM,Two Pointer,2,-20,182,D,,,,23,08:00,43,38,
2007,RS,14,158,281,SOP,P000747,"SOW, PAPE",2FGA,Missed Two Pointer,0,76,266,C,,,,23,08:00,43,38,
2007,RS,14,158,285,LJU,PAPY,"HUKIC, JASMIN",3FGA,Missed Three Pointer,0,-653,187,F,,,,23,08:00,43,38,
2007,RS,14,158,290,LJU,PJBJ,"BEGIC, MIRZA",2FGA,Missed Two Pointer,0,51,69,C,,,,24,07:00,43,38,
2007,RS,14,158,292,SOP,PABC,"GUROVIC, MILAN",3FGM,Three Pointer,3,-674,5,F,,,,24,07:00,46,38,
2007,RS,14,158,296,LJU,PAPY,"HUKIC, JASMIN",3FGM,Three Pointer,3,-458,582,J,,,,24,07:00,46,41,
2007,RS,14,158,298,SOP,PCLQ,"DYLEWICZ, FILIP",2FGA,Missed Two Pointer,0,189,202,C,,,,24,07:00,46,41,
2007,RS,14,158,300,SOP,PCLQ,"DYLEWICZ, FILIP",2FGA,Missed Two Pointer,0,-102,151,D,,,,24,07:00,46,41,
2007,RS,14,158,302,LJU,PAIV,"MILIC, MARKO",2FGA,Missed Two Pointer,0,56,202,C,,,,24,07:00,46,41,
2007,RS,14,158,305,SOP,PABC,"GUROVIC, MILAN",3FGM,Three Pointer,3,466,489,G,,,,25,06:00,49,41,
2007,RS,14,158,307,LJU,PAPY,"HUKIC, JASMIN",3FGM,Three Pointer,3,15,712,G,,,,25,06:00,49,44,
2007,RS,14,158,309,SOP,PCLQ,"DYLEWICZ, FILIP",2FGM,Two Pointer,2,-12,120,D,,,,25,06:00,51,44,
2007,RS,14,158,312,LJU,PAIV,"MILIC, MARKO",2FGA,Missed Two Pointer,0,64,228,C,,,,26,05:00,51,44,
2007,RS,14,158,320,SOP,PACY,"SLANINA, DONATAS",3FGM,Three Pointer,3,676,2,A,,,,26,05:00,54,44,
2007,RS,14,158,322,LJU,PTHB,"DRAGIC, GORAN",3FGA,Missed Three Pointer,0,384,615,G,,,,26,05:00,54,44,
2007,RS,14,158,330,SOP,PAUL,"STANOJEVIC, JOVO",2FGM,Two Pointer,2,192,387,B,,,,27,04:00,56,44,
2007,RS,14,158,333,LJU,PAIV,"MILIC, MARKO",2FGM,Two Pointer,2,58,89,C,,,,28,03:00,56,46,
2007,RS,14,158,335,SOP,PABC,"GUROVIC, MILAN",3FGA,Missed Three Pointer,0,-82,700,J,,,,28,03:00,56,46,
2007,RS,14,158,339,LJU,PTHB,"DRAGIC, GORAN",FTM,Free Throw In,1,-1,-1, ,,,,28,03:00,56,47,
2007,RS,14,158,340,LJU,PTHB,"DRAGIC, GORAN",FTM,Free Throw In,1,-1,-1, ,,,,28,03:00,56,48,
2007,RS,14,158,341,SOP,PBCM,"HARISSIS, CHRISTOS",2FGAB,Missed Two Pointer,0,146,71,C,,,,28,03:00,56,48,
2007,RS,14,158,345,SOP,PACY,"SLANINA, DONATAS",3FGM,Three Pointer,3,-692,17,F,,,,28,03:00,59,48,
2007,RS,14,158,357,SOP,PACY,"SLANINA, DONATAS",2FGAB,Missed Two Pointer,0,-92,71,D,,,,29,02:00,59,48,
2007,RS,14,158,361,LJU,PAPY,"HUKIC, JASMIN",3FGA,Missed Three Pointer,0,-197,676,J,,,,29,02:00,59,48,
2007,RS,14,158,363,LJU,PJYE,"RIZVIC, HASAN",2FGA,Missed Two Pointer,0,179,505,H,,,,29,02:00,59,48,
2007,RS,14,158,366,SOP,PABC,"GUROVIC, MILAN",3FGAB,Missed Three Pointer,0,43,689,G,,,,30,01:00,59,48,
2007,RS,14,158,369,LJU,PTHB,"DRAGIC, GORAN",2FGM,Two Pointer,2,279,35,B,,,,30,01:00,59,50,
2007,RS,14,158,373,LJU,PTGI,"DONCIC, SASA",2FGM,Two Pointer,2,-87,89,D,,,,31,10:00,59,52,
2007,RS,14,158,380,LJU,PTHB,"DRAGIC, GORAN",2FGA,Missed Two Pointer,0,100,112,C,,,,32,09:00,59,52,
2007,RS,14,158,384,SOP,PACY,"SLANINA, DONATAS",3FGA,Missed Three Pointer,0,674,130,A,,,,32,09:00,59,52,
2007,RS,14,158,386,SOP,PAUL,"STANOJEVIC, JOVO",2FGA,Missed Two Pointer,0,-20,115,D,,,,32,09:00,59,52,
2007,RS,14,158,387,SOP,P000747,"SOW, PAPE",2FGM,Two Pointer,2,-43,592,I,,,,32,09:00,61,52,
2007,RS,14,158,389,LJU,PAPY,"HUKIC, JASMIN",3FGA,Missed Three Pointer,0,669,76,A,,,,32,09:00,61,52,
2007,RS,14,158,391,SOP,PBCM,"HARISSIS, CHRISTOS",3FGA,Missed Three Pointer,0,248,666,G,,,,32,09:00,61,52,
2007,RS,14,158,402,SOP,P000747,"SOW, PAPE",FTM,Free Throw In,1,-1,-1, ,,,,33,08:00,62,52,
2007,RS,14,158,413,SOP,P000747,"SOW, PAPE",FTM,Free Throw In,1,-1,-1, ,,,,33,08:00,63,52,
2007,RS,14,158,414,SOP,P000747,"SOW, PAPE",FTM,Free Throw In,1,-1,-1, ,,,,33,08:00,64,52,
2007,RS,14,158,422,LJU,PJYE,"RIZVIC, HASAN",2FGM,Two Pointer,2,102,84,C,,,,34,07:00,64,54,
2007,RS,14,158,427,SOP,PABC,"GUROVIC, MILAN",FTM,Free Throw In,1,-1,-1, ,,,,34,07:00,65,54,
2007,RS,14,158,432,SOP,PACY,"SLANINA, DONATAS",FTM,Free Throw In,1,-1,-1, ,,,,34,07:00,66,54,
2007,RS,14,158,433,SOP,PACY,"SLANINA, DONATAS",FTM,Free Throw In,1,-1,-1, ,,,,34,07:00,67,54,
2007,RS,14,158,436,SOP,PAUL,"STANOJEVIC, JOVO",2FGM,Two Pointer,2,-2,212,D,,,,34,07:00,69,54,
2007,RS,14,158,439,LJU,PTHB,"DRAGIC, GORAN",3FGM,Three Pointer,3,-271,620,J,,,,35,06:00,69,57,
2007,RS,14,158,440,SOP,PACX,"MASIULIS, TOMAS",2FGA,Missed Two Pointer,0,-20,110,D,,,,35,06:00,69,57,
2007,RS,14,158,442,LJU,PTGK,"BAILEY, MAURICE",2FGM,Two Pointer,2,-46,71,D,,,,35,06:00,69,59,
2007,RS,14,158,444,SOP,PABC,"GUROVIC, MILAN",3FGM,Three Pointer,3,602,302,A,,,,36,05:00,72,59,
2007,RS,14,158,447,LJU,PAPY,"HUKIC, JASMIN",2FGM,Two Pointer,2,71,23,C,,,,36,05:00,72,61,
2007,RS,14,158,448,SOP,PABC,"GUROVIC, MILAN",2FGA,Missed Two Pointer,0,-61,307,D,,,,36,05:00,72,61,
2007,RS,14,158,450,LJU,PTGK,"BAILEY, MAURICE",2FGA,Missed Two Pointer,0,-287,292,E,,,,36,05:00,72,61,
2007,RS,14,158,452,LJU,PAPY,"HUKIC, JASMIN",3FGA,Missed Three Pointer,0,387,615,G,,,,36,05:00,72,61,
2007,RS,14,158,454,LJU,PLHD,"ZUPAN, MIHA",2FGAB,Missed Two Pointer,0,115,258,C,,,,36,05:00,72,61,
2007,RS,14,158,470,LJU,PTGK,"BAILEY, MAURICE",2FGM,Two Pointer,2,87,17,C,,,,37,04:00,72,63,
2007,RS,14,158,474,SOP,PABC,"GUROVIC, MILAN",FTM,Free Throw In,1,-1,-1, ,,,,38,03:00,73,63,
2007,RS,14,158,475,SOP,PABC,"GUROVIC, MILAN",FTM,Free Throw In,1,-1,-1, ,,,,38,03:00,74,63,
2007,RS,14,158,476,LJU,PAPY,"HUKIC, JASMIN",3FGA,Missed Three Pointer,0,182,669,G,,,,38,03:00,74,63,
2007,RS,14,158,481,LJU,PAPY,"HUKIC, JASMIN",FTM,Free Throw In,1,-1,-1, ,,,,38,03:00,74,64,
2007,RS,14,158,482,LJU,PAPY,"HUKIC, JASMIN",FTM,Free Throw In,1,-1,-1, ,,,,38,03:00,74,65,
2007,RS,14,158,483,SOP,PABC,"GUROVIC, MILAN",3FGA,Missed Three Pointer,0,112,669,G,,,,38,03:00,74,65,
2007,RS,14,158,489,LJU,PAPY,"HUKIC, JASMIN",3FGM,Three Pointer,3,448,541,G,,,,38,03:00,74,68,
2007,RS,14,158,491,SOP,P000747,"SOW, PAPE",2FGA,Missed Two Pointer,0,94,258,C,,,,38,03:00,74,68,
2007,RS,14,158,494,SOP,PBCM,"HARISSIS, CHRISTOS",3FGA,Missed Three Pointer,0,-302,635,J,,,,39,02:00,74,68,
2007,RS,14,158,500,LJU,PJBJ,"BEGIC, MIRZA",2FGA,Missed Two Pointer,0,-158,76,D,,,,39,02:00,74,68,
2007,RS,14,158,506,SOP,PBCM,"HARISSIS, CHRISTOS",FTM,Free Throw In,1,-1,-1, ,,,,40,01:00,75,68,
2007,RS,14,158,509,LJU,PTGK,"BAILEY, MAURICE",2FGA,Missed Two Pointer,0,-100,325,D,,,,40,01:00,75,68,
2007,RS,14,158,513,SOP,PACY,"SLANINA, DONATAS",FTM,Free Throw In,1,-1,-1, ,,,,40,01:00,76,68,
2007,RS,14,158,514,SOP,PACY,"SLANINA, DONATAS",FTM,Free Throw In,1,-1,-1, ,,,,40,01:00,77,68,
2007,RS,14,158,517,SOP,P000747,"SOW, PAPE",2FGA,Missed Two Pointer,0,194,538,H,,,,40,01:00,77,68,
2007,RS,14,158,519,SOP,P000747,"SOW, PAPE",2FGM,Two Pointer,2,0,7,D,,,,40,01:00,79,68,
2007,RS,14,158,520,LJU,PTHB,"DRAGIC, GORAN",3FGA,Missed Three Pointer,0,-261,653,J,,,,40,01:00,79,68,
2007,RS,14,158,522,SOP,PABC,"GUROVIC, MILAN",3FGA,Missed Three Pointer,0,671,92,A,,,,40,01:00,79,68,
2007,RS,14,159,4,CSK,PAKT,"ANDERSEN, DAVID",2FGA,Missed Two Pointer,0,-520,15,E,,,,1,10:00,0,0,
2007,RS,14,159,6,VIR,PTGV,"ANDERSON, ALAN",3FGA,Missed Three Pointer,0,-269,587,J,,,,1,10:00,0,0,
2007,RS,14,159,11,CSK,PAUC,"GOREE, MARCUS",2FGM,Two Pointer,2,-2,110,D,,,,2,09:00,0,2,
2007,RS,14,159,16,CSK,PAUC,"GOREE, MARCUS",FTM,Free Throw In,1,-1,-1, ,,,,2,09:00,0,3,
2007,RS,14,159,17,VIR,PBEW,"CHIACIG, ROBERTO",2FGA,Missed Two Pointer,0,266,38,B,,,,2,09:00,0,3,
2007,RS,14,159,19,CSK,PAKT,"ANDERSEN, DAVID",2FGA,Missed Two Pointer,0,35,64,C,,,,2,09:00,0,3,
2007,RS,14,159,21,CSK,PJMM,"SISKAUSKAS, RAMUNAS",2FGA,Missed Two Pointer,0,-51,53,D,,,,2,09:00,0,3,
2007,RS,14,159,23,CSK,PJMM,"SISKAUSKAS, RAMUNAS",2FGM,Two Pointer,2,79,48,C,,,,2,09:00,0,5,
2007,RS,14,159,27,VIR,PTGQ,"DI BELLA, FABIO",FTM,Free Throw In,1,-1,-1, ,,,,3,08:00,1,5,
2007,RS,14,159,30,CSK,PAKT,"ANDERSEN, DAVID",2FGA,Missed Two Pointer,0,-53,33,D,,,,3,08:00,1,5,
2007,RS,14,159,36,CSK,PAUC,"GOREE, MARCUS",3FGM,Three Pointer,3,-397,558,J,,,,3,08:00,1,8,
2007,RS,14,159,45,VIR,PTGM,"SPENCER, DEWARICK",3FGAB,Missed Three Pointer,0,241,805,G,,,,4,07:00,1,8,
2007,RS,14,159,48,VIR,PTGV,"ANDERSON, ALAN",2FGM,Two Pointer,2,48,41,C,,,,4,07:00,3,8,
2007,RS,14,159,52,CSK,PBEB,"LANGDON, TRAJAN",3FGM,Three Pointer,3,697,76,A,,,,4,07:00,3,11,
2007,RS,14,159,57,VIR,PBEW,"CHIACIG, ROBERTO",2FGAB,Missed Two Pointer,0,-46,58,D,,,,5,06:00,3,11,
2007,RS,14,159,61,CSK,PAUC,"GOREE, MARCUS",2FGM,Two Pointer,2,10,12,C,,,,5,06:00,3,13,
2007,RS,14,159,63,VIR,PTGQ,"DI BELLA, FABIO",3FGA,Missed Three Pointer,0,102,735,G,,,,5,06:00,3,13,
2007,RS,14,159,68,CSK,PAUC,"GOREE, MARCUS",2FGA,Missed Two Pointer,0,76,35,C,,,,6,05:00,3,13,
2007,RS,14,159,70,VIR,PBXA,"GIOVANNONI, GUILHERME",2FGA,Missed Two Pointer,0,74,33,C,,,,6,05:00,3,13,
2007,RS,14,159,72,VIR,PTGO,"CROSARIOL, ANDREA",2FGA,Missed Two Pointer,0,-89,15,D,,,,6,05:00,3,13,
2007,RS,14,159,74,CSK,PJMM,"SISKAUSKAS, RAMUNAS",3FGA,Missed Three Pointer,0,51,715,G,,,,6,05:00,3,13,
2007,RS,14,159,76,VIR,PTGM,"SPENCER, DEWARICK",2FGA,Missed Two Pointer,0,-15,282,D,,,,6,05:00,3,13,
2007,RS,14,159,81,CSK,PATW,"PAPALOUKAS, THEODOROS",2FGM,Two Pointer,2,169,523,H,,,,6,05:00,3,15,
2007,RS,14,159,83,VIR,PBXA,"GIOVANNONI, GUILHERME",3FGA,Missed Three Pointer,0,279,594,G,,,,7,04:00,3,15,
2007,RS,14,159,85,CSK,PBEB,"LANGDON, TRAJAN",3FGA,Missed Three Pointer,0,-564,346,F,,,,7,04:00,3,15,
2007,RS,14,159,95,CSK,PAKT,"ANDERSEN, DAVID",2FGM,Two Pointer,2,-317,207,E,,,,7,04:00,3,17,
2007,RS,14,159,99,VIR,P000672,"MC GRATH, DONALD",3FGA,Missed Three Pointer,0,661,-5,A,,,,8,03:00,3,17,
2007,RS,14,159,103,CSK,PBEB,"LANGDON, TRAJAN",FTM,Free Throw In,1,-1,-1, ,,,,8,03:00,3,18,
2007,RS,14,159,104,CSK,PBEB,"LANGDON, TRAJAN",FTM,Free Throw In,1,-1,-1, ,,,,8,03:00,3,19,
2007,RS,14,159,107,VIR,PTGV,"ANDERSON, ALAN",2FGA,Missed Two Pointer,0,-228,441,I,,,,8,03:00,3,19,
2007,RS,14,159,114,CSK,PABN,"ZISIS, NIKOLAOS",FTM,Free Throw In,1,-1,-1, ,,,,9,02:00,3,20,
2007,RS,14,159,117,VIR,PTGV,"ANDERSON, ALAN",2FGM,Two Pointer,2,5,174,C,,,,9,02:00,5,20,
2007,RS,14,159,118,CSK,PAKT,"ANDERSEN, DAVID",2FGM,Two Pointer,2,-2,371,D,,,,9,02:00,5,22,
2007,RS,14,159,122,CSK,PAQO,"HOLDEN, JON ROBERT",3FGA,Missed Three Pointer,0,430,551,G,,,,10,01:00,5,22,
2007,RS,14,159,124,VIR,P000672,"MC GRATH, DONALD",3FGA,Missed Three Pointer,0,425,543,G,,,,10,01:00,5,22,
2007,RS,14,159,130,CSK,PJLX,"KURBANOV, NIKITA",FTM,Free Throw In,1,-1,-1, ,,,,10,01:00,5,23,
2007,RS,14,159,131,CSK,PJLX,"KURBANOV, NIKITA",FTM,Free Throw In,1,-1,-1, ,,,,10,01:00,5,24,
2007,RS,14,159,142,VIR,PJNX,"MICHELORI, ANDREA",3FGA,Missed Three Pointer,0,320,558,G,,,,11,10:00,5,24,
2007,RS,14,159,144,CSK,PAQO,"HOLDEN, JON ROBERT",3FGA,Missed Three Pointer,0,671,15,A,,,,11,10:00,5,24,
2007,RS,14,159,146,VIR,PTGQ,"DI BELLA, FABIO",2FGA,Missed Two Pointer,0,-12,105,D,,,,11,10:00,5,24,
2007,RS,14,159,148,VIR,PTGO,"CROSARIOL, ANDREA",2FGA,Missed Two Pointer,0,-5,2,D,,,,11,10:00,5,24,
2007,RS,14,159,152,CSK,PAUC,"GOREE, MARCUS",2FGM,Two Pointer,2,7,46,C,,,,11,10:00,5,26,
2007,RS,14,159,154,VIR,PTGQ,"DI BELLA, FABIO",2FGA,Missed Two Pointer,0,94,38,C,,,,12,09:00,5,26,
2007,RS,14,159,156,CSK,PATW,"PAPALOUKAS, THEODOROS",2FGA,Missed Two Pointer,0,576,5,B,,,,12,09:00,5,26,
2007,RS,14,159,160,VIR,P000672,"MC GRATH, DONALD",FTM,Free Throw In,1,-1,-1, ,,,,12,09:00,6,26,
2007,RS,14,159,161,VIR,P000672,"MC GRATH, DONALD",FTM,Free Throw In,1,-1,-1, ,,,,12,09:00,7,26,
2007,RS,14,159,162,VIR,P000672,"MC GRATH, DONALD",FTM,Free Throw In,1,-1,-1, ,,,,12,09:00,8,26,
2007,RS,14,159,164,CSK,PJLX,"KURBANOV, NIKITA",3FGM,Three Pointer,3,-10,689,J,,,,13,08:00,8,29,
2007,RS,14,159,172,CSK,PATW,"PAPALOUKAS, THEODOROS",2FGM,Two Pointer,2,5,5,C,,,,13,08:00,8,31,
2007,RS,14,159,173,VIR,P000672,"MC GRATH, DONALD",3FGA,Missed Three Pointer,0,-561,484,J,,,,13,08:00,8,31,
2007,RS,14,159,175,CSK,PAUC,"GOREE, MARCUS",2FGM,Two Pointer,2,-64,171,D,,,,13,08:00,8,33,
2007,RS,14,159,188,CSK,PABN,"ZISIS, NIKOLAOS",2FGM,Two Pointer,2,-87,35,D,,,,14,07:00,8,35,
2007,RS,14,159,195,VIR,PTGV,"ANDERSON, ALAN",FTM,Free Throw In,1,-1,-1, ,,,,14,07:00,9,35,
2007,RS,14,159,196,VIR,PTGV,"ANDERSON, ALAN",FTM,Free Throw In,1,-1,-1, ,,,,14,07:00,10,35,
2007,RS,14,159,197,CSK,PABN,"ZISIS, NIKOLAOS",2FGAB,Missed Two Pointer,0,69,102,C,,,,14,07:00,10,35,
2007,RS,14,159,212,VIR,PTGM,"SPENCER, DEWARICK",FTM,Free Throw In,1,-1,-1, ,,,,15,06:00,11,35,
2007,RS,14,159,213,CSK,PJLX,"KURBANOV, NIKITA",3FGA,Missed Three Pointer,0,171,628,G,,,,15,06:00,11,35,
2007,RS,14,159,216,VIR,PTGM,"SPENCER, DEWARICK",2FGM,Two Pointer,2,-146,23,D,,,,15,06:00,13,35,
2007,RS,14,159,220,VIR,PBXA,"GIOVANNONI, GUILHERME",2FGA,Missed Two Pointer,0,-15,307,D,,,,16,05:00,13,35,
2007,RS,14,159,225,VIR,PLHB,"GARRI, LUCA",FTM,Free Throw In,1,-1,-1, ,,,,16,05:00,14,35,
2007,RS,14,159,226,CSK,PAKT,"ANDERSEN, DAVID",3FGM,Three Pointer,3,238,633,G,,,,16,05:00,14,38,
2007,RS,14,159,228,VIR,PTGM,"SPENCER, DEWARICK",3FGA,Missed Three Pointer,0,274,592,G,,,,16,05:00,14,38,
2007,RS,14,159,230,VIR,PTGV,"ANDERSON, ALAN",2FGM,Two Pointer,2,251,51,C,,,,16,05:00,16,38,
2007,RS,14,159,239,VIR,PTGM,"SPENCER, DEWARICK",2FGM,Two Pointer,2,-169,356,D,,,,17,04:00,18,38,
2007,RS,14,159,247,VIR,PTGV,"ANDERSON, ALAN",FTM,Free Throw In,1,-1,-1, ,,,,17,04:00,19,38,
2007,RS,14,159,248,VIR,PTGV,"ANDERSON, ALAN",FTM,Free Throw In,1,-1,-1, ,,,,17,04:00,20,38,
2007,RS,14,159,251,CSK,PAKT,"ANDERSEN, DAVID",2FGM,Two Pointer,2,-25,64,D,,,,18,03:00,20,40,
2007,RS,14,159,256,CSK,PAKT,"ANDERSEN, DAVID",FTM,Free Throw In,1,-1,-1, ,,,,18,03:00,20,41,
2007,RS,14,159,261,VIR,PTGV,"ANDERSON, ALAN",2FGA,Missed Two Pointer,0,48,17,C,,,,18,03:00,20,41,
2007,RS,14,159,263,VIR,PTGV,"ANDERSON, ALAN",2FGM,Two Pointer,2,-71,5,D,,,,18,03:00,22,41,
2007,RS,14,159,264,CSK,PAKT,"ANDERSEN, DAVID",3FGM,Three Pointer,3,33,669,G,,,,18,03:00,22,44,
2007,RS,14,159,267,VIR,PTGV,"ANDERSON, ALAN",2FGM,Two Pointer,2,256,397,B,,,,19,02:00,24,44,
2007,RS,14,159,272,CSK,PABN,"ZISIS, NIKOLAOS",FTM,Free Throw In,1,-1,-1, ,,,,19,02:00,24,45,
2007,RS,14,159,273,CSK,PABN,"ZISIS, NIKOLAOS",FTM,Free Throw In,1,-1,-1, ,,,,19,02:00,24,46,
2007,RS,14,159,274,VIR,PTGV,"ANDERSON, ALAN",3FGA,Missed Three Pointer,0,-297,589,J,,,,19,02:00,24,46,
2007,RS,14,159,276,VIR,P000672,"MC GRATH, DONALD",2FGA,Missed Two Pointer,0,448,205,B,,,,19,02:00,24,46,
2007,RS,14,159,278,CSK,PKVZ,"SHVED, ALEXEY",3FGM,Three Pointer,3,-674,87,F,,,,19,02:00,24,49,
2007,RS,14,159,281,VIR,PBXA,"GIOVANNONI, GUILHERME",3FGA,Missed Three Pointer,0,-441,510,J,,,,20,01:00,24,49,
2007,RS,14,159,285,CSK,PTFF,"ZABELIN, ARTEM",2FGM,Two Pointer,2,0,12,D,,,,20,01:00,24,51,
2007,RS,14,159,303,VIR,P000672,"MC GRATH, DONALD",3FGA,Missed Three Pointer,0,646,107,A,,,,21,10:00,24,51,
2007,RS,14,159,305,VIR,PTGQ,"DI BELLA, FABIO",2FGM,Two Pointer,2,341,223,B,,,,21,10:00,26,51,
2007,RS,14,159,306,CSK,PBEB,"LANGDON, TRAJAN",2FGM,Two Pointer,2,-338,387,E,,,,21,10:00,26,53,
2007,RS,14,159,309,VIR,PTGV,"ANDERSON, ALAN",2FGM,Two Pointer,2,258,453,H,,,,22,09:00,28,53,
2007,RS,14,159,310,CSK,PAKT,"ANDERSEN, DAVID",2FGA,Missed Two Pointer,0,-276,89,E,,,,22,09:00,28,53,
2007,RS,14,159,320,VIR,PTGQ,"DI BELLA, FABIO",2FGM,Two Pointer,2,82,30,C,,,,22,09:00,30,53,
2007,RS,14,159,324,CSK,PABN,"ZISIS, NIKOLAOS",2FGM,Two Pointer,2,235,76,C,,,,23,08:00,30,55,
2007,RS,14,159,333,CSK,PAKT,"ANDERSEN, DAVID",2FGM,Two Pointer,2,-10,289,D,,,,24,07:00,30,57,
2007,RS,14,159,334,VIR,PTGO,"CROSARIOL, ANDREA",2FGM,Two Pointer,2,10,2,C,,,,24,07:00,32,57,
2007,RS,14,159,339,CSK,PATW,"PAPALOUKAS, THEODOROS",FTM,Free Throw In,1,-1,-1, ,,,,24,07:00,32,58,
2007,RS,14,159,340,VIR,PTGM,"SPENCER, DEWARICK",3FGM,Three Pointer,3,-469,507,J,,,,24,07:00,35,58,
2007,RS,14,159,342,CSK,PAKT,"ANDERSEN, DAVID",2FGA,Missed Two Pointer,0,123,25,C,,,,24,07:00,35,58,
2007,RS,14,159,345,VIR,PTGQ,"DI BELLA, FABIO",2FGM,Two Pointer,2,223,369,B,,,,25,06:00,37,58,
2007,RS,14,159,350,CSK,PBEB,"LANGDON, TRAJAN",3FGM,Three Pointer,3,-153,641,J,,,,25,06:00,37,61,
2007,RS,14,159,355,VIR,PTGV,"ANDERSON, ALAN",2FGA,Missed Two Pointer,0,500,97,B,,,,26,05:00,37,61,
2007,RS,14,159,357,CSK,PABN,"ZISIS, NIKOLAOS",2FGM,Two Pointer,2,-10,84,D,,,,26,05:00,37,63,
2007,RS,14,159,358,VIR,PLHB,"GARRI, LUCA",2FGA,Missed Two Pointer,0,-41,5,D,,,,26,05:00,37,63,
2007,RS,14,159,361,CSK,PJLX,"KURBANOV, NIKITA",2FGM,Two Pointer,2,-56,25,D,,,,27,04:00,37,65,
2007,RS,14,159,364,VIR,PLHB,"GARRI, LUCA",2FGM,Two Pointer,2,-2,58,D,,,,27,04:00,39,65,
2007,RS,14,159,365,CSK,PABN,"ZISIS, NIKOLAOS",2FGA,Missed Two Pointer,0,-179,520,I,,,,27,04:00,39,65,
2007,RS,14,159,388,CSK,PJMM,"SISKAUSKAS, RAMUNAS",FTM,Free Throw In,1,-1,-1, ,,,,28,03:00,39,66,
2007,RS,14,159,389,CSK,PJMM,"SISKAUSKAS, RAMUNAS",FTM,Free Throw In,1,-1,-1, ,,,,28,03:00,39,67,
2007,RS,14,159,392,VIR,PTGM,"SPENCER, DEWARICK",3FGM,Three Pointer,3,-356,571,J,,,,28,03:00,42,67,
2007,RS,14,159,393,CSK,PJMM,"SISKAUSKAS, RAMUNAS",2FGM,Two Pointer,2,46,46,C,,,,28,03:00,42,69,
2007,RS,14,159,395,VIR,PLHB,"GARRI, LUCA",2FGAB,Missed Two Pointer,0,79,46,C,,,,29,02:00,42,69,
2007,RS,14,159,399,CSK,PKVZ,"SHVED, ALEXEY",3FGA,Missed Three Pointer,0,138,664,G,,,,29,02:00,42,69,
2007,RS,14,159,401,VIR,PTGM,"SPENCER, DEWARICK",3FGM,Three Pointer,3,246,669,G,,,,29,02:00,45,69,
2007,RS,14,159,402,CSK,PAUC,"GOREE, MARCUS",3FGA,Missed Three Pointer,0,-697,-33,F,,,,29,02:00,45,69,
2007,RS,14,159,406,CSK,PTFF,"ZABELIN, ARTEM",2FGM,Two Pointer,2,0,5,D,,,,30,01:00,45,71,
2007,RS,14,159,407,VIR,PLHB,"GARRI, LUCA",3FGM,Three Pointer,3,-374,558,J,,,,30,01:00,48,71,
2007,RS,14,159,411,CSK,PATW,"PAPALOUKAS, THEODOROS",FTM,Free Throw In,1,-1,-1, ,,,,30,01:00,48,72,
2007,RS,14,159,421,VIR,PTGM,"SPENCER, DEWARICK",3FGA,Missed Three Pointer,0,335,579,G,,,,31,10:00,48,72,
2007,RS,14,159,425,CSK,PJEQ,"KASHIROV, ANATOLY",2FGM,Two Pointer,2,-276,200,E,,,,31,10:00,48,74,
2007,RS,14,159,427,VIR,P000672,"MC GRATH, DONALD",3FGA,Missed Three Pointer,0,-66,697,J,,,,31,10:00,48,74,
2007,RS,14,159,432,CSK,PJMM,"SISKAUSKAS, RAMUNAS",2FGM,Two Pointer,2,-5,-5,D,,,,32,09:00,48,76,
2007,RS,14,159,434,VIR,P000079,"CANELO, JEAN CARLOS",2FGA,Missed Two Pointer,0,-53,38,D,,,,32,09:00,48,76,
2007,RS,14,159,436,CSK,PJEQ,"KASHIROV, ANATOLY",2FGM,Two Pointer,2,0,-2,D,,,,32,09:00,48,78,
2007,RS,14,159,440,CSK,PJMM,"SISKAUSKAS, RAMUNAS",2FGA,Missed Two Pointer,0,-10,400,D,,,,32,09:00,48,78,
2007,RS,14,159,449,VIR,PTGM,"SPENCER, DEWARICK",3FGA,Missed Three Pointer,0,669,87,A,,,,33,08:00,48,78,
2007,RS,14,159,451,CSK,PABN,"ZISIS, NIKOLAOS",3FGA,Missed Three Pointer,0,389,538,G,,,,33,08:00,48,78,
2007,RS,14,159,454,VIR,PTGM,"SPENCER, DEWARICK",3FGM,Three Pointer,3,653,607,G,,,,34,07:00,51,78,
2007,RS,14,159,459,CSK,PABN,"ZISIS, NIKOLAOS",3FGA,Missed Three Pointer,0,-2,658,J,,,,34,07:00,51,78,
2007,RS,14,159,462,VIR,PLHB,"GARRI, LUCA",2FGM,Two Pointer,2,64,25,C,,,,35,06:00,53,78,
2007,RS,14,159,464,CSK,PABN,"ZISIS, NIKOLAOS",2FGM,Two Pointer,2,-58,33,D,,,,35,06:00,53,80,
2007,RS,14,159,471,CSK,PABN,"ZISIS, NIKOLAOS",FTM,Free Throw In,1,-1,-1, ,,,,35,06:00,53,81,
2007,RS,14,159,484,CSK,PJLX,"KURBANOV, NIKITA",2FGM,Two Pointer,2,-679,35,F,,,,36,05:00,53,83,
2007,RS,14,159,485,VIR,PTGM,"SPENCER, DEWARICK",3FGA,Missed Three Pointer,0,217,820,G,,,,36,05:00,53,83,
2007,RS,14,159,488,CSK,PKVZ,"SHVED, ALEXEY",3FGM,Three Pointer,3,-407,433,I,,,,36,05:00,53,86,
2007,RS,14,159,489,VIR,P000079,"CANELO, JEAN CARLOS",2FGM,Two Pointer,2,82,74,C,,,,36,05:00,55,86,
2007,RS,14,159,491,CSK,PAYU,"PASHUTIN, ZAKHAR",2FGM,Two Pointer,2,-25,43,D,,,,37,04:00,55,88,
2007,RS,14,159,500,VIR,PTGV,"ANDERSON, ALAN",2FGA,Missed Two Pointer,0,71,456,H,,,,37,04:00,55,88,
2007,RS,14,159,502,VIR,PTGV,"ANDERSON, ALAN",2FGM,Two Pointer,2,7,-5,C,,,,37,04:00,57,88,
2007,RS,14,159,509,VIR,PTGV,"ANDERSON, ALAN",FTM,Free Throw In,1,-1,-1, ,,,,37,04:00,58,88,
2007,RS,14,159,510,CSK,PKVZ,"SHVED, ALEXEY",2FGA,Missed Two Pointer,0,-48,574,I,,,,37,04:00,58,88,
2007,RS,14,159,513,VIR,PTGQ,"DI BELLA, FABIO",2FGM,Two Pointer,2,-46,20,D,,,,38,03:00,60,88,
2007,RS,14,159,518,VIR,PTGQ,"DI BELLA, FABIO",FTM,Free Throw In,1,-1,-1, ,,,,38,03:00,61,88,
2007,RS,14,159,519,CSK,PKVZ,"SHVED, ALEXEY",2FGM,Two Pointer,2,43,402,C,,,,38,03:00,61,90,
2007,RS,14,159,520,VIR,PTGV,"ANDERSON, ALAN",2FGA,Missed Two Pointer,0,51,74,C,,,,38,03:00,61,90,
2007,RS,14,159,522,VIR,PTGV,"ANDERSON, ALAN",2FGAB,Missed Two Pointer,0,12,74,C,,,,38,03:00,61,90,
2007,RS,14,159,525,CSK,PKVZ,"SHVED, ALEXEY",2FGA,Missed Two Pointer,0,-20,76,D,,,,38,03:00,61,90,
2007,RS,14,159,527,VIR,PTGM,"SPENCER, DEWARICK",3FGM,Three Pointer,3,-156,682,J,,,,38,03:00,64,90,
2007,RS,14,159,529,CSK,PABN,"ZISIS, NIKOLAOS",3FGA,Missed Three Pointer,0,20,697,G,,,,38,03:00,64,90,
2007,RS,14,159,531,VIR,PTGQ,"DI BELLA, FABIO",2FGA,Missed Two Pointer,0,-64,25,D,,,,38,03:00,64,90,
2007,RS,14,159,534,CSK,PABN,"ZISIS, NIKOLAOS",3FGA,Missed Three Pointer,0,-689,171,F,,,,39,02:00,64,90,
2007,RS,14,159,536,VIR,PTGM,"SPENCER, DEWARICK",2FGA,Missed Two Pointer,0,71,105,C,,,,39,02:00,64,90,
2007,RS,14,159,538,VIR,PBEW,"CHIACIG, ROBERTO",2FGM,Two Pointer,2,15,15,C,,,,39,02:00,66,90,
2007,RS,14,159,540,CSK,PJEQ,"KASHIROV, ANATOLY",2FGM,Two Pointer,2,279,110,B,,,,40,01:00,66,92,
2007,RS,14,159,541,VIR,PBEW,"CHIACIG, ROBERTO",2FGM,Two Pointer,2,-38,2,D,,,,40,01:00,68,92,
2007,RS,14,159,543,CSK,PKVZ,"SHVED, ALEXEY",3FGA,Missed Three Pointer,0,-182,628,J,,,,40,01:00,68,92,
2007,RS,14,160,4,ZAL,PADX,"ZUKAUSKAS, EURELIJUS",2FGA,Missed Two Pointer,0,-384,171,E,,,,1,10:00,0,0,
2007,RS,14,160,6,BAS,PCBY,"SPLITTER, TIAGO",2FGA,Missed Two Pointer,0,-151,2,D,,,,1,10:00,0,0,
2007,RS,14,160,8,ZAL,PAHT,"BROWN, MARCUS",3FGA,Missed Three Pointer,0,494,466,G,,,,1,10:00,0,0,
2007,RS,14,160,12,BAS,PCBY,"SPLITTER, TIAGO",FTM,Free Throw In,1,-1,-1, ,,,,1,10:00,1,0,
2007,RS,14,160,19,BAS,PANB,"RAKOCEVIC, IGOR",2FGA,Missed Two Pointer,0,-7,487,I,,,,2,09:00,1,0,
2007,RS,14,160,21,ZAL,PJCC,"MACIULIS, JONAS",2FGA,Missed Two Pointer,0,130,233,C,,,,2,09:00,1,0,
2007,RS,14,160,23,ZAL,PBDB,"COLLINS, DeJUAN",3FGM,Three Pointer,3,-305,623,J,,,,2,09:00,1,3,
2007,RS,14,160,24,BAS,PCBY,"SPLITTER, TIAGO",2FGA,Missed Two Pointer,0,248,297,B,,,,2,09:00,1,3,
2007,RS,14,160,27,ZAL,PJCC,"MACIULIS, JONAS",2FGM,Two Pointer,2,-153,-20,D,,,,2,09:00,1,5,
2007,RS,14,160,31,BAS,PCBY,"SPLITTER, TIAGO",2FGM,Two Pointer,2,69,87,C,,,,3,08:00,3,5,
2007,RS,14,160,32,ZAL,PJCC,"MACIULIS, JONAS",2FGM,Two Pointer,2,7,7,C,,,,3,08:00,3,7,
2007,RS,14,160,36,BAS,PCBX,"PRIGIONI, PABLO",2FGAB,Missed Two Pointer,0,197,20,C,,,,4,07:00,3,7,
2007,RS,14,160,41,ZAL,PBWI,"JANKUNAS, PAULIUS",3FGM,Three Pointer,3,512,435,G,,,,4,07:00,3,10,
2007,RS,14,160,42,BAS,PANB,"RAKOCEVIC, IGOR",2FGA,Missed Two Pointer,0,94,56,C,,,,4,07:00,3,10,
2007,RS,14,160,57,BAS,PJZJ,"TELETOVIC, MIRZA",3FGA,Missed Three Pointer,0,0,0,A,,,,4,07:00,3,10,
2007,RS,14,160,44,BAS,PANB,"RAKOCEVIC, IGOR",2FGM,Two Pointer,2,-266,320,E,,,,4,07:00,5,10,
2007,RS,14,160,46,ZAL,PJCC,"MACIULIS, JONAS",3FGM,Three Pointer,3,484,489,G,,,,5,06:00,5,13,
2007,RS,14,160,47,BAS,PAJK,"VIDAL, SERGI",2FGM,Two Pointer,2,-117,30,D,,,,5,06:00,7,13,
2007,RS,14,160,48,ZAL,PADX,"ZUKAUSKAS, EURELIJUS",2FGA,Missed Two Pointer,0,-164,164,D,,,,5,06:00,7,13,
2007,RS,14,160,50,ZAL,PBWI,"JANKUNAS, PAULIUS",2FGM,Two Pointer,2,-64,48,D,,,,5,06:00,7,15,
2007,RS,14,160,62,ZAL,PAHT,"BROWN, MARCUS",FTM,Free Throw In,1,-1,-1, ,,,,6,05:00,7,16,
2007,RS,14,160,63,ZAL,PAHT,"BROWN, MARCUS",FTM,Free Throw In,1,-1,-1, ,,,,6,05:00,7,17,
2007,RS,14,160,64,BAS,PCBY,"SPLITTER, TIAGO",2FGA,Missed Two Pointer,0,71,66,C,,,,6,05:00,7,17,
2007,RS,14,160,67,ZAL,PBDB,"COLLINS, DeJUAN",2FGM,Two Pointer,2,420,53,B,,,,6,05:00,7,19,
2007,RS,14,160,69,BAS,PCBY,"SPLITTER, TIAGO",2FGM,Two Pointer,2,-15,5,D,,,,6,05:00,9,19,
2007,RS,14,160,77,BAS,PCBY,"SPLITTER, TIAGO",2FGM,Two Pointer,2,-17,123,D,,,,7,04:00,11,19,
2007,RS,14,160,78,ZAL,PBWI,"JANKUNAS, PAULIUS",3FGM,Three Pointer,3,43,687,G,,,,7,04:00,11,22,
2007,RS,14,160,80,BAS,PCBX,"PRIGIONI, PABLO",3FGA,Missed Three Pointer,0,-658,10,F,,,,8,03:00,11,22,
2007,RS,14,160,82,ZAL,PATP,"POPOVIC, MARKO",3FGA,Missed Three Pointer,0,87,733,G,,,,8,03:00,11,22,
2007,RS,14,160,84,BAS,PANB,"RAKOCEVIC, IGOR",2FGA,Missed Two Pointer,0,361,64,B,,,,8,03:00,11,22,
2007,RS,14,160,86,ZAL,PBWI,"JANKUNAS, PAULIUS",3FGA,Missed Three Pointer,0,28,705,G,,,,8,03:00,11,22,
2007,RS,14,160,98,ZAL,P000127,"BRADLEY, MICHAEL",2FGM,Two Pointer,2,-35,61,D,,,,9,02:00,11,24,
2007,RS,14,160,107,BAS,P000719,"MUONEKE, GABE",3FGA,Missed Three Pointer,0,653,-58,A,,,,9,02:00,11,24,
2007,RS,14,160,116,BAS,PCBY,"SPLITTER, TIAGO",FTM,Free Throw In,1,-1,-1, ,,,,10,01:00,12,24,
2007,RS,14,160,117,BAS,PCBY,"SPLITTER, TIAGO",FTM,Free Throw In,1,-1,-1, ,,,,10,01:00,13,24,
2007,RS,14,160,118,ZAL,PJBX,"KALNIETIS, MANTAS",2FGA,Missed Two Pointer,0,194,2,C,,,,10,01:00,13,24,
2007,RS,14,160,120,BAS,PAFP,"PLANINIC, ZORAN",3FGM,Three Pointer,3,217,689,G,,,,10,01:00,16,24,
2007,RS,14,160,124,BAS,PCBY,"SPLITTER, TIAGO",2FGM,Two Pointer,2,92,41,C,,,,11,10:00,18,24,
2007,RS,14,160,125,ZAL,PJCC,"MACIULIS, JONAS",3FGA,Missed Three Pointer,0,-235,671,J,,,,11,10:00,18,24,
2007,RS,14,160,127,ZAL,P000127,"BRADLEY, MICHAEL",2FGM,Two Pointer,2,-84,53,D,,,,11,10:00,18,26,
2007,RS,14,160,130,ZAL,PATP,"POPOVIC, MARKO",3FGM,Three Pointer,3,-458,515,J,,,,12,09:00,18,29,
2007,RS,14,160,131,BAS,PAFP,"PLANINIC, ZORAN",3FGA,Missed Three Pointer,0,546,487,G,,,,12,09:00,18,29,
2007,RS,14,160,133,BAS,PAJK,"VIDAL, SERGI",2FGM,Two Pointer,2,-115,66,D,,,,12,09:00,20,29,
2007,RS,14,160,134,ZAL,PJCC,"MACIULIS, JONAS",3FGA,Missed Three Pointer,0,541,443,G,,,,12,09:00,20,29,
2007,RS,14,160,136,BAS,PCBY,"SPLITTER, TIAGO",2FGM,Two Pointer,2,-64,33,D,,,,12,09:00,22,29,
2007,RS,14,160,138,ZAL,PBDE,"JURAK, GORAN",2FGM,Two Pointer,2,125,17,C,,,,13,08:00,22,31,
2007,RS,14,160,145,BAS,PJZJ,"TELETOVIC, MIRZA",3FGA,Missed Three Pointer,0,-107,687,J,,,,13,08:00,22,31,
2007,RS,14,160,152,BAS,PANB,"RAKOCEVIC, IGOR",2FGM,Two Pointer,2,10,192,C,,,,14,07:00,24,31,
2007,RS,14,160,153,ZAL,PJCC,"MACIULIS, JONAS",2FGM,Two Pointer,2,-107,84,D,,,,14,07:00,24,33,
2007,RS,14,160,154,BAS,PANB,"RAKOCEVIC, IGOR",3FGM,Three Pointer,3,441,517,G,,,,14,07:00,27,33,
2007,RS,14,160,163,BAS,PJZJ,"TELETOVIC, MIRZA",2FGM,Two Pointer,2,-38,71,D,,,,14,07:00,29,33,
2007,RS,14,160,168,BAS,PJZJ,"TELETOVIC, MIRZA",2FGM,Two Pointer,2,294,51,B,,,,15,06:00,31,33,
2007,RS,14,160,176,ZAL,PBDB,"COLLINS, DeJUAN",3FGA,Missed Three Pointer,0,-248,674,J,,,,15,06:00,31,33,
2007,RS,14,160,178,BAS,PANB,"RAKOCEVIC, IGOR",2FGM,Two Pointer,2,-358,387,E,,,,15,06:00,33,33,
2007,RS,14,160,180,ZAL,PADX,"ZUKAUSKAS, EURELIJUS",2FGA,Missed Two Pointer,0,-184,120,D,,,,16,05:00,33,33,
2007,RS,14,160,182,BAS,PANB,"RAKOCEVIC, IGOR",3FGA,Missed Three Pointer,0,-487,456,J,,,,16,05:00,33,33,
2007,RS,14,160,184,BAS,PJZJ,"TELETOVIC, MIRZA",2FGA,Missed Two Pointer,0,307,117,B,,,,16,05:00,33,33,
2007,RS,14,160,186,BAS,PAFP,"PLANINIC, ZORAN",3FGA,Missed Three Pointer,0,-402,533,J,,,,16,05:00,33,33,
2007,RS,14,160,188,BAS,PJTT,"MCDONALD, WILL",2FGM,Two Pointer,2,48,23,C,,,,16,05:00,35,33,
2007,RS,14,160,193,BAS,PANB,"RAKOCEVIC, IGOR",3FGA,Missed Three Pointer,0,-397,548,J,,,,16,05:00,35,33,
2007,RS,14,160,195,BAS,PJZJ,"TELETOVIC, MIRZA",2FGM,Two Pointer,2,66,10,C,,,,16,05:00,37,33,
2007,RS,14,160,200,BAS,PAFP,"PLANINIC, ZORAN",2FGM,Two Pointer,2,97,5,C,,,,17,04:00,39,33,
2007,RS,14,160,202,ZAL,PBDB,"COLLINS, DeJUAN",3FGAB,Missed Three Pointer,0,-471,538,J,,,,17,04:00,39,33,
2007,RS,14,160,208,BAS,PAFP,"PLANINIC, ZORAN",3FGA,Missed Three Pointer,0,-58,679,J,,,,17,04:00,39,33,
2007,RS,14,160,217,ZAL,PBDB,"COLLINS, DeJUAN",2FGA,Missed Two Pointer,0,-335,56,E,,,,17,04:00,39,33,
2007,RS,14,160,221,BAS,PCBX,"PRIGIONI, PABLO",3FGA,Missed Three Pointer,0,535,402,A,,,,18,03:00,39,33,
2007,RS,14,160,225,ZAL,PAHT,"BROWN, MARCUS",3FGM,Three Pointer,3,-12,674,J,,,,18,03:00,39,36,
2007,RS,14,160,230,BAS,PBVC,"JASAITIS, SIMAS",2FGM,Two Pointer,2,-87,53,D,,,,19,02:00,41,36,
2007,RS,14,160,235,ZAL,PBDB,"COLLINS, DeJUAN",FTM,Free Throw In,1,-1,-1, ,,,,19,02:00,41,37,
2007,RS,14,160,238,BAS,PJZJ,"TELETOVIC, MIRZA",3FGM,Three Pointer,3,571,358,A,,,,19,02:00,44,37,
2007,RS,14,160,240,ZAL,PBWI,"JANKUNAS, PAULIUS",2FGM,Two Pointer,2,7,12,C,,,,19,02:00,44,39,
2007,RS,14,160,257,BAS,PCBY,"SPLITTER, TIAGO",2FGM,Two Pointer,2,-53,61,D,,,,21,10:00,46,39,
2007,RS,14,160,258,ZAL,PBWI,"JANKUNAS, PAULIUS",2FGA,Missed Two Pointer,0,182,369,C,,,,21,10:00,46,39,
2007,RS,14,160,260,ZAL,PBDB,"COLLINS, DeJUAN",3FGA,Missed Three Pointer,0,246,648,G,,,,21,10:00,46,39,
2007,RS,14,160,265,BAS,PCBY,"SPLITTER, TIAGO",2FGM,Two Pointer,2,-148,97,D,,,,22,09:00,48,39,
2007,RS,14,160,266,ZAL,PJCC,"MACIULIS, JONAS",3FGM,Three Pointer,3,-438,507,J,,,,22,09:00,48,42,
2007,RS,14,160,267,BAS,PANB,"RAKOCEVIC, IGOR",2FGA,Missed Two Pointer,0,46,389,C,,,,22,09:00,48,42,
2007,RS,14,160,270,ZAL,PBWI,"JANKUNAS, PAULIUS",2FGM,Two Pointer,2,364,7,B,,,,22,09:00,48,44,
2007,RS,14,160,271,BAS,PCBY,"SPLITTER, TIAGO",2FGA,Missed Two Pointer,0,82,97,C,,,,22,09:00,48,44,
2007,RS,14,160,275,ZAL,PAHT,"BROWN, MARCUS",FTM,Free Throw In,1,-1,-1, ,,,,22,09:00,48,45,
2007,RS,14,160,276,ZAL,PAHT,"BROWN, MARCUS",FTM,Free Throw In,1,-1,-1, ,,,,22,09:00,48,46,
2007,RS,14,160,281,BAS,PAFP,"PLANINIC, ZORAN",3FGA,Missed Three Pointer,0,-669,100,F,,,,24,07:00,48,46,
2007,RS,14,160,283,ZAL,PJCC,"MACIULIS, JONAS",2FGA,Missed Two Pointer,0,76,43,C,,,,24,07:00,48,46,
2007,RS,14,160,296,ZAL,PBDB,"COLLINS, DeJUAN",FTM,Free Throw In,1,-1,-1, ,,,,25,06:00,48,47,
2007,RS,14,160,297,ZAL,PBDB,"COLLINS, DeJUAN",FTM,Free Throw In,1,-1,-1, ,,,,25,06:00,48,48,
2007,RS,14,160,300,BAS,PANB,"RAKOCEVIC, IGOR",FTM,Free Throw In,1,-1,-1, ,,,,25,06:00,49,48,
2007,RS,14,160,301,BAS,PANB,"RAKOCEVIC, IGOR",FTM,Free Throw In,1,-1,-1, ,,,,25,06:00,50,48,
2007,RS,14,160,303,BAS,PCBY,"SPLITTER, TIAGO",2FGM,Two Pointer,2,64,133,C,,,,25,06:00,52,48,
2007,RS,14,160,305,ZAL,P000127,"BRADLEY, MICHAEL",2FGM,Two Pointer,2,87,15,C,,,,25,06:00,52,50,
2007,RS,14,160,306,BAS,PANB,"RAKOCEVIC, IGOR",3FGM,Three Pointer,3,-592,300,F,,,,25,06:00,55,50,
2007,RS,14,160,307,ZAL,PATP,"POPOVIC, MARKO",3FGA,Missed Three Pointer,0,61,682,G,,,,25,06:00,55,50,
2007,RS,14,160,310,BAS,PCBY,"SPLITTER, TIAGO",2FGM,Two Pointer,2,53,41,C,,,,25,06:00,57,50,
2007,RS,14,160,318,ZAL,PATP,"POPOVIC, MARKO",2FGAB,Missed Two Pointer,0,92,112,C,,,,27,04:00,57,50,
2007,RS,14,160,324,ZAL,PBWI,"JANKUNAS, PAULIUS",2FGA,Missed Two Pointer,0,43,89,C,,,,27,04:00,57,50,
2007,RS,14,160,326,ZAL,PADX,"ZUKAUSKAS, EURELIJUS",2FGM,Two Pointer,2,2,33,D,,,,27,04:00,57,52,
2007,RS,14,160,328,BAS,PANB,"RAKOCEVIC, IGOR",2FGM,Two Pointer,2,51,38,C,,,,27,04:00,59,52,
2007,RS,14,160,330,ZAL,PADX,"ZUKAUSKAS, EURELIJUS",2FGAB,Missed Two Pointer,0,89,56,C,,,,28,03:00,59,52,
2007,RS,14,160,339,BAS,PCBX,"PRIGIONI, PABLO",3FGM,Three Pointer,3,-656,87,F,,,,28,03:00,62,52,
2007,RS,14,160,340,ZAL,PADX,"ZUKAUSKAS, EURELIJUS",2FGAB,Missed Two Pointer,0,123,51,C,,,,28,03:00,62,52,
2007,RS,14,160,350,ZAL,PADX,"ZUKAUSKAS, EURELIJUS",FTM,Free Throw In,1,-1,-1, ,,,,29,02:00,62,53,
2007,RS,14,160,355,BAS,PANB,"RAKOCEVIC, IGOR",3FGM,Three Pointer,3,323,633,G,,,,29,02:00,65,53,
2007,RS,14,160,366,ZAL,PATP,"POPOVIC, MARKO",3FGA,Missed Three Pointer,0,317,617,G,,,,29,02:00,65,53,
2007,RS,14,160,368,BAS,PANB,"RAKOCEVIC, IGOR",3FGAB,Missed Three Pointer,0,356,600,G,,,,29,02:00,65,53,
2007,RS,14,160,378,ZAL,PATP,"POPOVIC, MARKO",FTM,Free Throw In,1,-1,-1, ,,,,30,01:00,65,54,
2007,RS,14,160,379,BAS,PCBY,"SPLITTER, TIAGO",3FGA,Missed Three Pointer,0,297,633,G,,,,30,01:00,65,54,
2007,RS,14,160,381,ZAL,PJCC,"MACIULIS, JONAS",3FGM,Three Pointer,3,343,589,G,,,,30,01:00,65,57,
2007,RS,14,160,388,BAS,PCBX,"PRIGIONI, PABLO",3FGA,Missed Three Pointer,0,200,753,G,,,,31,10:00,65,57,
2007,RS,14,160,390,ZAL,PATP,"POPOVIC, MARKO",3FGA,Missed Three Pointer,0,212,684,G,,,,31,10:00,65,57,
2007,RS,14,160,392,ZAL,PBDE,"JURAK, GORAN",2FGA,Missed Two Pointer,0,151,35,C,,,,31,10:00,65,57,
2007,RS,14,160,404,BAS,PANB,"RAKOCEVIC, IGOR",FTM,Free Throw In,1,-1,-1, ,,,,32,09:00,66,57,
2007,RS,14,160,405,ZAL,PAHT,"BROWN, MARCUS",3FGA,Missed Three Pointer,0,-653,202,F,,,,32,09:00,66,57,
2007,RS,14,160,408,BAS,PBVC,"JASAITIS, SIMAS",3FGM,Three Pointer,3,358,620,G,,,,32,09:00,69,57,
2007,RS,14,160,409,ZAL,P000127,"BRADLEY, MICHAEL",2FGAB,Missed Two Pointer,0,33,169,C,,,,32,09:00,69,57,
2007,RS,14,160,413,BAS,PBVC,"JASAITIS, SIMAS",3FGA,Missed Three Pointer,0,651,66,A,,,,32,09:00,69,57,
2007,RS,14,160,422,ZAL,P000127,"BRADLEY, MICHAEL",2FGA,Missed Two Pointer,0,-82,61,D,,,,33,08:00,69,57,
2007,RS,14,160,424,BAS,PJZJ,"TELETOVIC, MIRZA",3FGA,Missed Three Pointer,0,-79,694,J,,,,33,08:00,69,57,
2007,RS,14,160,426,ZAL,PATP,"POPOVIC, MARKO",2FGA,Missed Two Pointer,0,2,458,H,,,,33,08:00,69,57,
2007,RS,14,160,429,BAS,PCBX,"PRIGIONI, PABLO",2FGA,Missed Two Pointer,0,58,56,C,,,,34,07:00,69,57,
2007,RS,14,160,431,BAS,PANB,"RAKOCEVIC, IGOR",2FGA,Missed Two Pointer,0,71,410,C,,,,34,07:00,69,57,
2007,RS,14,160,439,ZAL,PADX,"ZUKAUSKAS, EURELIJUS",2FGA,Missed Two Pointer,0,-66,117,D,,,,35,06:00,69,57,
2007,RS,14,160,445,BAS,PJTT,"MCDONALD, WILL",2FGA,Missed Two Pointer,0,297,74,B,,,,35,06:00,69,57,
2007,RS,14,160,449,ZAL,PBDB,"COLLINS, DeJUAN",FTM,Free Throw In,1,-1,-1, ,,,,35,06:00,69,58,
2007,RS,14,160,452,BAS,PANB,"RAKOCEVIC, IGOR",3FGA,Missed Three Pointer,0,23,710,G,,,,35,06:00,69,58,
2007,RS,14,160,454,ZAL,PJCC,"MACIULIS, JONAS",2FGM,Two Pointer,2,-64,35,D,,,,35,06:00,69,60,
2007,RS,14,160,459,BAS,PBVC,"JASAITIS, SIMAS",FTM,Free Throw In,1,-1,-1, ,,,,36,05:00,70,60,
2007,RS,14,160,460,BAS,PBVC,"JASAITIS, SIMAS",FTM,Free Throw In,1,-1,-1, ,,,,36,05:00,71,60,
2007,RS,14,160,463,ZAL,PBWI,"JANKUNAS, PAULIUS",2FGA,Missed Two Pointer,0,-276,74,E,,,,36,05:00,71,60,
2007,RS,14,160,465,BAS,PJTT,"MCDONALD, WILL",2FGM,Two Pointer,2,71,15,C,,,,36,05:00,73,60,
2007,RS,14,160,468,BAS,PJTT,"MCDONALD, WILL",FTM,Free Throw In,1,-1,-1, ,,,,36,05:00,74,60,
2007,RS,14,160,476,BAS,PCBX,"PRIGIONI, PABLO",3FGM,Three Pointer,3,-271,676,J,,,,37,04:00,77,60,
2007,RS,14,160,482,ZAL,PBDE,"JURAK, GORAN",FTM,Free Throw In,1,-1,-1, ,,,,37,04:00,77,61,
2007,RS,14,160,483,BAS,PAJK,"VIDAL, SERGI",2FGA,Missed Two Pointer,0,302,84,B,,,,37,04:00,77,61,
2007,RS,14,160,491,ZAL,PATP,"POPOVIC, MARKO",2FGM,Two Pointer,2,-89,25,D,,,,38,03:00,77,63,
2007,RS,14,160,492,BAS,PCBY,"SPLITTER, TIAGO",2FGAB,Missed Two Pointer,0,128,87,C,,,,38,03:00,77,63,
2007,RS,14,160,494,BAS,PBVC,"JASAITIS, SIMAS",2FGA,Missed Two Pointer,0,102,166,C,,,,38,03:00,77,63,
2007,RS,14,160,497,BAS,PCBY,"SPLITTER, TIAGO",2FGM,Two Pointer,2,-153,102,D,,,,38,03:00,79,63,
2007,RS,14,160,507,BAS,PAFP,"PLANINIC, ZORAN",2FGM,Two Pointer,2,-56,43,D,,,,39,02:00,81,63,
2007,RS,14,160,514,ZAL,PBDE,"JURAK, GORAN",FTM,Free Throw In,1,-1,-1, ,,,,39,02:00,81,64,
2007,RS,14,160,515,ZAL,PBDE,"JURAK, GORAN",FTM,Free Throw In,1,-1,-1, ,,,,39,02:00,81,65,
2007,RS,14,160,516,BAS,PAJK,"VIDAL, SERGI",3FGA,Missed Three Pointer,0,-343,669,J,,,,39,02:00,81,65,
2007,RS,14,160,518,BAS,PBVC,"JASAITIS, SIMAS",2FGA,Missed Two Pointer,0,82,94,C,,,,39,02:00,81,65,
2007,RS,14,160,523,ZAL,PATP,"POPOVIC, MARKO",FTM,Free Throw In,1,-1,-1, ,,,,40,01:00,81,66,
2007,RS,14,160,526,BAS,PTGX,"FERNANDEZ, LUCHO",FTM,Free Throw In,1,-1,-1, ,,,,40,01:00,82,66,
2007,RS,14,160,527,BAS,PTGX,"FERNANDEZ, LUCHO",FTM,Free Throw In,1,-1,-1, ,,,,40,01:00,83,66,
2007,RS,14,160,528,ZAL,PBWI,"JANKUNAS, PAULIUS",2FGA,Missed Two Pointer,0,-315,38,E,,,,40,01:00,83,66,
2007,RS,14,160,535,BAS,PAFP,"PLANINIC, ZORAN",FTM,Free Throw In,1,-1,-1, ,,,,40,01:00,84,66,
2007,RS,14,161,3,ARI,PLGV,"MASSEY, JEREMIAH",2FGA,Missed Two Pointer,0,38,48,C,,,,1,10:00,0,0,
2007,RS,14,161,5,TEL,PTFS,"FIZER, MARCUS",2FGM,Two Pointer,2,274,364,B,,,,1,10:00,0,2,
2007,RS,14,161,7,ARI,PBDH,"MOTTOLA, HANNO",3FGM,Three Pointer,3,269,633,G,,,,1,10:00,3,2,
2007,RS,14,161,10,TEL,PAOZ,"HALPERIN, YOTAM",2FGM,Two Pointer,2,-56,23,D,,,,2,09:00,3,4,
2007,RS,14,161,12,ARI,PLSZ,"WASHINGTON, DARIUS",2FGA,Missed Two Pointer,0,53,43,C,,,,2,09:00,3,4,
2007,RS,14,161,16,TEL,PLTS,"MORRIS, TERENCE",2FGM,Two Pointer,2,71,51,C,,,,2,09:00,3,6,
2007,RS,14,161,17,ARI,PTEM,"WRIGHT, BRACEY",3FGM,Three Pointer,3,-23,687,J,,,,2,09:00,6,6,
2007,RS,14,161,20,TEL,PTFS,"FIZER, MARCUS",2FGM,Two Pointer,2,5,56,C,,,,3,08:00,6,8,
2007,RS,14,161,22,ARI,PBDH,"MOTTOLA, HANNO",3FGA,Missed Three Pointer,0,361,605,G,,,,3,08:00,6,8,
2007,RS,14,161,25,TEL,PCQD,"CUMMINGS, VONTEEGO",3FGA,Missed Three Pointer,0,517,441,G,,,,4,07:00,6,8,
2007,RS,14,161,28,ARI,PLGM,"TSALDARIS, DIMITRIOS",2FGA,Missed Two Pointer,0,312,320,B,,,,4,07:00,6,8,
2007,RS,14,161,32,ARI,PLGV,"MASSEY, JEREMIAH",3FGM,Three Pointer,3,-397,571,J,,,,4,07:00,9,8,
2007,RS,14,161,35,ARI,PTEM,"WRIGHT, BRACEY",2FGA,Missed Two Pointer,0,-338,174,E,,,,4,07:00,9,8,
2007,RS,14,161,38,TEL,PTFS,"FIZER, MARCUS",2FGA,Missed Two Pointer,0,79,35,C,,,,5,06:00,9,8,
2007,RS,14,161,43,ARI,PLGV,"MASSEY, JEREMIAH",FTM,Free Throw In,1,-1,-1, ,,,,5,06:00,10,8,
2007,RS,14,161,44,TEL,PTFS,"FIZER, MARCUS",2FGM,Two Pointer,2,7,33,C,,,,5,06:00,10,10,
2007,RS,14,161,45,ARI,PTEM,"WRIGHT, BRACEY",3FGM,Three Pointer,3,653,248,A,,,,5,06:00,13,10,
2007,RS,14,161,50,ARI,PLGV,"MASSEY, JEREMIAH",2FGM,Two Pointer,2,51,30,C,,,,6,05:00,15,10,
2007,RS,14,161,54,ARI,PLGV,"MASSEY, JEREMIAH",FTM,Free Throw In,1,-1,-1, ,,,,6,05:00,16,10,
2007,RS,14,161,57,TEL,PCQD,"CUMMINGS, VONTEEGO",2FGM,Two Pointer,2,41,28,C,,,,6,05:00,16,12,
2007,RS,14,161,58,ARI,PTEM,"WRIGHT, BRACEY",3FGA,Missed Three Pointer,0,2,697,G,,,,6,05:00,16,12,
2007,RS,14,161,60,TEL,PTFS,"FIZER, MARCUS",2FGM,Two Pointer,2,-58,76,D,,,,6,05:00,16,14,
2007,RS,14,161,63,ARI,PLSZ,"WASHINGTON, DARIUS",2FGA,Missed Two Pointer,0,82,46,C,,,,7,04:00,16,14,
2007,RS,14,161,65,ARI,PLGV,"MASSEY, JEREMIAH",2FGM,Two Pointer,2,-23,71,D,,,,7,04:00,18,14,
2007,RS,14,161,67,TEL,PCQD,"CUMMINGS, VONTEEGO",2FGA,Missed Two Pointer,0,-71,41,D,,,,7,04:00,18,14,
2007,RS,14,161,71,ARI,PLGM,"TSALDARIS, DIMITRIOS",2FGM,Two Pointer,2,56,41,C,,,,7,04:00,20,14,
2007,RS,14,161,74,ARI,PLGM,"TSALDARIS, DIMITRIOS",FTM,Free Throw In,1,-1,-1, ,,,,7,04:00,21,14,
2007,RS,14,161,75,TEL,PTFS,"FIZER, MARCUS",2FGM,Two Pointer,2,76,30,C,,,,7,04:00,21,16,
2007,RS,14,161,76,ARI,PLGV,"MASSEY, JEREMIAH",2FGM,Two Pointer,2,-12,66,D,,,,7,04:00,23,16,
2007,RS,14,161,79,TEL,PBES,"BLUTHENTHAL, DAVID",3FGM,Three Pointer,3,-556,456,J,,,,8,03:00,23,19,
2007,RS,14,161,81,ARI,PLGM,"TSALDARIS, DIMITRIOS",3FGA,Missed Three Pointer,0,-489,492,J,,,,8,03:00,23,19,
2007,RS,14,161,84,TEL,PLTS,"MORRIS, TERENCE",2FGM,Two Pointer,2,0,82,D,,,,8,03:00,23,21,
2007,RS,14,161,86,ARI,PLGV,"MASSEY, JEREMIAH",3FGA,Missed Three Pointer,0,-328,617,J,,,,9,02:00,23,21,
2007,RS,14,161,88,TEL,PAOZ,"HALPERIN, YOTAM",3FGA,Missed Three Pointer,0,658,128,A,,,,9,02:00,23,21,
2007,RS,14,161,91,ARI,PTEM,"WRIGHT, BRACEY",2FGM,Two Pointer,2,-53,12,D,,,,9,02:00,25,21,
2007,RS,14,161,92,TEL,PCQD,"CUMMINGS, VONTEEGO",3FGM,Three Pointer,3,658,84,A,,,,9,02:00,25,24,
2007,RS,14,161,94,ARI,PLSZ,"WASHINGTON, DARIUS",2FGM,Two Pointer,2,-79,33,D,,,,9,02:00,27,24,
2007,RS,14,161,102,TEL,PTFS,"FIZER, MARCUS",2FGA,Missed Two Pointer,0,-89,48,D,,,,10,01:00,27,24,
2007,RS,14,161,105,ARI,PTEM,"WRIGHT, BRACEY",2FGA,Missed Two Pointer,0,82,76,C,,,,10,01:00,27,24,
2007,RS,14,161,117,TEL,PLTS,"MORRIS, TERENCE",2FGA,Missed Two Pointer,0,-28,412,D,,,,10,01:00,27,24,
2007,RS,14,161,124,TEL,PCQD,"CUMMINGS, VONTEEGO",FTM,Free Throw In,1,-1,-1, ,,,,11,10:00,27,25,
2007,RS,14,161,127,ARI,PAPT,"BOISA, VLADIMER",3FGM,Three Pointer,3,-353,571,J,,,,11,10:00,30,25,
2007,RS,14,161,129,TEL,PDHD,"BATISTA, ESTEBAN",2FGM,Two Pointer,2,-43,43,D,,,,11,10:00,30,27,
2007,RS,14,161,133,TEL,PDHD,"BATISTA, ESTEBAN",FTM,Free Throw In,1,-1,-1, ,,,,11,10:00,30,28,
2007,RS,14,161,137,ARI,PAPT,"BOISA, VLADIMER",2FGA,Missed Two Pointer,0,105,41,C,,,,12,09:00,30,28,
2007,RS,14,161,139,TEL,PDHD,"BATISTA, ESTEBAN",2FGM,Two Pointer,2,76,20,C,,,,12,09:00,30,30,
2007,RS,14,161,144,TEL,PCQD,"CUMMINGS, VONTEEGO",3FGA,Missed Three Pointer,0,484,494,G,,,,12,09:00,30,30,
2007,RS,14,161,149,ARI,PJIX,"AGADAKOS, LAZAROS",2FGM,Two Pointer,2,-10,597,I,,,,13,08:00,32,30,
2007,RS,14,161,155,ARI,PJIX,"AGADAKOS, LAZAROS",2FGAB,Missed Two Pointer,0,-105,30,D,,,,13,08:00,32,30,
2007,RS,14,161,163,TEL,PDHD,"BATISTA, ESTEBAN",FTM,Free Throw In,1,-1,-1, ,,,,13,08:00,32,31,
2007,RS,14,161,167,ARI,PAPT,"BOISA, VLADIMER",2FGA,Missed Two Pointer,0,61,30,C,,,,14,07:00,32,31,
2007,RS,14,161,169,TEL,PAOZ,"HALPERIN, YOTAM",3FGM,Three Pointer,3,676,123,A,,,,14,07:00,32,34,
2007,RS,14,161,174,TEL,PDHD,"BATISTA, ESTEBAN",FTM,Free Throw In,1,-1,-1, ,,,,14,07:00,32,35,
2007,RS,14,161,175,TEL,PDHD,"BATISTA, ESTEBAN",FTM,Free Throw In,1,-1,-1, ,,,,14,07:00,32,36,
2007,RS,14,161,176,ARI,PJIX,"AGADAKOS, LAZAROS",2FGA,Missed Two Pointer,0,-79,23,D,,,,14,07:00,32,36,
2007,RS,14,161,180,ARI,PJXV,"CASTLE, TERREL",2FGM,Two Pointer,2,-71,28,D,,,,15,06:00,34,36,
2007,RS,14,161,183,ARI,PAPI,"KALAITZIS, GEORGIOS",2FGA,Missed Two Pointer,0,-471,282,E,,,,15,06:00,34,36,
2007,RS,14,161,185,TEL,PLFR,"BYNUM, WILL",3FGA,Missed Three Pointer,0,-502,505,J,,,,15,06:00,34,36,
2007,RS,14,161,187,ARI,PKRF,"ILIADIS, SAVVAS",2FGM,Two Pointer,2,-20,561,I,,,,15,06:00,36,36,
2007,RS,14,161,189,TEL,PAOZ,"HALPERIN, YOTAM",2FGA,Missed Two Pointer,0,-48,28,D,,,,16,05:00,36,36,
2007,RS,14,161,203,TEL,PLFR,"BYNUM, WILL",3FGA,Missed Three Pointer,0,-605,376,F,,,,16,05:00,36,36,
2007,RS,14,161,205,ARI,PJXV,"CASTLE, TERREL",3FGA,Missed Three Pointer,0,-456,561,J,,,,16,05:00,36,36,
2007,RS,14,161,208,TEL,PAOU,"SHARP, DERRICK",3FGM,Three Pointer,3,-556,387,F,,,,17,04:00,36,39,
2007,RS,14,161,210,ARI,PKRF,"ILIADIS, SAVVAS",2FGA,Missed Two Pointer,0,-287,479,I,,,,17,04:00,36,39,
2007,RS,14,161,213,ARI,PTEM,"WRIGHT, BRACEY",2FGA,Missed Two Pointer,0,-76,17,D,,,,17,04:00,36,39,
2007,RS,14,161,215,ARI,PLGV,"MASSEY, JEREMIAH",2FGAB,Missed Two Pointer,0,74,66,C,,,,17,04:00,36,39,
2007,RS,14,161,226,ARI,PLSZ,"WASHINGTON, DARIUS",2FGM,Two Pointer,2,-66,28,D,,,,18,03:00,38,39,
2007,RS,14,161,228,TEL,P000615,"GARCIA, ALEX",3FGA,Missed Three Pointer,0,-664,164,F,,,,18,03:00,38,39,
2007,RS,14,161,235,TEL,PDHD,"BATISTA, ESTEBAN",FTM,Free Throw In,1,-1,-1, ,,,,18,03:00,38,40,
2007,RS,14,161,236,TEL,PDHD,"BATISTA, ESTEBAN",FTM,Free Throw In,1,-1,-1, ,,,,18,03:00,38,41,
2007,RS,14,161,247,TEL,PCQD,"CUMMINGS, VONTEEGO",2FGAB,Missed Two Pointer,0,28,48,C,,,,19,02:00,38,41,
2007,RS,14,161,249,ARI,PLGM,"TSALDARIS, DIMITRIOS",2FGM,Two Pointer,2,-320,458,I,,,,19,02:00,40,41,
2007,RS,14,161,254,TEL,PTFS,"FIZER, MARCUS",FTM,Free Throw In,1,-1,-1, ,,,,20,01:00,40,42,
2007,RS,14,161,258,ARI,PLGM,"TSALDARIS, DIMITRIOS",FTM,Free Throw In,1,-1,-1, ,,,,20,01:00,41,42,
2007,RS,14,161,264,TEL,PTFS,"FIZER, MARCUS",2FGA,Missed Two Pointer,0,-64,30,D,,,,20,01:00,41,42,
2007,RS,14,161,266,ARI,PTEM,"WRIGHT, BRACEY",2FGM,Two Pointer,2,302,292,B,,,,20,01:00,43,42,
2007,RS,14,161,267,TEL,PAOU,"SHARP, DERRICK",3FGM,Three Pointer,3,-20,733,J,,,,20,01:00,43,45,
2007,RS,14,161,278,ARI,PBDH,"MOTTOLA, HANNO",2FGA,Missed Two Pointer,0,-323,-46,E,,,,21,10:00,43,45,
2007,RS,14,161,280,ARI,PLGM,"TSALDARIS, DIMITRIOS",2FGA,Missed Two Pointer,0,-2,507,I,,,,21,10:00,43,45,
2007,RS,14,161,282,TEL,PAOZ,"HALPERIN, YOTAM",3FGM,Three Pointer,3,-674,12,F,,,,21,10:00,43,48,
2007,RS,14,161,285,ARI,PBDH,"MOTTOLA, HANNO",3FGAB,Missed Three Pointer,0,684,-38,A,,,,22,09:00,43,48,
2007,RS,14,161,293,TEL,PTFS,"FIZER, MARCUS",FTM,Free Throw In,1,-1,-1, ,,,,22,09:00,43,49,
2007,RS,14,161,294,TEL,PTFS,"FIZER, MARCUS",FTM,Free Throw In,1,-1,-1, ,,,,22,09:00,43,50,
2007,RS,14,161,296,ARI,PLGV,"MASSEY, JEREMIAH",2FGA,Missed Two Pointer,0,-79,23,D,,,,23,08:00,43,50,
2007,RS,14,161,298,TEL,P000615,"GARCIA, ALEX",3FGA,Missed Three Pointer,0,-374,602,J,,,,23,08:00,43,50,
2007,RS,14,161,304,ARI,PBDH,"MOTTOLA, HANNO",3FGM,Three Pointer,3,269,612,G,,,,23,08:00,46,50,
2007,RS,14,161,309,TEL,P000615,"GARCIA, ALEX",FTM,Free Throw In,1,-1,-1, ,,,,24,07:00,46,51,
2007,RS,14,161,310,TEL,P000615,"GARCIA, ALEX",FTM,Free Throw In,1,-1,-1, ,,,,24,07:00,46,52,
2007,RS,14,161,315,ARI,PTEM,"WRIGHT, BRACEY",FTM,Free Throw In,1,-1,-1, ,,,,24,07:00,47,52,
2007,RS,14,161,320,ARI,PLGV,"MASSEY, JEREMIAH",FTM,Free Throw In,1,-1,-1, ,,,,24,07:00,48,52,
2007,RS,14,161,321,ARI,PLGV,"MASSEY, JEREMIAH",FTM,Free Throw In,1,-1,-1, ,,,,24,07:00,49,52,
2007,RS,14,161,322,TEL,PTFS,"FIZER, MARCUS",2FGA,Missed Two Pointer,0,30,35,C,,,,24,07:00,49,52,
2007,RS,14,161,327,ARI,PLSZ,"WASHINGTON, DARIUS",FTM,Free Throw In,1,-1,-1, ,,,,24,07:00,50,52,
2007,RS,14,161,329,TEL,PTFS,"FIZER, MARCUS",2FGM,Two Pointer,2,51,30,C,,,,25,06:00,50,54,
2007,RS,14,161,330,ARI,PLSZ,"WASHINGTON, DARIUS",3FGA,Missed Three Pointer,0,-233,625,J,,,,25,06:00,50,54,
2007,RS,14,161,334,ARI,PLGM,"TSALDARIS, DIMITRIOS",3FGA,Missed Three Pointer,0,-684,71,F,,,,25,06:00,50,54,
2007,RS,14,161,343,ARI,PLSZ,"WASHINGTON, DARIUS",FTM,Free Throw In,1,-1,-1, ,,,,26,05:00,51,54,
2007,RS,14,161,346,ARI,PBDH,"MOTTOLA, HANNO",2FGA,Missed Two Pointer,0,-41,64,D,,,,26,05:00,51,54,
2007,RS,14,161,348,TEL,PLFR,"BYNUM, WILL",2FGM,Two Pointer,2,-66,48,D,,,,26,05:00,51,56,
2007,RS,14,161,349,ARI,PLGV,"MASSEY, JEREMIAH",2FGM,Two Pointer,2,-10,71,D,,,,26,05:00,53,56,
2007,RS,14,161,351,TEL,PLTS,"MORRIS, TERENCE",2FGM,Two Pointer,2,-51,25,D,,,,27,04:00,53,58,
2007,RS,14,161,353,ARI,PLGM,"TSALDARIS, DIMITRIOS",3FGM,Three Pointer,3,-97,651,J,,,,27,04:00,56,58,
2007,RS,14,161,354,TEL,PTFS,"FIZER, MARCUS",2FGM,Two Pointer,2,53,35,C,,,,27,04:00,56,60,
2007,RS,14,161,374,TEL,PTFS,"FIZER, MARCUS",FTM,Free Throw In,1,-1,-1, ,,,,28,03:00,56,61,
2007,RS,14,161,375,TEL,PTFS,"FIZER, MARCUS",FTM,Free Throw In,1,-1,-1, ,,,,28,03:00,56,62,
2007,RS,14,161,378,ARI,PLGV,"MASSEY, JEREMIAH",FTM,Free Throw In,1,-1,-1, ,,,,28,03:00,57,62,
2007,RS,14,161,379,ARI,PLGV,"MASSEY, JEREMIAH",FTM,Free Throw In,1,-1,-1, ,,,,28,03:00,58,62,
2007,RS,14,161,380,TEL,PLFR,"BYNUM, WILL",3FGM,Three Pointer,3,-335,633,J,,,,28,03:00,58,65,
2007,RS,14,161,382,ARI,PTEM,"WRIGHT, BRACEY",2FGA,Missed Two Pointer,0,328,456,H,,,,29,02:00,58,65,
2007,RS,14,161,394,ARI,PJXV,"CASTLE, TERREL",FTM,Free Throw In,1,-1,-1, ,,,,29,02:00,59,65,
2007,RS,14,161,395,TEL,PAOZ,"HALPERIN, YOTAM",3FGA,Missed Three Pointer,0,687,-61,A,,,,29,02:00,59,65,
2007,RS,14,161,405,ARI,PJXV,"CASTLE, TERREL",FTM,Free Throw In,1,-1,-1, ,,,,30,01:00,60,65,
2007,RS,14,161,408,TEL,PLFR,"BYNUM, WILL",2FGA,Missed Two Pointer,0,130,130,C,,,,30,01:00,60,65,
2007,RS,14,161,418,TEL,PAOU,"SHARP, DERRICK",2FGM,Two Pointer,2,-53,15,D,,,,31,10:00,60,67,
2007,RS,14,161,421,ARI,PJXV,"CASTLE, TERREL",3FGM,Three Pointer,3,-17,679,J,,,,31,10:00,63,67,
2007,RS,14,161,424,TEL,PAOU,"SHARP, DERRICK",2FGA,Missed Two Pointer,0,156,76,C,,,,32,09:00,63,67,
2007,RS,14,161,427,ARI,PLGM,"TSALDARIS, DIMITRIOS",2FGM,Two Pointer,2,-51,23,D,,,,32,09:00,65,67,
2007,RS,14,161,428,TEL,PLFR,"BYNUM, WILL",2FGA,Missed Two Pointer,0,-69,38,D,,,,32,09:00,65,67,
2007,RS,14,161,430,ARI,PLGM,"TSALDARIS, DIMITRIOS",3FGA,Missed Three Pointer,0,-679,-53,F,,,,32,09:00,65,67,
2007,RS,14,161,432,TEL,PLFR,"BYNUM, WILL",3FGA,Missed Three Pointer,0,443,512,G,,,,32,09:00,65,67,
2007,RS,14,161,435,ARI,PLGM,"TSALDARIS, DIMITRIOS",2FGM,Two Pointer,2,-2,558,I,,,,33,08:00,67,67,
2007,RS,14,161,436,TEL,PDHD,"BATISTA, ESTEBAN",2FGM,Two Pointer,2,38,33,C,,,,33,08:00,67,69,
2007,RS,14,161,450,TEL,P000615,"GARCIA, ALEX",3FGA,Missed Three Pointer,0,192,646,G,,,,34,07:00,67,69,
2007,RS,14,161,461,TEL,PAOU,"SHARP, DERRICK",2FGA,Missed Two Pointer,0,-117,58,D,,,,35,06:00,67,69,
2007,RS,14,161,464,TEL,PLTS,"MORRIS, TERENCE",2FGM,Two Pointer,2,48,23,C,,,,35,06:00,67,71,
2007,RS,14,161,465,ARI,PJIX,"AGADAKOS, LAZAROS",2FGA,Missed Two Pointer,0,-405,410,E,,,,35,06:00,67,71,
2007,RS,14,161,473,TEL,PTFS,"FIZER, MARCUS",FTM,Free Throw In,1,-1,-1, ,,,,36,05:00,67,72,
2007,RS,14,161,478,ARI,PJXV,"CASTLE, TERREL",3FGA,Missed Three Pointer,0,489,474,G,,,,36,05:00,67,72,
2007,RS,14,161,481,TEL,PTFS,"FIZER, MARCUS",2FGA,Missed Two Pointer,0,312,10,B,,,,37,04:00,67,72,
2007,RS,14,161,483,ARI,PLGV,"MASSEY, JEREMIAH",2FGAB,Missed Two Pointer,0,15,33,C,,,,37,04:00,67,72,
2007,RS,14,161,487,ARI,PJXV,"CASTLE, TERREL",3FGA,Missed Three Pointer,0,535,461,G,,,,37,04:00,67,72,
2007,RS,14,161,493,TEL,PTFS,"FIZER, MARCUS",FTM,Free Throw In,1,-1,-1, ,,,,37,04:00,67,73,
2007,RS,14,161,494,TEL,PTFS,"FIZER, MARCUS",FTM,Free Throw In,1,-1,-1, ,,,,37,04:00,67,74,
2007,RS,14,161,495,ARI,PTEM,"WRIGHT, BRACEY",3FGM,Three Pointer,3,471,497,G,,,,37,04:00,70,74,
2007,RS,14,161,497,TEL,PCQD,"CUMMINGS, VONTEEGO",3FGA,Missed Three Pointer,0,-635,251,F,,,,37,04:00,70,74,
2007,RS,14,161,503,ARI,PLGM,"TSALDARIS, DIMITRIOS",3FGM,Three Pointer,3,305,607,G,,,,38,03:00,73,74,
2007,RS,14,161,507,ARI,PLGM,"TSALDARIS, DIMITRIOS",FTM,Free Throw In,1,-1,-1, ,,,,38,03:00,74,74,
2007,RS,14,161,513,TEL,PTFS,"FIZER, MARCUS",FTM,Free Throw In,1,-1,-1, ,,,,38,03:00,74,75,
2007,RS,14,161,514,TEL,PTFS,"FIZER, MARCUS",FTM,Free Throw In,1,-1,-1, ,,,,38,03:00,74,76,
2007,RS,14,161,515,ARI,PLGM,"TSALDARIS, DIMITRIOS",2FGAB,Missed Two Pointer,0,69,33,C,,,,38,03:00,74,76,
2007,RS,14,161,519,TEL,P000615,"GARCIA, ALEX",2FGM,Two Pointer,2,-12,92,D,,,,38,03:00,74,78,
2007,RS,14,161,521,ARI,PLGV,"MASSEY, JEREMIAH",2FGA,Missed Two Pointer,0,-100,61,D,,,,39,02:00,74,78,
2007,RS,14,161,523,TEL,PTFS,"FIZER, MARCUS",2FGM,Two Pointer,2,-5,58,D,,,,39,02:00,74,80,
2007,RS,14,161,526,ARI,PLGM,"TSALDARIS, DIMITRIOS",2FGM,Two Pointer,2,-279,261,E,,,,39,02:00,76,80,
2007,RS,14,161,532,ARI,PLSZ,"WASHINGTON, DARIUS",FTM,Free Throw In,1,-1,-1, ,,,,39,02:00,77,80,
2007,RS,14,161,538,ARI,PLSZ,"WASHINGTON, DARIUS",2FGA,Missed Two Pointer,0,-46,53,D,,,,40,01:00,77,80,
2007,RS,14,161,541,ARI,PAPT,"BOISA, VLADIMER",2FGM,Two Pointer,2,41,46,C,,,,40,01:00,79,80,
2007,RS,14,161,542,TEL,PTFS,"FIZER, MARCUS",2FGM,Two Pointer,2,-48,15,D,,,,40,01:00,79,82,
2007,RS,14,161,546,ARI,PLSZ,"WASHINGTON, DARIUS",FTM,Free Throw In,1,-1,-1, ,,,,40,01:00,80,82,
2007,RS,14,161,549,TEL,PCQD,"CUMMINGS, VONTEEGO",FTM,Free Throw In,1,-1,-1, ,,,,40,01:00,80,83,
2007,RS,14,161,550,TEL,PCQD,"CUMMINGS, VONTEEGO",FTM,Free Throw In,1,-1,-1, ,,,,40,01:00,80,84,
2007,RS,14,161,551,ARI,PTEM,"WRIGHT, BRACEY",3FGM,Three Pointer,3,-28,684,J,,,,40,01:00,83,84,
2007,RS,14,161,555,TEL,PCQD,"CUMMINGS, VONTEEGO",FTM,Free Throw In,1,-1,-1, ,,,,40,01:00,83,85,
2007,RS,14,161,556,TEL,PCQD,"CUMMINGS, VONTEEGO",FTM,Free Throw In,1,-1,-1, ,,,,40,01:00,83,86,
2007,RS,14,161,559,ARI,PLSZ,"WASHINGTON, DARIUS",FTM,Free Throw In,1,-1,-1, ,,,,40,01:00,84,86,
2007,RS,14,161,563,ARI,PLGV,"MASSEY, JEREMIAH",2FGM,Two Pointer,2,33,53,C,,,,40,01:00,86,86,
2007,RS,14,161,564,TEL,PCQD,"CUMMINGS, VONTEEGO",3FGA,Missed Three Pointer,0,512,482,G,,,,40,01:00,86,86,
2007,RS,14,161,568,ARI,PLGV,"MASSEY, JEREMIAH",2FGA,Missed Two Pointer,0,17,76,C,,,,41,05:00,86,86,
2007,RS,14,161,570,TEL,PLTS,"MORRIS, TERENCE",2FGM,Two Pointer,2,-64,25,D,,,,41,05:00,86,88,
2007,RS,14,161,572,ARI,PLGM,"TSALDARIS, DIMITRIOS",3FGA,Missed Three Pointer,0,592,356,A,,,,41,05:00,86,88,
2007,RS,14,161,580,TEL,PLTS,"MORRIS, TERENCE",3FGM,Three Pointer,3,10,669,G,,,,42,04:00,86,91,
2007,RS,14,161,582,ARI,PAPT,"BOISA, VLADIMER",3FGA,Missed Three Pointer,0,376,551,G,,,,42,04:00,86,91,
2007,RS,14,161,584,TEL,PAOZ,"HALPERIN, YOTAM",3FGM,Three Pointer,3,-412,548,J,,,,42,04:00,86,94,
2007,RS,14,161,593,ARI,PLSZ,"WASHINGTON, DARIUS",FTM,Free Throw In,1,-1,-1, ,,,,43,03:00,87,94,
2007,RS,14,161,594,ARI,PLSZ,"WASHINGTON, DARIUS",FTM,Free Throw In,1,-1,-1, ,,,,43,03:00,88,94,
2007,RS,14,161,600,ARI,PLSZ,"WASHINGTON, DARIUS",2FGA,Missed Two Pointer,0,71,0,C,,,,43,03:00,88,94,
2007,RS,14,161,602,TEL,PAOU,"SHARP, DERRICK",3FGM,Three Pointer,3,671,-17,A,,,,43,03:00,88,97,
2007,RS,14,161,605,ARI,PAPT,"BOISA, VLADIMER",3FGM,Three Pointer,3,674,58,A,,,,44,02:00,91,97,
2007,RS,14,161,607,TEL,PAOZ,"HALPERIN, YOTAM",2FGA,Missed Two Pointer,0,230,420,B,,,,44,02:00,91,97,
2007,RS,14,161,609,ARI,PLGV,"MASSEY, JEREMIAH",3FGM,Three Pointer,3,-100,656,J,,,,44,02:00,94,97,
2007,RS,14,161,614,TEL,PAOU,"SHARP, DERRICK",2FGA,Missed Two Pointer,0,30,535,H,,,,44,02:00,94,97,
2007,RS,14,161,616,ARI,PLSZ,"WASHINGTON, DARIUS",2FGA,Missed Two Pointer,0,-97,25,D,,,,44,02:00,94,97,
2007,RS,14,161,624,ARI,PLSZ,"WASHINGTON, DARIUS",2FGA,Missed Two Pointer,0,-53,12,D,,,,45,01:00,94,97,
2007,RS,14,161,635,ARI,PTEM,"WRIGHT, BRACEY",3FGA,Missed Three Pointer,0,-566,410,F,,,,45,01:00,94,97,
2007,RS,14,161,648,TEL,PLFR,"BYNUM, WILL",FTM,Free Throw In,1,-1,-1, ,,,,45,01:00,94,98,
2007,RS,14,161,649,TEL,PLFR,"BYNUM, WILL",FTM,Free Throw In,1,-1,-1, ,,,,45,01:00,94,99,
2007,RS,14,161,653,TEL,P000615,"GARCIA, ALEX",2FGM,Two Pointer,2,-46,66,D,,,,45,01:00,94,101,
2007,RS,14,161,654,ARI,PTEM,"WRIGHT, BRACEY",3FGA,Missed Three Pointer,0,525,474,G,,,,45,01:00,94,101,
2007,RS,14,162,2,LEM,PTFJ,"RICCI, PHIL",3FGA,Missed Three Pointer,0,-12,671,J,,,,1,10:00,0,0,
2007,RS,14,162,4,MIL,P000689,"GIOVACCHINI, ANTHONY",2FGA,Missed Two Pointer,0,-482,320,E,,,,1,10:00,0,0,
2007,RS,14,162,6,LEM,PTFJ,"RICCI, PHIL",2FGM,Two Pointer,2,87,79,C,,,,1,10:00,0,2,
2007,RS,14,162,9,MIL,PAUT,"VUKCEVIC, DUSAN",3FGM,Three Pointer,3,-692,33,F,,,,2,09:00,3,2,
2007,RS,14,162,15,MIL,PAUT,"VUKCEVIC, DUSAN",3FGM,Three Pointer,3,664,179,A,,,,2,09:00,6,2,
2007,RS,14,162,16,LEM,PTFJ,"RICCI, PHIL",2FGM,Two Pointer,2,-407,197,E,,,,2,09:00,6,4,
2007,RS,14,162,18,MIL,PTEQ,"ARADORI, PIETRO",3FGA,Missed Three Pointer,0,-587,394,F,,,,3,08:00,6,4,
2007,RS,14,162,19,MIL,PKNZ,"WATSON, TRAVIS",2FGM,Two Pointer,2,2,5,D,,,,3,08:00,8,4,
2007,RS,14,162,22,LEM,PJMH,"BOGAVAC, NEBOJSA",2FGM,Two Pointer,2,358,102,B,,,,3,08:00,8,6,
2007,RS,14,162,28,MIL,PKNZ,"WATSON, TRAVIS",2FGM,Two Pointer,2,-5,0,D,,,,4,07:00,10,6,
2007,RS,14,162,37,LEM,PKOH,"BATUM, NICOLAS",2FGA,Missed Two Pointer,0,-384,451,I,,,,5,06:00,10,6,
2007,RS,14,162,39,MIL,PKNZ,"WATSON, TRAVIS",2FGA,Missed Two Pointer,0,-284,12,E,,,,5,06:00,10,6,
2007,RS,14,162,41,LEM,PTFJ,"RICCI, PHIL",3FGM,Three Pointer,3,184,651,G,,,,5,06:00,10,9,
2007,RS,14,162,42,MIL,P000664,"KATELYNAS, MINDAUGAS",2FGA,Missed Two Pointer,0,-602,-12,E,,,,5,06:00,10,9,
2007,RS,14,162,45,LEM,PKOH,"BATUM, NICOLAS",2FGA,Missed Two Pointer,0,-207,379,E,,,,6,05:00,10,9,
2007,RS,14,162,47,MIL,PKNZ,"WATSON, TRAVIS",2FGM,Two Pointer,2,-20,105,D,,,,6,05:00,12,9,
2007,RS,14,162,53,LEM,PKOH,"BATUM, NICOLAS",2FGAB,Missed Two Pointer,0,-105,76,D,,,,6,05:00,12,9,
2007,RS,14,162,57,LEM,PTFJ,"RICCI, PHIL",2FGA,Missed Two Pointer,0,64,69,C,,,,6,05:00,12,9,
2007,RS,14,162,61,LEM,PJMH,"BOGAVAC, NEBOJSA",3FGA,Missed Three Pointer,0,-223,641,J,,,,6,05:00,12,9,
2007,RS,14,162,63,MIL,P000664,"KATELYNAS, MINDAUGAS",2FGM,Two Pointer,2,-79,138,D,,,,6,05:00,14,9,
2007,RS,14,162,68,MIL,PAUT,"VUKCEVIC, DUSAN",2FGA,Missed Two Pointer,0,17,100,C,,,,7,04:00,14,9,
2007,RS,14,162,70,MIL,PKNZ,"WATSON, TRAVIS",2FGA,Missed Two Pointer,0,-76,79,D,,,,7,04:00,14,9,
2007,RS,14,162,77,LEM,PTFJ,"RICCI, PHIL",FTM,Free Throw In,1,-1,-1, ,,,,7,04:00,14,10,
2007,RS,14,162,80,LEM,PCHZ,"BOGDANOVIC, LUKA",3FGM,Three Pointer,3,-553,384,F,,,,7,04:00,14,13,
2007,RS,14,162,87,MIL,PAUT,"VUKCEVIC, DUSAN",3FGM,Three Pointer,3,633,248,A,,,,8,03:00,17,13,
2007,RS,14,162,89,LEM,PTFJ,"RICCI, PHIL",2FGAB,Missed Two Pointer,0,25,102,C,,,,8,03:00,17,13,
2007,RS,14,162,93,MIL,PAUT,"VUKCEVIC, DUSAN",3FGA,Missed Three Pointer,0,107,715,G,,,,8,03:00,17,13,
2007,RS,14,162,104,LEM,PDID,"LIMONAD, RAVIV",3FGA,Missed Three Pointer,0,543,392,A,,,,9,02:00,17,13,
2007,RS,14,162,106,LEM,PJMH,"BOGAVAC, NEBOJSA",3FGM,Three Pointer,3,564,407,A,,,,9,02:00,17,16,
2007,RS,14,162,108,MIL,PTEQ,"ARADORI, PIETRO",2FGA,Missed Two Pointer,0,-28,174,D,,,,9,02:00,17,16,
2007,RS,14,162,110,LEM,PCHZ,"BOGDANOVIC, LUKA",2FGA,Missed Two Pointer,0,-87,51,D,,,,9,02:00,17,16,
2007,RS,14,162,113,MIL,PLGS,"SESAY, ANSU",2FGA,Missed Two Pointer,0,343,251,B,,,,10,01:00,17,16,
2007,RS,14,162,118,MIL,PCUG,"SHAW, CASEY",FTM,Free Throw In,1,-1,-1, ,,,,10,01:00,18,16,
2007,RS,14,162,121,MIL,PAVD,"BOOKER, MELVIN",2FGA,Missed Two Pointer,0,123,317,C,,,,10,01:00,18,16,
2007,RS,14,162,133,MIL,PCUG,"SHAW, CASEY",2FGM,Two Pointer,2,-61,35,D,,,,12,09:00,20,16,
2007,RS,14,162,135,LEM,PJMH,"BOGAVAC, NEBOJSA",3FGA,Missed Three Pointer,0,674,74,A,,,,12,09:00,20,16,
2007,RS,14,162,145,MIL,PLGS,"SESAY, ANSU",2FGM,Two Pointer,2,-69,94,D,,,,12,09:00,22,16,
2007,RS,14,162,148,LEM,PTFJ,"RICCI, PHIL",FTM,Free Throw In,1,-1,-1, ,,,,12,09:00,22,17,
2007,RS,14,162,155,MIL,PAVD,"BOOKER, MELVIN",3FGA,Missed Three Pointer,0,694,76,A,,,,13,08:00,22,17,
2007,RS,14,162,159,MIL,PAUT,"VUKCEVIC, DUSAN",2FGAB,Missed Two Pointer,0,-66,38,D,,,,13,08:00,22,17,
2007,RS,14,162,163,MIL,PLGS,"SESAY, ANSU",3FGA,Missed Three Pointer,0,-479,543,J,,,,13,08:00,22,17,
2007,RS,14,162,168,LEM,PDID,"LIMONAD, RAVIV",2FGM,Two Pointer,2,-435,33,E,,,,13,08:00,22,19,
2007,RS,14,162,169,MIL,PAVD,"BOOKER, MELVIN",3FGA,Missed Three Pointer,0,-556,487,J,,,,13,08:00,22,19,
2007,RS,14,162,172,LEM,PCOB,"KOFFI, ALAIN",2FGM,Two Pointer,2,-2,100,D,,,,14,07:00,22,21,
2007,RS,14,162,178,LEM,PCOB,"KOFFI, ALAIN",FTM,Free Throw In,1,-1,-1, ,,,,14,07:00,22,22,
2007,RS,14,162,186,MIL,PTER,"GENTILE, STEFANO",3FGA,Missed Three Pointer,0,-705,51,F,,,,15,06:00,22,22,
2007,RS,14,162,188,MIL,PCUG,"SHAW, CASEY",2FGA,Missed Two Pointer,0,56,82,C,,,,15,06:00,22,22,
2007,RS,14,162,190,LEM,PCHZ,"BOGDANOVIC, LUKA",2FGM,Two Pointer,2,453,117,B,,,,15,06:00,22,24,
2007,RS,14,162,192,MIL,PAVD,"BOOKER, MELVIN",3FGA,Missed Three Pointer,0,671,215,A,,,,15,06:00,22,24,
2007,RS,14,162,195,LEM,PLGQ,"LELOUP, JEREMY",3FGM,Three Pointer,3,-679,12,F,,,,16,05:00,22,27,
2007,RS,14,162,197,MIL,PAUT,"VUKCEVIC, DUSAN",2FGA,Missed Two Pointer,0,412,230,B,,,,16,05:00,22,27,
2007,RS,14,162,205,LEM,PKOH,"BATUM, NICOLAS",FTM,Free Throw In,1,-1,-1, ,,,,16,05:00,22,28,
2007,RS,14,162,206,LEM,PKOH,"BATUM, NICOLAS",FTM,Free Throw In,1,-1,-1, ,,,,16,05:00,22,29,
2007,RS,14,162,209,MIL,PLGS,"SESAY, ANSU",FTM,Free Throw In,1,-1,-1, ,,,,16,05:00,23,29,
2007,RS,14,162,210,MIL,PLGS,"SESAY, ANSU",FTM,Free Throw In,1,-1,-1, ,,,,16,05:00,24,29,
2007,RS,14,162,212,LEM,PLGQ,"LELOUP, JEREMY",2FGM,Two Pointer,2,10,107,C,,,,17,04:00,24,31,
2007,RS,14,162,214,MIL,PAVD,"BOOKER, MELVIN",3FGA,Missed Three Pointer,0,-215,648,J,,,,17,04:00,24,31,
2007,RS,14,162,216,LEM,PCHZ,"BOGDANOVIC, LUKA",2FGA,Missed Two Pointer,0,-387,215,E,,,,17,04:00,24,31,
2007,RS,14,162,218,MIL,PKNZ,"WATSON, TRAVIS",2FGA,Missed Two Pointer,0,-92,125,D,,,,17,04:00,24,31,
2007,RS,14,162,219,MIL,PKNZ,"WATSON, TRAVIS",2FGAB,Missed Two Pointer,0,-41,102,D,,,,17,04:00,24,31,
2007,RS,14,162,223,LEM,PTFK,"DIOT, ANTOINE",2FGM,Two Pointer,2,-35,69,D,,,,17,04:00,24,33,
2007,RS,14,162,232,MIL,PAUT,"VUKCEVIC, DUSAN",FTM,Free Throw In,1,-1,-1, ,,,,18,03:00,25,33,
2007,RS,14,162,233,MIL,PAUT,"VUKCEVIC, DUSAN",FTM,Free Throw In,1,-1,-1, ,,,,18,03:00,26,33,
2007,RS,14,162,234,MIL,PAUT,"VUKCEVIC, DUSAN",FTM,Free Throw In,1,-1,-1, ,,,,18,03:00,27,33,
2007,RS,14,162,235,LEM,PCHZ,"BOGDANOVIC, LUKA",3FGM,Three Pointer,3,-541,410,F,,,,18,03:00,27,36,
2007,RS,14,162,237,MIL,P000689,"GIOVACCHINI, ANTHONY",2FGA,Missed Two Pointer,0,412,284,B,,,,19,02:00,27,36,
2007,RS,14,162,239,MIL,PTEQ,"ARADORI, PIETRO",3FGA,Missed Three Pointer,0,-153,658,J,,,,19,02:00,27,36,
2007,RS,14,162,241,LEM,PDID,"LIMONAD, RAVIV",2FGA,Missed Two Pointer,0,61,38,C,,,,19,02:00,27,36,
2007,RS,14,162,247,MIL,P000689,"GIOVACCHINI, ANTHONY",FTM,Free Throw In,1,-1,-1, ,,,,20,01:00,28,36,
2007,RS,14,162,248,LEM,PCHZ,"BOGDANOVIC, LUKA",3FGM,Three Pointer,3,425,523,G,,,,20,01:00,28,39,
2007,RS,14,162,252,LEM,PDID,"LIMONAD, RAVIV",2FGM,Two Pointer,2,-46,51,D,,,,20,01:00,28,41,
2007,RS,14,162,256,LEM,PKOH,"BATUM, NICOLAS",2FGM,Two Pointer,2,5,7,C,,,,20,01:00,28,43,
2007,RS,14,162,267,LEM,PTFJ,"RICCI, PHIL",2FGM,Two Pointer,2,17,61,C,,,,21,10:00,28,45,
2007,RS,14,162,269,MIL,P000689,"GIOVACCHINI, ANTHONY",2FGA,Missed Two Pointer,0,179,12,C,,,,21,10:00,28,45,
2007,RS,14,162,274,MIL,PKNZ,"WATSON, TRAVIS",FTM,Free Throw In,1,-1,-1, ,,,,21,10:00,29,45,
2007,RS,14,162,275,LEM,PJMH,"BOGAVAC, NEBOJSA",2FGA,Missed Two Pointer,0,5,89,C,,,,21,10:00,29,45,
2007,RS,14,162,278,MIL,PLGS,"SESAY, ANSU",2FGM,Two Pointer,2,-317,353,E,,,,22,09:00,31,45,
2007,RS,14,162,279,LEM,PCHZ,"BOGDANOVIC, LUKA",3FGA,Missed Three Pointer,0,-212,658,J,,,,22,09:00,31,45,
2007,RS,14,162,281,MIL,PLGS,"SESAY, ANSU",2FGA,Missed Two Pointer,0,41,158,C,,,,22,09:00,31,45,
2007,RS,14,162,283,MIL,PKNZ,"WATSON, TRAVIS",2FGM,Two Pointer,2,-12,48,D,,,,22,09:00,33,45,
2007,RS,14,162,285,LEM,PKOH,"BATUM, NICOLAS",2FGM,Two Pointer,2,-335,338,E,,,,23,08:00,33,47,
2007,RS,14,162,286,MIL,P000689,"GIOVACCHINI, ANTHONY",3FGA,Missed Three Pointer,0,500,476,G,,,,23,08:00,33,47,
2007,RS,14,162,288,LEM,PTFJ,"RICCI, PHIL",2FGM,Two Pointer,2,61,38,C,,,,23,08:00,33,49,
2007,RS,14,162,290,MIL,PAVD,"BOOKER, MELVIN",3FGA,Missed Three Pointer,0,-466,515,J,,,,24,07:00,33,49,
2007,RS,14,162,292,MIL,PKNZ,"WATSON, TRAVIS",2FGM,Two Pointer,2,-64,53,D,,,,24,07:00,35,49,
2007,RS,14,162,297,LEM,PKOH,"BATUM, NICOLAS",FTM,Free Throw In,1,-1,-1, ,,,,24,07:00,35,50,
2007,RS,14,162,300,MIL,PTEQ,"ARADORI, PIETRO",2FGAB,Missed Two Pointer,0,520,30,B,,,,24,07:00,35,50,
2007,RS,14,162,304,MIL,PLGS,"SESAY, ANSU",2FGA,Missed Two Pointer,0,15,110,C,,,,24,07:00,35,50,
2007,RS,14,162,306,MIL,PKNZ,"WATSON, TRAVIS",2FGM,Two Pointer,2,-25,89,D,,,,24,07:00,37,50,
2007,RS,14,162,307,LEM,PKOH,"BATUM, NICOLAS",3FGM,Three Pointer,3,-376,558,J,,,,24,07:00,37,53,
2007,RS,14,162,309,MIL,PTEQ,"ARADORI, PIETRO",2FGAB,Missed Two Pointer,0,-48,87,D,,,,25,06:00,37,53,
2007,RS,14,162,313,LEM,PCHZ,"BOGDANOVIC, LUKA",3FGM,Three Pointer,3,669,117,A,,,,25,06:00,37,56,
2007,RS,14,162,318,MIL,PLGS,"SESAY, ANSU",2FGA,Missed Two Pointer,0,323,471,H,,,,26,05:00,37,56,
2007,RS,14,162,322,MIL,PLGS,"SESAY, ANSU",3FGM,Three Pointer,3,-358,558,J,,,,26,05:00,40,56,
2007,RS,14,162,325,LEM,PTFJ,"RICCI, PHIL",2FGM,Two Pointer,2,-125,35,D,,,,27,04:00,40,58,
2007,RS,14,162,330,LEM,PTFJ,"RICCI, PHIL",FTM,Free Throw In,1,-1,-1, ,,,,27,04:00,40,59,
2007,RS,14,162,331,MIL,PAVD,"BOOKER, MELVIN",2FGA,Missed Two Pointer,0,279,441,H,,,,27,04:00,40,59,
2007,RS,14,162,333,MIL,P000664,"KATELYNAS, MINDAUGAS",2FGA,Missed Two Pointer,0,89,110,C,,,,27,04:00,40,59,
2007,RS,14,162,340,MIL,P000664,"KATELYNAS, MINDAUGAS",2FGA,Missed Two Pointer,0,48,94,C,,,,28,03:00,40,59,
2007,RS,14,162,342,MIL,PKNZ,"WATSON, TRAVIS",2FGM,Two Pointer,2,10,76,C,,,,28,03:00,42,59,
2007,RS,14,162,343,LEM,PTFK,"DIOT, ANTOINE",2FGA,Missed Two Pointer,0,-30,74,D,,,,28,03:00,42,59,
2007,RS,14,162,353,MIL,PLGS,"SESAY, ANSU",2FGM,Two Pointer,2,110,25,C,,,,28,03:00,44,59,
2007,RS,14,162,354,LEM,PCHZ,"BOGDANOVIC, LUKA",3FGM,Three Pointer,3,-612,287,F,,,,28,03:00,44,62,
2007,RS,14,162,363,MIL,PTER,"GENTILE, STEFANO",2FGM,Two Pointer,2,20,130,C,,,,29,02:00,46,62,
2007,RS,14,162,364,LEM,PDID,"LIMONAD, RAVIV",2FGA,Missed Two Pointer,0,-307,38,E,,,,29,02:00,46,62,
2007,RS,14,162,367,MIL,PTER,"GENTILE, STEFANO",3FGA,Missed Three Pointer,0,333,612,G,,,,30,01:00,46,62,
2007,RS,14,162,369,LEM,PKOH,"BATUM, NICOLAS",2FGAB,Missed Two Pointer,0,400,141,B,,,,30,01:00,46,62,
2007,RS,14,162,373,LEM,PDID,"LIMONAD, RAVIV",3FGM,Three Pointer,3,-564,392,F,,,,30,01:00,46,65,
2007,RS,14,162,377,MIL,PTER,"GENTILE, STEFANO",2FGM,Two Pointer,2,-279,79,E,,,,30,01:00,48,65,
2007,RS,14,162,381,MIL,PCUG,"SHAW, CASEY",2FGM,Two Pointer,2,-30,71,D,,,,32,09:00,50,65,
2007,RS,14,162,382,LEM,PCOB,"KOFFI, ALAIN",2FGM,Two Pointer,2,417,12,B,,,,32,09:00,50,67,
2007,RS,14,162,384,MIL,PLGS,"SESAY, ANSU",2FGA,Missed Two Pointer,0,128,33,C,,,,32,09:00,50,67,
2007,RS,14,162,396,LEM,PCHZ,"BOGDANOVIC, LUKA",3FGA,Missed Three Pointer,0,694,12,A,,,,32,09:00,50,67,
2007,RS,14,162,407,LEM,PDID,"LIMONAD, RAVIV",FTM,Free Throw In,1,-1,-1, ,,,,33,08:00,50,68,
2007,RS,14,162,408,LEM,PDID,"LIMONAD, RAVIV",FTM,Free Throw In,1,-1,-1, ,,,,33,08:00,50,69,
2007,RS,14,162,416,LEM,PCOB,"KOFFI, ALAIN",FTM,Free Throw In,1,-1,-1, ,,,,33,08:00,50,70,
2007,RS,14,162,417,LEM,PCOB,"KOFFI, ALAIN",FTM,Free Throw In,1,-1,-1, ,,,,33,08:00,50,71,
2007,RS,14,162,420,MIL,PAVD,"BOOKER, MELVIN",2FGA,Missed Two Pointer,0,469,297,B,,,,33,08:00,50,71,
2007,RS,14,162,431,MIL,P000689,"GIOVACCHINI, ANTHONY",2FGA,Missed Two Pointer,0,369,384,B,,,,33,08:00,50,71,
2007,RS,14,162,436,MIL,PTER,"GENTILE, STEFANO",3FGM,Three Pointer,3,-676,48,F,,,,34,07:00,53,71,
2007,RS,14,162,443,MIL,PTER,"GENTILE, STEFANO",FTM,Free Throw In,1,-1,-1, ,,,,34,07:00,54,71,
2007,RS,14,162,460,LEM,PKOH,"BATUM, NICOLAS",FTM,Free Throw In,1,-1,-1, ,,,,35,06:00,54,72,
2007,RS,14,162,461,LEM,PKOH,"BATUM, NICOLAS",FTM,Free Throw In,1,-1,-1, ,,,,35,06:00,54,73,
2007,RS,14,162,462,MIL,PCUG,"SHAW, CASEY",2FGA,Missed Two Pointer,0,35,120,C,,,,35,06:00,54,73,
2007,RS,14,162,465,LEM,PCOB,"KOFFI, ALAIN",2FGM,Two Pointer,2,-441,66,E,,,,36,05:00,54,75,
2007,RS,14,162,467,MIL,PTER,"GENTILE, STEFANO",2FGM,Two Pointer,2,466,71,B,,,,36,05:00,56,75,
2007,RS,14,162,468,LEM,PJMH,"BOGAVAC, NEBOJSA",3FGA,Missed Three Pointer,0,-400,546,J,,,,36,05:00,56,75,
2007,RS,14,162,475,MIL,PTER,"GENTILE, STEFANO",FTM,Free Throw In,1,-1,-1, ,,,,37,04:00,57,75,
2007,RS,14,162,476,MIL,PTER,"GENTILE, STEFANO",FTM,Free Throw In,1,-1,-1, ,,,,37,04:00,58,75,
2007,RS,14,162,483,LEM,PDID,"LIMONAD, RAVIV",FTM,Free Throw In,1,-1,-1, ,,,,37,04:00,58,76,
2007,RS,14,162,484,LEM,PDID,"LIMONAD, RAVIV",FTM,Free Throw In,1,-1,-1, ,,,,37,04:00,58,77,
2007,RS,14,162,487,LEM,PKOH,"BATUM, NICOLAS",3FGA,Missed Three Pointer,0,41,676,G,,,,37,04:00,58,77,
2007,RS,14,162,489,LEM,PCOB,"KOFFI, ALAIN",2FGM,Two Pointer,2,-5,7,D,,,,37,04:00,58,79,
2007,RS,14,162,492,LEM,PCOB,"KOFFI, ALAIN",2FGM,Two Pointer,2,-5,5,D,,,,37,04:00,58,81,
2007,RS,14,162,499,MIL,PTEQ,"ARADORI, PIETRO",3FGA,Missed Three Pointer,0,487,494,G,,,,38,03:00,58,81,
2007,RS,14,162,501,MIL,P000689,"GIOVACCHINI, ANTHONY",3FGA,Missed Three Pointer,0,-433,556,J,,,,38,03:00,58,81,
2007,RS,14,162,503,LEM,PDID,"LIMONAD, RAVIV",2FGM,Two Pointer,2,-35,53,D,,,,38,03:00,58,83,
2007,RS,14,162,505,MIL,PKNZ,"WATSON, TRAVIS",2FGA,Missed Two Pointer,0,79,38,C,,,,39,02:00,58,83,
2007,RS,14,162,513,MIL,P000689,"GIOVACCHINI, ANTHONY",FTM,Free Throw In,1,-1,-1, ,,,,39,02:00,59,83,
2007,RS,14,162,514,MIL,P000689,"GIOVACCHINI, ANTHONY",FTM,Free Throw In,1,-1,-1, ,,,,39,02:00,60,83,
2007,RS,14,162,515,LEM,PKOH,"BATUM, NICOLAS",3FGA,Missed Three Pointer,0,-335,579,J,,,,39,02:00,60,83,
2007,RS,14,162,517,MIL,PKNZ,"WATSON, TRAVIS",3FGM,Three Pointer,3,466,505,G,,,,39,02:00,63,83,
2007,RS,14,162,521,MIL,P000689,"GIOVACCHINI, ANTHONY",2FGA,Missed Two Pointer,0,-243,525,I,,,,40,01:00,63,83,
2007,RS,14,162,527,LEM,PLII,"ALLERME, CLEMENT",2FGA,Missed Two Pointer,0,-430,46,E,,,,40,01:00,63,83,
2007,RS,14,162,531,LEM,PCOC,"BOKOLO, YANNICK",3FGA,Missed Three Pointer,0,-228,661,J,,,,40,01:00,63,83,
2007,RS,14,163,3,CIB,PJJV,"ROZIC, MARIN",3FGA,Missed Three Pointer,0,584,297,A,,,,1,10:00,0,0,
2007,RS,14,163,5,LIE,PBUU,"LUKAUSKIS, MINDAUGAS",2FGA,Missed Two Pointer,0,-5,89,D,,,,1,10:00,0,0,
2007,RS,14,163,7,CIB,PJDQ,"ANDRIC, LUKSA",2FGM,Two Pointer,2,-87,89,D,,,,1,10:00,2,0,
2007,RS,14,163,10,LIE,PTFL,"BAJRAMOVIC, KENAN",2FGA,Missed Two Pointer,0,-71,117,D,,,,2,09:00,2,0,
2007,RS,14,163,12,CIB,PLCC,"WARREN, CHRIS",3FGA,Missed Three Pointer,0,669,28,A,,,,2,09:00,2,0,
2007,RS,14,163,14,CIB,PLUI,"HOSKIN, SAM",2FGM,Two Pointer,2,15,89,C,,,,2,09:00,4,0,
2007,RS,14,163,17,CIB,PLUI,"HOSKIN, SAM",2FGM,Two Pointer,2,-2,151,D,,,,3,08:00,6,0,
2007,RS,14,163,23,CIB,PLCC,"WARREN, CHRIS",FTM,Free Throw In,1,-1,-1, ,,,,3,08:00,7,0,
2007,RS,14,163,24,CIB,PLCC,"WARREN, CHRIS",FTM,Free Throw In,1,-1,-1, ,,,,3,08:00,8,0,
2007,RS,14,163,28,CIB,PJJV,"ROZIC, MARIN",2FGM,Two Pointer,2,-56,41,D,,,,4,07:00,10,0,
2007,RS,14,163,34,LIE,PTFL,"BAJRAMOVIC, KENAN",2FGM,Two Pointer,2,15,541,H,,,,4,07:00,10,2,
2007,RS,14,163,36,CIB,PJJV,"ROZIC, MARIN",3FGM,Three Pointer,3,48,661,G,,,,5,06:00,13,2,
2007,RS,14,163,38,LIE,PLOC,"EIDSON, CHUCK",2FGA,Missed Two Pointer,0,-307,225,E,,,,5,06:00,13,2,
2007,RS,14,163,40,LIE,PBUU,"LUKAUSKIS, MINDAUGAS",3FGA,Missed Three Pointer,0,-497,461,J,,,,5,06:00,13,2,
2007,RS,14,163,42,LIE,PTFL,"BAJRAMOVIC, KENAN",2FGAB,Missed Two Pointer,0,28,174,C,,,,5,06:00,13,2,
2007,RS,14,163,49,LIE,PJZN,"PETRAVICIUS, MARIJONAS",FTM,Free Throw In,1,-1,-1, ,,,,5,06:00,13,3,
2007,RS,14,163,50,CIB,PJJV,"ROZIC, MARIN",2FGM,Two Pointer,2,-130,41,D,,,,5,06:00,15,3,
2007,RS,14,163,55,LIE,PLOC,"EIDSON, CHUCK",2FGM,Two Pointer,2,238,289,B,,,,6,05:00,15,5,
2007,RS,14,163,56,CIB,P000092,"PRINC, VEDRAN",3FGM,Three Pointer,3,-223,635,J,,,,6,05:00,18,5,
2007,RS,14,163,62,LIE,PLOC,"EIDSON, CHUCK",2FGM,Two Pointer,2,-397,400,E,,,,7,04:00,18,7,
2007,RS,14,163,63,CIB,PJDQ,"ANDRIC, LUKSA",3FGA,Missed Three Pointer,0,10,674,G,,,,7,04:00,18,7,
2007,RS,14,163,65,CIB,PLUI,"HOSKIN, SAM",2FGA,Missed Two Pointer,0,-38,84,D,,,,7,04:00,18,7,
2007,RS,14,163,67,CIB,PJJV,"ROZIC, MARIN",2FGA,Missed Two Pointer,0,-79,48,D,,,,7,04:00,18,7,
2007,RS,14,163,69,CIB,PLUI,"HOSKIN, SAM",2FGM,Two Pointer,2,-51,46,D,,,,7,04:00,20,7,
2007,RS,14,163,70,LIE,PCOH,"PRICE, HOLLIS",3FGA,Missed Three Pointer,0,497,471,G,,,,7,04:00,20,7,
2007,RS,14,163,77,LIE,PTFL,"BAJRAMOVIC, KENAN",2FGM,Two Pointer,2,-243,125,D,,,,8,03:00,20,9,
2007,RS,14,163,79,CIB,PLCC,"WARREN, CHRIS",2FGA,Missed Two Pointer,0,5,112,C,,,,8,03:00,20,9,
2007,RS,14,163,85,LIE,PTFL,"BAJRAMOVIC, KENAN",FTM,Free Throw In,1,-1,-1, ,,,,8,03:00,20,10,
2007,RS,14,163,86,LIE,PTFL,"BAJRAMOVIC, KENAN",FTM,Free Throw In,1,-1,-1, ,,,,8,03:00,20,11,
2007,RS,14,163,89,LIE,PKNS,"JOMANTAS, ARTURAS",2FGM,Two Pointer,2,-48,64,D,,,,8,03:00,20,13,
2007,RS,14,163,95,CIB,PLCC,"WARREN, CHRIS",2FGM,Two Pointer,2,-30,41,D,,,,9,02:00,22,13,
2007,RS,14,163,97,LIE,PTFL,"BAJRAMOVIC, KENAN",2FGA,Missed Two Pointer,0,-66,107,D,,,,9,02:00,22,13,
2007,RS,14,163,103,LIE,PJZN,"PETRAVICIUS, MARIJONAS",2FGM,Two Pointer,2,-2,84,D,,,,9,02:00,22,15,
2007,RS,14,163,113,CIB,PJDQ,"ANDRIC, LUKSA",FTM,Free Throw In,1,-1,-1, ,,,,10,01:00,23,15,
2007,RS,14,163,114,LIE,PJZN,"PETRAVICIUS, MARIJONAS",2FGM,Two Pointer,2,-30,53,D,,,,10,01:00,23,17,
2007,RS,14,163,116,CIB,PAPL,"MULAOMEROVIC, DAMIR",2FGA,Missed Two Pointer,0,87,28,C,,,,10,01:00,23,17,
2007,RS,14,163,118,CIB,PJDQ,"ANDRIC, LUKSA",2FGA,Missed Two Pointer,0,-53,46,D,,,,10,01:00,23,17,
2007,RS,14,163,126,LIE,PLOC,"EIDSON, CHUCK",FTM,Free Throw In,1,-1,-1, ,,,,11,10:00,23,18,
2007,RS,14,163,129,CIB,PTFE,"KELLEY, TRE",2FGM,Two Pointer,2,-76,46,D,,,,11,10:00,25,18,
2007,RS,14,163,130,LIE,PLOC,"EIDSON, CHUCK",2FGA,Missed Two Pointer,0,458,376,B,,,,11,10:00,25,18,
2007,RS,14,163,133,CIB,PAPL,"MULAOMEROVIC, DAMIR",3FGA,Missed Three Pointer,0,-682,-10,F,,,,12,09:00,25,18,
2007,RS,14,163,135,CIB,PTFE,"KELLEY, TRE",3FGA,Missed Three Pointer,0,615,269,A,,,,12,09:00,25,18,
2007,RS,14,163,137,LIE,PTFL,"BAJRAMOVIC, KENAN",2FGA,Missed Two Pointer,0,100,61,C,,,,12,09:00,25,18,
2007,RS,14,163,139,LIE,PKNS,"JOMANTAS, ARTURAS",2FGM,Two Pointer,2,46,61,C,,,,12,09:00,25,20,
2007,RS,14,163,141,CIB,PLCC,"WARREN, CHRIS",2FGA,Missed Two Pointer,0,-317,284,E,,,,13,08:00,25,20,
2007,RS,14,163,150,CIB,PAON,"KRASIC, BARISA",3FGM,Three Pointer,3,-651,146,F,,,,13,08:00,28,20,
2007,RS,14,163,152,LIE,PJZN,"PETRAVICIUS, MARIJONAS",2FGA,Missed Two Pointer,0,38,523,H,,,,13,08:00,28,20,
2007,RS,14,163,163,LIE,PKNS,"JOMANTAS, ARTURAS",2FGA,Missed Two Pointer,0,10,276,C,,,,14,07:00,28,20,
2007,RS,14,163,165,LIE,PKNS,"JOMANTAS, ARTURAS",2FGA,Missed Two Pointer,0,12,89,C,,,,14,07:00,28,20,
2007,RS,14,163,167,CIB,PCJE,"KASTROPIL, FRANKO",2FGM,Two Pointer,2,-5,0,D,,,,14,07:00,30,20,
2007,RS,14,163,172,CIB,PTFE,"KELLEY, TRE",2FGM,Two Pointer,2,-23,51,D,,,,15,06:00,32,20,
2007,RS,14,163,180,CIB,PTFE,"KELLEY, TRE",FTM,Free Throw In,1,-1,-1, ,,,,15,06:00,33,20,
2007,RS,14,163,181,CIB,PTFE,"KELLEY, TRE",FTM,Free Throw In,1,-1,-1, ,,,,15,06:00,34,20,
2007,RS,14,163,182,LIE,PKNS,"JOMANTAS, ARTURAS",2FGA,Missed Two Pointer,0,-5,133,D,,,,15,06:00,34,20,
2007,RS,14,163,184,LIE,PLML,"BATISTA, JOAO PAULO",2FGM,Two Pointer,2,71,94,C,,,,15,06:00,34,22,
2007,RS,14,163,185,CIB,PTFE,"KELLEY, TRE",3FGM,Three Pointer,3,-87,658,J,,,,15,06:00,37,22,
2007,RS,14,163,189,LIE,PCOH,"PRICE, HOLLIS",2FGM,Two Pointer,2,-33,38,D,,,,16,05:00,37,24,
2007,RS,14,163,191,CIB,PTFE,"KELLEY, TRE",2FGM,Two Pointer,2,-269,435,I,,,,16,05:00,39,24,
2007,RS,14,163,195,CIB,PAON,"KRASIC, BARISA",2FGM,Two Pointer,2,-453,38,E,,,,16,05:00,41,24,
2007,RS,14,163,200,LIE,PBUX,"SLEZAS, ANDRIUS",3FGM,Three Pointer,3,-394,648,J,,,,17,04:00,41,27,
2007,RS,14,163,202,CIB,PTFE,"KELLEY, TRE",2FGA,Missed Two Pointer,0,-220,71,D,,,,17,04:00,41,27,
2007,RS,14,163,204,CIB,PAON,"KRASIC, BARISA",2FGA,Missed Two Pointer,0,-428,7,E,,,,17,04:00,41,27,
2007,RS,14,163,210,LIE,PKNS,"JOMANTAS, ARTURAS",2FGM,Two Pointer,2,146,294,C,,,,18,03:00,41,29,
2007,RS,14,163,211,CIB,PAON,"KRASIC, BARISA",2FGM,Two Pointer,2,525,125,B,,,,18,03:00,43,29,
2007,RS,14,163,220,LIE,PBUX,"SLEZAS, ANDRIUS",FTM,Free Throw In,1,-1,-1, ,,,,19,02:00,43,30,
2007,RS,14,163,221,LIE,PBUX,"SLEZAS, ANDRIUS",FTM,Free Throw In,1,-1,-1, ,,,,19,02:00,43,31,
2007,RS,14,163,222,CIB,PAPL,"MULAOMEROVIC, DAMIR",3FGA,Missed Three Pointer,0,-341,571,J,,,,19,02:00,43,31,
2007,RS,14,163,224,CIB,PJJV,"ROZIC, MARIN",3FGM,Three Pointer,3,-656,23,F,,,,19,02:00,46,31,
2007,RS,14,163,225,LIE,PCOH,"PRICE, HOLLIS",2FGA,Missed Two Pointer,0,10,284,C,,,,19,02:00,46,31,
2007,RS,14,163,227,LIE,PKNS,"JOMANTAS, ARTURAS",2FGA,Missed Two Pointer,0,71,133,C,,,,19,02:00,46,31,
2007,RS,14,163,234,LIE,PJZN,"PETRAVICIUS, MARIJONAS",FTM,Free Throw In,1,-1,-1, ,,,,19,02:00,46,32,
2007,RS,14,163,238,LIE,PAWI,"STELMAHERS, ROBERTS",2FGM,Two Pointer,2,-10,61,D,,,,19,02:00,46,34,
2007,RS,14,163,243,LIE,PBUX,"SLEZAS, ANDRIUS",3FGM,Three Pointer,3,441,489,G,,,,19,02:00,46,37,
2007,RS,14,163,248,CIB,PJJV,"ROZIC, MARIN",3FGA,Missed Three Pointer,0,-89,689,J,,,,20,01:00,46,37,
2007,RS,14,163,260,CIB,PLCC,"WARREN, CHRIS",3FGA,Missed Three Pointer,0,-661,-92,F,,,,21,10:00,46,37,
2007,RS,14,163,262,CIB,PJDQ,"ANDRIC, LUKSA",2FGM,Two Pointer,2,-74,61,D,,,,21,10:00,48,37,
2007,RS,14,163,266,LIE,PLOC,"EIDSON, CHUCK",2FGA,Missed Two Pointer,0,-210,325,E,,,,21,10:00,48,37,
2007,RS,14,163,269,CIB,PJJV,"ROZIC, MARIN",2FGA,Missed Two Pointer,0,-33,82,D,,,,22,09:00,48,37,
2007,RS,14,163,273,LIE,PTFL,"BAJRAMOVIC, KENAN",3FGM,Three Pointer,3,-371,582,J,,,,22,09:00,48,40,
2007,RS,14,163,275,CIB,PJDQ,"ANDRIC, LUKSA",2FGA,Missed Two Pointer,0,-248,176,E,,,,22,09:00,48,40,
2007,RS,14,163,277,LIE,PJZN,"PETRAVICIUS, MARIJONAS",2FGA,Missed Two Pointer,0,-120,105,D,,,,22,09:00,48,40,
2007,RS,14,163,282,CIB,PLUI,"HOSKIN, SAM",FTM,Free Throw In,1,-1,-1, ,,,,23,08:00,49,40,
2007,RS,14,163,283,CIB,PLUI,"HOSKIN, SAM",FTM,Free Throw In,1,-1,-1, ,,,,23,08:00,50,40,
2007,RS,14,163,284,LIE,PJZN,"PETRAVICIUS, MARIJONAS",2FGM,Two Pointer,2,-30,71,D,,,,23,08:00,50,42,
2007,RS,14,163,286,CIB,PLCC,"WARREN, CHRIS",3FGA,Missed Three Pointer,0,-615,307,F,,,,23,08:00,50,42,
2007,RS,14,163,288,LIE,PCOH,"PRICE, HOLLIS",2FGM,Two Pointer,2,-51,41,D,,,,23,08:00,50,44,
2007,RS,14,163,290,CIB,PLUI,"HOSKIN, SAM",2FGA,Missed Two Pointer,0,-112,38,D,,,,24,07:00,50,44,
2007,RS,14,163,296,LIE,PLOC,"EIDSON, CHUCK",FTM,Free Throw In,1,-1,-1, ,,,,24,07:00,50,45,
2007,RS,14,163,297,LIE,PLOC,"EIDSON, CHUCK",FTM,Free Throw In,1,-1,-1, ,,,,24,07:00,50,46,
2007,RS,14,163,300,LIE,PTFL,"BAJRAMOVIC, KENAN",2FGM,Two Pointer,2,0,74,D,,,,24,07:00,50,48,
2007,RS,14,163,305,LIE,PTFL,"BAJRAMOVIC, KENAN",FTM,Free Throw In,1,-1,-1, ,,,,24,07:00,50,49,
2007,RS,14,163,308,LIE,PCOH,"PRICE, HOLLIS",3FGA,Missed Three Pointer,0,528,446,G,,,,25,06:00,50,49,
2007,RS,14,163,310,LIE,PKNS,"JOMANTAS, ARTURAS",2FGM,Two Pointer,2,66,51,C,,,,25,06:00,50,51,
2007,RS,14,163,313,LIE,PKNS,"JOMANTAS, ARTURAS",3FGA,Missed Three Pointer,0,-441,497,J,,,,25,06:00,50,51,
2007,RS,14,163,316,CIB,PLUI,"HOSKIN, SAM",2FGM,Two Pointer,2,-74,53,D,,,,26,05:00,52,51,
2007,RS,14,163,322,CIB,PLUI,"HOSKIN, SAM",FTM,Free Throw In,1,-1,-1, ,,,,26,05:00,53,51,
2007,RS,14,163,326,CIB,PAON,"KRASIC, BARISA",3FGA,Missed Three Pointer,0,-646,156,F,,,,26,05:00,53,51,
2007,RS,14,163,331,LIE,PTFL,"BAJRAMOVIC, KENAN",2FGM,Two Pointer,2,384,84,B,,,,27,04:00,53,53,
2007,RS,14,163,332,CIB,PAPL,"MULAOMEROVIC, DAMIR",3FGA,Missed Three Pointer,0,671,56,A,,,,27,04:00,53,53,
2007,RS,14,163,339,CIB,PCJE,"KASTROPIL, FRANKO",2FGAB,Missed Two Pointer,0,-71,48,D,,,,27,04:00,53,53,
2007,RS,14,163,345,CIB,PJJV,"ROZIC, MARIN",2FGA,Missed Two Pointer,0,-102,51,D,,,,28,03:00,53,53,
2007,RS,14,163,347,CIB,PCJE,"KASTROPIL, FRANKO",2FGM,Two Pointer,2,33,53,C,,,,28,03:00,55,53,
2007,RS,14,163,348,LIE,PCOH,"PRICE, HOLLIS",3FGM,Three Pointer,3,-338,574,J,,,,28,03:00,55,56,
2007,RS,14,163,351,CIB,PAPL,"MULAOMEROVIC, DAMIR",3FGA,Missed Three Pointer,0,-438,538,J,,,,29,02:00,55,56,
2007,RS,14,163,353,LIE,P000703,"JORDAN, JARED",3FGM,Three Pointer,3,-423,525,J,,,,29,02:00,55,59,
2007,RS,14,163,361,CIB,PLCC,"WARREN, CHRIS",2FGAB,Missed Two Pointer,0,-102,43,D,,,,29,02:00,55,59,
2007,RS,14,163,367,CIB,PTFE,"KELLEY, TRE",3FGM,Three Pointer,3,-84,25,D,,,,29,02:00,58,59,
2007,RS,14,163,370,LIE,PTFL,"BAJRAMOVIC, KENAN",3FGM,Three Pointer,3,-505,461,J,,,,30,01:00,58,62,
2007,RS,14,163,371,CIB,PAON,"KRASIC, BARISA",3FGM,Three Pointer,3,-602,284,F,,,,30,01:00,61,62,
2007,RS,14,163,372,CIB,PAON,"KRASIC, BARISA",3FGA,Missed Three Pointer,0,-656,117,F,,,,30,01:00,61,62,
2007,RS,14,163,373,LIE,PKNS,"JOMANTAS, ARTURAS",2FGM,Two Pointer,2,-128,241,D,,,,30,01:00,61,64,
2007,RS,14,163,384,CIB,PAON,"KRASIC, BARISA",3FGM,Three Pointer,3,466,479,G,,,,31,10:00,64,64,
2007,RS,14,163,388,CIB,PLCC,"WARREN, CHRIS",2FGM,Two Pointer,2,20,35,C,,,,31,10:00,66,64,
2007,RS,14,163,390,LIE,PTFL,"BAJRAMOVIC, KENAN",2FGM,Two Pointer,2,266,30,B,,,,32,09:00,66,66,
2007,RS,14,163,391,CIB,PLUI,"HOSKIN, SAM",2FGM,Two Pointer,2,64,53,C,,,,32,09:00,68,66,
2007,RS,14,163,393,LIE,PCOH,"PRICE, HOLLIS",3FGA,Missed Three Pointer,0,33,684,G,,,,32,09:00,68,66,
2007,RS,14,163,400,CIB,PTFE,"KELLEY, TRE",2FGM,Two Pointer,2,-87,33,D,,,,33,08:00,70,66,
2007,RS,14,163,401,LIE,P000703,"JORDAN, JARED",3FGA,Missed Three Pointer,0,-197,651,J,,,,33,08:00,70,66,
2007,RS,14,163,408,CIB,PLCC,"WARREN, CHRIS",FTM,Free Throw In,1,-1,-1, ,,,,33,08:00,71,66,
2007,RS,14,163,410,LIE,PKNS,"JOMANTAS, ARTURAS",2FGA,Missed Two Pointer,0,43,261,C,,,,34,07:00,71,66,
2007,RS,14,163,414,CIB,PLCC,"WARREN, CHRIS",2FGA,Missed Two Pointer,0,-76,43,D,,,,34,07:00,71,66,
2007,RS,14,163,416,CIB,PLUI,"HOSKIN, SAM",2FGA,Missed Two Pointer,0,-53,56,D,,,,34,07:00,71,66,
2007,RS,14,163,423,LIE,PJZN,"PETRAVICIUS, MARIJONAS",2FGM,Two Pointer,2,15,192,C,,,,34,07:00,71,68,
2007,RS,14,163,426,CIB,PTFE,"KELLEY, TRE",FTM,Free Throw In,1,-1,-1, ,,,,34,07:00,72,68,
2007,RS,14,163,427,CIB,PTFE,"KELLEY, TRE",FTM,Free Throw In,1,-1,-1, ,,,,34,07:00,73,68,
2007,RS,14,163,428,LIE,PCOH,"PRICE, HOLLIS",2FGM,Two Pointer,2,-261,274,E,,,,34,07:00,73,70,
2007,RS,14,163,430,CIB,PAPL,"MULAOMEROVIC, DAMIR",3FGA,Missed Three Pointer,0,-558,371,F,,,,35,06:00,73,70,
2007,RS,14,163,432,LIE,PCOH,"PRICE, HOLLIS",2FGA,Missed Two Pointer,0,128,46,C,,,,35,06:00,73,70,
2007,RS,14,163,434,LIE,PLOC,"EIDSON, CHUCK",2FGA,Missed Two Pointer,0,-48,53,D,,,,35,06:00,73,70,
2007,RS,14,163,439,CIB,PAPL,"MULAOMEROVIC, DAMIR",2FGAB,Missed Two Pointer,0,-100,53,D,,,,36,05:00,73,70,
2007,RS,14,163,443,CIB,PTFE,"KELLEY, TRE",3FGA,Missed Three Pointer,0,-387,582,J,,,,36,05:00,73,70,
2007,RS,14,163,447,LIE,PBUX,"SLEZAS, ANDRIUS",3FGA,Missed Three Pointer,0,-394,558,J,,,,36,05:00,73,70,
2007,RS,14,163,449,LIE,PLOC,"EIDSON, CHUCK",2FGA,Missed Two Pointer,0,25,102,C,,,,36,05:00,73,70,
2007,RS,14,163,451,CIB,PLUI,"HOSKIN, SAM",2FGM,Two Pointer,2,-5,0,D,,,,36,05:00,75,70,
2007,RS,14,163,457,LIE,PBUX,"SLEZAS, ANDRIUS",3FGM,Three Pointer,3,274,602,G,,,,37,04:00,75,73,
2007,RS,14,163,461,CIB,PJJV,"ROZIC, MARIN",FTM,Free Throw In,1,-1,-1, ,,,,37,04:00,76,73,
2007,RS,14,163,462,CIB,PJJV,"ROZIC, MARIN",FTM,Free Throw In,1,-1,-1, ,,,,37,04:00,77,73,
2007,RS,14,163,465,LIE,PJZN,"PETRAVICIUS, MARIJONAS",2FGA,Missed Two Pointer,0,-25,79,D,,,,37,04:00,77,73,
2007,RS,14,163,469,LIE,PJZN,"PETRAVICIUS, MARIJONAS",FTM,Free Throw In,1,-1,-1, ,,,,37,04:00,77,74,
2007,RS,14,163,470,LIE,PJZN,"PETRAVICIUS, MARIJONAS",FTM,Free Throw In,1,-1,-1, ,,,,37,04:00,77,75,
2007,RS,14,163,472,CIB,PLCC,"WARREN, CHRIS",3FGA,Missed Three Pointer,0,525,453,G,,,,38,03:00,77,75,
2007,RS,14,163,477,LIE,PCOH,"PRICE, HOLLIS",3FGA,Missed Three Pointer,0,325,600,G,,,,38,03:00,77,75,
2007,RS,14,163,479,LIE,PLOC,"EIDSON, CHUCK",2FGA,Missed Two Pointer,0,243,130,B,,,,38,03:00,77,75,
2007,RS,14,163,485,LIE,PCOH,"PRICE, HOLLIS",3FGM,Three Pointer,3,-561,364,F,,,,38,03:00,77,78,
2007,RS,14,163,487,CIB,PAPL,"MULAOMEROVIC, DAMIR",3FGA,Missed Three Pointer,0,-428,535,J,,,,38,03:00,77,78,
2007,RS,14,163,489,LIE,PBUX,"SLEZAS, ANDRIUS",2FGA,Missed Two Pointer,0,92,41,C,,,,38,03:00,77,78,
2007,RS,14,163,491,LIE,PLOC,"EIDSON, CHUCK",2FGA,Missed Two Pointer,0,-51,69,D,,,,38,03:00,77,78,
2007,RS,14,163,498,LIE,PCOH,"PRICE, HOLLIS",FTM,Free Throw In,1,-1,-1, ,,,,39,02:00,77,79,
2007,RS,14,163,499,LIE,PCOH,"PRICE, HOLLIS",FTM,Free Throw In,1,-1,-1, ,,,,39,02:00,77,80,
2007,RS,14,163,500,CIB,PAON,"KRASIC, BARISA",2FGA,Missed Two Pointer,0,435,25,B,,,,39,02:00,77,80,
2007,RS,14,163,503,LIE,PKNS,"JOMANTAS, ARTURAS",3FGA,Missed Three Pointer,0,597,1010,G,,,,40,01:00,77,80,
2007,RS,14,163,511,LIE,PCOH,"PRICE, HOLLIS",FTM,Free Throw In,1,-1,-1, ,,,,40,01:00,77,81,
2007,RS,14,163,512,LIE,PCOH,"PRICE, HOLLIS",FTM,Free Throw In,1,-1,-1, ,,,,40,01:00,77,82,
2007,RS,14,163,516,CIB,PAPL,"MULAOMEROVIC, DAMIR",FTM,Free Throw In,1,-1,-1, ,,,,40,01:00,78,82,
2007,RS,14,163,517,CIB,PAPL,"MULAOMEROVIC, DAMIR",FTM,Free Throw In,1,-1,-1, ,,,,40,01:00,79,82,
2007,RS,14,163,518,LIE,PLOC,"EIDSON, CHUCK",2FGM,Two Pointer,2,2,2,D,,,,40,01:00,79,84,
2007,RS,14,163,520,CIB,PLUI,"HOSKIN, SAM",3FGA,Missed Three Pointer,0,17,674,G,,,,40,01:00,79,84,
2007,RS,14,163,526,LIE,PLOC,"EIDSON, CHUCK",FTM,Free Throw In,1,-1,-1, ,,,,40,01:00,79,85,
2007,RS,14,163,527,LIE,PLOC,"EIDSON, CHUCK",FTM,Free Throw In,1,-1,-1, ,,,,40,01:00,79,86,
2007,RS,14,163,528,CIB,PTFE,"KELLEY, TRE",2FGA,Missed Two Pointer,0,-84,48,D,,,,40,01:00,79,86,
2007,RS,14,164,4,IST,PTFG,"WOODS, LOREN",2FGM,Two Pointer,2,0,10,D,,,,1,10:00,0,2,
2007,RS,14,164,10,IST,PTFG,"WOODS, LOREN",2FGA,Missed Two Pointer,0,-215,469,I,,,,1,10:00,0,2,
2007,RS,14,164,13,MAL,PKML,"SANTIAGO, DANIEL",2FGM,Two Pointer,2,5,79,C,,,,2,09:00,2,2,
2007,RS,14,164,14,IST,PKNG,"NICHOLAS, DREW",2FGA,Missed Two Pointer,0,-46,176,D,,,,2,09:00,2,2,
2007,RS,14,164,21,MAL,PAAS,"JIMENEZ, CARLOS",FTM,Free Throw In,1,-1,-1, ,,,,2,09:00,3,2,
2007,RS,14,164,22,MAL,PAAS,"JIMENEZ, CARLOS",FTM,Free Throw In,1,-1,-1, ,,,,2,09:00,4,2,
2007,RS,14,164,28,IST,PBKM,"KUQO, ERMAL",FTM,Free Throw In,1,-1,-1, ,,,,3,08:00,4,3,
2007,RS,14,164,29,IST,PBKM,"KUQO, ERMAL",FTM,Free Throw In,1,-1,-1, ,,,,3,08:00,4,4,
2007,RS,14,164,32,MAL,PAAS,"JIMENEZ, CARLOS",FTM,Free Throw In,1,-1,-1, ,,,,3,08:00,5,4,
2007,RS,14,164,33,MAL,PAAS,"JIMENEZ, CARLOS",FTM,Free Throw In,1,-1,-1, ,,,,3,08:00,6,4,
2007,RS,14,164,34,MAL,PAAS,"JIMENEZ, CARLOS",FTM,Free Throw In,1,-1,-1, ,,,,3,08:00,7,4,
2007,RS,14,164,36,IST,PBKM,"KUQO, ERMAL",3FGM,Three Pointer,3,-2,674,J,,,,3,08:00,7,7,
2007,RS,14,164,37,MAL,PKMV,"HAISLIP, MARCUS",2FGA,Missed Two Pointer,0,-182,223,D,,,,3,08:00,7,7,
2007,RS,14,164,40,IST,PBKM,"KUQO, ERMAL",2FGA,Missed Two Pointer,0,-107,7,D,,,,4,07:00,7,7,
2007,RS,14,164,45,MAL,PAWX,"CABEZAS, CARLOS",2FGM,Two Pointer,2,-74,33,D,,,,4,07:00,9,7,
2007,RS,14,164,46,IST,PKNG,"NICHOLAS, DREW",3FGA,Missed Three Pointer,0,276,625,G,,,,4,07:00,9,7,
2007,RS,14,164,49,MAL,PAWX,"CABEZAS, CARLOS",3FGA,Missed Three Pointer,0,-33,676,J,,,,5,06:00,9,7,
2007,RS,14,164,55,IST,PKNG,"NICHOLAS, DREW",FTM,Free Throw In,1,-1,-1, ,,,,5,06:00,9,8,
2007,RS,14,164,56,IST,PKNG,"NICHOLAS, DREW",FTM,Free Throw In,1,-1,-1, ,,,,5,06:00,9,9,
2007,RS,14,164,60,IST,PAWN,"GONLUM, KEREM",2FGM,Two Pointer,2,2,5,D,,,,5,06:00,9,11,
2007,RS,14,164,62,MAL,PKMV,"HAISLIP, MARCUS",2FGM,Two Pointer,2,-5,64,D,,,,5,06:00,11,11,
2007,RS,14,164,66,MAL,PKMV,"HAISLIP, MARCUS",2FGA,Missed Two Pointer,0,38,33,C,,,,6,05:00,11,11,
2007,RS,14,164,74,IST,PARN,"ARSLAN, ENDER",2FGA,Missed Two Pointer,0,330,28,B,,,,6,05:00,11,11,
2007,RS,14,164,76,MAL,PKMV,"HAISLIP, MARCUS",2FGM,Two Pointer,2,-71,23,D,,,,6,05:00,13,11,
2007,RS,14,164,78,IST,PBKM,"KUQO, ERMAL",2FGM,Two Pointer,2,253,30,C,,,,7,04:00,13,13,
2007,RS,14,164,79,MAL,PTGE,"NDONG, BONIFACE",2FGA,Missed Two Pointer,0,241,417,B,,,,7,04:00,13,13,
2007,RS,14,164,89,IST,PAWN,"GONLUM, KEREM",FTM,Free Throw In,1,-1,-1, ,,,,7,04:00,13,14,
2007,RS,14,164,93,MAL,PKMV,"HAISLIP, MARCUS",2FGM,Two Pointer,2,-17,92,D,,,,7,04:00,15,14,
2007,RS,14,164,95,IST,PKNG,"NICHOLAS, DREW",2FGM,Two Pointer,2,-102,15,D,,,,8,03:00,15,16,
2007,RS,14,164,98,MAL,PKML,"SANTIAGO, DANIEL",FTM,Free Throw In,1,-1,-1, ,,,,8,03:00,16,16,
2007,RS,14,164,101,MAL,PKMV,"HAISLIP, MARCUS",2FGM,Two Pointer,2,-17,125,D,,,,8,03:00,18,16,
2007,RS,14,164,103,IST,PKCH,"HUTSON, ANDRE",2FGM,Two Pointer,2,-2,151,D,,,,9,02:00,18,18,
2007,RS,14,164,108,IST,PBKM,"KUQO, ERMAL",2FGA,Missed Two Pointer,0,66,30,C,,,,9,02:00,18,18,
2007,RS,14,164,110,IST,PKOJ,"GREGORY, KENNY",2FGA,Missed Two Pointer,0,-69,41,D,,,,9,02:00,18,18,
2007,RS,14,164,112,IST,PKCH,"HUTSON, ANDRE",2FGM,Two Pointer,2,2,61,D,,,,9,02:00,18,20,
2007,RS,14,164,113,MAL,PKMV,"HAISLIP, MARCUS",3FGA,Missed Three Pointer,0,-500,456,J,,,,9,02:00,18,20,
2007,RS,14,164,115,IST,PARN,"ARSLAN, ENDER",2FGM,Two Pointer,2,264,469,H,,,,9,02:00,18,22,
2007,RS,14,164,117,MAL,PAGQ,"WELSCH, JIRI",2FGM,Two Pointer,2,-38,43,D,,,,10,01:00,20,22,
2007,RS,14,164,121,MAL,PKMV,"HAISLIP, MARCUS",2FGA,Missed Two Pointer,0,-174,2,D,,,,10,01:00,20,22,
2007,RS,14,164,128,IST,PBKM,"KUQO, ERMAL",2FGM,Two Pointer,2,2,2,D,,,,10,01:00,20,24,
2007,RS,14,164,131,MAL,PAWX,"CABEZAS, CARLOS",FTM,Free Throw In,1,-1,-1, ,,,,10,01:00,21,24,
2007,RS,14,164,132,MAL,PAWX,"CABEZAS, CARLOS",FTM,Free Throw In,1,-1,-1, ,,,,10,01:00,22,24,
2007,RS,14,164,133,IST,PBKM,"KUQO, ERMAL",3FGA,Missed Three Pointer,0,-338,1220,J,,,,10,01:00,22,24,
2007,RS,14,164,142,MAL,PAFJ,"KUS, DAVOR",3FGA,Missed Three Pointer,0,-523,430,J,,,,11,10:00,22,24,
2007,RS,14,164,148,MAL,PKMV,"HAISLIP, MARCUS",2FGM,Two Pointer,2,53,84,C,,,,12,09:00,24,24,
2007,RS,14,164,150,IST,PARN,"ARSLAN, ENDER",3FGM,Three Pointer,3,-43,666,J,,,,12,09:00,24,27,
2007,RS,14,164,151,MAL,PKMV,"HAISLIP, MARCUS",2FGM,Two Pointer,2,-430,-5,E,,,,12,09:00,26,27,
2007,RS,14,164,153,IST,PARN,"ARSLAN, ENDER",2FGA,Missed Two Pointer,0,-69,102,D,,,,13,08:00,26,27,
2007,RS,14,164,155,IST,PKCH,"HUTSON, ANDRE",2FGA,Missed Two Pointer,0,0,571,I,,,,13,08:00,26,27,
2007,RS,14,164,157,MAL,PKMV,"HAISLIP, MARCUS",2FGM,Two Pointer,2,-12,248,D,,,,13,08:00,28,27,
2007,RS,14,164,163,MAL,PKMV,"HAISLIP, MARCUS",3FGM,Three Pointer,3,-43,676,J,,,,14,07:00,31,27,
2007,RS,14,164,169,IST,PBKM,"KUQO, ERMAL",2FGA,Missed Two Pointer,0,12,176,C,,,,14,07:00,31,27,
2007,RS,14,164,171,MAL,PKMV,"HAISLIP, MARCUS",2FGA,Missed Two Pointer,0,471,338,B,,,,14,07:00,31,27,
2007,RS,14,164,173,IST,PKOJ,"GREGORY, KENNY",2FGM,Two Pointer,2,66,41,C,,,,14,07:00,31,29,
2007,RS,14,164,174,MAL,PTGE,"NDONG, BONIFACE",2FGM,Two Pointer,2,182,12,C,,,,14,07:00,33,29,
2007,RS,14,164,182,MAL,PTGE,"NDONG, BONIFACE",FTM,Free Throw In,1,-1,-1, ,,,,15,06:00,34,29,
2007,RS,14,164,188,MAL,PLTZ,"SANDERS, MELVIN",2FGA,Missed Two Pointer,0,84,7,C,,,,15,06:00,34,29,
2007,RS,14,164,190,MAL,PTGE,"NDONG, BONIFACE",2FGM,Two Pointer,2,-56,10,D,,,,15,06:00,36,29,
2007,RS,14,164,192,IST,PKNG,"NICHOLAS, DREW",2FGA,Missed Two Pointer,0,-56,110,D,,,,16,05:00,36,29,
2007,RS,14,164,195,MAL,PAFJ,"KUS, DAVOR",3FGM,Three Pointer,3,682,41,A,,,,16,05:00,39,29,
2007,RS,14,164,196,IST,PBXD,"PENN, JAMES",3FGAB,Missed Three Pointer,0,676,74,A,,,,16,05:00,39,29,
2007,RS,14,164,208,MAL,PTGE,"NDONG, BONIFACE",2FGM,Two Pointer,2,74,17,C,,,,17,04:00,41,29,
2007,RS,14,164,211,IST,PTFG,"WOODS, LOREN",FTM,Free Throw In,1,-1,-1, ,,,,17,04:00,41,30,
2007,RS,14,164,212,IST,PTFG,"WOODS, LOREN",FTM,Free Throw In,1,-1,-1, ,,,,17,04:00,41,31,
2007,RS,14,164,216,IST,PKNG,"NICHOLAS, DREW",2FGA,Missed Two Pointer,0,-100,17,D,,,,17,04:00,41,31,
2007,RS,14,164,218,IST,PTFG,"WOODS, LOREN",2FGA,Missed Two Pointer,0,-41,30,D,,,,17,04:00,41,31,
2007,RS,14,164,222,IST,PKCH,"HUTSON, ANDRE",FTM,Free Throw In,1,-1,-1, ,,,,17,04:00,41,32,
2007,RS,14,164,223,IST,PKCH,"HUTSON, ANDRE",FTM,Free Throw In,1,-1,-1, ,,,,17,04:00,41,33,
2007,RS,14,164,225,MAL,PBIM,"GABRIEL, GERMAN",3FGM,Three Pointer,3,-384,548,J,,,,18,03:00,44,33,
2007,RS,14,164,226,IST,PKNG,"NICHOLAS, DREW",2FGM,Two Pointer,2,-315,515,I,,,,18,03:00,44,35,
2007,RS,14,164,227,MAL,PAFJ,"KUS, DAVOR",2FGM,Two Pointer,2,251,130,B,,,,18,03:00,46,35,
2007,RS,14,164,232,MAL,PTGE,"NDONG, BONIFACE",2FGM,Two Pointer,2,-2,110,D,,,,19,02:00,48,35,
2007,RS,14,164,234,IST,PKOJ,"GREGORY, KENNY",3FGM,Three Pointer,3,164,674,G,,,,19,02:00,48,38,
2007,RS,14,164,237,MAL,PLTZ,"SANDERS, MELVIN",3FGM,Three Pointer,3,520,428,G,,,,20,01:00,51,38,
2007,RS,14,164,238,IST,PKNG,"NICHOLAS, DREW",3FGA,Missed Three Pointer,0,-389,569,J,,,,20,01:00,51,38,
2007,RS,14,164,242,IST,PKCH,"HUTSON, ANDRE",2FGA,Missed Two Pointer,0,397,28,B,,,,20,01:00,51,38,
2007,RS,14,164,245,MAL,PBIM,"GABRIEL, GERMAN",3FGM,Three Pointer,3,-320,594,J,,,,20,01:00,54,38,
2007,RS,14,164,246,IST,PKNG,"NICHOLAS, DREW",3FGA,Missed Three Pointer,0,7,1210,G,,,,20,01:00,54,38,
2007,RS,14,164,266,MAL,PKMV,"HAISLIP, MARCUS",2FGAB,Missed Two Pointer,0,-169,148,D,,,,21,10:00,54,38,
2007,RS,14,164,270,IST,PKCH,"HUTSON, ANDRE",2FGM,Two Pointer,2,143,43,C,,,,21,10:00,54,40,
2007,RS,14,164,276,MAL,PKMV,"HAISLIP, MARCUS",2FGM,Two Pointer,2,253,46,C,,,,22,09:00,56,40,
2007,RS,14,164,277,IST,PKOJ,"GREGORY, KENNY",2FGA,Missed Two Pointer,0,166,23,C,,,,22,09:00,56,40,
2007,RS,14,164,284,IST,PKCH,"HUTSON, ANDRE",2FGAB,Missed Two Pointer,0,102,15,C,,,,23,08:00,56,40,
2007,RS,14,164,288,IST,PBKM,"KUQO, ERMAL",3FGA,Missed Three Pointer,0,-312,605,J,,,,23,08:00,56,40,
2007,RS,14,164,290,IST,PKCH,"HUTSON, ANDRE",2FGA,Missed Two Pointer,0,-105,30,D,,,,23,08:00,56,40,
2007,RS,14,164,294,IST,PKOJ,"GREGORY, KENNY",2FGA,Missed Two Pointer,0,-102,28,D,,,,23,08:00,56,40,
2007,RS,14,164,299,MAL,PAWX,"CABEZAS, CARLOS",2FGM,Two Pointer,2,-69,17,D,,,,24,07:00,58,40,
2007,RS,14,164,300,IST,PKOJ,"GREGORY, KENNY",2FGA,Missed Two Pointer,0,-102,20,D,,,,24,07:00,58,40,
2007,RS,14,164,302,MAL,PAWX,"CABEZAS, CARLOS",2FGM,Two Pointer,2,74,28,C,,,,24,07:00,60,40,
2007,RS,14,164,303,IST,PKCH,"HUTSON, ANDRE",2FGA,Missed Two Pointer,0,-79,20,D,,,,24,07:00,60,40,
2007,RS,14,164,307,MAL,PAWX,"CABEZAS, CARLOS",3FGA,Missed Three Pointer,0,-312,600,J,,,,24,07:00,60,40,
2007,RS,14,164,310,IST,PKCH,"HUTSON, ANDRE",2FGM,Two Pointer,2,43,38,C,,,,25,06:00,60,42,
2007,RS,14,164,313,MAL,PKMV,"HAISLIP, MARCUS",2FGA,Missed Two Pointer,0,405,156,B,,,,25,06:00,60,42,
2007,RS,14,164,316,IST,PBKM,"KUQO, ERMAL",2FGM,Two Pointer,2,0,110,D,,,,26,05:00,60,44,
2007,RS,14,164,317,MAL,PAGQ,"WELSCH, JIRI",3FGA,Missed Three Pointer,0,-587,346,F,,,,26,05:00,60,44,
2007,RS,14,164,323,IST,PKSU,"WRIGHT, RASHAD",FTM,Free Throw In,1,-1,-1, ,,,,26,05:00,60,45,
2007,RS,14,164,327,MAL,PAGQ,"WELSCH, JIRI",3FGA,Missed Three Pointer,0,-202,651,J,,,,27,04:00,60,45,
2007,RS,14,164,331,IST,PBKM,"KUQO, ERMAL",2FGM,Two Pointer,2,89,17,C,,,,27,04:00,60,47,
2007,RS,14,164,332,MAL,PAAS,"JIMENEZ, CARLOS",3FGA,Missed Three Pointer,0,589,351,A,,,,27,04:00,60,47,
2007,RS,14,164,336,MAL,PKML,"SANTIAGO, DANIEL",FTM,Free Throw In,1,-1,-1, ,,,,27,04:00,61,47,
2007,RS,14,164,340,IST,PKCH,"HUTSON, ANDRE",2FGM,Two Pointer,2,-15,502,I,,,,27,04:00,61,49,
2007,RS,14,164,342,MAL,PKML,"SANTIAGO, DANIEL",2FGM,Two Pointer,2,-76,7,D,,,,28,03:00,63,49,
2007,RS,14,164,346,IST,PBXD,"PENN, JAMES",2FGM,Two Pointer,2,-48,33,D,,,,28,03:00,63,51,
2007,RS,14,164,347,MAL,PAWX,"CABEZAS, CARLOS",3FGA,Missed Three Pointer,0,69,676,G,,,,28,03:00,63,51,
2007,RS,14,164,350,MAL,PKMV,"HAISLIP, MARCUS",2FGA,Missed Two Pointer,0,317,64,B,,,,29,02:00,63,51,
2007,RS,14,164,362,MAL,PKMV,"HAISLIP, MARCUS",2FGM,Two Pointer,2,141,182,C,,,,29,02:00,65,51,
2007,RS,14,164,368,IST,PTFG,"WOODS, LOREN",FTM,Free Throw In,1,-1,-1, ,,,,30,01:00,65,52,
2007,RS,14,164,369,IST,PTFG,"WOODS, LOREN",FTM,Free Throw In,1,-1,-1, ,,,,30,01:00,65,53,
2007,RS,14,164,372,MAL,PAFJ,"KUS, DAVOR",3FGA,Missed Three Pointer,0,476,482,G,,,,30,01:00,65,53,
2007,RS,14,164,374,MAL,PBOV,"POPOVIC, BOJAN",2FGM,Two Pointer,2,-133,48,D,,,,30,01:00,67,53,
2007,RS,14,164,375,IST,PARN,"ARSLAN, ENDER",2FGA,Missed Two Pointer,0,-312,353,E,,,,30,01:00,67,53,
2007,RS,14,164,377,MAL,PKMV,"HAISLIP, MARCUS",2FGA,Missed Two Pointer,0,120,46,C,,,,30,01:00,67,53,
2007,RS,14,164,386,MAL,PAFJ,"KUS, DAVOR",2FGM,Two Pointer,2,-110,28,D,,,,31,10:00,69,53,
2007,RS,14,164,388,IST,PKOJ,"GREGORY, KENNY",3FGM,Three Pointer,3,-443,515,J,,,,31,10:00,69,56,
2007,RS,14,164,390,MAL,PAFJ,"KUS, DAVOR",3FGA,Missed Three Pointer,0,7,692,G,,,,32,09:00,69,56,
2007,RS,14,164,395,MAL,PKMV,"HAISLIP, MARCUS",2FGM,Two Pointer,2,-123,76,D,,,,32,09:00,71,56,
2007,RS,14,164,403,MAL,PLTZ,"SANDERS, MELVIN",FTM,Free Throw In,1,-1,-1, ,,,,33,08:00,72,56,
2007,RS,14,164,404,MAL,PLTZ,"SANDERS, MELVIN",FTM,Free Throw In,1,-1,-1, ,,,,33,08:00,73,56,
2007,RS,14,164,412,IST,PKCH,"HUTSON, ANDRE",FTM,Free Throw In,1,-1,-1, ,,,,33,08:00,73,57,
2007,RS,14,164,415,MAL,PKMV,"HAISLIP, MARCUS",3FGA,Missed Three Pointer,0,689,15,A,,,,33,08:00,73,57,
2007,RS,14,164,417,IST,PKSU,"WRIGHT, RASHAD",2FGM,Two Pointer,2,56,20,C,,,,33,08:00,73,59,
2007,RS,14,164,423,MAL,PTGE,"NDONG, BONIFACE",2FGA,Missed Two Pointer,0,5,125,C,,,,34,07:00,73,59,
2007,RS,14,164,434,MAL,PAFJ,"KUS, DAVOR",2FGA,Missed Two Pointer,0,79,64,C,,,,35,06:00,73,59,
2007,RS,14,164,436,MAL,PTGE,"NDONG, BONIFACE",2FGM,Two Pointer,2,-2,7,D,,,,35,06:00,75,59,
2007,RS,14,164,437,IST,PKCH,"HUTSON, ANDRE",2FGM,Two Pointer,2,-269,492,I,,,,35,06:00,75,61,
2007,RS,14,164,438,MAL,PLTZ,"SANDERS, MELVIN",3FGA,Missed Three Pointer,0,674,0,A,,,,35,06:00,75,61,
2007,RS,14,164,441,IST,PKOJ,"GREGORY, KENNY",2FGM,Two Pointer,2,-56,23,D,,,,35,06:00,75,63,
2007,RS,14,164,444,IST,PBXD,"PENN, JAMES",2FGA,Missed Two Pointer,0,-271,443,I,,,,36,05:00,75,63,
2007,RS,14,164,457,MAL,PAGQ,"WELSCH, JIRI",2FGA,Missed Two Pointer,0,-76,33,D,,,,37,04:00,75,63,
2007,RS,14,164,459,MAL,PBIM,"GABRIEL, GERMAN",2FGM,Two Pointer,2,-53,43,D,,,,37,04:00,77,63,
2007,RS,14,164,464,MAL,PAWX,"CABEZAS, CARLOS",2FGA,Missed Two Pointer,0,-92,20,D,,,,37,04:00,77,63,
2007,RS,14,164,466,IST,PKOJ,"GREGORY, KENNY",3FGA,Missed Three Pointer,0,-23,687,J,,,,37,04:00,77,63,
2007,RS,14,164,468,IST,PAWN,"GONLUM, KEREM",2FGM,Two Pointer,2,-66,25,D,,,,37,04:00,77,65,
2007,RS,14,164,470,MAL,PAWX,"CABEZAS, CARLOS",2FGM,Two Pointer,2,-38,51,D,,,,38,03:00,79,65,
2007,RS,14,164,472,IST,PAWN,"GONLUM, KEREM",2FGM,Two Pointer,2,64,12,C,,,,38,03:00,79,67,
2007,RS,14,164,475,MAL,PAWX,"CABEZAS, CARLOS",FTM,Free Throw In,1,-1,-1, ,,,,38,03:00,80,67,
2007,RS,14,164,476,MAL,PAWX,"CABEZAS, CARLOS",FTM,Free Throw In,1,-1,-1, ,,,,38,03:00,81,67,
2007,RS,14,164,478,IST,PBXD,"PENN, JAMES",3FGA,Missed Three Pointer,0,-517,456,J,,,,38,03:00,81,67,
2007,RS,14,164,481,MAL,PAWX,"CABEZAS, CARLOS",3FGA,Missed Three Pointer,0,310,612,G,,,,39,02:00,81,67,
2007,RS,14,164,484,IST,PAWN,"GONLUM, KEREM",2FGA,Missed Two Pointer,0,171,2,C,,,,39,02:00,81,67,
2007,RS,14,164,486,IST,PKCH,"HUTSON, ANDRE",2FGM,Two Pointer,2,-2,46,D,,,,39,02:00,81,69,
2007,RS,14,164,487,MAL,PAWX,"CABEZAS, CARLOS",2FGM,Two Pointer,2,71,25,C,,,,39,02:00,83,69,
2007,RS,14,164,489,IST,PBXD,"PENN, JAMES",2FGM,Two Pointer,2,-35,66,D,,,,39,02:00,83,71,
2007,RS,14,164,495,IST,PKSU,"WRIGHT, RASHAD",3FGA,Missed Three Pointer,0,-556,389,F,,,,40,01:00,83,71,
2007,RS,14,164,498,IST,PAWN,"GONLUM, KEREM",2FGM,Two Pointer,2,-74,30,D,,,,40,01:00,83,73,
2007,RS,14,164,505,MAL,PLTZ,"SANDERS, MELVIN",FTM,Free Throw In,1,-1,-1, ,,,,40,01:00,84,73,
2007,RS,14,164,506,MAL,PLTZ,"SANDERS, MELVIN",FTM,Free Throw In,1,-1,-1, ,,,,40,01:00,85,73,
2007,RS,14,164,511,IST,PAWN,"GONLUM, KEREM",FTM,Free Throw In,1,-1,-1, ,,,,40,01:00,85,74,
2007,RS,14,164,516,MAL,PAAS,"JIMENEZ, CARLOS",FTM,Free Throw In,1,-1,-1, ,,,,40,01:00,86,74,
2007,RS,14,164,517,MAL,PAAS,"JIMENEZ, CARLOS",FTM,Free Throw In,1,-1,-1, ,,,,40,01:00,87,74,
2007,RS,14,164,519,IST,PAWN,"GONLUM, KEREM",2FGM,Two Pointer,2,0,5,D,,,,40,01:00,87,76,
2007,RS,14,164,522,IST,PAWN,"GONLUM, KEREM",FTM,Free Throw In,1,-1,-1, ,,,,40,01:00,87,77,
2007,RS,14,164,525,MAL,PBIM,"GABRIEL, GERMAN",3FGA,Missed Three Pointer,0,-15,700,J,,,,40,01:00,87,77,
2007,RS,14,165,2,PAR,PKNN,"PEKOVIC, NIKOLA",2FGM,Two Pointer,2,0,10,D,,,,1,10:00,0,2,
2007,RS,14,165,4,ULK,PARO,"ONAN, OMER",2FGA,Missed Two Pointer,0,-71,71,D,,,,1,10:00,0,2,
2007,RS,14,165,6,PAR,PKNN,"PEKOVIC, NIKOLA",2FGM,Two Pointer,2,-212,23,D,,,,1,10:00,0,4,
2007,RS,14,165,7,ULK,PCOS,"SOLOMON, WILLIE",3FGM,Three Pointer,3,405,535,G,,,,1,10:00,3,4,
2007,RS,14,165,8,PAR,PTGU,"PALACIO, MILT",2FGA,Missed Two Pointer,0,-110,30,D,,,,1,10:00,3,4,
2007,RS,14,165,10,ULK,PLGR,"BASAK, RASIM",2FGM,Two Pointer,2,-84,33,D,,,,1,10:00,5,4,
2007,RS,14,165,17,PAR,PLGH,"TEPIC, MILENKO",2FGA,Missed Two Pointer,0,-94,15,D,,,,2,09:00,5,4,
2007,RS,14,165,19,PAR,PKNN,"PEKOVIC, NIKOLA",2FGM,Two Pointer,2,28,69,C,,,,2,09:00,5,6,
2007,RS,14,165,21,ULK,PLGR,"BASAK, RASIM",3FGA,Missed Three Pointer,0,525,433,G,,,,3,08:00,5,6,
2007,RS,14,165,23,PAR,PJNN,"VELICKOVIC, NOVICA",2FGM,Two Pointer,2,5,107,C,,,,3,08:00,5,8,
2007,RS,14,165,24,ULK,PARO,"ONAN, OMER",3FGA,Missed Three Pointer,0,-320,607,J,,,,3,08:00,5,8,
2007,RS,14,165,26,ULK,PLGR,"BASAK, RASIM",2FGM,Two Pointer,2,-71,53,D,,,,3,08:00,7,8,
2007,RS,14,165,33,PAR,PKNN,"PEKOVIC, NIKOLA",FTM,Free Throw In,1,-1,-1, ,,,,3,08:00,7,9,
2007,RS,14,165,34,PAR,PKNN,"PEKOVIC, NIKOLA",FTM,Free Throw In,1,-1,-1, ,,,,3,08:00,7,10,
2007,RS,14,165,36,ULK,PLGR,"BASAK, RASIM",3FGM,Three Pointer,3,-33,679,J,,,,4,07:00,10,10,
2007,RS,14,165,38,PAR,PBFE,"KECMAN, DUSAN",2FGA,Missed Two Pointer,0,123,69,C,,,,4,07:00,10,10,
2007,RS,14,165,40,PAR,PKNN,"PEKOVIC, NIKOLA",2FGM,Two Pointer,2,-58,23,D,,,,4,07:00,10,12,
2007,RS,14,165,42,PAR,PKNN,"PEKOVIC, NIKOLA",2FGA,Missed Two Pointer,0,-41,74,D,,,,4,07:00,10,12,
2007,RS,14,165,43,ULK,PTFH,"PRELDZIC, EMIR",3FGM,Three Pointer,3,-405,569,J,,,,4,07:00,13,12,
2007,RS,14,165,50,ULK,PTFH,"PRELDZIC, EMIR",3FGA,Missed Three Pointer,0,676,71,A,,,,5,06:00,13,12,
2007,RS,14,165,56,PAR,PTGU,"PALACIO, MILT",3FGA,Missed Three Pointer,0,-387,574,J,,,,5,06:00,13,12,
2007,RS,14,165,58,ULK,PCOS,"SOLOMON, WILLIE",3FGA,Missed Three Pointer,0,58,679,G,,,,5,06:00,13,12,
2007,RS,14,165,65,PAR,PBXO,"VITKOVAC, CEDOMIR",2FGA,Missed Two Pointer,0,-74,12,D,,,,6,05:00,13,12,
2007,RS,14,165,75,ULK,PCOS,"SOLOMON, WILLIE",FTM,Free Throw In,1,-1,-1, ,,,,6,05:00,14,12,
2007,RS,14,165,76,ULK,PCOS,"SOLOMON, WILLIE",FTM,Free Throw In,1,-1,-1, ,,,,6,05:00,15,12,
2007,RS,14,165,78,ULK,PTFH,"PRELDZIC, EMIR",3FGA,Missed Three Pointer,0,130,656,G,,,,7,04:00,15,12,
2007,RS,14,165,80,ULK,PTFI,"VIDMAR, GASPER",2FGA,Missed Two Pointer,0,-115,38,D,,,,7,04:00,15,12,
2007,RS,14,165,82,PAR,PJJY,"BOZIC, PETAR",3FGA,Missed Three Pointer,0,-692,-30,F,,,,7,04:00,15,12,
2007,RS,14,165,89,PAR,PLGH,"TEPIC, MILENKO",FTM,Free Throw In,1,-1,-1, ,,,,7,04:00,15,13,
2007,RS,14,165,90,PAR,PLGH,"TEPIC, MILENKO",FTM,Free Throw In,1,-1,-1, ,,,,7,04:00,15,14,
2007,RS,14,165,93,ULK,PLGR,"BASAK, RASIM",3FGA,Missed Three Pointer,0,-497,453,J,,,,7,04:00,15,14,
2007,RS,14,165,102,ULK,PCOS,"SOLOMON, WILLIE",3FGM,Three Pointer,3,-492,497,J,,,,8,03:00,18,14,
2007,RS,14,165,105,PAR,PBFB,"TRIPKOVIC, UROS",3FGA,Missed Three Pointer,0,-587,387,F,,,,8,03:00,18,14,
2007,RS,14,165,107,PAR,PBXO,"VITKOVAC, CEDOMIR",2FGA,Missed Two Pointer,0,-105,20,D,,,,8,03:00,18,14,
2007,RS,14,165,109,PAR,PBGJ,"VRANES, SLAVKO",2FGM,Two Pointer,2,38,97,C,,,,8,03:00,18,16,
2007,RS,14,165,111,ULK,PJPF,"SAVAS, OGUZ",2FGM,Two Pointer,2,-107,56,D,,,,9,02:00,20,16,
2007,RS,14,165,119,PAR,PBXO,"VITKOVAC, CEDOMIR",FTM,Free Throw In,1,-1,-1, ,,,,9,02:00,20,17,
2007,RS,14,165,120,PAR,PBXO,"VITKOVAC, CEDOMIR",FTM,Free Throw In,1,-1,-1, ,,,,9,02:00,20,18,
2007,RS,14,165,121,ULK,P000738,"KINSEY, TARENCE",3FGM,Three Pointer,3,-564,392,F,,,,9,02:00,23,18,
2007,RS,14,165,123,PAR,PBFB,"TRIPKOVIC, UROS",2FGA,Missed Two Pointer,0,-448,338,E,,,,10,01:00,23,18,
2007,RS,14,165,125,ULK,P000738,"KINSEY, TARENCE",3FGA,Missed Three Pointer,0,-689,-41,F,,,,10,01:00,23,18,
2007,RS,14,165,134,PAR,PBFB,"TRIPKOVIC, UROS",2FGA,Missed Two Pointer,0,146,494,H,,,,10,01:00,23,18,
2007,RS,14,165,139,ULK,P000709,"ASIK, OMER FARUK",FTM,Free Throw In,1,-1,-1, ,,,,10,01:00,24,18,
2007,RS,14,165,144,ULK,PCOS,"SOLOMON, WILLIE",2FGM,Two Pointer,2,71,12,C,,,,10,01:00,26,18,
2007,RS,14,165,147,ULK,PCOS,"SOLOMON, WILLIE",FTM,Free Throw In,1,-1,-1, ,,,,10,01:00,27,18,
2007,RS,14,165,161,PAR,PJNN,"VELICKOVIC, NOVICA",3FGA,Missed Three Pointer,0,469,525,G,,,,11,10:00,27,18,
2007,RS,14,165,165,ULK,PTFH,"PRELDZIC, EMIR",2FGM,Two Pointer,2,-243,425,E,,,,11,10:00,29,18,
2007,RS,14,165,167,PAR,PLGH,"TEPIC, MILENKO",3FGM,Three Pointer,3,-528,466,J,,,,12,09:00,29,21,
2007,RS,14,165,169,ULK,PTFH,"PRELDZIC, EMIR",2FGA,Missed Two Pointer,0,-330,353,E,,,,12,09:00,29,21,
2007,RS,14,165,174,PAR,PBFE,"KECMAN, DUSAN",2FGM,Two Pointer,2,74,12,C,,,,12,09:00,29,23,
2007,RS,14,165,179,PAR,PTGU,"PALACIO, MILT",2FGM,Two Pointer,2,-82,23,D,,,,13,08:00,29,25,
2007,RS,14,165,181,ULK,P000738,"KINSEY, TARENCE",2FGA,Missed Two Pointer,0,341,402,B,,,,13,08:00,29,25,
2007,RS,14,165,183,PAR,PLGH,"TEPIC, MILENKO",3FGM,Three Pointer,3,-584,392,F,,,,13,08:00,29,28,
2007,RS,14,165,189,PAR,PLGH,"TEPIC, MILENKO",2FGM,Two Pointer,2,-530,66,E,,,,14,07:00,29,30,
2007,RS,14,165,191,ULK,PLGA,"KAAN, DAMIR",3FGA,Missed Three Pointer,0,389,556,G,,,,14,07:00,29,30,
2007,RS,14,165,193,PAR,PTGU,"PALACIO, MILT",2FGA,Missed Two Pointer,0,-79,7,D,,,,14,07:00,29,30,
2007,RS,14,165,202,ULK,PCOS,"SOLOMON, WILLIE",3FGA,Missed Three Pointer,0,89,679,G,,,,15,06:00,29,30,
2007,RS,14,165,206,PAR,PKNN,"PEKOVIC, NIKOLA",2FGM,Two Pointer,2,84,51,C,,,,15,06:00,29,32,
2007,RS,14,165,211,ULK,PTFH,"PRELDZIC, EMIR",3FGA,Missed Three Pointer,0,-402,584,J,,,,16,05:00,29,32,
2007,RS,14,165,213,PAR,PKNN,"PEKOVIC, NIKOLA",2FGM,Two Pointer,2,-79,43,D,,,,16,05:00,29,34,
2007,RS,14,165,221,PAR,PBXO,"VITKOVAC, CEDOMIR",3FGA,Missed Three Pointer,0,515,515,G,,,,16,05:00,29,34,
2007,RS,14,165,226,ULK,PLGR,"BASAK, RASIM",3FGM,Three Pointer,3,-38,666,J,,,,17,04:00,32,34,
2007,RS,14,165,231,PAR,PKNN,"PEKOVIC, NIKOLA",2FGM,Two Pointer,2,2,-10,D,,,,17,04:00,32,36,
2007,RS,14,165,241,ULK,PCOS,"SOLOMON, WILLIE",FTM,Free Throw In,1,-1,-1, ,,,,17,04:00,33,36,
2007,RS,14,165,242,ULK,PCOS,"SOLOMON, WILLIE",FTM,Free Throw In,1,-1,-1, ,,,,17,04:00,34,36,
2007,RS,14,165,243,PAR,PBFB,"TRIPKOVIC, UROS",2FGM,Two Pointer,2,-141,387,D,,,,17,04:00,34,38,
2007,RS,14,165,245,ULK,PLGR,"BASAK, RASIM",3FGA,Missed Three Pointer,0,530,435,G,,,,18,03:00,34,38,
2007,RS,14,165,250,ULK,P000738,"KINSEY, TARENCE",2FGA,Missed Two Pointer,0,-84,30,D,,,,18,03:00,34,38,
2007,RS,14,165,254,ULK,PLGA,"KAAN, DAMIR",2FGM,Two Pointer,2,-92,17,D,,,,18,03:00,36,38,
2007,RS,14,165,259,PAR,PBFB,"TRIPKOVIC, UROS",3FGM,Three Pointer,3,543,446,G,,,,19,02:00,36,41,
2007,RS,14,165,261,ULK,PJPF,"SAVAS, OGUZ",2FGA,Missed Two Pointer,0,69,17,C,,,,19,02:00,36,41,
2007,RS,14,165,271,PAR,PBFB,"TRIPKOVIC, UROS",2FGM,Two Pointer,2,-487,30,E,,,,20,01:00,36,43,
2007,RS,14,165,273,ULK,PCOS,"SOLOMON, WILLIE",2FGA,Missed Two Pointer,0,5,564,H,,,,20,01:00,36,43,
2007,RS,14,165,275,PAR,PTGU,"PALACIO, MILT",2FGM,Two Pointer,2,105,53,C,,,,20,01:00,36,45,
2007,RS,14,165,276,ULK,PLGA,"KAAN, DAMIR",3FGM,Three Pointer,3,458,497,G,,,,20,01:00,39,45,
2007,RS,14,165,288,PAR,PKNN,"PEKOVIC, NIKOLA",2FGA,Missed Two Pointer,0,74,164,C,,,,21,10:00,39,45,
2007,RS,14,165,290,ULK,PJPF,"SAVAS, OGUZ",2FGA,Missed Two Pointer,0,0,184,D,,,,21,10:00,39,45,
2007,RS,14,165,292,ULK,PJPF,"SAVAS, OGUZ",2FGA,Missed Two Pointer,0,-17,171,D,,,,21,10:00,39,45,
2007,RS,14,165,296,ULK,P000738,"KINSEY, TARENCE",2FGM,Two Pointer,2,-10,-5,D,,,,21,10:00,41,45,
2007,RS,14,165,301,PAR,PLGH,"TEPIC, MILENKO",3FGA,Missed Three Pointer,0,169,651,G,,,,22,09:00,41,45,
2007,RS,14,165,303,ULK,PARO,"ONAN, OMER",2FGM,Two Pointer,2,179,505,H,,,,22,09:00,43,45,
2007,RS,14,165,306,ULK,PARO,"ONAN, OMER",2FGM,Two Pointer,2,-76,41,D,,,,22,09:00,45,45,
2007,RS,14,165,314,PAR,PTGU,"PALACIO, MILT",FTM,Free Throw In,1,-1,-1, ,,,,23,08:00,45,46,
2007,RS,14,165,315,PAR,PTGU,"PALACIO, MILT",FTM,Free Throw In,1,-1,-1, ,,,,23,08:00,45,47,
2007,RS,14,165,320,ULK,PARO,"ONAN, OMER",2FGA,Missed Two Pointer,0,353,425,B,,,,23,08:00,45,47,
2007,RS,14,165,322,PAR,PJNN,"VELICKOVIC, NOVICA",3FGA,Missed Three Pointer,0,215,666,G,,,,23,08:00,45,47,
2007,RS,14,165,325,PAR,PBXO,"VITKOVAC, CEDOMIR",3FGM,Three Pointer,3,658,197,A,,,,23,08:00,45,50,
2007,RS,14,165,335,ULK,PLGA,"KAAN, DAMIR",3FGM,Three Pointer,3,202,669,G,,,,24,07:00,48,50,
2007,RS,14,165,342,ULK,PJPF,"SAVAS, OGUZ",3FGA,Missed Three Pointer,0,551,441,G,,,,25,06:00,48,50,
2007,RS,14,165,344,ULK,P000709,"ASIK, OMER FARUK",2FGM,Two Pointer,2,-89,48,D,,,,25,06:00,50,50,
2007,RS,14,165,347,PAR,PTGU,"PALACIO, MILT",FTM,Free Throw In,1,-1,-1, ,,,,25,06:00,50,51,
2007,RS,14,165,348,PAR,PTGU,"PALACIO, MILT",FTM,Free Throw In,1,-1,-1, ,,,,25,06:00,50,52,
2007,RS,14,165,355,ULK,PARO,"ONAN, OMER",2FGM,Two Pointer,2,-10,117,D,,,,26,05:00,52,52,
2007,RS,14,165,356,PAR,PKNN,"PEKOVIC, NIKOLA",2FGA,Missed Two Pointer,0,-223,107,D,,,,26,05:00,52,52,
2007,RS,14,165,358,ULK,PLGA,"KAAN, DAMIR",3FGA,Missed Three Pointer,0,430,561,G,,,,26,05:00,52,52,
2007,RS,14,165,367,PAR,PJNN,"VELICKOVIC, NOVICA",FTM,Free Throw In,1,-1,-1, ,,,,26,05:00,52,53,
2007,RS,14,165,368,ULK,P000709,"ASIK, OMER FARUK",2FGM,Two Pointer,2,2,17,D,,,,26,05:00,54,53,
2007,RS,14,165,371,PAR,PTGU,"PALACIO, MILT",2FGA,Missed Two Pointer,0,92,41,C,,,,27,04:00,54,53,
2007,RS,14,165,373,PAR,PBGJ,"VRANES, SLAVKO",2FGM,Two Pointer,2,-69,15,D,,,,27,04:00,54,55,
2007,RS,14,165,374,ULK,PARO,"ONAN, OMER",3FGM,Three Pointer,3,648,230,A,,,,27,04:00,57,55,
2007,RS,14,165,380,PAR,PBXO,"VITKOVAC, CEDOMIR",FTM,Free Throw In,1,-1,-1, ,,,,27,04:00,57,56,
2007,RS,14,165,381,PAR,PBXO,"VITKOVAC, CEDOMIR",FTM,Free Throw In,1,-1,-1, ,,,,27,04:00,57,57,
2007,RS,14,165,384,ULK,P000738,"KINSEY, TARENCE",2FGAB,Missed Two Pointer,0,133,58,C,,,,27,04:00,57,57,
2007,RS,14,165,388,ULK,P000709,"ASIK, OMER FARUK",2FGM,Two Pointer,2,-58,20,D,,,,27,04:00,59,57,
2007,RS,14,165,390,PAR,PTGU,"PALACIO, MILT",2FGA,Missed Two Pointer,0,97,76,C,,,,28,03:00,59,57,
2007,RS,14,165,392,PAR,PBGJ,"VRANES, SLAVKO",2FGA,Missed Two Pointer,0,123,38,C,,,,28,03:00,59,57,
2007,RS,14,165,394,ULK,PARO,"ONAN, OMER",2FGM,Two Pointer,2,-64,30,D,,,,28,03:00,61,57,
2007,RS,14,165,401,PAR,PBFE,"KECMAN, DUSAN",3FGM,Three Pointer,3,51,674,G,,,,28,03:00,61,60,
2007,RS,14,165,407,ULK,PARO,"ONAN, OMER",FTM,Free Throw In,1,-1,-1, ,,,,29,02:00,62,60,
2007,RS,14,165,408,PAR,PBXO,"VITKOVAC, CEDOMIR",2FGAB,Missed Two Pointer,0,-97,76,D,,,,29,02:00,62,60,
2007,RS,14,165,415,ULK,PARO,"ONAN, OMER",FTM,Free Throw In,1,-1,-1, ,,,,29,02:00,63,60,
2007,RS,14,165,418,PAR,PBFE,"KECMAN, DUSAN",3FGM,Three Pointer,3,461,515,G,,,,29,02:00,63,63,
2007,RS,14,165,421,ULK,P000738,"KINSEY, TARENCE",2FGAB,Missed Two Pointer,0,87,38,C,,,,30,01:00,63,63,
2007,RS,14,165,426,PAR,PBFE,"KECMAN, DUSAN",2FGM,Two Pointer,2,69,33,C,,,,30,01:00,63,65,
2007,RS,14,165,427,ULK,P000738,"KINSEY, TARENCE",3FGA,Missed Three Pointer,0,687,48,A,,,,30,01:00,63,65,
2007,RS,14,165,429,ULK,P000709,"ASIK, OMER FARUK",2FGM,Two Pointer,2,-5,97,D,,,,30,01:00,65,65,
2007,RS,14,165,436,PAR,PLGH,"TEPIC, MILENKO",FTM,Free Throw In,1,-1,-1, ,,,,30,01:00,65,66,
2007,RS,14,165,437,PAR,PLGH,"TEPIC, MILENKO",FTM,Free Throw In,1,-1,-1, ,,,,30,01:00,65,67,
2007,RS,14,165,438,ULK,P000738,"KINSEY, TARENCE",2FGA,Missed Two Pointer,0,297,464,H,,,,30,01:00,65,67,
2007,RS,14,165,447,ULK,PJPF,"SAVAS, OGUZ",2FGAB,Missed Two Pointer,0,-2,174,D,,,,31,10:00,65,67,
2007,RS,14,165,453,PAR,PBFB,"TRIPKOVIC, UROS",FTM,Free Throw In,1,-1,-1, ,,,,31,10:00,65,68,
2007,RS,14,165,454,PAR,PBFB,"TRIPKOVIC, UROS",FTM,Free Throw In,1,-1,-1, ,,,,31,10:00,65,69,
2007,RS,14,165,455,ULK,PARO,"ONAN, OMER",2FGA,Missed Two Pointer,0,128,579,H,,,,31,10:00,65,69,
2007,RS,14,165,457,PAR,PBFE,"KECMAN, DUSAN",2FGM,Two Pointer,2,-38,-5,D,,,,31,10:00,65,71,
2007,RS,14,165,462,ULK,PCOS,"SOLOMON, WILLIE",2FGA,Missed Two Pointer,0,538,38,B,,,,32,09:00,65,71,
2007,RS,14,165,468,ULK,PJPF,"SAVAS, OGUZ",2FGA,Missed Two Pointer,0,174,482,H,,,,32,09:00,65,71,
2007,RS,14,165,470,ULK,P000709,"ASIK, OMER FARUK",2FGM,Two Pointer,2,56,48,C,,,,32,09:00,67,71,
2007,RS,14,165,472,PAR,PBFE,"KECMAN, DUSAN",2FGM,Two Pointer,2,28,187,C,,,,33,08:00,67,73,
2007,RS,14,165,474,ULK,PARO,"ONAN, OMER",2FGA,Missed Two Pointer,0,-410,371,E,,,,33,08:00,67,73,
2007,RS,14,165,476,PAR,PLGH,"TEPIC, MILENKO",3FGM,Three Pointer,3,76,669,G,,,,33,08:00,67,76,
2007,RS,14,165,483,PAR,PJNN,"VELICKOVIC, NOVICA",3FGM,Three Pointer,3,192,651,G,,,,34,07:00,67,79,
2007,RS,14,165,486,ULK,P000709,"ASIK, OMER FARUK",2FGM,Two Pointer,2,-223,46,D,,,,35,06:00,69,79,
2007,RS,14,165,487,PAR,PJNN,"VELICKOVIC, NOVICA",3FGA,Missed Three Pointer,0,-258,630,J,,,,35,06:00,69,79,
2007,RS,14,165,495,ULK,PJPF,"SAVAS, OGUZ",FTM,Free Throw In,1,-1,-1, ,,,,35,06:00,70,79,
2007,RS,14,165,498,PAR,PTGU,"PALACIO, MILT",3FGA,Missed Three Pointer,0,210,651,G,,,,35,06:00,70,79,
2007,RS,14,165,500,ULK,PJPF,"SAVAS, OGUZ",2FGM,Two Pointer,2,71,38,C,,,,35,06:00,72,79,
2007,RS,14,165,508,ULK,PJPF,"SAVAS, OGUZ",FTM,Free Throw In,1,-1,-1, ,,,,35,06:00,73,79,
2007,RS,14,165,510,PAR,PLGH,"TEPIC, MILENKO",2FGM,Two Pointer,2,-112,76,D,,,,36,05:00,73,81,
2007,RS,14,165,514,ULK,PLGR,"BASAK, RASIM",FTM,Free Throw In,1,-1,-1, ,,,,36,05:00,74,81,
2007,RS,14,165,516,ULK,PLGR,"BASAK, RASIM",FTM,Free Throw In,1,-1,-1, ,,,,36,05:00,75,81,
2007,RS,14,165,520,ULK,PCOS,"SOLOMON, WILLIE",3FGA,Missed Three Pointer,0,407,566,G,,,,36,05:00,75,81,
2007,RS,14,165,527,PAR,PKNN,"PEKOVIC, NIKOLA",FTM,Free Throw In,1,-1,-1, ,,,,37,04:00,75,82,
2007,RS,14,165,528,PAR,PKNN,"PEKOVIC, NIKOLA",FTM,Free Throw In,1,-1,-1, ,,,,37,04:00,75,83,
2007,RS,14,165,529,ULK,PLGR,"BASAK, RASIM",3FGA,Missed Three Pointer,0,500,517,G,,,,37,04:00,75,83,
2007,RS,14,165,532,ULK,PCOS,"SOLOMON, WILLIE",3FGA,Missed Three Pointer,0,376,584,G,,,,37,04:00,75,83,
2007,RS,14,165,534,ULK,PCOS,"SOLOMON, WILLIE",2FGM,Two Pointer,2,89,89,C,,,,37,04:00,77,83,
2007,RS,14,165,536,PAR,PBFE,"KECMAN, DUSAN",2FGA,Missed Two Pointer,0,-310,343,E,,,,38,03:00,77,83,
2007,RS,14,165,538,PAR,PKNN,"PEKOVIC, NIKOLA",2FGM,Two Pointer,2,-2,58,D,,,,38,03:00,77,85,
2007,RS,14,165,539,ULK,PTFH,"PRELDZIC, EMIR",3FGA,Missed Three Pointer,0,569,433,G,,,,38,03:00,77,85,
2007,RS,14,165,540,PAR,PBFE,"KECMAN, DUSAN",3FGA,Missed Three Pointer,0,325,620,G,,,,38,03:00,77,85,
2007,RS,14,165,542,PAR,PJNN,"VELICKOVIC, NOVICA",2FGAB,Missed Two Pointer,0,-92,115,D,,,,38,03:00,77,85,
2007,RS,14,165,545,ULK,PARO,"ONAN, OMER",2FGM,Two Pointer,2,-76,38,D,,,,38,03:00,79,85,
2007,RS,14,165,552,PAR,PTGU,"PALACIO, MILT",2FGM,Two Pointer,2,-41,133,D,,,,39,02:00,79,87,
2007,RS,14,165,557,ULK,PCOS,"SOLOMON, WILLIE",FTM,Free Throw In,1,-1,-1, ,,,,39,02:00,80,87,
2007,RS,14,165,558,ULK,PCOS,"SOLOMON, WILLIE",FTM,Free Throw In,1,-1,-1, ,,,,39,02:00,81,87,
2007,RS,14,165,560,PAR,PJNN,"VELICKOVIC, NOVICA",3FGA,Missed Three Pointer,0,-92,682,J,,,,40,01:00,81,87,
2007,RS,14,165,562,PAR,PKNN,"PEKOVIC, NIKOLA",2FGA,Missed Two Pointer,0,-179,164,D,,,,40,01:00,81,87,
2007,RS,14,165,573,PAR,PBFB,"TRIPKOVIC, UROS",FTM,Free Throw In,1,-1,-1, ,,,,40,01:00,81,88,
2007,RS,14,165,574,PAR,PBFB,"TRIPKOVIC, UROS",FTM,Free Throw In,1,-1,-1, ,,,,40,01:00,81,89,
2007,RS,14,165,577,ULK,PCOS,"SOLOMON, WILLIE",3FGM,Three Pointer,3,312,651,G,,,,40,01:00,84,89,
2007,RS,14,165,582,PAR,PJNN,"VELICKOVIC, NOVICA",FTM,Free Throw In,1,-1,-1, ,,,,40,01:00,84,90,
2007,RS,14,165,583,PAR,PJNN,"VELICKOVIC, NOVICA",FTM,Free Throw In,1,-1,-1, ,,,,40,01:00,84,91,
2007,RS,14,165,584,ULK,PCOS,"SOLOMON, WILLIE",2FGM,Two Pointer,2,92,61,C,,,,40,01:00,86,91,
2007,RS,14,166,3,BAM,PARF,"DEMIREL, MITHAT",3FGM,Three Pointer,3,-682,30,F,,,,1,10:00,3,0,
2007,RS,14,166,5,BAR,PATA,"LAKOVIC, JAKA",3FGA,Missed Three Pointer,0,551,394,A,,,,1,10:00,3,0,
2007,RS,14,166,7,BAM,PLPI,"FENN, DARREN",2FGM,Two Pointer,2,-66,12,D,,,,1,10:00,5,0,
2007,RS,14,166,9,BAR,PAXC,"VAZQUEZ, FRAN",2FGM,Two Pointer,2,392,305,B,,,,1,10:00,5,2,
2007,RS,14,166,13,BAR,PJJF,"TRIAS, JORDI",2FGM,Two Pointer,2,-51,12,D,,,,1,10:00,5,4,
2007,RS,14,166,15,BAM,PJJZ,"SUPUT, PREDRAG",2FGM,Two Pointer,2,-71,30,D,,,,1,10:00,7,4,
2007,RS,14,166,20,BAR,PADS,"BASILE, GIANLUCA",3FGA,Missed Three Pointer,0,556,400,A,,,,3,08:00,7,4,
2007,RS,14,166,22,BAR,PAXC,"VAZQUEZ, FRAN",2FGM,Two Pointer,2,-33,23,D,,,,3,08:00,7,6,
2007,RS,14,166,30,BAM,PASB,"OKULAJA, ADEMOLA",3FGA,Missed Three Pointer,0,-5,653,J,,,,4,07:00,7,6,
2007,RS,14,166,34,BAM,PJJZ,"SUPUT, PREDRAG",FTM,Free Throw In,1,-1,-1, ,,,,4,07:00,8,6,
2007,RS,14,166,35,BAM,PJJZ,"SUPUT, PREDRAG",FTM,Free Throw In,1,-1,-1, ,,,,4,07:00,9,6,
2007,RS,14,166,37,BAR,PLGC,"ACKER, ALEX",3FGM,Three Pointer,3,41,692,G,,,,5,06:00,9,9,
2007,RS,14,166,39,BAM,PASB,"OKULAJA, ADEMOLA",2FGA,Missed Two Pointer,0,-15,138,D,,,,5,06:00,9,9,
2007,RS,14,166,41,BAM,PLPI,"FENN, DARREN",2FGM,Two Pointer,2,-2,33,D,,,,5,06:00,11,9,
2007,RS,14,166,46,BAR,PATA,"LAKOVIC, JAKA",3FGA,Missed Three Pointer,0,23,692,G,,,,5,06:00,11,9,
2007,RS,14,166,52,BAR,PATA,"LAKOVIC, JAKA",3FGA,Missed Three Pointer,0,-182,630,J,,,,5,06:00,11,9,
2007,RS,14,166,54,BAR,PJKP,"ILYASOVA, ERSAN",2FGA,Missed Two Pointer,0,33,82,C,,,,5,06:00,11,9,
2007,RS,14,166,56,BAM,PASB,"OKULAJA, ADEMOLA",2FGA,Missed Two Pointer,0,-64,28,D,,,,5,06:00,11,9,
2007,RS,14,166,59,BAR,PATA,"LAKOVIC, JAKA",2FGA,Missed Two Pointer,0,5,433,H,,,,6,05:00,11,9,
2007,RS,14,166,61,BAM,PJSS,"HAMANN, STEFFEN",2FGA,Missed Two Pointer,0,-125,12,D,,,,6,05:00,11,9,
2007,RS,14,166,64,BAR,PADS,"BASILE, GIANLUCA",3FGM,Three Pointer,3,-641,164,F,,,,7,04:00,11,12,
2007,RS,14,166,68,BAR,PJKP,"ILYASOVA, ERSAN",3FGA,Missed Three Pointer,0,-274,628,J,,,,7,04:00,11,12,
2007,RS,14,166,75,BAM,PASB,"OKULAJA, ADEMOLA",FTM,Free Throw In,1,-1,-1, ,,,,7,04:00,12,12,
2007,RS,14,166,79,BAR,PJKP,"ILYASOVA, ERSAN",3FGM,Three Pointer,3,671,33,A,,,,8,03:00,12,15,
2007,RS,14,166,83,BAR,PADS,"BASILE, GIANLUCA",2FGM,Two Pointer,2,-46,15,D,,,,8,03:00,12,17,
2007,RS,14,166,88,BAM,PBOF,"GARRETT, ROBERT",FTM,Free Throw In,1,-1,-1, ,,,,9,02:00,13,17,
2007,RS,14,166,89,BAM,PBOF,"GARRETT, ROBERT",FTM,Free Throw In,1,-1,-1, ,,,,9,02:00,14,17,
2007,RS,14,166,90,BAR,PLGC,"ACKER, ALEX",3FGA,Missed Three Pointer,0,-282,623,J,,,,9,02:00,14,17,
2007,RS,14,166,92,BAM,PBOF,"GARRETT, ROBERT",3FGA,Missed Three Pointer,0,674,89,A,,,,9,02:00,14,17,
2007,RS,14,166,97,BAR,PATA,"LAKOVIC, JAKA",FTM,Free Throw In,1,-1,-1, ,,,,9,02:00,14,18,
2007,RS,14,166,100,BAM,PBOF,"GARRETT, ROBERT",3FGA,Missed Three Pointer,0,592,284,A,,,,9,02:00,14,18,
2007,RS,14,166,105,BAR,PJJF,"TRIAS, JORDI",FTM,Free Throw In,1,-1,-1, ,,,,10,01:00,14,19,
2007,RS,14,166,108,BAR,PJKP,"ILYASOVA, ERSAN",2FGA,Missed Two Pointer,0,-48,30,D,,,,10,01:00,14,19,
2007,RS,14,166,110,BAR,PATA,"LAKOVIC, JAKA",2FGM,Two Pointer,2,-12,53,D,,,,10,01:00,14,21,
2007,RS,14,166,111,BAM,PLPK,"OHLBRECHT, TIM",2FGM,Two Pointer,2,2,-2,D,,,,10,01:00,16,21,
2007,RS,14,166,113,BAR,PADS,"BASILE, GIANLUCA",3FGA,Missed Three Pointer,0,56,689,G,,,,10,01:00,16,21,
2007,RS,14,166,117,BAM,PJSS,"HAMANN, STEFFEN",2FGA,Missed Two Pointer,0,-151,2,D,,,,10,01:00,16,21,
2007,RS,14,166,126,BAR,PJKP,"ILYASOVA, ERSAN",2FGA,Missed Two Pointer,0,-130,20,D,,,,11,10:00,16,21,
2007,RS,14,166,128,BAM,PARF,"DEMIREL, MITHAT",3FGA,Missed Three Pointer,0,620,256,A,,,,11,10:00,16,21,
2007,RS,14,166,132,BAM,PLPI,"FENN, DARREN",3FGM,Three Pointer,3,661,82,A,,,,12,09:00,19,21,
2007,RS,14,166,135,BAM,PARF,"DEMIREL, MITHAT",2FGA,Missed Two Pointer,0,-184,64,D,,,,12,09:00,19,21,
2007,RS,14,166,139,BAM,PBOF,"GARRETT, ROBERT",2FGM,Two Pointer,2,169,287,C,,,,12,09:00,21,21,
2007,RS,14,166,140,BAR,PBKE,"GRIMAU, ROGER",3FGA,Missed Three Pointer,0,-528,405,F,,,,12,09:00,21,21,
2007,RS,14,166,143,BAM,PLPI,"FENN, DARREN",2FGA,Missed Two Pointer,0,510,230,B,,,,12,09:00,21,21,
2007,RS,14,166,153,BAR,PATA,"LAKOVIC, JAKA",3FGA,Missed Three Pointer,0,-376,551,J,,,,14,07:00,21,21,
2007,RS,14,166,156,BAM,PLPI,"FENN, DARREN",2FGAB,Missed Two Pointer,0,-115,25,D,,,,14,07:00,21,21,
2007,RS,14,166,164,BAR,PBKE,"GRIMAU, ROGER",2FGM,Two Pointer,2,79,100,C,,,,14,07:00,21,23,
2007,RS,14,166,165,BAM,PLPI,"FENN, DARREN",3FGA,Missed Three Pointer,0,-38,658,J,,,,14,07:00,21,23,
2007,RS,14,166,167,BAR,PJCL,"MONCASI, ALBERT",2FGM,Two Pointer,2,-74,46,D,,,,14,07:00,21,25,
2007,RS,14,166,170,BAM,PBOF,"GARRETT, ROBERT",2FGM,Two Pointer,2,-76,20,D,,,,15,06:00,23,25,
2007,RS,14,166,172,BAR,PJKP,"ILYASOVA, ERSAN",3FGM,Three Pointer,3,12,700,G,,,,16,05:00,23,28,
2007,RS,14,166,184,BAR,PJKP,"ILYASOVA, ERSAN",2FGA,Missed Two Pointer,0,-79,10,D,,,,16,05:00,23,28,
2007,RS,14,166,189,BAR,PJKP,"ILYASOVA, ERSAN",2FGM,Two Pointer,2,-379,28,E,,,,17,04:00,23,30,
2007,RS,14,166,195,BAM,PJSS,"HAMANN, STEFFEN",2FGM,Two Pointer,2,-115,46,D,,,,17,04:00,25,30,
2007,RS,14,166,199,BAR,PJCL,"MONCASI, ALBERT",FTM,Free Throw In,1,-1,-1, ,,,,18,03:00,25,31,
2007,RS,14,166,204,BAR,PAZU,"SANCHEZ, PEPE",2FGAB,Missed Two Pointer,0,100,94,C,,,,18,03:00,25,31,
2007,RS,14,166,214,BAM,PJJZ,"SUPUT, PREDRAG",2FGM,Two Pointer,2,-125,10,D,,,,18,03:00,27,31,
2007,RS,14,166,215,BAR,PJKP,"ILYASOVA, ERSAN",3FGA,Missed Three Pointer,0,-274,625,J,,,,18,03:00,27,31,
2007,RS,14,166,220,BAM,PARF,"DEMIREL, MITHAT",3FGA,Missed Three Pointer,0,-600,335,F,,,,19,02:00,27,31,
2007,RS,14,166,225,BAR,PBKE,"GRIMAU, ROGER",FTM,Free Throw In,1,-1,-1, ,,,,20,01:00,27,32,
2007,RS,14,166,228,BAR,PJCL,"MONCASI, ALBERT",2FGM,Two Pointer,2,5,15,C,,,,20,01:00,27,34,
2007,RS,14,166,229,BAM,PLPK,"OHLBRECHT, TIM",2FGAB,Missed Two Pointer,0,12,46,C,,,,20,01:00,27,34,
2007,RS,14,166,233,BAM,PASB,"OKULAJA, ADEMOLA",2FGM,Two Pointer,2,-5,25,D,,,,20,01:00,29,34,
2007,RS,14,166,234,BAM,PARF,"DEMIREL, MITHAT",2FGM,Two Pointer,2,-48,12,D,,,,20,01:00,31,34,
2007,RS,14,166,235,BAR,PJCL,"MONCASI, ALBERT",2FGAB,Missed Two Pointer,0,-66,74,D,,,,20,01:00,31,34,
2007,RS,14,166,239,BAR,PBKE,"GRIMAU, ROGER",2FGAB,Missed Two Pointer,0,-48,46,D,,,,20,01:00,31,34,
2007,RS,14,166,253,BAM,PJJZ,"SUPUT, PREDRAG",2FGM,Two Pointer,2,15,402,C,,,,21,10:00,33,34,
2007,RS,14,166,254,BAR,PAXC,"VAZQUEZ, FRAN",2FGA,Missed Two Pointer,0,-123,261,D,,,,21,10:00,33,34,
2007,RS,14,166,256,BAM,PJSS,"HAMANN, STEFFEN",2FGM,Two Pointer,2,-53,23,D,,,,21,10:00,35,34,
2007,RS,14,166,258,BAR,PAXC,"VAZQUEZ, FRAN",2FGM,Two Pointer,2,5,112,C,,,,21,10:00,35,36,
2007,RS,14,166,259,BAM,PASB,"OKULAJA, ADEMOLA",2FGA,Missed Two Pointer,0,-43,48,D,,,,21,10:00,35,36,
2007,RS,14,166,263,BAR,PATA,"LAKOVIC, JAKA",3FGA,Missed Three Pointer,0,230,610,G,,,,22,09:00,35,36,
2007,RS,14,166,266,BAM,PJJZ,"SUPUT, PREDRAG",2FGAB,Missed Two Pointer,0,-5,82,D,,,,22,09:00,35,36,
2007,RS,14,166,272,BAR,PAXC,"VAZQUEZ, FRAN",FTM,Free Throw In,1,-1,-1, ,,,,23,08:00,35,37,
2007,RS,14,166,273,BAR,PAXC,"VAZQUEZ, FRAN",FTM,Free Throw In,1,-1,-1, ,,,,23,08:00,35,38,
2007,RS,14,166,274,BAM,PJJZ,"SUPUT, PREDRAG",3FGM,Three Pointer,3,-546,407,F,,,,23,08:00,38,38,
2007,RS,14,166,276,BAR,PADS,"BASILE, GIANLUCA",2FGA,Missed Two Pointer,0,200,541,H,,,,23,08:00,38,38,
2007,RS,14,166,280,BAR,PADS,"BASILE, GIANLUCA",3FGA,Missed Three Pointer,0,343,582,G,,,,23,08:00,38,38,
2007,RS,14,166,282,BAR,PJJF,"TRIAS, JORDI",2FGA,Missed Two Pointer,0,43,33,C,,,,23,08:00,38,38,
2007,RS,14,166,284,BAM,PLPI,"FENN, DARREN",2FGA,Missed Two Pointer,0,-87,87,D,,,,23,08:00,38,38,
2007,RS,14,166,286,BAR,PJJF,"TRIAS, JORDI",2FGM,Two Pointer,2,51,7,C,,,,23,08:00,38,40,
2007,RS,14,166,296,BAM,PJSS,"HAMANN, STEFFEN",2FGM,Two Pointer,2,0,292,D,,,,25,06:00,40,40,
2007,RS,14,166,297,BAR,PBKE,"GRIMAU, ROGER",2FGA,Missed Two Pointer,0,35,133,C,,,,25,06:00,40,40,
2007,RS,14,166,299,BAR,PJJF,"TRIAS, JORDI",2FGM,Two Pointer,2,-48,25,D,,,,25,06:00,40,42,
2007,RS,14,166,300,BAM,PJJZ,"SUPUT, PREDRAG",3FGM,Three Pointer,3,-633,171,F,,,,25,06:00,43,42,
2007,RS,14,166,303,BAR,PAXC,"VAZQUEZ, FRAN",2FGM,Two Pointer,2,0,-2,D,,,,26,05:00,43,44,
2007,RS,14,166,305,BAM,PJSS,"HAMANN, STEFFEN",2FGM,Two Pointer,2,-61,28,D,,,,26,05:00,45,44,
2007,RS,14,166,307,BAR,PBKE,"GRIMAU, ROGER",3FGA,Missed Three Pointer,0,153,641,G,,,,27,04:00,45,44,
2007,RS,14,166,309,BAM,PJJZ,"SUPUT, PREDRAG",3FGM,Three Pointer,3,661,66,A,,,,27,04:00,48,44,
2007,RS,14,166,322,BAR,PAXC,"VAZQUEZ, FRAN",FTM,Free Throw In,1,-1,-1, ,,,,28,03:00,48,45,
2007,RS,14,166,323,BAR,PAXC,"VAZQUEZ, FRAN",FTM,Free Throw In,1,-1,-1, ,,,,28,03:00,48,46,
2007,RS,14,166,324,BAM,PBOF,"GARRETT, ROBERT",2FGA,Missed Two Pointer,0,482,-10,B,,,,28,03:00,48,46,
2007,RS,14,166,326,BAR,PATA,"LAKOVIC, JAKA",2FGA,Missed Two Pointer,0,87,51,C,,,,28,03:00,48,46,
2007,RS,14,166,328,BAM,PASB,"OKULAJA, ADEMOLA",2FGAB,Missed Two Pointer,0,107,43,C,,,,28,03:00,48,46,
2007,RS,14,166,333,BAM,PJSS,"HAMANN, STEFFEN",3FGA,Missed Three Pointer,0,215,689,G,,,,29,02:00,48,46,
2007,RS,14,166,335,BAR,PATA,"LAKOVIC, JAKA",3FGA,Missed Three Pointer,0,-535,430,J,,,,29,02:00,48,46,
2007,RS,14,166,340,BAM,PBOF,"GARRETT, ROBERT",3FGM,Three Pointer,3,671,133,A,,,,29,02:00,51,46,
2007,RS,14,166,342,BAR,PBKE,"GRIMAU, ROGER",3FGA,Missed Three Pointer,0,661,151,A,,,,29,02:00,51,46,
2007,RS,14,166,344,BAR,PBKE,"GRIMAU, ROGER",2FGA,Missed Two Pointer,0,-64,23,D,,,,29,02:00,51,46,
2007,RS,14,166,355,BAR,PATA,"LAKOVIC, JAKA",3FGA,Missed Three Pointer,0,-420,546,J,,,,31,10:00,51,46,
2007,RS,14,166,357,BAM,PLPK,"OHLBRECHT, TIM",2FGA,Missed Two Pointer,0,2,66,D,,,,31,10:00,51,46,
2007,RS,14,166,359,BAR,PATA,"LAKOVIC, JAKA",3FGM,Three Pointer,3,-502,443,J,,,,31,10:00,51,49,
2007,RS,14,166,360,BAM,PARF,"DEMIREL, MITHAT",3FGA,Missed Three Pointer,0,35,728,G,,,,31,10:00,51,49,
2007,RS,14,166,362,BAR,PJKP,"ILYASOVA, ERSAN",3FGA,Missed Three Pointer,0,271,612,G,,,,31,10:00,51,49,
2007,RS,14,166,366,BAM,PLPK,"OHLBRECHT, TIM",2FGM,Two Pointer,2,2,12,D,,,,31,10:00,53,49,
2007,RS,14,166,368,BAR,PAXC,"VAZQUEZ, FRAN",2FGAB,Missed Two Pointer,0,-33,305,D,,,,31,10:00,53,49,
2007,RS,14,166,379,BAM,PJJZ,"SUPUT, PREDRAG",2FGAB,Missed Two Pointer,0,-5,76,D,,,,32,09:00,53,49,
2007,RS,14,166,383,BAM,PJJZ,"SUPUT, PREDRAG",2FGA,Missed Two Pointer,0,10,130,C,,,,32,09:00,53,49,
2007,RS,14,166,385,BAR,PJKP,"ILYASOVA, ERSAN",3FGA,Missed Three Pointer,0,-646,84,F,,,,32,09:00,53,49,
2007,RS,14,166,387,BAR,PJJF,"TRIAS, JORDI",2FGA,Missed Two Pointer,0,-56,30,D,,,,32,09:00,53,49,
2007,RS,14,166,390,BAM,PJSS,"HAMANN, STEFFEN",3FGA,Missed Three Pointer,0,-346,602,J,,,,33,08:00,53,49,
2007,RS,14,166,395,BAM,PJSS,"HAMANN, STEFFEN",2FGAB,Missed Two Pointer,0,-35,41,D,,,,34,07:00,53,49,
2007,RS,14,166,399,BAR,PLGC,"ACKER, ALEX",3FGA,Missed Three Pointer,0,-666,-2,F,,,,34,07:00,53,49,
2007,RS,14,166,401,BAR,PJKP,"ILYASOVA, ERSAN",2FGM,Two Pointer,2,-74,15,D,,,,34,07:00,53,51,
2007,RS,14,166,403,BAM,PARF,"DEMIREL, MITHAT",2FGM,Two Pointer,2,-74,28,D,,,,34,07:00,55,51,
2007,RS,14,166,405,BAR,PATA,"LAKOVIC, JAKA",2FGM,Two Pointer,2,564,35,B,,,,35,06:00,55,53,
2007,RS,14,166,407,BAM,PLPI,"FENN, DARREN",3FGM,Three Pointer,3,343,712,G,,,,35,06:00,58,53,
2007,RS,14,166,409,BAR,PJJF,"TRIAS, JORDI",2FGM,Two Pointer,2,74,469,H,,,,35,06:00,58,55,
2007,RS,14,166,412,BAM,PJSS,"HAMANN, STEFFEN",2FGA,Missed Two Pointer,0,-79,66,D,,,,36,05:00,58,55,
2007,RS,14,166,414,BAM,PLPK,"OHLBRECHT, TIM",2FGA,Missed Two Pointer,0,-69,48,D,,,,36,05:00,58,55,
2007,RS,14,166,416,BAR,PBKE,"GRIMAU, ROGER",2FGM,Two Pointer,2,-79,46,D,,,,36,05:00,58,57,
2007,RS,14,166,422,BAM,PLPK,"OHLBRECHT, TIM",FTM,Free Throw In,1,-1,-1, ,,,,36,05:00,59,57,
2007,RS,14,166,424,BAR,PBKE,"GRIMAU, ROGER",2FGAB,Missed Two Pointer,0,-82,215,D,,,,37,04:00,59,57,
2007,RS,14,166,430,BAR,PATA,"LAKOVIC, JAKA",3FGM,Three Pointer,3,-669,64,F,,,,37,04:00,59,60,
2007,RS,14,166,433,BAM,PJSS,"HAMANN, STEFFEN",2FGAB,Missed Two Pointer,0,-76,38,D,,,,37,04:00,59,60,
2007,RS,14,166,438,BAR,PBKE,"GRIMAU, ROGER",2FGM,Two Pointer,2,-53,41,D,,,,37,04:00,59,62,
2007,RS,14,166,445,BAM,PASB,"OKULAJA, ADEMOLA",2FGM,Two Pointer,2,100,120,C,,,,38,03:00,61,62,
2007,RS,14,166,446,BAR,PBKE,"GRIMAU, ROGER",3FGA,Missed Three Pointer,0,-212,641,J,,,,38,03:00,61,62,
2007,RS,14,166,450,BAR,PATA,"LAKOVIC, JAKA",FTM,Free Throw In,1,-1,-1, ,,,,38,03:00,61,63,
2007,RS,14,166,451,BAR,PATA,"LAKOVIC, JAKA",FTM,Free Throw In,1,-1,-1, ,,,,38,03:00,61,64,
2007,RS,14,166,454,BAR,PATA,"LAKOVIC, JAKA",2FGM,Two Pointer,2,310,612,G,,,,38,03:00,61,66,
2007,RS,14,166,458,BAM,PASB,"OKULAJA, ADEMOLA",3FGM,Three Pointer,3,253,676,G,,,,39,02:00,64,66,
2007,RS,14,166,464,BAM,PASB,"OKULAJA, ADEMOLA",FTM,Free Throw In,1,-1,-1, ,,,,39,02:00,65,66,
2007,RS,14,166,465,BAR,PJKP,"ILYASOVA, ERSAN",2FGM,Two Pointer,2,33,333,C,,,,39,02:00,65,68,
2007,RS,14,166,469,BAR,PJKP,"ILYASOVA, ERSAN",3FGA,Missed Three Pointer,0,-476,520,J,,,,40,01:00,65,68,
2007,RS,14,166,472,BAM,PJSS,"HAMANN, STEFFEN",3FGA,Missed Three Pointer,0,223,674,G,,,,40,01:00,65,68,
2007,RS,14,166,481,BAR,PLGC,"ACKER, ALEX",FTM,Free Throw In,1,-1,-1, ,,,,40,01:00,65,69,
2007,RS,14,166,482,BAM,PARF,"DEMIREL, MITHAT",3FGA,Missed Three Pointer,0,66,787,G,,,,40,01:00,65,69,
2007,RS,14,166,484,BAR,PJKP,"ILYASOVA, ERSAN",2FGA,Missed Two Pointer,0,-5,0,D,,,,40,01:00,65,69,
2007,RS,14,166,491,BAM,PJJZ,"SUPUT, PREDRAG",3FGA,Missed Three Pointer,0,-371,1197,J,,,,40,01:00,65,69,
2007,RS,14,167,2,ROM,PTFR,"RAY, ALLAN",3FGM,Three Pointer,3,620,330,A,,,,1,10:00,3,0,
2007,RS,14,167,4,ROA,PTEV,"HESS, ADAM",3FGA,Missed Three Pointer,0,-525,438,J,,,,1,10:00,3,0,
2007,RS,14,167,6,ROM,PKZA,"HAWKINS, DAVID",2FGA,Missed Two Pointer,0,7,61,C,,,,1,10:00,3,0,
2007,RS,14,167,11,ROA,PTEY,"BADIANE, PAPE",2FGA,Missed Two Pointer,0,89,564,H,,,,2,09:00,3,0,
2007,RS,14,167,15,ROM,PBWL,"LORBEK, ERAZEM",2FGM,Two Pointer,2,-274,469,I,,,,2,09:00,5,0,
2007,RS,14,167,16,ROA,PTEU,"SALYERS, MARC",3FGA,Missed Three Pointer,0,-271,635,J,,,,2,09:00,5,0,
2007,RS,14,167,18,ROM,PTFR,"RAY, ALLAN",3FGA,Missed Three Pointer,0,484,482,G,,,,2,09:00,5,0,
2007,RS,14,167,21,ROA,PTEU,"SALYERS, MARC",2FGA,Missed Two Pointer,0,-56,41,D,,,,3,08:00,5,0,
2007,RS,14,167,23,ROA,PTEY,"BADIANE, PAPE",2FGM,Two Pointer,2,-38,41,D,,,,3,08:00,5,2,
2007,RS,14,167,24,ROM,PTFR,"RAY, ALLAN",3FGA,Missed Three Pointer,0,243,779,G,,,,3,08:00,5,2,
2007,RS,14,167,26,ROA,PTEZ,"RUSH, BRION",3FGA,Missed Three Pointer,0,648,169,A,,,,3,08:00,5,2,
2007,RS,14,167,28,ROM,PCJA,"UKIC, ROKO-LENI",2FGM,Two Pointer,2,64,48,C,,,,3,08:00,7,2,
2007,RS,14,167,32,ROA,PTEU,"SALYERS, MARC",2FGA,Missed Two Pointer,0,-82,20,D,,,,4,07:00,7,2,
2007,RS,14,167,34,ROM,PCJA,"UKIC, ROKO-LENI",2FGM,Two Pointer,2,-48,41,D,,,,4,07:00,9,2,
2007,RS,14,167,36,ROA,PTEY,"BADIANE, PAPE",2FGA,Missed Two Pointer,0,61,17,C,,,,4,07:00,9,2,
2007,RS,14,167,38,ROA,PTEU,"SALYERS, MARC",2FGA,Missed Two Pointer,0,-64,15,D,,,,4,07:00,9,2,
2007,RS,14,167,40,ROA,PTEV,"HESS, ADAM",2FGM,Two Pointer,2,74,20,C,,,,4,07:00,9,4,
2007,RS,14,167,43,ROM,PCCI,"TONOLLI, ALESSANDRO",3FGAB,Missed Three Pointer,0,-674,5,F,,,,5,06:00,9,4,
2007,RS,14,167,49,ROA,PTEV,"HESS, ADAM",3FGM,Three Pointer,3,-12,679,J,,,,5,06:00,9,7,
2007,RS,14,167,50,ROM,PKZA,"HAWKINS, DAVID",2FGA,Missed Two Pointer,0,200,466,H,,,,5,06:00,9,7,
2007,RS,14,167,56,ROA,PTEY,"BADIANE, PAPE",FTM,Free Throw In,1,-1,-1, ,,,,6,05:00,9,8,
2007,RS,14,167,57,ROA,PTEY,"BADIANE, PAPE",FTM,Free Throw In,1,-1,-1, ,,,,6,05:00,9,9,
2007,RS,14,167,60,ROM,PTFR,"RAY, ALLAN",3FGA,Missed Three Pointer,0,576,441,G,,,,6,05:00,9,9,
2007,RS,14,167,62,ROA,PTEX,"PELLIN, MARC-ANTOINE",2FGM,Two Pointer,2,-76,51,D,,,,6,05:00,9,11,
2007,RS,14,167,64,ROM,PCJA,"UKIC, ROKO-LENI",2FGA,Missed Two Pointer,0,74,58,C,,,,7,04:00,9,11,
2007,RS,14,167,66,ROM,PTFP,"BAGNOLI, SIMONE",2FGA,Missed Two Pointer,0,61,53,C,,,,7,04:00,9,11,
2007,RS,14,167,68,ROA,PTEV,"HESS, ADAM",3FGA,Missed Three Pointer,0,-676,-51,F,,,,7,04:00,9,11,
2007,RS,14,167,76,ROM,PKZA,"HAWKINS, DAVID",2FGA,Missed Two Pointer,0,-292,10,E,,,,7,04:00,9,11,
2007,RS,14,167,80,ROM,PLUK,"STEFANSSON, JON",3FGA,Missed Three Pointer,0,674,-33,A,,,,7,04:00,9,11,
2007,RS,14,167,82,ROA,PTEU,"SALYERS, MARC",2FGA,Missed Two Pointer,0,-105,15,D,,,,7,04:00,9,11,
2007,RS,14,167,84,ROA,PTEU,"SALYERS, MARC",2FGM,Two Pointer,2,-74,15,D,,,,7,04:00,9,13,
2007,RS,14,167,88,ROM,PTFP,"BAGNOLI, SIMONE",2FGM,Two Pointer,2,-82,30,D,,,,8,03:00,11,13,
2007,RS,14,167,92,ROA,P000066,"KONE, MOHAMED",3FGA,Missed Three Pointer,0,-23,738,J,,,,8,03:00,11,13,
2007,RS,14,167,95,ROM,PLUK,"STEFANSSON, JON",2FGM,Two Pointer,2,-84,10,D,,,,9,02:00,13,13,
2007,RS,14,167,99,ROA,PTEU,"SALYERS, MARC",FTM,Free Throw In,1,-1,-1, ,,,,9,02:00,13,14,
2007,RS,14,167,100,ROA,PTEU,"SALYERS, MARC",FTM,Free Throw In,1,-1,-1, ,,,,9,02:00,13,15,
2007,RS,14,167,101,ROM,PKZA,"HAWKINS, DAVID",2FGM,Two Pointer,2,-146,58,D,,,,9,02:00,15,15,
2007,RS,14,167,105,ROM,PKZA,"HAWKINS, DAVID",2FGA,Missed Two Pointer,0,-271,323,E,,,,10,01:00,15,15,
2007,RS,14,167,109,ROM,PTFP,"BAGNOLI, SIMONE",2FGAB,Missed Two Pointer,0,128,187,C,,,,10,01:00,15,15,
2007,RS,14,167,129,ROA,PTEY,"BADIANE, PAPE",2FGM,Two Pointer,2,-320,266,E,,,,11,10:00,15,17,
2007,RS,14,167,130,ROM,PBWL,"LORBEK, ERAZEM",2FGA,Missed Two Pointer,0,97,92,C,,,,11,10:00,15,17,
2007,RS,14,167,132,ROA,PTEZ,"RUSH, BRION",3FGA,Missed Three Pointer,0,351,587,G,,,,11,10:00,15,17,
2007,RS,14,167,134,ROA,PTEY,"BADIANE, PAPE",3FGM,Three Pointer,3,-5,717,J,,,,11,10:00,15,20,
2007,RS,14,167,144,ROA,PTFA,"CAZALON, LAURENT",2FGA,Missed Two Pointer,0,-100,338,D,,,,12,09:00,15,20,
2007,RS,14,167,146,ROM,PCCI,"TONOLLI, ALESSANDRO",3FGM,Three Pointer,3,-641,169,F,,,,12,09:00,18,20,
2007,RS,14,167,151,ROA,PTEZ,"RUSH, BRION",3FGA,Missed Three Pointer,0,-594,335,F,,,,13,08:00,18,20,
2007,RS,14,167,153,ROM,PADB,"DE LA FUENTE, RODRIGO",3FGM,Three Pointer,3,117,666,G,,,,13,08:00,21,20,
2007,RS,14,167,155,ROA,PTEY,"BADIANE, PAPE",2FGA,Missed Two Pointer,0,-287,212,E,,,,13,08:00,21,20,
2007,RS,14,167,161,ROM,PLUK,"STEFANSSON, JON",FTM,Free Throw In,1,-1,-1, ,,,,14,07:00,22,20,
2007,RS,14,167,162,ROM,PLUK,"STEFANSSON, JON",FTM,Free Throw In,1,-1,-1, ,,,,14,07:00,23,20,
2007,RS,14,167,165,ROA,PTEY,"BADIANE, PAPE",FTM,Free Throw In,1,-1,-1, ,,,,14,07:00,23,21,
2007,RS,14,167,166,ROA,PTEY,"BADIANE, PAPE",FTM,Free Throw In,1,-1,-1, ,,,,14,07:00,23,22,
2007,RS,14,167,167,ROM,PTFP,"BAGNOLI, SIMONE",2FGM,Two Pointer,2,97,48,C,,,,14,07:00,25,22,
2007,RS,14,167,169,ROA,PTFA,"CAZALON, LAURENT",3FGA,Missed Three Pointer,0,435,541,G,,,,15,06:00,25,22,
2007,RS,14,167,171,ROM,PLUK,"STEFANSSON, JON",3FGA,Missed Three Pointer,0,676,-5,A,,,,15,06:00,25,22,
2007,RS,14,167,179,ROM,PBZW,"GKAGKALOUDIS, IOANNIS",3FGA,Missed Three Pointer,0,33,715,G,,,,15,06:00,25,22,
2007,RS,14,167,181,ROM,PTFP,"BAGNOLI, SIMONE",2FGA,Missed Two Pointer,0,-84,43,D,,,,15,06:00,25,22,
2007,RS,14,167,185,ROA,PTEY,"BADIANE, PAPE",FTM,Free Throw In,1,-1,-1, ,,,,15,06:00,25,23,
2007,RS,14,167,186,ROA,PTEY,"BADIANE, PAPE",FTM,Free Throw In,1,-1,-1, ,,,,15,06:00,25,24,
2007,RS,14,167,187,ROM,PTFP,"BAGNOLI, SIMONE",2FGA,Missed Two Pointer,0,87,35,C,,,,15,06:00,25,24,
2007,RS,14,167,190,ROM,PCCI,"TONOLLI, ALESSANDRO",2FGA,Missed Two Pointer,0,-48,605,I,,,,16,05:00,25,24,
2007,RS,14,167,192,ROA,P000685,"BYARS, DERRICK",3FGA,Missed Three Pointer,0,-538,428,J,,,,16,05:00,25,24,
2007,RS,14,167,198,ROA,PTEY,"BADIANE, PAPE",3FGM,Three Pointer,3,-41,694,J,,,,16,05:00,25,27,
2007,RS,14,167,204,ROA,PTEU,"SALYERS, MARC",2FGA,Missed Two Pointer,0,-82,117,D,,,,17,04:00,25,27,
2007,RS,14,167,206,ROA,PTEV,"HESS, ADAM",2FGA,Missed Two Pointer,0,-87,82,D,,,,17,04:00,25,27,
2007,RS,14,167,209,ROA,P000685,"BYARS, DERRICK",2FGA,Missed Two Pointer,0,-100,76,D,,,,17,04:00,25,27,
2007,RS,14,167,211,ROA,P000685,"BYARS, DERRICK",2FGM,Two Pointer,2,-64,43,D,,,,17,04:00,25,29,
2007,RS,14,167,219,ROM,PKZA,"HAWKINS, DAVID",2FGA,Missed Two Pointer,0,97,46,C,,,,18,03:00,25,29,
2007,RS,14,167,221,ROA,P000066,"KONE, MOHAMED",2FGM,Two Pointer,2,376,20,B,,,,18,03:00,25,31,
2007,RS,14,167,225,ROA,PTEV,"HESS, ADAM",2FGA,Missed Two Pointer,0,-71,97,D,,,,18,03:00,25,31,
2007,RS,14,167,230,ROM,PTFR,"RAY, ALLAN",2FGAB,Missed Two Pointer,0,-128,397,D,,,,19,02:00,25,31,
2007,RS,14,167,232,ROA,P000685,"BYARS, DERRICK",2FGM,Two Pointer,2,64,53,C,,,,19,02:00,25,33,
2007,RS,14,167,233,ROM,PCJA,"UKIC, ROKO-LENI",2FGA,Missed Two Pointer,0,-20,143,D,,,,19,02:00,25,33,
2007,RS,14,167,235,ROM,PCJA,"UKIC, ROKO-LENI",3FGM,Three Pointer,3,-135,666,J,,,,19,02:00,28,33,
2007,RS,14,167,241,ROA,PTEV,"HESS, ADAM",FTM,Free Throw In,1,-1,-1, ,,,,20,01:00,28,34,
2007,RS,14,167,242,ROA,PTEV,"HESS, ADAM",FTM,Free Throw In,1,-1,-1, ,,,,20,01:00,28,35,
2007,RS,14,167,245,ROM,PCJA,"UKIC, ROKO-LENI",2FGM,Two Pointer,2,-89,61,D,,,,20,01:00,30,35,
2007,RS,14,167,246,ROA,PTFC,"POUPET, PIERRIC",3FGA,Missed Three Pointer,0,-371,607,J,,,,20,01:00,30,35,
2007,RS,14,167,261,ROM,PJKN,"GABINI, ROBERTO",3FGA,Missed Three Pointer,0,-592,315,F,,,,21,10:00,30,35,
2007,RS,14,167,265,ROM,PCJA,"UKIC, ROKO-LENI",2FGM,Two Pointer,2,-33,38,D,,,,21,10:00,32,35,
2007,RS,14,167,266,ROA,PTEZ,"RUSH, BRION",3FGM,Three Pointer,3,-402,556,J,,,,21,10:00,32,38,
2007,RS,14,167,268,ROM,PJKN,"GABINI, ROBERTO",2FGA,Missed Two Pointer,0,-74,594,I,,,,22,09:00,32,38,
2007,RS,14,167,270,ROA,PTEZ,"RUSH, BRION",2FGAB,Missed Two Pointer,0,-51,35,D,,,,22,09:00,32,38,
2007,RS,14,167,277,ROA,P000066,"KONE, MOHAMED",2FGA,Missed Two Pointer,0,-74,25,D,,,,22,09:00,32,38,
2007,RS,14,167,280,ROM,PLUK,"STEFANSSON, JON",3FGA,Missed Three Pointer,0,-576,346,F,,,,23,08:00,32,38,
2007,RS,14,167,282,ROM,PBWL,"LORBEK, ERAZEM",2FGM,Two Pointer,2,25,17,C,,,,23,08:00,34,38,
2007,RS,14,167,283,ROA,PTEZ,"RUSH, BRION",2FGA,Missed Two Pointer,0,-566,61,E,,,,23,08:00,34,38,
2007,RS,14,167,285,ROM,PLUK,"STEFANSSON, JON",2FGM,Two Pointer,2,-53,12,D,,,,23,08:00,36,38,
2007,RS,14,167,287,ROA,P000685,"BYARS, DERRICK",3FGM,Three Pointer,3,-666,66,F,,,,23,08:00,36,41,
2007,RS,14,167,297,ROM,PBWL,"LORBEK, ERAZEM",FTM,Free Throw In,1,-1,-1, ,,,,24,07:00,37,41,
2007,RS,14,167,298,ROA,PTEU,"SALYERS, MARC",3FGM,Three Pointer,3,-351,743,J,,,,24,07:00,37,44,
2007,RS,14,167,299,ROM,PKZA,"HAWKINS, DAVID",2FGA,Missed Two Pointer,0,-276,276,E,,,,24,07:00,37,44,
2007,RS,14,167,307,ROA,PTEU,"SALYERS, MARC",3FGA,Missed Three Pointer,0,528,489,G,,,,24,07:00,37,44,
2007,RS,14,167,310,ROM,PJKN,"GABINI, ROBERTO",3FGA,Missed Three Pointer,0,-189,653,J,,,,25,06:00,37,44,
2007,RS,14,167,312,ROM,PCJA,"UKIC, ROKO-LENI",2FGM,Two Pointer,2,48,7,C,,,,25,06:00,39,44,
2007,RS,14,167,317,ROA,PTEU,"SALYERS, MARC",2FGA,Missed Two Pointer,0,46,10,C,,,,25,06:00,39,44,
2007,RS,14,167,319,ROA,PTEU,"SALYERS, MARC",2FGA,Missed Two Pointer,0,2,56,D,,,,25,06:00,39,44,
2007,RS,14,167,321,ROM,PADB,"DE LA FUENTE, RODRIGO",2FGM,Two Pointer,2,-256,82,E,,,,25,06:00,41,44,
2007,RS,14,167,325,ROM,PCJA,"UKIC, ROKO-LENI",2FGM,Two Pointer,2,48,-5,C,,,,26,05:00,43,44,
2007,RS,14,167,327,ROA,PTEZ,"RUSH, BRION",3FGA,Missed Three Pointer,0,479,638,G,,,,26,05:00,43,44,
2007,RS,14,167,341,ROA,PTEZ,"RUSH, BRION",2FGM,Two Pointer,2,-41,15,D,,,,27,04:00,43,46,
2007,RS,14,167,344,ROA,PTEU,"SALYERS, MARC",2FGA,Missed Two Pointer,0,-2,10,D,,,,27,04:00,43,46,
2007,RS,14,167,347,ROM,PBZW,"GKAGKALOUDIS, IOANNIS",3FGA,Missed Three Pointer,0,-556,364,F,,,,28,03:00,43,46,
2007,RS,14,167,349,ROM,PJKN,"GABINI, ROBERTO",3FGA,Missed Three Pointer,0,276,582,G,,,,28,03:00,43,46,
2007,RS,14,167,354,ROA,PTEU,"SALYERS, MARC",2FGM,Two Pointer,2,53,12,C,,,,28,03:00,43,48,
2007,RS,14,167,362,ROA,PTEU,"SALYERS, MARC",FTM,Free Throw In,1,-1,-1, ,,,,28,03:00,43,49,
2007,RS,14,167,369,ROA,PTFC,"POUPET, PIERRIC",3FGAB,Missed Three Pointer,0,-646,166,F,,,,29,02:00,43,49,
2007,RS,14,167,375,ROA,PTEU,"SALYERS, MARC",FTM,Free Throw In,1,-1,-1, ,,,,29,02:00,43,50,
2007,RS,14,167,385,ROA,PTFC,"POUPET, PIERRIC",FTM,Free Throw In,1,-1,-1, ,,,,29,02:00,43,51,
2007,RS,14,167,386,ROM,PBWL,"LORBEK, ERAZEM",2FGA,Missed Two Pointer,0,87,61,C,,,,29,02:00,43,51,
2007,RS,14,167,395,ROA,PTFA,"CAZALON, LAURENT",FTM,Free Throw In,1,-1,-1, ,,,,30,01:00,43,52,
2007,RS,14,167,398,ROM,PCJA,"UKIC, ROKO-LENI",3FGM,Three Pointer,3,633,274,A,,,,30,01:00,46,52,
2007,RS,14,167,399,ROA,PTEZ,"RUSH, BRION",2FGA,Missed Two Pointer,0,-79,33,D,,,,30,01:00,46,52,
2007,RS,14,167,401,ROA,PTEY,"BADIANE, PAPE",2FGA,Missed Two Pointer,0,-17,58,D,,,,30,01:00,46,52,
2007,RS,14,167,403,ROA,PTEY,"BADIANE, PAPE",2FGA,Missed Two Pointer,0,58,58,C,,,,30,01:00,46,52,
2007,RS,14,167,405,ROA,PTEY,"BADIANE, PAPE",2FGM,Two Pointer,2,35,15,C,,,,30,01:00,46,54,
2007,RS,14,167,409,ROM,PBWL,"LORBEK, ERAZEM",3FGA,Missed Three Pointer,0,182,664,G,,,,31,10:00,46,54,
2007,RS,14,167,419,ROA,PTEY,"BADIANE, PAPE",FTM,Free Throw In,1,-1,-1, ,,,,31,10:00,46,55,
2007,RS,14,167,420,ROA,PTEY,"BADIANE, PAPE",FTM,Free Throw In,1,-1,-1, ,,,,31,10:00,46,56,
2007,RS,14,167,421,ROA,PTFA,"CAZALON, LAURENT",3FGM,Three Pointer,3,-656,153,F,,,,31,10:00,46,59,
2007,RS,14,167,425,ROM,PADB,"DE LA FUENTE, RODRIGO",2FGA,Missed Two Pointer,0,61,15,C,,,,32,09:00,46,59,
2007,RS,14,167,434,ROA,PTEY,"BADIANE, PAPE",2FGM,Two Pointer,2,5,12,C,,,,32,09:00,46,61,
2007,RS,14,167,436,ROM,PKZA,"HAWKINS, DAVID",2FGM,Two Pointer,2,53,7,C,,,,33,08:00,48,61,
2007,RS,14,167,441,ROM,PKZA,"HAWKINS, DAVID",FTM,Free Throw In,1,-1,-1, ,,,,33,08:00,49,61,
2007,RS,14,167,442,ROA,PTEU,"SALYERS, MARC",3FGA,Missed Three Pointer,0,33,679,G,,,,33,08:00,49,61,
2007,RS,14,167,444,ROA,PTEZ,"RUSH, BRION",3FGA,Missed Three Pointer,0,389,569,G,,,,33,08:00,49,61,
2007,RS,14,167,446,ROM,PBWL,"LORBEK, ERAZEM",3FGM,Three Pointer,3,-407,556,J,,,,33,08:00,52,61,
2007,RS,14,167,449,ROA,PTEV,"HESS, ADAM",3FGA,Missed Three Pointer,0,656,10,A,,,,34,07:00,52,61,
2007,RS,14,167,457,ROM,PLUK,"STEFANSSON, JON",FTM,Free Throw In,1,-1,-1, ,,,,34,07:00,53,61,
2007,RS,14,167,458,ROM,PLUK,"STEFANSSON, JON",FTM,Free Throw In,1,-1,-1, ,,,,34,07:00,54,61,
2007,RS,14,167,459,ROA,PTEY,"BADIANE, PAPE",2FGA,Missed Two Pointer,0,315,430,H,,,,34,07:00,54,61,
2007,RS,14,167,461,ROM,PADB,"DE LA FUENTE, RODRIGO",3FGA,Missed Three Pointer,0,676,61,A,,,,34,07:00,54,61,
2007,RS,14,167,464,ROA,PTEY,"BADIANE, PAPE",3FGA,Missed Three Pointer,0,-117,671,J,,,,35,06:00,54,61,
2007,RS,14,167,472,ROM,PJKN,"GABINI, ROBERTO",FTM,Free Throw In,1,-1,-1, ,,,,35,06:00,55,61,
2007,RS,14,167,473,ROM,PJKN,"GABINI, ROBERTO",FTM,Free Throw In,1,-1,-1, ,,,,35,06:00,56,61,
2007,RS,14,167,474,ROA,PTFB,"SOLIMAN, WILLIAMS",2FGA,Missed Two Pointer,0,17,169,C,,,,35,06:00,56,61,
2007,RS,14,167,476,ROA,PTEV,"HESS, ADAM",3FGA,Missed Three Pointer,0,-687,33,F,,,,35,06:00,56,61,
2007,RS,14,167,478,ROM,PKZA,"HAWKINS, DAVID",3FGA,Missed Three Pointer,0,523,441,G,,,,35,06:00,56,61,
2007,RS,14,167,492,ROM,PCJA,"UKIC, ROKO-LENI",FTM,Free Throw In,1,-1,-1, ,,,,36,05:00,57,61,
2007,RS,14,167,493,ROA,PTEZ,"RUSH, BRION",2FGM,Two Pointer,2,297,492,H,,,,36,05:00,57,63,
2007,RS,14,167,497,ROM,PBWL,"LORBEK, ERAZEM",FTM,Free Throw In,1,-1,-1, ,,,,36,05:00,58,63,
2007,RS,14,167,498,ROM,PBWL,"LORBEK, ERAZEM",FTM,Free Throw In,1,-1,-1, ,,,,36,05:00,59,63,
2007,RS,14,167,502,ROA,PTEU,"SALYERS, MARC",2FGM,Two Pointer,2,51,15,C,,,,37,04:00,59,65,
2007,RS,14,167,503,ROM,PLUK,"STEFANSSON, JON",3FGA,Missed Three Pointer,0,-658,35,F,,,,37,04:00,59,65,
2007,RS,14,167,505,ROA,PTEZ,"RUSH, BRION",2FGM,Two Pointer,2,48,23,C,,,,37,04:00,59,67,
2007,RS,14,167,508,ROM,PLUK,"STEFANSSON, JON",FTM,Free Throw In,1,-1,-1, ,,,,37,04:00,60,67,
2007,RS,14,167,509,ROM,PLUK,"STEFANSSON, JON",FTM,Free Throw In,1,-1,-1, ,,,,37,04:00,61,67,
2007,RS,14,167,520,ROM,PKZA,"HAWKINS, DAVID",FTM,Free Throw In,1,-1,-1, ,,,,38,03:00,62,67,
2007,RS,14,167,521,ROA,PTFB,"SOLIMAN, WILLIAMS",2FGA,Missed Two Pointer,0,-20,420,D,,,,38,03:00,62,67,
2007,RS,14,167,523,ROA,PTEV,"HESS, ADAM",2FGM,Two Pointer,2,48,23,C,,,,38,03:00,62,69,
2007,RS,14,167,524,ROM,PJKN,"GABINI, ROBERTO",3FGM,Three Pointer,3,243,638,G,,,,38,03:00,65,69,
2007,RS,14,167,528,ROA,PTEV,"HESS, ADAM",2FGM,Two Pointer,2,53,15,C,,,,39,02:00,65,71,
2007,RS,14,167,533,ROM,PKZA,"HAWKINS, DAVID",FTM,Free Throw In,1,-1,-1, ,,,,39,02:00,66,71,
2007,RS,14,167,534,ROM,PKZA,"HAWKINS, DAVID",FTM,Free Throw In,1,-1,-1, ,,,,39,02:00,67,71,
2007,RS,14,167,540,ROM,PLUK,"STEFANSSON, JON",2FGA,Missed Two Pointer,0,10,66,C,,,,40,01:00,67,71,
2007,RS,14,167,542,ROA,PTEZ,"RUSH, BRION",3FGA,Missed Three Pointer,0,-507,435,J,,,,40,01:00,67,71,
2007,RS,14,167,546,ROA,PTEV,"HESS, ADAM",FTM,Free Throw In,1,-1,-1, ,,,,40,01:00,67,72,
2007,RS,14,167,547,ROA,PTEV,"HESS, ADAM",FTM,Free Throw In,1,-1,-1, ,,,,40,01:00,67,73,
2007,RS,14,167,551,ROM,PLUK,"STEFANSSON, JON",3FGA,Missed Three Pointer,0,-364,556,J,,,,40,01:00,67,73,
2007,RS,14,167,553,ROM,PCJA,"UKIC, ROKO-LENI",3FGA,Missed Three Pointer,0,487,456,G,,,,40,01:00,67,73,
2007,RS,14,167,560,ROA,PTEZ,"RUSH, BRION",FTM,Free Throw In,1,-1,-1, ,,,,40,01:00,67,74,
2007,RS,14,167,561,ROM,PCJA,"UKIC, ROKO-LENI",3FGA,Missed Three Pointer,0,412,548,G,,,,40,01:00,67,74,
2007,RS,14,168,3,PAN,PAGG,"BECIROVIC, SANI",2FGA,Missed Two Pointer,0,384,292,B,,,,1,10:00,0,0,
2007,RS,14,168,6,PAN,PABB,"DIKOUDIS, DEMOS",2FGM,Two Pointer,2,48,66,C,,,,1,10:00,0,2,
2007,RS,14,168,9,PAN,PABB,"DIKOUDIS, DEMOS",FTM,Free Throw In,1,-1,-1, ,,,,1,10:00,0,3,
2007,RS,14,168,11,MAD,PAPP,"PAPADOPOULOS, LAZAROS",2FGM,Two Pointer,2,-74,61,D,,,,1,10:00,2,3,
2007,RS,14,168,16,MAD,PCRF,"HERVELLE, AXEL",3FGA,Missed Three Pointer,0,671,-15,A,,,,2,09:00,2,3,
2007,RS,14,168,22,MAD,PAJO,"BULLOCK, LOUIS",3FGA,Missed Three Pointer,0,-661,271,F,,,,2,09:00,2,3,
2007,RS,14,168,25,PAN,PBXE,"ZIZIC, ANDRIJA",2FGA,Missed Two Pointer,0,-94,184,D,,,,3,08:00,2,3,
2007,RS,14,168,27,PAN,PAGG,"BECIROVIC, SANI",2FGA,Missed Two Pointer,0,369,200,B,,,,3,08:00,2,3,
2007,RS,14,168,36,MAD,PCRF,"HERVELLE, AXEL",2FGM,Two Pointer,2,-56,51,D,,,,3,08:00,4,3,
2007,RS,14,168,42,MAD,PARR,"TUNCERI, KEREM",3FGM,Three Pointer,3,-543,415,F,,,,4,07:00,7,3,
2007,RS,14,168,43,PAN,PJKO,"DIAMANTIDIS, DIMITRIS",3FGA,Missed Three Pointer,0,89,684,G,,,,4,07:00,7,3,
2007,RS,14,168,45,MAD,PARR,"TUNCERI, KEREM",3FGA,Missed Three Pointer,0,-666,153,F,,,,4,07:00,7,3,
2007,RS,14,168,47,PAN,PAGG,"BECIROVIC, SANI",2FGM,Two Pointer,2,-5,128,D,,,,4,07:00,7,5,
2007,RS,14,168,49,MAD,PCRF,"HERVELLE, AXEL",2FGA,Missed Two Pointer,0,-358,66,E,,,,5,06:00,7,5,
2007,RS,14,168,51,PAN,PJKO,"DIAMANTIDIS, DIMITRIS",3FGM,Three Pointer,3,-112,674,J,,,,5,06:00,7,8,
2007,RS,14,168,58,MAD,PAPP,"PAPADOPOULOS, LAZAROS",FTM,Free Throw In,1,-1,-1, ,,,,5,06:00,8,8,
2007,RS,14,168,59,MAD,PAPP,"PAPADOPOULOS, LAZAROS",FTM,Free Throw In,1,-1,-1, ,,,,5,06:00,9,8,
2007,RS,14,168,64,PAN,PAJV,"BATISTE, MICHAEL",2FGM,Two Pointer,2,0,5,D,,,,6,05:00,9,10,
2007,RS,14,168,66,MAD,PAPP,"PAPADOPOULOS, LAZAROS",2FGM,Two Pointer,2,-148,261,D,,,,6,05:00,11,10,
2007,RS,14,168,67,PAN,PJUO,"SPANOULIS, VASSILIS",2FGA,Missed Two Pointer,0,-30,269,D,,,,6,05:00,11,10,
2007,RS,14,168,69,MAD,PBFJ,"MUMBRU, ALEX",2FGM,Two Pointer,2,-230,351,E,,,,6,05:00,13,10,
2007,RS,14,168,71,PAN,PABB,"DIKOUDIS, DEMOS",2FGA,Missed Two Pointer,0,82,130,C,,,,7,04:00,13,10,
2007,RS,14,168,74,MAD,PCRF,"HERVELLE, AXEL",3FGM,Three Pointer,3,-66,661,J,,,,7,04:00,16,10,
2007,RS,14,168,75,PAN,PJUO,"SPANOULIS, VASSILIS",3FGA,Missed Three Pointer,0,-415,556,J,,,,7,04:00,16,10,
2007,RS,14,168,81,PAN,PBCS,"HATZIVRETTAS, NIKOS",3FGA,Missed Three Pointer,0,-423,556,J,,,,8,03:00,16,10,
2007,RS,14,168,84,MAD,PAJO,"BULLOCK, LOUIS",3FGM,Three Pointer,3,-546,461,J,,,,8,03:00,19,10,
2007,RS,14,168,88,PAN,PJUO,"SPANOULIS, VASSILIS",2FGM,Two Pointer,2,-79,184,D,,,,8,03:00,19,12,
2007,RS,14,168,89,MAD,PARR,"TUNCERI, KEREM",3FGA,Missed Three Pointer,0,-435,543,J,,,,8,03:00,19,12,
2007,RS,14,168,91,PAN,PADG,"JASIKEVICIUS, SARUNAS",3FGA,Missed Three Pointer,0,561,428,G,,,,8,03:00,19,12,
2007,RS,14,168,93,PAN,PJKO,"DIAMANTIDIS, DIMITRIS",2FGM,Two Pointer,2,-41,71,D,,,,8,03:00,19,14,
2007,RS,14,168,101,MAD,PAPP,"PAPADOPOULOS, LAZAROS",FTM,Free Throw In,1,-1,-1, ,,,,8,03:00,20,14,
2007,RS,14,168,105,PAN,PBCS,"HATZIVRETTAS, NIKOS",3FGM,Three Pointer,3,612,312,A,,,,8,03:00,20,17,
2007,RS,14,168,107,PAN,PJUO,"SPANOULIS, VASSILIS",2FGM,Two Pointer,2,-84,79,D,,,,8,03:00,20,19,
2007,RS,14,168,112,PAN,PJUO,"SPANOULIS, VASSILIS",FTM,Free Throw In,1,-1,-1, ,,,,8,03:00,20,20,
2007,RS,14,168,114,MAD,PBFJ,"MUMBRU, ALEX",2FGM,Two Pointer,2,-2,7,D,,,,9,02:00,22,20,
2007,RS,14,168,115,PAN,PABB,"DIKOUDIS, DEMOS",2FGM,Two Pointer,2,-30,548,I,,,,9,02:00,22,22,
2007,RS,14,168,116,MAD,PCTN,"SMITH, CHARLES",3FGA,Missed Three Pointer,0,-533,520,J,,,,9,02:00,22,22,
2007,RS,14,168,118,PAN,PJUO,"SPANOULIS, VASSILIS",2FGM,Two Pointer,2,-71,79,D,,,,9,02:00,22,24,
2007,RS,14,168,126,MAD,PAIT,"LOPEZ, RAUL",3FGM,Three Pointer,3,420,543,G,,,,11,10:00,25,24,
2007,RS,14,168,133,MAD,PCTN,"SMITH, CHARLES",2FGM,Two Pointer,2,-56,56,D,,,,11,10:00,27,24,
2007,RS,14,168,140,PAN,PAJV,"BATISTE, MICHAEL",FTM,Free Throw In,1,-1,-1, ,,,,12,09:00,27,25,
2007,RS,14,168,141,MAD,PAIT,"LOPEZ, RAUL",2FGA,Missed Two Pointer,0,379,100,B,,,,12,09:00,27,25,
2007,RS,14,168,146,MAD,PCTN,"SMITH, CHARLES",3FGA,Missed Three Pointer,0,497,512,G,,,,12,09:00,27,25,
2007,RS,14,168,149,PAN,PAJV,"BATISTE, MICHAEL",2FGM,Two Pointer,2,-51,89,D,,,,12,09:00,27,27,
2007,RS,14,168,150,MAD,PAAX,"REYES, FELIPE",2FGM,Two Pointer,2,-15,115,D,,,,12,09:00,29,27,
2007,RS,14,168,163,MAD,PCRF,"HERVELLE, AXEL",FTM,Free Throw In,1,-1,-1, ,,,,13,08:00,30,27,
2007,RS,14,168,164,PAN,PJUO,"SPANOULIS, VASSILIS",2FGM,Two Pointer,2,-56,79,D,,,,13,08:00,30,29,
2007,RS,14,168,168,PAN,PJUO,"SPANOULIS, VASSILIS",FTM,Free Throw In,1,-1,-1, ,,,,13,08:00,30,30,
2007,RS,14,168,170,MAD,PCTN,"SMITH, CHARLES",2FGM,Two Pointer,2,-2,5,D,,,,13,08:00,32,30,
2007,RS,14,168,176,PAN,PADG,"JASIKEVICIUS, SARUNAS",3FGM,Three Pointer,3,-438,500,J,,,,14,07:00,32,33,
2007,RS,14,168,179,MAD,PAAX,"REYES, FELIPE",2FGM,Two Pointer,2,-292,233,E,,,,14,07:00,34,33,
2007,RS,14,168,182,PAN,PADG,"JASIKEVICIUS, SARUNAS",FTM,Free Throw In,1,-1,-1, ,,,,14,07:00,34,34,
2007,RS,14,168,183,PAN,PADG,"JASIKEVICIUS, SARUNAS",FTM,Free Throw In,1,-1,-1, ,,,,14,07:00,34,35,
2007,RS,14,168,187,MAD,PAPP,"PAPADOPOULOS, LAZAROS",2FGA,Missed Two Pointer,0,-7,105,D,,,,15,06:00,34,35,
2007,RS,14,168,190,PAN,PAJV,"BATISTE, MICHAEL",FTM,Free Throw In,1,-1,-1, ,,,,15,06:00,34,36,
2007,RS,14,168,191,PAN,PAJV,"BATISTE, MICHAEL",FTM,Free Throw In,1,-1,-1, ,,,,15,06:00,34,37,
2007,RS,14,168,192,MAD,PAAX,"REYES, FELIPE",2FGA,Missed Two Pointer,0,23,374,C,,,,15,06:00,34,37,
2007,RS,14,168,204,MAD,PAPP,"PAPADOPOULOS, LAZAROS",FTM,Free Throw In,1,-1,-1, ,,,,15,06:00,35,37,
2007,RS,14,168,206,PAN,PADG,"JASIKEVICIUS, SARUNAS",3FGA,Missed Three Pointer,0,479,482,G,,,,16,05:00,35,37,
2007,RS,14,168,214,MAD,PAJO,"BULLOCK, LOUIS",FTM,Free Throw In,1,-1,-1, ,,,,16,05:00,36,37,
2007,RS,14,168,215,MAD,PAJO,"BULLOCK, LOUIS",FTM,Free Throw In,1,-1,-1, ,,,,16,05:00,37,37,
2007,RS,14,168,218,MAD,PBFJ,"MUMBRU, ALEX",2FGA,Missed Two Pointer,0,-64,120,D,,,,16,05:00,37,37,
2007,RS,14,168,220,MAD,PAFB,"SEKULIC, BLAGOTA",2FGA,Missed Two Pointer,0,-20,69,D,,,,16,05:00,37,37,
2007,RS,14,168,224,MAD,PAJO,"BULLOCK, LOUIS",FTM,Free Throw In,1,-1,-1, ,,,,16,05:00,38,37,
2007,RS,14,168,225,MAD,PAJO,"BULLOCK, LOUIS",FTM,Free Throw In,1,-1,-1, ,,,,16,05:00,39,37,
2007,RS,14,168,227,PAN,PADG,"JASIKEVICIUS, SARUNAS",2FGM,Two Pointer,2,58,238,C,,,,17,04:00,39,39,
2007,RS,14,168,230,PAN,PADG,"JASIKEVICIUS, SARUNAS",FTM,Free Throw In,1,-1,-1, ,,,,17,04:00,39,40,
2007,RS,14,168,235,MAD,PAPP,"PAPADOPOULOS, LAZAROS",FTM,Free Throw In,1,-1,-1, ,,,,17,04:00,40,40,
2007,RS,14,168,236,MAD,PAPP,"PAPADOPOULOS, LAZAROS",FTM,Free Throw In,1,-1,-1, ,,,,17,04:00,41,40,
2007,RS,14,168,237,PAN,PAGG,"BECIROVIC, SANI",3FGA,Missed Three Pointer,0,446,523,G,,,,17,04:00,41,40,
2007,RS,14,168,242,PAN,PBCS,"HATZIVRETTAS, NIKOS",3FGA,Missed Three Pointer,0,-687,69,F,,,,18,03:00,41,40,
2007,RS,14,168,244,MAD,PAJO,"BULLOCK, LOUIS",3FGA,Missed Three Pointer,0,410,592,G,,,,18,03:00,41,40,
2007,RS,14,168,250,MAD,PBFJ,"MUMBRU, ALEX",FTM,Free Throw In,1,-1,-1, ,,,,18,03:00,42,40,
2007,RS,14,168,251,MAD,PBFJ,"MUMBRU, ALEX",FTM,Free Throw In,1,-1,-1, ,,,,18,03:00,43,40,
2007,RS,14,168,252,PAN,PKRH,"PERPEROGLOU, EFSTRATIOS",2FGAB,Missed Two Pointer,0,-51,94,D,,,,18,03:00,43,40,
2007,RS,14,168,261,MAD,PARR,"TUNCERI, KEREM",FTM,Free Throw In,1,-1,-1, ,,,,18,03:00,44,40,
2007,RS,14,168,262,MAD,PARR,"TUNCERI, KEREM",FTM,Free Throw In,1,-1,-1, ,,,,18,03:00,45,40,
2007,RS,14,168,263,MAD,PARR,"TUNCERI, KEREM",FTM,Free Throw In,1,-1,-1, ,,,,18,03:00,46,40,
2007,RS,14,168,264,MAD,PARR,"TUNCERI, KEREM",FTM,Free Throw In,1,-1,-1, ,,,,18,03:00,47,40,
2007,RS,14,168,265,MAD,PAJO,"BULLOCK, LOUIS",3FGA,Missed Three Pointer,0,-682,120,F,,,,18,03:00,47,40,
2007,RS,14,168,271,PAN,PAJV,"BATISTE, MICHAEL",FTM,Free Throw In,1,-1,-1, ,,,,18,03:00,47,41,
2007,RS,14,168,275,MAD,PBFJ,"MUMBRU, ALEX",3FGA,Missed Three Pointer,0,-17,689,J,,,,19,02:00,47,41,
2007,RS,14,168,282,MAD,PAJO,"BULLOCK, LOUIS",FTM,Free Throw In,1,-1,-1, ,,,,19,02:00,48,41,
2007,RS,14,168,283,MAD,PAJO,"BULLOCK, LOUIS",FTM,Free Throw In,1,-1,-1, ,,,,19,02:00,49,41,
2007,RS,14,168,285,PAN,PAJV,"BATISTE, MICHAEL",2FGM,Two Pointer,2,189,94,C,,,,20,01:00,49,43,
2007,RS,14,168,292,MAD,PBFJ,"MUMBRU, ALEX",FTM,Free Throw In,1,-1,-1, ,,,,20,01:00,50,43,
2007,RS,14,168,293,MAD,PBFJ,"MUMBRU, ALEX",FTM,Free Throw In,1,-1,-1, ,,,,20,01:00,51,43,
2007,RS,14,168,294,PAN,PAJV,"BATISTE, MICHAEL",2FGA,Missed Two Pointer,0,53,102,C,,,,20,01:00,51,43,
2007,RS,14,168,299,MAD,PAJO,"BULLOCK, LOUIS",FTM,Free Throw In,1,-1,-1, ,,,,20,01:00,52,43,
2007,RS,14,168,300,MAD,PAJO,"BULLOCK, LOUIS",FTM,Free Throw In,1,-1,-1, ,,,,20,01:00,53,43,
2007,RS,14,168,308,MAD,PAAX,"REYES, FELIPE",2FGA,Missed Two Pointer,0,-53,138,D,,,,20,01:00,53,43,
2007,RS,14,168,310,PAN,PJUO,"SPANOULIS, VASSILIS",2FGA,Missed Two Pointer,0,469,210,B,,,,20,01:00,53,43,
2007,RS,14,168,319,PAN,PJUO,"SPANOULIS, VASSILIS",3FGA,Missed Three Pointer,0,689,61,A,,,,21,10:00,53,43,
2007,RS,14,168,321,MAD,PAIT,"LOPEZ, RAUL",3FGA,Missed Three Pointer,0,-56,733,J,,,,21,10:00,53,43,
2007,RS,14,168,323,MAD,PAIT,"LOPEZ, RAUL",2FGA,Missed Two Pointer,0,-38,517,I,,,,21,10:00,53,43,
2007,RS,14,168,327,PAN,PAGG,"BECIROVIC, SANI",FTM,Free Throw In,1,-1,-1, ,,,,21,10:00,53,44,
2007,RS,14,168,328,PAN,PAGG,"BECIROVIC, SANI",FTM,Free Throw In,1,-1,-1, ,,,,21,10:00,53,45,
2007,RS,14,168,331,MAD,PCRF,"HERVELLE, AXEL",3FGM,Three Pointer,3,517,456,G,,,,22,09:00,56,45,
2007,RS,14,168,332,PAN,PAGG,"BECIROVIC, SANI",2FGA,Missed Two Pointer,0,100,97,C,,,,22,09:00,56,45,
2007,RS,14,168,336,PAN,PBCS,"HATZIVRETTAS, NIKOS",3FGM,Three Pointer,3,579,400,A,,,,22,09:00,56,48,
2007,RS,14,168,342,PAN,PAGG,"BECIROVIC, SANI",3FGM,Three Pointer,3,-597,387,F,,,,23,08:00,56,51,
2007,RS,14,168,343,MAD,PBFJ,"MUMBRU, ALEX",3FGA,Missed Three Pointer,0,-333,646,J,,,,23,08:00,56,51,
2007,RS,14,168,347,PAN,PAGG,"BECIROVIC, SANI",3FGA,Missed Three Pointer,0,-325,623,J,,,,23,08:00,56,51,
2007,RS,14,168,358,PAN,PJUO,"SPANOULIS, VASSILIS",2FGA,Missed Two Pointer,0,-82,364,D,,,,24,07:00,56,51,
2007,RS,14,168,369,MAD,PBFJ,"MUMBRU, ALEX",FTM,Free Throw In,1,-1,-1, ,,,,25,06:00,57,51,
2007,RS,14,168,370,MAD,PBFJ,"MUMBRU, ALEX",FTM,Free Throw In,1,-1,-1, ,,,,25,06:00,58,51,
2007,RS,14,168,375,PAN,PJUO,"SPANOULIS, VASSILIS",FTM,Free Throw In,1,-1,-1, ,,,,25,06:00,58,52,
2007,RS,14,168,376,PAN,PJUO,"SPANOULIS, VASSILIS",FTM,Free Throw In,1,-1,-1, ,,,,25,06:00,58,53,
2007,RS,14,168,379,MAD,PAPP,"PAPADOPOULOS, LAZAROS",FTM,Free Throw In,1,-1,-1, ,,,,25,06:00,59,53,
2007,RS,14,168,380,MAD,PAPP,"PAPADOPOULOS, LAZAROS",FTM,Free Throw In,1,-1,-1, ,,,,25,06:00,60,53,
2007,RS,14,168,384,PAN,PAFQ,"PRKACIN, NIKOLA",FTM,Free Throw In,1,-1,-1, ,,,,25,06:00,60,54,
2007,RS,14,168,385,PAN,PAFQ,"PRKACIN, NIKOLA",FTM,Free Throw In,1,-1,-1, ,,,,25,06:00,60,55,
2007,RS,14,168,387,MAD,PBFJ,"MUMBRU, ALEX",3FGA,Missed Three Pointer,0,-112,674,J,,,,26,05:00,60,55,
2007,RS,14,168,389,MAD,PAIT,"LOPEZ, RAUL",2FGM,Two Pointer,2,-53,87,D,,,,26,05:00,62,55,
2007,RS,14,168,393,PAN,PAFQ,"PRKACIN, NIKOLA",FTM,Free Throw In,1,-1,-1, ,,,,26,05:00,62,56,
2007,RS,14,168,394,PAN,PAFQ,"PRKACIN, NIKOLA",FTM,Free Throw In,1,-1,-1, ,,,,26,05:00,62,57,
2007,RS,14,168,398,MAD,PBFJ,"MUMBRU, ALEX",2FGM,Two Pointer,2,-74,87,D,,,,26,05:00,64,57,
2007,RS,14,168,400,PAN,PAJV,"BATISTE, MICHAEL",3FGA,Missed Three Pointer,0,-446,594,J,,,,27,04:00,64,57,
2007,RS,14,168,402,MAD,PAPP,"PAPADOPOULOS, LAZAROS",2FGA,Missed Two Pointer,0,61,176,C,,,,27,04:00,64,57,
2007,RS,14,168,404,PAN,PJUO,"SPANOULIS, VASSILIS",2FGM,Two Pointer,2,-56,110,D,,,,27,04:00,64,59,
2007,RS,14,168,409,MAD,PAAX,"REYES, FELIPE",2FGA,Missed Two Pointer,0,-82,89,D,,,,27,04:00,64,59,
2007,RS,14,168,419,MAD,PAAX,"REYES, FELIPE",2FGM,Two Pointer,2,-71,107,D,,,,28,03:00,66,59,
2007,RS,14,168,420,PAN,PJUO,"SPANOULIS, VASSILIS",2FGAB,Missed Two Pointer,0,112,279,C,,,,28,03:00,66,59,
2007,RS,14,168,424,MAD,PARR,"TUNCERI, KEREM",3FGA,Missed Three Pointer,0,-541,484,J,,,,28,03:00,66,59,
2007,RS,14,168,427,PAN,PJUO,"SPANOULIS, VASSILIS",2FGA,Missed Two Pointer,0,20,138,C,,,,29,02:00,66,59,
2007,RS,14,168,430,MAD,PAAX,"REYES, FELIPE",2FGM,Two Pointer,2,-66,120,D,,,,29,02:00,68,59,
2007,RS,14,168,432,PAN,PJUO,"SPANOULIS, VASSILIS",3FGM,Three Pointer,3,341,610,G,,,,30,01:00,68,62,
2007,RS,14,168,433,MAD,PCTN,"SMITH, CHARLES",3FGM,Three Pointer,3,-538,417,F,,,,30,01:00,71,62,
2007,RS,14,168,434,PAN,PBCS,"HATZIVRETTAS, NIKOS",2FGM,Two Pointer,2,25,125,C,,,,30,01:00,71,64,
2007,RS,14,168,441,MAD,PAAX,"REYES, FELIPE",2FGA,Missed Two Pointer,0,-148,107,D,,,,31,10:00,71,64,
2007,RS,14,168,443,PAN,PADG,"JASIKEVICIUS, SARUNAS",3FGA,Missed Three Pointer,0,220,661,G,,,,31,10:00,71,64,
2007,RS,14,168,447,PAN,PADG,"JASIKEVICIUS, SARUNAS",2FGA,Missed Two Pointer,0,48,389,C,,,,32,09:00,71,64,
2007,RS,14,168,452,PAN,PABB,"DIKOUDIS, DEMOS",2FGA,Missed Two Pointer,0,-164,158,D,,,,32,09:00,71,64,
2007,RS,14,168,457,PAN,PADG,"JASIKEVICIUS, SARUNAS",2FGM,Two Pointer,2,-315,423,E,,,,33,08:00,71,66,
2007,RS,14,168,458,MAD,PAFB,"SEKULIC, BLAGOTA",2FGA,Missed Two Pointer,0,25,192,C,,,,33,08:00,71,66,
2007,RS,14,168,465,MAD,PARR,"TUNCERI, KEREM",3FGA,Missed Three Pointer,0,-310,625,J,,,,33,08:00,71,66,
2007,RS,14,168,471,PAN,PBXE,"ZIZIC, ANDRIJA",2FGM,Two Pointer,2,-35,146,D,,,,34,07:00,71,68,
2007,RS,14,168,472,MAD,PAJO,"BULLOCK, LOUIS",3FGA,Missed Three Pointer,0,-205,702,J,,,,34,07:00,71,68,
2007,RS,14,168,474,MAD,PCTN,"SMITH, CHARLES",2FGA,Missed Two Pointer,0,-20,110,D,,,,34,07:00,71,68,
2007,RS,14,168,476,MAD,PAAX,"REYES, FELIPE",2FGM,Two Pointer,2,-30,82,D,,,,34,07:00,73,68,
2007,RS,14,168,482,PAN,PBCS,"HATZIVRETTAS, NIKOS",2FGM,Two Pointer,2,556,94,B,,,,34,07:00,73,70,
2007,RS,14,168,486,MAD,PAJO,"BULLOCK, LOUIS",3FGA,Missed Three Pointer,0,-235,623,J,,,,35,06:00,73,70,
2007,RS,14,168,488,MAD,PAPP,"PAPADOPOULOS, LAZAROS",2FGA,Missed Two Pointer,0,-7,76,D,,,,35,06:00,73,70,
2007,RS,14,168,490,MAD,PAPP,"PAPADOPOULOS, LAZAROS",2FGA,Missed Two Pointer,0,-7,76,D,,,,35,06:00,73,70,
2007,RS,14,168,493,MAD,PAPP,"PAPADOPOULOS, LAZAROS",FTM,Free Throw In,1,-1,-1, ,,,,35,06:00,74,70,
2007,RS,14,168,494,MAD,PAPP,"PAPADOPOULOS, LAZAROS",FTM,Free Throw In,1,-1,-1, ,,,,35,06:00,75,70,
2007,RS,14,168,500,PAN,PJUO,"SPANOULIS, VASSILIS",2FGM,Two Pointer,2,-41,107,D,,,,35,06:00,75,72,
2007,RS,14,168,502,MAD,PAIT,"LOPEZ, RAUL",3FGM,Three Pointer,3,210,682,G,,,,36,05:00,78,72,
2007,RS,14,168,505,PAN,PJUO,"SPANOULIS, VASSILIS",3FGA,Missed Three Pointer,0,-469,574,J,,,,36,05:00,78,72,
2007,RS,14,168,511,MAD,PCTN,"SMITH, CHARLES",3FGA,Missed Three Pointer,0,656,148,A,,,,37,04:00,78,72,
2007,RS,14,168,525,PAN,PADG,"JASIKEVICIUS, SARUNAS",3FGM,Three Pointer,3,-38,723,J,,,,37,04:00,78,75,
2007,RS,14,168,527,MAD,PAJO,"BULLOCK, LOUIS",2FGM,Two Pointer,2,-446,128,E,,,,38,03:00,80,75,
2007,RS,14,168,529,PAN,PAJV,"BATISTE, MICHAEL",2FGM,Two Pointer,2,20,469,H,,,,38,03:00,80,77,
2007,RS,14,168,530,MAD,PBFJ,"MUMBRU, ALEX",3FGA,Missed Three Pointer,0,28,738,G,,,,38,03:00,80,77,
2007,RS,14,168,537,PAN,PAJV,"BATISTE, MICHAEL",FTM,Free Throw In,1,-1,-1, ,,,,39,02:00,80,78,
2007,RS,14,168,538,PAN,PAJV,"BATISTE, MICHAEL",FTM,Free Throw In,1,-1,-1, ,,,,39,02:00,80,79,
2007,RS,14,168,544,MAD,PAIT,"LOPEZ, RAUL",2FGA,Missed Two Pointer,0,435,361,B,,,,39,02:00,80,79,
2007,RS,14,168,546,PAN,PJUO,"SPANOULIS, VASSILIS",2FGM,Two Pointer,2,-128,120,D,,,,39,02:00,80,81,
2007,RS,14,168,552,MAD,PAIT,"LOPEZ, RAUL",3FGM,Three Pointer,3,556,430,G,,,,40,01:00,83,81,
2007,RS,14,168,554,PAN,PAGG,"BECIROVIC, SANI",3FGA,Missed Three Pointer,0,592,497,G,,,,40,01:00,83,81,
2007,RS,14,168,556,PAN,PADG,"JASIKEVICIUS, SARUNAS",3FGA,Missed Three Pointer,0,312,687,G,,,,40,01:00,83,81,
2007,RS,14,168,558,PAN,PAJV,"BATISTE, MICHAEL",2FGM,Two Pointer,2,110,117,C,,,,40,01:00,83,83,
2007,RS,14,168,565,PAN,PAJV,"BATISTE, MICHAEL",3FGA,Missed Three Pointer,0,-400,589,J,,,,40,01:00,83,83,
2007,RS,14,168,573,MAD,PAIT,"LOPEZ, RAUL",3FGM,Three Pointer,3,-692,48,F,,,,41,05:00,86,83,
2007,RS,14,168,577,PAN,PAGG,"BECIROVIC, SANI",FTM,Free Throw In,1,-1,-1, ,,,,41,05:00,86,84,
2007,RS,14,168,579,MAD,PARR,"TUNCERI, KEREM",3FGA,Missed Three Pointer,0,-112,758,J,,,,42,04:00,86,84,
2007,RS,14,168,581,PAN,PAJV,"BATISTE, MICHAEL",2FGA,Missed Two Pointer,0,187,294,C,,,,42,04:00,86,84,
2007,RS,14,168,583,PAN,PAGG,"BECIROVIC, SANI",2FGM,Two Pointer,2,66,105,C,,,,42,04:00,86,86,
2007,RS,14,168,588,PAN,PAJV,"BATISTE, MICHAEL",2FGA,Missed Two Pointer,0,30,153,C,,,,43,03:00,86,86,
2007,RS,14,168,590,MAD,PCRF,"HERVELLE, AXEL",3FGA,Missed Three Pointer,0,-69,697,J,,,,43,03:00,86,86,
2007,RS,14,168,592,PAN,PAGG,"BECIROVIC, SANI",3FGA,Missed Three Pointer,0,-402,597,J,,,,43,03:00,86,86,
2007,RS,14,168,594,MAD,PCRF,"HERVELLE, AXEL",3FGA,Missed Three Pointer,0,15,738,G,,,,43,03:00,86,86,
2007,RS,14,168,602,PAN,PJUO,"SPANOULIS, VASSILIS",FTM,Free Throw In,1,-1,-1, ,,,,43,03:00,86,87,
2007,RS,14,168,606,MAD,PARR,"TUNCERI, KEREM",3FGA,Missed Three Pointer,0,630,302,A,,,,44,02:00,86,87,
2007,RS,14,168,609,MAD,PAJO,"BULLOCK, LOUIS",3FGM,Three Pointer,3,-656,156,F,,,,44,02:00,89,87,
2007,RS,14,168,611,PAN,PAGG,"BECIROVIC, SANI",2FGAB,Missed Two Pointer,0,30,141,C,,,,44,02:00,89,87,
2007,RS,14,168,615,MAD,PAJO,"BULLOCK, LOUIS",3FGM,Three Pointer,3,592,420,A,,,,44,02:00,92,87,
2007,RS,14,168,617,PAN,PADG,"JASIKEVICIUS, SARUNAS",3FGA,Missed Three Pointer,0,-589,410,F,,,,45,01:00,92,87,
2007,RS,14,168,619,MAD,PAJO,"BULLOCK, LOUIS",3FGM,Three Pointer,3,-292,615,J,,,,45,01:00,95,87,
2007,RS,14,168,620,PAN,PJKO,"DIAMANTIDIS, DIMITRIS",3FGA,Missed Three Pointer,0,138,723,G,,,,45,01:00,95,87,
2007,RS,14,168,622,PAN,PAGG,"BECIROVIC, SANI",2FGA,Missed Two Pointer,0,76,248,C,,,,45,01:00,95,87,
2007,TS,15,169,2,PAN,PBXE,"ZIZIC, ANDRIJA",2FGM,Two Pointer,2,97,15,C,,,,1,10:00,0,2,
2007,TS,15,169,4,IST,PBXD,"PENN, JAMES",3FGA,Missed Three Pointer,0,-448,523,J,,,,1,10:00,0,2,
2007,TS,15,169,8,IST,PBXD,"PENN, JAMES",3FGA,Missed Three Pointer,0,-69,676,J,,,,1,10:00,0,2,
2007,TS,15,169,10,IST,PBKM,"KUQO, ERMAL",3FGA,Missed Three Pointer,0,15,674,G,,,,1,10:00,0,2,
2007,TS,15,169,13,PAN,PAGG,"BECIROVIC, SANI",2FGM,Two Pointer,2,17,187,C,,,,2,09:00,0,4,
2007,TS,15,169,14,IST,PKCH,"HUTSON, ANDRE",2FGM,Two Pointer,2,417,117,B,,,,2,09:00,2,4,
2007,TS,15,169,19,IST,PKOJ,"GREGORY, KENNY",3FGA,Missed Three Pointer,0,-428,556,J,,,,3,08:00,2,4,
2007,TS,15,169,21,PAN,PAGG,"BECIROVIC, SANI",2FGM,Two Pointer,2,407,23,B,,,,3,08:00,2,6,
2007,TS,15,169,23,IST,PBXD,"PENN, JAMES",3FGA,Missed Three Pointer,0,-474,576,J,,,,3,08:00,2,6,
2007,TS,15,169,30,PAN,PAGG,"BECIROVIC, SANI",FTM,Free Throw In,1,-1,-1, ,,,,4,07:00,2,7,
2007,TS,15,169,31,PAN,PAGG,"BECIROVIC, SANI",FTM,Free Throw In,1,-1,-1, ,,,,4,07:00,2,8,
2007,TS,15,169,36,IST,PKNG,"NICHOLAS, DREW",FTM,Free Throw In,1,-1,-1, ,,,,4,07:00,3,8,
2007,TS,15,169,37,IST,PKNG,"NICHOLAS, DREW",FTM,Free Throw In,1,-1,-1, ,,,,4,07:00,4,8,
2007,TS,15,169,38,PAN,PJKO,"DIAMANTIDIS, DIMITRIS",3FGA,Missed Three Pointer,0,-138,707,J,,,,4,07:00,4,8,
2007,TS,15,169,40,IST,PARN,"ARSLAN, ENDER",3FGA,Missed Three Pointer,0,356,589,G,,,,4,07:00,4,8,
2007,TS,15,169,43,PAN,PAGG,"BECIROVIC, SANI",2FGA,Missed Two Pointer,0,148,102,C,,,,5,06:00,4,8,
2007,TS,15,169,45,IST,PARN,"ARSLAN, ENDER",2FGM,Two Pointer,2,-166,156,D,,,,5,06:00,6,8,
2007,TS,15,169,50,PAN,PABB,"DIKOUDIS, DEMOS",2FGM,Two Pointer,2,15,125,C,,,,5,06:00,6,10,
2007,TS,15,169,51,IST,PKNG,"NICHOLAS, DREW",2FGM,Two Pointer,2,-369,397,E,,,,5,06:00,8,10,
2007,TS,15,169,59,PAN,PBCS,"HATZIVRETTAS, NIKOS",3FGM,Three Pointer,3,702,12,A,,,,6,05:00,8,13,
2007,TS,15,169,63,PAN,PBCS,"HATZIVRETTAS, NIKOS",3FGM,Three Pointer,3,692,2,A,,,,6,05:00,8,16,
2007,TS,15,169,66,IST,PBKM,"KUQO, ERMAL",3FGA,Missed Three Pointer,0,630,241,A,,,,7,04:00,8,16,
2007,TS,15,169,68,PAN,PBCS,"HATZIVRETTAS, NIKOS",2FGA,Missed Two Pointer,0,110,38,C,,,,7,04:00,8,16,
2007,TS,15,169,70,IST,PKNG,"NICHOLAS, DREW",3FGM,Three Pointer,3,700,2,A,,,,7,04:00,11,16,
2007,TS,15,169,72,PAN,PAGG,"BECIROVIC, SANI",2FGA,Missed Two Pointer,0,-341,256,E,,,,7,04:00,11,16,
2007,TS,15,169,74,IST,PKNG,"NICHOLAS, DREW",3FGM,Three Pointer,3,-461,484,J,,,,7,04:00,14,16,
2007,TS,15,169,77,PAN,PJKO,"DIAMANTIDIS, DIMITRIS",2FGA,Missed Two Pointer,0,-356,120,E,,,,8,03:00,14,16,
2007,TS,15,169,79,IST,PKNG,"NICHOLAS, DREW",3FGM,Three Pointer,3,-500,482,J,,,,8,03:00,17,16,
2007,TS,15,169,92,PAN,PABB,"DIKOUDIS, DEMOS",3FGM,Three Pointer,3,-646,146,F,,,,9,02:00,17,19,
2007,TS,15,169,100,PAN,PBXE,"ZIZIC, ANDRIJA",2FGM,Two Pointer,2,79,33,C,,,,9,02:00,17,21,
2007,TS,15,169,103,IST,PTFG,"WOODS, LOREN",2FGA,Missed Two Pointer,0,51,541,H,,,,10,01:00,17,21,
2007,TS,15,169,116,IST,PBXD,"PENN, JAMES",2FGA,Missed Two Pointer,0,143,87,C,,,,10,01:00,17,21,
2007,TS,15,169,126,IST,PTFG,"WOODS, LOREN",2FGM,Two Pointer,2,148,58,C,,,,11,10:00,19,21,
2007,TS,15,169,130,IST,PTFG,"WOODS, LOREN",FTM,Free Throw In,1,-1,-1, ,,,,11,10:00,20,21,
2007,TS,15,169,131,PAN,PAPH,"ALVERTIS, FRAGISKOS",2FGM,Two Pointer,2,-533,0,E,,,,11,10:00,20,23,
2007,TS,15,169,136,PAN,PAJV,"BATISTE, MICHAEL",2FGA,Missed Two Pointer,0,-30,394,D,,,,11,10:00,20,23,
2007,TS,15,169,139,IST,PKNG,"NICHOLAS, DREW",2FGM,Two Pointer,2,156,300,C,,,,12,09:00,22,23,
2007,TS,15,169,140,PAN,PAPH,"ALVERTIS, FRAGISKOS",2FGA,Missed Two Pointer,0,-228,56,D,,,,12,09:00,22,23,
2007,TS,15,169,144,IST,PKNG,"NICHOLAS, DREW",3FGA,Missed Three Pointer,0,210,653,G,,,,12,09:00,22,23,
2007,TS,15,169,151,IST,PAWN,"GONLUM, KEREM",FTM,Free Throw In,1,-1,-1, ,,,,13,08:00,23,23,
2007,TS,15,169,152,IST,PAWN,"GONLUM, KEREM",FTM,Free Throw In,1,-1,-1, ,,,,13,08:00,24,23,
2007,TS,15,169,154,IST,PTFG,"WOODS, LOREN",2FGA,Missed Two Pointer,0,184,87,C,,,,13,08:00,24,23,
2007,TS,15,169,156,IST,PAWN,"GONLUM, KEREM",2FGM,Two Pointer,2,-87,28,D,,,,13,08:00,26,23,
2007,TS,15,169,165,PAN,PADG,"JASIKEVICIUS, SARUNAS",FTM,Free Throw In,1,-1,-1, ,,,,14,07:00,26,24,
2007,TS,15,169,166,PAN,PADG,"JASIKEVICIUS, SARUNAS",FTM,Free Throw In,1,-1,-1, ,,,,14,07:00,26,25,
2007,TS,15,169,167,IST,PKNG,"NICHOLAS, DREW",3FGM,Three Pointer,3,-548,553,J,,,,14,07:00,29,25,
2007,TS,15,169,168,PAN,PJKO,"DIAMANTIDIS, DIMITRIS",3FGA,Missed Three Pointer,0,-110,697,J,,,,14,07:00,29,25,
2007,TS,15,169,172,PAN,PADG,"JASIKEVICIUS, SARUNAS",2FGM,Two Pointer,2,-64,7,D,,,,14,07:00,29,27,
2007,TS,15,169,179,IST,PKNG,"NICHOLAS, DREW",3FGM,Three Pointer,3,638,235,A,,,,15,06:00,32,27,
2007,TS,15,169,180,PAN,PADG,"JASIKEVICIUS, SARUNAS",2FGA,Missed Two Pointer,0,-51,105,D,,,,15,06:00,32,27,
2007,TS,15,169,182,IST,PKNG,"NICHOLAS, DREW",3FGA,Missed Three Pointer,0,671,107,A,,,,15,06:00,32,27,
2007,TS,15,169,184,IST,PTFG,"WOODS, LOREN",2FGM,Two Pointer,2,-74,30,D,,,,15,06:00,34,27,
2007,TS,15,169,185,PAN,PADG,"JASIKEVICIUS, SARUNAS",2FGA,Missed Two Pointer,0,143,369,C,,,,15,06:00,34,27,
2007,TS,15,169,187,IST,PARN,"ARSLAN, ENDER",2FGM,Two Pointer,2,123,48,C,,,,15,06:00,36,27,
2007,TS,15,169,193,IST,PARN,"ARSLAN, ENDER",2FGA,Missed Two Pointer,0,-97,43,D,,,,16,05:00,36,27,
2007,TS,15,169,195,IST,PKOJ,"GREGORY, KENNY",2FGA,Missed Two Pointer,0,-146,46,D,,,,16,05:00,36,27,
2007,TS,15,169,199,PAN,PAJV,"BATISTE, MICHAEL",2FGM,Two Pointer,2,105,41,C,,,,16,05:00,36,29,
2007,TS,15,169,201,IST,PAWN,"GONLUM, KEREM",3FGM,Three Pointer,3,-297,610,J,,,,17,04:00,39,29,
2007,TS,15,169,203,PAN,PADG,"JASIKEVICIUS, SARUNAS",2FGM,Two Pointer,2,279,312,B,,,,17,04:00,39,31,
2007,TS,15,169,205,IST,PTFG,"WOODS, LOREN",2FGA,Missed Two Pointer,0,107,35,C,,,,18,03:00,39,31,
2007,TS,15,169,213,IST,PARN,"ARSLAN, ENDER",3FGA,Missed Three Pointer,0,648,228,A,,,,18,03:00,39,31,
2007,TS,15,169,215,IST,PTFG,"WOODS, LOREN",2FGM,Two Pointer,2,-82,30,D,,,,18,03:00,41,31,
2007,TS,15,169,216,PAN,PAGG,"BECIROVIC, SANI",3FGA,Missed Three Pointer,0,-641,210,F,,,,18,03:00,41,31,
2007,TS,15,169,220,IST,PKNG,"NICHOLAS, DREW",2FGM,Two Pointer,2,-92,28,D,,,,18,03:00,43,31,
2007,TS,15,169,223,PAN,PAJV,"BATISTE, MICHAEL",2FGM,Two Pointer,2,25,117,C,,,,19,02:00,43,33,
2007,TS,15,169,231,IST,PKCH,"HUTSON, ANDRE",FTM,Free Throw In,1,-1,-1, ,,,,19,02:00,44,33,
2007,TS,15,169,234,PAN,PJUO,"SPANOULIS, VASSILIS",2FGA,Missed Two Pointer,0,-148,48,D,,,,19,02:00,44,33,
2007,TS,15,169,236,PAN,PAJV,"BATISTE, MICHAEL",2FGM,Two Pointer,2,-5,133,D,,,,19,02:00,44,35,
2007,TS,15,169,238,IST,PKCH,"HUTSON, ANDRE",2FGM,Two Pointer,2,207,56,C,,,,20,01:00,46,35,
2007,TS,15,169,239,PAN,PAGG,"BECIROVIC, SANI",3FGA,Missed Three Pointer,0,658,194,A,,,,20,01:00,46,35,
2007,TS,15,169,244,PAN,PJKO,"DIAMANTIDIS, DIMITRIS",3FGA,Missed Three Pointer,0,666,143,A,,,,20,01:00,46,35,
2007,TS,15,169,256,PAN,PADG,"JASIKEVICIUS, SARUNAS",2FGA,Missed Two Pointer,0,148,484,H,,,,21,10:00,46,35,
2007,TS,15,169,257,PAN,PJUO,"SPANOULIS, VASSILIS",2FGA,Missed Two Pointer,0,-100,35,D,,,,21,10:00,46,35,
2007,TS,15,169,260,IST,PKOJ,"GREGORY, KENNY",2FGM,Two Pointer,2,-7,5,D,,,,21,10:00,48,35,
2007,TS,15,169,262,PAN,PJUO,"SPANOULIS, VASSILIS",3FGA,Missed Three Pointer,0,366,587,G,,,,21,10:00,48,35,
2007,TS,15,169,267,IST,PKNG,"NICHOLAS, DREW",2FGM,Two Pointer,2,-153,38,D,,,,22,09:00,50,35,
2007,TS,15,169,272,PAN,PADG,"JASIKEVICIUS, SARUNAS",FTM,Free Throw In,1,-1,-1, ,,,,22,09:00,50,36,
2007,TS,15,169,273,PAN,PADG,"JASIKEVICIUS, SARUNAS",FTM,Free Throw In,1,-1,-1, ,,,,22,09:00,50,37,
2007,TS,15,169,274,IST,PAWN,"GONLUM, KEREM",2FGM,Two Pointer,2,-7,-5,D,,,,22,09:00,52,37,
2007,TS,15,169,277,PAN,PADG,"JASIKEVICIUS, SARUNAS",2FGM,Two Pointer,2,-107,82,D,,,,23,08:00,52,39,
2007,TS,15,169,288,IST,PKNG,"NICHOLAS, DREW",2FGA,Missed Two Pointer,0,-143,105,D,,,,24,07:00,52,39,
2007,TS,15,169,290,PAN,PJUO,"SPANOULIS, VASSILIS",3FGM,Three Pointer,3,684,128,A,,,,24,07:00,52,42,
2007,TS,15,169,292,IST,PBXD,"PENN, JAMES",3FGM,Three Pointer,3,-551,417,F,,,,24,07:00,55,42,
2007,TS,15,169,295,PAN,PJKO,"DIAMANTIDIS, DIMITRIS",3FGA,Missed Three Pointer,0,451,548,G,,,,25,06:00,55,42,
2007,TS,15,169,297,PAN,PAJV,"BATISTE, MICHAEL",2FGAB,Missed Two Pointer,0,15,179,C,,,,25,06:00,55,42,
2007,TS,15,169,301,IST,PKNG,"NICHOLAS, DREW",3FGA,Missed Three Pointer,0,-233,679,J,,,,25,06:00,55,42,
2007,TS,15,169,304,PAN,PAJV,"BATISTE, MICHAEL",2FGM,Two Pointer,2,-151,302,D,,,,26,05:00,55,44,
2007,TS,15,169,315,IST,PBKM,"KUQO, ERMAL",2FGM,Two Pointer,2,82,41,C,,,,26,05:00,57,44,
2007,TS,15,169,316,PAN,PJUO,"SPANOULIS, VASSILIS",3FGA,Missed Three Pointer,0,-500,548,J,,,,26,05:00,57,44,
2007,TS,15,169,319,IST,PARN,"ARSLAN, ENDER",3FGA,Missed Three Pointer,0,-23,769,J,,,,27,04:00,57,44,
2007,TS,15,169,327,PAN,PABB,"DIKOUDIS, DEMOS",2FGM,Two Pointer,2,25,105,C,,,,27,04:00,57,46,
2007,TS,15,169,328,IST,PBKM,"KUQO, ERMAL",2FGM,Two Pointer,2,166,176,C,,,,27,04:00,59,46,
2007,TS,15,169,332,PAN,PADG,"JASIKEVICIUS, SARUNAS",3FGA,Missed Three Pointer,0,-674,158,F,,,,28,03:00,59,46,
2007,TS,15,169,343,IST,PBKM,"KUQO, ERMAL",2FGA,Missed Two Pointer,0,123,171,C,,,,28,03:00,59,46,
2007,TS,15,169,345,PAN,PJUO,"SPANOULIS, VASSILIS",2FGM,Two Pointer,2,92,10,C,,,,28,03:00,59,48,
2007,TS,15,169,347,IST,PKCH,"HUTSON, ANDRE",2FGA,Missed Two Pointer,0,-433,71,E,,,,29,02:00,59,48,
2007,TS,15,169,349,IST,PBKM,"KUQO, ERMAL",2FGM,Two Pointer,2,-84,41,D,,,,29,02:00,61,48,
2007,TS,15,169,351,PAN,PAGG,"BECIROVIC, SANI",3FGA,Missed Three Pointer,0,564,410,A,,,,29,02:00,61,48,
2007,TS,15,169,353,IST,PKNG,"NICHOLAS, DREW",3FGA,Missed Three Pointer,0,-92,689,J,,,,29,02:00,61,48,
2007,TS,15,169,356,PAN,PJUO,"SPANOULIS, VASSILIS",3FGA,Missed Three Pointer,0,94,697,G,,,,30,01:00,61,48,
2007,TS,15,169,358,IST,PKCH,"HUTSON, ANDRE",2FGM,Two Pointer,2,76,30,C,,,,30,01:00,63,48,
2007,TS,15,169,364,IST,PBKM,"KUQO, ERMAL",2FGA,Missed Two Pointer,0,-146,100,D,,,,31,10:00,63,48,
2007,TS,15,169,371,IST,PBKM,"KUQO, ERMAL",FTM,Free Throw In,1,-1,-1, ,,,,31,10:00,64,48,
2007,TS,15,169,372,IST,PBKM,"KUQO, ERMAL",FTM,Free Throw In,1,-1,-1, ,,,,31,10:00,65,48,
2007,TS,15,169,384,PAN,PAPH,"ALVERTIS, FRAGISKOS",3FGA,Missed Three Pointer,0,110,646,G,,,,32,09:00,65,48,
2007,TS,15,169,386,IST,PARN,"ARSLAN, ENDER",2FGM,Two Pointer,2,120,87,C,,,,32,09:00,67,48,
2007,TS,15,169,388,PAN,PJKO,"DIAMANTIDIS, DIMITRIS",3FGM,Three Pointer,3,664,146,A,,,,33,08:00,67,51,
2007,TS,15,169,390,IST,PKNG,"NICHOLAS, DREW",3FGA,Missed Three Pointer,0,-628,289,F,,,,33,08:00,67,51,
2007,TS,15,169,392,PAN,PJKO,"DIAMANTIDIS, DIMITRIS",3FGA,Missed Three Pointer,0,233,641,G,,,,33,08:00,67,51,
2007,TS,15,169,402,PAN,PJKO,"DIAMANTIDIS, DIMITRIS",FTM,Free Throw In,1,-1,-1, ,,,,34,07:00,67,52,
2007,TS,15,169,405,PAN,PJKO,"DIAMANTIDIS, DIMITRIS",FTM,Free Throw In,1,-1,-1, ,,,,34,07:00,67,53,
2007,TS,15,169,406,IST,PKCH,"HUTSON, ANDRE",2FGA,Missed Two Pointer,0,-394,305,E,,,,34,07:00,67,53,
2007,TS,15,169,416,PAN,PAPH,"ALVERTIS, FRAGISKOS",3FGA,Missed Three Pointer,0,-687,35,F,,,,35,06:00,67,53,
2007,TS,15,169,426,PAN,PJUO,"SPANOULIS, VASSILIS",FTM,Free Throw In,1,-1,-1, ,,,,36,05:00,67,54,
2007,TS,15,169,429,IST,PKCH,"HUTSON, ANDRE",2FGM,Two Pointer,2,-251,-5,D,,,,36,05:00,69,54,
2007,TS,15,169,430,PAN,PJUO,"SPANOULIS, VASSILIS",2FGM,Two Pointer,2,117,23,C,,,,36,05:00,69,56,
2007,TS,15,169,438,IST,PKCH,"HUTSON, ANDRE",FTM,Free Throw In,1,-1,-1, ,,,,37,04:00,70,56,
2007,TS,15,169,443,IST,PKOJ,"GREGORY, KENNY",3FGA,Missed Three Pointer,0,-561,392,F,,,,37,04:00,70,56,
2007,TS,15,169,445,PAN,PJUO,"SPANOULIS, VASSILIS",3FGA,Missed Three Pointer,0,-671,2,F,,,,37,04:00,70,56,
2007,TS,15,169,448,IST,PKCH,"HUTSON, ANDRE",2FGA,Missed Two Pointer,0,-184,517,I,,,,38,03:00,70,56,
2007,TS,15,169,451,PAN,PADG,"JASIKEVICIUS, SARUNAS",2FGM,Two Pointer,2,-287,241,E,,,,38,03:00,70,58,
2007,TS,15,169,452,IST,PKNG,"NICHOLAS, DREW",3FGA,Missed Three Pointer,0,510,523,G,,,,38,03:00,70,58,
2007,TS,15,169,454,PAN,PAJV,"BATISTE, MICHAEL",2FGM,Two Pointer,2,-17,0,D,,,,38,03:00,70,60,
2007,TS,15,169,457,IST,PKCH,"HUTSON, ANDRE",2FGA,Missed Two Pointer,0,-41,184,D,,,,39,02:00,70,60,
2007,TS,15,169,459,PAN,PADG,"JASIKEVICIUS, SARUNAS",2FGAB,Missed Two Pointer,0,-69,58,D,,,,39,02:00,70,60,
2007,TS,15,169,463,IST,PKNG,"NICHOLAS, DREW",2FGM,Two Pointer,2,66,48,C,,,,39,02:00,72,60,
2007,TS,15,169,467,PAN,PADG,"JASIKEVICIUS, SARUNAS",2FGA,Missed Two Pointer,0,169,71,C,,,,39,02:00,72,60,
2007,TS,15,169,470,IST,PARN,"ARSLAN, ENDER",3FGA,Missed Three Pointer,0,328,646,G,,,,40,01:00,72,60,
2007,TS,15,169,472,PAN,PAJV,"BATISTE, MICHAEL",2FGM,Two Pointer,2,17,2,C,,,,40,01:00,72,62,
2007,TS,15,169,476,IST,PKNG,"NICHOLAS, DREW",3FGA,Missed Three Pointer,0,582,456,G,,,,40,01:00,72,62,
2007,TS,15,169,480,PAN,PJUO,"SPANOULIS, VASSILIS",FTM,Free Throw In,1,-1,-1, ,,,,40,01:00,72,63,
2007,TS,15,169,481,PAN,PJUO,"SPANOULIS, VASSILIS",FTM,Free Throw In,1,-1,-1, ,,,,40,01:00,72,64,
2007,TS,15,169,486,PAN,PBCS,"HATZIVRETTAS, NIKOS",3FGA,Missed Three Pointer,0,351,594,G,,,,40,01:00,72,64,
2007,TS,15,169,488,IST,PKNG,"NICHOLAS, DREW",2FGM,Two Pointer,2,102,61,C,,,,40,01:00,74,64,
2007,TS,15,170,4,PAR,PJNN,"VELICKOVIC, NOVICA",3FGA,Missed Three Pointer,0,694,-53,A,,,,1,10:00,0,0,
2007,TS,15,170,7,SIE,PCCA,"THORNTON, BOOTSY",2FGA,Missed Two Pointer,0,258,84,B,,,,1,10:00,0,0,
2007,TS,15,170,9,PAR,PBFE,"KECMAN, DUSAN",2FGM,Two Pointer,2,-553,17,E,,,,1,10:00,0,2,
2007,TS,15,170,12,SIE,PJOC,"STONEROOK, SHAUN",3FGA,Missed Three Pointer,0,84,684,G,,,,2,09:00,0,2,
2007,TS,15,170,14,PAR,PKNN,"PEKOVIC, NIKOLA",2FGM,Two Pointer,2,5,-2,C,,,,2,09:00,0,4,
2007,TS,15,170,16,SIE,PJOC,"STONEROOK, SHAUN",3FGM,Three Pointer,3,-97,676,J,,,,2,09:00,3,4,
2007,TS,15,170,22,SIE,PKWI,"MCINTYRE, TERRELL",2FGAB,Missed Two Pointer,0,351,484,H,,,,3,08:00,3,4,
2007,TS,15,170,28,PAR,PTGU,"PALACIO, MILT",FTM,Free Throw In,1,-1,-1, ,,,,3,08:00,3,5,
2007,TS,15,170,32,SIE,PLMO,"SATO, ROMAIN",2FGA,Missed Two Pointer,0,233,215,B,,,,4,07:00,3,5,
2007,TS,15,170,36,SIE,PCQO,"EZE, BENJAMIN",2FGM,Two Pointer,2,-64,38,D,,,,4,07:00,5,5,
2007,TS,15,170,38,PAR,PTGU,"PALACIO, MILT",3FGA,Missed Three Pointer,0,-712,-38,F,,,,4,07:00,5,5,
2007,TS,15,170,42,SIE,PLMO,"SATO, ROMAIN",2FGM,Two Pointer,2,-74,12,D,,,,4,07:00,7,5,
2007,TS,15,170,49,SIE,PCQO,"EZE, BENJAMIN",2FGA,Missed Two Pointer,0,-87,461,I,,,,5,06:00,7,5,
2007,TS,15,170,53,SIE,PKWI,"MCINTYRE, TERRELL",3FGA,Missed Three Pointer,0,12,682,G,,,,5,06:00,7,5,
2007,TS,15,170,56,PAR,PLGH,"TEPIC, MILENKO",2FGA,Missed Two Pointer,0,333,53,B,,,,6,05:00,7,5,
2007,TS,15,170,66,SIE,PCQO,"EZE, BENJAMIN",2FGA,Missed Two Pointer,0,-164,389,D,,,,6,05:00,7,5,
2007,TS,15,170,70,SIE,PJOC,"STONEROOK, SHAUN",3FGM,Three Pointer,3,2,661,G,,,,6,05:00,10,5,
2007,TS,15,170,78,PAR,PJNN,"VELICKOVIC, NOVICA",3FGA,Missed Three Pointer,0,-692,-41,F,,,,7,04:00,10,5,
2007,TS,15,170,80,SIE,PKWI,"MCINTYRE, TERRELL",2FGA,Missed Two Pointer,0,384,269,B,,,,7,04:00,10,5,
2007,TS,15,170,82,PAR,PBGJ,"VRANES, SLAVKO",2FGM,Two Pointer,2,156,30,C,,,,7,04:00,10,7,
2007,TS,15,170,84,SIE,PCQO,"EZE, BENJAMIN",3FGA,Missed Three Pointer,0,-266,643,J,,,,8,03:00,10,7,
2007,TS,15,170,86,PAR,PLGH,"TEPIC, MILENKO",2FGM,Two Pointer,2,-176,61,D,,,,8,03:00,10,9,
2007,TS,15,170,87,SIE,PLMO,"SATO, ROMAIN",2FGM,Two Pointer,2,2,374,D,,,,8,03:00,12,9,
2007,TS,15,170,89,PAR,PBFB,"TRIPKOVIC, UROS",3FGA,Missed Three Pointer,0,23,694,G,,,,9,02:00,12,9,
2007,TS,15,170,93,PAR,PJNN,"VELICKOVIC, NOVICA",2FGA,Missed Two Pointer,0,41,38,C,,,,9,02:00,12,9,
2007,TS,15,170,103,SIE,PCCA,"THORNTON, BOOTSY",2FGM,Two Pointer,2,30,148,C,,,,9,02:00,14,9,
2007,TS,15,170,113,SIE,PCCA,"THORNTON, BOOTSY",2FGM,Two Pointer,2,-5,561,I,,,,10,01:00,16,9,
2007,TS,15,170,120,SIE,PJOC,"STONEROOK, SHAUN",3FGA,Missed Three Pointer,0,538,428,G,,,,10,01:00,16,9,
2007,TS,15,170,130,SIE,PBLH,"LAVRINOVIC, KSISTOF",2FGA,Missed Two Pointer,0,-384,17,E,,,,11,10:00,16,9,
2007,TS,15,170,136,SIE,PBLH,"LAVRINOVIC, KSISTOF",3FGM,Three Pointer,3,10,671,G,,,,11,10:00,19,9,
2007,TS,15,170,139,PAR,PBFE,"KECMAN, DUSAN",3FGAB,Missed Three Pointer,0,-335,574,J,,,,12,09:00,19,9,
2007,TS,15,170,143,PAR,PKNN,"PEKOVIC, NIKOLA",2FGA,Missed Two Pointer,0,64,20,C,,,,12,09:00,19,9,
2007,TS,15,170,145,SIE,PBLH,"LAVRINOVIC, KSISTOF",2FGM,Two Pointer,2,-56,23,D,,,,12,09:00,21,9,
2007,TS,15,170,154,PAR,PKNN,"PEKOVIC, NIKOLA",2FGA,Missed Two Pointer,0,61,33,C,,,,12,09:00,21,9,
2007,TS,15,170,156,SIE,PBLH,"LAVRINOVIC, KSISTOF",2FGA,Missed Two Pointer,0,79,-5,C,,,,12,09:00,21,9,
2007,TS,15,170,159,PAR,PBXO,"VITKOVAC, CEDOMIR",3FGAB,Missed Three Pointer,0,-694,-12,F,,,,13,08:00,21,9,
2007,TS,15,170,165,PAR,PBFB,"TRIPKOVIC, UROS",3FGM,Three Pointer,3,-679,146,F,,,,13,08:00,21,12,
2007,TS,15,170,169,PAR,PJNN,"VELICKOVIC, NOVICA",2FGM,Two Pointer,2,5,7,C,,,,13,08:00,21,14,
2007,TS,15,170,173,SIE,PAPS,"ILIEVSKI, VLADO",2FGAB,Missed Two Pointer,0,-69,30,D,,,,13,08:00,21,14,
2007,TS,15,170,178,PAR,PTGU,"PALACIO, MILT",2FGAB,Missed Two Pointer,0,82,15,C,,,,14,07:00,21,14,
2007,TS,15,170,181,SIE,PAPS,"ILIEVSKI, VLADO",3FGM,Three Pointer,3,-351,600,J,,,,14,07:00,24,14,
2007,TS,15,170,185,PAR,PJNN,"VELICKOVIC, NOVICA",3FGA,Missed Three Pointer,0,-400,543,J,,,,14,07:00,24,14,
2007,TS,15,170,187,PAR,PKNN,"PEKOVIC, NIKOLA",2FGM,Two Pointer,2,48,-5,C,,,,14,07:00,24,16,
2007,TS,15,170,207,SIE,PAPS,"ILIEVSKI, VLADO",FTM,Free Throw In,1,-1,-1, ,,,,15,06:00,25,16,
2007,TS,15,170,208,SIE,PAPS,"ILIEVSKI, VLADO",FTM,Free Throw In,1,-1,-1, ,,,,15,06:00,26,16,
2007,TS,15,170,220,SIE,PLMO,"SATO, ROMAIN",FTM,Free Throw In,1,-1,-1, ,,,,16,05:00,27,16,
2007,TS,15,170,223,PAR,PKNN,"PEKOVIC, NIKOLA",2FGA,Missed Two Pointer,0,2,107,D,,,,16,05:00,27,16,
2007,TS,15,170,226,SIE,PKWI,"MCINTYRE, TERRELL",2FGA,Missed Two Pointer,0,-94,66,D,,,,17,04:00,27,16,
2007,TS,15,170,232,PAR,PBFE,"KECMAN, DUSAN",FTM,Free Throw In,1,-1,-1, ,,,,17,04:00,27,17,
2007,TS,15,170,233,PAR,PBFE,"KECMAN, DUSAN",FTM,Free Throw In,1,-1,-1, ,,,,17,04:00,27,18,
2007,TS,15,170,236,SIE,PLMO,"SATO, ROMAIN",2FGM,Two Pointer,2,-61,589,I,,,,17,04:00,29,18,
2007,TS,15,170,237,PAR,PKNN,"PEKOVIC, NIKOLA",2FGM,Two Pointer,2,-82,23,D,,,,17,04:00,29,20,
2007,TS,15,170,241,SIE,PAPS,"ILIEVSKI, VLADO",2FGAB,Missed Two Pointer,0,-212,38,D,,,,18,03:00,29,20,
2007,TS,15,170,249,PAR,PTGU,"PALACIO, MILT",2FGM,Two Pointer,2,46,12,C,,,,18,03:00,29,22,
2007,TS,15,170,253,SIE,PLMO,"SATO, ROMAIN",FTM,Free Throw In,1,-1,-1, ,,,,18,03:00,30,22,
2007,TS,15,170,254,SIE,PLMO,"SATO, ROMAIN",FTM,Free Throw In,1,-1,-1, ,,,,18,03:00,31,22,
2007,TS,15,170,262,PAR,PTGU,"PALACIO, MILT",2FGM,Two Pointer,2,-61,7,D,,,,19,02:00,31,24,
2007,TS,15,170,263,SIE,PLMO,"SATO, ROMAIN",2FGM,Two Pointer,2,-171,500,I,,,,19,02:00,33,24,
2007,TS,15,170,264,PAR,PKNN,"PEKOVIC, NIKOLA",2FGM,Two Pointer,2,-176,5,D,,,,19,02:00,33,26,
2007,TS,15,170,272,PAR,PKNN,"PEKOVIC, NIKOLA",FTM,Free Throw In,1,-1,-1, ,,,,20,01:00,33,27,
2007,TS,15,170,275,SIE,PKWI,"MCINTYRE, TERRELL",3FGA,Missed Three Pointer,0,-5,682,J,,,,20,01:00,33,27,
2007,TS,15,170,279,PAR,PJNN,"VELICKOVIC, NOVICA",3FGA,Missed Three Pointer,0,694,-74,A,,,,20,01:00,33,27,
2007,TS,15,170,283,SIE,PLMO,"SATO, ROMAIN",3FGA,Missed Three Pointer,0,682,-25,A,,,,20,01:00,33,27,
2007,TS,15,170,294,SIE,PCQO,"EZE, BENJAMIN",2FGAB,Missed Two Pointer,0,-246,35,D,,,,21,10:00,33,27,
2007,TS,15,170,298,PAR,PBFE,"KECMAN, DUSAN",2FGM,Two Pointer,2,-82,12,D,,,,21,10:00,33,29,
2007,TS,15,170,300,SIE,PKWI,"MCINTYRE, TERRELL",3FGA,Missed Three Pointer,0,-225,630,J,,,,21,10:00,33,29,
2007,TS,15,170,302,SIE,PCQO,"EZE, BENJAMIN",2FGA,Missed Two Pointer,0,-89,69,D,,,,21,10:00,33,29,
2007,TS,15,170,308,SIE,PKWI,"MCINTYRE, TERRELL",3FGA,Missed Three Pointer,0,-420,543,J,,,,21,10:00,33,29,
2007,TS,15,170,314,SIE,PLMO,"SATO, ROMAIN",2FGA,Missed Two Pointer,0,433,-2,B,,,,23,08:00,33,29,
2007,TS,15,170,318,SIE,PJOC,"STONEROOK, SHAUN",2FGM,Two Pointer,2,35,35,C,,,,23,08:00,35,29,
2007,TS,15,170,320,PAR,PBFE,"KECMAN, DUSAN",2FGM,Two Pointer,2,92,107,C,,,,23,08:00,35,31,
2007,TS,15,170,321,SIE,PCCA,"THORNTON, BOOTSY",2FGM,Two Pointer,2,171,171,C,,,,23,08:00,37,31,
2007,TS,15,170,323,PAR,PTGU,"PALACIO, MILT",2FGAB,Missed Two Pointer,0,-141,151,D,,,,24,07:00,37,31,
2007,TS,15,170,329,PAR,PKNN,"PEKOVIC, NIKOLA",2FGA,Missed Two Pointer,0,-130,82,D,,,,24,07:00,37,31,
2007,TS,15,170,332,SIE,PKWI,"MCINTYRE, TERRELL",3FGM,Three Pointer,3,58,669,G,,,,25,06:00,40,31,
2007,TS,15,170,335,PAR,PJNN,"VELICKOVIC, NOVICA",3FGA,Missed Three Pointer,0,420,507,G,,,,25,06:00,40,31,
2007,TS,15,170,337,PAR,PLGH,"TEPIC, MILENKO",3FGA,Missed Three Pointer,0,494,430,G,,,,25,06:00,40,31,
2007,TS,15,170,340,SIE,PLMO,"SATO, ROMAIN",3FGM,Three Pointer,3,-687,-30,F,,,,26,05:00,43,31,
2007,TS,15,170,345,PAR,PKNN,"PEKOVIC, NIKOLA",2FGM,Two Pointer,2,-174,117,D,,,,26,05:00,43,33,
2007,TS,15,170,346,SIE,PCCA,"THORNTON, BOOTSY",2FGA,Missed Two Pointer,0,156,200,C,,,,26,05:00,43,33,
2007,TS,15,170,359,PAR,PBFB,"TRIPKOVIC, UROS",3FGA,Missed Three Pointer,0,-297,610,J,,,,27,04:00,43,33,
2007,TS,15,170,366,SIE,PKWI,"MCINTYRE, TERRELL",2FGA,Missed Two Pointer,0,33,110,C,,,,28,03:00,43,33,
2007,TS,15,170,374,SIE,PCQO,"EZE, BENJAMIN",FTM,Free Throw In,1,-1,-1, ,,,,28,03:00,44,33,
2007,TS,15,170,384,SIE,PAPS,"ILIEVSKI, VLADO",2FGA,Missed Two Pointer,0,194,184,C,,,,29,02:00,44,33,
2007,TS,15,170,386,SIE,PBLH,"LAVRINOVIC, KSISTOF",3FGM,Three Pointer,3,684,2,A,,,,29,02:00,47,33,
2007,TS,15,170,389,PAR,PBFB,"TRIPKOVIC, UROS",3FGM,Three Pointer,3,358,561,G,,,,29,02:00,47,36,
2007,TS,15,170,396,SIE,PLMO,"SATO, ROMAIN",FTM,Free Throw In,1,-1,-1, ,,,,30,01:00,48,36,
2007,TS,15,170,397,PAR,PTGU,"PALACIO, MILT",2FGA,Missed Two Pointer,0,112,69,C,,,,30,01:00,48,36,
2007,TS,15,170,399,SIE,PLMO,"SATO, ROMAIN",3FGA,Missed Three Pointer,0,-666,202,F,,,,30,01:00,48,36,
2007,TS,15,170,401,SIE,PLMK,"CARRARETTO, MARCO",2FGA,Missed Two Pointer,0,-276,294,E,,,,30,01:00,48,36,
2007,TS,15,170,415,PAR,PKNN,"PEKOVIC, NIKOLA",2FGM,Two Pointer,2,120,148,C,,,,31,10:00,48,38,
2007,TS,15,170,419,SIE,PBLH,"LAVRINOVIC, KSISTOF",3FGM,Three Pointer,3,97,658,G,,,,31,10:00,51,38,
2007,TS,15,170,422,SIE,PKWI,"MCINTYRE, TERRELL",2FGM,Two Pointer,2,92,53,C,,,,31,10:00,53,38,
2007,TS,15,170,434,SIE,PBLH,"LAVRINOVIC, KSISTOF",2FGA,Missed Two Pointer,0,-161,51,D,,,,32,09:00,53,38,
2007,TS,15,170,444,SIE,PBLH,"LAVRINOVIC, KSISTOF",FTM,Free Throw In,1,-1,-1, ,,,,33,08:00,54,38,
2007,TS,15,170,453,SIE,PKWI,"MCINTYRE, TERRELL",3FGA,Missed Three Pointer,0,658,71,A,,,,33,08:00,54,38,
2007,TS,15,170,456,PAR,PBFB,"TRIPKOVIC, UROS",3FGM,Three Pointer,3,448,512,G,,,,33,08:00,54,41,
2007,TS,15,170,458,SIE,PAPS,"ILIEVSKI, VLADO",3FGA,Missed Three Pointer,0,425,556,G,,,,33,08:00,54,41,
2007,TS,15,170,461,PAR,PBFE,"KECMAN, DUSAN",2FGA,Missed Two Pointer,0,-133,530,I,,,,34,07:00,54,41,
2007,TS,15,170,470,PAR,PKNN,"PEKOVIC, NIKOLA",2FGA,Missed Two Pointer,0,-194,48,D,,,,34,07:00,54,41,
2007,TS,15,170,475,SIE,PCCA,"THORNTON, BOOTSY",FTM,Free Throw In,1,-1,-1, ,,,,34,07:00,55,41,
2007,TS,15,170,479,SIE,PBLH,"LAVRINOVIC, KSISTOF",2FGM,Two Pointer,2,87,41,C,,,,35,06:00,57,41,
2007,TS,15,170,487,SIE,PBLH,"LAVRINOVIC, KSISTOF",FTM,Free Throw In,1,-1,-1, ,,,,35,06:00,58,41,
2007,TS,15,170,488,PAR,PJNN,"VELICKOVIC, NOVICA",2FGM,Two Pointer,2,135,179,C,,,,35,06:00,58,43,
2007,TS,15,170,499,PAR,PJNN,"VELICKOVIC, NOVICA",FTM,Free Throw In,1,-1,-1, ,,,,36,05:00,58,44,
2007,TS,15,170,502,SIE,PJOC,"STONEROOK, SHAUN",3FGA,Missed Three Pointer,0,-674,-17,F,,,,36,05:00,58,44,
2007,TS,15,170,504,PAR,PLGH,"TEPIC, MILENKO",2FGA,Missed Two Pointer,0,-230,312,E,,,,36,05:00,58,44,
2007,TS,15,170,508,PAR,PBGJ,"VRANES, SLAVKO",FTM,Free Throw In,1,-1,-1, ,,,,36,05:00,58,45,
2007,TS,15,170,512,SIE,PJOC,"STONEROOK, SHAUN",2FGM,Two Pointer,2,12,71,C,,,,37,04:00,60,45,
2007,TS,15,170,513,PAR,PBFE,"KECMAN, DUSAN",2FGA,Missed Two Pointer,0,-112,102,D,,,,37,04:00,60,45,
2007,TS,15,170,517,SIE,PAPS,"ILIEVSKI, VLADO",FTM,Free Throw In,1,-1,-1, ,,,,37,04:00,61,45,
2007,TS,15,170,518,SIE,PAPS,"ILIEVSKI, VLADO",FTM,Free Throw In,1,-1,-1, ,,,,37,04:00,62,45,
2007,TS,15,170,523,PAR,PLGH,"TEPIC, MILENKO",3FGM,Three Pointer,3,-402,533,J,,,,37,04:00,62,48,
2007,TS,15,170,526,SIE,PJOC,"STONEROOK, SHAUN",2FGAB,Missed Two Pointer,0,187,407,B,,,,38,03:00,62,48,
2007,TS,15,170,530,SIE,PCCA,"THORNTON, BOOTSY",2FGA,Missed Two Pointer,0,84,66,C,,,,38,03:00,62,48,
2007,TS,15,170,534,SIE,PKWI,"MCINTYRE, TERRELL",3FGA,Missed Three Pointer,0,-210,638,J,,,,38,03:00,62,48,
2007,TS,15,170,543,SIE,PBLH,"LAVRINOVIC, KSISTOF",FTM,Free Throw In,1,-1,-1, ,,,,39,02:00,63,48,
2007,TS,15,170,544,SIE,PBLH,"LAVRINOVIC, KSISTOF",FTM,Free Throw In,1,-1,-1, ,,,,39,02:00,64,48,
2007,TS,15,170,551,SIE,PAPS,"ILIEVSKI, VLADO",FTM,Free Throw In,1,-1,-1, ,,,,39,02:00,65,48,
2007,TS,15,170,552,SIE,PAPS,"ILIEVSKI, VLADO",FTM,Free Throw In,1,-1,-1, ,,,,39,02:00,66,48,
2007,TS,15,170,554,PAR,PLGH,"TEPIC, MILENKO",3FGM,Three Pointer,3,-35,674,J,,,,39,02:00,66,51,
2007,TS,15,170,556,SIE,PAPS,"ILIEVSKI, VLADO",2FGM,Two Pointer,2,-94,43,D,,,,40,01:00,68,51,
2007,TS,15,170,557,PAR,PJNN,"VELICKOVIC, NOVICA",3FGM,Three Pointer,3,-441,494,J,,,,40,01:00,68,54,
2007,TS,15,170,562,SIE,PBLH,"LAVRINOVIC, KSISTOF",FTM,Free Throw In,1,-1,-1, ,,,,40,01:00,69,54,
2007,TS,15,170,565,SIE,PCCA,"THORNTON, BOOTSY",2FGM,Two Pointer,2,84,12,C,,,,40,01:00,71,54,
2007,TS,15,170,568,SIE,PCCA,"THORNTON, BOOTSY",3FGA,Missed Three Pointer,0,-233,625,J,,,,40,01:00,71,54,
2007,TS,15,171,2,LIE,PCOH,"PRICE, HOLLIS",3FGA,Missed Three Pointer,0,87,679,G,,,,1,10:00,0,0,
2007,TS,15,171,6,BAS,PANB,"RAKOCEVIC, IGOR",FTM,Free Throw In,1,-1,-1, ,,,,1,10:00,0,1,
2007,TS,15,171,7,BAS,PANB,"RAKOCEVIC, IGOR",FTM,Free Throw In,1,-1,-1, ,,,,1,10:00,0,2,
2007,TS,15,171,11,LIE,PTFL,"BAJRAMOVIC, KENAN",FTM,Free Throw In,1,-1,-1, ,,,,1,10:00,1,2,
2007,TS,15,171,13,BAS,PJTT,"MCDONALD, WILL",2FGM,Two Pointer,2,61,182,C,,,,2,09:00,1,4,
2007,TS,15,171,14,LIE,PTFL,"BAJRAMOVIC, KENAN",3FGM,Three Pointer,3,379,592,G,,,,2,09:00,4,4,
2007,TS,15,171,15,BAS,PANB,"RAKOCEVIC, IGOR",2FGM,Two Pointer,2,87,333,C,,,,2,09:00,4,6,
2007,TS,15,171,16,LIE,PBUU,"LUKAUSKIS, MINDAUGAS",2FGM,Two Pointer,2,84,28,C,,,,2,09:00,6,6,
2007,TS,15,171,21,BAS,PJTT,"MCDONALD, WILL",2FGA,Missed Two Pointer,0,2,179,D,,,,3,08:00,6,6,
2007,TS,15,171,25,LIE,PCOH,"PRICE, HOLLIS",FTM,Free Throw In,1,-1,-1, ,,,,3,08:00,7,6,
2007,TS,15,171,26,LIE,PCOH,"PRICE, HOLLIS",FTM,Free Throw In,1,-1,-1, ,,,,3,08:00,8,6,
2007,TS,15,171,28,BAS,PJWO,"MICKEAL, PETE",2FGM,Two Pointer,2,-256,100,E,,,,4,07:00,8,8,
2007,TS,15,171,33,BAS,PANB,"RAKOCEVIC, IGOR",2FGA,Missed Two Pointer,0,335,82,B,,,,4,07:00,8,8,
2007,TS,15,171,35,LIE,PTFL,"BAJRAMOVIC, KENAN",2FGM,Two Pointer,2,187,251,C,,,,4,07:00,10,8,
2007,TS,15,171,37,BAS,PJZJ,"TELETOVIC, MIRZA",3FGA,Missed Three Pointer,0,0,700,J,,,,5,06:00,10,8,
2007,TS,15,171,39,LIE,PBUU,"LUKAUSKIS, MINDAUGAS",3FGA,Missed Three Pointer,0,376,576,G,,,,5,06:00,10,8,
2007,TS,15,171,41,LIE,PLOC,"EIDSON, CHUCK",2FGA,Missed Two Pointer,0,282,438,H,,,,5,06:00,10,8,
2007,TS,15,171,47,BAS,PAFP,"PLANINIC, ZORAN",FTM,Free Throw In,1,-1,-1, ,,,,5,06:00,10,9,
2007,TS,15,171,55,BAS,PANB,"RAKOCEVIC, IGOR",2FGA,Missed Two Pointer,0,23,53,C,,,,6,05:00,10,9,
2007,TS,15,171,57,LIE,PKNS,"JOMANTAS, ARTURAS",2FGA,Missed Two Pointer,0,105,138,C,,,,6,05:00,10,9,
2007,TS,15,171,59,LIE,PLOK,"VROMAN, JACKSON",2FGM,Two Pointer,2,53,123,C,,,,6,05:00,12,9,
2007,TS,15,171,60,BAS,PJZJ,"TELETOVIC, MIRZA",3FGM,Three Pointer,3,-171,664,J,,,,6,05:00,12,12,
2007,TS,15,171,65,BAS,PAFP,"PLANINIC, ZORAN",2FGA,Missed Two Pointer,0,-256,30,D,,,,7,04:00,12,12,
2007,TS,15,171,69,BAS,PJTT,"MCDONALD, WILL",FTM,Free Throw In,1,-1,-1, ,,,,7,04:00,12,13,
2007,TS,15,171,72,LIE,PLOK,"VROMAN, JACKSON",2FGA,Missed Two Pointer,0,141,66,C,,,,7,04:00,12,13,
2007,TS,15,171,74,LIE,PTFL,"BAJRAMOVIC, KENAN",2FGA,Missed Two Pointer,0,156,61,C,,,,7,04:00,12,13,
2007,TS,15,171,76,BAS,PJZJ,"TELETOVIC, MIRZA",3FGA,Missed Three Pointer,0,-110,700,J,,,,7,04:00,12,13,
2007,TS,15,171,79,LIE,PTFL,"BAJRAMOVIC, KENAN",2FGA,Missed Two Pointer,0,-69,25,D,,,,8,03:00,12,13,
2007,TS,15,171,83,BAS,PJTT,"MCDONALD, WILL",FTM,Free Throw In,1,-1,-1, ,,,,8,03:00,12,14,
2007,TS,15,171,92,LIE,PTFL,"BAJRAMOVIC, KENAN",3FGA,Missed Three Pointer,0,-630,176,F,,,,8,03:00,12,14,
2007,TS,15,171,96,LIE,PCOH,"PRICE, HOLLIS",FTM,Free Throw In,1,-1,-1, ,,,,8,03:00,13,14,
2007,TS,15,171,100,LIE,PBUU,"LUKAUSKIS, MINDAUGAS",3FGM,Three Pointer,3,-307,607,J,,,,9,02:00,16,14,
2007,TS,15,171,107,BAS,PAFP,"PLANINIC, ZORAN",FTM,Free Throw In,1,-1,-1, ,,,,9,02:00,16,15,
2007,TS,15,171,108,BAS,PAFP,"PLANINIC, ZORAN",FTM,Free Throw In,1,-1,-1, ,,,,9,02:00,16,16,
2007,TS,15,171,109,LIE,PLOK,"VROMAN, JACKSON",2FGM,Two Pointer,2,-10,15,D,,,,9,02:00,18,16,
2007,TS,15,171,113,LIE,PBUU,"LUKAUSKIS, MINDAUGAS",2FGA,Missed Two Pointer,0,87,69,C,,,,9,02:00,18,16,
2007,TS,15,171,116,BAS,P000719,"MUONEKE, GABE",2FGA,Missed Two Pointer,0,33,53,C,,,,9,02:00,18,16,
2007,TS,15,171,118,BAS,PANB,"RAKOCEVIC, IGOR",3FGA,Missed Three Pointer,0,-448,520,J,,,,9,02:00,18,16,
2007,TS,15,171,121,BAS,PAFP,"PLANINIC, ZORAN",2FGM,Two Pointer,2,25,58,C,,,,10,01:00,18,18,
2007,TS,15,171,126,BAS,P000719,"MUONEKE, GABE",3FGA,Missed Three Pointer,0,-2,664,J,,,,11,10:00,18,18,
2007,TS,15,171,128,LIE,PCOH,"PRICE, HOLLIS",3FGA,Missed Three Pointer,0,282,635,G,,,,11,10:00,18,18,
2007,TS,15,171,130,BAS,PCBY,"SPLITTER, TIAGO",2FGM,Two Pointer,2,-53,41,D,,,,11,10:00,18,20,
2007,TS,15,171,139,BAS,PJWO,"MICKEAL, PETE",FTM,Free Throw In,1,-1,-1, ,,,,12,09:00,18,21,
2007,TS,15,171,140,BAS,PJWO,"MICKEAL, PETE",FTM,Free Throw In,1,-1,-1, ,,,,12,09:00,18,22,
2007,TS,15,171,141,LIE,PLOK,"VROMAN, JACKSON",2FGA,Missed Two Pointer,0,89,66,C,,,,12,09:00,18,22,
2007,TS,15,171,145,BAS,PJWO,"MICKEAL, PETE",FTM,Free Throw In,1,-1,-1, ,,,,12,09:00,18,23,
2007,TS,15,171,146,BAS,PJWO,"MICKEAL, PETE",FTM,Free Throw In,1,-1,-1, ,,,,12,09:00,18,24,
2007,TS,15,171,148,LIE,PLOK,"VROMAN, JACKSON",2FGA,Missed Two Pointer,0,107,64,C,,,,13,08:00,18,24,
2007,TS,15,171,150,BAS,P000719,"MUONEKE, GABE",2FGM,Two Pointer,2,-35,38,D,,,,13,08:00,18,26,
2007,TS,15,171,157,LIE,PCOH,"PRICE, HOLLIS",2FGM,Two Pointer,2,171,517,H,,,,13,08:00,20,26,
2007,TS,15,171,163,BAS,P000719,"MUONEKE, GABE",2FGM,Two Pointer,2,0,10,D,,,,14,07:00,20,28,
2007,TS,15,171,169,LIE,PJZN,"PETRAVICIUS, MARIJONAS",FTM,Free Throw In,1,-1,-1, ,,,,14,07:00,21,28,
2007,TS,15,171,170,LIE,PJZN,"PETRAVICIUS, MARIJONAS",FTM,Free Throw In,1,-1,-1, ,,,,14,07:00,22,28,
2007,TS,15,171,171,BAS,P000719,"MUONEKE, GABE",2FGM,Two Pointer,2,502,207,B,,,,14,07:00,22,30,
2007,TS,15,171,179,BAS,PCBY,"SPLITTER, TIAGO",2FGA,Missed Two Pointer,0,-2,12,D,,,,15,06:00,22,30,
2007,TS,15,171,181,LIE,PJZN,"PETRAVICIUS, MARIJONAS",2FGM,Two Pointer,2,94,69,C,,,,15,06:00,24,30,
2007,TS,15,171,186,BAS,PAJK,"VIDAL, SERGI",FTM,Free Throw In,1,-1,-1, ,,,,15,06:00,24,31,
2007,TS,15,171,190,BAS,P000719,"MUONEKE, GABE",3FGA,Missed Three Pointer,0,-25,692,J,,,,16,05:00,24,31,
2007,TS,15,171,192,LIE,PCOH,"PRICE, HOLLIS",3FGM,Three Pointer,3,-630,161,F,,,,16,05:00,27,31,
2007,TS,15,171,193,BAS,PCBY,"SPLITTER, TIAGO",2FGM,Two Pointer,2,-71,41,D,,,,16,05:00,27,33,
2007,TS,15,171,205,BAS,PCBY,"SPLITTER, TIAGO",FTM,Free Throw In,1,-1,-1, ,,,,17,04:00,27,34,
2007,TS,15,171,206,LIE,PTFL,"BAJRAMOVIC, KENAN",3FGA,Missed Three Pointer,0,56,682,G,,,,17,04:00,27,34,
2007,TS,15,171,208,BAS,PCBY,"SPLITTER, TIAGO",2FGM,Two Pointer,2,35,20,C,,,,17,04:00,27,36,
2007,TS,15,171,209,LIE,PLOK,"VROMAN, JACKSON",2FGA,Missed Two Pointer,0,-48,28,D,,,,17,04:00,27,36,
2007,TS,15,171,219,LIE,PKNS,"JOMANTAS, ARTURAS",2FGA,Missed Two Pointer,0,220,328,B,,,,18,03:00,27,36,
2007,TS,15,171,221,LIE,PTFL,"BAJRAMOVIC, KENAN",2FGM,Two Pointer,2,74,56,C,,,,18,03:00,29,36,
2007,TS,15,171,226,BAS,PAJK,"VIDAL, SERGI",FTM,Free Throw In,1,-1,-1, ,,,,18,03:00,29,37,
2007,TS,15,171,227,LIE,PLTT,"GECEVICIUS, MARTYNAS",2FGM,Two Pointer,2,458,169,B,,,,18,03:00,31,37,
2007,TS,15,171,229,BAS,PBVC,"JASAITIS, SIMAS",3FGM,Three Pointer,3,-515,489,J,,,,19,02:00,31,40,
2007,TS,15,171,233,LIE,PKNS,"JOMANTAS, ARTURAS",FTM,Free Throw In,1,-1,-1, ,,,,19,02:00,32,40,
2007,TS,15,171,234,LIE,PKNS,"JOMANTAS, ARTURAS",FTM,Free Throw In,1,-1,-1, ,,,,19,02:00,33,40,
2007,TS,15,171,235,BAS,PCBY,"SPLITTER, TIAGO",2FGA,Missed Two Pointer,0,-217,202,D,,,,19,02:00,33,40,
2007,TS,15,171,239,BAS,PCBX,"PRIGIONI, PABLO",2FGM,Two Pointer,2,-58,53,D,,,,19,02:00,33,42,
2007,TS,15,171,245,BAS,PCBY,"SPLITTER, TIAGO",2FGM,Two Pointer,2,53,33,C,,,,20,01:00,33,44,
2007,TS,15,171,248,BAS,PBVC,"JASAITIS, SIMAS",3FGA,Missed Three Pointer,0,-574,858,J,,,,20,01:00,33,44,
2007,TS,15,171,267,LIE,PJZN,"PETRAVICIUS, MARIJONAS",2FGA,Missed Two Pointer,0,-7,82,D,,,,21,10:00,33,44,
2007,TS,15,171,271,LIE,PBUU,"LUKAUSKIS, MINDAUGAS",3FGM,Three Pointer,3,-305,605,J,,,,21,10:00,36,44,
2007,TS,15,171,272,BAS,PANB,"RAKOCEVIC, IGOR",3FGM,Three Pointer,3,69,679,G,,,,21,10:00,36,47,
2007,TS,15,171,276,LIE,PLOC,"EIDSON, CHUCK",FTM,Free Throw In,1,-1,-1, ,,,,22,09:00,37,47,
2007,TS,15,171,277,LIE,PLOC,"EIDSON, CHUCK",FTM,Free Throw In,1,-1,-1, ,,,,22,09:00,38,47,
2007,TS,15,171,280,LIE,PTFL,"BAJRAMOVIC, KENAN",2FGM,Two Pointer,2,-66,41,D,,,,22,09:00,40,47,
2007,TS,15,171,284,LIE,PLOC,"EIDSON, CHUCK",2FGM,Two Pointer,2,-105,20,D,,,,22,09:00,42,47,
2007,TS,15,171,290,LIE,PTFL,"BAJRAMOVIC, KENAN",2FGAB,Missed Two Pointer,0,35,51,C,,,,22,09:00,42,47,
2007,TS,15,171,293,LIE,PTFL,"BAJRAMOVIC, KENAN",2FGAB,Missed Two Pointer,0,25,28,C,,,,22,09:00,42,47,
2007,TS,15,171,297,LIE,PJZN,"PETRAVICIUS, MARIJONAS",2FGM,Two Pointer,2,-89,71,D,,,,22,09:00,44,47,
2007,TS,15,171,301,BAS,PJWO,"MICKEAL, PETE",3FGA,Missed Three Pointer,0,-246,641,J,,,,23,08:00,44,47,
2007,TS,15,171,308,LIE,PJZN,"PETRAVICIUS, MARIJONAS",2FGM,Two Pointer,2,-30,48,D,,,,23,08:00,46,47,
2007,TS,15,171,314,LIE,PLOC,"EIDSON, CHUCK",2FGA,Missed Two Pointer,0,66,38,C,,,,24,07:00,46,47,
2007,TS,15,171,316,LIE,PJZN,"PETRAVICIUS, MARIJONAS",2FGA,Missed Two Pointer,0,-41,58,D,,,,24,07:00,46,47,
2007,TS,15,171,318,BAS,PAFP,"PLANINIC, ZORAN",2FGM,Two Pointer,2,-30,61,D,,,,24,07:00,46,49,
2007,TS,15,171,321,LIE,PBUU,"LUKAUSKIS, MINDAUGAS",FTM,Free Throw In,1,-1,-1, ,,,,24,07:00,47,49,
2007,TS,15,171,322,LIE,PBUU,"LUKAUSKIS, MINDAUGAS",FTM,Free Throw In,1,-1,-1, ,,,,24,07:00,48,49,
2007,TS,15,171,327,BAS,PJZJ,"TELETOVIC, MIRZA",3FGM,Three Pointer,3,669,-5,A,,,,24,07:00,48,52,
2007,TS,15,171,331,BAS,PJZJ,"TELETOVIC, MIRZA",3FGA,Missed Three Pointer,0,684,41,A,,,,25,06:00,48,52,
2007,TS,15,171,333,BAS,PJZJ,"TELETOVIC, MIRZA",2FGM,Two Pointer,2,51,17,C,,,,25,06:00,48,54,
2007,TS,15,171,338,BAS,PAFP,"PLANINIC, ZORAN",2FGM,Two Pointer,2,-46,33,D,,,,26,05:00,48,56,
2007,TS,15,171,340,LIE,PJZN,"PETRAVICIUS, MARIJONAS",2FGM,Two Pointer,2,48,448,H,,,,26,05:00,50,56,
2007,TS,15,171,342,BAS,PANB,"RAKOCEVIC, IGOR",2FGM,Two Pointer,2,294,28,B,,,,26,05:00,50,58,
2007,TS,15,171,343,LIE,PBUU,"LUKAUSKIS, MINDAUGAS",3FGA,Missed Three Pointer,0,556,382,A,,,,26,05:00,50,58,
2007,TS,15,171,345,LIE,PTFL,"BAJRAMOVIC, KENAN",2FGA,Missed Two Pointer,0,-76,28,D,,,,26,05:00,50,58,
2007,TS,15,171,347,LIE,PJZN,"PETRAVICIUS, MARIJONAS",2FGM,Two Pointer,2,-53,25,D,,,,26,05:00,52,58,
2007,TS,15,171,348,BAS,PAFP,"PLANINIC, ZORAN",2FGM,Two Pointer,2,-41,17,D,,,,26,05:00,52,60,
2007,TS,15,171,349,LIE,PCOH,"PRICE, HOLLIS",2FGM,Two Pointer,2,76,76,C,,,,26,05:00,54,60,
2007,TS,15,171,350,BAS,PJWO,"MICKEAL, PETE",2FGA,Missed Two Pointer,0,182,215,C,,,,26,05:00,54,60,
2007,TS,15,171,358,LIE,PCOH,"PRICE, HOLLIS",2FGM,Two Pointer,2,-71,17,D,,,,28,03:00,56,60,
2007,TS,15,171,362,LIE,PCOH,"PRICE, HOLLIS",2FGA,Missed Two Pointer,0,-241,115,D,,,,28,03:00,56,60,
2007,TS,15,171,364,BAS,PJZJ,"TELETOVIC, MIRZA",3FGM,Three Pointer,3,653,87,A,,,,28,03:00,56,63,
2007,TS,15,171,374,LIE,PKNS,"JOMANTAS, ARTURAS",FTM,Free Throw In,1,-1,-1, ,,,,29,02:00,57,63,
2007,TS,15,171,375,BAS,PCBY,"SPLITTER, TIAGO",2FGM,Two Pointer,2,-38,20,D,,,,29,02:00,57,65,
2007,TS,15,171,376,LIE,PLOC,"EIDSON, CHUCK",3FGA,Missed Three Pointer,0,233,646,G,,,,29,02:00,57,65,
2007,TS,15,171,378,BAS,PJZJ,"TELETOVIC, MIRZA",3FGA,Missed Three Pointer,0,-633,151,F,,,,29,02:00,57,65,
2007,TS,15,171,380,LIE,PBUX,"SLEZAS, ANDRIUS",3FGA,Missed Three Pointer,0,648,2,A,,,,29,02:00,57,65,
2007,TS,15,171,382,BAS,PCBY,"SPLITTER, TIAGO",2FGA,Missed Two Pointer,0,102,117,C,,,,29,02:00,57,65,
2007,TS,15,171,391,BAS,PAJK,"VIDAL, SERGI",3FGA,Missed Three Pointer,0,-587,310,F,,,,31,10:00,57,65,
2007,TS,15,171,397,LIE,PLOC,"EIDSON, CHUCK",2FGA,Missed Two Pointer,0,-238,271,E,,,,31,10:00,57,65,
2007,TS,15,171,399,LIE,PLOC,"EIDSON, CHUCK",2FGA,Missed Two Pointer,0,25,69,C,,,,31,10:00,57,65,
2007,TS,15,171,407,BAS,PCBY,"SPLITTER, TIAGO",FTM,Free Throw In,1,-1,-1, ,,,,32,09:00,57,66,
2007,TS,15,171,408,LIE,PCOH,"PRICE, HOLLIS",2FGM,Two Pointer,2,-297,135,E,,,,32,09:00,59,66,
2007,TS,15,171,409,BAS,PCBY,"SPLITTER, TIAGO",2FGAB,Missed Two Pointer,0,89,30,C,,,,32,09:00,59,66,
2007,TS,15,171,413,LIE,PCOH,"PRICE, HOLLIS",3FGM,Three Pointer,3,-220,643,J,,,,32,09:00,62,66,
2007,TS,15,171,418,BAS,PCBX,"PRIGIONI, PABLO",FTM,Free Throw In,1,-1,-1, ,,,,33,08:00,62,67,
2007,TS,15,171,422,BAS,PAJK,"VIDAL, SERGI",2FGAB,Missed Two Pointer,0,92,64,C,,,,33,08:00,62,67,
2007,TS,15,171,426,BAS,PCBX,"PRIGIONI, PABLO",2FGM,Two Pointer,2,264,171,B,,,,33,08:00,62,69,
2007,TS,15,171,431,LIE,PKNS,"JOMANTAS, ARTURAS",2FGM,Two Pointer,2,210,248,C,,,,33,08:00,64,69,
2007,TS,15,171,438,BAS,PAJK,"VIDAL, SERGI",3FGM,Three Pointer,3,28,702,G,,,,34,07:00,64,72,
2007,TS,15,171,444,LIE,PJZN,"PETRAVICIUS, MARIJONAS",FTM,Free Throw In,1,-1,-1, ,,,,34,07:00,65,72,
2007,TS,15,171,445,LIE,PJZN,"PETRAVICIUS, MARIJONAS",FTM,Free Throw In,1,-1,-1, ,,,,34,07:00,66,72,
2007,TS,15,171,449,LIE,PBUU,"LUKAUSKIS, MINDAUGAS",2FGA,Missed Two Pointer,0,-74,38,D,,,,35,06:00,66,72,
2007,TS,15,171,450,BAS,PCBY,"SPLITTER, TIAGO",2FGM,Two Pointer,2,12,-5,C,,,,35,06:00,66,74,
2007,TS,15,171,452,LIE,PCOH,"PRICE, HOLLIS",3FGM,Three Pointer,3,-515,489,J,,,,35,06:00,69,74,
2007,TS,15,171,453,BAS,PCBY,"SPLITTER, TIAGO",2FGM,Two Pointer,2,69,102,C,,,,35,06:00,69,76,
2007,TS,15,171,455,LIE,PCOH,"PRICE, HOLLIS",2FGA,Missed Two Pointer,0,-102,74,D,,,,36,05:00,69,76,
2007,TS,15,171,457,LIE,PJZN,"PETRAVICIUS, MARIJONAS",2FGM,Two Pointer,2,48,30,C,,,,36,05:00,71,76,
2007,TS,15,171,458,BAS,PCBX,"PRIGIONI, PABLO",3FGA,Missed Three Pointer,0,374,571,G,,,,36,05:00,71,76,
2007,TS,15,171,466,BAS,PCBY,"SPLITTER, TIAGO",FTM,Free Throw In,1,-1,-1, ,,,,36,05:00,71,77,
2007,TS,15,171,468,BAS,P000719,"MUONEKE, GABE",3FGM,Three Pointer,3,15,661,G,,,,37,04:00,71,80,
2007,TS,15,171,474,BAS,PAJK,"VIDAL, SERGI",FTM,Free Throw In,1,-1,-1, ,,,,37,04:00,71,81,
2007,TS,15,171,477,LIE,PCOH,"PRICE, HOLLIS",3FGM,Three Pointer,3,-297,617,J,,,,37,04:00,74,81,
2007,TS,15,171,481,LIE,PJZN,"PETRAVICIUS, MARIJONAS",2FGA,Missed Two Pointer,0,35,5,C,,,,38,03:00,74,81,
2007,TS,15,171,483,BAS,PCBY,"SPLITTER, TIAGO",2FGA,Missed Two Pointer,0,156,153,C,,,,38,03:00,74,81,
2007,TS,15,171,492,LIE,PTFL,"BAJRAMOVIC, KENAN",FTM,Free Throw In,1,-1,-1, ,,,,39,02:00,75,81,
2007,TS,15,171,493,LIE,PTFL,"BAJRAMOVIC, KENAN",FTM,Free Throw In,1,-1,-1, ,,,,39,02:00,76,81,
2007,TS,15,171,498,LIE,PTFL,"BAJRAMOVIC, KENAN",3FGA,Missed Three Pointer,0,135,653,G,,,,39,02:00,76,81,
2007,TS,15,171,500,BAS,PANB,"RAKOCEVIC, IGOR",3FGA,Missed Three Pointer,0,69,682,G,,,,39,02:00,76,81,
2007,TS,15,171,503,LIE,PJZN,"PETRAVICIUS, MARIJONAS",2FGM,Two Pointer,2,-64,46,D,,,,40,01:00,78,81,
2007,TS,15,171,506,BAS,PJZJ,"TELETOVIC, MIRZA",3FGA,Missed Three Pointer,0,-323,630,J,,,,40,01:00,78,81,
2007,TS,15,171,508,BAS,PJWO,"MICKEAL, PETE",2FGM,Two Pointer,2,30,61,C,,,,40,01:00,78,83,
2007,TS,15,171,511,LIE,PTFL,"BAJRAMOVIC, KENAN",3FGM,Three Pointer,3,-671,-7,F,,,,40,01:00,81,83,
2007,TS,15,171,526,BAS,PJWO,"MICKEAL, PETE",FTM,Free Throw In,1,-1,-1, ,,,,40,01:00,81,84,
2007,TS,15,171,527,LIE,PCOH,"PRICE, HOLLIS",3FGA,Missed Three Pointer,0,-584,497,J,,,,40,01:00,81,84,
2007,TS,15,172,5,ARI,PBDH,"MOTTOLA, HANNO",FTM,Free Throw In,1,-1,-1, ,,,,1,10:00,1,0,
2007,TS,15,172,6,ARI,PBDH,"MOTTOLA, HANNO",FTM,Free Throw In,1,-1,-1, ,,,,1,10:00,2,0,
2007,TS,15,172,9,ULK,PTFI,"VIDMAR, GASPER",2FGM,Two Pointer,2,58,35,C,,,,1,10:00,2,2,
2007,TS,15,172,11,ARI,PLGV,"MASSEY, JEREMIAH",2FGA,Missed Two Pointer,0,12,71,C,,,,1,10:00,2,2,
2007,TS,15,172,13,ULK,PJPF,"SAVAS, OGUZ",2FGA,Missed Two Pointer,0,-10,56,D,,,,1,10:00,2,2,
2007,TS,15,172,15,ULK,PJPF,"SAVAS, OGUZ",2FGM,Two Pointer,2,12,51,C,,,,1,10:00,2,4,
2007,TS,15,172,18,ULK,PJPF,"SAVAS, OGUZ",2FGM,Two Pointer,2,48,17,C,,,,2,09:00,2,6,
2007,TS,15,172,19,ARI,PLSZ,"WASHINGTON, DARIUS",2FGA,Missed Two Pointer,0,-79,41,D,,,,2,09:00,2,6,
2007,TS,15,172,21,ARI,PLSZ,"WASHINGTON, DARIUS",2FGA,Missed Two Pointer,0,-66,33,D,,,,2,09:00,2,6,
2007,TS,15,172,23,ULK,PTFH,"PRELDZIC, EMIR",2FGA,Missed Two Pointer,0,51,43,C,,,,2,09:00,2,6,
2007,TS,15,172,25,ARI,PLSZ,"WASHINGTON, DARIUS",3FGM,Three Pointer,3,446,564,G,,,,2,09:00,5,6,
2007,TS,15,172,29,ULK,PARO,"ONAN, OMER",2FGM,Two Pointer,2,-66,35,D,,,,3,08:00,5,8,
2007,TS,15,172,32,ARI,PBDH,"MOTTOLA, HANNO",2FGA,Missed Two Pointer,0,-58,53,D,,,,3,08:00,5,8,
2007,TS,15,172,34,ULK,PJPF,"SAVAS, OGUZ",2FGM,Two Pointer,2,48,17,C,,,,3,08:00,5,10,
2007,TS,15,172,39,ARI,PBDH,"MOTTOLA, HANNO",3FGM,Three Pointer,3,276,661,G,,,,4,07:00,8,10,
2007,TS,15,172,41,ULK,PCOS,"SOLOMON, WILLIE",2FGM,Two Pointer,2,-10,520,I,,,,4,07:00,8,12,
2007,TS,15,172,43,ARI,PLGV,"MASSEY, JEREMIAH",3FGA,Missed Three Pointer,0,10,717,G,,,,5,06:00,8,12,
2007,TS,15,172,54,ULK,PTFH,"PRELDZIC, EMIR",2FGM,Two Pointer,2,7,64,C,,,,5,06:00,8,14,
2007,TS,15,172,56,ARI,PTEM,"WRIGHT, BRACEY",2FGM,Two Pointer,2,-346,592,J,,,,5,06:00,10,14,
2007,TS,15,172,64,ULK,PARO,"ONAN, OMER",2FGA,Missed Two Pointer,0,353,282,B,,,,6,05:00,10,14,
2007,TS,15,172,66,ARI,PTEM,"WRIGHT, BRACEY",2FGA,Missed Two Pointer,0,51,51,C,,,,6,05:00,10,14,
2007,TS,15,172,71,ULK,PCOS,"SOLOMON, WILLIE",2FGM,Two Pointer,2,-15,71,D,,,,6,05:00,10,16,
2007,TS,15,172,75,ARI,PLGV,"MASSEY, JEREMIAH",FTM,Free Throw In,1,-1,-1, ,,,,6,05:00,11,16,
2007,TS,15,172,79,ARI,PAPI,"KALAITZIS, GEORGIOS",2FGAB,Missed Two Pointer,0,51,46,C,,,,7,04:00,11,16,
2007,TS,15,172,87,ULK,P000709,"ASIK, OMER FARUK",2FGAB,Missed Two Pointer,0,0,64,D,,,,7,04:00,11,16,
2007,TS,15,172,93,ARI,PTEM,"WRIGHT, BRACEY",FTM,Free Throw In,1,-1,-1, ,,,,7,04:00,12,16,
2007,TS,15,172,94,ARI,PTEM,"WRIGHT, BRACEY",FTM,Free Throw In,1,-1,-1, ,,,,7,04:00,13,16,
2007,TS,15,172,100,ARI,PLGV,"MASSEY, JEREMIAH",2FGA,Missed Two Pointer,0,-48,46,D,,,,7,04:00,13,16,
2007,TS,15,172,103,ULK,PLGA,"KAAN, DAMIR",3FGM,Three Pointer,3,389,582,G,,,,8,03:00,13,19,
2007,TS,15,172,104,ARI,PTEO,"TERRY, REYSHAWN",2FGA,Missed Two Pointer,0,525,10,B,,,,8,03:00,13,19,
2007,TS,15,172,106,ULK,PJYB,"ERDEN, SEMIH",2FGM,Two Pointer,2,-276,48,E,,,,8,03:00,13,21,
2007,TS,15,172,110,ARI,PLSZ,"WASHINGTON, DARIUS",2FGM,Two Pointer,2,-76,28,D,,,,9,02:00,15,21,
2007,TS,15,172,115,ARI,PLSZ,"WASHINGTON, DARIUS",FTM,Free Throw In,1,-1,-1, ,,,,9,02:00,16,21,
2007,TS,15,172,116,ULK,P000709,"ASIK, OMER FARUK",2FGM,Two Pointer,2,-46,43,D,,,,9,02:00,16,23,
2007,TS,15,172,120,ULK,P000709,"ASIK, OMER FARUK",FTM,Free Throw In,1,-1,-1, ,,,,9,02:00,16,24,
2007,TS,15,172,121,ARI,PTEM,"WRIGHT, BRACEY",3FGM,Three Pointer,3,482,497,G,,,,9,02:00,19,24,
2007,TS,15,172,125,ULK,PTFH,"PRELDZIC, EMIR",FTM,Free Throw In,1,-1,-1, ,,,,10,01:00,19,25,
2007,TS,15,172,128,ULK,P000709,"ASIK, OMER FARUK",2FGM,Two Pointer,2,17,71,C,,,,10,01:00,19,27,
2007,TS,15,172,131,ULK,PLGA,"KAAN, DAMIR",2FGM,Two Pointer,2,35,74,C,,,,10,01:00,19,29,
2007,TS,15,172,138,ARI,PTEO,"TERRY, REYSHAWN",FTM,Free Throw In,1,-1,-1, ,,,,10,01:00,20,29,
2007,TS,15,172,139,ARI,PTEO,"TERRY, REYSHAWN",FTM,Free Throw In,1,-1,-1, ,,,,10,01:00,21,29,
2007,TS,15,172,146,ULK,PLGA,"KAAN, DAMIR",3FGA,Missed Three Pointer,0,458,523,G,,,,11,10:00,21,29,
2007,TS,15,172,148,ARI,PTEO,"TERRY, REYSHAWN",2FGA,Missed Two Pointer,0,66,38,C,,,,11,10:00,21,29,
2007,TS,15,172,150,ARI,PLGV,"MASSEY, JEREMIAH",2FGM,Two Pointer,2,35,51,C,,,,11,10:00,23,29,
2007,TS,15,172,151,ULK,PARO,"ONAN, OMER",3FGA,Missed Three Pointer,0,-69,674,J,,,,11,10:00,23,29,
2007,TS,15,172,154,ARI,PLGV,"MASSEY, JEREMIAH",2FGM,Two Pointer,2,46,46,C,,,,12,09:00,25,29,
2007,TS,15,172,155,ULK,PLGA,"KAAN, DAMIR",3FGM,Three Pointer,3,243,628,G,,,,12,09:00,25,32,
2007,TS,15,172,156,ARI,PLSZ,"WASHINGTON, DARIUS",2FGA,Missed Two Pointer,0,-15,84,D,,,,12,09:00,25,32,
2007,TS,15,172,171,ULK,PTHC,"WHITE, JAMES",2FGM,Two Pointer,2,-69,5,D,,,,13,08:00,25,34,
2007,TS,15,172,181,ARI,PLGM,"TSALDARIS, DIMITRIOS",FTM,Free Throw In,1,-1,-1, ,,,,13,08:00,26,34,
2007,TS,15,172,182,ARI,PLGM,"TSALDARIS, DIMITRIOS",FTM,Free Throw In,1,-1,-1, ,,,,13,08:00,27,34,
2007,TS,15,172,183,ARI,PLGM,"TSALDARIS, DIMITRIOS",2FGM,Two Pointer,2,325,156,B,,,,13,08:00,29,34,
2007,TS,15,172,189,ULK,P000738,"KINSEY, TARENCE",2FGAB,Missed Two Pointer,0,148,23,C,,,,13,08:00,29,34,
2007,TS,15,172,191,ULK,P000738,"KINSEY, TARENCE",2FGAB,Missed Two Pointer,0,58,2,C,,,,13,08:00,29,34,
2007,TS,15,172,197,ULK,PCOS,"SOLOMON, WILLIE",3FGM,Three Pointer,3,664,138,A,,,,14,07:00,29,37,
2007,TS,15,172,203,ULK,PTFI,"VIDMAR, GASPER",2FGA,Missed Two Pointer,0,76,20,C,,,,14,07:00,29,37,
2007,TS,15,172,205,ARI,PAPT,"BOISA, VLADIMER",3FGM,Three Pointer,3,597,374,A,,,,14,07:00,32,37,
2007,TS,15,172,209,ULK,PTHC,"WHITE, JAMES",3FGA,Missed Three Pointer,0,676,138,A,,,,15,06:00,32,37,
2007,TS,15,172,220,ULK,P000738,"KINSEY, TARENCE",2FGA,Missed Two Pointer,0,376,79,B,,,,15,06:00,32,37,
2007,TS,15,172,222,ULK,PCOS,"SOLOMON, WILLIE",2FGA,Missed Two Pointer,0,2,423,D,,,,15,06:00,32,37,
2007,TS,15,172,224,ULK,PTHC,"WHITE, JAMES",2FGM,Two Pointer,2,0,51,D,,,,15,06:00,32,39,
2007,TS,15,172,226,ARI,PLGV,"MASSEY, JEREMIAH",2FGM,Two Pointer,2,71,56,C,,,,16,05:00,34,39,
2007,TS,15,172,229,ARI,PAPT,"BOISA, VLADIMER",3FGA,Missed Three Pointer,0,682,51,A,,,,16,05:00,34,39,
2007,TS,15,172,232,ULK,PJPF,"SAVAS, OGUZ",2FGAB,Missed Two Pointer,0,-71,69,D,,,,16,05:00,34,39,
2007,TS,15,172,235,ARI,PLSZ,"WASHINGTON, DARIUS",2FGM,Two Pointer,2,12,69,C,,,,16,05:00,36,39,
2007,TS,15,172,245,ARI,PLSZ,"WASHINGTON, DARIUS",3FGM,Three Pointer,3,294,643,G,,,,17,04:00,39,39,
2007,TS,15,172,247,ULK,P000738,"KINSEY, TARENCE",2FGM,Two Pointer,2,-23,364,D,,,,17,04:00,39,41,
2007,TS,15,172,256,ARI,PAPT,"BOISA, VLADIMER",3FGA,Missed Three Pointer,0,-666,28,F,,,,18,03:00,39,41,
2007,TS,15,172,260,ULK,PTHC,"WHITE, JAMES",2FGM,Two Pointer,2,-28,61,D,,,,18,03:00,39,43,
2007,TS,15,172,262,ARI,PLGV,"MASSEY, JEREMIAH",2FGM,Two Pointer,2,-23,64,D,,,,19,02:00,41,43,
2007,TS,15,172,266,ARI,PLGV,"MASSEY, JEREMIAH",2FGA,Missed Two Pointer,0,-30,66,D,,,,19,02:00,41,43,
2007,TS,15,172,268,ULK,PCOS,"SOLOMON, WILLIE",3FGA,Missed Three Pointer,0,5,666,G,,,,19,02:00,41,43,
2007,TS,15,172,270,ULK,PCOS,"SOLOMON, WILLIE",3FGM,Three Pointer,3,435,512,G,,,,19,02:00,41,46,
2007,TS,15,172,272,ARI,PTEM,"WRIGHT, BRACEY",2FGA,Missed Two Pointer,0,317,212,B,,,,19,02:00,41,46,
2007,TS,15,172,277,ULK,PCOS,"SOLOMON, WILLIE",FTM,Free Throw In,1,-1,-1, ,,,,20,01:00,41,47,
2007,TS,15,172,278,ULK,PCOS,"SOLOMON, WILLIE",FTM,Free Throw In,1,-1,-1, ,,,,20,01:00,41,48,
2007,TS,15,172,279,ARI,PTEM,"WRIGHT, BRACEY",3FGA,Missed Three Pointer,0,-446,530,J,,,,20,01:00,41,48,
2007,TS,15,172,283,ARI,PLSZ,"WASHINGTON, DARIUS",3FGA,Missed Three Pointer,0,38,679,G,,,,20,01:00,41,48,
2007,TS,15,172,285,ARI,PKRF,"ILIADIS, SAVVAS",2FGM,Two Pointer,2,56,15,C,,,,20,01:00,43,48,
2007,TS,15,172,288,ULK,P000738,"KINSEY, TARENCE",FTM,Free Throw In,1,-1,-1, ,,,,20,01:00,43,49,
2007,TS,15,172,289,ULK,P000738,"KINSEY, TARENCE",FTM,Free Throw In,1,-1,-1, ,,,,20,01:00,43,50,
2007,TS,15,172,296,ARI,PLGV,"MASSEY, JEREMIAH",2FGAB,Missed Two Pointer,0,-71,15,D,,,,21,10:00,43,50,
2007,TS,15,172,300,ARI,PAPT,"BOISA, VLADIMER",2FGA,Missed Two Pointer,0,-12,512,I,,,,21,10:00,43,50,
2007,TS,15,172,304,ULK,PJYB,"ERDEN, SEMIH",FTM,Free Throw In,1,-1,-1, ,,,,21,10:00,43,51,
2007,TS,15,172,305,ULK,PJYB,"ERDEN, SEMIH",FTM,Free Throw In,1,-1,-1, ,,,,21,10:00,43,52,
2007,TS,15,172,306,ARI,PLGV,"MASSEY, JEREMIAH",3FGA,Missed Three Pointer,0,664,-33,A,,,,21,10:00,43,52,
2007,TS,15,172,311,ARI,PTEM,"WRIGHT, BRACEY",2FGA,Missed Two Pointer,0,271,364,B,,,,22,09:00,43,52,
2007,TS,15,172,313,ULK,PCOS,"SOLOMON, WILLIE",3FGM,Three Pointer,3,-94,687,J,,,,22,09:00,43,55,
2007,TS,15,172,319,ULK,PCOS,"SOLOMON, WILLIE",3FGA,Missed Three Pointer,0,474,525,G,,,,22,09:00,43,55,
2007,TS,15,172,325,ULK,P000738,"KINSEY, TARENCE",FTM,Free Throw In,1,-1,-1, ,,,,22,09:00,43,56,
2007,TS,15,172,326,ULK,P000738,"KINSEY, TARENCE",FTM,Free Throw In,1,-1,-1, ,,,,22,09:00,43,57,
2007,TS,15,172,328,ARI,PTEO,"TERRY, REYSHAWN",3FGM,Three Pointer,3,-441,543,J,,,,23,08:00,46,57,
2007,TS,15,172,330,ULK,PJYB,"ERDEN, SEMIH",2FGM,Two Pointer,2,76,38,C,,,,23,08:00,46,59,
2007,TS,15,172,332,ARI,PTEO,"TERRY, REYSHAWN",3FGM,Three Pointer,3,-71,674,J,,,,23,08:00,49,59,
2007,TS,15,172,335,ULK,PCOS,"SOLOMON, WILLIE",3FGA,Missed Three Pointer,0,446,535,G,,,,24,07:00,49,59,
2007,TS,15,172,337,ARI,PTEO,"TERRY, REYSHAWN",2FGM,Two Pointer,2,-51,46,D,,,,24,07:00,51,59,
2007,TS,15,172,339,ULK,P000738,"KINSEY, TARENCE",3FGA,Missed Three Pointer,0,323,587,G,,,,24,07:00,51,59,
2007,TS,15,172,341,ARI,PLGV,"MASSEY, JEREMIAH",3FGA,Missed Three Pointer,0,-46,661,J,,,,24,07:00,51,59,
2007,TS,15,172,343,ULK,PJYB,"ERDEN, SEMIH",2FGM,Two Pointer,2,-56,23,D,,,,24,07:00,51,61,
2007,TS,15,172,348,ULK,PJYB,"ERDEN, SEMIH",FTM,Free Throw In,1,-1,-1, ,,,,24,07:00,51,62,
2007,TS,15,172,352,ARI,PLSZ,"WASHINGTON, DARIUS",3FGA,Missed Three Pointer,0,-10,651,J,,,,24,07:00,51,62,
2007,TS,15,172,356,ULK,PTHC,"WHITE, JAMES",2FGA,Missed Two Pointer,0,402,394,B,,,,25,06:00,51,62,
2007,TS,15,172,360,ARI,PTEO,"TERRY, REYSHAWN",3FGA,Missed Three Pointer,0,617,361,A,,,,25,06:00,51,62,
2007,TS,15,172,364,ULK,P000738,"KINSEY, TARENCE",2FGM,Two Pointer,2,-23,76,D,,,,25,06:00,51,64,
2007,TS,15,172,366,ARI,PTEM,"WRIGHT, BRACEY",3FGA,Missed Three Pointer,0,464,510,G,,,,26,05:00,51,64,
2007,TS,15,172,368,ARI,PTEM,"WRIGHT, BRACEY",2FGM,Two Pointer,2,56,30,C,,,,26,05:00,53,64,
2007,TS,15,172,374,ARI,PTEO,"TERRY, REYSHAWN",3FGA,Missed Three Pointer,0,-682,-69,F,,,,27,04:00,53,64,
2007,TS,15,172,376,ARI,PTEM,"WRIGHT, BRACEY",2FGAB,Missed Two Pointer,0,-69,15,D,,,,27,04:00,53,64,
2007,TS,15,172,380,ARI,PTEO,"TERRY, REYSHAWN",2FGAB,Missed Two Pointer,0,64,48,C,,,,27,04:00,53,64,
2007,TS,15,172,384,ARI,PLGV,"MASSEY, JEREMIAH",2FGM,Two Pointer,2,23,10,C,,,,27,04:00,55,64,
2007,TS,15,172,391,ULK,P000709,"ASIK, OMER FARUK",2FGM,Two Pointer,2,51,43,C,,,,27,04:00,55,66,
2007,TS,15,172,396,ARI,PBDH,"MOTTOLA, HANNO",3FGA,Missed Three Pointer,0,-692,-20,F,,,,27,04:00,55,66,
2007,TS,15,172,399,ULK,PTFH,"PRELDZIC, EMIR",2FGA,Missed Two Pointer,0,-71,38,D,,,,28,03:00,55,66,
2007,TS,15,172,405,ARI,PBDH,"MOTTOLA, HANNO",2FGA,Missed Two Pointer,0,5,58,C,,,,28,03:00,55,66,
2007,TS,15,172,411,ULK,PJPF,"SAVAS, OGUZ",FTM,Free Throw In,1,-1,-1, ,,,,29,02:00,55,67,
2007,TS,15,172,412,ARI,PTEM,"WRIGHT, BRACEY",3FGM,Three Pointer,3,571,369,A,,,,29,02:00,58,67,
2007,TS,15,172,414,ULK,PTFH,"PRELDZIC, EMIR",3FGM,Three Pointer,3,417,561,G,,,,29,02:00,58,70,
2007,TS,15,172,419,ARI,PLSZ,"WASHINGTON, DARIUS",FTM,Free Throw In,1,-1,-1, ,,,,30,01:00,59,70,
2007,TS,15,172,420,ARI,PLSZ,"WASHINGTON, DARIUS",FTM,Free Throw In,1,-1,-1, ,,,,30,01:00,60,70,
2007,TS,15,172,421,ULK,PJYB,"ERDEN, SEMIH",2FGA,Missed Two Pointer,0,338,28,B,,,,30,01:00,60,70,
2007,TS,15,172,423,ULK,PLGA,"KAAN, DAMIR",3FGA,Missed Three Pointer,0,-456,502,J,,,,30,01:00,60,70,
2007,TS,15,172,425,ARI,PLGM,"TSALDARIS, DIMITRIOS",3FGA,Missed Three Pointer,0,-682,-46,F,,,,30,01:00,60,70,
2007,TS,15,172,437,ARI,PLSZ,"WASHINGTON, DARIUS",2FGM,Two Pointer,2,7,66,C,,,,31,10:00,62,70,
2007,TS,15,172,441,ARI,PLGV,"MASSEY, JEREMIAH",2FGM,Two Pointer,2,48,48,C,,,,31,10:00,64,70,
2007,TS,15,172,442,ULK,P000738,"KINSEY, TARENCE",2FGA,Missed Two Pointer,0,105,148,C,,,,31,10:00,64,70,
2007,TS,15,172,447,ULK,P000738,"KINSEY, TARENCE",2FGA,Missed Two Pointer,0,402,294,B,,,,32,09:00,64,70,
2007,TS,15,172,449,ARI,PTEO,"TERRY, REYSHAWN",3FGA,Missed Three Pointer,0,66,666,G,,,,32,09:00,64,70,
2007,TS,15,172,455,ULK,P000738,"KINSEY, TARENCE",2FGM,Two Pointer,2,-7,64,D,,,,32,09:00,64,72,
2007,TS,15,172,457,ARI,PLSZ,"WASHINGTON, DARIUS",2FGAB,Missed Two Pointer,0,-79,46,D,,,,33,08:00,64,72,
2007,TS,15,172,461,ARI,PLSZ,"WASHINGTON, DARIUS",2FGA,Missed Two Pointer,0,-46,28,D,,,,33,08:00,64,72,
2007,TS,15,172,463,ARI,PTEO,"TERRY, REYSHAWN",2FGM,Two Pointer,2,35,64,C,,,,33,08:00,66,72,
2007,TS,15,172,471,ARI,PTEM,"WRIGHT, BRACEY",2FGA,Missed Two Pointer,0,223,466,H,,,,33,08:00,66,72,
2007,TS,15,172,474,ARI,PTEO,"TERRY, REYSHAWN",2FGA,Missed Two Pointer,0,46,64,C,,,,34,07:00,66,72,
2007,TS,15,172,476,ARI,PLGV,"MASSEY, JEREMIAH",2FGAB,Missed Two Pointer,0,-28,61,D,,,,34,07:00,66,72,
2007,TS,15,172,489,ARI,PLGV,"MASSEY, JEREMIAH",2FGM,Two Pointer,2,79,0,C,,,,34,07:00,68,72,
2007,TS,15,172,494,ULK,PJPF,"SAVAS, OGUZ",2FGM,Two Pointer,2,-84,58,D,,,,35,06:00,68,74,
2007,TS,15,172,495,ARI,PTEM,"WRIGHT, BRACEY",3FGM,Three Pointer,3,-602,335,F,,,,35,06:00,71,74,
2007,TS,15,172,497,ULK,PCOS,"SOLOMON, WILLIE",3FGM,Three Pointer,3,689,38,A,,,,35,06:00,71,77,
2007,TS,15,172,499,ARI,PLGM,"TSALDARIS, DIMITRIOS",3FGM,Three Pointer,3,684,61,A,,,,35,06:00,74,77,
2007,TS,15,172,502,ULK,PCOS,"SOLOMON, WILLIE",3FGA,Missed Three Pointer,0,-494,474,J,,,,36,05:00,74,77,
2007,TS,15,172,508,ARI,PLSZ,"WASHINGTON, DARIUS",FTM,Free Throw In,1,-1,-1, ,,,,36,05:00,75,77,
2007,TS,15,172,516,ARI,PAPI,"KALAITZIS, GEORGIOS",2FGM,Two Pointer,2,25,174,C,,,,36,05:00,77,77,
2007,TS,15,172,518,ULK,PTFH,"PRELDZIC, EMIR",2FGM,Two Pointer,2,430,-51,B,,,,37,04:00,77,79,
2007,TS,15,172,519,ARI,PLGV,"MASSEY, JEREMIAH",2FGA,Missed Two Pointer,0,66,35,C,,,,37,04:00,77,79,
2007,TS,15,172,527,ULK,PTFH,"PRELDZIC, EMIR",FTM,Free Throw In,1,-1,-1, ,,,,37,04:00,77,80,
2007,TS,15,172,528,ULK,PTFH,"PRELDZIC, EMIR",FTM,Free Throw In,1,-1,-1, ,,,,37,04:00,77,81,
2007,TS,15,172,529,ARI,PLGV,"MASSEY, JEREMIAH",2FGM,Two Pointer,2,25,38,C,,,,37,04:00,79,81,
2007,TS,15,172,532,ULK,PCOS,"SOLOMON, WILLIE",2FGM,Two Pointer,2,-43,30,D,,,,38,03:00,79,83,
2007,TS,15,172,537,ARI,PAPI,"KALAITZIS, GEORGIOS",FTM,Free Throw In,1,-1,-1, ,,,,38,03:00,80,83,
2007,TS,15,172,541,ULK,PJYB,"ERDEN, SEMIH",FTM,Free Throw In,1,-1,-1, ,,,,38,03:00,80,84,
2007,TS,15,172,544,ARI,PLGM,"TSALDARIS, DIMITRIOS",2FGM,Two Pointer,2,-61,-5,D,,,,38,03:00,82,84,
2007,TS,15,172,545,ULK,PCOS,"SOLOMON, WILLIE",3FGM,Three Pointer,3,-438,517,J,,,,38,03:00,82,87,
2007,TS,15,172,548,ARI,PLGM,"TSALDARIS, DIMITRIOS",2FGAB,Missed Two Pointer,0,69,23,C,,,,39,02:00,82,87,
2007,TS,15,172,556,ULK,PLGA,"KAAN, DAMIR",FTM,Free Throw In,1,-1,-1, ,,,,39,02:00,82,88,
2007,TS,15,172,557,ULK,PLGA,"KAAN, DAMIR",FTM,Free Throw In,1,-1,-1, ,,,,39,02:00,82,89,
2007,TS,15,172,558,ARI,PLSZ,"WASHINGTON, DARIUS",2FGAB,Missed Two Pointer,0,56,48,C,,,,39,02:00,82,89,
2007,TS,15,172,562,ULK,PCOS,"SOLOMON, WILLIE",3FGA,Missed Three Pointer,0,-584,356,F,,,,39,02:00,82,89,
2007,TS,15,172,563,ARI,PLGM,"TSALDARIS, DIMITRIOS",3FGA,Missed Three Pointer,0,-571,371,F,,,,39,02:00,82,89,
2007,TS,15,172,565,ARI,PTEO,"TERRY, REYSHAWN",2FGM,Two Pointer,2,35,46,C,,,,39,02:00,84,89,
2007,TS,15,172,567,ULK,PJYB,"ERDEN, SEMIH",2FGM,Two Pointer,2,-66,33,D,,,,40,01:00,84,91,
2007,TS,15,172,569,ARI,PTEM,"WRIGHT, BRACEY",3FGA,Missed Three Pointer,0,-592,384,F,,,,40,01:00,84,91,
2007,TS,15,172,571,ARI,PTEO,"TERRY, REYSHAWN",2FGM,Two Pointer,2,38,5,C,,,,40,01:00,86,91,
2007,TS,15,172,575,ULK,PARO,"ONAN, OMER",2FGM,Two Pointer,2,-61,5,D,,,,40,01:00,86,93,
2007,TS,15,172,577,ARI,PTEO,"TERRY, REYSHAWN",3FGA,Missed Three Pointer,0,-69,679,J,,,,40,01:00,86,93,
2007,TS,15,172,579,ARI,PTEM,"WRIGHT, BRACEY",2FGM,Two Pointer,2,-5,76,D,,,,40,01:00,88,93,
2007,TS,15,172,582,ULK,PTFH,"PRELDZIC, EMIR",FTM,Free Throw In,1,-1,-1, ,,,,40,01:00,88,94,
2007,TS,15,172,585,ARI,PTEO,"TERRY, REYSHAWN",3FGA,Missed Three Pointer,0,-633,261,F,,,,40,01:00,88,94,
2007,TS,15,172,587,ULK,PTFH,"PRELDZIC, EMIR",2FGM,Two Pointer,2,-74,33,D,,,,40,01:00,88,96,
2007,TS,15,173,4,ZAL,PBWI,"JANKUNAS, PAULIUS",2FGM,Two Pointer,2,10,2,C,,,,1,10:00,0,2,
2007,TS,15,173,10,ZAL,PJCC,"MACIULIS, JONAS",FTM,Free Throw In,1,-1,-1, ,,,,1,10:00,0,3,
2007,TS,15,173,11,ZAL,PJCC,"MACIULIS, JONAS",FTM,Free Throw In,1,-1,-1, ,,,,1,10:00,0,4,
2007,TS,15,173,12,MAD,PAIT,"LOPEZ, RAUL",2FGA,Missed Two Pointer,0,-446,74,E,,,,1,10:00,0,4,
2007,TS,15,173,18,ZAL,PBDB,"COLLINS, DeJUAN",FTM,Free Throw In,1,-1,-1, ,,,,1,10:00,0,5,
2007,TS,15,173,19,ZAL,PBDB,"COLLINS, DeJUAN",FTM,Free Throw In,1,-1,-1, ,,,,1,10:00,0,6,
2007,TS,15,173,21,MAD,PAAX,"REYES, FELIPE",2FGA,Missed Two Pointer,0,-379,176,E,,,,2,09:00,0,6,
2007,TS,15,173,24,MAD,PAIS,"ITURBE, IKER",3FGM,Three Pointer,3,-192,635,J,,,,2,09:00,3,6,
2007,TS,15,173,28,MAD,PAIT,"LOPEZ, RAUL",2FGM,Two Pointer,2,-53,51,D,,,,3,08:00,5,6,
2007,TS,15,173,31,ZAL,PBDB,"COLLINS, DeJUAN",2FGA,Missed Two Pointer,0,384,53,B,,,,3,08:00,5,6,
2007,TS,15,173,34,MAD,PAJO,"BULLOCK, LOUIS",3FGM,Three Pointer,3,523,451,G,,,,3,08:00,8,6,
2007,TS,15,173,36,ZAL,PADX,"ZUKAUSKAS, EURELIJUS",2FGA,Missed Two Pointer,0,133,84,C,,,,4,07:00,8,6,
2007,TS,15,173,40,MAD,PBFJ,"MUMBRU, ALEX",FTM,Free Throw In,1,-1,-1, ,,,,4,07:00,9,6,
2007,TS,15,173,43,MAD,PAAX,"REYES, FELIPE",2FGA,Missed Two Pointer,0,-66,197,D,,,,4,07:00,9,6,
2007,TS,15,173,48,MAD,PAIS,"ITURBE, IKER",3FGM,Three Pointer,3,220,638,G,,,,4,07:00,12,6,
2007,TS,15,173,51,ZAL,PJCC,"MACIULIS, JONAS",2FGM,Two Pointer,2,-41,82,D,,,,5,06:00,12,8,
2007,TS,15,173,52,MAD,PAJO,"BULLOCK, LOUIS",2FGM,Two Pointer,2,369,343,B,,,,5,06:00,14,8,
2007,TS,15,173,55,MAD,PAJO,"BULLOCK, LOUIS",2FGM,Two Pointer,2,53,64,C,,,,5,06:00,16,8,
2007,TS,15,173,57,ZAL,PAHT,"BROWN, MARCUS",2FGA,Missed Two Pointer,0,30,328,C,,,,6,05:00,16,8,
2007,TS,15,173,65,MAD,PAIT,"LOPEZ, RAUL",3FGA,Missed Three Pointer,0,153,676,G,,,,6,05:00,16,8,
2007,TS,15,173,73,ZAL,P000459,"N'DIAYE, MAMADOU",FTM,Free Throw In,1,-1,-1, ,,,,7,04:00,16,9,
2007,TS,15,173,79,MAD,PBFJ,"MUMBRU, ALEX",FTM,Free Throw In,1,-1,-1, ,,,,7,04:00,17,9,
2007,TS,15,173,84,ZAL,PAHT,"BROWN, MARCUS",3FGA,Missed Three Pointer,0,638,225,A,,,,7,04:00,17,9,
2007,TS,15,173,94,MAD,PAAX,"REYES, FELIPE",FTM,Free Throw In,1,-1,-1, ,,,,8,03:00,18,9,
2007,TS,15,173,95,ZAL,P000459,"N'DIAYE, MAMADOU",2FGM,Two Pointer,2,-130,102,D,,,,8,03:00,18,11,
2007,TS,15,173,96,MAD,PAJO,"BULLOCK, LOUIS",3FGA,Missed Three Pointer,0,-617,317,F,,,,8,03:00,18,11,
2007,TS,15,173,99,ZAL,P000459,"N'DIAYE, MAMADOU",2FGM,Two Pointer,2,-53,92,D,,,,8,03:00,18,13,
2007,TS,15,173,101,MAD,PACK,"PELEKANOS, MICHALIS",3FGA,Missed Three Pointer,0,407,589,G,,,,9,02:00,18,13,
2007,TS,15,173,110,MAD,PARR,"TUNCERI, KEREM",FTM,Free Throw In,1,-1,-1, ,,,,9,02:00,19,13,
2007,TS,15,173,112,ZAL,PJCC,"MACIULIS, JONAS",3FGM,Three Pointer,3,620,279,A,,,,9,02:00,19,16,
2007,TS,15,173,113,MAD,PAAX,"REYES, FELIPE",2FGA,Missed Two Pointer,0,23,112,C,,,,9,02:00,19,16,
2007,TS,15,173,117,ZAL,P000459,"N'DIAYE, MAMADOU",2FGA,Missed Two Pointer,0,-297,110,E,,,,10,01:00,19,16,
2007,TS,15,173,120,MAD,PCRF,"HERVELLE, AXEL",3FGM,Three Pointer,3,-658,102,F,,,,10,01:00,22,16,
2007,TS,15,173,121,ZAL,PJCC,"MACIULIS, JONAS",3FGA,Missed Three Pointer,0,-348,697,J,,,,10,01:00,22,16,
2007,TS,15,173,132,MAD,PCTN,"SMITH, CHARLES",FTM,Free Throw In,1,-1,-1, ,,,,11,10:00,23,16,
2007,TS,15,173,133,MAD,PCTN,"SMITH, CHARLES",FTM,Free Throw In,1,-1,-1, ,,,,11,10:00,24,16,
2007,TS,15,173,137,MAD,PARR,"TUNCERI, KEREM",2FGA,Missed Two Pointer,0,-2,135,D,,,,11,10:00,24,16,
2007,TS,15,173,140,MAD,PAFB,"SEKULIC, BLAGOTA",2FGA,Missed Two Pointer,0,-12,148,D,,,,12,09:00,24,16,
2007,TS,15,173,144,MAD,PACK,"PELEKANOS, MICHALIS",2FGAB,Missed Two Pointer,0,-25,84,D,,,,12,09:00,24,16,
2007,TS,15,173,146,ZAL,PJBX,"KALNIETIS, MANTAS",2FGAB,Missed Two Pointer,0,-20,94,D,,,,12,09:00,24,16,
2007,TS,15,173,148,ZAL,PJBX,"KALNIETIS, MANTAS",FTM,Free Throw In,1,-1,-1, ,,,,12,09:00,24,17,
2007,TS,15,173,152,ZAL,P000459,"N'DIAYE, MAMADOU",2FGM,Two Pointer,2,0,92,D,,,,12,09:00,24,19,
2007,TS,15,173,155,ZAL,P000459,"N'DIAYE, MAMADOU",FTM,Free Throw In,1,-1,-1, ,,,,12,09:00,24,20,
2007,TS,15,173,158,MAD,PCTN,"SMITH, CHARLES",3FGA,Missed Three Pointer,0,-623,371,F,,,,12,09:00,24,20,
2007,TS,15,173,160,MAD,PAFB,"SEKULIC, BLAGOTA",2FGA,Missed Two Pointer,0,-41,110,D,,,,12,09:00,24,20,
2007,TS,15,173,162,MAD,PCRF,"HERVELLE, AXEL",2FGA,Missed Two Pointer,0,5,94,C,,,,12,09:00,24,20,
2007,TS,15,173,165,ZAL,PANY,"SALENGA, DAINIUS",3FGA,Missed Three Pointer,0,-525,461,J,,,,13,08:00,24,20,
2007,TS,15,173,167,MAD,PCTN,"SMITH, CHARLES",3FGA,Missed Three Pointer,0,-620,312,F,,,,13,08:00,24,20,
2007,TS,15,173,181,MAD,PARR,"TUNCERI, KEREM",2FGM,Two Pointer,2,-420,153,E,,,,13,08:00,26,20,
2007,TS,15,173,183,ZAL,PJCC,"MACIULIS, JONAS",2FGM,Two Pointer,2,17,120,C,,,,14,07:00,26,22,
2007,TS,15,173,195,ZAL,PBDB,"COLLINS, DeJUAN",FTM,Free Throw In,1,-1,-1, ,,,,14,07:00,26,23,
2007,TS,15,173,196,ZAL,PBDB,"COLLINS, DeJUAN",FTM,Free Throw In,1,-1,-1, ,,,,14,07:00,26,24,
2007,TS,15,173,197,MAD,PCRF,"HERVELLE, AXEL",2FGA,Missed Two Pointer,0,46,66,C,,,,14,07:00,26,24,
2007,TS,15,173,204,ZAL,PBWI,"JANKUNAS, PAULIUS",2FGM,Two Pointer,2,-35,110,D,,,,15,06:00,26,26,
2007,TS,15,173,209,ZAL,PATP,"POPOVIC, MARKO",3FGM,Three Pointer,3,497,494,G,,,,15,06:00,26,29,
2007,TS,15,173,210,MAD,PAJO,"BULLOCK, LOUIS",3FGM,Three Pointer,3,130,682,G,,,,15,06:00,29,29,
2007,TS,15,173,212,ZAL,PBWI,"JANKUNAS, PAULIUS",3FGA,Missed Three Pointer,0,-48,682,J,,,,16,05:00,29,29,
2007,TS,15,173,215,MAD,PCRF,"HERVELLE, AXEL",2FGM,Two Pointer,2,71,69,C,,,,16,05:00,31,29,
2007,TS,15,173,225,MAD,PBFJ,"MUMBRU, ALEX",FTM,Free Throw In,1,-1,-1, ,,,,16,05:00,32,29,
2007,TS,15,173,226,MAD,PBFJ,"MUMBRU, ALEX",FTM,Free Throw In,1,-1,-1, ,,,,16,05:00,33,29,
2007,TS,15,173,232,ZAL,PBDB,"COLLINS, DeJUAN",FTM,Free Throw In,1,-1,-1, ,,,,17,04:00,33,30,
2007,TS,15,173,233,ZAL,PBDB,"COLLINS, DeJUAN",FTM,Free Throw In,1,-1,-1, ,,,,17,04:00,33,31,
2007,TS,15,173,235,ZAL,PBDB,"COLLINS, DeJUAN",3FGA,Missed Three Pointer,0,669,64,A,,,,17,04:00,33,31,
2007,TS,15,173,238,MAD,PAAX,"REYES, FELIPE",2FGM,Two Pointer,2,-30,100,D,,,,18,03:00,35,31,
2007,TS,15,173,245,MAD,PAAX,"REYES, FELIPE",FTM,Free Throw In,1,-1,-1, ,,,,18,03:00,36,31,
2007,TS,15,173,252,ZAL,PAHT,"BROWN, MARCUS",FTM,Free Throw In,1,-1,-1, ,,,,18,03:00,36,32,
2007,TS,15,173,253,ZAL,PAHT,"BROWN, MARCUS",FTM,Free Throw In,1,-1,-1, ,,,,18,03:00,36,33,
2007,TS,15,173,259,MAD,PAAX,"REYES, FELIPE",FTM,Free Throw In,1,-1,-1, ,,,,19,02:00,37,33,
2007,TS,15,173,260,MAD,PAAX,"REYES, FELIPE",FTM,Free Throw In,1,-1,-1, ,,,,19,02:00,38,33,
2007,TS,15,173,261,ZAL,PAHT,"BROWN, MARCUS",3FGA,Missed Three Pointer,0,-323,661,J,,,,19,02:00,38,33,
2007,TS,15,173,264,MAD,PBFJ,"MUMBRU, ALEX",2FGM,Two Pointer,2,-61,89,D,,,,19,02:00,40,33,
2007,TS,15,173,266,ZAL,PATP,"POPOVIC, MARKO",3FGM,Three Pointer,3,23,692,G,,,,19,02:00,40,36,
2007,TS,15,173,273,MAD,PAAX,"REYES, FELIPE",FTM,Free Throw In,1,-1,-1, ,,,,20,01:00,41,36,
2007,TS,15,173,277,MAD,PAAX,"REYES, FELIPE",2FGM,Two Pointer,2,-53,71,D,,,,20,01:00,43,36,
2007,TS,15,173,279,ZAL,PATP,"POPOVIC, MARKO",3FGM,Three Pointer,3,-217,756,J,,,,20,01:00,43,39,
2007,TS,15,173,290,ZAL,P000459,"N'DIAYE, MAMADOU",2FGM,Two Pointer,2,71,51,C,,,,21,10:00,43,41,
2007,TS,15,173,295,ZAL,PBDB,"COLLINS, DeJUAN",3FGM,Three Pointer,3,-300,661,J,,,,21,10:00,43,44,
2007,TS,15,173,297,MAD,PAAX,"REYES, FELIPE",2FGM,Two Pointer,2,-328,92,E,,,,22,09:00,45,44,
2007,TS,15,173,302,ZAL,P000459,"N'DIAYE, MAMADOU",FTM,Free Throw In,1,-1,-1, ,,,,22,09:00,45,45,
2007,TS,15,173,306,MAD,PAJO,"BULLOCK, LOUIS",3FGM,Three Pointer,3,679,43,A,,,,22,09:00,48,45,
2007,TS,15,173,309,ZAL,PAHT,"BROWN, MARCUS",3FGM,Three Pointer,3,-525,482,J,,,,23,08:00,48,48,
2007,TS,15,173,310,MAD,PAIT,"LOPEZ, RAUL",3FGA,Missed Three Pointer,0,143,730,G,,,,23,08:00,48,48,
2007,TS,15,173,313,ZAL,PAHT,"BROWN, MARCUS",3FGM,Three Pointer,3,-492,538,J,,,,23,08:00,48,51,
2007,TS,15,173,315,MAD,PAAX,"REYES, FELIPE",2FGA,Missed Two Pointer,0,102,110,C,,,,24,07:00,48,51,
2007,TS,15,173,318,ZAL,PAHT,"BROWN, MARCUS",3FGM,Three Pointer,3,-392,582,J,,,,24,07:00,48,54,
2007,TS,15,173,323,MAD,PAJO,"BULLOCK, LOUIS",2FGA,Missed Two Pointer,0,30,123,C,,,,24,07:00,48,54,
2007,TS,15,173,327,MAD,PAAX,"REYES, FELIPE",FTM,Free Throw In,1,-1,-1, ,,,,24,07:00,49,54,
2007,TS,15,173,328,MAD,PAAX,"REYES, FELIPE",FTM,Free Throw In,1,-1,-1, ,,,,24,07:00,50,54,
2007,TS,15,173,332,ZAL,PBDE,"JURAK, GORAN",3FGA,Missed Three Pointer,0,666,238,A,,,,25,06:00,50,54,
2007,TS,15,173,335,ZAL,PBDB,"COLLINS, DeJUAN",3FGA,Missed Three Pointer,0,676,135,A,,,,25,06:00,50,54,
2007,TS,15,173,338,MAD,PCTN,"SMITH, CHARLES",3FGA,Missed Three Pointer,0,-341,646,J,,,,26,05:00,50,54,
2007,TS,15,173,343,ZAL,PBDB,"COLLINS, DeJUAN",2FGA,Missed Two Pointer,0,23,248,C,,,,26,05:00,50,54,
2007,TS,15,173,345,MAD,PAJO,"BULLOCK, LOUIS",2FGM,Two Pointer,2,-230,535,I,,,,26,05:00,52,54,
2007,TS,15,173,354,ZAL,PBDE,"JURAK, GORAN",FTM,Free Throw In,1,-1,-1, ,,,,27,04:00,52,55,
2007,TS,15,173,355,ZAL,PBDE,"JURAK, GORAN",FTM,Free Throw In,1,-1,-1, ,,,,27,04:00,52,56,
2007,TS,15,173,360,MAD,PAAX,"REYES, FELIPE",2FGA,Missed Two Pointer,0,-97,205,D,,,,27,04:00,52,56,
2007,TS,15,173,362,ZAL,PBDE,"JURAK, GORAN",3FGM,Three Pointer,3,269,615,G,,,,27,04:00,52,59,
2007,TS,15,173,365,MAD,PCTN,"SMITH, CHARLES",3FGM,Three Pointer,3,648,53,A,,,,28,03:00,55,59,
2007,TS,15,173,372,MAD,PCRF,"HERVELLE, AXEL",3FGA,Missed Three Pointer,0,-69,692,J,,,,28,03:00,55,59,
2007,TS,15,173,375,ZAL,PBDE,"JURAK, GORAN",3FGA,Missed Three Pointer,0,-202,720,J,,,,29,02:00,55,59,
2007,TS,15,173,377,MAD,PCTN,"SMITH, CHARLES",3FGA,Missed Three Pointer,0,161,700,G,,,,29,02:00,55,59,
2007,TS,15,173,379,ZAL,P000459,"N'DIAYE, MAMADOU",2FGA,Missed Two Pointer,0,-130,79,D,,,,29,02:00,55,59,
2007,TS,15,173,382,MAD,PCTN,"SMITH, CHARLES",2FGM,Two Pointer,2,-61,58,D,,,,29,02:00,57,59,
2007,TS,15,173,388,MAD,PAJO,"BULLOCK, LOUIS",FTM,Free Throw In,1,-1,-1, ,,,,30,01:00,58,59,
2007,TS,15,173,389,MAD,PAJO,"BULLOCK, LOUIS",FTM,Free Throw In,1,-1,-1, ,,,,30,01:00,59,59,
2007,TS,15,173,392,ZAL,PBCC,"MARKOTA, DAMIR",3FGA,Missed Three Pointer,0,666,174,A,,,,30,01:00,59,59,
2007,TS,15,173,394,ZAL,PJBX,"KALNIETIS, MANTAS",2FGA,Missed Two Pointer,0,53,87,C,,,,30,01:00,59,59,
2007,TS,15,173,404,MAD,PCTN,"SMITH, CHARLES",3FGM,Three Pointer,3,-230,682,J,,,,31,10:00,62,59,
2007,TS,15,173,405,ZAL,P000459,"N'DIAYE, MAMADOU",2FGA,Missed Two Pointer,0,-38,161,D,,,,31,10:00,62,59,
2007,TS,15,173,411,ZAL,PJCC,"MACIULIS, JONAS",2FGAB,Missed Two Pointer,0,46,76,C,,,,31,10:00,62,59,
2007,TS,15,173,416,ZAL,PAHT,"BROWN, MARCUS",3FGA,Missed Three Pointer,0,-66,702,J,,,,32,09:00,62,59,
2007,TS,15,173,418,MAD,PARR,"TUNCERI, KEREM",3FGM,Three Pointer,3,115,694,G,,,,32,09:00,65,59,
2007,TS,15,173,427,MAD,PAIT,"LOPEZ, RAUL",2FGM,Two Pointer,2,64,174,C,,,,33,08:00,67,59,
2007,TS,15,173,428,ZAL,PBDB,"COLLINS, DeJUAN",2FGA,Missed Two Pointer,0,164,79,C,,,,33,08:00,67,59,
2007,TS,15,173,432,MAD,PCTN,"SMITH, CHARLES",3FGM,Three Pointer,3,497,587,G,,,,33,08:00,70,59,
2007,TS,15,173,434,ZAL,PJCC,"MACIULIS, JONAS",3FGM,Three Pointer,3,-384,674,J,,,,34,07:00,70,62,
2007,TS,15,173,435,MAD,PAIT,"LOPEZ, RAUL",3FGA,Missed Three Pointer,0,-258,692,J,,,,34,07:00,70,62,
2007,TS,15,173,447,MAD,PCTN,"SMITH, CHARLES",2FGA,Missed Two Pointer,0,479,56,B,,,,35,06:00,70,62,
2007,TS,15,173,450,ZAL,P000459,"N'DIAYE, MAMADOU",2FGM,Two Pointer,2,-74,64,D,,,,35,06:00,70,64,
2007,TS,15,173,453,ZAL,P000459,"N'DIAYE, MAMADOU",FTM,Free Throw In,1,-1,-1, ,,,,35,06:00,70,65,
2007,TS,15,173,461,MAD,PBFJ,"MUMBRU, ALEX",2FGM,Two Pointer,2,-17,87,D,,,,35,06:00,72,65,
2007,TS,15,173,464,MAD,PBFJ,"MUMBRU, ALEX",FTM,Free Throw In,1,-1,-1, ,,,,35,06:00,73,65,
2007,TS,15,173,465,ZAL,PATP,"POPOVIC, MARKO",3FGA,Missed Three Pointer,0,-51,684,J,,,,35,06:00,73,65,
2007,TS,15,173,468,MAD,PAJO,"BULLOCK, LOUIS",3FGA,Missed Three Pointer,0,-182,700,J,,,,36,05:00,73,65,
2007,TS,15,173,475,MAD,PCTN,"SMITH, CHARLES",2FGM,Two Pointer,2,-2,5,D,,,,36,05:00,75,65,
2007,TS,15,173,477,ZAL,PJCC,"MACIULIS, JONAS",2FGM,Two Pointer,2,-115,105,D,,,,36,05:00,75,67,
2007,TS,15,173,480,ZAL,PJCC,"MACIULIS, JONAS",FTM,Free Throw In,1,-1,-1, ,,,,36,05:00,75,68,
2007,TS,15,173,485,ZAL,PATP,"POPOVIC, MARKO",3FGA,Missed Three Pointer,0,-346,623,J,,,,36,05:00,75,68,
2007,TS,15,173,488,MAD,PCTN,"SMITH, CHARLES",3FGA,Missed Three Pointer,0,376,697,G,,,,37,04:00,75,68,
2007,TS,15,173,490,MAD,PBFJ,"MUMBRU, ALEX",2FGM,Two Pointer,2,2,5,D,,,,37,04:00,77,68,
2007,TS,15,173,491,ZAL,PJCC,"MACIULIS, JONAS",3FGA,Missed Three Pointer,0,-233,694,J,,,,37,04:00,77,68,
2007,TS,15,173,499,MAD,PAJO,"BULLOCK, LOUIS",2FGA,Missed Two Pointer,0,64,97,C,,,,37,04:00,77,68,
2007,TS,15,173,503,ZAL,PAHT,"BROWN, MARCUS",3FGM,Three Pointer,3,-425,592,J,,,,38,03:00,77,71,
2007,TS,15,173,504,MAD,PARR,"TUNCERI, KEREM",3FGM,Three Pointer,3,448,720,G,,,,38,03:00,80,71,
2007,TS,15,173,506,ZAL,PBWI,"JANKUNAS, PAULIUS",3FGM,Three Pointer,3,305,610,G,,,,38,03:00,80,74,
2007,TS,15,173,513,MAD,PAAX,"REYES, FELIPE",FTM,Free Throw In,1,-1,-1, ,,,,39,02:00,81,74,
2007,TS,15,173,514,MAD,PAAX,"REYES, FELIPE",FTM,Free Throw In,1,-1,-1, ,,,,39,02:00,82,74,
2007,TS,15,173,516,ZAL,PATP,"POPOVIC, MARKO",3FGM,Three Pointer,3,-456,535,J,,,,39,02:00,82,77,
2007,TS,15,173,517,MAD,PAAX,"REYES, FELIPE",2FGM,Two Pointer,2,-58,82,D,,,,39,02:00,84,77,
2007,TS,15,173,523,ZAL,PBDB,"COLLINS, DeJUAN",FTM,Free Throw In,1,-1,-1, ,,,,39,02:00,84,78,
2007,TS,15,173,524,ZAL,PBDB,"COLLINS, DeJUAN",FTM,Free Throw In,1,-1,-1, ,,,,39,02:00,84,79,
2007,TS,15,173,526,MAD,PAAX,"REYES, FELIPE",2FGA,Missed Two Pointer,0,-71,125,D,,,,40,01:00,84,79,
2007,TS,15,173,535,ZAL,PJCC,"MACIULIS, JONAS",2FGM,Two Pointer,2,-66,84,D,,,,40,01:00,84,81,
2007,TS,15,173,538,ZAL,PJCC,"MACIULIS, JONAS",FTM,Free Throw In,1,-1,-1, ,,,,40,01:00,84,82,
2007,TS,15,173,539,MAD,PAIT,"LOPEZ, RAUL",2FGM,Two Pointer,2,-64,79,D,,,,40,01:00,86,82,
2007,TS,15,173,541,ZAL,PJCC,"MACIULIS, JONAS",3FGM,Three Pointer,3,-579,748,J,,,,40,01:00,86,85,
2007,TS,15,173,548,MAD,PAIT,"LOPEZ, RAUL",FTM,Free Throw In,1,-1,-1, ,,,,40,01:00,87,85,
2007,TS,15,173,549,MAD,PAIT,"LOPEZ, RAUL",FTM,Free Throw In,1,-1,-1, ,,,,40,01:00,88,85,
2007,TS,15,173,550,MAD,PCRF,"HERVELLE, AXEL",2FGA,Missed Two Pointer,0,-38,135,D,,,,40,01:00,88,85,
2007,TS,15,174,2,TEL,PLTS,"MORRIS, TERENCE",2FGA,Missed Two Pointer,0,-112,358,D,,,,1,10:00,0,0,
2007,TS,15,174,4,TEL,PTFS,"FIZER, MARCUS",2FGA,Missed Two Pointer,0,20,189,C,,,,1,10:00,0,0,
2007,TS,15,174,6,OLY,PCRR,"GREER, LYNN",2FGA,Missed Two Pointer,0,53,130,C,,,,1,10:00,0,0,
2007,TS,15,174,10,TEL,PBES,"BLUTHENTHAL, DAVID",2FGA,Missed Two Pointer,0,-17,161,D,,,,1,10:00,0,0,
2007,TS,15,174,12,TEL,PCQD,"CUMMINGS, VONTEEGO",2FGM,Two Pointer,2,-28,169,D,,,,1,10:00,0,2,
2007,TS,15,174,15,OLY,PCRR,"GREER, LYNN",3FGM,Three Pointer,3,625,320,A,,,,2,09:00,3,2,
2007,TS,15,174,16,TEL,PAOZ,"HALPERIN, YOTAM",2FGM,Two Pointer,2,15,435,H,,,,2,09:00,3,4,
2007,TS,15,174,18,OLY,P000126,"JACKSON, MARC",2FGM,Two Pointer,2,43,107,C,,,,3,08:00,5,4,
2007,TS,15,174,21,TEL,PAOZ,"HALPERIN, YOTAM",3FGM,Three Pointer,3,717,292,A,,,,3,08:00,5,7,
2007,TS,15,174,22,OLY,P000126,"JACKSON, MARC",2FGM,Two Pointer,2,148,66,C,,,,3,08:00,7,7,
2007,TS,15,174,26,OLY,PTFV,"WOODS, QYNTEL",3FGA,Missed Three Pointer,0,692,243,A,,,,4,07:00,7,7,
2007,TS,15,174,30,TEL,PCQD,"CUMMINGS, VONTEEGO",2FGA,Missed Two Pointer,0,-510,151,E,,,,4,07:00,7,7,
2007,TS,15,174,34,OLY,P000126,"JACKSON, MARC",2FGA,Missed Two Pointer,0,371,107,B,,,,4,07:00,7,7,
2007,TS,15,174,36,TEL,PTFS,"FIZER, MARCUS",2FGA,Missed Two Pointer,0,-61,141,D,,,,4,07:00,7,7,
2007,TS,15,174,38,OLY,PACJ,"PAPAMAKARIOS, MANOLIS",3FGA,Missed Three Pointer,0,374,574,G,,,,4,07:00,7,7,
2007,TS,15,174,41,TEL,PLTS,"MORRIS, TERENCE",2FGM,Two Pointer,2,-251,515,I,,,,5,06:00,7,9,
2007,TS,15,174,42,OLY,PCRR,"GREER, LYNN",3FGA,Missed Three Pointer,0,-602,364,F,,,,5,06:00,7,9,
2007,TS,15,174,44,TEL,PTFS,"FIZER, MARCUS",3FGA,Missed Three Pointer,0,117,707,G,,,,5,06:00,7,9,
2007,TS,15,174,47,OLY,PAQU,"BOUROUSIS, IOANNIS",3FGA,Missed Three Pointer,0,294,620,G,,,,6,05:00,7,9,
2007,TS,15,174,52,OLY,PTFV,"WOODS, QYNTEL",3FGA,Missed Three Pointer,0,346,561,G,,,,6,05:00,7,9,
2007,TS,15,174,54,TEL,PTFS,"FIZER, MARCUS",2FGM,Two Pointer,2,-41,66,D,,,,6,05:00,7,11,
2007,TS,15,174,59,OLY,P000126,"JACKSON, MARC",2FGA,Missed Two Pointer,0,64,94,C,,,,7,04:00,7,11,
2007,TS,15,174,62,OLY,PCRR,"GREER, LYNN",2FGM,Two Pointer,2,76,89,C,,,,7,04:00,9,11,
2007,TS,15,174,67,OLY,PCRR,"GREER, LYNN",3FGM,Three Pointer,3,-561,423,F,,,,7,04:00,12,11,
2007,TS,15,174,77,TEL,PAOU,"SHARP, DERRICK",FTM,Free Throw In,1,-1,-1, ,,,,8,03:00,12,12,
2007,TS,15,174,78,TEL,PAOU,"SHARP, DERRICK",FTM,Free Throw In,1,-1,-1, ,,,,8,03:00,12,13,
2007,TS,15,174,79,OLY,P000126,"JACKSON, MARC",2FGM,Two Pointer,2,51,89,C,,,,8,03:00,14,13,
2007,TS,15,174,81,TEL,PLTS,"MORRIS, TERENCE",2FGA,Missed Two Pointer,0,-446,179,E,,,,8,03:00,14,13,
2007,TS,15,174,83,OLY,PJDR,"TEODOSIC, MILOS",3FGA,Missed Three Pointer,0,676,189,A,,,,8,03:00,14,13,
2007,TS,15,174,91,OLY,PJDR,"TEODOSIC, MILOS",FTM,Free Throw In,1,-1,-1, ,,,,9,02:00,15,13,
2007,TS,15,174,92,OLY,PJDR,"TEODOSIC, MILOS",FTM,Free Throw In,1,-1,-1, ,,,,9,02:00,16,13,
2007,TS,15,174,93,OLY,PJDR,"TEODOSIC, MILOS",FTM,Free Throw In,1,-1,-1, ,,,,9,02:00,17,13,
2007,TS,15,174,95,TEL,PDHD,"BATISTA, ESTEBAN",2FGAB,Missed Two Pointer,0,-43,82,D,,,,9,02:00,17,13,
2007,TS,15,174,97,TEL,PAOZ,"HALPERIN, YOTAM",3FGA,Missed Three Pointer,0,397,564,G,,,,9,02:00,17,13,
2007,TS,15,174,105,TEL,PAOZ,"HALPERIN, YOTAM",2FGM,Two Pointer,2,46,53,C,,,,9,02:00,17,15,
2007,TS,15,174,107,OLY,PJRF,"VASILOPOULOS, PANAGIOTIS",2FGA,Missed Two Pointer,0,-61,61,D,,,,10,01:00,17,15,
2007,TS,15,174,109,OLY,PJRC,"MAVROKEFALIDES, LOUKAS",2FGA,Missed Two Pointer,0,71,69,C,,,,10,01:00,17,15,
2007,TS,15,174,116,OLY,PBFY,"BLAKNEY, RODERICK",2FGA,Missed Two Pointer,0,458,112,B,,,,10,01:00,17,15,
2007,TS,15,174,122,TEL,P000615,"GARCIA, ALEX",FTM,Free Throw In,1,-1,-1, ,,,,10,01:00,17,16,
2007,TS,15,174,130,TEL,PDHD,"BATISTA, ESTEBAN",2FGA,Missed Two Pointer,0,76,135,C,,,,11,10:00,17,16,
2007,TS,15,174,137,OLY,PJRF,"VASILOPOULOS, PANAGIOTIS",2FGM,Two Pointer,2,79,33,C,,,,12,09:00,19,16,
2007,TS,15,174,141,TEL,PLFR,"BYNUM, WILL",2FGA,Missed Two Pointer,0,282,517,H,,,,12,09:00,19,16,
2007,TS,15,174,147,OLY,PCRR,"GREER, LYNN",3FGA,Missed Three Pointer,0,351,600,G,,,,13,08:00,19,16,
2007,TS,15,174,149,OLY,PJRF,"VASILOPOULOS, PANAGIOTIS",3FGA,Missed Three Pointer,0,-592,392,F,,,,13,08:00,19,16,
2007,TS,15,174,156,TEL,PAOZ,"HALPERIN, YOTAM",2FGM,Two Pointer,2,41,87,C,,,,13,08:00,19,18,
2007,TS,15,174,166,TEL,PDHD,"BATISTA, ESTEBAN",2FGM,Two Pointer,2,84,71,C,,,,14,07:00,19,20,
2007,TS,15,174,167,OLY,PCRR,"GREER, LYNN",2FGM,Two Pointer,2,-325,384,E,,,,14,07:00,21,20,
2007,TS,15,174,170,TEL,PLFR,"BYNUM, WILL",3FGM,Three Pointer,3,646,182,A,,,,15,06:00,21,23,
2007,TS,15,174,171,OLY,PCRR,"GREER, LYNN",3FGA,Missed Three Pointer,0,497,487,G,,,,15,06:00,21,23,
2007,TS,15,174,173,OLY,PALG,"VASILIADIS, KOSTAS",3FGM,Three Pointer,3,551,451,G,,,,15,06:00,24,23,
2007,TS,15,174,183,OLY,P000126,"JACKSON, MARC",FTM,Free Throw In,1,-1,-1, ,,,,16,05:00,25,23,
2007,TS,15,174,184,OLY,P000126,"JACKSON, MARC",FTM,Free Throw In,1,-1,-1, ,,,,16,05:00,26,23,
2007,TS,15,174,185,TEL,PAOZ,"HALPERIN, YOTAM",3FGA,Missed Three Pointer,0,641,125,A,,,,16,05:00,26,23,
2007,TS,15,174,187,OLY,PALG,"VASILIADIS, KOSTAS",3FGA,Missed Three Pointer,0,-392,605,J,,,,16,05:00,26,23,
2007,TS,15,174,189,OLY,PTFV,"WOODS, QYNTEL",2FGA,Missed Two Pointer,0,-38,64,D,,,,16,05:00,26,23,
2007,TS,15,174,192,TEL,PDHD,"BATISTA, ESTEBAN",2FGM,Two Pointer,2,51,138,C,,,,17,04:00,26,25,
2007,TS,15,174,193,OLY,PALG,"VASILIADIS, KOSTAS",2FGM,Two Pointer,2,-69,33,D,,,,17,04:00,28,25,
2007,TS,15,174,195,TEL,P000615,"GARCIA, ALEX",2FGM,Two Pointer,2,69,41,C,,,,17,04:00,28,27,
2007,TS,15,174,196,OLY,P000126,"JACKSON, MARC",2FGA,Missed Two Pointer,0,56,53,C,,,,17,04:00,28,27,
2007,TS,15,174,206,OLY,PCRR,"GREER, LYNN",FTM,Free Throw In,1,-1,-1, ,,,,18,03:00,29,27,
2007,TS,15,174,207,OLY,PCRR,"GREER, LYNN",FTM,Free Throw In,1,-1,-1, ,,,,18,03:00,30,27,
2007,TS,15,174,211,TEL,PDHD,"BATISTA, ESTEBAN",2FGA,Missed Two Pointer,0,120,43,C,,,,18,03:00,30,27,
2007,TS,15,174,214,OLY,PCRR,"GREER, LYNN",3FGA,Missed Three Pointer,0,-656,158,F,,,,19,02:00,30,27,
2007,TS,15,174,217,TEL,PLFR,"BYNUM, WILL",3FGA,Missed Three Pointer,0,633,341,A,,,,19,02:00,30,27,
2007,TS,15,174,219,OLY,PTFV,"WOODS, QYNTEL",2FGA,Missed Two Pointer,0,82,74,C,,,,19,02:00,30,27,
2007,TS,15,174,224,OLY,PTFV,"WOODS, QYNTEL",3FGA,Missed Three Pointer,0,458,597,G,,,,19,02:00,30,27,
2007,TS,15,174,231,TEL,PJFO,"CASSPI, OMRI",2FGA,Missed Two Pointer,0,112,125,C,,,,20,01:00,30,27,
2007,TS,15,174,233,TEL,PLTS,"MORRIS, TERENCE",2FGM,Two Pointer,2,-7,2,D,,,,20,01:00,30,29,
2007,TS,15,174,247,TEL,PLFR,"BYNUM, WILL",2FGA,Missed Two Pointer,0,28,71,C,,,,20,01:00,30,29,
2007,TS,15,174,267,TEL,PBES,"BLUTHENTHAL, DAVID",3FGA,Missed Three Pointer,0,-461,535,J,,,,21,10:00,30,29,
2007,TS,15,174,269,OLY,P000126,"JACKSON, MARC",3FGA,Missed Three Pointer,0,-548,528,J,,,,21,10:00,30,29,
2007,TS,15,174,272,TEL,PDHD,"BATISTA, ESTEBAN",2FGM,Two Pointer,2,-115,210,D,,,,21,10:00,30,31,
2007,TS,15,174,280,TEL,PCQD,"CUMMINGS, VONTEEGO",3FGM,Three Pointer,3,269,669,G,,,,22,09:00,30,34,
2007,TS,15,174,284,TEL,PDHD,"BATISTA, ESTEBAN",2FGA,Missed Two Pointer,0,-69,82,D,,,,23,08:00,30,34,
2007,TS,15,174,286,OLY,PALG,"VASILIADIS, KOSTAS",3FGM,Three Pointer,3,402,589,G,,,,23,08:00,33,34,
2007,TS,15,174,288,TEL,PDHD,"BATISTA, ESTEBAN",2FGM,Two Pointer,2,-10,12,D,,,,23,08:00,33,36,
2007,TS,15,174,298,TEL,PLTS,"MORRIS, TERENCE",2FGM,Two Pointer,2,20,69,C,,,,24,07:00,33,38,
2007,TS,15,174,302,TEL,PBES,"BLUTHENTHAL, DAVID",2FGM,Two Pointer,2,-94,74,D,,,,24,07:00,33,40,
2007,TS,15,174,306,TEL,PBES,"BLUTHENTHAL, DAVID",FTM,Free Throw In,1,-1,-1, ,,,,24,07:00,33,41,
2007,TS,15,174,307,OLY,P000126,"JACKSON, MARC",2FGM,Two Pointer,2,-58,110,D,,,,24,07:00,35,41,
2007,TS,15,174,310,TEL,PLTS,"MORRIS, TERENCE",3FGM,Three Pointer,3,-287,623,J,,,,25,06:00,35,44,
2007,TS,15,174,312,OLY,PAQU,"BOUROUSIS, IOANNIS",3FGM,Three Pointer,3,-43,700,J,,,,25,06:00,38,44,
2007,TS,15,174,317,OLY,PALG,"VASILIADIS, KOSTAS",3FGA,Missed Three Pointer,0,-374,635,J,,,,26,05:00,38,44,
2007,TS,15,174,321,TEL,PLFR,"BYNUM, WILL",FTM,Free Throw In,1,-1,-1, ,,,,26,05:00,38,45,
2007,TS,15,174,322,TEL,PLFR,"BYNUM, WILL",FTM,Free Throw In,1,-1,-1, ,,,,26,05:00,38,46,
2007,TS,15,174,323,OLY,PJDR,"TEODOSIC, MILOS",2FGA,Missed Two Pointer,0,38,92,C,,,,26,05:00,38,46,
2007,TS,15,174,327,OLY,PCRR,"GREER, LYNN",2FGM,Two Pointer,2,-271,435,I,,,,26,05:00,40,46,
2007,TS,15,174,328,TEL,PAOZ,"HALPERIN, YOTAM",3FGA,Missed Three Pointer,0,-664,112,F,,,,26,05:00,40,46,
2007,TS,15,174,330,TEL,PLTS,"MORRIS, TERENCE",2FGM,Two Pointer,2,-12,-12,D,,,,26,05:00,40,48,
2007,TS,15,174,332,OLY,P000126,"JACKSON, MARC",2FGA,Missed Two Pointer,0,248,507,H,,,,27,04:00,40,48,
2007,TS,15,174,334,TEL,PAOZ,"HALPERIN, YOTAM",2FGM,Two Pointer,2,-43,294,D,,,,27,04:00,40,50,
2007,TS,15,174,335,OLY,PJDR,"TEODOSIC, MILOS",3FGM,Three Pointer,3,292,633,G,,,,27,04:00,43,50,
2007,TS,15,174,337,TEL,PBES,"BLUTHENTHAL, DAVID",3FGA,Missed Three Pointer,0,651,148,A,,,,28,03:00,43,50,
2007,TS,15,174,339,OLY,PALG,"VASILIADIS, KOSTAS",3FGA,Missed Three Pointer,0,-610,430,J,,,,28,03:00,43,50,
2007,TS,15,174,341,TEL,PBES,"BLUTHENTHAL, DAVID",3FGM,Three Pointer,3,674,100,A,,,,28,03:00,43,53,
2007,TS,15,174,352,OLY,PAQU,"BOUROUSIS, IOANNIS",2FGA,Missed Two Pointer,0,46,79,C,,,,29,02:00,43,53,
2007,TS,15,174,354,OLY,PJRC,"MAVROKEFALIDES, LOUKAS",2FGA,Missed Two Pointer,0,-23,28,D,,,,29,02:00,43,53,
2007,TS,15,174,357,TEL,P000615,"GARCIA, ALEX",3FGM,Three Pointer,3,-682,292,F,,,,29,02:00,43,56,
2007,TS,15,174,359,OLY,PCRR,"GREER, LYNN",3FGM,Three Pointer,3,630,233,A,,,,30,01:00,46,56,
2007,TS,15,174,372,TEL,PDHD,"BATISTA, ESTEBAN",FTM,Free Throw In,1,-1,-1, ,,,,30,01:00,46,57,
2007,TS,15,174,373,TEL,PDHD,"BATISTA, ESTEBAN",FTM,Free Throw In,1,-1,-1, ,,,,30,01:00,46,58,
2007,TS,15,174,374,OLY,PJDR,"TEODOSIC, MILOS",3FGA,Missed Three Pointer,0,-315,646,J,,,,30,01:00,46,58,
2007,TS,15,174,376,OLY,PBFY,"BLAKNEY, RODERICK",2FGA,Missed Two Pointer,0,-69,92,D,,,,30,01:00,46,58,
2007,TS,15,174,392,OLY,PJRC,"MAVROKEFALIDES, LOUKAS",2FGM,Two Pointer,2,-271,320,E,,,,31,10:00,48,58,
2007,TS,15,174,396,TEL,PDHD,"BATISTA, ESTEBAN",2FGA,Missed Two Pointer,0,-69,151,D,,,,31,10:00,48,58,
2007,TS,15,174,403,OLY,PCRR,"GREER, LYNN",3FGA,Missed Three Pointer,0,-502,571,J,,,,31,10:00,48,58,
2007,TS,15,174,412,OLY,PCRR,"GREER, LYNN",2FGM,Two Pointer,2,-123,74,D,,,,33,08:00,50,58,
2007,TS,15,174,414,OLY,PJRC,"MAVROKEFALIDES, LOUKAS",2FGA,Missed Two Pointer,0,-135,120,D,,,,33,08:00,50,58,
2007,TS,15,174,420,OLY,PJRF,"VASILOPOULOS, PANAGIOTIS",3FGA,Missed Three Pointer,0,-456,607,J,,,,34,07:00,50,58,
2007,TS,15,174,422,OLY,PJRC,"MAVROKEFALIDES, LOUKAS",2FGA,Missed Two Pointer,0,2,23,D,,,,34,07:00,50,58,
2007,TS,15,174,425,OLY,PCRR,"GREER, LYNN",2FGM,Two Pointer,2,46,100,C,,,,34,07:00,52,58,
2007,TS,15,174,427,TEL,P000615,"GARCIA, ALEX",3FGM,Three Pointer,3,-633,197,F,,,,34,07:00,52,61,
2007,TS,15,174,428,OLY,PTFV,"WOODS, QYNTEL",2FGA,Missed Two Pointer,0,-38,105,D,,,,34,07:00,52,61,
2007,TS,15,174,431,OLY,PJRF,"VASILOPOULOS, PANAGIOTIS",3FGM,Three Pointer,3,-623,346,F,,,,35,06:00,55,61,
2007,TS,15,174,433,TEL,PAOZ,"HALPERIN, YOTAM",3FGM,Three Pointer,3,-417,479,J,,,,35,06:00,55,64,
2007,TS,15,174,436,OLY,PJRC,"MAVROKEFALIDES, LOUKAS",2FGM,Two Pointer,2,20,30,C,,,,35,06:00,57,64,
2007,TS,15,174,439,TEL,PAOZ,"HALPERIN, YOTAM",2FGA,Missed Two Pointer,0,364,302,B,,,,36,05:00,57,64,
2007,TS,15,174,441,OLY,PBFY,"BLAKNEY, RODERICK",3FGA,Missed Three Pointer,0,-582,520,J,,,,36,05:00,57,64,
2007,TS,15,174,443,OLY,PJRC,"MAVROKEFALIDES, LOUKAS",2FGA,Missed Two Pointer,0,-33,74,D,,,,36,05:00,57,64,
2007,TS,15,174,447,OLY,PJRC,"MAVROKEFALIDES, LOUKAS",FTM,Free Throw In,1,-1,-1, ,,,,36,05:00,58,64,
2007,TS,15,174,451,TEL,PDHD,"BATISTA, ESTEBAN",2FGM,Two Pointer,2,53,51,C,,,,36,05:00,58,66,
2007,TS,15,174,455,TEL,PLTS,"MORRIS, TERENCE",3FGM,Three Pointer,3,366,589,G,,,,37,04:00,58,69,
2007,TS,15,174,457,OLY,P000126,"JACKSON, MARC",2FGM,Two Pointer,2,25,92,C,,,,37,04:00,60,69,
2007,TS,15,174,460,TEL,PDHD,"BATISTA, ESTEBAN",2FGA,Missed Two Pointer,0,-17,79,D,,,,38,03:00,60,69,
2007,TS,15,174,462,OLY,P000126,"JACKSON, MARC",2FGM,Two Pointer,2,-64,76,D,,,,38,03:00,62,69,
2007,TS,15,174,465,OLY,PCRR,"GREER, LYNN",2FGAB,Missed Two Pointer,0,-64,87,D,,,,38,03:00,62,69,
2007,TS,15,174,468,TEL,PLTS,"MORRIS, TERENCE",2FGM,Two Pointer,2,15,69,C,,,,38,03:00,62,71,
2007,TS,15,174,475,OLY,PCRR,"GREER, LYNN",FTM,Free Throw In,1,-1,-1, ,,,,39,02:00,63,71,
2007,TS,15,174,476,TEL,PLTS,"MORRIS, TERENCE",2FGA,Missed Two Pointer,0,66,102,C,,,,39,02:00,63,71,
2007,TS,15,174,478,OLY,PTFV,"WOODS, QYNTEL",3FGA,Missed Three Pointer,0,617,394,A,,,,39,02:00,63,71,
2007,TS,15,174,480,TEL,PLTS,"MORRIS, TERENCE",3FGA,Missed Three Pointer,0,-561,482,J,,,,39,02:00,63,71,
2007,TS,15,174,486,OLY,PCRR,"GREER, LYNN",FTM,Free Throw In,1,-1,-1, ,,,,39,02:00,64,71,
2007,TS,15,174,487,OLY,PCRR,"GREER, LYNN",FTM,Free Throw In,1,-1,-1, ,,,,39,02:00,65,71,
2007,TS,15,174,497,OLY,PCRR,"GREER, LYNN",FTM,Free Throw In,1,-1,-1, ,,,,40,01:00,66,71,
2007,TS,15,174,498,OLY,PCRR,"GREER, LYNN",FTM,Free Throw In,1,-1,-1, ,,,,40,01:00,67,71,
2007,TS,15,174,506,TEL,PAOZ,"HALPERIN, YOTAM",2FGM,Two Pointer,2,43,76,C,,,,40,01:00,67,73,
2007,TS,15,174,507,OLY,PJRF,"VASILOPOULOS, PANAGIOTIS",3FGA,Missed Three Pointer,0,171,648,G,,,,40,01:00,67,73,
2007,TS,15,174,515,TEL,PCQD,"CUMMINGS, VONTEEGO",2FGM,Two Pointer,2,-7,33,D,,,,40,01:00,67,75,
2007,TS,15,174,516,OLY,PBFY,"BLAKNEY, RODERICK",3FGA,Missed Three Pointer,0,-446,912,J,,,,40,01:00,67,75,
2007,TS,15,175,6,CSK,PJMM,"SISKAUSKAS, RAMUNAS",2FGM,Two Pointer,2,76,130,C,,,,1,10:00,2,0,
2007,TS,15,175,7,ROM,PADP,"FUCKA, GREGOR",2FGA,Missed Two Pointer,0,-315,5,E,,,,1,10:00,2,0,
2007,TS,15,175,12,CSK,PJMM,"SISKAUSKAS, RAMUNAS",2FGM,Two Pointer,2,156,543,H,,,,2,09:00,4,0,
2007,TS,15,175,13,ROM,PBWL,"LORBEK, ERAZEM",3FGM,Three Pointer,3,2,656,G,,,,2,09:00,4,3,
2007,TS,15,175,15,CSK,PAKT,"ANDERSEN, DAVID",2FGA,Missed Two Pointer,0,223,412,B,,,,2,09:00,4,3,
2007,TS,15,175,22,CSK,PAQO,"HOLDEN, JON ROBERT",3FGA,Missed Three Pointer,0,666,-48,A,,,,3,08:00,4,3,
2007,TS,15,175,253,CSK,PAKT,"ANDERSEN, DAVID",2FGA,Missed Two Pointer,0,0,0,B,,,,3,08:00,4,3,
2007,TS,15,175,281,CSK,PAQO,"HOLDEN, JON ROBERT",2FGA,Missed Two Pointer,0,0,0,B,,,,3,08:00,4,3,
2007,TS,15,175,24,ROM,P000753,"JAABER, IBRAHIM IBIN",2FGA,Missed Two Pointer,0,-35,61,D,,,,3,08:00,4,3,
2007,TS,15,175,26,ROM,P000753,"JAABER, IBRAHIM IBIN",2FGM,Two Pointer,2,43,64,C,,,,3,08:00,4,5,
2007,TS,15,175,27,CSK,PBEB,"LANGDON, TRAJAN",2FGM,Two Pointer,2,-56,10,D,,,,3,08:00,6,5,
2007,TS,15,175,31,CSK,PAQO,"HOLDEN, JON ROBERT",2FGAB,Missed Two Pointer,0,-92,130,D,,,,4,07:00,6,5,
2007,TS,15,175,39,ROM,PKZA,"HAWKINS, DAVID",3FGA,Missed Three Pointer,0,187,648,G,,,,5,06:00,6,5,
2007,TS,15,175,43,CSK,PAKT,"ANDERSEN, DAVID",FTM,Free Throw In,1,-1,-1, ,,,,5,06:00,7,5,
2007,TS,15,175,44,CSK,PAKT,"ANDERSEN, DAVID",FTM,Free Throw In,1,-1,-1, ,,,,5,06:00,8,5,
2007,TS,15,175,48,CSK,PBEB,"LANGDON, TRAJAN",2FGM,Two Pointer,2,58,38,C,,,,5,06:00,10,5,
2007,TS,15,175,49,ROM,PADP,"FUCKA, GREGOR",2FGA,Missed Two Pointer,0,48,17,C,,,,5,06:00,10,5,
2007,TS,15,175,52,CSK,PAUC,"GOREE, MARCUS",2FGA,Missed Two Pointer,0,82,97,C,,,,6,05:00,10,5,
2007,TS,15,175,54,ROM,PCJA,"UKIC, ROKO-LENI",2FGM,Two Pointer,2,28,28,C,,,,6,05:00,10,7,
2007,TS,15,175,57,ROM,PCJA,"UKIC, ROKO-LENI",2FGM,Two Pointer,2,48,17,C,,,,6,05:00,10,9,
2007,TS,15,175,66,CSK,PBEB,"LANGDON, TRAJAN",2FGA,Missed Two Pointer,0,166,79,C,,,,7,04:00,10,9,
2007,TS,15,175,67,ROM,PADP,"FUCKA, GREGOR",2FGAB,Missed Two Pointer,0,-64,166,D,,,,7,04:00,10,9,
2007,TS,15,175,286,ROM,PTFP,"BAGNOLI, SIMONE",2FGA,Missed Two Pointer,0,0,0,B,,,,7,04:00,10,9,
2007,TS,15,175,288,ROM,PADP,"FUCKA, GREGOR",2FGA,Missed Two Pointer,0,0,0,B,,,,7,04:00,10,9,
2007,TS,15,175,73,CSK,PBEB,"LANGDON, TRAJAN",FTM,Free Throw In,1,-1,-1, ,,,,7,04:00,11,9,
2007,TS,15,175,74,CSK,PBEB,"LANGDON, TRAJAN",FTM,Free Throw In,1,-1,-1, ,,,,7,04:00,12,9,
2007,TS,15,175,78,ROM,PADP,"FUCKA, GREGOR",2FGA,Missed Two Pointer,0,-189,-12,D,,,,7,04:00,12,9,
2007,TS,15,175,87,ROM,PTFP,"BAGNOLI, SIMONE",3FGA,Missed Three Pointer,0,-189,630,J,,,,7,04:00,12,9,
2007,TS,15,175,89,ROM,PCJA,"UKIC, ROKO-LENI",3FGM,Three Pointer,3,-241,620,J,,,,7,04:00,12,12,
2007,TS,15,175,100,ROM,PTFP,"BAGNOLI, SIMONE",2FGA,Missed Two Pointer,0,335,-10,B,,,,9,02:00,12,12,
2007,TS,15,175,104,ROM,PCCI,"TONOLLI, ALESSANDRO",3FGA,Missed Three Pointer,0,-638,228,F,,,,9,02:00,12,12,
2007,TS,15,175,108,ROM,PKZA,"HAWKINS, DAVID",2FGA,Missed Two Pointer,0,0,2,D,,,,9,02:00,12,12,
2007,TS,15,175,122,ROM,PKZA,"HAWKINS, DAVID",2FGM,Two Pointer,2,33,35,C,,,,10,01:00,12,14,
2007,TS,15,175,123,CSK,PATW,"PAPALOUKAS, THEODOROS",3FGM,Three Pointer,3,-656,-2,F,,,,10,01:00,15,14,
2007,TS,15,175,125,ROM,PTFP,"BAGNOLI, SIMONE",2FGA,Missed Two Pointer,0,-71,12,D,,,,10,01:00,15,14,
2007,TS,15,175,133,CSK,PAKT,"ANDERSEN, DAVID",2FGA,Missed Two Pointer,0,110,435,H,,,,11,10:00,15,14,
2007,TS,15,175,135,ROM,P000753,"JAABER, IBRAHIM IBIN",2FGM,Two Pointer,2,-92,294,D,,,,11,10:00,15,16,
2007,TS,15,175,142,ROM,P000753,"JAABER, IBRAHIM IBIN",3FGM,Three Pointer,3,-446,512,J,,,,11,10:00,15,19,
2007,TS,15,175,144,CSK,PAUC,"GOREE, MARCUS",3FGA,Missed Three Pointer,0,5,692,G,,,,12,09:00,15,19,
2007,TS,15,175,146,CSK,PATW,"PAPALOUKAS, THEODOROS",2FGM,Two Pointer,2,56,43,C,,,,12,09:00,17,19,
2007,TS,15,175,147,ROM,PADB,"DE LA FUENTE, RODRIGO",2FGA,Missed Two Pointer,0,-225,294,E,,,,12,09:00,17,19,
2007,TS,15,175,159,ROM,PKZA,"HAWKINS, DAVID",3FGA,Missed Three Pointer,0,441,538,G,,,,13,08:00,17,19,
2007,TS,15,175,161,CSK,PABN,"ZISIS, NIKOLAOS",2FGM,Two Pointer,2,74,33,C,,,,13,08:00,19,19,
2007,TS,15,175,163,ROM,PJKN,"GABINI, ROBERTO",2FGA,Missed Two Pointer,0,117,12,C,,,,13,08:00,19,19,
2007,TS,15,175,165,ROM,PADP,"FUCKA, GREGOR",2FGM,Two Pointer,2,-69,23,D,,,,13,08:00,19,21,
2007,TS,15,175,170,ROM,PADP,"FUCKA, GREGOR",FTM,Free Throw In,1,-1,-1, ,,,,13,08:00,19,22,
2007,TS,15,175,176,CSK,PBEB,"LANGDON, TRAJAN",2FGA,Missed Two Pointer,0,-133,35,D,,,,14,07:00,19,22,
2007,TS,15,175,184,CSK,PBEB,"LANGDON, TRAJAN",3FGM,Three Pointer,3,-487,451,J,,,,14,07:00,22,22,
2007,TS,15,175,191,CSK,PBEB,"LANGDON, TRAJAN",2FGA,Missed Two Pointer,0,243,456,H,,,,14,07:00,22,22,
2007,TS,15,175,194,CSK,PJMM,"SISKAUSKAS, RAMUNAS",2FGA,Missed Two Pointer,0,92,46,C,,,,15,06:00,22,22,
2007,TS,15,175,199,ROM,PCJA,"UKIC, ROKO-LENI",2FGM,Two Pointer,2,-58,20,D,,,,15,06:00,22,24,
2007,TS,15,175,200,CSK,PAQO,"HOLDEN, JON ROBERT",2FGA,Missed Two Pointer,0,-556,141,E,,,,15,06:00,22,24,
2007,TS,15,175,207,ROM,PJKN,"GABINI, ROBERTO",3FGM,Three Pointer,3,528,417,A,,,,16,05:00,22,27,
2007,TS,15,175,216,ROM,PCJA,"UKIC, ROKO-LENI",3FGA,Missed Three Pointer,0,-248,612,J,,,,16,05:00,22,27,
2007,TS,15,175,220,ROM,P000753,"JAABER, IBRAHIM IBIN",3FGA,Missed Three Pointer,0,-482,487,J,,,,17,04:00,22,27,
2007,TS,15,175,222,CSK,PJMM,"SISKAUSKAS, RAMUNAS",3FGA,Missed Three Pointer,0,-651,74,F,,,,17,04:00,22,27,
2007,TS,15,175,224,ROM,P000753,"JAABER, IBRAHIM IBIN",2FGM,Two Pointer,2,30,12,C,,,,17,04:00,22,29,
2007,TS,15,175,234,ROM,PKZA,"HAWKINS, DAVID",FTM,Free Throw In,1,-1,-1, ,,,,18,03:00,22,30,
2007,TS,15,175,235,CSK,PAQO,"HOLDEN, JON ROBERT",2FGA,Missed Two Pointer,0,469,207,B,,,,18,03:00,22,30,
2007,TS,15,175,237,CSK,PAUC,"GOREE, MARCUS",3FGA,Missed Three Pointer,0,628,228,A,,,,18,03:00,22,30,
2007,TS,15,175,239,CSK,PASG,"VAN DEN SPIEGEL, TOMAS",2FGA,Missed Two Pointer,0,74,61,C,,,,18,03:00,22,30,
2007,TS,15,175,240,CSK,PBEB,"LANGDON, TRAJAN",2FGM,Two Pointer,2,-51,17,D,,,,18,03:00,24,30,
2007,TS,15,175,248,CSK,PBEB,"LANGDON, TRAJAN",FTM,Free Throw In,1,-1,-1, ,,,,18,03:00,25,30,
2007,TS,15,175,250,ROM,PKZA,"HAWKINS, DAVID",2FGA,Missed Two Pointer,0,-430,161,E,,,,19,02:00,25,30,
2007,TS,15,175,258,CSK,PATW,"PAPALOUKAS, THEODOROS",FTM,Free Throw In,1,-1,-1, ,,,,19,02:00,26,30,
2007,TS,15,175,259,ROM,PCJA,"UKIC, ROKO-LENI",3FGA,Missed Three Pointer,0,-341,600,J,,,,19,02:00,26,30,
2007,TS,15,175,269,CSK,PAUC,"GOREE, MARCUS",FTM,Free Throw In,1,-1,-1, ,,,,20,01:00,27,30,
2007,TS,15,175,270,ROM,PADP,"FUCKA, GREGOR",2FGM,Two Pointer,2,-61,2,D,,,,20,01:00,27,32,
2007,TS,15,175,274,CSK,PBEB,"LANGDON, TRAJAN",FTM,Free Throw In,1,-1,-1, ,,,,20,01:00,28,32,
2007,TS,15,175,275,CSK,PBEB,"LANGDON, TRAJAN",FTM,Free Throw In,1,-1,-1, ,,,,20,01:00,29,32,
2007,TS,15,175,276,ROM,PCJA,"UKIC, ROKO-LENI",2FGA,Missed Two Pointer,0,41,51,C,,,,20,01:00,29,32,
2007,TS,15,175,278,ROM,P000753,"JAABER, IBRAHIM IBIN",2FGA,Missed Two Pointer,0,43,17,C,,,,20,01:00,29,32,
2007,TS,15,175,299,ROM,PADB,"DE LA FUENTE, RODRIGO",2FGM,Two Pointer,2,46,325,C,,,,21,10:00,29,34,
2007,TS,15,175,302,CSK,PAUC,"GOREE, MARCUS",FTM,Free Throw In,1,-1,-1, ,,,,21,10:00,30,34,
2007,TS,15,175,312,CSK,PJMM,"SISKAUSKAS, RAMUNAS",2FGA,Missed Two Pointer,0,-202,58,D,,,,22,09:00,30,34,
2007,TS,15,175,316,CSK,PAQO,"HOLDEN, JON ROBERT",2FGA,Missed Two Pointer,0,-66,12,D,,,,22,09:00,30,34,
2007,TS,15,175,321,CSK,PAUC,"GOREE, MARCUS",2FGM,Two Pointer,2,148,51,C,,,,22,09:00,32,34,
2007,TS,15,175,323,ROM,PADP,"FUCKA, GREGOR",2FGA,Missed Two Pointer,0,-361,-7,E,,,,23,08:00,32,34,
2007,TS,15,175,329,CSK,PAKT,"ANDERSEN, DAVID",FTM,Free Throw In,1,-1,-1, ,,,,23,08:00,33,34,
2007,TS,15,175,330,CSK,PAKT,"ANDERSEN, DAVID",FTM,Free Throw In,1,-1,-1, ,,,,23,08:00,34,34,
2007,TS,15,175,331,ROM,PBWL,"LORBEK, ERAZEM",2FGM,Two Pointer,2,284,358,B,,,,23,08:00,34,36,
2007,TS,15,175,338,CSK,PAQO,"HOLDEN, JON ROBERT",FTM,Free Throw In,1,-1,-1, ,,,,24,07:00,35,36,
2007,TS,15,175,339,CSK,PAQO,"HOLDEN, JON ROBERT",FTM,Free Throw In,1,-1,-1, ,,,,24,07:00,36,36,
2007,TS,15,175,340,ROM,PJKN,"GABINI, ROBERTO",2FGA,Missed Two Pointer,0,-89,17,D,,,,24,07:00,36,36,
2007,TS,15,175,344,CSK,PBEB,"LANGDON, TRAJAN",2FGAB,Missed Two Pointer,0,87,56,C,,,,24,07:00,36,36,
2007,TS,15,175,350,ROM,PADB,"DE LA FUENTE, RODRIGO",2FGM,Two Pointer,2,-56,7,D,,,,24,07:00,36,38,
2007,TS,15,175,352,CSK,PJMM,"SISKAUSKAS, RAMUNAS",2FGA,Missed Two Pointer,0,79,2,C,,,,25,06:00,36,38,
2007,TS,15,175,354,ROM,PCCI,"TONOLLI, ALESSANDRO",3FGM,Three Pointer,3,46,674,G,,,,25,06:00,36,41,
2007,TS,15,175,356,CSK,PAKT,"ANDERSEN, DAVID",2FGM,Two Pointer,2,-333,-23,E,,,,25,06:00,38,41,
2007,TS,15,175,358,ROM,PADB,"DE LA FUENTE, RODRIGO",2FGA,Missed Two Pointer,0,225,58,C,,,,26,05:00,38,41,
2007,TS,15,175,360,CSK,PAUC,"GOREE, MARCUS",3FGA,Missed Three Pointer,0,658,-64,A,,,,26,05:00,38,41,
2007,TS,15,175,369,ROM,PCCI,"TONOLLI, ALESSANDRO",3FGM,Three Pointer,3,-648,-7,F,,,,26,05:00,38,44,
2007,TS,15,175,372,CSK,PBEB,"LANGDON, TRAJAN",3FGA,Missed Three Pointer,0,-543,412,F,,,,27,04:00,38,44,
2007,TS,15,175,374,CSK,PBCQ,"KHRYAPA, VICTOR",2FGM,Two Pointer,2,-69,15,D,,,,27,04:00,40,44,
2007,TS,15,175,376,ROM,PBWL,"LORBEK, ERAZEM",3FGA,Missed Three Pointer,0,215,643,G,,,,27,04:00,40,44,
2007,TS,15,175,378,CSK,PBCQ,"KHRYAPA, VICTOR",3FGA,Missed Three Pointer,0,-333,584,J,,,,27,04:00,40,44,
2007,TS,15,175,381,CSK,PBCQ,"KHRYAPA, VICTOR",2FGM,Two Pointer,2,305,420,B,,,,28,03:00,42,44,
2007,TS,15,175,385,ROM,PADB,"DE LA FUENTE, RODRIGO",2FGAB,Missed Two Pointer,0,161,376,C,,,,28,03:00,42,44,
2007,TS,15,175,391,ROM,PBWL,"LORBEK, ERAZEM",2FGM,Two Pointer,2,-356,166,E,,,,29,02:00,42,46,
2007,TS,15,175,392,CSK,PAQO,"HOLDEN, JON ROBERT",3FGA,Missed Three Pointer,0,-646,148,F,,,,29,02:00,42,46,
2007,TS,15,175,394,ROM,PCJA,"UKIC, ROKO-LENI",3FGM,Three Pointer,3,192,648,G,,,,29,02:00,42,49,
2007,TS,15,175,396,CSK,PAQO,"HOLDEN, JON ROBERT",2FGA,Missed Two Pointer,0,-151,258,D,,,,29,02:00,42,49,
2007,TS,15,175,399,ROM,P000753,"JAABER, IBRAHIM IBIN",2FGA,Missed Two Pointer,0,-92,30,D,,,,30,01:00,42,49,
2007,TS,15,175,401,ROM,P000753,"JAABER, IBRAHIM IBIN",2FGM,Two Pointer,2,-69,-10,D,,,,30,01:00,42,51,
2007,TS,15,175,407,CSK,PBCQ,"KHRYAPA, VICTOR",3FGA,Missed Three Pointer,0,-661,-76,F,,,,30,01:00,42,51,
2007,TS,15,175,411,CSK,PJMM,"SISKAUSKAS, RAMUNAS",FTM,Free Throw In,1,-1,-1, ,,,,30,01:00,43,51,
2007,TS,15,175,412,CSK,PJMM,"SISKAUSKAS, RAMUNAS",FTM,Free Throw In,1,-1,-1, ,,,,30,01:00,44,51,
2007,TS,15,175,417,ROM,PADP,"FUCKA, GREGOR",2FGAB,Missed Two Pointer,0,161,48,C,,,,30,01:00,44,51,
2007,TS,15,175,429,CSK,PAQO,"HOLDEN, JON ROBERT",2FGM,Two Pointer,2,43,2,C,,,,31,10:00,46,51,
2007,TS,15,175,433,CSK,PAQO,"HOLDEN, JON ROBERT",FTM,Free Throw In,1,-1,-1, ,,,,31,10:00,47,51,
2007,TS,15,175,434,ROM,PADB,"DE LA FUENTE, RODRIGO",3FGM,Three Pointer,3,-625,289,F,,,,31,10:00,47,54,
2007,TS,15,175,436,CSK,PATW,"PAPALOUKAS, THEODOROS",2FGM,Two Pointer,2,-69,-2,D,,,,31,10:00,49,54,
2007,TS,15,175,440,ROM,PBWL,"LORBEK, ERAZEM",2FGM,Two Pointer,2,51,23,C,,,,32,09:00,49,56,
2007,TS,15,175,442,CSK,PBEB,"LANGDON, TRAJAN",3FGM,Three Pointer,3,-558,366,F,,,,32,09:00,52,56,
2007,TS,15,175,448,CSK,PAUC,"GOREE, MARCUS",2FGM,Two Pointer,2,-197,5,D,,,,33,08:00,54,56,
2007,TS,15,175,450,ROM,PKZA,"HAWKINS, DAVID",2FGM,Two Pointer,2,23,225,C,,,,33,08:00,54,58,
2007,TS,15,175,452,CSK,PAUC,"GOREE, MARCUS",2FGA,Missed Two Pointer,0,-135,25,D,,,,34,07:00,54,58,
2007,TS,15,175,454,ROM,PBWL,"LORBEK, ERAZEM",2FGAB,Missed Two Pointer,0,-125,28,D,,,,34,07:00,54,58,
2007,TS,15,175,458,ROM,PADB,"DE LA FUENTE, RODRIGO",2FGA,Missed Two Pointer,0,320,215,B,,,,34,07:00,54,58,
2007,TS,15,175,460,ROM,PKZA,"HAWKINS, DAVID",2FGM,Two Pointer,2,0,471,I,,,,34,07:00,54,60,
2007,TS,15,175,462,CSK,PAQO,"HOLDEN, JON ROBERT",2FGA,Missed Two Pointer,0,369,25,B,,,,35,06:00,54,60,
2007,TS,15,175,475,ROM,PBWL,"LORBEK, ERAZEM",2FGM,Two Pointer,2,-53,-20,D,,,,35,06:00,54,62,
2007,TS,15,175,478,CSK,PBEB,"LANGDON, TRAJAN",3FGA,Missed Three Pointer,0,512,423,A,,,,35,06:00,54,62,
2007,TS,15,175,481,ROM,PBWL,"LORBEK, ERAZEM",2FGA,Missed Two Pointer,0,430,61,B,,,,36,05:00,54,62,
2007,TS,15,175,483,ROM,PKZA,"HAWKINS, DAVID",2FGM,Two Pointer,2,-374,476,I,,,,36,05:00,54,64,
2007,TS,15,175,488,CSK,PAQO,"HOLDEN, JON ROBERT",FTM,Free Throw In,1,-1,-1, ,,,,37,04:00,55,64,
2007,TS,15,175,490,ROM,PKZA,"HAWKINS, DAVID",2FGM,Two Pointer,2,-48,0,D,,,,37,04:00,55,66,
2007,TS,15,175,495,CSK,PJMM,"SISKAUSKAS, RAMUNAS",FTM,Free Throw In,1,-1,-1, ,,,,37,04:00,56,66,
2007,TS,15,175,502,ROM,PCJA,"UKIC, ROKO-LENI",3FGA,Missed Three Pointer,0,-530,369,F,,,,37,04:00,56,66,
2007,TS,15,175,504,CSK,PAKT,"ANDERSEN, DAVID",2FGA,Missed Two Pointer,0,305,100,B,,,,37,04:00,56,66,
2007,TS,15,175,513,ROM,PKZA,"HAWKINS, DAVID",FTM,Free Throw In,1,-1,-1, ,,,,38,03:00,56,67,
2007,TS,15,175,516,CSK,PATW,"PAPALOUKAS, THEODOROS",2FGM,Two Pointer,2,74,51,C,,,,38,03:00,58,67,
2007,TS,15,175,517,ROM,PADB,"DE LA FUENTE, RODRIGO",2FGA,Missed Two Pointer,0,-105,123,D,,,,38,03:00,58,67,
2007,TS,15,175,519,CSK,PJMM,"SISKAUSKAS, RAMUNAS",3FGM,Three Pointer,3,148,641,G,,,,38,03:00,61,67,
2007,TS,15,175,530,CSK,PATW,"PAPALOUKAS, THEODOROS",3FGM,Three Pointer,3,435,512,G,,,,39,02:00,64,67,
2007,TS,15,175,534,ROM,PBWL,"LORBEK, ERAZEM",FTM,Free Throw In,1,-1,-1, ,,,,39,02:00,64,68,
2007,TS,15,175,535,ROM,PBWL,"LORBEK, ERAZEM",FTM,Free Throw In,1,-1,-1, ,,,,39,02:00,64,69,
2007,TS,15,175,563,CSK,PAUC,"GOREE, MARCUS",2FGA,Missed Two Pointer,0,0,0,B,,,,39,02:00,64,69,
2007,TS,15,175,562,CSK,PAQO,"HOLDEN, JON ROBERT",3FGA,Missed Three Pointer,0,0,0,A,,,,39,02:00,64,69,
2007,TS,15,175,558,CSK,PJMM,"SISKAUSKAS, RAMUNAS",3FGA,Missed Three Pointer,0,0,0,A,,,,39,02:00,64,69,
2007,TS,15,175,537,CSK,PBEB,"LANGDON, TRAJAN",2FGM,Two Pointer,2,56,71,C,,,,40,01:00,66,69,
2007,TS,15,175,541,ROM,PCJA,"UKIC, ROKO-LENI",FTM,Free Throw In,1,-1,-1, ,,,,40,01:00,66,70,
2007,TS,15,175,542,CSK,PATW,"PAPALOUKAS, THEODOROS",2FGM,Two Pointer,2,-53,-10,D,,,,40,01:00,68,70,
2007,TS,15,175,548,CSK,PATW,"PAPALOUKAS, THEODOROS",FTM,Free Throw In,1,-1,-1, ,,,,40,01:00,69,70,
2007,TS,15,175,553,ROM,P000753,"JAABER, IBRAHIM IBIN",FTM,Free Throw In,1,-1,-1, ,,,,40,01:00,69,71,
2007,TS,15,175,556,CSK,PBEB,"LANGDON, TRAJAN",3FGM,Three Pointer,3,300,587,G,,,,40,01:00,72,71,
2007,TS,15,176,3,BAR,PADS,"BASILE, GIANLUCA",3FGA,Missed Three Pointer,0,-615,282,F,,,,1,10:00,0,0,
2007,TS,15,176,8,MAL,PKMV,"HAISLIP, MARCUS",2FGAB,Missed Two Pointer,0,5,58,C,,,,1,10:00,0,0,
2007,TS,15,176,12,BAR,PAHW,"MARCONATO, DENIS",2FGA,Missed Two Pointer,0,320,307,B,,,,1,10:00,0,0,
2007,TS,15,176,15,MAL,PBOV,"POPOVIC, BOJAN",3FGA,Missed Three Pointer,0,382,579,G,,,,2,09:00,0,0,
2007,TS,15,176,17,MAL,PKMV,"HAISLIP, MARCUS",2FGA,Missed Two Pointer,0,-25,15,D,,,,2,09:00,0,0,
2007,TS,15,176,19,BAR,PAHW,"MARCONATO, DENIS",2FGM,Two Pointer,2,-346,251,E,,,,2,09:00,2,0,
2007,TS,15,176,21,MAL,PTGE,"NDONG, BONIFACE",2FGM,Two Pointer,2,-92,400,D,,,,2,09:00,2,2,
2007,TS,15,176,24,BAR,PAXC,"VAZQUEZ, FRAN",2FGM,Two Pointer,2,-384,94,E,,,,3,08:00,4,2,
2007,TS,15,176,26,MAL,PTGE,"NDONG, BONIFACE",2FGA,Missed Two Pointer,0,61,528,H,,,,3,08:00,4,2,
2007,TS,15,176,28,BAR,PAXC,"VAZQUEZ, FRAN",2FGM,Two Pointer,2,-7,12,D,,,,3,08:00,6,2,
2007,TS,15,176,30,MAL,PBOV,"POPOVIC, BOJAN",2FGA,Missed Two Pointer,0,-197,48,D,,,,3,08:00,6,2,
2007,TS,15,176,32,BAR,PJKP,"ILYASOVA, ERSAN",2FGA,Missed Two Pointer,0,-43,17,D,,,,3,08:00,6,2,
2007,TS,15,176,35,BAR,PAXC,"VAZQUEZ, FRAN",2FGA,Missed Two Pointer,0,576,-15,B,,,,4,07:00,6,2,
2007,TS,15,176,37,MAL,PBOV,"POPOVIC, BOJAN",2FGA,Missed Two Pointer,0,-41,0,D,,,,4,07:00,6,2,
2007,TS,15,176,41,MAL,PBOV,"POPOVIC, BOJAN",2FGA,Missed Two Pointer,0,143,97,C,,,,4,07:00,6,2,
2007,TS,15,176,45,MAL,PKMV,"HAISLIP, MARCUS",2FGM,Two Pointer,2,0,38,D,,,,5,06:00,6,4,
2007,TS,15,176,50,MAL,PKMV,"HAISLIP, MARCUS",FTM,Free Throw In,1,-1,-1, ,,,,5,06:00,6,5,
2007,TS,15,176,52,BAR,PATA,"LAKOVIC, JAKA",2FGAB,Missed Two Pointer,0,-41,17,D,,,,5,06:00,6,5,
2007,TS,15,176,63,MAL,PKMV,"HAISLIP, MARCUS",2FGAB,Missed Two Pointer,0,28,102,C,,,,6,05:00,6,5,
2007,TS,15,176,75,BAR,PAXC,"VAZQUEZ, FRAN",2FGM,Two Pointer,2,515,23,B,,,,6,05:00,8,5,
2007,TS,15,176,82,BAR,PBKE,"GRIMAU, ROGER",2FGA,Missed Two Pointer,0,38,2,C,,,,7,04:00,8,5,
2007,TS,15,176,87,BAR,PBKE,"GRIMAU, ROGER",3FGA,Missed Three Pointer,0,-648,138,F,,,,7,04:00,8,5,
2007,TS,15,176,96,BAR,PBOD,"KASUN, MARIO",2FGA,Missed Two Pointer,0,-74,46,D,,,,8,03:00,8,5,
2007,TS,15,176,98,BAR,PBOD,"KASUN, MARIO",2FGM,Two Pointer,2,35,-2,C,,,,8,03:00,10,5,
2007,TS,15,176,99,MAL,PJXV,"CASTLE, TERREL",2FGA,Missed Two Pointer,0,-282,220,E,,,,8,03:00,10,5,
2007,TS,15,176,101,BAR,PBOD,"KASUN, MARIO",2FGM,Two Pointer,2,-20,0,D,,,,8,03:00,12,5,
2007,TS,15,176,109,MAL,PKMV,"HAISLIP, MARCUS",2FGM,Two Pointer,2,-394,64,E,,,,9,02:00,12,7,
2007,TS,15,176,110,BAR,PAZU,"SANCHEZ, PEPE",2FGA,Missed Two Pointer,0,-361,74,E,,,,9,02:00,12,7,
2007,TS,15,176,112,BAR,PBOD,"KASUN, MARIO",2FGAB,Missed Two Pointer,0,-89,38,D,,,,9,02:00,12,7,
2007,TS,15,176,121,MAL,PAWS,"RODRIGUEZ, BERNI",FTM,Free Throw In,1,-1,-1, ,,,,10,01:00,12,8,
2007,TS,15,176,122,MAL,PAWS,"RODRIGUEZ, BERNI",FTM,Free Throw In,1,-1,-1, ,,,,10,01:00,12,9,
2007,TS,15,176,125,BAR,PJJF,"TRIAS, JORDI",2FGM,Two Pointer,2,-56,82,D,,,,10,01:00,14,9,
2007,TS,15,176,127,MAL,PKMV,"HAISLIP, MARCUS",2FGA,Missed Two Pointer,0,392,61,B,,,,10,01:00,14,9,
2007,TS,15,176,129,BAR,PBKE,"GRIMAU, ROGER",2FGM,Two Pointer,2,-30,5,D,,,,10,01:00,16,9,
2007,TS,15,176,132,BAR,PBKE,"GRIMAU, ROGER",FTM,Free Throw In,1,-1,-1, ,,,,10,01:00,17,9,
2007,TS,15,176,135,MAL,PKMV,"HAISLIP, MARCUS",2FGA,Missed Two Pointer,0,0,141,D,,,,10,01:00,17,9,
2007,TS,15,176,150,MAL,PAFJ,"KUS, DAVOR",2FGM,Two Pointer,2,-5,28,D,,,,11,10:00,17,11,
2007,TS,15,176,157,BAR,PAHW,"MARCONATO, DENIS",2FGM,Two Pointer,2,100,592,H,,,,11,10:00,19,11,
2007,TS,15,176,160,MAL,PAFJ,"KUS, DAVOR",3FGM,Three Pointer,3,664,35,A,,,,12,09:00,19,14,
2007,TS,15,176,162,BAR,PJJF,"TRIAS, JORDI",2FGM,Two Pointer,2,-7,7,D,,,,12,09:00,21,14,
2007,TS,15,176,164,MAL,PKML,"SANTIAGO, DANIEL",2FGM,Two Pointer,2,0,10,D,,,,12,09:00,21,16,
2007,TS,15,176,166,BAR,PAHW,"MARCONATO, DENIS",2FGM,Two Pointer,2,361,312,B,,,,13,08:00,23,16,
2007,TS,15,176,170,BAR,PAZU,"SANCHEZ, PEPE",2FGA,Missed Two Pointer,0,-61,0,D,,,,13,08:00,23,16,
2007,TS,15,176,172,MAL,PAWS,"RODRIGUEZ, BERNI",3FGA,Missed Three Pointer,0,510,415,A,,,,13,08:00,23,16,
2007,TS,15,176,181,MAL,PBIM,"GABRIEL, GERMAN",3FGA,Missed Three Pointer,0,-623,187,F,,,,14,07:00,23,16,
2007,TS,15,176,183,BAR,PJJF,"TRIAS, JORDI",2FGM,Two Pointer,2,-2,7,D,,,,14,07:00,25,16,
2007,TS,15,176,185,MAL,PBIM,"GABRIEL, GERMAN",2FGM,Two Pointer,2,5,94,C,,,,14,07:00,25,18,
2007,TS,15,176,192,BAR,PATA,"LAKOVIC, JAKA",FTM,Free Throw In,1,-1,-1, ,,,,14,07:00,26,18,
2007,TS,15,176,193,BAR,PATA,"LAKOVIC, JAKA",FTM,Free Throw In,1,-1,-1, ,,,,14,07:00,27,18,
2007,TS,15,176,196,MAL,PAFJ,"KUS, DAVOR",2FGA,Missed Two Pointer,0,112,482,H,,,,14,07:00,27,18,
2007,TS,15,176,199,BAR,PATA,"LAKOVIC, JAKA",3FGM,Three Pointer,3,92,669,G,,,,15,06:00,30,18,
2007,TS,15,176,205,MAL,PKMV,"HAISLIP, MARCUS",2FGA,Missed Two Pointer,0,7,79,C,,,,15,06:00,30,18,
2007,TS,15,176,207,MAL,PKMV,"HAISLIP, MARCUS",2FGM,Two Pointer,2,10,30,C,,,,15,06:00,30,20,
2007,TS,15,176,211,BAR,PATA,"LAKOVIC, JAKA",3FGA,Missed Three Pointer,0,-10,684,J,,,,16,05:00,30,20,
2007,TS,15,176,215,MAL,PBIM,"GABRIEL, GERMAN",3FGM,Three Pointer,3,541,441,G,,,,16,05:00,30,23,
2007,TS,15,176,217,BAR,P000751,"NEAL, GARY",2FGA,Missed Two Pointer,0,-520,153,E,,,,16,05:00,30,23,
2007,TS,15,176,219,MAL,PAFJ,"KUS, DAVOR",2FGA,Missed Two Pointer,0,28,2,C,,,,16,05:00,30,23,
2007,TS,15,176,226,BAR,PJKP,"ILYASOVA, ERSAN",3FGA,Missed Three Pointer,0,12,664,G,,,,17,04:00,30,23,
2007,TS,15,176,228,BAR,PJKP,"ILYASOVA, ERSAN",2FGA,Missed Two Pointer,0,-115,141,D,,,,17,04:00,30,23,
2007,TS,15,176,232,MAL,PAFJ,"KUS, DAVOR",2FGA,Missed Two Pointer,0,-220,553,I,,,,17,04:00,30,23,
2007,TS,15,176,234,BAR,PATA,"LAKOVIC, JAKA",2FGM,Two Pointer,2,-20,-2,D,,,,17,04:00,32,23,
2007,TS,15,176,236,MAL,PBIM,"GABRIEL, GERMAN",2FGAB,Missed Two Pointer,0,51,53,C,,,,18,03:00,32,23,
2007,TS,15,176,240,MAL,PAGQ,"WELSCH, JIRI",2FGAB,Missed Two Pointer,0,84,35,C,,,,18,03:00,32,23,
2007,TS,15,176,244,BAR,PJKP,"ILYASOVA, ERSAN",3FGA,Missed Three Pointer,0,-653,53,F,,,,18,03:00,32,23,
2007,TS,15,176,246,MAL,PBOV,"POPOVIC, BOJAN",3FGM,Three Pointer,3,669,35,A,,,,18,03:00,32,26,
2007,TS,15,176,247,BAR,PATA,"LAKOVIC, JAKA",2FGM,Two Pointer,2,-15,20,D,,,,18,03:00,34,26,
2007,TS,15,176,250,MAL,PKMV,"HAISLIP, MARCUS",3FGM,Three Pointer,3,-166,651,J,,,,19,02:00,34,29,
2007,TS,15,176,251,BAR,PAXC,"VAZQUEZ, FRAN",2FGM,Two Pointer,2,-5,-2,D,,,,19,02:00,36,29,
2007,TS,15,176,256,MAL,PBIM,"GABRIEL, GERMAN",FTM,Free Throw In,1,-1,-1, ,,,,19,02:00,36,30,
2007,TS,15,176,257,MAL,PBIM,"GABRIEL, GERMAN",FTM,Free Throw In,1,-1,-1, ,,,,19,02:00,36,31,
2007,TS,15,176,265,BAR,PATA,"LAKOVIC, JAKA",FTM,Free Throw In,1,-1,-1, ,,,,19,02:00,37,31,
2007,TS,15,176,266,BAR,PATA,"LAKOVIC, JAKA",FTM,Free Throw In,1,-1,-1, ,,,,19,02:00,38,31,
2007,TS,15,176,267,BAR,PATA,"LAKOVIC, JAKA",FTM,Free Throw In,1,-1,-1, ,,,,19,02:00,39,31,
2007,TS,15,176,268,BAR,PATA,"LAKOVIC, JAKA",FTM,Free Throw In,1,-1,-1, ,,,,19,02:00,40,31,
2007,TS,15,176,271,BAR,PJKP,"ILYASOVA, ERSAN",3FGA,Missed Three Pointer,0,-438,571,J,,,,20,01:00,40,31,
2007,TS,15,176,287,BAR,P000751,"NEAL, GARY",2FGA,Missed Two Pointer,0,-123,79,D,,,,20,01:00,40,31,
2007,TS,15,176,300,BAR,PBKE,"GRIMAU, ROGER",2FGM,Two Pointer,2,15,-5,C,,,,21,10:00,42,31,
2007,TS,15,176,305,MAL,PAGQ,"WELSCH, JIRI",2FGM,Two Pointer,2,-338,94,E,,,,22,09:00,42,33,
2007,TS,15,176,314,BAR,PBKE,"GRIMAU, ROGER",2FGM,Two Pointer,2,5,17,C,,,,23,08:00,44,33,
2007,TS,15,176,324,BAR,PAZU,"SANCHEZ, PEPE",3FGA,Missed Three Pointer,0,-571,338,F,,,,23,08:00,44,33,
2007,TS,15,176,327,MAL,PBIM,"GABRIEL, GERMAN",3FGA,Missed Three Pointer,0,-423,569,J,,,,24,07:00,44,33,
2007,TS,15,176,329,BAR,PADS,"BASILE, GIANLUCA",3FGA,Missed Three Pointer,0,607,400,A,,,,24,07:00,44,33,
2007,TS,15,176,331,MAL,PTGE,"NDONG, BONIFACE",2FGM,Two Pointer,2,-10,284,D,,,,24,07:00,44,35,
2007,TS,15,176,333,BAR,PAXC,"VAZQUEZ, FRAN",2FGM,Two Pointer,2,5,7,C,,,,24,07:00,46,35,
2007,TS,15,176,340,MAL,PBIM,"GABRIEL, GERMAN",FTM,Free Throw In,1,-1,-1, ,,,,25,06:00,46,36,
2007,TS,15,176,341,MAL,PBIM,"GABRIEL, GERMAN",FTM,Free Throw In,1,-1,-1, ,,,,25,06:00,46,37,
2007,TS,15,176,363,MAL,PAGQ,"WELSCH, JIRI",FTM,Free Throw In,1,-1,-1, ,,,,26,05:00,46,38,
2007,TS,15,176,364,MAL,PAGQ,"WELSCH, JIRI",FTM,Free Throw In,1,-1,-1, ,,,,26,05:00,46,39,
2007,TS,15,176,367,BAR,PLGC,"ACKER, ALEX",3FGA,Missed Three Pointer,0,-294,600,J,,,,26,05:00,46,39,
2007,TS,15,176,375,MAL,PBOV,"POPOVIC, BOJAN",FTM,Free Throw In,1,-1,-1, ,,,,26,05:00,46,40,
2007,TS,15,176,376,MAL,PBOV,"POPOVIC, BOJAN",FTM,Free Throw In,1,-1,-1, ,,,,26,05:00,46,41,
2007,TS,15,176,380,MAL,PKMV,"HAISLIP, MARCUS",2FGA,Missed Two Pointer,0,-25,130,D,,,,27,04:00,46,41,
2007,TS,15,176,384,MAL,PTGE,"NDONG, BONIFACE",2FGA,Missed Two Pointer,0,-30,7,D,,,,27,04:00,46,41,
2007,TS,15,176,386,MAL,PKMV,"HAISLIP, MARCUS",2FGM,Two Pointer,2,-25,28,D,,,,27,04:00,46,43,
2007,TS,15,176,387,BAR,PADS,"BASILE, GIANLUCA",2FGA,Missed Two Pointer,0,25,38,C,,,,27,04:00,46,43,
2007,TS,15,176,392,BAR,PATA,"LAKOVIC, JAKA",3FGA,Missed Three Pointer,0,33,697,G,,,,28,03:00,46,43,
2007,TS,15,176,396,BAR,PLGC,"ACKER, ALEX",3FGM,Three Pointer,3,666,66,A,,,,28,03:00,49,43,
2007,TS,15,176,397,MAL,PAWS,"RODRIGUEZ, BERNI",2FGA,Missed Two Pointer,0,-46,20,D,,,,28,03:00,49,43,
2007,TS,15,176,399,MAL,PTGE,"NDONG, BONIFACE",2FGM,Two Pointer,2,-7,15,D,,,,28,03:00,49,45,
2007,TS,15,176,401,BAR,PATA,"LAKOVIC, JAKA",3FGA,Missed Three Pointer,0,-584,310,F,,,,29,02:00,49,45,
2007,TS,15,176,405,BAR,PADS,"BASILE, GIANLUCA",2FGA,Missed Two Pointer,0,-438,23,E,,,,29,02:00,49,45,
2007,TS,15,176,409,BAR,PLGC,"ACKER, ALEX",2FGA,Missed Two Pointer,0,-292,507,I,,,,29,02:00,49,45,
2007,TS,15,176,412,BAR,PLGC,"ACKER, ALEX",2FGM,Two Pointer,2,335,425,B,,,,30,01:00,51,45,
2007,TS,15,176,413,MAL,PLTZ,"SANDERS, MELVIN",3FGA,Missed Three Pointer,0,-625,310,F,,,,30,01:00,51,45,
2007,TS,15,176,415,MAL,PAWS,"RODRIGUEZ, BERNI",2FGM,Two Pointer,2,-5,194,D,,,,30,01:00,51,47,
2007,TS,15,176,418,BAR,PADS,"BASILE, GIANLUCA",2FGM,Two Pointer,2,5,107,C,,,,30,01:00,53,47,
2007,TS,15,176,427,MAL,PKMV,"HAISLIP, MARCUS",2FGAB,Missed Two Pointer,0,-43,184,D,,,,31,10:00,53,47,
2007,TS,15,176,431,MAL,PLTZ,"SANDERS, MELVIN",2FGA,Missed Two Pointer,0,-30,53,D,,,,31,10:00,53,47,
2007,TS,15,176,433,MAL,PLTZ,"SANDERS, MELVIN",2FGM,Two Pointer,2,-12,79,D,,,,31,10:00,53,49,
2007,TS,15,176,434,BAR,PADS,"BASILE, GIANLUCA",2FGM,Two Pointer,2,2,33,D,,,,31,10:00,55,49,
2007,TS,15,176,437,BAR,PLGC,"ACKER, ALEX",2FGA,Missed Two Pointer,0,33,79,C,,,,31,10:00,55,49,
2007,TS,15,176,449,MAL,PKMV,"HAISLIP, MARCUS",3FGM,Three Pointer,3,-669,5,F,,,,32,09:00,55,52,
2007,TS,15,176,460,BAR,PLGC,"ACKER, ALEX",2FGM,Two Pointer,2,64,74,C,,,,33,08:00,57,52,
2007,TS,15,176,462,MAL,PAFJ,"KUS, DAVOR",3FGA,Missed Three Pointer,0,-76,705,J,,,,34,07:00,57,52,
2007,TS,15,176,468,BAR,PATA,"LAKOVIC, JAKA",3FGA,Missed Three Pointer,0,523,594,G,,,,34,07:00,57,52,
2007,TS,15,176,477,BAR,PLGC,"ACKER, ALEX",2FGM,Two Pointer,2,20,212,C,,,,34,07:00,59,52,
2007,TS,15,176,479,MAL,PAFJ,"KUS, DAVOR",3FGM,Three Pointer,3,-451,584,J,,,,35,06:00,59,55,
2007,TS,15,176,481,BAR,PAZU,"SANCHEZ, PEPE",3FGM,Three Pointer,3,-169,694,J,,,,35,06:00,62,55,
2007,TS,15,176,484,MAL,PJXV,"CASTLE, TERREL",2FGA,Missed Two Pointer,0,61,51,C,,,,36,05:00,62,55,
2007,TS,15,176,486,BAR,PADS,"BASILE, GIANLUCA",2FGA,Missed Two Pointer,0,-197,474,I,,,,36,05:00,62,55,
2007,TS,15,176,494,BAR,PAZU,"SANCHEZ, PEPE",3FGA,Missed Three Pointer,0,556,533,G,,,,37,04:00,62,55,
2007,TS,15,176,498,MAL,PAWS,"RODRIGUEZ, BERNI",3FGM,Three Pointer,3,658,128,A,,,,37,04:00,62,58,
2007,TS,15,176,500,BAR,PLGC,"ACKER, ALEX",2FGA,Missed Two Pointer,0,500,289,B,,,,37,04:00,62,58,
2007,TS,15,176,504,BAR,PAZU,"SANCHEZ, PEPE",2FGA,Missed Two Pointer,0,41,33,C,,,,38,03:00,62,58,
2007,TS,15,176,506,MAL,PAWS,"RODRIGUEZ, BERNI",3FGA,Missed Three Pointer,0,451,646,G,,,,38,03:00,62,58,
2007,TS,15,176,509,BAR,PLGC,"ACKER, ALEX",2FGAB,Missed Two Pointer,0,7,38,C,,,,39,02:00,62,58,
2007,TS,15,176,513,BAR,PADS,"BASILE, GIANLUCA",2FGA,Missed Two Pointer,0,369,300,B,,,,39,02:00,62,58,
2007,TS,15,176,523,BAR,PBKE,"GRIMAU, ROGER",2FGAB,Missed Two Pointer,0,56,17,C,,,,39,02:00,62,58,
2007,TS,15,176,528,MAL,PAFJ,"KUS, DAVOR",2FGM,Two Pointer,2,402,353,B,,,,40,01:00,62,60,
2007,TS,15,176,534,BAR,PAZU,"SANCHEZ, PEPE",FTM,Free Throw In,1,-1,-1, ,,,,40,01:00,63,60,
2007,TS,15,176,547,MAL,PAWS,"RODRIGUEZ, BERNI",FTM,Free Throw In,1,-1,-1, ,,,,40,01:00,63,61,
2007,TS,15,176,556,BAR,PATA,"LAKOVIC, JAKA",FTM,Free Throw In,1,-1,-1, ,,,,40,01:00,64,61,
2007,TS,15,176,568,MAL,PAFJ,"KUS, DAVOR",FTM,Free Throw In,1,-1,-1, ,,,,40,01:00,64,62,
2007,TS,15,176,571,MAL,PTGE,"NDONG, BONIFACE",2FGA,Missed Two Pointer,0,-125,69,D,,,,40,01:00,64,62,
2007,TS,15,176,573,MAL,PAGQ,"WELSCH, JIRI",2FGA,Missed Two Pointer,0,164,17,C,,,,40,01:00,64,62,
2007,TS,16,177,3,PAR,PBFB,"TRIPKOVIC, UROS",3FGM,Three Pointer,3,676,33,A,,,,1,10:00,0,3,
2007,TS,16,177,5,PAN,PTFY,"WINSTON, KENNEDY",2FGA,Missed Two Pointer,0,-471,317,E,,,,1,10:00,0,3,
2007,TS,16,177,7,PAR,PTGU,"PALACIO, MILT",3FGA,Missed Three Pointer,0,2,669,G,,,,1,10:00,0,3,
2007,TS,16,177,9,PAR,PBGJ,"VRANES, SLAVKO",2FGA,Missed Two Pointer,0,128,30,C,,,,1,10:00,0,3,
2007,TS,16,177,11,PAR,PBFB,"TRIPKOVIC, UROS",3FGA,Missed Three Pointer,0,69,674,G,,,,1,10:00,0,3,
2007,TS,16,177,17,PAN,PTFY,"WINSTON, KENNEDY",FTM,Free Throw In,1,-1,-1, ,,,,2,09:00,1,3,
2007,TS,16,177,18,PAR,PBFE,"KECMAN, DUSAN",3FGM,Three Pointer,3,415,538,G,,,,2,09:00,1,6,
2007,TS,16,177,20,PAN,PJKO,"DIAMANTIDIS, DIMITRIS",3FGM,Three Pointer,3,41,661,G,,,,2,09:00,4,6,
2007,TS,16,177,23,PAR,PBFB,"TRIPKOVIC, UROS",2FGA,Missed Two Pointer,0,235,512,H,,,,3,08:00,4,6,
2007,TS,16,177,31,PAR,PBFE,"KECMAN, DUSAN",2FGM,Two Pointer,2,56,41,C,,,,3,08:00,4,8,
2007,TS,16,177,40,PAR,PTGU,"PALACIO, MILT",FTM,Free Throw In,1,-1,-1, ,,,,4,07:00,4,9,
2007,TS,16,177,43,PAN,PAJV,"BATISTE, MICHAEL",2FGAB,Missed Two Pointer,0,-64,2,D,,,,4,07:00,4,9,
2007,TS,16,177,47,PAR,PTGU,"PALACIO, MILT",2FGM,Two Pointer,2,53,5,C,,,,4,07:00,4,11,
2007,TS,16,177,49,PAN,PAJV,"BATISTE, MICHAEL",2FGM,Two Pointer,2,0,0,D,,,,5,06:00,6,11,
2007,TS,16,177,51,PAR,PBFB,"TRIPKOVIC, UROS",2FGA,Missed Two Pointer,0,461,269,B,,,,5,06:00,6,11,
2007,TS,16,177,61,PAN,PJKO,"DIAMANTIDIS, DIMITRIS",FTM,Free Throw In,1,-1,-1, ,,,,5,06:00,7,11,
2007,TS,16,177,62,PAR,PJNN,"VELICKOVIC, NOVICA",2FGA,Missed Two Pointer,0,-461,20,E,,,,5,06:00,7,11,
2007,TS,16,177,71,PAN,PJUO,"SPANOULIS, VASSILIS",FTM,Free Throw In,1,-1,-1, ,,,,6,05:00,8,11,
2007,TS,16,177,72,PAN,PJUO,"SPANOULIS, VASSILIS",FTM,Free Throw In,1,-1,-1, ,,,,6,05:00,9,11,
2007,TS,16,177,75,PAN,PABB,"DIKOUDIS, DEMOS",2FGM,Two Pointer,2,-38,10,D,,,,6,05:00,11,11,
2007,TS,16,177,80,PAR,PJNN,"VELICKOVIC, NOVICA",2FGA,Missed Two Pointer,0,58,2,C,,,,6,05:00,11,11,
2007,TS,16,177,84,PAR,PKNN,"PEKOVIC, NIKOLA",2FGA,Missed Two Pointer,0,35,-23,C,,,,6,05:00,11,11,
2007,TS,16,177,89,PAN,PJUO,"SPANOULIS, VASSILIS",3FGM,Three Pointer,3,-576,333,F,,,,7,04:00,14,11,
2007,TS,16,177,99,PAN,PJUO,"SPANOULIS, VASSILIS",2FGA,Missed Two Pointer,0,-35,25,D,,,,7,04:00,14,11,
2007,TS,16,177,112,PAN,PAJV,"BATISTE, MICHAEL",FTM,Free Throw In,1,-1,-1, ,,,,7,04:00,15,11,
2007,TS,16,177,113,PAN,PAJV,"BATISTE, MICHAEL",FTM,Free Throw In,1,-1,-1, ,,,,7,04:00,16,11,
2007,TS,16,177,118,PAR,PKNN,"PEKOVIC, NIKOLA",FTM,Free Throw In,1,-1,-1, ,,,,8,03:00,16,12,
2007,TS,16,177,120,PAR,PLGH,"TEPIC, MILENKO",3FGM,Three Pointer,3,-130,653,J,,,,8,03:00,16,15,
2007,TS,16,177,124,PAN,PJKO,"DIAMANTIDIS, DIMITRIS",FTM,Free Throw In,1,-1,-1, ,,,,8,03:00,17,15,
2007,TS,16,177,130,PAN,PTFY,"WINSTON, KENNEDY",2FGA,Missed Two Pointer,0,-30,30,D,,,,9,02:00,17,15,
2007,TS,16,177,132,PAN,PAFQ,"PRKACIN, NIKOLA",2FGM,Two Pointer,2,56,-15,C,,,,9,02:00,19,15,
2007,TS,16,177,133,PAR,PLGH,"TEPIC, MILENKO",3FGM,Three Pointer,3,-451,538,J,,,,9,02:00,19,18,
2007,TS,16,177,136,PAN,PAFQ,"PRKACIN, NIKOLA",2FGA,Missed Two Pointer,0,64,-5,C,,,,9,02:00,19,18,
2007,TS,16,177,137,PAR,PJJY,"BOZIC, PETAR",3FGM,Three Pointer,3,674,79,A,,,,9,02:00,19,21,
2007,TS,16,177,144,PAN,PTFY,"WINSTON, KENNEDY",FTM,Free Throw In,1,-1,-1, ,,,,10,01:00,20,21,
2007,TS,16,177,145,PAN,PTFY,"WINSTON, KENNEDY",FTM,Free Throw In,1,-1,-1, ,,,,10,01:00,21,21,
2007,TS,16,177,154,PAR,PBFB,"TRIPKOVIC, UROS",2FGM,Two Pointer,2,-48,12,D,,,,10,01:00,21,23,
2007,TS,16,177,155,PAN,PTFY,"WINSTON, KENNEDY",2FGA,Missed Two Pointer,0,338,297,B,,,,10,01:00,21,23,
2007,TS,16,177,164,PAN,PAPH,"ALVERTIS, FRAGISKOS",3FGA,Missed Three Pointer,0,12,666,G,,,,11,10:00,21,23,
2007,TS,16,177,170,PAN,PADG,"JASIKEVICIUS, SARUNAS",2FGA,Missed Two Pointer,0,415,-20,B,,,,11,10:00,21,23,
2007,TS,16,177,172,PAN,PTFY,"WINSTON, KENNEDY",3FGA,Missed Three Pointer,0,-530,356,F,,,,11,10:00,21,23,
2007,TS,16,177,179,PAR,PTGU,"PALACIO, MILT",2FGM,Two Pointer,2,-517,41,E,,,,12,09:00,21,25,
2007,TS,16,177,181,PAN,PAPH,"ALVERTIS, FRAGISKOS",3FGA,Missed Three Pointer,0,-656,17,F,,,,12,09:00,21,25,
2007,TS,16,177,183,PAR,PJNN,"VELICKOVIC, NOVICA",2FGM,Two Pointer,2,-64,-10,D,,,,12,09:00,21,27,
2007,TS,16,177,185,PAN,PADG,"JASIKEVICIUS, SARUNAS",2FGM,Two Pointer,2,-61,38,D,,,,12,09:00,23,27,
2007,TS,16,177,187,PAR,PTGU,"PALACIO, MILT",2FGM,Two Pointer,2,-10,182,D,,,,13,08:00,23,29,
2007,TS,16,177,194,PAN,PADG,"JASIKEVICIUS, SARUNAS",2FGM,Two Pointer,2,89,143,C,,,,13,08:00,25,29,
2007,TS,16,177,196,PAR,PLGH,"TEPIC, MILENKO",3FGA,Missed Three Pointer,0,23,674,G,,,,14,07:00,25,29,
2007,TS,16,177,205,PAR,PBXO,"VITKOVAC, CEDOMIR",3FGM,Three Pointer,3,-74,676,J,,,,14,07:00,25,32,
2007,TS,16,177,216,PAN,PJUO,"SPANOULIS, VASSILIS",3FGA,Missed Three Pointer,0,-2,661,J,,,,15,06:00,25,32,
2007,TS,16,177,223,PAR,PKNN,"PEKOVIC, NIKOLA",FTM,Free Throw In,1,-1,-1, ,,,,15,06:00,25,33,
2007,TS,16,177,224,PAR,PKNN,"PEKOVIC, NIKOLA",FTM,Free Throw In,1,-1,-1, ,,,,15,06:00,25,34,
2007,TS,16,177,235,PAN,PAJV,"BATISTE, MICHAEL",FTM,Free Throw In,1,-1,-1, ,,,,15,06:00,26,34,
2007,TS,16,177,239,PAR,PLGH,"TEPIC, MILENKO",2FGA,Missed Two Pointer,0,-97,5,D,,,,16,05:00,26,34,
2007,TS,16,177,241,PAN,PJUO,"SPANOULIS, VASSILIS",3FGM,Three Pointer,3,666,35,A,,,,16,05:00,29,34,
2007,TS,16,177,245,PAR,PBFB,"TRIPKOVIC, UROS",FTM,Free Throw In,1,-1,-1, ,,,,16,05:00,29,35,
2007,TS,16,177,246,PAR,PBFB,"TRIPKOVIC, UROS",FTM,Free Throw In,1,-1,-1, ,,,,16,05:00,29,36,
2007,TS,16,177,247,PAN,PAGG,"BECIROVIC, SANI",2FGA,Missed Two Pointer,0,189,117,C,,,,16,05:00,29,36,
2007,TS,16,177,250,PAR,PTHY,"MILOSEVIC, STRAHINJA",2FGA,Missed Two Pointer,0,84,15,C,,,,17,04:00,29,36,
2007,TS,16,177,252,PAN,PJUO,"SPANOULIS, VASSILIS",2FGM,Two Pointer,2,-35,12,D,,,,17,04:00,31,36,
2007,TS,16,177,253,PAR,PBFB,"TRIPKOVIC, UROS",3FGA,Missed Three Pointer,0,-282,610,J,,,,17,04:00,31,36,
2007,TS,16,177,255,PAR,PLGH,"TEPIC, MILENKO",2FGA,Missed Two Pointer,0,-135,292,D,,,,17,04:00,31,36,
2007,TS,16,177,268,PAN,PJUO,"SPANOULIS, VASSILIS",FTM,Free Throw In,1,-1,-1, ,,,,18,03:00,32,36,
2007,TS,16,177,276,PAN,PJUO,"SPANOULIS, VASSILIS",2FGM,Two Pointer,2,-25,-2,D,,,,18,03:00,34,36,
2007,TS,16,177,277,PAR,PBXO,"VITKOVAC, CEDOMIR",3FGA,Missed Three Pointer,0,653,82,A,,,,18,03:00,34,36,
2007,TS,16,177,287,PAR,PTGU,"PALACIO, MILT",2FGM,Two Pointer,2,46,-2,C,,,,19,02:00,34,38,
2007,TS,16,177,288,PAN,PADG,"JASIKEVICIUS, SARUNAS",2FGA,Missed Two Pointer,0,117,84,C,,,,19,02:00,34,38,
2007,TS,16,177,291,PAR,PBXO,"VITKOVAC, CEDOMIR",2FGA,Missed Two Pointer,0,46,46,C,,,,20,01:00,34,38,
2007,TS,16,177,293,PAN,PJUO,"SPANOULIS, VASSILIS",3FGA,Missed Three Pointer,0,-664,64,F,,,,20,01:00,34,38,
2007,TS,16,177,299,PAR,PTGU,"PALACIO, MILT",FTM,Free Throw In,1,-1,-1, ,,,,20,01:00,34,39,
2007,TS,16,177,300,PAR,PTGU,"PALACIO, MILT",FTM,Free Throw In,1,-1,-1, ,,,,20,01:00,34,40,
2007,TS,16,177,305,PAN,PJKO,"DIAMANTIDIS, DIMITRIS",3FGA,Missed Three Pointer,0,607,315,A,,,,20,01:00,34,40,
2007,TS,16,177,307,PAR,PLGH,"TEPIC, MILENKO",3FGAB,Missed Three Pointer,0,192,643,G,,,,20,01:00,34,40,
2007,TS,16,177,323,PAR,PBXO,"VITKOVAC, CEDOMIR",2FGM,Two Pointer,2,-66,15,D,,,,21,10:00,34,42,
2007,TS,16,177,327,PAR,PKNN,"PEKOVIC, NIKOLA",2FGA,Missed Two Pointer,0,-53,10,D,,,,22,09:00,34,42,
2007,TS,16,177,335,PAR,PLGH,"TEPIC, MILENKO",2FGM,Two Pointer,2,2,-5,D,,,,22,09:00,34,44,
2007,TS,16,177,338,PAR,PLGH,"TEPIC, MILENKO",FTM,Free Throw In,1,-1,-1, ,,,,22,09:00,34,45,
2007,TS,16,177,339,PAN,PAJV,"BATISTE, MICHAEL",2FGA,Missed Two Pointer,0,-87,43,D,,,,22,09:00,34,45,
2007,TS,16,177,341,PAR,PTGU,"PALACIO, MILT",2FGAB,Missed Two Pointer,0,20,56,C,,,,22,09:00,34,45,
2007,TS,16,177,344,PAR,PKNN,"PEKOVIC, NIKOLA",2FGA,Missed Two Pointer,0,-66,-15,D,,,,22,09:00,34,45,
2007,TS,16,177,349,PAR,PBXO,"VITKOVAC, CEDOMIR",2FGM,Two Pointer,2,-43,2,D,,,,22,09:00,34,47,
2007,TS,16,177,359,PAN,PADG,"JASIKEVICIUS, SARUNAS",2FGA,Missed Two Pointer,0,-323,364,E,,,,23,08:00,34,47,
2007,TS,16,177,364,PAN,PJUO,"SPANOULIS, VASSILIS",FTM,Free Throw In,1,-1,-1, ,,,,23,08:00,35,47,
2007,TS,16,177,367,PAR,PKNN,"PEKOVIC, NIKOLA",2FGM,Two Pointer,2,-28,7,D,,,,24,07:00,35,49,
2007,TS,16,177,369,PAN,PAJV,"BATISTE, MICHAEL",2FGA,Missed Two Pointer,0,389,89,B,,,,24,07:00,35,49,
2007,TS,16,177,373,PAN,PTFY,"WINSTON, KENNEDY",2FGM,Two Pointer,2,-74,35,D,,,,24,07:00,37,49,
2007,TS,16,177,375,PAR,PBXO,"VITKOVAC, CEDOMIR",2FGM,Two Pointer,2,-25,2,D,,,,24,07:00,37,51,
2007,TS,16,177,378,PAN,PTFY,"WINSTON, KENNEDY",2FGM,Two Pointer,2,56,12,C,,,,25,06:00,39,51,
2007,TS,16,177,381,PAR,PTGU,"PALACIO, MILT",3FGA,Missed Three Pointer,0,-335,612,J,,,,25,06:00,39,51,
2007,TS,16,177,384,PAN,PJUO,"SPANOULIS, VASSILIS",3FGA,Missed Three Pointer,0,-517,469,J,,,,26,05:00,39,51,
2007,TS,16,177,388,PAR,PBFE,"KECMAN, DUSAN",3FGM,Three Pointer,3,702,82,A,,,,26,05:00,39,54,
2007,TS,16,177,400,PAN,PTFY,"WINSTON, KENNEDY",2FGM,Two Pointer,2,-48,-17,D,,,,27,04:00,41,54,
2007,TS,16,177,401,PAR,PBFE,"KECMAN, DUSAN",2FGM,Two Pointer,2,-351,92,E,,,,27,04:00,41,56,
2007,TS,16,177,413,PAN,PJKO,"DIAMANTIDIS, DIMITRIS",3FGA,Missed Three Pointer,0,-271,689,J,,,,28,03:00,41,56,
2007,TS,16,177,415,PAR,PBFB,"TRIPKOVIC, UROS",3FGA,Missed Three Pointer,0,28,674,G,,,,28,03:00,41,56,
2007,TS,16,177,425,PAN,PAGG,"BECIROVIC, SANI",FTM,Free Throw In,1,-1,-1, ,,,,28,03:00,42,56,
2007,TS,16,177,426,PAN,PAGG,"BECIROVIC, SANI",FTM,Free Throw In,1,-1,-1, ,,,,28,03:00,43,56,
2007,TS,16,177,428,PAR,PJNN,"VELICKOVIC, NOVICA",2FGA,Missed Two Pointer,0,358,143,B,,,,29,02:00,43,56,
2007,TS,16,177,437,PAN,PAGG,"BECIROVIC, SANI",FTM,Free Throw In,1,-1,-1, ,,,,29,02:00,44,56,
2007,TS,16,177,438,PAN,PAGG,"BECIROVIC, SANI",FTM,Free Throw In,1,-1,-1, ,,,,29,02:00,45,56,
2007,TS,16,177,440,PAR,PJNN,"VELICKOVIC, NOVICA",2FGA,Missed Two Pointer,0,230,-2,C,,,,30,01:00,45,56,
2007,TS,16,177,444,PAR,PTGU,"PALACIO, MILT",2FGA,Missed Two Pointer,0,61,112,C,,,,30,01:00,45,56,
2007,TS,16,177,446,PAN,PJUO,"SPANOULIS, VASSILIS",2FGM,Two Pointer,2,-53,15,D,,,,30,01:00,47,56,
2007,TS,16,177,449,PAN,PAJV,"BATISTE, MICHAEL",2FGM,Two Pointer,2,-7,10,D,,,,30,01:00,49,56,
2007,TS,16,177,458,PAN,PAGG,"BECIROVIC, SANI",2FGAB,Missed Two Pointer,0,69,2,C,,,,31,10:00,49,56,
2007,TS,16,177,468,PAR,PKNN,"PEKOVIC, NIKOLA",2FGM,Two Pointer,2,-56,33,D,,,,31,10:00,49,58,
2007,TS,16,177,471,PAN,PTFY,"WINSTON, KENNEDY",3FGA,Missed Three Pointer,0,669,66,A,,,,32,09:00,49,58,
2007,TS,16,177,475,PAN,PJUO,"SPANOULIS, VASSILIS",2FGM,Two Pointer,2,-46,20,D,,,,32,09:00,51,58,
2007,TS,16,177,479,PAN,PAGG,"BECIROVIC, SANI",3FGA,Missed Three Pointer,0,-469,523,J,,,,32,09:00,51,58,
2007,TS,16,177,482,PAN,PJKO,"DIAMANTIDIS, DIMITRIS",2FGM,Two Pointer,2,-76,28,D,,,,32,09:00,53,58,
2007,TS,16,177,489,PAR,PBFE,"KECMAN, DUSAN",3FGM,Three Pointer,3,689,74,A,,,,32,09:00,53,61,
2007,TS,16,177,494,PAN,PAGG,"BECIROVIC, SANI",2FGM,Two Pointer,2,-25,-5,D,,,,33,08:00,55,61,
2007,TS,16,177,497,PAN,PAGG,"BECIROVIC, SANI",FTM,Free Throw In,1,-1,-1, ,,,,33,08:00,56,61,
2007,TS,16,177,498,PAR,PLGH,"TEPIC, MILENKO",2FGA,Missed Two Pointer,0,317,238,B,,,,33,08:00,56,61,
2007,TS,16,177,510,PAR,PJNN,"VELICKOVIC, NOVICA",2FGM,Two Pointer,2,-46,17,D,,,,34,07:00,56,63,
2007,TS,16,177,513,PAN,PABB,"DIKOUDIS, DEMOS",FTM,Free Throw In,1,-1,-1, ,,,,34,07:00,57,63,
2007,TS,16,177,514,PAN,PAGG,"BECIROVIC, SANI",FTM,Free Throw In,1,-1,-1, ,,,,34,07:00,58,63,
2007,TS,16,177,517,PAR,PBFE,"KECMAN, DUSAN",3FGA,Missed Three Pointer,0,76,625,G,,,,34,07:00,58,63,
2007,TS,16,177,519,PAR,PKNN,"PEKOVIC, NIKOLA",2FGA,Missed Two Pointer,0,-46,15,D,,,,34,07:00,58,63,
2007,TS,16,177,527,PAR,PBFE,"KECMAN, DUSAN",2FGAB,Missed Two Pointer,0,274,138,B,,,,35,06:00,58,63,
2007,TS,16,177,532,PAN,PJKO,"DIAMANTIDIS, DIMITRIS",2FGM,Two Pointer,2,84,25,C,,,,35,06:00,60,63,
2007,TS,16,177,535,PAR,PKNN,"PEKOVIC, NIKOLA",2FGA,Missed Two Pointer,0,-28,10,D,,,,35,06:00,60,63,
2007,TS,16,177,539,PAR,PLGH,"TEPIC, MILENKO",2FGA,Missed Two Pointer,0,-38,23,D,,,,35,06:00,60,63,
2007,TS,16,177,549,PAR,PLGH,"TEPIC, MILENKO",3FGA,Missed Three Pointer,0,-15,651,J,,,,36,05:00,60,63,
2007,TS,16,177,551,PAR,PLGH,"TEPIC, MILENKO",3FGA,Missed Three Pointer,0,89,658,G,,,,36,05:00,60,63,
2007,TS,16,177,554,PAN,PABB,"DIKOUDIS, DEMOS",3FGA,Missed Three Pointer,0,669,-15,A,,,,37,04:00,60,63,
2007,TS,16,177,560,PAR,PTGU,"PALACIO, MILT",2FGA,Missed Two Pointer,0,-28,2,D,,,,37,04:00,60,63,
2007,TS,16,177,564,PAR,PTGU,"PALACIO, MILT",3FGA,Missed Three Pointer,0,-287,594,J,,,,38,03:00,60,63,
2007,TS,16,177,566,PAN,PJUO,"SPANOULIS, VASSILIS",2FGM,Two Pointer,2,46,7,C,,,,38,03:00,62,63,
2007,TS,16,177,570,PAN,PBCS,"HATZIVRETTAS, NIKOS",3FGM,Three Pointer,3,674,-12,A,,,,38,03:00,65,63,
2007,TS,16,177,577,PAR,PBXO,"VITKOVAC, CEDOMIR",FTM,Free Throw In,1,-1,-1, ,,,,39,02:00,65,64,
2007,TS,16,177,587,PAR,PJNN,"VELICKOVIC, NOVICA",FTM,Free Throw In,1,-1,-1, ,,,,39,02:00,65,65,
2007,TS,16,177,591,PAR,PLGH,"TEPIC, MILENKO",2FGA,Missed Two Pointer,0,-92,7,D,,,,40,01:00,65,65,
2007,TS,16,177,596,PAN,PAJV,"BATISTE, MICHAEL",FTM,Free Throw In,1,-1,-1, ,,,,40,01:00,66,65,
2007,TS,16,177,597,PAN,PAJV,"BATISTE, MICHAEL",FTM,Free Throw In,1,-1,-1, ,,,,40,01:00,67,65,
2007,TS,16,177,598,PAR,PLGH,"TEPIC, MILENKO",2FGAB,Missed Two Pointer,0,-92,17,D,,,,40,01:00,67,65,
2007,TS,16,178,2,SIE,PCCA,"THORNTON, BOOTSY",2FGAB,Missed Two Pointer,0,10,130,C,,,,1,10:00,0,0,
2007,TS,16,178,5,SIE,PCQO,"EZE, BENJAMIN",2FGA,Missed Two Pointer,0,-2,523,I,,,,1,10:00,0,0,
2007,TS,16,178,13,SIE,PCQO,"EZE, BENJAMIN",FTM,Free Throw In,1,-1,-1, ,,,,1,10:00,0,1,
2007,TS,16,178,14,SIE,PCQO,"EZE, BENJAMIN",FTM,Free Throw In,1,-1,-1, ,,,,1,10:00,0,2,
2007,TS,16,178,15,SIE,PKWI,"MCINTYRE, TERRELL",2FGA,Missed Two Pointer,0,-556,94,E,,,,1,10:00,0,2,
2007,TS,16,178,17,IST,PARN,"ARSLAN, ENDER",3FGA,Missed Three Pointer,0,-605,430,J,,,,1,10:00,0,2,
2007,TS,16,178,19,SIE,PCQO,"EZE, BENJAMIN",2FGAB,Missed Two Pointer,0,107,58,C,,,,1,10:00,0,2,
2007,TS,16,178,24,IST,PKCH,"HUTSON, ANDRE",2FGA,Missed Two Pointer,0,276,194,B,,,,2,09:00,0,2,
2007,TS,16,178,26,SIE,PLMO,"SATO, ROMAIN",3FGA,Missed Three Pointer,0,-687,33,F,,,,2,09:00,0,2,
2007,TS,16,178,28,IST,PKOJ,"GREGORY, KENNY",2FGM,Two Pointer,2,-92,20,D,,,,2,09:00,2,2,
2007,TS,16,178,32,SIE,PKWI,"MCINTYRE, TERRELL",3FGA,Missed Three Pointer,0,-253,664,J,,,,3,08:00,2,2,
2007,TS,16,178,35,IST,PKCH,"HUTSON, ANDRE",2FGM,Two Pointer,2,271,451,H,,,,3,08:00,4,2,
2007,TS,16,178,37,SIE,PCCA,"THORNTON, BOOTSY",3FGA,Missed Three Pointer,0,-558,415,F,,,,3,08:00,4,2,
2007,TS,16,178,46,SIE,PLMO,"SATO, ROMAIN",3FGA,Missed Three Pointer,0,-638,233,F,,,,4,07:00,4,2,
2007,TS,16,178,48,IST,PKCH,"HUTSON, ANDRE",2FGA,Missed Two Pointer,0,10,135,C,,,,4,07:00,4,2,
2007,TS,16,178,51,SIE,PLMO,"SATO, ROMAIN",2FGA,Missed Two Pointer,0,176,189,C,,,,5,06:00,4,2,
2007,TS,16,178,53,SIE,PCCA,"THORNTON, BOOTSY",2FGM,Two Pointer,2,-2,69,D,,,,5,06:00,4,4,
2007,TS,16,178,62,SIE,PCCA,"THORNTON, BOOTSY",FTM,Free Throw In,1,-1,-1, ,,,,6,05:00,4,5,
2007,TS,16,178,63,SIE,PCCA,"THORNTON, BOOTSY",FTM,Free Throw In,1,-1,-1, ,,,,6,05:00,4,6,
2007,TS,16,178,68,IST,PAWN,"GONLUM, KEREM",FTM,Free Throw In,1,-1,-1, ,,,,6,05:00,5,6,
2007,TS,16,178,69,IST,PAWN,"GONLUM, KEREM",FTM,Free Throw In,1,-1,-1, ,,,,6,05:00,6,6,
2007,TS,16,178,70,SIE,PJOC,"STONEROOK, SHAUN",2FGM,Two Pointer,2,12,0,C,,,,6,05:00,6,8,
2007,TS,16,178,72,IST,PTFG,"WOODS, LOREN",2FGM,Two Pointer,2,-58,56,D,,,,7,04:00,8,8,
2007,TS,16,178,84,SIE,PJHL,"RESS, TOMAS",2FGA,Missed Two Pointer,0,284,251,B,,,,7,04:00,8,8,
2007,TS,16,178,86,IST,PBXD,"PENN, JAMES",2FGA,Missed Two Pointer,0,-115,56,D,,,,7,04:00,8,8,
2007,TS,16,178,93,IST,PAWN,"GONLUM, KEREM",FTM,Free Throw In,1,-1,-1, ,,,,8,03:00,9,8,
2007,TS,16,178,96,SIE,PJHL,"RESS, TOMAS",2FGA,Missed Two Pointer,0,-484,41,E,,,,8,03:00,9,8,
2007,TS,16,178,97,IST,PKSU,"WRIGHT, RASHAD",2FGA,Missed Two Pointer,0,-574,76,E,,,,8,03:00,9,8,
2007,TS,16,178,100,IST,PTFG,"WOODS, LOREN",2FGA,Missed Two Pointer,0,100,30,C,,,,9,02:00,9,8,
2007,TS,16,178,102,SIE,PCCA,"THORNTON, BOOTSY",3FGM,Three Pointer,3,-671,-38,F,,,,9,02:00,9,11,
2007,TS,16,178,104,IST,PAWN,"GONLUM, KEREM",3FGA,Missed Three Pointer,0,-294,602,J,,,,9,02:00,9,11,
2007,TS,16,178,108,IST,PTFG,"WOODS, LOREN",FTM,Free Throw In,1,-1,-1, ,,,,9,02:00,10,11,
2007,TS,16,178,109,IST,PTFG,"WOODS, LOREN",FTM,Free Throw In,1,-1,-1, ,,,,9,02:00,11,11,
2007,TS,16,178,116,IST,PBXD,"PENN, JAMES",2FGA,Missed Two Pointer,0,143,535,H,,,,10,01:00,11,11,
2007,TS,16,178,121,SIE,PBLH,"LAVRINOVIC, KSISTOF",FTM,Free Throw In,1,-1,-1, ,,,,10,01:00,11,12,
2007,TS,16,178,122,IST,PBKM,"KUQO, ERMAL",2FGM,Two Pointer,2,-17,143,D,,,,10,01:00,13,12,
2007,TS,16,178,123,SIE,PBLH,"LAVRINOVIC, KSISTOF",2FGA,Missed Two Pointer,0,-25,305,D,,,,10,01:00,13,12,
2007,TS,16,178,125,IST,PAWN,"GONLUM, KEREM",2FGAB,Missed Two Pointer,0,0,117,D,,,,10,01:00,13,12,
2007,TS,16,178,136,IST,PBKM,"KUQO, ERMAL",2FGA,Missed Two Pointer,0,192,51,C,,,,11,10:00,13,12,
2007,TS,16,178,138,IST,PBKM,"KUQO, ERMAL",2FGM,Two Pointer,2,89,33,C,,,,11,10:00,15,12,
2007,TS,16,178,139,SIE,PJHL,"RESS, TOMAS",3FGM,Three Pointer,3,689,-10,A,,,,11,10:00,15,15,
2007,TS,16,178,145,SIE,PAPS,"ILIEVSKI, VLADO",2FGA,Missed Two Pointer,0,-366,384,E,,,,12,09:00,15,15,
2007,TS,16,178,147,IST,PKNG,"NICHOLAS, DREW",3FGA,Missed Three Pointer,0,94,664,G,,,,12,09:00,15,15,
2007,TS,16,178,150,SIE,PJHL,"RESS, TOMAS",2FGA,Missed Two Pointer,0,592,41,B,,,,13,08:00,15,15,
2007,TS,16,178,152,IST,PAWN,"GONLUM, KEREM",2FGM,Two Pointer,2,12,-5,C,,,,13,08:00,17,15,
2007,TS,16,178,154,SIE,P000754,"DIENER, DRAKE",3FGA,Missed Three Pointer,0,-500,512,J,,,,13,08:00,17,15,
2007,TS,16,178,156,IST,PKOJ,"GREGORY, KENNY",2FGA,Missed Two Pointer,0,228,453,H,,,,13,08:00,17,15,
2007,TS,16,178,164,SIE,PBLH,"LAVRINOVIC, KSISTOF",2FGA,Missed Two Pointer,0,-110,35,D,,,,14,07:00,17,15,
2007,TS,16,178,166,IST,PBKM,"KUQO, ERMAL",2FGM,Two Pointer,2,-66,20,D,,,,14,07:00,19,15,
2007,TS,16,178,173,IST,PBKM,"KUQO, ERMAL",FTM,Free Throw In,1,-1,-1, ,,,,14,07:00,20,15,
2007,TS,16,178,174,SIE,PAPS,"ILIEVSKI, VLADO",2FGM,Two Pointer,2,97,41,C,,,,14,07:00,20,17,
2007,TS,16,178,179,IST,PBKM,"KUQO, ERMAL",FTM,Free Throw In,1,-1,-1, ,,,,15,06:00,21,17,
2007,TS,16,178,180,IST,PBKM,"KUQO, ERMAL",FTM,Free Throw In,1,-1,-1, ,,,,15,06:00,22,17,
2007,TS,16,178,181,SIE,PCCA,"THORNTON, BOOTSY",3FGA,Missed Three Pointer,0,-158,658,J,,,,15,06:00,22,17,
2007,TS,16,178,183,IST,PKOJ,"GREGORY, KENNY",3FGA,Missed Three Pointer,0,-674,-28,F,,,,15,06:00,22,17,
2007,TS,16,178,186,SIE,PJOC,"STONEROOK, SHAUN",3FGA,Missed Three Pointer,0,307,630,G,,,,16,05:00,22,17,
2007,TS,16,178,194,SIE,PJOC,"STONEROOK, SHAUN",FTM,Free Throw In,1,-1,-1, ,,,,16,05:00,22,18,
2007,TS,16,178,195,SIE,PJOC,"STONEROOK, SHAUN",FTM,Free Throw In,1,-1,-1, ,,,,16,05:00,22,19,
2007,TS,16,178,196,IST,PAWN,"GONLUM, KEREM",2FGM,Two Pointer,2,-76,28,D,,,,16,05:00,24,19,
2007,TS,16,178,211,IST,PKNG,"NICHOLAS, DREW",3FGM,Three Pointer,3,120,671,G,,,,17,04:00,27,19,
2007,TS,16,178,214,IST,PKNG,"NICHOLAS, DREW",3FGM,Three Pointer,3,282,605,G,,,,17,04:00,30,19,
2007,TS,16,178,217,SIE,PKWI,"MCINTYRE, TERRELL",3FGM,Three Pointer,3,-282,610,J,,,,18,03:00,30,22,
2007,TS,16,178,222,SIE,PKWI,"MCINTYRE, TERRELL",3FGA,Missed Three Pointer,0,-505,528,J,,,,18,03:00,30,22,
2007,TS,16,178,225,SIE,PCCA,"THORNTON, BOOTSY",2FGA,Missed Two Pointer,0,-5,148,D,,,,18,03:00,30,22,
2007,TS,16,178,233,SIE,PCCA,"THORNTON, BOOTSY",FTM,Free Throw In,1,-1,-1, ,,,,19,02:00,30,23,
2007,TS,16,178,237,SIE,PLMO,"SATO, ROMAIN",2FGA,Missed Two Pointer,0,-435,0,E,,,,19,02:00,30,23,
2007,TS,16,178,239,IST,PBKM,"KUQO, ERMAL",2FGA,Missed Two Pointer,0,-320,53,E,,,,19,02:00,30,23,
2007,TS,16,178,255,SIE,PCCA,"THORNTON, BOOTSY",FTM,Free Throw In,1,-1,-1, ,,,,20,01:00,30,24,
2007,TS,16,178,256,SIE,PCCA,"THORNTON, BOOTSY",FTM,Free Throw In,1,-1,-1, ,,,,20,01:00,30,25,
2007,TS,16,178,257,IST,PKNG,"NICHOLAS, DREW",2FGAB,Missed Two Pointer,0,-100,43,D,,,,20,01:00,30,25,
2007,TS,16,178,261,SIE,PKWI,"MCINTYRE, TERRELL",3FGM,Three Pointer,3,300,638,G,,,,20,01:00,30,28,
2007,TS,16,178,272,SIE,PCQO,"EZE, BENJAMIN",2FGM,Two Pointer,2,-17,20,D,,,,21,10:00,30,30,
2007,TS,16,178,278,IST,PKOJ,"GREGORY, KENNY",2FGM,Two Pointer,2,-48,33,D,,,,21,10:00,32,30,
2007,TS,16,178,283,SIE,PKWI,"MCINTYRE, TERRELL",3FGA,Missed Three Pointer,0,87,689,G,,,,22,09:00,32,30,
2007,TS,16,178,285,IST,PTFG,"WOODS, LOREN",2FGA,Missed Two Pointer,0,-2,371,D,,,,22,09:00,32,30,
2007,TS,16,178,291,SIE,PLMO,"SATO, ROMAIN",2FGM,Two Pointer,2,0,107,D,,,,22,09:00,32,32,
2007,TS,16,178,293,IST,PAWN,"GONLUM, KEREM",2FGM,Two Pointer,2,-105,38,D,,,,22,09:00,34,32,
2007,TS,16,178,296,SIE,PCQO,"EZE, BENJAMIN",2FGM,Two Pointer,2,7,-12,C,,,,23,08:00,34,34,
2007,TS,16,178,298,IST,PKNG,"NICHOLAS, DREW",2FGA,Missed Two Pointer,0,-364,58,E,,,,23,08:00,34,34,
2007,TS,16,178,300,SIE,PCQO,"EZE, BENJAMIN",2FGM,Two Pointer,2,-405,341,E,,,,23,08:00,34,36,
2007,TS,16,178,305,IST,PKNG,"NICHOLAS, DREW",3FGA,Missed Three Pointer,0,38,866,G,,,,24,07:00,34,36,
2007,TS,16,178,309,SIE,PLMO,"SATO, ROMAIN",FTM,Free Throw In,1,-1,-1, ,,,,24,07:00,34,37,
2007,TS,16,178,310,SIE,PLMO,"SATO, ROMAIN",FTM,Free Throw In,1,-1,-1, ,,,,24,07:00,34,38,
2007,TS,16,178,317,IST,PAWN,"GONLUM, KEREM",2FGM,Two Pointer,2,79,38,C,,,,24,07:00,36,38,
2007,TS,16,178,323,SIE,PLMO,"SATO, ROMAIN",3FGA,Missed Three Pointer,0,-200,643,J,,,,24,07:00,36,38,
2007,TS,16,178,325,IST,PARN,"ARSLAN, ENDER",3FGA,Missed Three Pointer,0,-505,500,J,,,,24,07:00,36,38,
2007,TS,16,178,331,IST,PAWH,"ABI, MUSTAFA",2FGM,Two Pointer,2,-5,87,D,,,,25,06:00,38,38,
2007,TS,16,178,334,IST,PBKM,"KUQO, ERMAL",2FGM,Two Pointer,2,66,66,C,,,,25,06:00,40,38,
2007,TS,16,178,336,SIE,PKWI,"MCINTYRE, TERRELL",3FGM,Three Pointer,3,-397,556,J,,,,26,05:00,40,41,
2007,TS,16,178,338,IST,PBKM,"KUQO, ERMAL",3FGA,Missed Three Pointer,0,505,469,G,,,,26,05:00,40,41,
2007,TS,16,178,340,SIE,PKWI,"MCINTYRE, TERRELL",3FGA,Missed Three Pointer,0,-315,612,J,,,,26,05:00,40,41,
2007,TS,16,178,342,IST,PARN,"ARSLAN, ENDER",3FGA,Missed Three Pointer,0,433,561,G,,,,26,05:00,40,41,
2007,TS,16,178,344,SIE,PCCA,"THORNTON, BOOTSY",3FGA,Missed Three Pointer,0,702,38,A,,,,26,05:00,40,41,
2007,TS,16,178,358,SIE,PLMO,"SATO, ROMAIN",FTM,Free Throw In,1,-1,-1, ,,,,27,04:00,40,42,
2007,TS,16,178,359,SIE,PLMO,"SATO, ROMAIN",FTM,Free Throw In,1,-1,-1, ,,,,27,04:00,40,43,
2007,TS,16,178,363,IST,PKCH,"HUTSON, ANDRE",2FGM,Two Pointer,2,5,-7,C,,,,28,03:00,42,43,
2007,TS,16,178,365,SIE,PAPS,"ILIEVSKI, VLADO",3FGM,Three Pointer,3,-682,174,F,,,,28,03:00,42,46,
2007,TS,16,178,367,IST,PBKM,"KUQO, ERMAL",3FGA,Missed Three Pointer,0,-112,656,J,,,,28,03:00,42,46,
2007,TS,16,178,370,SIE,PJOC,"STONEROOK, SHAUN",3FGA,Missed Three Pointer,0,-302,633,J,,,,29,02:00,42,46,
2007,TS,16,178,377,IST,PBKM,"KUQO, ERMAL",2FGA,Missed Two Pointer,0,-7,133,D,,,,29,02:00,42,46,
2007,TS,16,178,379,SIE,PCQO,"EZE, BENJAMIN",2FGM,Two Pointer,2,-2,548,I,,,,29,02:00,42,48,
2007,TS,16,178,386,IST,PKNG,"NICHOLAS, DREW",FTM,Free Throw In,1,-1,-1, ,,,,30,01:00,43,48,
2007,TS,16,178,388,IST,PKNG,"NICHOLAS, DREW",FTM,Free Throw In,1,-1,-1, ,,,,30,01:00,44,48,
2007,TS,16,178,394,SIE,PLMO,"SATO, ROMAIN",FTM,Free Throw In,1,-1,-1, ,,,,30,01:00,44,49,
2007,TS,16,178,397,SIE,PLMO,"SATO, ROMAIN",3FGA,Missed Three Pointer,0,53,694,G,,,,30,01:00,44,49,
2007,TS,16,178,404,IST,PBKM,"KUQO, ERMAL",2FGM,Two Pointer,2,-69,38,D,,,,31,10:00,46,49,
2007,TS,16,178,407,IST,PKNG,"NICHOLAS, DREW",2FGA,Missed Two Pointer,0,271,192,B,,,,31,10:00,46,49,
2007,TS,16,178,409,SIE,PAPS,"ILIEVSKI, VLADO",2FGA,Missed Two Pointer,0,-566,2,E,,,,31,10:00,46,49,
2007,TS,16,178,412,IST,PBXD,"PENN, JAMES",3FGM,Three Pointer,3,548,458,G,,,,32,09:00,49,49,
2007,TS,16,178,416,SIE,PCQO,"EZE, BENJAMIN",2FGM,Two Pointer,2,-10,510,I,,,,32,09:00,49,51,
2007,TS,16,178,420,IST,PKCH,"HUTSON, ANDRE",2FGM,Two Pointer,2,228,84,C,,,,32,09:00,51,51,
2007,TS,16,178,422,SIE,PCCA,"THORNTON, BOOTSY",2FGA,Missed Two Pointer,0,100,505,H,,,,33,08:00,51,51,
2007,TS,16,178,424,IST,PBKM,"KUQO, ERMAL",3FGM,Three Pointer,3,-417,558,J,,,,33,08:00,54,51,
2007,TS,16,178,430,SIE,PAPS,"ILIEVSKI, VLADO",FTM,Free Throw In,1,-1,-1, ,,,,33,08:00,54,52,
2007,TS,16,178,431,SIE,PAPS,"ILIEVSKI, VLADO",FTM,Free Throw In,1,-1,-1, ,,,,33,08:00,54,53,
2007,TS,16,178,437,IST,PKNG,"NICHOLAS, DREW",FTM,Free Throw In,1,-1,-1, ,,,,34,07:00,55,53,
2007,TS,16,178,440,IST,PBXD,"PENN, JAMES",3FGM,Three Pointer,3,-443,528,J,,,,34,07:00,58,53,
2007,TS,16,178,442,SIE,PBLH,"LAVRINOVIC, KSISTOF",2FGM,Two Pointer,2,-84,43,D,,,,34,07:00,58,55,
2007,TS,16,178,444,IST,PBKM,"KUQO, ERMAL",3FGM,Three Pointer,3,394,553,G,,,,34,07:00,61,55,
2007,TS,16,178,466,IST,PKCH,"HUTSON, ANDRE",FTM,Free Throw In,1,-1,-1, ,,,,36,05:00,62,55,
2007,TS,16,178,467,SIE,PCCA,"THORNTON, BOOTSY",3FGM,Three Pointer,3,-692,56,F,,,,36,05:00,62,58,
2007,TS,16,178,469,IST,PKCH,"HUTSON, ANDRE",2FGM,Two Pointer,2,2,151,D,,,,36,05:00,64,58,
2007,TS,16,178,470,SIE,PKWI,"MCINTYRE, TERRELL",3FGA,Missed Three Pointer,0,71,666,G,,,,36,05:00,64,58,
2007,TS,16,178,472,SIE,PJOC,"STONEROOK, SHAUN",3FGM,Three Pointer,3,-551,505,J,,,,36,05:00,64,61,
2007,TS,16,178,482,IST,PBKM,"KUQO, ERMAL",FTM,Free Throw In,1,-1,-1, ,,,,37,04:00,65,61,
2007,TS,16,178,485,IST,PBXD,"PENN, JAMES",2FGAB,Missed Two Pointer,0,-189,69,D,,,,38,03:00,65,61,
2007,TS,16,178,489,SIE,PLMO,"SATO, ROMAIN",2FGM,Two Pointer,2,-10,335,D,,,,38,03:00,65,63,
2007,TS,16,178,490,IST,PBKM,"KUQO, ERMAL",2FGA,Missed Two Pointer,0,394,117,B,,,,38,03:00,65,63,
2007,TS,16,178,492,IST,PKCH,"HUTSON, ANDRE",2FGM,Two Pointer,2,-2,269,D,,,,38,03:00,67,63,
2007,TS,16,178,494,SIE,PKWI,"MCINTYRE, TERRELL",3FGM,Three Pointer,3,-205,671,J,,,,39,02:00,67,66,
2007,TS,16,178,497,IST,PKCH,"HUTSON, ANDRE",2FGM,Two Pointer,2,79,48,C,,,,39,02:00,69,66,
2007,TS,16,178,501,SIE,PCCA,"THORNTON, BOOTSY",3FGM,Three Pointer,3,389,566,G,,,,40,01:00,69,69,
2007,TS,16,178,503,IST,PBKM,"KUQO, ERMAL",3FGA,Missed Three Pointer,0,-651,230,F,,,,40,01:00,69,69,
2007,TS,16,178,505,SIE,PCCA,"THORNTON, BOOTSY",3FGA,Missed Three Pointer,0,358,602,G,,,,40,01:00,69,69,
2007,TS,16,178,507,IST,PKNG,"NICHOLAS, DREW",3FGA,Missed Three Pointer,0,676,12,A,,,,40,01:00,69,69,
2007,TS,16,178,510,SIE,PCCA,"THORNTON, BOOTSY",2FGA,Missed Two Pointer,0,58,307,C,,,,41,05:00,69,69,
2007,TS,16,178,512,SIE,PLMO,"SATO, ROMAIN",3FGM,Three Pointer,3,515,446,G,,,,41,05:00,69,72,
2007,TS,16,178,519,SIE,PKWI,"MCINTYRE, TERRELL",3FGA,Missed Three Pointer,0,102,717,G,,,,42,04:00,69,72,
2007,TS,16,178,521,SIE,PJOC,"STONEROOK, SHAUN",2FGM,Two Pointer,2,2,120,D,,,,42,04:00,69,74,
2007,TS,16,178,528,IST,PKNG,"NICHOLAS, DREW",FTM,Free Throw In,1,-1,-1, ,,,,42,04:00,70,74,
2007,TS,16,178,529,IST,PKNG,"NICHOLAS, DREW",FTM,Free Throw In,1,-1,-1, ,,,,42,04:00,71,74,
2007,TS,16,178,530,IST,PKNG,"NICHOLAS, DREW",FTM,Free Throw In,1,-1,-1, ,,,,42,04:00,72,74,
2007,TS,16,178,532,IST,PBXD,"PENN, JAMES",3FGM,Three Pointer,3,451,512,G,,,,42,04:00,75,74,
2007,TS,16,178,541,IST,PKCH,"HUTSON, ANDRE",FTM,Free Throw In,1,-1,-1, ,,,,43,03:00,76,74,
2007,TS,16,178,543,SIE,PCCA,"THORNTON, BOOTSY",3FGA,Missed Three Pointer,0,-579,397,F,,,,43,03:00,76,74,
2007,TS,16,178,546,IST,PBKM,"KUQO, ERMAL",2FGA,Missed Two Pointer,0,294,64,B,,,,44,02:00,76,74,
2007,TS,16,178,550,SIE,PBLH,"LAVRINOVIC, KSISTOF",FTM,Free Throw In,1,-1,-1, ,,,,44,02:00,76,75,
2007,TS,16,178,551,SIE,PBLH,"LAVRINOVIC, KSISTOF",FTM,Free Throw In,1,-1,-1, ,,,,44,02:00,76,76,
2007,TS,16,178,552,IST,PKOJ,"GREGORY, KENNY",2FGA,Missed Two Pointer,0,271,328,B,,,,44,02:00,76,76,
2007,TS,16,178,554,IST,PBKM,"KUQO, ERMAL",2FGA,Missed Two Pointer,0,-241,115,D,,,,44,02:00,76,76,
2007,TS,16,178,559,SIE,PBLH,"LAVRINOVIC, KSISTOF",FTM,Free Throw In,1,-1,-1, ,,,,44,02:00,76,77,
2007,TS,16,178,561,IST,PKNG,"NICHOLAS, DREW",3FGA,Missed Three Pointer,0,-187,707,J,,,,45,01:00,76,77,
2007,TS,16,178,563,IST,PKCH,"HUTSON, ANDRE",2FGAB,Missed Two Pointer,0,-105,28,D,,,,45,01:00,76,77,
2007,TS,16,178,566,SIE,PCCA,"THORNTON, BOOTSY",2FGM,Two Pointer,2,82,476,H,,,,45,01:00,76,79,
2007,TS,16,178,570,IST,PBKM,"KUQO, ERMAL",3FGA,Missed Three Pointer,0,-282,630,J,,,,45,01:00,76,79,
2007,TS,16,178,572,IST,PKNG,"NICHOLAS, DREW",3FGA,Missed Three Pointer,0,-292,730,J,,,,45,01:00,76,79,
2007,TS,16,179,3,ULK,PARO,"ONAN, OMER",3FGA,Missed Three Pointer,0,653,-35,A,,,,1,10:00,0,0,
2007,TS,16,179,5,BAS,PAFP,"PLANINIC, ZORAN",2FGM,Two Pointer,2,-17,74,D,,,,1,10:00,2,0,
2007,TS,16,179,6,ULK,PARO,"ONAN, OMER",2FGM,Two Pointer,2,-48,33,D,,,,1,10:00,2,2,
2007,TS,16,179,8,BAS,PANB,"RAKOCEVIC, IGOR",2FGA,Missed Two Pointer,0,61,-7,C,,,,2,09:00,2,2,
2007,TS,16,179,10,ULK,PCOS,"SOLOMON, WILLIE",2FGA,Missed Two Pointer,0,-215,243,D,,,,2,09:00,2,2,
2007,TS,16,179,12,BAS,PJWO,"MICKEAL, PETE",2FGM,Two Pointer,2,123,102,C,,,,2,09:00,4,2,
2007,TS,16,179,18,BAS,PAFP,"PLANINIC, ZORAN",2FGM,Two Pointer,2,71,23,C,,,,2,09:00,6,2,
2007,TS,16,179,21,ULK,PTFI,"VIDMAR, GASPER",2FGM,Two Pointer,2,7,5,C,,,,3,08:00,6,4,
2007,TS,16,179,24,BAS,PANB,"RAKOCEVIC, IGOR",FTM,Free Throw In,1,-1,-1, ,,,,3,08:00,7,4,
2007,TS,16,179,25,BAS,PANB,"RAKOCEVIC, IGOR",FTM,Free Throw In,1,-1,-1, ,,,,3,08:00,8,4,
2007,TS,16,179,28,BAS,PJZJ,"TELETOVIC, MIRZA",3FGA,Missed Three Pointer,0,674,-51,A,,,,4,07:00,8,4,
2007,TS,16,179,30,BAS,PJWO,"MICKEAL, PETE",2FGA,Missed Two Pointer,0,-115,84,D,,,,4,07:00,8,4,
2007,TS,16,179,32,BAS,PJTT,"MCDONALD, WILL",2FGA,Missed Two Pointer,0,207,120,C,,,,4,07:00,8,4,
2007,TS,16,179,34,ULK,PCOS,"SOLOMON, WILLIE",2FGM,Two Pointer,2,-130,166,D,,,,4,07:00,8,6,
2007,TS,16,179,35,BAS,PJWO,"MICKEAL, PETE",2FGA,Missed Two Pointer,0,82,7,C,,,,4,07:00,8,6,
2007,TS,16,179,37,BAS,PJWO,"MICKEAL, PETE",2FGM,Two Pointer,2,176,382,C,,,,4,07:00,10,6,
2007,TS,16,179,39,ULK,PTFI,"VIDMAR, GASPER",2FGAB,Missed Two Pointer,0,-53,28,D,,,,5,06:00,10,6,
2007,TS,16,179,43,BAS,PANB,"RAKOCEVIC, IGOR",2FGM,Two Pointer,2,-61,5,D,,,,5,06:00,12,6,
2007,TS,16,179,44,ULK,PCOS,"SOLOMON, WILLIE",2FGA,Missed Two Pointer,0,187,76,C,,,,5,06:00,12,6,
2007,TS,16,179,46,ULK,PJPF,"SAVAS, OGUZ",3FGA,Missed Three Pointer,0,-382,569,J,,,,5,06:00,12,6,
2007,TS,16,179,48,BAS,PJTT,"MCDONALD, WILL",2FGAB,Missed Two Pointer,0,87,17,C,,,,5,06:00,12,6,
2007,TS,16,179,60,ULK,PTFH,"PRELDZIC, EMIR",3FGM,Three Pointer,3,-661,-58,F,,,,6,05:00,12,9,
2007,TS,16,179,63,ULK,PARO,"ONAN, OMER",2FGAB,Missed Two Pointer,0,-46,51,D,,,,6,05:00,12,9,
2007,TS,16,179,73,ULK,PTFI,"VIDMAR, GASPER",2FGA,Missed Two Pointer,0,-276,10,E,,,,7,04:00,12,9,
2007,TS,16,179,76,BAS,PJZJ,"TELETOVIC, MIRZA",3FGM,Three Pointer,3,-651,84,F,,,,7,04:00,15,9,
2007,TS,16,179,77,ULK,PCOS,"SOLOMON, WILLIE",3FGA,Missed Three Pointer,0,582,323,A,,,,7,04:00,15,9,
2007,TS,16,179,80,BAS,PANB,"RAKOCEVIC, IGOR",2FGA,Missed Two Pointer,0,64,38,C,,,,8,03:00,15,9,
2007,TS,16,179,82,ULK,PCOS,"SOLOMON, WILLIE",2FGM,Two Pointer,2,-23,0,D,,,,8,03:00,15,11,
2007,TS,16,179,87,ULK,PCOS,"SOLOMON, WILLIE",FTM,Free Throw In,1,-1,-1, ,,,,8,03:00,15,12,
2007,TS,16,179,88,BAS,PJTT,"MCDONALD, WILL",2FGM,Two Pointer,2,56,10,C,,,,8,03:00,17,12,
2007,TS,16,179,93,BAS,PJTT,"MCDONALD, WILL",FTM,Free Throw In,1,-1,-1, ,,,,8,03:00,18,12,
2007,TS,16,179,94,ULK,PTFH,"PRELDZIC, EMIR",2FGA,Missed Two Pointer,0,94,38,C,,,,8,03:00,18,12,
2007,TS,16,179,96,ULK,P000709,"ASIK, OMER FARUK",2FGA,Missed Two Pointer,0,-7,76,D,,,,8,03:00,18,12,
2007,TS,16,179,100,BAS,PJWO,"MICKEAL, PETE",2FGM,Two Pointer,2,30,17,C,,,,8,03:00,20,12,
2007,TS,16,179,102,ULK,PCOS,"SOLOMON, WILLIE",3FGM,Three Pointer,3,30,682,G,,,,9,02:00,20,15,
2007,TS,16,179,105,ULK,PJYB,"ERDEN, SEMIH",2FGA,Missed Two Pointer,0,266,71,B,,,,9,02:00,20,15,
2007,TS,16,179,115,BAS,PJZJ,"TELETOVIC, MIRZA",3FGM,Three Pointer,3,-617,248,F,,,,9,02:00,23,15,
2007,TS,16,179,121,ULK,P000709,"ASIK, OMER FARUK",FTM,Free Throw In,1,-1,-1, ,,,,10,01:00,23,16,
2007,TS,16,179,122,ULK,P000709,"ASIK, OMER FARUK",FTM,Free Throw In,1,-1,-1, ,,,,10,01:00,23,17,
2007,TS,16,179,126,BAS,PANB,"RAKOCEVIC, IGOR",FTM,Free Throw In,1,-1,-1, ,,,,10,01:00,24,17,
2007,TS,16,179,127,BAS,PANB,"RAKOCEVIC, IGOR",FTM,Free Throw In,1,-1,-1, ,,,,10,01:00,25,17,
2007,TS,16,179,130,ULK,PTHC,"WHITE, JAMES",3FGA,Missed Three Pointer,0,646,-89,A,,,,10,01:00,25,17,
2007,TS,16,179,134,ULK,PARO,"ONAN, OMER",3FGM,Three Pointer,3,-374,587,J,,,,11,10:00,25,20,
2007,TS,16,179,135,BAS,PCBY,"SPLITTER, TIAGO",2FGM,Two Pointer,2,74,5,C,,,,11,10:00,27,20,
2007,TS,16,179,136,ULK,PCOS,"SOLOMON, WILLIE",3FGA,Missed Three Pointer,0,7,684,G,,,,11,10:00,27,20,
2007,TS,16,179,140,BAS,PJZJ,"TELETOVIC, MIRZA",3FGM,Three Pointer,3,-43,682,J,,,,11,10:00,30,20,
2007,TS,16,179,149,BAS,PAJK,"VIDAL, SERGI",2FGM,Two Pointer,2,-279,97,E,,,,12,09:00,32,20,
2007,TS,16,179,153,ULK,P000738,"KINSEY, TARENCE",2FGA,Missed Two Pointer,0,-230,102,D,,,,12,09:00,32,20,
2007,TS,16,179,155,ULK,P000709,"ASIK, OMER FARUK",2FGAB,Missed Two Pointer,0,-38,64,D,,,,12,09:00,32,20,
2007,TS,16,179,163,ULK,PJPF,"SAVAS, OGUZ",2FGM,Two Pointer,2,53,20,C,,,,13,08:00,32,22,
2007,TS,16,179,172,BAS,PCBY,"SPLITTER, TIAGO",2FGM,Two Pointer,2,207,120,C,,,,13,08:00,34,22,
2007,TS,16,179,174,ULK,PJPF,"SAVAS, OGUZ",2FGA,Missed Two Pointer,0,-123,74,D,,,,14,07:00,34,22,
2007,TS,16,179,176,BAS,P000719,"MUONEKE, GABE",2FGA,Missed Two Pointer,0,246,43,C,,,,14,07:00,34,22,
2007,TS,16,179,178,ULK,PJPF,"SAVAS, OGUZ",2FGA,Missed Two Pointer,0,-143,120,D,,,,14,07:00,34,22,
2007,TS,16,179,181,BAS,P000719,"MUONEKE, GABE",2FGM,Two Pointer,2,2,-5,D,,,,14,07:00,36,22,
2007,TS,16,179,188,BAS,PCBY,"SPLITTER, TIAGO",2FGAB,Missed Two Pointer,0,61,28,C,,,,15,06:00,36,22,
2007,TS,16,179,199,BAS,PCBY,"SPLITTER, TIAGO",2FGA,Missed Two Pointer,0,25,5,C,,,,16,05:00,36,22,
2007,TS,16,179,202,BAS,PCBY,"SPLITTER, TIAGO",2FGM,Two Pointer,2,-64,7,D,,,,16,05:00,38,22,
2007,TS,16,179,207,ULK,PTFI,"VIDMAR, GASPER",FTM,Free Throw In,1,-1,-1, ,,,,17,04:00,38,23,
2007,TS,16,179,208,BAS,PAJK,"VIDAL, SERGI",2FGM,Two Pointer,2,182,271,C,,,,17,04:00,40,23,
2007,TS,16,179,213,BAS,P000719,"MUONEKE, GABE",2FGM,Two Pointer,2,-2,53,D,,,,17,04:00,42,23,
2007,TS,16,179,215,ULK,PLGA,"KAAN, DAMIR",3FGM,Three Pointer,3,-466,484,J,,,,18,03:00,42,26,
2007,TS,16,179,216,BAS,PCBX,"PRIGIONI, PABLO",3FGA,Missed Three Pointer,0,407,548,G,,,,18,03:00,42,26,
2007,TS,16,179,218,ULK,P000738,"KINSEY, TARENCE",2FGM,Two Pointer,2,407,20,B,,,,18,03:00,42,28,
2007,TS,16,179,224,BAS,PAJK,"VIDAL, SERGI",FTM,Free Throw In,1,-1,-1, ,,,,18,03:00,43,28,
2007,TS,16,179,225,BAS,PAJK,"VIDAL, SERGI",FTM,Free Throw In,1,-1,-1, ,,,,18,03:00,44,28,
2007,TS,16,179,228,ULK,P000738,"KINSEY, TARENCE",3FGM,Three Pointer,3,-317,607,J,,,,18,03:00,44,31,
2007,TS,16,179,231,BAS,PCBX,"PRIGIONI, PABLO",3FGM,Three Pointer,3,-520,402,F,,,,19,02:00,47,31,
2007,TS,16,179,234,ULK,PLGA,"KAAN, DAMIR",3FGM,Three Pointer,3,-233,643,J,,,,19,02:00,47,34,
2007,TS,16,179,236,BAS,PAJK,"VIDAL, SERGI",3FGM,Three Pointer,3,669,-30,A,,,,19,02:00,50,34,
2007,TS,16,179,238,ULK,PLGA,"KAAN, DAMIR",3FGM,Three Pointer,3,664,25,A,,,,20,01:00,50,37,
2007,TS,16,179,239,BAS,PBVC,"JASAITIS, SIMAS",3FGA,Missed Three Pointer,0,-517,438,J,,,,20,01:00,50,37,
2007,TS,16,179,243,ULK,P000738,"KINSEY, TARENCE",FTM,Free Throw In,1,-1,-1, ,,,,20,01:00,50,38,
2007,TS,16,179,260,BAS,PAFP,"PLANINIC, ZORAN",2FGA,Missed Two Pointer,0,20,94,C,,,,21,10:00,50,38,
2007,TS,16,179,262,ULK,P000738,"KINSEY, TARENCE",2FGM,Two Pointer,2,-48,35,D,,,,21,10:00,50,40,
2007,TS,16,179,263,BAS,PJTT,"MCDONALD, WILL",2FGM,Two Pointer,2,7,10,C,,,,21,10:00,52,40,
2007,TS,16,179,266,BAS,PJTT,"MCDONALD, WILL",2FGM,Two Pointer,2,269,61,B,,,,22,09:00,54,40,
2007,TS,16,179,267,ULK,PLGA,"KAAN, DAMIR",3FGA,Missed Three Pointer,0,5,702,G,,,,22,09:00,54,40,
2007,TS,16,179,273,BAS,PJZJ,"TELETOVIC, MIRZA",3FGM,Three Pointer,3,174,648,G,,,,23,08:00,57,40,
2007,TS,16,179,274,ULK,P000709,"ASIK, OMER FARUK",2FGA,Missed Two Pointer,0,79,7,C,,,,23,08:00,57,40,
2007,TS,16,179,276,BAS,PANB,"RAKOCEVIC, IGOR",2FGA,Missed Two Pointer,0,228,215,B,,,,23,08:00,57,40,
2007,TS,16,179,278,ULK,P000738,"KINSEY, TARENCE",3FGA,Missed Three Pointer,0,394,551,G,,,,23,08:00,57,40,
2007,TS,16,179,290,ULK,PJPF,"SAVAS, OGUZ",2FGA,Missed Two Pointer,0,46,28,C,,,,24,07:00,57,40,
2007,TS,16,179,292,BAS,PAFP,"PLANINIC, ZORAN",2FGM,Two Pointer,2,-2,110,D,,,,24,07:00,59,40,
2007,TS,16,179,298,BAS,PAFP,"PLANINIC, ZORAN",FTM,Free Throw In,1,-1,-1, ,,,,25,06:00,60,40,
2007,TS,16,179,299,ULK,PTFH,"PRELDZIC, EMIR",2FGA,Missed Two Pointer,0,-125,148,D,,,,25,06:00,60,40,
2007,TS,16,179,302,BAS,PANB,"RAKOCEVIC, IGOR",3FGM,Three Pointer,3,25,682,G,,,,25,06:00,63,40,
2007,TS,16,179,303,ULK,PJPF,"SAVAS, OGUZ",2FGM,Two Pointer,2,-51,20,D,,,,25,06:00,63,42,
2007,TS,16,179,312,BAS,PBVC,"JASAITIS, SIMAS",3FGM,Three Pointer,3,-679,-66,F,,,,26,05:00,66,42,
2007,TS,16,179,313,ULK,PTFH,"PRELDZIC, EMIR",2FGA,Missed Two Pointer,0,69,38,C,,,,26,05:00,66,42,
2007,TS,16,179,315,ULK,PJPF,"SAVAS, OGUZ",2FGA,Missed Two Pointer,0,64,48,C,,,,26,05:00,66,42,
2007,TS,16,179,317,ULK,PJPF,"SAVAS, OGUZ",2FGM,Two Pointer,2,48,25,C,,,,26,05:00,66,44,
2007,TS,16,179,318,BAS,PANB,"RAKOCEVIC, IGOR",3FGA,Missed Three Pointer,0,-323,602,J,,,,26,05:00,66,44,
2007,TS,16,179,321,ULK,PJPF,"SAVAS, OGUZ",2FGA,Missed Two Pointer,0,-76,10,D,,,,27,04:00,66,44,
2007,TS,16,179,323,ULK,PARO,"ONAN, OMER",2FGA,Missed Two Pointer,0,317,358,B,,,,27,04:00,66,44,
2007,TS,16,179,328,ULK,PJPF,"SAVAS, OGUZ",2FGM,Two Pointer,2,-2,2,D,,,,27,04:00,66,46,
2007,TS,16,179,329,BAS,PAFP,"PLANINIC, ZORAN",2FGM,Two Pointer,2,58,35,C,,,,27,04:00,68,46,
2007,TS,16,179,332,ULK,PJPF,"SAVAS, OGUZ",2FGM,Two Pointer,2,-56,17,D,,,,28,03:00,68,48,
2007,TS,16,179,333,BAS,PANB,"RAKOCEVIC, IGOR",3FGA,Missed Three Pointer,0,623,210,A,,,,28,03:00,68,48,
2007,TS,16,179,335,ULK,PTHC,"WHITE, JAMES",2FGA,Missed Two Pointer,0,-102,28,D,,,,28,03:00,68,48,
2007,TS,16,179,338,BAS,PBVC,"JASAITIS, SIMAS",3FGM,Three Pointer,3,582,320,A,,,,28,03:00,71,48,
2007,TS,16,179,339,ULK,PJPF,"SAVAS, OGUZ",3FGA,Missed Three Pointer,0,379,569,G,,,,28,03:00,71,48,
2007,TS,16,179,363,ULK,PTFH,"PRELDZIC, EMIR",3FGM,Three Pointer,3,-671,-48,F,,,,29,02:00,71,51,
2007,TS,16,179,366,BAS,PJTT,"MCDONALD, WILL",FTM,Free Throw In,1,-1,-1, ,,,,29,02:00,72,51,
2007,TS,16,179,367,BAS,PJTT,"MCDONALD, WILL",FTM,Free Throw In,1,-1,-1, ,,,,29,02:00,73,51,
2007,TS,16,179,370,ULK,PCOS,"SOLOMON, WILLIE",2FGM,Two Pointer,2,166,423,C,,,,29,02:00,73,53,
2007,TS,16,179,376,ULK,PCOS,"SOLOMON, WILLIE",3FGM,Three Pointer,3,182,638,G,,,,30,01:00,73,56,
2007,TS,16,179,381,BAS,PCBY,"SPLITTER, TIAGO",FTM,Free Throw In,1,-1,-1, ,,,,30,01:00,74,56,
2007,TS,16,179,382,ULK,PARO,"ONAN, OMER",2FGA,Missed Two Pointer,0,-56,30,D,,,,30,01:00,74,56,
2007,TS,16,179,391,BAS,PAJK,"VIDAL, SERGI",3FGM,Three Pointer,3,-682,25,F,,,,31,10:00,77,56,
2007,TS,16,179,398,ULK,PCOS,"SOLOMON, WILLIE",FTM,Free Throw In,1,-1,-1, ,,,,31,10:00,77,57,
2007,TS,16,179,399,ULK,P000738,"KINSEY, TARENCE",2FGA,Missed Two Pointer,0,228,151,C,,,,31,10:00,77,57,
2007,TS,16,179,402,BAS,P000719,"MUONEKE, GABE",3FGM,Three Pointer,3,-469,492,J,,,,31,10:00,80,57,
2007,TS,16,179,404,ULK,P000709,"ASIK, OMER FARUK",2FGA,Missed Two Pointer,0,48,7,C,,,,32,09:00,80,57,
2007,TS,16,179,408,BAS,PCBX,"PRIGIONI, PABLO",3FGA,Missed Three Pointer,0,353,584,G,,,,32,09:00,80,57,
2007,TS,16,179,410,BAS,PCBY,"SPLITTER, TIAGO",2FGAB,Missed Two Pointer,0,64,17,C,,,,32,09:00,80,57,
2007,TS,16,179,419,ULK,PJYB,"ERDEN, SEMIH",FTM,Free Throw In,1,-1,-1, ,,,,32,09:00,80,58,
2007,TS,16,179,424,BAS,PAJK,"VIDAL, SERGI",FTM,Free Throw In,1,-1,-1, ,,,,32,09:00,81,58,
2007,TS,16,179,425,BAS,PAJK,"VIDAL, SERGI",FTM,Free Throw In,1,-1,-1, ,,,,32,09:00,82,58,
2007,TS,16,179,430,ULK,PCOS,"SOLOMON, WILLIE",2FGA,Missed Two Pointer,0,-351,482,I,,,,32,09:00,82,58,
2007,TS,16,179,435,ULK,P000709,"ASIK, OMER FARUK",FTM,Free Throw In,1,-1,-1, ,,,,33,08:00,82,59,
2007,TS,16,179,438,BAS,PANB,"RAKOCEVIC, IGOR",3FGA,Missed Three Pointer,0,-169,653,J,,,,33,08:00,82,59,
2007,TS,16,179,440,ULK,PLGA,"KAAN, DAMIR",3FGM,Three Pointer,3,220,625,G,,,,33,08:00,82,62,
2007,TS,16,179,445,BAS,PJTT,"MCDONALD, WILL",2FGM,Two Pointer,2,271,20,B,,,,34,07:00,84,62,
2007,TS,16,179,446,ULK,P000738,"KINSEY, TARENCE",2FGA,Missed Two Pointer,0,212,200,C,,,,34,07:00,84,62,
2007,TS,16,179,448,ULK,P000709,"ASIK, OMER FARUK",2FGM,Two Pointer,2,-69,23,D,,,,34,07:00,84,64,
2007,TS,16,179,449,BAS,P000719,"MUONEKE, GABE",3FGM,Three Pointer,3,-348,594,J,,,,34,07:00,87,64,
2007,TS,16,179,464,ULK,P000709,"ASIK, OMER FARUK",FTM,Free Throw In,1,-1,-1, ,,,,35,06:00,87,65,
2007,TS,16,179,465,ULK,P000709,"ASIK, OMER FARUK",FTM,Free Throw In,1,-1,-1, ,,,,35,06:00,87,66,
2007,TS,16,179,469,ULK,PTFI,"VIDMAR, GASPER",2FGM,Two Pointer,2,79,41,C,,,,35,06:00,87,68,
2007,TS,16,179,473,BAS,PCBY,"SPLITTER, TIAGO",FTM,Free Throw In,1,-1,-1, ,,,,36,05:00,88,68,
2007,TS,16,179,480,BAS,PCBY,"SPLITTER, TIAGO",FTM,Free Throw In,1,-1,-1, ,,,,36,05:00,89,68,
2007,TS,16,179,481,BAS,PCBY,"SPLITTER, TIAGO",FTM,Free Throw In,1,-1,-1, ,,,,36,05:00,90,68,
2007,TS,16,179,482,ULK,P000709,"ASIK, OMER FARUK",2FGAB,Missed Two Pointer,0,53,12,C,,,,36,05:00,90,68,
2007,TS,16,179,486,BAS,PCBY,"SPLITTER, TIAGO",2FGAB,Missed Two Pointer,0,61,58,C,,,,36,05:00,90,68,
2007,TS,16,179,491,ULK,P000738,"KINSEY, TARENCE",3FGA,Missed Three Pointer,0,666,-33,A,,,,37,04:00,90,68,
2007,TS,16,179,497,BAS,PCBX,"PRIGIONI, PABLO",FTM,Free Throw In,1,-1,-1, ,,,,37,04:00,91,68,
2007,TS,16,179,498,BAS,PCBX,"PRIGIONI, PABLO",FTM,Free Throw In,1,-1,-1, ,,,,37,04:00,92,68,
2007,TS,16,179,499,ULK,PLGA,"KAAN, DAMIR",3FGA,Missed Three Pointer,0,-292,643,J,,,,37,04:00,92,68,
2007,TS,16,179,503,BAS,PCBY,"SPLITTER, TIAGO",2FGM,Two Pointer,2,0,17,D,,,,37,04:00,94,68,
2007,TS,16,179,504,ULK,P000738,"KINSEY, TARENCE",2FGM,Two Pointer,2,376,248,B,,,,37,04:00,94,70,
2007,TS,16,179,505,BAS,PAFP,"PLANINIC, ZORAN",3FGM,Three Pointer,3,94,689,G,,,,37,04:00,97,70,
2007,TS,16,179,507,ULK,PTFI,"VIDMAR, GASPER",2FGA,Missed Two Pointer,0,-146,38,D,,,,38,03:00,97,70,
2007,TS,16,179,510,ULK,PTFI,"VIDMAR, GASPER",2FGM,Two Pointer,2,5,12,C,,,,38,03:00,97,72,
2007,TS,16,179,513,BAS,PANB,"RAKOCEVIC, IGOR",FTM,Free Throw In,1,-1,-1, ,,,,38,03:00,98,72,
2007,TS,16,179,515,BAS,PANB,"RAKOCEVIC, IGOR",FTM,Free Throw In,1,-1,-1, ,,,,38,03:00,99,72,
2007,TS,16,179,517,ULK,PTFI,"VIDMAR, GASPER",2FGM,Two Pointer,2,-2,107,D,,,,39,02:00,99,74,
2007,TS,16,179,520,BAS,PAFP,"PLANINIC, ZORAN",2FGM,Two Pointer,2,-61,38,D,,,,39,02:00,101,74,
2007,TS,16,179,521,ULK,PJPF,"SAVAS, OGUZ",3FGM,Three Pointer,3,-453,489,J,,,,39,02:00,101,77,
2007,TS,16,179,522,BAS,PANB,"RAKOCEVIC, IGOR",2FGM,Two Pointer,2,-210,151,D,,,,39,02:00,103,77,
2007,TS,16,179,524,ULK,PJPF,"SAVAS, OGUZ",3FGM,Three Pointer,3,-294,615,J,,,,39,02:00,103,80,
2007,TS,16,179,528,BAS,PCBY,"SPLITTER, TIAGO",3FGA,Missed Three Pointer,0,-448,474,J,,,,40,01:00,103,80,
2007,TS,16,179,530,BAS,P000719,"MUONEKE, GABE",2FGA,Missed Two Pointer,0,58,7,C,,,,40,01:00,103,80,
2007,TS,16,179,532,ULK,PJPF,"SAVAS, OGUZ",2FGM,Two Pointer,2,-46,35,D,,,,40,01:00,103,82,
2007,TS,16,179,538,ULK,PJPF,"SAVAS, OGUZ",FTM,Free Throw In,1,-1,-1, ,,,,40,01:00,103,83,
2007,TS,16,179,539,ULK,PJPF,"SAVAS, OGUZ",FTM,Free Throw In,1,-1,-1, ,,,,40,01:00,103,84,
2007,TS,16,179,540,BAS,PAFP,"PLANINIC, ZORAN",2FGA,Missed Two Pointer,0,-33,74,D,,,,40,01:00,103,84,
2007,TS,16,180,4,LIE,PCOH,"PRICE, HOLLIS",3FGM,Three Pointer,3,-15,676,J,,,,1,10:00,3,0,
2007,TS,16,180,6,ARI,PBDH,"MOTTOLA, HANNO",2FGA,Missed Two Pointer,0,-117,51,D,,,,2,09:00,3,0,
2007,TS,16,180,8,LIE,PJZN,"PETRAVICIUS, MARIJONAS",2FGA,Missed Two Pointer,0,217,230,C,,,,2,09:00,3,0,
2007,TS,16,180,12,ARI,PLGV,"MASSEY, JEREMIAH",FTM,Free Throw In,1,-1,-1, ,,,,2,09:00,3,1,
2007,TS,16,180,13,ARI,PLGV,"MASSEY, JEREMIAH",FTM,Free Throw In,1,-1,-1, ,,,,2,09:00,3,2,
2007,TS,16,180,17,LIE,PBUU,"LUKAUSKIS, MINDAUGAS",2FGM,Two Pointer,2,-169,43,D,,,,3,08:00,5,2,
2007,TS,16,180,20,ARI,PLGM,"TSALDARIS, DIMITRIOS",2FGA,Missed Two Pointer,0,-356,320,E,,,,3,08:00,5,2,
2007,TS,16,180,24,LIE,PLOC,"EIDSON, CHUCK",2FGA,Missed Two Pointer,0,-264,156,E,,,,3,08:00,5,2,
2007,TS,16,180,32,LIE,PBUU,"LUKAUSKIS, MINDAUGAS",FTM,Free Throw In,1,-1,-1, ,,,,3,08:00,6,2,
2007,TS,16,180,33,LIE,PBUU,"LUKAUSKIS, MINDAUGAS",FTM,Free Throw In,1,-1,-1, ,,,,3,08:00,7,2,
2007,TS,16,180,37,ARI,PLGM,"TSALDARIS, DIMITRIOS",2FGA,Missed Two Pointer,0,35,53,C,,,,4,07:00,7,2,
2007,TS,16,180,41,LIE,PCOH,"PRICE, HOLLIS",2FGA,Missed Two Pointer,0,-274,89,E,,,,4,07:00,7,2,
2007,TS,16,180,43,ARI,PBDH,"MOTTOLA, HANNO",3FGM,Three Pointer,3,223,620,G,,,,4,07:00,7,5,
2007,TS,16,180,47,LIE,PLOC,"EIDSON, CHUCK",FTM,Free Throw In,1,-1,-1, ,,,,4,07:00,8,5,
2007,TS,16,180,50,LIE,PLOK,"VROMAN, JACKSON",2FGA,Missed Two Pointer,0,-23,110,D,,,,4,07:00,8,5,
2007,TS,16,180,52,LIE,PBUU,"LUKAUSKIS, MINDAUGAS",3FGM,Three Pointer,3,-502,420,F,,,,4,07:00,11,5,
2007,TS,16,180,55,ARI,PLGV,"MASSEY, JEREMIAH",2FGA,Missed Two Pointer,0,315,107,B,,,,5,06:00,11,5,
2007,TS,16,180,57,LIE,PBUU,"LUKAUSKIS, MINDAUGAS",3FGA,Missed Three Pointer,0,541,425,A,,,,5,06:00,11,5,
2007,TS,16,180,59,ARI,PKRF,"ILIADIS, SAVVAS",2FGA,Missed Two Pointer,0,392,105,B,,,,5,06:00,11,5,
2007,TS,16,180,66,LIE,PLOC,"EIDSON, CHUCK",2FGM,Two Pointer,2,-7,53,D,,,,6,05:00,13,5,
2007,TS,16,180,68,ARI,PLGM,"TSALDARIS, DIMITRIOS",3FGA,Missed Three Pointer,0,292,597,G,,,,6,05:00,13,5,
2007,TS,16,180,70,LIE,PJZN,"PETRAVICIUS, MARIJONAS",2FGM,Two Pointer,2,69,20,C,,,,6,05:00,15,5,
2007,TS,16,180,79,ARI,PKRF,"ILIADIS, SAVVAS",FTM,Free Throw In,1,-1,-1, ,,,,7,04:00,15,6,
2007,TS,16,180,80,ARI,PKRF,"ILIADIS, SAVVAS",FTM,Free Throw In,1,-1,-1, ,,,,7,04:00,15,7,
2007,TS,16,180,88,LIE,PBUU,"LUKAUSKIS, MINDAUGAS",FTM,Free Throw In,1,-1,-1, ,,,,8,03:00,16,7,
2007,TS,16,180,91,ARI,PLSZ,"WASHINGTON, DARIUS",2FGM,Two Pointer,2,-43,12,D,,,,8,03:00,16,9,
2007,TS,16,180,92,LIE,PBUU,"LUKAUSKIS, MINDAUGAS",3FGM,Three Pointer,3,671,69,A,,,,8,03:00,19,9,
2007,TS,16,180,94,ARI,PLGV,"MASSEY, JEREMIAH",2FGA,Missed Two Pointer,0,76,28,C,,,,8,03:00,19,9,
2007,TS,16,180,99,ARI,PKRF,"ILIADIS, SAVVAS",3FGA,Missed Three Pointer,0,646,43,A,,,,9,02:00,19,9,
2007,TS,16,180,109,LIE,PBUU,"LUKAUSKIS, MINDAUGAS",FTM,Free Throw In,1,-1,-1, ,,,,9,02:00,20,9,
2007,TS,16,180,110,LIE,PBUU,"LUKAUSKIS, MINDAUGAS",FTM,Free Throw In,1,-1,-1, ,,,,9,02:00,21,9,
2007,TS,16,180,111,ARI,PLSZ,"WASHINGTON, DARIUS",2FGA,Missed Two Pointer,0,-61,25,D,,,,9,02:00,21,9,
2007,TS,16,180,113,LIE,PLOK,"VROMAN, JACKSON",2FGM,Two Pointer,2,82,35,C,,,,9,02:00,23,9,
2007,TS,16,180,120,ARI,PKRF,"ILIADIS, SAVVAS",FTM,Free Throw In,1,-1,-1, ,,,,10,01:00,23,10,
2007,TS,16,180,121,ARI,PKRF,"ILIADIS, SAVVAS",FTM,Free Throw In,1,-1,-1, ,,,,10,01:00,23,11,
2007,TS,16,180,124,LIE,PKNS,"JOMANTAS, ARTURAS",FTM,Free Throw In,1,-1,-1, ,,,,10,01:00,24,11,
2007,TS,16,180,125,LIE,PKNS,"JOMANTAS, ARTURAS",FTM,Free Throw In,1,-1,-1, ,,,,10,01:00,25,11,
2007,TS,16,180,128,LIE,P000703,"JORDAN, JARED",2FGM,Two Pointer,2,-48,12,D,,,,10,01:00,27,11,
2007,TS,16,180,136,ARI,PAPI,"KALAITZIS, GEORGIOS",2FGM,Two Pointer,2,33,43,C,,,,11,10:00,27,13,
2007,TS,16,180,139,ARI,PAPI,"KALAITZIS, GEORGIOS",FTM,Free Throw In,1,-1,-1, ,,,,11,10:00,27,14,
2007,TS,16,180,140,LIE,PTFL,"BAJRAMOVIC, KENAN",2FGM,Two Pointer,2,-497,135,E,,,,11,10:00,29,14,
2007,TS,16,180,142,ARI,PAPI,"KALAITZIS, GEORGIOS",3FGA,Missed Three Pointer,0,384,569,G,,,,12,09:00,29,14,
2007,TS,16,180,152,ARI,PKRF,"ILIADIS, SAVVAS",FTM,Free Throw In,1,-1,-1, ,,,,12,09:00,29,15,
2007,TS,16,180,158,ARI,PLGM,"TSALDARIS, DIMITRIOS",3FGA,Missed Three Pointer,0,661,28,A,,,,13,08:00,29,15,
2007,TS,16,180,160,LIE,PLOC,"EIDSON, CHUCK",3FGA,Missed Three Pointer,0,-651,112,F,,,,13,08:00,29,15,
2007,TS,16,180,166,ARI,PLGM,"TSALDARIS, DIMITRIOS",FTM,Free Throw In,1,-1,-1, ,,,,13,08:00,29,16,
2007,TS,16,180,167,ARI,PLGM,"TSALDARIS, DIMITRIOS",FTM,Free Throw In,1,-1,-1, ,,,,13,08:00,29,17,
2007,TS,16,180,169,LIE,PCOH,"PRICE, HOLLIS",3FGM,Three Pointer,3,379,576,G,,,,14,07:00,32,17,
2007,TS,16,180,170,ARI,PAPT,"BOISA, VLADIMER",2FGM,Two Pointer,2,297,74,B,,,,14,07:00,32,19,
2007,TS,16,180,171,LIE,PKNS,"JOMANTAS, ARTURAS",3FGA,Missed Three Pointer,0,664,76,A,,,,14,07:00,32,19,
2007,TS,16,180,183,LIE,PLOC,"EIDSON, CHUCK",2FGA,Missed Two Pointer,0,323,207,B,,,,15,06:00,32,19,
2007,TS,16,180,185,ARI,PLGM,"TSALDARIS, DIMITRIOS",3FGA,Missed Three Pointer,0,112,664,G,,,,15,06:00,32,19,
2007,TS,16,180,191,LIE,PLOC,"EIDSON, CHUCK",2FGM,Two Pointer,2,-30,41,D,,,,15,06:00,34,19,
2007,TS,16,180,198,LIE,PTFL,"BAJRAMOVIC, KENAN",3FGM,Three Pointer,3,-515,417,F,,,,16,05:00,37,19,
2007,TS,16,180,203,ARI,PLSZ,"WASHINGTON, DARIUS",2FGA,Missed Two Pointer,0,-2,74,D,,,,16,05:00,37,19,
2007,TS,16,180,207,LIE,PLOK,"VROMAN, JACKSON",2FGM,Two Pointer,2,30,5,C,,,,16,05:00,39,19,
2007,TS,16,180,210,ARI,PKRF,"ILIADIS, SAVVAS",2FGA,Missed Two Pointer,0,-317,110,E,,,,17,04:00,39,19,
2007,TS,16,180,212,ARI,PLGV,"MASSEY, JEREMIAH",2FGM,Two Pointer,2,28,61,C,,,,17,04:00,39,21,
2007,TS,16,180,213,LIE,PCOH,"PRICE, HOLLIS",3FGM,Three Pointer,3,28,676,G,,,,17,04:00,42,21,
2007,TS,16,180,215,ARI,PBDH,"MOTTOLA, HANNO",3FGM,Three Pointer,3,-212,635,J,,,,18,03:00,42,24,
2007,TS,16,180,217,LIE,PLTT,"GECEVICIUS, MARTYNAS",3FGA,Missed Three Pointer,0,-558,346,F,,,,18,03:00,42,24,
2007,TS,16,180,221,ARI,PLSZ,"WASHINGTON, DARIUS",FTM,Free Throw In,1,-1,-1, ,,,,18,03:00,42,25,
2007,TS,16,180,222,ARI,PLSZ,"WASHINGTON, DARIUS",FTM,Free Throw In,1,-1,-1, ,,,,18,03:00,42,26,
2007,TS,16,180,226,LIE,PLTT,"GECEVICIUS, MARTYNAS",3FGM,Three Pointer,3,25,674,G,,,,18,03:00,45,26,
2007,TS,16,180,233,ARI,PLGV,"MASSEY, JEREMIAH",FTM,Free Throw In,1,-1,-1, ,,,,19,02:00,45,27,
2007,TS,16,180,236,ARI,PLSZ,"WASHINGTON, DARIUS",2FGA,Missed Two Pointer,0,-100,169,D,,,,19,02:00,45,27,
2007,TS,16,180,238,ARI,PLSZ,"WASHINGTON, DARIUS",2FGM,Two Pointer,2,-82,79,D,,,,19,02:00,45,29,
2007,TS,16,180,244,LIE,PTFL,"BAJRAMOVIC, KENAN",FTM,Free Throw In,1,-1,-1, ,,,,20,01:00,46,29,
2007,TS,16,180,245,LIE,PTFL,"BAJRAMOVIC, KENAN",FTM,Free Throw In,1,-1,-1, ,,,,20,01:00,47,29,
2007,TS,16,180,246,ARI,PLGV,"MASSEY, JEREMIAH",2FGAB,Missed Two Pointer,0,66,53,C,,,,20,01:00,47,29,
2007,TS,16,180,252,ARI,PLGV,"MASSEY, JEREMIAH",2FGM,Two Pointer,2,-92,30,D,,,,20,01:00,47,31,
2007,TS,16,180,261,LIE,PTFL,"BAJRAMOVIC, KENAN",FTM,Free Throw In,1,-1,-1, ,,,,20,01:00,48,31,
2007,TS,16,180,262,LIE,PTFL,"BAJRAMOVIC, KENAN",FTM,Free Throw In,1,-1,-1, ,,,,20,01:00,49,31,
2007,TS,16,180,273,LIE,PBUU,"LUKAUSKIS, MINDAUGAS",3FGM,Three Pointer,3,-620,253,F,,,,21,10:00,52,31,
2007,TS,16,180,275,ARI,PLGV,"MASSEY, JEREMIAH",2FGM,Two Pointer,2,146,153,C,,,,21,10:00,52,33,
2007,TS,16,180,277,LIE,PBUU,"LUKAUSKIS, MINDAUGAS",3FGA,Missed Three Pointer,0,653,151,A,,,,22,09:00,52,33,
2007,TS,16,180,279,LIE,PJZN,"PETRAVICIUS, MARIJONAS",2FGA,Missed Two Pointer,0,-138,87,D,,,,22,09:00,52,33,
2007,TS,16,180,281,LIE,PLOC,"EIDSON, CHUCK",2FGM,Two Pointer,2,-10,7,D,,,,22,09:00,54,33,
2007,TS,16,180,282,ARI,PLGV,"MASSEY, JEREMIAH",2FGA,Missed Two Pointer,0,100,148,C,,,,22,09:00,54,33,
2007,TS,16,180,284,ARI,PLGM,"TSALDARIS, DIMITRIOS",2FGM,Two Pointer,2,215,300,B,,,,22,09:00,54,35,
2007,TS,16,180,288,LIE,PLOC,"EIDSON, CHUCK",2FGM,Two Pointer,2,2,7,D,,,,23,08:00,56,35,
2007,TS,16,180,300,LIE,PTFL,"BAJRAMOVIC, KENAN",2FGM,Two Pointer,2,-343,300,E,,,,23,08:00,58,35,
2007,TS,16,180,304,ARI,PLGV,"MASSEY, JEREMIAH",FTM,Free Throw In,1,-1,-1, ,,,,24,07:00,58,36,
2007,TS,16,180,307,LIE,PBUU,"LUKAUSKIS, MINDAUGAS",3FGA,Missed Three Pointer,0,243,628,G,,,,24,07:00,58,36,
2007,TS,16,180,309,ARI,PTEO,"TERRY, REYSHAWN",2FGAB,Missed Two Pointer,0,-5,94,D,,,,24,07:00,58,36,
2007,TS,16,180,316,LIE,PBUU,"LUKAUSKIS, MINDAUGAS",FTM,Free Throw In,1,-1,-1, ,,,,24,07:00,59,36,
2007,TS,16,180,317,LIE,PBUU,"LUKAUSKIS, MINDAUGAS",FTM,Free Throw In,1,-1,-1, ,,,,24,07:00,60,36,
2007,TS,16,180,318,ARI,PTEO,"TERRY, REYSHAWN",2FGM,Two Pointer,2,-17,43,D,,,,24,07:00,60,38,
2007,TS,16,180,325,ARI,PLGV,"MASSEY, JEREMIAH",2FGA,Missed Two Pointer,0,120,143,C,,,,25,06:00,60,38,
2007,TS,16,180,327,LIE,PCOH,"PRICE, HOLLIS",3FGA,Missed Three Pointer,0,-658,87,F,,,,25,06:00,60,38,
2007,TS,16,180,330,ARI,PLGV,"MASSEY, JEREMIAH",2FGM,Two Pointer,2,5,25,C,,,,26,05:00,60,40,
2007,TS,16,180,331,LIE,PJZN,"PETRAVICIUS, MARIJONAS",2FGM,Two Pointer,2,0,7,D,,,,26,05:00,62,40,
2007,TS,16,180,337,LIE,PJZN,"PETRAVICIUS, MARIJONAS",FTM,Free Throw In,1,-1,-1, ,,,,26,05:00,63,40,
2007,TS,16,180,347,LIE,PBUU,"LUKAUSKIS, MINDAUGAS",3FGA,Missed Three Pointer,0,-669,100,F,,,,27,04:00,63,40,
2007,TS,16,180,350,ARI,PBDH,"MOTTOLA, HANNO",3FGA,Missed Three Pointer,0,41,666,G,,,,27,04:00,63,40,
2007,TS,16,180,352,ARI,PAPI,"KALAITZIS, GEORGIOS",3FGM,Three Pointer,3,679,-23,A,,,,27,04:00,63,43,
2007,TS,16,180,354,LIE,PLOC,"EIDSON, CHUCK",3FGA,Missed Three Pointer,0,353,597,G,,,,27,04:00,63,43,
2007,TS,16,180,356,ARI,PBDH,"MOTTOLA, HANNO",2FGM,Two Pointer,2,356,474,H,,,,27,04:00,63,45,
2007,TS,16,180,360,ARI,PLGV,"MASSEY, JEREMIAH",2FGM,Two Pointer,2,-46,28,D,,,,28,03:00,63,47,
2007,TS,16,180,371,ARI,PAPT,"BOISA, VLADIMER",2FGA,Missed Two Pointer,0,-48,35,D,,,,29,02:00,63,47,
2007,TS,16,180,373,LIE,PCOH,"PRICE, HOLLIS",2FGM,Two Pointer,2,-251,215,E,,,,29,02:00,65,47,
2007,TS,16,180,374,ARI,PLGM,"TSALDARIS, DIMITRIOS",2FGA,Missed Two Pointer,0,284,135,B,,,,29,02:00,65,47,
2007,TS,16,180,376,ARI,PTEO,"TERRY, REYSHAWN",2FGM,Two Pointer,2,15,112,C,,,,29,02:00,65,49,
2007,TS,16,180,384,ARI,PLGM,"TSALDARIS, DIMITRIOS",3FGA,Missed Three Pointer,0,569,397,A,,,,30,01:00,65,49,
2007,TS,16,180,391,LIE,PBUU,"LUKAUSKIS, MINDAUGAS",3FGA,Missed Three Pointer,0,-441,576,J,,,,30,01:00,65,49,
2007,TS,16,180,400,LIE,PKNS,"JOMANTAS, ARTURAS",3FGA,Missed Three Pointer,0,289,623,G,,,,31,10:00,65,49,
2007,TS,16,180,406,ARI,PLGM,"TSALDARIS, DIMITRIOS",3FGM,Three Pointer,3,279,615,G,,,,31,10:00,65,52,
2007,TS,16,180,407,LIE,PLTT,"GECEVICIUS, MARTYNAS",3FGA,Missed Three Pointer,0,348,684,G,,,,31,10:00,65,52,
2007,TS,16,180,410,ARI,PKRF,"ILIADIS, SAVVAS",3FGM,Three Pointer,3,-658,20,F,,,,32,09:00,65,55,
2007,TS,16,180,416,LIE,PCOH,"PRICE, HOLLIS",3FGA,Missed Three Pointer,0,-523,548,J,,,,32,09:00,65,55,
2007,TS,16,180,421,LIE,PTFL,"BAJRAMOVIC, KENAN",2FGM,Two Pointer,2,187,230,C,,,,33,08:00,67,55,
2007,TS,16,180,423,ARI,PLGV,"MASSEY, JEREMIAH",2FGM,Two Pointer,2,33,61,C,,,,33,08:00,67,57,
2007,TS,16,180,430,LIE,PTFL,"BAJRAMOVIC, KENAN",FTM,Free Throw In,1,-1,-1, ,,,,34,07:00,68,57,
2007,TS,16,180,431,LIE,PTFL,"BAJRAMOVIC, KENAN",FTM,Free Throw In,1,-1,-1, ,,,,34,07:00,69,57,
2007,TS,16,180,432,LIE,PTFL,"BAJRAMOVIC, KENAN",2FGA,Missed Two Pointer,0,-69,30,D,,,,34,07:00,69,57,
2007,TS,16,180,440,LIE,PCOH,"PRICE, HOLLIS",3FGA,Missed Three Pointer,0,671,7,A,,,,35,06:00,69,57,
2007,TS,16,180,442,LIE,PLOK,"VROMAN, JACKSON",2FGA,Missed Two Pointer,0,-97,61,D,,,,35,06:00,69,57,
2007,TS,16,180,449,ARI,PAPI,"KALAITZIS, GEORGIOS",3FGM,Three Pointer,3,187,648,G,,,,36,05:00,69,60,
2007,TS,16,180,450,LIE,PLOC,"EIDSON, CHUCK",3FGM,Three Pointer,3,-679,41,F,,,,36,05:00,72,60,
2007,TS,16,180,453,ARI,PAPT,"BOISA, VLADIMER",2FGM,Two Pointer,2,74,56,C,,,,37,04:00,72,62,
2007,TS,16,180,457,ARI,PAPT,"BOISA, VLADIMER",FTM,Free Throw In,1,-1,-1, ,,,,37,04:00,72,63,
2007,TS,16,180,465,LIE,PLOC,"EIDSON, CHUCK",FTM,Free Throw In,1,-1,-1, ,,,,37,04:00,73,63,
2007,TS,16,180,466,LIE,PLOC,"EIDSON, CHUCK",FTM,Free Throw In,1,-1,-1, ,,,,37,04:00,74,63,
2007,TS,16,180,467,LIE,PLOC,"EIDSON, CHUCK",FTM,Free Throw In,1,-1,-1, ,,,,37,04:00,75,63,
2007,TS,16,180,468,LIE,PCOH,"PRICE, HOLLIS",FTM,Free Throw In,1,-1,-1, ,,,,37,04:00,76,63,
2007,TS,16,180,469,LIE,PCOH,"PRICE, HOLLIS",FTM,Free Throw In,1,-1,-1, ,,,,37,04:00,77,63,
2007,TS,16,180,471,LIE,PKNS,"JOMANTAS, ARTURAS",2FGA,Missed Two Pointer,0,61,25,C,,,,37,04:00,77,63,
2007,TS,16,180,473,ARI,PLGM,"TSALDARIS, DIMITRIOS",3FGA,Missed Three Pointer,0,-233,630,J,,,,37,04:00,77,63,
2007,TS,16,180,477,ARI,PLGV,"MASSEY, JEREMIAH",FTM,Free Throw In,1,-1,-1, ,,,,37,04:00,77,64,
2007,TS,16,180,489,LIE,PKNS,"JOMANTAS, ARTURAS",FTM,Free Throw In,1,-1,-1, ,,,,38,03:00,78,64,
2007,TS,16,180,490,ARI,PLSZ,"WASHINGTON, DARIUS",2FGM,Two Pointer,2,-66,38,D,,,,38,03:00,78,66,
2007,TS,16,180,494,ARI,PLGV,"MASSEY, JEREMIAH",2FGM,Two Pointer,2,23,117,C,,,,39,02:00,78,68,
2007,TS,16,180,496,LIE,PLOC,"EIDSON, CHUCK",2FGM,Two Pointer,2,38,7,C,,,,39,02:00,80,68,
2007,TS,16,180,499,LIE,PLOC,"EIDSON, CHUCK",FTM,Free Throw In,1,-1,-1, ,,,,39,02:00,81,68,
2007,TS,16,180,500,ARI,PLSZ,"WASHINGTON, DARIUS",3FGM,Three Pointer,3,-435,538,J,,,,39,02:00,81,71,
2007,TS,16,180,501,LIE,PTFL,"BAJRAMOVIC, KENAN",2FGM,Two Pointer,2,84,23,C,,,,39,02:00,83,71,
2007,TS,16,180,502,ARI,PLSZ,"WASHINGTON, DARIUS",3FGA,Missed Three Pointer,0,10,684,G,,,,39,02:00,83,71,
2007,TS,16,180,504,LIE,PCOH,"PRICE, HOLLIS",2FGM,Two Pointer,2,235,69,C,,,,39,02:00,85,71,
2007,TS,16,180,508,LIE,PJZN,"PETRAVICIUS, MARIJONAS",2FGM,Two Pointer,2,-15,0,D,,,,40,01:00,87,71,
2007,TS,16,180,514,ARI,PLGM,"TSALDARIS, DIMITRIOS",3FGM,Three Pointer,3,-484,482,J,,,,40,01:00,87,74,
2007,TS,16,180,516,LIE,PJZN,"PETRAVICIUS, MARIJONAS",2FGM,Two Pointer,2,-64,25,D,,,,40,01:00,89,74,
2007,TS,16,181,2,TEL,PCQD,"CUMMINGS, VONTEEGO",3FGA,Missed Three Pointer,0,-300,625,J,,,,1,10:00,0,0,
2007,TS,16,181,4,TEL,PDHD,"BATISTA, ESTEBAN",2FGAB,Missed Two Pointer,0,-41,87,D,,,,1,10:00,0,0,
2007,TS,16,181,11,ZAL,PAHT,"BROWN, MARCUS",2FGM,Two Pointer,2,5,289,C,,,,1,10:00,2,0,
2007,TS,16,181,15,ZAL,PADX,"ZUKAUSKAS, EURELIJUS",2FGAB,Missed Two Pointer,0,-12,166,D,,,,2,09:00,2,0,
2007,TS,16,181,19,TEL,PDHD,"BATISTA, ESTEBAN",2FGM,Two Pointer,2,-7,-2,D,,,,2,09:00,2,2,
2007,TS,16,181,21,ZAL,PADX,"ZUKAUSKAS, EURELIJUS",2FGA,Missed Two Pointer,0,-51,51,D,,,,2,09:00,2,2,
2007,TS,16,181,23,ZAL,PADX,"ZUKAUSKAS, EURELIJUS",2FGA,Missed Two Pointer,0,-10,107,D,,,,2,09:00,2,2,
2007,TS,16,181,25,ZAL,PBDB,"COLLINS, DeJUAN",2FGM,Two Pointer,2,-384,115,E,,,,2,09:00,4,2,
2007,TS,16,181,27,TEL,PCQD,"CUMMINGS, VONTEEGO",3FGA,Missed Three Pointer,0,-684,84,F,,,,3,08:00,4,2,
2007,TS,16,181,29,ZAL,PJCC,"MACIULIS, JONAS",2FGA,Missed Two Pointer,0,-107,33,D,,,,3,08:00,4,2,
2007,TS,16,181,31,TEL,PDHD,"BATISTA, ESTEBAN",2FGM,Two Pointer,2,194,33,C,,,,3,08:00,4,4,
2007,TS,16,181,33,ZAL,PJCC,"MACIULIS, JONAS",3FGM,Three Pointer,3,679,33,A,,,,4,07:00,7,4,
2007,TS,16,181,35,TEL,PBES,"BLUTHENTHAL, DAVID",3FGM,Three Pointer,3,551,464,G,,,,4,07:00,7,7,
2007,TS,16,181,37,ZAL,PAHT,"BROWN, MARCUS",2FGM,Two Pointer,2,-494,256,E,,,,4,07:00,9,7,
2007,TS,16,181,40,TEL,PCQD,"CUMMINGS, VONTEEGO",3FGM,Three Pointer,3,-10,764,J,,,,5,06:00,9,10,
2007,TS,16,181,41,ZAL,PBWI,"JANKUNAS, PAULIUS",3FGA,Missed Three Pointer,0,-179,679,J,,,,5,06:00,9,10,
2007,TS,16,181,43,TEL,PDHD,"BATISTA, ESTEBAN",2FGA,Missed Two Pointer,0,76,20,C,,,,5,06:00,9,10,
2007,TS,16,181,45,TEL,PDHD,"BATISTA, ESTEBAN",2FGM,Two Pointer,2,56,25,C,,,,5,06:00,9,12,
2007,TS,16,181,46,ZAL,PADX,"ZUKAUSKAS, EURELIJUS",2FGM,Two Pointer,2,5,2,C,,,,5,06:00,11,12,
2007,TS,16,181,49,TEL,PBES,"BLUTHENTHAL, DAVID",3FGA,Missed Three Pointer,0,17,697,G,,,,6,05:00,11,12,
2007,TS,16,181,51,TEL,PDHD,"BATISTA, ESTEBAN",2FGM,Two Pointer,2,28,97,C,,,,6,05:00,11,14,
2007,TS,16,181,58,ZAL,PJCC,"MACIULIS, JONAS",3FGA,Missed Three Pointer,0,-492,492,J,,,,6,05:00,11,14,
2007,TS,16,181,60,TEL,PBES,"BLUTHENTHAL, DAVID",2FGA,Missed Two Pointer,0,25,110,C,,,,6,05:00,11,14,
2007,TS,16,181,68,TEL,PLTS,"MORRIS, TERENCE",3FGM,Three Pointer,3,-230,694,J,,,,7,04:00,11,17,
2007,TS,16,181,74,ZAL,P000459,"N'DIAYE, MAMADOU",FTM,Free Throw In,1,-1,-1, ,,,,7,04:00,12,17,
2007,TS,16,181,75,ZAL,P000459,"N'DIAYE, MAMADOU",FTM,Free Throw In,1,-1,-1, ,,,,7,04:00,13,17,
2007,TS,16,181,80,ZAL,PAHT,"BROWN, MARCUS",2FGM,Two Pointer,2,358,2,B,,,,8,03:00,15,17,
2007,TS,16,181,81,TEL,PLTS,"MORRIS, TERENCE",2FGA,Missed Two Pointer,0,282,384,B,,,,8,03:00,15,17,
2007,TS,16,181,83,ZAL,PAHT,"BROWN, MARCUS",2FGA,Missed Two Pointer,0,-53,507,I,,,,8,03:00,15,17,
2007,TS,16,181,85,ZAL,PBDB,"COLLINS, DeJUAN",3FGA,Missed Three Pointer,0,-364,615,J,,,,8,03:00,15,17,
2007,TS,16,181,87,ZAL,PBDB,"COLLINS, DeJUAN",2FGM,Two Pointer,2,-302,269,E,,,,8,03:00,17,17,
2007,TS,16,181,89,TEL,PBES,"BLUTHENTHAL, DAVID",2FGM,Two Pointer,2,-335,15,E,,,,9,02:00,17,19,
2007,TS,16,181,90,ZAL,PBDE,"JURAK, GORAN",2FGM,Two Pointer,2,-71,58,D,,,,9,02:00,19,19,
2007,TS,16,181,95,ZAL,PBDE,"JURAK, GORAN",FTM,Free Throw In,1,-1,-1, ,,,,9,02:00,20,19,
2007,TS,16,181,100,TEL,PDHD,"BATISTA, ESTEBAN",FTM,Free Throw In,1,-1,-1, ,,,,9,02:00,20,20,
2007,TS,16,181,101,TEL,PDHD,"BATISTA, ESTEBAN",FTM,Free Throw In,1,-1,-1, ,,,,9,02:00,20,21,
2007,TS,16,181,102,ZAL,PAHT,"BROWN, MARCUS",3FGA,Missed Three Pointer,0,-592,387,F,,,,9,02:00,20,21,
2007,TS,16,181,111,ZAL,PBDE,"JURAK, GORAN",FTM,Free Throw In,1,-1,-1, ,,,,9,02:00,21,21,
2007,TS,16,181,113,TEL,PLTS,"MORRIS, TERENCE",2FGM,Two Pointer,2,5,-2,C,,,,10,01:00,21,23,
2007,TS,16,181,115,ZAL,PATP,"POPOVIC, MARKO",3FGA,Missed Three Pointer,0,-451,541,J,,,,10,01:00,21,23,
2007,TS,16,181,117,TEL,PLFR,"BYNUM, WILL",3FGM,Three Pointer,3,653,246,A,,,,10,01:00,21,26,
2007,TS,16,181,118,ZAL,PJBX,"KALNIETIS, MANTAS",3FGA,Missed Three Pointer,0,-217,656,J,,,,10,01:00,21,26,
2007,TS,16,181,125,ZAL,P000459,"N'DIAYE, MAMADOU",2FGA,Missed Two Pointer,0,30,487,H,,,,11,10:00,21,26,
2007,TS,16,181,131,ZAL,PBDE,"JURAK, GORAN",2FGM,Two Pointer,2,76,17,C,,,,11,10:00,23,26,
2007,TS,16,181,133,TEL,PDHD,"BATISTA, ESTEBAN",2FGM,Two Pointer,2,35,38,C,,,,12,09:00,23,28,
2007,TS,16,181,138,TEL,PDHD,"BATISTA, ESTEBAN",2FGA,Missed Two Pointer,0,107,5,C,,,,12,09:00,23,28,
2007,TS,16,181,140,TEL,PLTS,"MORRIS, TERENCE",2FGM,Two Pointer,2,53,56,C,,,,12,09:00,23,30,
2007,TS,16,181,141,ZAL,PBDE,"JURAK, GORAN",3FGA,Missed Three Pointer,0,-266,643,J,,,,12,09:00,23,30,
2007,TS,16,181,143,TEL,PLFR,"BYNUM, WILL",2FGM,Two Pointer,2,43,46,C,,,,12,09:00,23,32,
2007,TS,16,181,148,TEL,PLFR,"BYNUM, WILL",FTM,Free Throw In,1,-1,-1, ,,,,12,09:00,23,33,
2007,TS,16,181,151,ZAL,P000459,"N'DIAYE, MAMADOU",2FGM,Two Pointer,2,0,7,D,,,,13,08:00,25,33,
2007,TS,16,181,152,TEL,PBES,"BLUTHENTHAL, DAVID",2FGM,Two Pointer,2,17,505,H,,,,13,08:00,25,35,
2007,TS,16,181,155,ZAL,PATP,"POPOVIC, MARKO",3FGA,Missed Three Pointer,0,-210,682,J,,,,13,08:00,25,35,
2007,TS,16,181,157,ZAL,PBDB,"COLLINS, DeJUAN",2FGA,Missed Two Pointer,0,-133,79,D,,,,13,08:00,25,35,
2007,TS,16,181,163,ZAL,PBDB,"COLLINS, DeJUAN",2FGA,Missed Two Pointer,0,-74,23,D,,,,14,07:00,25,35,
2007,TS,16,181,165,ZAL,PBWI,"JANKUNAS, PAULIUS",2FGM,Two Pointer,2,-71,56,D,,,,14,07:00,27,35,
2007,TS,16,181,166,TEL,P000615,"GARCIA, ALEX",2FGM,Two Pointer,2,-5,-7,D,,,,14,07:00,27,37,
2007,TS,16,181,173,ZAL,PATP,"POPOVIC, MARKO",FTM,Free Throw In,1,-1,-1, ,,,,14,07:00,28,37,
2007,TS,16,181,174,TEL,PLFR,"BYNUM, WILL",3FGM,Three Pointer,3,-182,674,J,,,,14,07:00,28,40,
2007,TS,16,181,176,ZAL,PBDB,"COLLINS, DeJUAN",2FGM,Two Pointer,2,-76,23,D,,,,15,06:00,30,40,
2007,TS,16,181,179,TEL,PDHD,"BATISTA, ESTEBAN",2FGM,Two Pointer,2,51,20,C,,,,15,06:00,30,42,
2007,TS,16,181,180,ZAL,PBWI,"JANKUNAS, PAULIUS",2FGA,Missed Two Pointer,0,-10,64,D,,,,15,06:00,30,42,
2007,TS,16,181,187,ZAL,PJCC,"MACIULIS, JONAS",2FGM,Two Pointer,2,-317,123,E,,,,16,05:00,32,42,
2007,TS,16,181,190,ZAL,PJCC,"MACIULIS, JONAS",FTM,Free Throw In,1,-1,-1, ,,,,16,05:00,33,42,
2007,TS,16,181,195,ZAL,PBWI,"JANKUNAS, PAULIUS",FTM,Free Throw In,1,-1,-1, ,,,,16,05:00,34,42,
2007,TS,16,181,196,ZAL,PBWI,"JANKUNAS, PAULIUS",FTM,Free Throw In,1,-1,-1, ,,,,16,05:00,35,42,
2007,TS,16,181,199,TEL,PDHD,"BATISTA, ESTEBAN",FTM,Free Throw In,1,-1,-1, ,,,,16,05:00,35,43,
2007,TS,16,181,200,TEL,PDHD,"BATISTA, ESTEBAN",FTM,Free Throw In,1,-1,-1, ,,,,16,05:00,35,44,
2007,TS,16,181,205,ZAL,PAHT,"BROWN, MARCUS",FTM,Free Throw In,1,-1,-1, ,,,,16,05:00,36,44,
2007,TS,16,181,206,ZAL,PAHT,"BROWN, MARCUS",FTM,Free Throw In,1,-1,-1, ,,,,16,05:00,37,44,
2007,TS,16,181,208,TEL,PBES,"BLUTHENTHAL, DAVID",2FGA,Missed Two Pointer,0,-302,335,E,,,,17,04:00,37,44,
2007,TS,16,181,210,TEL,PBES,"BLUTHENTHAL, DAVID",3FGA,Missed Three Pointer,0,-312,630,J,,,,17,04:00,37,44,
2007,TS,16,181,217,TEL,PAOU,"SHARP, DERRICK",3FGA,Missed Three Pointer,0,328,620,G,,,,17,04:00,37,44,
2007,TS,16,181,219,ZAL,PAHT,"BROWN, MARCUS",3FGA,Missed Three Pointer,0,-502,500,J,,,,17,04:00,37,44,
2007,TS,16,181,224,ZAL,PBDB,"COLLINS, DeJUAN",FTM,Free Throw In,1,-1,-1, ,,,,18,03:00,38,44,
2007,TS,16,181,225,ZAL,PBDB,"COLLINS, DeJUAN",FTM,Free Throw In,1,-1,-1, ,,,,18,03:00,39,44,
2007,TS,16,181,226,TEL,PLFR,"BYNUM, WILL",3FGA,Missed Three Pointer,0,-235,682,J,,,,18,03:00,39,44,
2007,TS,16,181,228,ZAL,PBCC,"MARKOTA, DAMIR",3FGA,Missed Three Pointer,0,-266,674,J,,,,18,03:00,39,44,
2007,TS,16,181,230,TEL,PAOU,"SHARP, DERRICK",2FGM,Two Pointer,2,-58,79,D,,,,18,03:00,39,46,
2007,TS,16,181,236,ZAL,PJCC,"MACIULIS, JONAS",2FGA,Missed Two Pointer,0,-69,71,D,,,,18,03:00,39,46,
2007,TS,16,181,238,ZAL,P000459,"N'DIAYE, MAMADOU",2FGM,Two Pointer,2,-43,48,D,,,,18,03:00,41,46,
2007,TS,16,181,243,ZAL,PJCC,"MACIULIS, JONAS",FTM,Free Throw In,1,-1,-1, ,,,,19,02:00,42,46,
2007,TS,16,181,244,ZAL,PJCC,"MACIULIS, JONAS",FTM,Free Throw In,1,-1,-1, ,,,,19,02:00,43,46,
2007,TS,16,181,247,ZAL,PAHT,"BROWN, MARCUS",3FGA,Missed Three Pointer,0,623,348,A,,,,19,02:00,43,46,
2007,TS,16,181,253,ZAL,PAHT,"BROWN, MARCUS",3FGM,Three Pointer,3,646,238,A,,,,20,01:00,46,46,
2007,TS,16,181,255,TEL,PDHD,"BATISTA, ESTEBAN",2FGAB,Missed Two Pointer,0,51,46,C,,,,20,01:00,46,46,
2007,TS,16,181,259,ZAL,PBCC,"MARKOTA, DAMIR",2FGM,Two Pointer,2,135,153,C,,,,20,01:00,48,46,
2007,TS,16,181,261,TEL,PDHD,"BATISTA, ESTEBAN",2FGM,Two Pointer,2,-12,87,D,,,,20,01:00,48,48,
2007,TS,16,181,263,ZAL,PATP,"POPOVIC, MARKO",3FGA,Missed Three Pointer,0,-423,607,J,,,,20,01:00,48,48,
2007,TS,16,181,273,ZAL,PJCC,"MACIULIS, JONAS",3FGM,Three Pointer,3,-674,-56,F,,,,21,10:00,51,48,
2007,TS,16,181,278,ZAL,PBDB,"COLLINS, DeJUAN",2FGA,Missed Two Pointer,0,-15,84,D,,,,22,09:00,51,48,
2007,TS,16,181,284,TEL,PBES,"BLUTHENTHAL, DAVID",2FGA,Missed Two Pointer,0,48,100,C,,,,22,09:00,51,48,
2007,TS,16,181,286,ZAL,PJCC,"MACIULIS, JONAS",3FGM,Three Pointer,3,-141,715,J,,,,22,09:00,54,48,
2007,TS,16,181,289,TEL,PLTS,"MORRIS, TERENCE",2FGA,Missed Two Pointer,0,-376,-30,E,,,,23,08:00,54,48,
2007,TS,16,181,293,ZAL,PBCC,"MARKOTA, DAMIR",2FGAB,Missed Two Pointer,0,61,100,C,,,,23,08:00,54,48,
2007,TS,16,181,296,ZAL,PBDB,"COLLINS, DeJUAN",3FGA,Missed Three Pointer,0,-464,528,J,,,,23,08:00,54,48,
2007,TS,16,181,298,ZAL,PJCC,"MACIULIS, JONAS",2FGM,Two Pointer,2,51,71,C,,,,23,08:00,56,48,
2007,TS,16,181,299,TEL,PDHD,"BATISTA, ESTEBAN",2FGM,Two Pointer,2,-41,51,D,,,,23,08:00,56,50,
2007,TS,16,181,301,ZAL,PAHT,"BROWN, MARCUS",2FGM,Two Pointer,2,15,87,C,,,,24,07:00,58,50,
2007,TS,16,181,302,TEL,PCQD,"CUMMINGS, VONTEEGO",3FGM,Three Pointer,3,-382,589,J,,,,24,07:00,58,53,
2007,TS,16,181,303,ZAL,PBDB,"COLLINS, DeJUAN",2FGM,Two Pointer,2,0,151,D,,,,24,07:00,60,53,
2007,TS,16,181,305,TEL,P000615,"GARCIA, ALEX",2FGM,Two Pointer,2,-74,46,D,,,,25,06:00,60,55,
2007,TS,16,181,306,ZAL,PBDB,"COLLINS, DeJUAN",2FGM,Two Pointer,2,15,453,H,,,,25,06:00,62,55,
2007,TS,16,181,309,ZAL,PJCC,"MACIULIS, JONAS",2FGM,Two Pointer,2,43,56,C,,,,25,06:00,64,55,
2007,TS,16,181,318,TEL,PLFR,"BYNUM, WILL",2FGAB,Missed Two Pointer,0,53,97,C,,,,25,06:00,64,55,
2007,TS,16,181,323,ZAL,PATP,"POPOVIC, MARKO",3FGM,Three Pointer,3,-289,643,J,,,,26,05:00,67,55,
2007,TS,16,181,329,TEL,PCQD,"CUMMINGS, VONTEEGO",2FGAB,Missed Two Pointer,0,-2,84,D,,,,26,05:00,67,55,
2007,TS,16,181,337,TEL,PLGD,"ELIYAHU, LIOR",2FGM,Two Pointer,2,-15,105,D,,,,27,04:00,67,57,
2007,TS,16,181,338,ZAL,PBDB,"COLLINS, DeJUAN",3FGA,Missed Three Pointer,0,-15,687,J,,,,27,04:00,67,57,
2007,TS,16,181,346,TEL,P000615,"GARCIA, ALEX",FTM,Free Throw In,1,-1,-1, ,,,,27,04:00,67,58,
2007,TS,16,181,353,TEL,PCQD,"CUMMINGS, VONTEEGO",2FGAB,Missed Two Pointer,0,5,97,C,,,,28,03:00,67,58,
2007,TS,16,181,359,ZAL,PBCC,"MARKOTA, DAMIR",FTM,Free Throw In,1,-1,-1, ,,,,28,03:00,68,58,
2007,TS,16,181,360,ZAL,PBCC,"MARKOTA, DAMIR",FTM,Free Throw In,1,-1,-1, ,,,,28,03:00,69,58,
2007,TS,16,181,363,ZAL,PANY,"SALENGA, DAINIUS",3FGM,Three Pointer,3,-387,612,J,,,,28,03:00,72,58,
2007,TS,16,181,366,TEL,PCQD,"CUMMINGS, VONTEEGO",3FGA,Missed Three Pointer,0,658,253,A,,,,29,02:00,72,58,
2007,TS,16,181,377,ZAL,PBCC,"MARKOTA, DAMIR",2FGA,Missed Two Pointer,0,110,128,C,,,,29,02:00,72,58,
2007,TS,16,181,379,ZAL,PBCC,"MARKOTA, DAMIR",2FGM,Two Pointer,2,51,87,C,,,,29,02:00,74,58,
2007,TS,16,181,382,ZAL,PBCC,"MARKOTA, DAMIR",FTM,Free Throw In,1,-1,-1, ,,,,29,02:00,75,58,
2007,TS,16,181,386,TEL,PLGD,"ELIYAHU, LIOR",2FGM,Two Pointer,2,7,-12,C,,,,30,01:00,75,60,
2007,TS,16,181,388,ZAL,PANY,"SALENGA, DAINIUS",2FGM,Two Pointer,2,53,25,C,,,,30,01:00,77,60,
2007,TS,16,181,395,TEL,PLFR,"BYNUM, WILL",FTM,Free Throw In,1,-1,-1, ,,,,30,01:00,77,61,
2007,TS,16,181,396,TEL,PLFR,"BYNUM, WILL",FTM,Free Throw In,1,-1,-1, ,,,,30,01:00,77,62,
2007,TS,16,181,397,ZAL,P000459,"N'DIAYE, MAMADOU",2FGM,Two Pointer,2,-7,0,D,,,,30,01:00,79,62,
2007,TS,16,181,401,ZAL,PAHT,"BROWN, MARCUS",3FGM,Three Pointer,3,-530,492,J,,,,31,10:00,82,62,
2007,TS,16,181,405,TEL,PLFR,"BYNUM, WILL",2FGA,Missed Two Pointer,0,97,23,C,,,,31,10:00,82,62,
2007,TS,16,181,407,ZAL,PBWI,"JANKUNAS, PAULIUS",2FGAB,Missed Two Pointer,0,-46,79,D,,,,31,10:00,82,62,
2007,TS,16,181,411,TEL,PLFR,"BYNUM, WILL",2FGM,Two Pointer,2,-10,66,D,,,,31,10:00,82,64,
2007,TS,16,181,412,ZAL,PATP,"POPOVIC, MARKO",3FGM,Three Pointer,3,661,92,A,,,,31,10:00,85,64,
2007,TS,16,181,415,TEL,PDHD,"BATISTA, ESTEBAN",2FGA,Missed Two Pointer,0,-325,423,E,,,,32,09:00,85,64,
2007,TS,16,181,417,ZAL,PANY,"SALENGA, DAINIUS",3FGA,Missed Three Pointer,0,589,412,A,,,,32,09:00,85,64,
2007,TS,16,181,419,ZAL,PATP,"POPOVIC, MARKO",3FGA,Missed Three Pointer,0,-641,217,F,,,,32,09:00,85,64,
2007,TS,16,181,428,TEL,PDHD,"BATISTA, ESTEBAN",2FGA,Missed Two Pointer,0,-41,69,D,,,,33,08:00,85,64,
2007,TS,16,181,430,ZAL,PJCC,"MACIULIS, JONAS",3FGA,Missed Three Pointer,0,-15,712,J,,,,33,08:00,85,64,
2007,TS,16,181,436,ZAL,PJCC,"MACIULIS, JONAS",FTM,Free Throw In,1,-1,-1, ,,,,33,08:00,86,64,
2007,TS,16,181,437,ZAL,PJCC,"MACIULIS, JONAS",FTM,Free Throw In,1,-1,-1, ,,,,33,08:00,87,64,
2007,TS,16,181,438,TEL,PLGD,"ELIYAHU, LIOR",2FGA,Missed Two Pointer,0,-189,58,D,,,,33,08:00,87,64,
2007,TS,16,181,441,ZAL,PATP,"POPOVIC, MARKO",3FGA,Missed Three Pointer,0,417,602,G,,,,34,07:00,87,64,
2007,TS,16,181,447,ZAL,PJCC,"MACIULIS, JONAS",FTM,Free Throw In,1,-1,-1, ,,,,34,07:00,88,64,
2007,TS,16,181,448,ZAL,PJCC,"MACIULIS, JONAS",FTM,Free Throw In,1,-1,-1, ,,,,34,07:00,89,64,
2007,TS,16,181,449,TEL,PCQD,"CUMMINGS, VONTEEGO",2FGA,Missed Two Pointer,0,20,492,H,,,,34,07:00,89,64,
2007,TS,16,181,451,ZAL,PAHT,"BROWN, MARCUS",3FGA,Missed Three Pointer,0,676,97,A,,,,34,07:00,89,64,
2007,TS,16,181,457,ZAL,PAHT,"BROWN, MARCUS",2FGA,Missed Two Pointer,0,489,17,B,,,,35,06:00,89,64,
2007,TS,16,181,459,ZAL,PBWI,"JANKUNAS, PAULIUS",2FGM,Two Pointer,2,51,38,C,,,,35,06:00,91,64,
2007,TS,16,181,464,TEL,PDHD,"BATISTA, ESTEBAN",2FGAB,Missed Two Pointer,0,33,102,C,,,,35,06:00,91,64,
2007,TS,16,181,471,ZAL,PATP,"POPOVIC, MARKO",FTM,Free Throw In,1,-1,-1, ,,,,35,06:00,92,64,
2007,TS,16,181,472,ZAL,PATP,"POPOVIC, MARKO",FTM,Free Throw In,1,-1,-1, ,,,,35,06:00,93,64,
2007,TS,16,181,476,TEL,PDHD,"BATISTA, ESTEBAN",FTM,Free Throw In,1,-1,-1, ,,,,36,05:00,93,65,
2007,TS,16,181,477,TEL,PDHD,"BATISTA, ESTEBAN",FTM,Free Throw In,1,-1,-1, ,,,,36,05:00,93,66,
2007,TS,16,181,479,TEL,PCQD,"CUMMINGS, VONTEEGO",2FGA,Missed Two Pointer,0,338,5,B,,,,36,05:00,93,66,
2007,TS,16,181,481,TEL,PJFO,"CASSPI, OMRI",2FGM,Two Pointer,2,-17,215,D,,,,36,05:00,93,68,
2007,TS,16,181,482,ZAL,PATP,"POPOVIC, MARKO",3FGA,Missed Three Pointer,0,689,135,A,,,,36,05:00,93,68,
2007,TS,16,181,484,ZAL,PJCC,"MACIULIS, JONAS",2FGA,Missed Two Pointer,0,30,182,C,,,,36,05:00,93,68,
2007,TS,16,181,487,TEL,PDHD,"BATISTA, ESTEBAN",2FGA,Missed Two Pointer,0,110,7,C,,,,37,04:00,93,68,
2007,TS,16,181,491,ZAL,PAHT,"BROWN, MARCUS",3FGM,Three Pointer,3,-10,789,J,,,,37,04:00,96,68,
2007,TS,16,181,492,TEL,PDHD,"BATISTA, ESTEBAN",2FGA,Missed Two Pointer,0,123,20,C,,,,37,04:00,96,68,
2007,TS,16,181,497,TEL,PDHD,"BATISTA, ESTEBAN",FTM,Free Throw In,1,-1,-1, ,,,,37,04:00,96,69,
2007,TS,16,181,499,ZAL,P000459,"N'DIAYE, MAMADOU",2FGA,Missed Two Pointer,0,-143,141,D,,,,38,03:00,96,69,
2007,TS,16,181,503,TEL,PCQD,"CUMMINGS, VONTEEGO",3FGA,Missed Three Pointer,0,15,725,G,,,,38,03:00,96,69,
2007,TS,16,181,509,TEL,PJFO,"CASSPI, OMRI",FTM,Free Throw In,1,-1,-1, ,,,,38,03:00,96,70,
2007,TS,16,181,510,TEL,PJFO,"CASSPI, OMRI",FTM,Free Throw In,1,-1,-1, ,,,,38,03:00,96,71,
2007,TS,16,181,518,TEL,PAOZ,"HALPERIN, YOTAM",2FGM,Two Pointer,2,-46,105,D,,,,39,02:00,96,73,
2007,TS,16,181,526,ZAL,PATP,"POPOVIC, MARKO",FTM,Free Throw In,1,-1,-1, ,,,,39,02:00,97,73,
2007,TS,16,181,529,TEL,PCQD,"CUMMINGS, VONTEEGO",2FGM,Two Pointer,2,-53,94,D,,,,39,02:00,97,75,
2007,TS,16,181,533,ZAL,PATP,"POPOVIC, MARKO",FTM,Free Throw In,1,-1,-1, ,,,,39,02:00,98,75,
2007,TS,16,181,534,TEL,PAOZ,"HALPERIN, YOTAM",2FGA,Missed Two Pointer,0,102,94,C,,,,39,02:00,98,75,
2007,TS,16,181,536,ZAL,P000459,"N'DIAYE, MAMADOU",2FGAB,Missed Two Pointer,0,-20,94,D,,,,39,02:00,98,75,
2007,TS,16,181,543,ZAL,P000459,"N'DIAYE, MAMADOU",FTM,Free Throw In,1,-1,-1, ,,,,39,02:00,99,75,
2007,TS,16,181,544,TEL,PJFO,"CASSPI, OMRI",2FGM,Two Pointer,2,-20,84,D,,,,39,02:00,99,77,
2007,TS,16,181,546,ZAL,PBWI,"JANKUNAS, PAULIUS",3FGA,Missed Three Pointer,0,223,646,G,,,,40,01:00,99,77,
2007,TS,16,181,548,TEL,PDHD,"BATISTA, ESTEBAN",2FGM,Two Pointer,2,-61,23,D,,,,40,01:00,99,79,
2007,TS,16,181,550,ZAL,P000459,"N'DIAYE, MAMADOU",2FGA,Missed Two Pointer,0,23,38,C,,,,40,01:00,99,79,
2007,TS,16,181,552,TEL,PCQD,"CUMMINGS, VONTEEGO",3FGM,Three Pointer,3,366,635,G,,,,40,01:00,99,82,
2007,TS,16,181,553,ZAL,P000459,"N'DIAYE, MAMADOU",2FGM,Two Pointer,2,20,76,C,,,,40,01:00,101,82,
2007,TS,16,181,555,TEL,PLTS,"MORRIS, TERENCE",3FGA,Missed Three Pointer,0,-207,671,J,,,,40,01:00,101,82,
2007,TS,16,181,559,ZAL,PKPD,"MILAKNIS, ARTURAS",3FGA,Missed Three Pointer,0,-382,564,J,,,,40,01:00,101,82,
2007,TS,16,182,3,OLY,PCRR,"GREER, LYNN",3FGA,Missed Three Pointer,0,548,476,G,,,,1,10:00,0,0,
2007,TS,16,182,5,MAD,PAJO,"BULLOCK, LOUIS",3FGM,Three Pointer,3,-76,661,J,,,,1,10:00,3,0,
2007,TS,16,182,7,OLY,PJDR,"TEODOSIC, MILOS",3FGA,Missed Three Pointer,0,451,548,G,,,,2,09:00,3,0,
2007,TS,16,182,10,MAD,PARR,"TUNCERI, KEREM",3FGM,Three Pointer,3,84,687,G,,,,2,09:00,6,0,
2007,TS,16,182,17,MAD,PBFJ,"MUMBRU, ALEX",3FGM,Three Pointer,3,-546,402,F,,,,3,08:00,9,0,
2007,TS,16,182,18,OLY,PTFV,"WOODS, QYNTEL",2FGM,Two Pointer,2,392,351,B,,,,3,08:00,9,2,
2007,TS,16,182,22,MAD,PAFB,"SEKULIC, BLAGOTA",FTM,Free Throw In,1,-1,-1, ,,,,3,08:00,10,2,
2007,TS,16,182,26,OLY,PTFV,"WOODS, QYNTEL",2FGA,Missed Two Pointer,0,87,143,C,,,,4,07:00,10,2,
2007,TS,16,182,28,MAD,PAFB,"SEKULIC, BLAGOTA",2FGA,Missed Two Pointer,0,5,302,C,,,,4,07:00,10,2,
2007,TS,16,182,30,MAD,PBFJ,"MUMBRU, ALEX",2FGM,Two Pointer,2,28,117,C,,,,4,07:00,12,2,
2007,TS,16,182,33,MAD,PBFJ,"MUMBRU, ALEX",FTM,Free Throw In,1,-1,-1, ,,,,4,07:00,13,2,
2007,TS,16,182,40,MAD,PAJO,"BULLOCK, LOUIS",2FGA,Missed Two Pointer,0,-184,220,D,,,,5,06:00,13,2,
2007,TS,16,182,42,MAD,PAFB,"SEKULIC, BLAGOTA",2FGM,Two Pointer,2,-20,97,D,,,,5,06:00,15,2,
2007,TS,16,182,43,OLY,PTFV,"WOODS, QYNTEL",3FGA,Missed Three Pointer,0,620,330,A,,,,5,06:00,15,2,
2007,TS,16,182,51,OLY,PJRF,"VASILOPOULOS, PANAGIOTIS",2FGM,Two Pointer,2,-66,105,D,,,,5,06:00,15,4,
2007,TS,16,182,53,MAD,PBFJ,"MUMBRU, ALEX",3FGM,Three Pointer,3,-87,700,J,,,,6,05:00,18,4,
2007,TS,16,182,54,OLY,PJRF,"VASILOPOULOS, PANAGIOTIS",2FGM,Two Pointer,2,-89,100,D,,,,6,05:00,18,6,
2007,TS,16,182,59,OLY,PJRF,"VASILOPOULOS, PANAGIOTIS",FTM,Free Throw In,1,-1,-1, ,,,,6,05:00,18,7,
2007,TS,16,182,65,MAD,PARR,"TUNCERI, KEREM",3FGA,Missed Three Pointer,0,315,648,G,,,,7,04:00,18,7,
2007,TS,16,182,67,MAD,PARR,"TUNCERI, KEREM",3FGA,Missed Three Pointer,0,-410,587,J,,,,7,04:00,18,7,
2007,TS,16,182,69,MAD,PARR,"TUNCERI, KEREM",2FGA,Missed Two Pointer,0,125,338,C,,,,7,04:00,18,7,
2007,TS,16,182,77,OLY,P000126,"JACKSON, MARC",2FGM,Two Pointer,2,30,79,C,,,,8,03:00,18,9,
2007,TS,16,182,78,MAD,PCTN,"SMITH, CHARLES",3FGA,Missed Three Pointer,0,-569,471,J,,,,8,03:00,18,9,
2007,TS,16,182,81,MAD,PAFB,"SEKULIC, BLAGOTA",FTM,Free Throw In,1,-1,-1, ,,,,8,03:00,19,9,
2007,TS,16,182,89,OLY,P000126,"JACKSON, MARC",2FGA,Missed Two Pointer,0,330,458,H,,,,9,02:00,19,9,
2007,TS,16,182,92,MAD,PAIS,"ITURBE, IKER",3FGM,Three Pointer,3,-461,520,J,,,,9,02:00,22,9,
2007,TS,16,182,100,OLY,PCRR,"GREER, LYNN",FTM,Free Throw In,1,-1,-1, ,,,,9,02:00,22,10,
2007,TS,16,182,101,MAD,PAAX,"REYES, FELIPE",2FGA,Missed Two Pointer,0,-315,282,E,,,,9,02:00,22,10,
2007,TS,16,182,106,OLY,PBFY,"BLAKNEY, RODERICK",2FGM,Two Pointer,2,-441,76,E,,,,10,01:00,22,12,
2007,TS,16,182,108,MAD,PACK,"PELEKANOS, MICHALIS",3FGM,Three Pointer,3,-564,438,J,,,,10,01:00,25,12,
2007,TS,16,182,110,OLY,PTFW,"TSAKALIDIS, JAKE",2FGM,Two Pointer,2,0,5,D,,,,10,01:00,25,14,
2007,TS,16,182,112,MAD,PAAX,"REYES, FELIPE",2FGM,Two Pointer,2,-15,276,D,,,,10,01:00,27,14,
2007,TS,16,182,117,MAD,PCTN,"SMITH, CHARLES",2FGM,Two Pointer,2,-115,120,D,,,,11,10:00,29,14,
2007,TS,16,182,118,OLY,PAMM,"PRINTEZIS, GEORGIOS",2FGA,Missed Two Pointer,0,-128,146,D,,,,11,10:00,29,14,
2007,TS,16,182,122,OLY,PTFW,"TSAKALIDIS, JAKE",FTM,Free Throw In,1,-1,-1, ,,,,11,10:00,29,15,
2007,TS,16,182,123,OLY,PTFW,"TSAKALIDIS, JAKE",FTM,Free Throw In,1,-1,-1, ,,,,11,10:00,29,16,
2007,TS,16,182,126,OLY,PBFY,"BLAKNEY, RODERICK",2FGA,Missed Two Pointer,0,79,53,C,,,,11,10:00,29,16,
2007,TS,16,182,128,OLY,PJDR,"TEODOSIC, MILOS",2FGA,Missed Two Pointer,0,-33,112,D,,,,11,10:00,29,16,
2007,TS,16,182,130,OLY,PBFY,"BLAKNEY, RODERICK",2FGAB,Missed Two Pointer,0,15,94,C,,,,11,10:00,29,16,
2007,TS,16,182,134,OLY,PJDR,"TEODOSIC, MILOS",3FGM,Three Pointer,3,-533,420,F,,,,11,10:00,29,19,
2007,TS,16,182,140,MAD,PCTN,"SMITH, CHARLES",FTM,Free Throw In,1,-1,-1, ,,,,12,09:00,30,19,
2007,TS,16,182,141,MAD,PCTN,"SMITH, CHARLES",FTM,Free Throw In,1,-1,-1, ,,,,12,09:00,31,19,
2007,TS,16,182,143,OLY,PJRC,"MAVROKEFALIDES, LOUKAS",2FGM,Two Pointer,2,-7,102,D,,,,12,09:00,31,21,
2007,TS,16,182,146,MAD,PCTN,"SMITH, CHARLES",3FGM,Three Pointer,3,-551,525,J,,,,12,09:00,34,21,
2007,TS,16,182,148,OLY,PTFW,"TSAKALIDIS, JAKE",2FGA,Missed Two Pointer,0,-335,94,E,,,,13,08:00,34,21,
2007,TS,16,182,150,MAD,PAIT,"LOPEZ, RAUL",3FGA,Missed Three Pointer,0,141,682,G,,,,13,08:00,34,21,
2007,TS,16,182,152,OLY,PJRF,"VASILOPOULOS, PANAGIOTIS",3FGA,Missed Three Pointer,0,623,312,A,,,,13,08:00,34,21,
2007,TS,16,182,154,MAD,PAIS,"ITURBE, IKER",3FGA,Missed Three Pointer,0,405,556,G,,,,13,08:00,34,21,
2007,TS,16,182,157,OLY,PJRC,"MAVROKEFALIDES, LOUKAS",2FGA,Missed Two Pointer,0,0,87,D,,,,14,07:00,34,21,
2007,TS,16,182,159,MAD,PAIT,"LOPEZ, RAUL",3FGA,Missed Three Pointer,0,607,305,A,,,,14,07:00,34,21,
2007,TS,16,182,165,MAD,PAIS,"ITURBE, IKER",2FGA,Missed Two Pointer,0,-366,110,E,,,,15,06:00,34,21,
2007,TS,16,182,171,MAD,PACK,"PELEKANOS, MICHALIS",2FGM,Two Pointer,2,-94,56,D,,,,15,06:00,36,21,
2007,TS,16,182,173,OLY,P000126,"JACKSON, MARC",2FGM,Two Pointer,2,64,71,C,,,,15,06:00,36,23,
2007,TS,16,182,178,OLY,PJRC,"MAVROKEFALIDES, LOUKAS",2FGM,Two Pointer,2,46,79,C,,,,16,05:00,36,25,
2007,TS,16,182,179,MAD,PCTN,"SMITH, CHARLES",3FGA,Missed Three Pointer,0,302,589,G,,,,16,05:00,36,25,
2007,TS,16,182,190,MAD,PAAX,"REYES, FELIPE",2FGM,Two Pointer,2,46,123,C,,,,16,05:00,38,25,
2007,TS,16,182,195,OLY,PCRR,"GREER, LYNN",3FGM,Three Pointer,3,-638,182,F,,,,17,04:00,38,28,
2007,TS,16,182,196,MAD,PAFB,"SEKULIC, BLAGOTA",2FGA,Missed Two Pointer,0,-17,338,D,,,,17,04:00,38,28,
2007,TS,16,182,199,OLY,PTFV,"WOODS, QYNTEL",3FGM,Three Pointer,3,-505,456,J,,,,17,04:00,38,31,
2007,TS,16,182,206,OLY,PTFV,"WOODS, QYNTEL",2FGM,Two Pointer,2,-107,110,D,,,,18,03:00,38,33,
2007,TS,16,182,207,MAD,PBFJ,"MUMBRU, ALEX",2FGM,Two Pointer,2,210,100,C,,,,18,03:00,40,33,
2007,TS,16,182,214,MAD,PBFJ,"MUMBRU, ALEX",2FGA,Missed Two Pointer,0,-97,243,D,,,,19,02:00,40,33,
2007,TS,16,182,216,OLY,PJDR,"TEODOSIC, MILOS",3FGA,Missed Three Pointer,0,-494,489,J,,,,19,02:00,40,33,
2007,TS,16,182,218,OLY,PJRC,"MAVROKEFALIDES, LOUKAS",2FGM,Two Pointer,2,61,51,C,,,,19,02:00,40,35,
2007,TS,16,182,220,MAD,PARR,"TUNCERI, KEREM",3FGA,Missed Three Pointer,0,-448,510,J,,,,20,01:00,40,35,
2007,TS,16,182,222,MAD,PARR,"TUNCERI, KEREM",3FGA,Missed Three Pointer,0,394,553,G,,,,20,01:00,40,35,
2007,TS,16,182,224,MAD,PAFB,"SEKULIC, BLAGOTA",2FGM,Two Pointer,2,28,64,C,,,,20,01:00,42,35,
2007,TS,16,182,239,MAD,PARR,"TUNCERI, KEREM",3FGM,Three Pointer,3,-51,682,J,,,,20,01:00,45,35,
2007,TS,16,182,251,OLY,PJDR,"TEODOSIC, MILOS",2FGAB,Missed Two Pointer,0,-576,469,J,,,,21,10:00,45,35,
2007,TS,16,182,256,MAD,PARR,"TUNCERI, KEREM",3FGA,Missed Three Pointer,0,146,725,G,,,,21,10:00,45,35,
2007,TS,16,182,258,OLY,PTFV,"WOODS, QYNTEL",2FGM,Two Pointer,2,-12,187,D,,,,21,10:00,45,37,
2007,TS,16,182,260,MAD,PAAX,"REYES, FELIPE",2FGA,Missed Two Pointer,0,-323,69,E,,,,22,09:00,45,37,
2007,TS,16,182,262,MAD,PCRF,"HERVELLE, AXEL",2FGAB,Missed Two Pointer,0,69,84,C,,,,22,09:00,45,37,
2007,TS,16,182,275,OLY,PBFY,"BLAKNEY, RODERICK",FTM,Free Throw In,1,-1,-1, ,,,,22,09:00,45,38,
2007,TS,16,182,276,MAD,PCRF,"HERVELLE, AXEL",3FGA,Missed Three Pointer,0,-307,638,J,,,,22,09:00,45,38,
2007,TS,16,182,280,MAD,PAJO,"BULLOCK, LOUIS",3FGA,Missed Three Pointer,0,148,702,G,,,,22,09:00,45,38,
2007,TS,16,182,288,MAD,PAAX,"REYES, FELIPE",2FGM,Two Pointer,2,-320,79,E,,,,23,08:00,47,38,
2007,TS,16,182,290,OLY,PBFY,"BLAKNEY, RODERICK",3FGA,Missed Three Pointer,0,323,656,G,,,,24,07:00,47,38,
2007,TS,16,182,292,OLY,PTFW,"TSAKALIDIS, JAKE",2FGM,Two Pointer,2,-2,123,D,,,,24,07:00,47,40,
2007,TS,16,182,294,MAD,PAAX,"REYES, FELIPE",2FGM,Two Pointer,2,-61,84,D,,,,24,07:00,49,40,
2007,TS,16,182,297,MAD,PCTN,"SMITH, CHARLES",3FGM,Three Pointer,3,-666,169,F,,,,24,07:00,52,40,
2007,TS,16,182,300,OLY,PJRF,"VASILOPOULOS, PANAGIOTIS",3FGM,Three Pointer,3,-10,684,J,,,,25,06:00,52,43,
2007,TS,16,182,302,MAD,PARR,"TUNCERI, KEREM",3FGM,Three Pointer,3,669,92,A,,,,25,06:00,55,43,
2007,TS,16,182,311,OLY,PJRF,"VASILOPOULOS, PANAGIOTIS",3FGA,Missed Three Pointer,0,682,133,A,,,,25,06:00,55,43,
2007,TS,16,182,314,MAD,PCTN,"SMITH, CHARLES",3FGM,Three Pointer,3,484,512,G,,,,26,05:00,58,43,
2007,TS,16,182,317,OLY,PJRF,"VASILOPOULOS, PANAGIOTIS",3FGA,Missed Three Pointer,0,387,579,G,,,,26,05:00,58,43,
2007,TS,16,182,319,MAD,PCTN,"SMITH, CHARLES",3FGA,Missed Three Pointer,0,389,610,G,,,,26,05:00,58,43,
2007,TS,16,182,326,OLY,P000126,"JACKSON, MARC",2FGM,Two Pointer,2,0,5,D,,,,27,04:00,58,45,
2007,TS,16,182,329,MAD,PAAX,"REYES, FELIPE",2FGA,Missed Two Pointer,0,-53,202,D,,,,27,04:00,58,45,
2007,TS,16,182,340,MAD,PBFJ,"MUMBRU, ALEX",FTM,Free Throw In,1,-1,-1, ,,,,28,03:00,59,45,
2007,TS,16,182,341,MAD,PBFJ,"MUMBRU, ALEX",FTM,Free Throw In,1,-1,-1, ,,,,28,03:00,60,45,
2007,TS,16,182,344,OLY,PKNO,"SEIBUTIS, RENALDAS",3FGA,Missed Three Pointer,0,-561,489,J,,,,28,03:00,60,45,
2007,TS,16,182,348,OLY,P000126,"JACKSON, MARC",FTM,Free Throw In,1,-1,-1, ,,,,28,03:00,60,46,
2007,TS,16,182,349,MAD,PAAX,"REYES, FELIPE",2FGA,Missed Two Pointer,0,-164,135,D,,,,28,03:00,60,46,
2007,TS,16,182,357,OLY,P000126,"JACKSON, MARC",FTM,Free Throw In,1,-1,-1, ,,,,29,02:00,60,47,
2007,TS,16,182,358,OLY,P000126,"JACKSON, MARC",FTM,Free Throw In,1,-1,-1, ,,,,29,02:00,60,48,
2007,TS,16,182,363,MAD,PBFJ,"MUMBRU, ALEX",FTM,Free Throw In,1,-1,-1, ,,,,29,02:00,61,48,
2007,TS,16,182,364,MAD,PBFJ,"MUMBRU, ALEX",FTM,Free Throw In,1,-1,-1, ,,,,29,02:00,62,48,
2007,TS,16,182,367,OLY,PCRR,"GREER, LYNN",FTM,Free Throw In,1,-1,-1, ,,,,29,02:00,62,49,
2007,TS,16,182,368,OLY,PCRR,"GREER, LYNN",FTM,Free Throw In,1,-1,-1, ,,,,29,02:00,62,50,
2007,TS,16,182,369,MAD,PCRF,"HERVELLE, AXEL",3FGA,Missed Three Pointer,0,92,679,G,,,,29,02:00,62,50,
2007,TS,16,182,376,OLY,PJRC,"MAVROKEFALIDES, LOUKAS",FTM,Free Throw In,1,-1,-1, ,,,,30,01:00,62,51,
2007,TS,16,182,386,MAD,PCTN,"SMITH, CHARLES",2FGA,Missed Two Pointer,0,-315,92,E,,,,30,01:00,62,51,
2007,TS,16,182,388,OLY,PCRR,"GREER, LYNN",2FGM,Two Pointer,2,-128,369,D,,,,30,01:00,62,53,
2007,TS,16,182,397,OLY,PCRR,"GREER, LYNN",3FGA,Missed Three Pointer,0,515,453,G,,,,31,10:00,62,53,
2007,TS,16,182,405,OLY,PTFV,"WOODS, QYNTEL",3FGA,Missed Three Pointer,0,-223,664,J,,,,32,09:00,62,53,
2007,TS,16,182,407,OLY,PBFY,"BLAKNEY, RODERICK",3FGA,Missed Three Pointer,0,-482,576,J,,,,32,09:00,62,53,
2007,TS,16,182,414,OLY,PJRC,"MAVROKEFALIDES, LOUKAS",2FGM,Two Pointer,2,-30,387,D,,,,33,08:00,62,55,
2007,TS,16,182,415,MAD,PAIT,"LOPEZ, RAUL",3FGM,Three Pointer,3,35,697,G,,,,33,08:00,65,55,
2007,TS,16,182,424,OLY,PCRR,"GREER, LYNN",2FGA,Missed Two Pointer,0,-189,284,D,,,,33,08:00,65,55,
2007,TS,16,182,429,OLY,PCRR,"GREER, LYNN",2FGM,Two Pointer,2,12,97,C,,,,34,07:00,65,57,
2007,TS,16,182,436,MAD,PAJO,"BULLOCK, LOUIS",FTM,Free Throw In,1,-1,-1, ,,,,34,07:00,66,57,
2007,TS,16,182,437,MAD,PAJO,"BULLOCK, LOUIS",FTM,Free Throw In,1,-1,-1, ,,,,34,07:00,67,57,
2007,TS,16,182,438,MAD,PAJO,"BULLOCK, LOUIS",FTM,Free Throw In,1,-1,-1, ,,,,34,07:00,68,57,
2007,TS,16,182,445,OLY,PTFV,"WOODS, QYNTEL",2FGM,Two Pointer,2,28,97,C,,,,35,06:00,68,59,
2007,TS,16,182,446,MAD,PAJO,"BULLOCK, LOUIS",3FGM,Three Pointer,3,-546,464,J,,,,35,06:00,71,59,
2007,TS,16,182,450,OLY,PJRF,"VASILOPOULOS, PANAGIOTIS",2FGM,Two Pointer,2,538,151,B,,,,35,06:00,71,61,
2007,TS,16,182,454,OLY,PJDR,"TEODOSIC, MILOS",2FGM,Two Pointer,2,43,53,C,,,,36,05:00,71,63,
2007,TS,16,182,459,MAD,PAAX,"REYES, FELIPE",2FGA,Missed Two Pointer,0,307,169,B,,,,36,05:00,71,63,
2007,TS,16,182,461,OLY,PCRR,"GREER, LYNN",2FGM,Two Pointer,2,166,315,C,,,,36,05:00,71,65,
2007,TS,16,182,463,MAD,PTGB,"LLULL, SERGIO",3FGA,Missed Three Pointer,0,-76,710,J,,,,37,04:00,71,65,
2007,TS,16,182,466,OLY,P000126,"JACKSON, MARC",2FGAB,Missed Two Pointer,0,48,117,C,,,,37,04:00,71,65,
2007,TS,16,182,474,MAD,PBFJ,"MUMBRU, ALEX",FTM,Free Throw In,1,-1,-1, ,,,,37,04:00,72,65,
2007,TS,16,182,484,MAD,PAIT,"LOPEZ, RAUL",3FGA,Missed Three Pointer,0,333,638,G,,,,38,03:00,72,65,
2007,TS,16,182,491,OLY,P000126,"JACKSON, MARC",FTM,Free Throw In,1,-1,-1, ,,,,38,03:00,72,66,
2007,TS,16,182,492,OLY,P000126,"JACKSON, MARC",FTM,Free Throw In,1,-1,-1, ,,,,38,03:00,72,67,
2007,TS,16,182,495,MAD,PAJO,"BULLOCK, LOUIS",FTM,Free Throw In,1,-1,-1, ,,,,38,03:00,73,67,
2007,TS,16,182,496,MAD,PAJO,"BULLOCK, LOUIS",FTM,Free Throw In,1,-1,-1, ,,,,38,03:00,74,67,
2007,TS,16,182,500,MAD,PAJO,"BULLOCK, LOUIS",3FGM,Three Pointer,3,-641,276,F,,,,38,03:00,77,67,
2007,TS,16,182,502,OLY,PJRF,"VASILOPOULOS, PANAGIOTIS",3FGA,Missed Three Pointer,0,-15,687,J,,,,39,02:00,77,67,
2007,TS,16,182,513,OLY,PCRR,"GREER, LYNN",FTM,Free Throw In,1,-1,-1, ,,,,39,02:00,77,68,
2007,TS,16,182,517,MAD,PAIT,"LOPEZ, RAUL",FTM,Free Throw In,1,-1,-1, ,,,,39,02:00,78,68,
2007,TS,16,182,520,OLY,PCRR,"GREER, LYNN",3FGA,Missed Three Pointer,0,-551,441,J,,,,39,02:00,78,68,
2007,TS,16,182,523,MAD,PAJO,"BULLOCK, LOUIS",3FGA,Missed Three Pointer,0,-676,10,F,,,,40,01:00,78,68,
2007,TS,16,182,525,OLY,PJRF,"VASILOPOULOS, PANAGIOTIS",2FGA,Missed Two Pointer,0,-433,105,E,,,,40,01:00,78,68,
2007,TS,16,182,527,MAD,PBFJ,"MUMBRU, ALEX",2FGA,Missed Two Pointer,0,-94,112,D,,,,40,01:00,78,68,
2007,TS,16,182,533,OLY,PCRR,"GREER, LYNN",FTM,Free Throw In,1,-1,-1, ,,,,40,01:00,78,69,
2007,TS,16,182,534,OLY,PCRR,"GREER, LYNN",FTM,Free Throw In,1,-1,-1, ,,,,40,01:00,78,70,
2007,TS,16,182,545,MAD,PACK,"PELEKANOS, MICHALIS",2FGM,Two Pointer,2,28,76,C,,,,40,01:00,80,70,
2007,TS,16,182,548,MAD,PACK,"PELEKANOS, MICHALIS",3FGA,Missed Three Pointer,0,-2,702,J,,,,40,01:00,80,70,
2007,TS,16,183,2,ROM,PADP,"FUCKA, GREGOR",2FGA,Missed Two Pointer,0,182,443,H,,,,1,10:00,0,0,
2007,TS,16,183,6,MAL,PKMV,"HAISLIP, MARCUS",2FGM,Two Pointer,2,-212,66,D,,,,1,10:00,0,2,
2007,TS,16,183,7,ROM,PADP,"FUCKA, GREGOR",2FGA,Missed Two Pointer,0,-310,184,E,,,,1,10:00,0,2,
2007,TS,16,183,9,MAL,PKML,"SANTIAGO, DANIEL",2FGA,Missed Two Pointer,0,66,17,C,,,,1,10:00,0,2,
2007,TS,16,183,11,ROM,PCJA,"UKIC, ROKO-LENI",2FGA,Missed Two Pointer,0,200,243,C,,,,1,10:00,0,2,
2007,TS,16,183,16,MAL,PKMV,"HAISLIP, MARCUS",FTM,Free Throw In,1,-1,-1, ,,,,2,09:00,0,3,
2007,TS,16,183,17,MAL,PKMV,"HAISLIP, MARCUS",FTM,Free Throw In,1,-1,-1, ,,,,2,09:00,0,4,
2007,TS,16,183,18,ROM,PCJA,"UKIC, ROKO-LENI",2FGM,Two Pointer,2,-66,7,D,,,,2,09:00,2,4,
2007,TS,16,183,20,MAL,PAGQ,"WELSCH, JIRI",3FGA,Missed Three Pointer,0,-679,7,F,,,,3,08:00,2,4,
2007,TS,16,183,26,MAL,PKML,"SANTIAGO, DANIEL",2FGM,Two Pointer,2,-56,-2,D,,,,3,08:00,2,6,
2007,TS,16,183,32,ROM,PADP,"FUCKA, GREGOR",3FGM,Three Pointer,3,628,223,A,,,,4,07:00,5,6,
2007,TS,16,183,33,MAL,PAAS,"JIMENEZ, CARLOS",3FGA,Missed Three Pointer,0,-600,310,F,,,,4,07:00,5,6,
2007,TS,16,183,35,ROM,PADP,"FUCKA, GREGOR",2FGA,Missed Two Pointer,0,-48,15,D,,,,4,07:00,5,6,
2007,TS,16,183,37,ROM,PADP,"FUCKA, GREGOR",2FGM,Two Pointer,2,56,12,C,,,,4,07:00,7,6,
2007,TS,16,183,45,ROM,PADB,"DE LA FUENTE, RODRIGO",2FGA,Missed Two Pointer,0,38,17,C,,,,5,06:00,7,6,
2007,TS,16,183,47,MAL,PKML,"SANTIAGO, DANIEL",2FGM,Two Pointer,2,38,10,C,,,,5,06:00,7,8,
2007,TS,16,183,48,ROM,PADB,"DE LA FUENTE, RODRIGO",2FGA,Missed Two Pointer,0,-15,612,I,,,,5,06:00,7,8,
2007,TS,16,183,54,MAL,PAAS,"JIMENEZ, CARLOS",2FGA,Missed Two Pointer,0,38,51,C,,,,5,06:00,7,8,
2007,TS,16,183,56,ROM,PADB,"DE LA FUENTE, RODRIGO",3FGA,Missed Three Pointer,0,-264,625,J,,,,5,06:00,7,8,
2007,TS,16,183,58,ROM,PADB,"DE LA FUENTE, RODRIGO",2FGA,Missed Two Pointer,0,-7,56,D,,,,5,06:00,7,8,
2007,TS,16,183,61,MAL,PAGQ,"WELSCH, JIRI",3FGA,Missed Three Pointer,0,-664,117,F,,,,6,05:00,7,8,
2007,TS,16,183,63,MAL,PKMV,"HAISLIP, MARCUS",2FGA,Missed Two Pointer,0,46,100,C,,,,6,05:00,7,8,
2007,TS,16,183,66,ROM,PCJA,"UKIC, ROKO-LENI",3FGM,Three Pointer,3,-446,510,J,,,,7,04:00,10,8,
2007,TS,16,183,67,MAL,PAGQ,"WELSCH, JIRI",3FGA,Missed Three Pointer,0,-82,666,J,,,,7,04:00,10,8,
2007,TS,16,183,73,ROM,PCJA,"UKIC, ROKO-LENI",3FGA,Missed Three Pointer,0,-89,674,J,,,,7,04:00,10,8,
2007,TS,16,183,84,MAL,PBOV,"POPOVIC, BOJAN",FTM,Free Throw In,1,-1,-1, ,,,,8,03:00,10,9,
2007,TS,16,183,85,MAL,PBOV,"POPOVIC, BOJAN",FTM,Free Throw In,1,-1,-1, ,,,,8,03:00,10,10,
2007,TS,16,183,86,ROM,P000753,"JAABER, IBRAHIM IBIN",3FGA,Missed Three Pointer,0,664,56,A,,,,8,03:00,10,10,
2007,TS,16,183,89,MAL,PKMV,"HAISLIP, MARCUS",3FGA,Missed Three Pointer,0,-294,620,J,,,,9,02:00,10,10,
2007,TS,16,183,91,ROM,PLUK,"STEFANSSON, JON",2FGM,Two Pointer,2,51,15,C,,,,9,02:00,12,10,
2007,TS,16,183,92,MAL,PKMV,"HAISLIP, MARCUS",2FGAB,Missed Two Pointer,0,69,10,C,,,,9,02:00,12,10,
2007,TS,16,183,96,MAL,PTGE,"NDONG, BONIFACE",2FGM,Two Pointer,2,0,2,D,,,,9,02:00,12,12,
2007,TS,16,183,97,ROM,PLUK,"STEFANSSON, JON",3FGA,Missed Three Pointer,0,-441,541,J,,,,9,02:00,12,12,
2007,TS,16,183,100,MAL,PKMV,"HAISLIP, MARCUS",2FGM,Two Pointer,2,66,15,C,,,,10,01:00,12,14,
2007,TS,16,183,101,ROM,PCJA,"UKIC, ROKO-LENI",2FGA,Missed Two Pointer,0,12,484,H,,,,10,01:00,12,14,
2007,TS,16,183,103,MAL,PAGQ,"WELSCH, JIRI",3FGM,Three Pointer,3,-571,369,F,,,,10,01:00,12,17,
2007,TS,16,183,119,MAL,PAFJ,"KUS, DAVOR",2FGA,Missed Two Pointer,0,41,30,C,,,,11,10:00,12,17,
2007,TS,16,183,121,ROM,PLUK,"STEFANSSON, JON",2FGM,Two Pointer,2,56,35,C,,,,11,10:00,14,17,
2007,TS,16,183,124,ROM,PJKN,"GABINI, ROBERTO",2FGM,Two Pointer,2,-56,10,D,,,,11,10:00,16,17,
2007,TS,16,183,129,ROM,PLUK,"STEFANSSON, JON",2FGA,Missed Two Pointer,0,-387,433,I,,,,12,09:00,16,17,
2007,TS,16,183,136,ROM,PJKN,"GABINI, ROBERTO",3FGM,Three Pointer,3,643,179,A,,,,13,08:00,19,17,
2007,TS,16,183,138,MAL,PAFJ,"KUS, DAVOR",2FGM,Two Pointer,2,20,405,C,,,,13,08:00,19,19,
2007,TS,16,183,140,ROM,PLUK,"STEFANSSON, JON",2FGM,Two Pointer,2,-51,10,D,,,,13,08:00,21,19,
2007,TS,16,183,143,MAL,PAFJ,"KUS, DAVOR",3FGAB,Missed Three Pointer,0,-646,138,F,,,,14,07:00,21,19,
2007,TS,16,183,147,MAL,PBIM,"GABRIEL, GERMAN",3FGA,Missed Three Pointer,0,176,646,G,,,,14,07:00,21,19,
2007,TS,16,183,149,ROM,PJKN,"GABINI, ROBERTO",3FGA,Missed Three Pointer,0,-656,100,F,,,,14,07:00,21,19,
2007,TS,16,183,155,MAL,PAGQ,"WELSCH, JIRI",FTM,Free Throw In,1,-1,-1, ,,,,14,07:00,21,20,
2007,TS,16,183,156,MAL,PAGQ,"WELSCH, JIRI",FTM,Free Throw In,1,-1,-1, ,,,,14,07:00,21,21,
2007,TS,16,183,159,ROM,P000753,"JAABER, IBRAHIM IBIN",2FGAB,Missed Two Pointer,0,41,82,C,,,,14,07:00,21,21,
2007,TS,16,183,163,ROM,PKZA,"HAWKINS, DAVID",2FGA,Missed Two Pointer,0,182,358,C,,,,14,07:00,21,21,
2007,TS,16,183,168,MAL,PBIM,"GABRIEL, GERMAN",3FGM,Three Pointer,3,-320,612,J,,,,15,06:00,21,24,
2007,TS,16,183,169,ROM,PJKN,"GABINI, ROBERTO",3FGM,Three Pointer,3,325,602,G,,,,15,06:00,24,24,
2007,TS,16,183,171,MAL,PTGE,"NDONG, BONIFACE",2FGA,Missed Two Pointer,0,-56,15,D,,,,15,06:00,24,24,
2007,TS,16,183,173,ROM,PKZA,"HAWKINS, DAVID",2FGM,Two Pointer,2,-38,53,D,,,,15,06:00,26,24,
2007,TS,16,183,175,MAL,PAGQ,"WELSCH, JIRI",2FGAB,Missed Two Pointer,0,48,87,C,,,,16,05:00,26,24,
2007,TS,16,183,179,ROM,PBWL,"LORBEK, ERAZEM",3FGA,Missed Three Pointer,0,179,653,G,,,,16,05:00,26,24,
2007,TS,16,183,181,MAL,PBIM,"GABRIEL, GERMAN",3FGA,Missed Three Pointer,0,-258,625,J,,,,16,05:00,26,24,
2007,TS,16,183,184,ROM,PJKN,"GABINI, ROBERTO",2FGA,Missed Two Pointer,0,-46,20,D,,,,17,04:00,26,24,
2007,TS,16,183,186,ROM,PKZA,"HAWKINS, DAVID",2FGM,Two Pointer,2,-2,5,D,,,,17,04:00,28,24,
2007,TS,16,183,203,ROM,P000753,"JAABER, IBRAHIM IBIN",2FGM,Two Pointer,2,-35,30,D,,,,17,04:00,30,24,
2007,TS,16,183,209,ROM,P000753,"JAABER, IBRAHIM IBIN",FTM,Free Throw In,1,-1,-1, ,,,,17,04:00,31,24,
2007,TS,16,183,210,MAL,PBOV,"POPOVIC, BOJAN",3FGA,Missed Three Pointer,0,682,10,A,,,,17,04:00,31,24,
2007,TS,16,183,215,ROM,PADP,"FUCKA, GREGOR",2FGA,Missed Two Pointer,0,0,84,D,,,,18,03:00,31,24,
2007,TS,16,183,217,ROM,PKZA,"HAWKINS, DAVID",3FGA,Missed Three Pointer,0,-35,692,J,,,,18,03:00,31,24,
2007,TS,16,183,220,MAL,PKMV,"HAISLIP, MARCUS",3FGM,Three Pointer,3,-187,653,J,,,,18,03:00,31,27,
2007,TS,16,183,221,ROM,PKZA,"HAWKINS, DAVID",2FGM,Two Pointer,2,-56,23,D,,,,18,03:00,33,27,
2007,TS,16,183,222,MAL,PKMV,"HAISLIP, MARCUS",2FGM,Two Pointer,2,84,15,C,,,,18,03:00,33,29,
2007,TS,16,183,224,ROM,PCJA,"UKIC, ROKO-LENI",2FGA,Missed Two Pointer,0,-61,2,D,,,,19,02:00,33,29,
2007,TS,16,183,230,MAL,PBOV,"POPOVIC, BOJAN",FTM,Free Throw In,1,-1,-1, ,,,,19,02:00,33,30,
2007,TS,16,183,231,MAL,PBOV,"POPOVIC, BOJAN",FTM,Free Throw In,1,-1,-1, ,,,,19,02:00,33,31,
2007,TS,16,183,232,ROM,PCJA,"UKIC, ROKO-LENI",2FGM,Two Pointer,2,-161,12,D,,,,19,02:00,35,31,
2007,TS,16,183,234,MAL,PBIM,"GABRIEL, GERMAN",2FGM,Two Pointer,2,56,33,C,,,,20,01:00,35,33,
2007,TS,16,183,240,MAL,PBIM,"GABRIEL, GERMAN",FTM,Free Throw In,1,-1,-1, ,,,,20,01:00,35,34,
2007,TS,16,183,245,ROM,PLUK,"STEFANSSON, JON",FTM,Free Throw In,1,-1,-1, ,,,,20,01:00,36,34,
2007,TS,16,183,246,MAL,PAFJ,"KUS, DAVOR",2FGA,Missed Two Pointer,0,51,-2,C,,,,20,01:00,36,34,
2007,TS,16,183,248,ROM,PTFP,"BAGNOLI, SIMONE",3FGM,Three Pointer,3,23,692,G,,,,20,01:00,39,34,
2007,TS,16,183,262,ROM,PKZA,"HAWKINS, DAVID",2FGA,Missed Two Pointer,0,397,79,B,,,,21,10:00,39,34,
2007,TS,16,183,264,MAL,PKMV,"HAISLIP, MARCUS",2FGM,Two Pointer,2,2,479,H,,,,21,10:00,39,36,
2007,TS,16,183,265,ROM,PADP,"FUCKA, GREGOR",2FGA,Missed Two Pointer,0,-12,176,D,,,,21,10:00,39,36,
2007,TS,16,183,270,ROM,PBWL,"LORBEK, ERAZEM",3FGA,Missed Three Pointer,0,571,330,A,,,,22,09:00,39,36,
2007,TS,16,183,272,MAL,PKMV,"HAISLIP, MARCUS",2FGA,Missed Two Pointer,0,141,143,C,,,,22,09:00,39,36,
2007,TS,16,183,274,ROM,PCJA,"UKIC, ROKO-LENI",2FGAB,Missed Two Pointer,0,94,71,C,,,,22,09:00,39,36,
2007,TS,16,183,283,ROM,PKZA,"HAWKINS, DAVID",3FGM,Three Pointer,3,69,682,G,,,,23,08:00,42,36,
2007,TS,16,183,284,MAL,PBOV,"POPOVIC, BOJAN",3FGAB,Missed Three Pointer,0,451,507,G,,,,23,08:00,42,36,
2007,TS,16,183,288,ROM,PCJA,"UKIC, ROKO-LENI",2FGM,Two Pointer,2,76,23,C,,,,23,08:00,44,36,
2007,TS,16,183,290,MAL,PAAS,"JIMENEZ, CARLOS",2FGM,Two Pointer,2,-79,58,D,,,,24,07:00,44,38,
2007,TS,16,183,294,MAL,PAGQ,"WELSCH, JIRI",2FGM,Two Pointer,2,2,10,D,,,,24,07:00,44,40,
2007,TS,16,183,296,ROM,PADP,"FUCKA, GREGOR",3FGA,Missed Three Pointer,0,-402,535,J,,,,24,07:00,44,40,
2007,TS,16,183,299,MAL,PKML,"SANTIAGO, DANIEL",2FGA,Missed Two Pointer,0,87,169,C,,,,25,06:00,44,40,
2007,TS,16,183,301,ROM,PKZA,"HAWKINS, DAVID",3FGA,Missed Three Pointer,0,428,541,G,,,,25,06:00,44,40,
2007,TS,16,183,303,ROM,PADB,"DE LA FUENTE, RODRIGO",3FGM,Three Pointer,3,-405,530,J,,,,25,06:00,47,40,
2007,TS,16,183,315,ROM,PBWL,"LORBEK, ERAZEM",2FGM,Two Pointer,2,74,602,H,,,,26,05:00,49,40,
2007,TS,16,183,316,MAL,PAGQ,"WELSCH, JIRI",3FGM,Three Pointer,3,-435,502,J,,,,26,05:00,49,43,
2007,TS,16,183,318,ROM,PADB,"DE LA FUENTE, RODRIGO",2FGA,Missed Two Pointer,0,-507,-61,E,,,,26,05:00,49,43,
2007,TS,16,183,323,MAL,PKMV,"HAISLIP, MARCUS",FTM,Free Throw In,1,-1,-1, ,,,,26,05:00,49,44,
2007,TS,16,183,329,ROM,PBWL,"LORBEK, ERAZEM",3FGM,Three Pointer,3,2,658,G,,,,27,04:00,52,44,
2007,TS,16,183,340,MAL,PBIM,"GABRIEL, GERMAN",2FGAB,Missed Two Pointer,0,100,105,C,,,,27,04:00,52,44,
2007,TS,16,183,343,MAL,PAFJ,"KUS, DAVOR",3FGM,Three Pointer,3,-633,205,F,,,,27,04:00,52,47,
2007,TS,16,183,356,ROM,P000753,"JAABER, IBRAHIM IBIN",2FGA,Missed Two Pointer,0,105,46,C,,,,28,03:00,52,47,
2007,TS,16,183,358,ROM,P000753,"JAABER, IBRAHIM IBIN",2FGM,Two Pointer,2,97,41,C,,,,28,03:00,54,47,
2007,TS,16,183,361,ROM,PCJA,"UKIC, ROKO-LENI",2FGM,Two Pointer,2,76,17,C,,,,28,03:00,56,47,
2007,TS,16,183,365,MAL,PKMV,"HAISLIP, MARCUS",FTM,Free Throw In,1,-1,-1, ,,,,29,02:00,56,48,
2007,TS,16,183,368,ROM,PCJA,"UKIC, ROKO-LENI",2FGM,Two Pointer,2,-251,341,E,,,,29,02:00,58,48,
2007,TS,16,183,373,MAL,PAFJ,"KUS, DAVOR",FTM,Free Throw In,1,-1,-1, ,,,,29,02:00,58,49,
2007,TS,16,183,374,MAL,PAFJ,"KUS, DAVOR",FTM,Free Throw In,1,-1,-1, ,,,,29,02:00,58,50,
2007,TS,16,183,379,ROM,PKZA,"HAWKINS, DAVID",3FGA,Missed Three Pointer,0,235,633,G,,,,29,02:00,58,50,
2007,TS,16,183,382,ROM,P000753,"JAABER, IBRAHIM IBIN",3FGA,Missed Three Pointer,0,484,464,G,,,,30,01:00,58,50,
2007,TS,16,183,389,MAL,PLTZ,"SANDERS, MELVIN",FTM,Free Throw In,1,-1,-1, ,,,,30,01:00,58,51,
2007,TS,16,183,390,ROM,PCJA,"UKIC, ROKO-LENI",3FGA,Missed Three Pointer,0,-484,469,J,,,,30,01:00,58,51,
2007,TS,16,183,392,MAL,PLTZ,"SANDERS, MELVIN",2FGAB,Missed Two Pointer,0,-115,58,D,,,,30,01:00,58,51,
2007,TS,16,183,395,MAL,PKMV,"HAISLIP, MARCUS",2FGM,Two Pointer,2,64,10,C,,,,30,01:00,58,53,
2007,TS,16,183,405,MAL,PAGQ,"WELSCH, JIRI",FTM,Free Throw In,1,-1,-1, ,,,,31,10:00,58,54,
2007,TS,16,183,406,ROM,PKZA,"HAWKINS, DAVID",3FGA,Missed Three Pointer,0,476,466,G,,,,31,10:00,58,54,
2007,TS,16,183,408,ROM,P000753,"JAABER, IBRAHIM IBIN",2FGA,Missed Two Pointer,0,-233,325,E,,,,31,10:00,58,54,
2007,TS,16,183,419,ROM,PBWL,"LORBEK, ERAZEM",2FGA,Missed Two Pointer,0,76,15,C,,,,32,09:00,58,54,
2007,TS,16,183,421,MAL,PKMV,"HAISLIP, MARCUS",2FGM,Two Pointer,2,97,35,C,,,,32,09:00,58,56,
2007,TS,16,183,426,ROM,PBWL,"LORBEK, ERAZEM",FTM,Free Throw In,1,-1,-1, ,,,,33,08:00,59,56,
2007,TS,16,183,427,ROM,PBWL,"LORBEK, ERAZEM",FTM,Free Throw In,1,-1,-1, ,,,,33,08:00,60,56,
2007,TS,16,183,447,ROM,PKZA,"HAWKINS, DAVID",2FGM,Two Pointer,2,-148,35,D,,,,34,07:00,62,56,
2007,TS,16,183,448,MAL,PLTZ,"SANDERS, MELVIN",3FGA,Missed Three Pointer,0,661,87,A,,,,34,07:00,62,56,
2007,TS,16,183,451,ROM,PLUK,"STEFANSSON, JON",2FGA,Missed Two Pointer,0,97,53,C,,,,35,06:00,62,56,
2007,TS,16,183,459,ROM,PJKN,"GABINI, ROBERTO",2FGM,Two Pointer,2,-164,415,D,,,,35,06:00,64,56,
2007,TS,16,183,469,ROM,PLUK,"STEFANSSON, JON",3FGM,Three Pointer,3,661,76,A,,,,36,05:00,67,56,
2007,TS,16,183,481,MAL,PAFJ,"KUS, DAVOR",3FGA,Missed Three Pointer,0,587,366,A,,,,36,05:00,67,56,
2007,TS,16,183,491,ROM,P000753,"JAABER, IBRAHIM IBIN",2FGA,Missed Two Pointer,0,7,82,C,,,,37,04:00,67,56,
2007,TS,16,183,493,ROM,PKZA,"HAWKINS, DAVID",2FGA,Missed Two Pointer,0,38,64,C,,,,37,04:00,67,56,
2007,TS,16,183,502,MAL,PBOV,"POPOVIC, BOJAN",FTM,Free Throw In,1,-1,-1, ,,,,37,04:00,67,57,
2007,TS,16,183,503,MAL,PBOV,"POPOVIC, BOJAN",FTM,Free Throw In,1,-1,-1, ,,,,37,04:00,67,58,
2007,TS,16,183,507,ROM,PCJA,"UKIC, ROKO-LENI",FTM,Free Throw In,1,-1,-1, ,,,,38,03:00,68,58,
2007,TS,16,183,508,ROM,PCJA,"UKIC, ROKO-LENI",FTM,Free Throw In,1,-1,-1, ,,,,38,03:00,69,58,
2007,TS,16,183,509,MAL,PAFJ,"KUS, DAVOR",2FGM,Two Pointer,2,-71,46,D,,,,38,03:00,69,60,
2007,TS,16,183,510,ROM,PCJA,"UKIC, ROKO-LENI",3FGA,Missed Three Pointer,0,-353,594,J,,,,38,03:00,69,60,
2007,TS,16,183,512,ROM,PBWL,"LORBEK, ERAZEM",2FGM,Two Pointer,2,5,10,C,,,,38,03:00,71,60,
2007,TS,16,183,513,MAL,PBOV,"POPOVIC, BOJAN",3FGA,Missed Three Pointer,0,-664,148,F,,,,38,03:00,71,60,
2007,TS,16,183,523,ROM,PCJA,"UKIC, ROKO-LENI",FTM,Free Throw In,1,-1,-1, ,,,,39,02:00,72,60,
2007,TS,16,183,524,ROM,PCJA,"UKIC, ROKO-LENI",FTM,Free Throw In,1,-1,-1, ,,,,39,02:00,73,60,
2007,TS,16,183,527,MAL,PAFJ,"KUS, DAVOR",FTM,Free Throw In,1,-1,-1, ,,,,39,02:00,73,61,
2007,TS,16,183,528,MAL,PAFJ,"KUS, DAVOR",FTM,Free Throw In,1,-1,-1, ,,,,39,02:00,73,62,
2007,TS,16,183,529,ROM,PCJA,"UKIC, ROKO-LENI",2FGA,Missed Two Pointer,0,-51,20,D,,,,39,02:00,73,62,
2007,TS,16,183,535,MAL,PKMV,"HAISLIP, MARCUS",FTM,Free Throw In,1,-1,-1, ,,,,40,01:00,73,63,
2007,TS,16,183,540,MAL,PAGQ,"WELSCH, JIRI",FTM,Free Throw In,1,-1,-1, ,,,,40,01:00,73,64,
2007,TS,16,183,543,ROM,PCJA,"UKIC, ROKO-LENI",2FGM,Two Pointer,2,-171,412,D,,,,40,01:00,75,64,
2007,TS,16,183,548,MAL,PJXV,"CASTLE, TERREL",FTM,Free Throw In,1,-1,-1, ,,,,40,01:00,75,65,
2007,TS,16,183,551,MAL,PAAS,"JIMENEZ, CARLOS",2FGM,Two Pointer,2,-87,33,D,,,,40,01:00,75,67,
2007,TS,16,184,4,BAR,PBKE,"GRIMAU, ROGER",2FGA,Missed Two Pointer,0,110,94,C,,,,1,10:00,0,0,
2007,TS,16,184,6,CSK,PAKT,"ANDERSEN, DAVID",2FGM,Two Pointer,2,528,94,B,,,,1,10:00,2,0,
2007,TS,16,184,8,BAR,PATA,"LAKOVIC, JAKA",3FGA,Missed Three Pointer,0,-53,720,J,,,,1,10:00,2,0,
2007,TS,16,184,11,CSK,PAKT,"ANDERSEN, DAVID",3FGA,Missed Three Pointer,0,38,707,G,,,,2,09:00,2,0,
2007,TS,16,184,18,CSK,PJMM,"SISKAUSKAS, RAMUNAS",3FGA,Missed Three Pointer,0,-666,64,F,,,,2,09:00,2,0,
2007,TS,16,184,21,BAR,PAXC,"VAZQUEZ, FRAN",2FGM,Two Pointer,2,43,125,C,,,,3,08:00,2,2,
2007,TS,16,184,26,CSK,PJMM,"SISKAUSKAS, RAMUNAS",FTM,Free Throw In,1,-1,-1, ,,,,3,08:00,3,2,
2007,TS,16,184,27,CSK,PJMM,"SISKAUSKAS, RAMUNAS",FTM,Free Throw In,1,-1,-1, ,,,,3,08:00,4,2,
2007,TS,16,184,28,BAR,PAXC,"VAZQUEZ, FRAN",2FGA,Missed Two Pointer,0,325,46,B,,,,3,08:00,4,2,
2007,TS,16,184,33,CSK,PJMM,"SISKAUSKAS, RAMUNAS",2FGM,Two Pointer,2,58,38,C,,,,4,07:00,6,2,
2007,TS,16,184,34,BAR,PAHW,"MARCONATO, DENIS",2FGA,Missed Two Pointer,0,-282,351,E,,,,4,07:00,6,2,
2007,TS,16,184,36,BAR,PAHW,"MARCONATO, DENIS",2FGM,Two Pointer,2,82,30,C,,,,4,07:00,6,4,
2007,TS,16,184,39,CSK,PJMM,"SISKAUSKAS, RAMUNAS",3FGA,Missed Three Pointer,0,643,187,A,,,,5,06:00,6,4,
2007,TS,16,184,41,CSK,PAKT,"ANDERSEN, DAVID",2FGM,Two Pointer,2,-51,12,D,,,,5,06:00,8,4,
2007,TS,16,184,42,BAR,PATA,"LAKOVIC, JAKA",3FGM,Three Pointer,3,648,33,A,,,,5,06:00,8,7,
2007,TS,16,184,45,CSK,PBEB,"LANGDON, TRAJAN",3FGA,Missed Three Pointer,0,648,51,A,,,,6,05:00,8,7,
2007,TS,16,184,53,CSK,PAUC,"GOREE, MARCUS",FTM,Free Throw In,1,-1,-1, ,,,,6,05:00,9,7,
2007,TS,16,184,54,CSK,PAUC,"GOREE, MARCUS",FTM,Free Throw In,1,-1,-1, ,,,,6,05:00,10,7,
2007,TS,16,184,55,BAR,PATA,"LAKOVIC, JAKA",3FGA,Missed Three Pointer,0,-202,653,J,,,,6,05:00,10,7,
2007,TS,16,184,57,CSK,PBEB,"LANGDON, TRAJAN",3FGM,Three Pointer,3,305,633,G,,,,6,05:00,13,7,
2007,TS,16,184,59,BAR,PATA,"LAKOVIC, JAKA",3FGA,Missed Three Pointer,0,592,294,A,,,,6,05:00,13,7,
2007,TS,16,184,72,CSK,PBEB,"LANGDON, TRAJAN",3FGA,Missed Three Pointer,0,-323,602,J,,,,7,04:00,13,7,
2007,TS,16,184,74,BAR,PAZU,"SANCHEZ, PEPE",3FGA,Missed Three Pointer,0,528,405,A,,,,7,04:00,13,7,
2007,TS,16,184,76,CSK,PASG,"VAN DEN SPIEGEL, TOMAS",2FGAB,Missed Two Pointer,0,-15,64,D,,,,7,04:00,13,7,
2007,TS,16,184,81,BAR,PBOD,"KASUN, MARIO",2FGA,Missed Two Pointer,0,-107,38,D,,,,8,03:00,13,7,
2007,TS,16,184,87,BAR,PATA,"LAKOVIC, JAKA",3FGM,Three Pointer,3,-448,507,J,,,,8,03:00,13,10,
2007,TS,16,184,89,CSK,PATW,"PAPALOUKAS, THEODOROS",2FGA,Missed Two Pointer,0,74,33,C,,,,8,03:00,13,10,
2007,TS,16,184,92,BAR,PBOD,"KASUN, MARIO",2FGA,Missed Two Pointer,0,123,33,C,,,,9,02:00,13,10,
2007,TS,16,184,101,BAR,PBOD,"KASUN, MARIO",FTM,Free Throw In,1,-1,-1, ,,,,9,02:00,13,11,
2007,TS,16,184,102,CSK,PJMM,"SISKAUSKAS, RAMUNAS",3FGA,Missed Three Pointer,0,-579,330,F,,,,9,02:00,13,11,
2007,TS,16,184,106,CSK,PAKT,"ANDERSEN, DAVID",2FGA,Missed Two Pointer,0,-12,110,D,,,,9,02:00,13,11,
2007,TS,16,184,108,BAR,PLGC,"ACKER, ALEX",3FGA,Missed Three Pointer,0,653,94,A,,,,9,02:00,13,11,
2007,TS,16,184,113,CSK,PAKT,"ANDERSEN, DAVID",FTM,Free Throw In,1,-1,-1, ,,,,10,01:00,14,11,
2007,TS,16,184,116,CSK,PAKT,"ANDERSEN, DAVID",3FGA,Missed Three Pointer,0,-325,564,J,,,,10,01:00,14,11,
2007,TS,16,184,120,BAR,P000751,"NEAL, GARY",2FGA,Missed Two Pointer,0,41,179,C,,,,10,01:00,14,11,
2007,TS,16,184,122,CSK,PAKT,"ANDERSEN, DAVID",2FGM,Two Pointer,2,-320,53,E,,,,10,01:00,16,11,
2007,TS,16,184,131,BAR,P000751,"NEAL, GARY",3FGA,Missed Three Pointer,0,630,212,A,,,,11,10:00,16,11,
2007,TS,16,184,133,CSK,PAKT,"ANDERSEN, DAVID",2FGA,Missed Two Pointer,0,-64,35,D,,,,11,10:00,16,11,
2007,TS,16,184,138,CSK,PJMM,"SISKAUSKAS, RAMUNAS",FTM,Free Throw In,1,-1,-1, ,,,,12,09:00,17,11,
2007,TS,16,184,139,CSK,PJMM,"SISKAUSKAS, RAMUNAS",FTM,Free Throw In,1,-1,-1, ,,,,12,09:00,18,11,
2007,TS,16,184,142,BAR,PJKP,"ILYASOVA, ERSAN",3FGA,Missed Three Pointer,0,-192,630,J,,,,12,09:00,18,11,
2007,TS,16,184,144,CSK,PJMM,"SISKAUSKAS, RAMUNAS",2FGM,Two Pointer,2,207,12,C,,,,12,09:00,20,11,
2007,TS,16,184,152,CSK,PJMM,"SISKAUSKAS, RAMUNAS",2FGM,Two Pointer,2,69,12,C,,,,12,09:00,22,11,
2007,TS,16,184,155,BAR,PJKP,"ILYASOVA, ERSAN",2FGM,Two Pointer,2,66,-7,C,,,,13,08:00,22,13,
2007,TS,16,184,156,CSK,PBCQ,"KHRYAPA, VICTOR",3FGA,Missed Three Pointer,0,-30,679,J,,,,13,08:00,22,13,
2007,TS,16,184,166,BAR,PATA,"LAKOVIC, JAKA",3FGM,Three Pointer,3,410,523,G,,,,13,08:00,22,16,
2007,TS,16,184,170,CSK,PAUC,"GOREE, MARCUS",FTM,Free Throw In,1,-1,-1, ,,,,14,07:00,23,16,
2007,TS,16,184,171,CSK,PAUC,"GOREE, MARCUS",FTM,Free Throw In,1,-1,-1, ,,,,14,07:00,24,16,
2007,TS,16,184,172,BAR,PAHW,"MARCONATO, DENIS",2FGM,Two Pointer,2,0,-2,D,,,,14,07:00,24,18,
2007,TS,16,184,174,CSK,PABN,"ZISIS, NIKOLAOS",2FGM,Two Pointer,2,-197,556,I,,,,14,07:00,26,18,
2007,TS,16,184,177,BAR,PAHW,"MARCONATO, DENIS",FTM,Free Throw In,1,-1,-1, ,,,,14,07:00,26,19,
2007,TS,16,184,178,BAR,PAHW,"MARCONATO, DENIS",FTM,Free Throw In,1,-1,-1, ,,,,14,07:00,26,20,
2007,TS,16,184,180,CSK,PBEB,"LANGDON, TRAJAN",3FGA,Missed Three Pointer,0,-653,53,F,,,,15,06:00,26,20,
2007,TS,16,184,182,BAR,PATA,"LAKOVIC, JAKA",2FGA,Missed Two Pointer,0,-46,25,D,,,,15,06:00,26,20,
2007,TS,16,184,184,CSK,PAUC,"GOREE, MARCUS",3FGA,Missed Three Pointer,0,184,643,G,,,,15,06:00,26,20,
2007,TS,16,184,186,BAR,PATA,"LAKOVIC, JAKA",3FGA,Missed Three Pointer,0,656,-25,A,,,,15,06:00,26,20,
2007,TS,16,184,195,BAR,PJKP,"ILYASOVA, ERSAN",FTM,Free Throw In,1,-1,-1, ,,,,16,05:00,26,21,
2007,TS,16,184,200,CSK,PAQO,"HOLDEN, JON ROBERT",2FGA,Missed Two Pointer,0,89,417,C,,,,16,05:00,26,21,
2007,TS,16,184,207,BAR,PADS,"BASILE, GIANLUCA",2FGA,Missed Two Pointer,0,-105,17,D,,,,17,04:00,26,21,
2007,TS,16,184,209,BAR,PADS,"BASILE, GIANLUCA",2FGM,Two Pointer,2,51,20,C,,,,17,04:00,26,23,
2007,TS,16,184,210,CSK,PAKT,"ANDERSEN, DAVID",2FGM,Two Pointer,2,-212,530,I,,,,17,04:00,28,23,
2007,TS,16,184,213,BAR,PADS,"BASILE, GIANLUCA",2FGA,Missed Two Pointer,0,315,102,B,,,,18,03:00,28,23,
2007,TS,16,184,215,CSK,PAUC,"GOREE, MARCUS",2FGAB,Missed Two Pointer,0,-64,28,D,,,,18,03:00,28,23,
2007,TS,16,184,226,CSK,PAUC,"GOREE, MARCUS",FTM,Free Throw In,1,-1,-1, ,,,,18,03:00,29,23,
2007,TS,16,184,227,CSK,PAUC,"GOREE, MARCUS",FTM,Free Throw In,1,-1,-1, ,,,,18,03:00,30,23,
2007,TS,16,184,233,CSK,PAQO,"HOLDEN, JON ROBERT",3FGA,Missed Three Pointer,0,-592,325,F,,,,19,02:00,30,23,
2007,TS,16,184,235,CSK,PAKT,"ANDERSEN, DAVID",2FGA,Missed Two Pointer,0,-69,35,D,,,,19,02:00,30,23,
2007,TS,16,184,237,CSK,PBCQ,"KHRYAPA, VICTOR",2FGA,Missed Two Pointer,0,-58,33,D,,,,19,02:00,30,23,
2007,TS,16,184,243,BAR,PLGC,"ACKER, ALEX",FTM,Free Throw In,1,-1,-1, ,,,,19,02:00,30,24,
2007,TS,16,184,244,BAR,PLGC,"ACKER, ALEX",FTM,Free Throw In,1,-1,-1, ,,,,19,02:00,30,25,
2007,TS,16,184,245,CSK,PBEB,"LANGDON, TRAJAN",2FGA,Missed Two Pointer,0,274,351,B,,,,19,02:00,30,25,
2007,TS,16,184,248,CSK,PAKT,"ANDERSEN, DAVID",2FGA,Missed Two Pointer,0,-107,102,D,,,,20,01:00,30,25,
2007,TS,16,184,250,CSK,PBCQ,"KHRYAPA, VICTOR",2FGA,Missed Two Pointer,0,-66,41,D,,,,20,01:00,30,25,
2007,TS,16,184,252,CSK,PBCQ,"KHRYAPA, VICTOR",2FGA,Missed Two Pointer,0,-79,48,D,,,,20,01:00,30,25,
2007,TS,16,184,256,CSK,PAKT,"ANDERSEN, DAVID",FTM,Free Throw In,1,-1,-1, ,,,,20,01:00,31,25,
2007,TS,16,184,257,CSK,PAKT,"ANDERSEN, DAVID",FTM,Free Throw In,1,-1,-1, ,,,,20,01:00,32,25,
2007,TS,16,184,260,CSK,PJMM,"SISKAUSKAS, RAMUNAS",2FGA,Missed Two Pointer,0,110,182,C,,,,20,01:00,32,25,
2007,TS,16,184,278,CSK,PAKT,"ANDERSEN, DAVID",2FGM,Two Pointer,2,205,430,H,,,,21,10:00,34,25,
2007,TS,16,184,282,CSK,PAUC,"GOREE, MARCUS",2FGAB,Missed Two Pointer,0,84,33,C,,,,21,10:00,34,25,
2007,TS,16,184,286,CSK,PBEB,"LANGDON, TRAJAN",3FGM,Three Pointer,3,646,130,A,,,,21,10:00,37,25,
2007,TS,16,184,304,CSK,PAUC,"GOREE, MARCUS",FTM,Free Throw In,1,-1,-1, ,,,,23,08:00,38,25,
2007,TS,16,184,305,BAR,PBKE,"GRIMAU, ROGER",2FGA,Missed Two Pointer,0,64,7,C,,,,23,08:00,38,25,
2007,TS,16,184,307,BAR,PBOD,"KASUN, MARIO",2FGM,Two Pointer,2,-41,28,D,,,,23,08:00,38,27,
2007,TS,16,184,310,BAR,PBOD,"KASUN, MARIO",FTM,Free Throw In,1,-1,-1, ,,,,23,08:00,38,28,
2007,TS,16,184,311,CSK,PJMM,"SISKAUSKAS, RAMUNAS",3FGM,Three Pointer,3,538,402,A,,,,23,08:00,41,28,
2007,TS,16,184,314,BAR,PJKP,"ILYASOVA, ERSAN",3FGM,Three Pointer,3,74,648,G,,,,24,07:00,41,31,
2007,TS,16,184,318,CSK,PAKT,"ANDERSEN, DAVID",3FGA,Missed Three Pointer,0,-41,676,J,,,,24,07:00,41,31,
2007,TS,16,184,323,CSK,PBEB,"LANGDON, TRAJAN",2FGA,Missed Two Pointer,0,-156,300,D,,,,25,06:00,41,31,
2007,TS,16,184,325,CSK,PAUC,"GOREE, MARCUS",2FGAB,Missed Two Pointer,0,48,28,C,,,,25,06:00,41,31,
2007,TS,16,184,338,CSK,PBCQ,"KHRYAPA, VICTOR",FTM,Free Throw In,1,-1,-1, ,,,,25,06:00,42,31,
2007,TS,16,184,342,BAR,PAZU,"SANCHEZ, PEPE",3FGM,Three Pointer,3,12,674,G,,,,26,05:00,42,34,
2007,TS,16,184,343,CSK,PAKT,"ANDERSEN, DAVID",2FGA,Missed Two Pointer,0,-64,23,D,,,,26,05:00,42,34,
2007,TS,16,184,345,CSK,PBCQ,"KHRYAPA, VICTOR",2FGM,Two Pointer,2,-51,-2,D,,,,26,05:00,44,34,
2007,TS,16,184,349,CSK,PAQO,"HOLDEN, JON ROBERT",3FGA,Missed Three Pointer,0,546,379,A,,,,26,05:00,44,34,
2007,TS,16,184,359,BAR,PBKE,"GRIMAU, ROGER",3FGM,Three Pointer,3,-533,412,F,,,,26,05:00,44,37,
2007,TS,16,184,370,BAR,PJKP,"ILYASOVA, ERSAN",3FGAB,Missed Three Pointer,0,-638,89,F,,,,27,04:00,44,37,
2007,TS,16,184,379,CSK,PASG,"VAN DEN SPIEGEL, TOMAS",FTM,Free Throw In,1,-1,-1, ,,,,28,03:00,45,37,
2007,TS,16,184,386,BAR,PBKE,"GRIMAU, ROGER",2FGA,Missed Two Pointer,0,-46,38,D,,,,28,03:00,45,37,
2007,TS,16,184,388,CSK,PATW,"PAPALOUKAS, THEODOROS",2FGA,Missed Two Pointer,0,-94,405,D,,,,28,03:00,45,37,
2007,TS,16,184,392,CSK,PASG,"VAN DEN SPIEGEL, TOMAS",FTM,Free Throw In,1,-1,-1, ,,,,28,03:00,46,37,
2007,TS,16,184,402,BAR,PAZU,"SANCHEZ, PEPE",FTM,Free Throw In,1,-1,-1, ,,,,29,02:00,46,38,
2007,TS,16,184,405,BAR,PADS,"BASILE, GIANLUCA",3FGM,Three Pointer,3,-476,466,J,,,,29,02:00,46,41,
2007,TS,16,184,415,BAR,PADS,"BASILE, GIANLUCA",3FGA,Missed Three Pointer,0,-502,507,J,,,,30,01:00,46,41,
2007,TS,16,184,419,BAR,PJJF,"TRIAS, JORDI",FTM,Free Throw In,1,-1,-1, ,,,,30,01:00,46,42,
2007,TS,16,184,420,BAR,PJJF,"TRIAS, JORDI",FTM,Free Throw In,1,-1,-1, ,,,,30,01:00,46,43,
2007,TS,16,184,421,CSK,PBEB,"LANGDON, TRAJAN",2FGM,Two Pointer,2,192,125,C,,,,30,01:00,48,43,
2007,TS,16,184,422,BAR,PBKE,"GRIMAU, ROGER",2FGA,Missed Two Pointer,0,53,12,C,,,,30,01:00,48,43,
2007,TS,16,184,428,CSK,PAKT,"ANDERSEN, DAVID",2FGA,Missed Two Pointer,0,87,38,C,,,,31,10:00,48,43,
2007,TS,16,184,430,BAR,PATA,"LAKOVIC, JAKA",2FGM,Two Pointer,2,-302,517,I,,,,31,10:00,48,45,
2007,TS,16,184,431,CSK,PBEB,"LANGDON, TRAJAN",3FGA,Missed Three Pointer,0,-582,323,F,,,,31,10:00,48,45,
2007,TS,16,184,433,CSK,PATW,"PAPALOUKAS, THEODOROS",2FGM,Two Pointer,2,-133,117,D,,,,31,10:00,50,45,
2007,TS,16,184,435,BAR,PBOD,"KASUN, MARIO",2FGA,Missed Two Pointer,0,-315,25,E,,,,32,09:00,50,45,
2007,TS,16,184,437,CSK,PATW,"PAPALOUKAS, THEODOROS",2FGM,Two Pointer,2,-74,20,D,,,,32,09:00,52,45,
2007,TS,16,184,438,BAR,PJJF,"TRIAS, JORDI",2FGA,Missed Two Pointer,0,84,25,C,,,,32,09:00,52,45,
2007,TS,16,184,448,CSK,PBEB,"LANGDON, TRAJAN",2FGM,Two Pointer,2,302,225,B,,,,33,08:00,54,45,
2007,TS,16,184,452,BAR,PBKE,"GRIMAU, ROGER",2FGM,Two Pointer,2,-58,-7,D,,,,33,08:00,54,47,
2007,TS,16,184,458,CSK,PAKT,"ANDERSEN, DAVID",3FGM,Three Pointer,3,-2,674,J,,,,34,07:00,57,47,
2007,TS,16,184,462,BAR,PBKE,"GRIMAU, ROGER",FTM,Free Throw In,1,-1,-1, ,,,,34,07:00,57,48,
2007,TS,16,184,463,BAR,PBKE,"GRIMAU, ROGER",FTM,Free Throw In,1,-1,-1, ,,,,34,07:00,57,49,
2007,TS,16,184,464,CSK,PJMM,"SISKAUSKAS, RAMUNAS",3FGM,Three Pointer,3,-520,428,J,,,,34,07:00,60,49,
2007,TS,16,184,467,BAR,PBOD,"KASUN, MARIO",2FGM,Two Pointer,2,-79,125,D,,,,35,06:00,60,51,
2007,TS,16,184,468,CSK,PATW,"PAPALOUKAS, THEODOROS",2FGM,Two Pointer,2,-53,5,D,,,,35,06:00,62,51,
2007,TS,16,184,473,CSK,PATW,"PAPALOUKAS, THEODOROS",FTM,Free Throw In,1,-1,-1, ,,,,35,06:00,63,51,
2007,TS,16,184,477,BAR,PBOD,"KASUN, MARIO",FTM,Free Throw In,1,-1,-1, ,,,,35,06:00,63,52,
2007,TS,16,184,480,CSK,PBEB,"LANGDON, TRAJAN",3FGA,Missed Three Pointer,0,0,658,J,,,,35,06:00,63,52,
2007,TS,16,184,483,BAR,PBOD,"KASUN, MARIO",2FGA,Missed Two Pointer,0,-64,25,D,,,,36,05:00,63,52,
2007,TS,16,184,489,CSK,PAKT,"ANDERSEN, DAVID",FTM,Free Throw In,1,-1,-1, ,,,,36,05:00,64,52,
2007,TS,16,184,490,CSK,PAKT,"ANDERSEN, DAVID",FTM,Free Throw In,1,-1,-1, ,,,,36,05:00,65,52,
2007,TS,16,184,496,BAR,PADS,"BASILE, GIANLUCA",3FGA,Missed Three Pointer,0,-369,571,J,,,,37,04:00,65,52,
2007,TS,16,184,507,CSK,PAKT,"ANDERSEN, DAVID",FTM,Free Throw In,1,-1,-1, ,,,,37,04:00,66,52,
2007,TS,16,184,508,CSK,PAKT,"ANDERSEN, DAVID",FTM,Free Throw In,1,-1,-1, ,,,,37,04:00,67,52,
2007,TS,16,184,511,BAR,PLGC,"ACKER, ALEX",2FGM,Two Pointer,2,-184,41,D,,,,37,04:00,67,54,
2007,TS,16,184,512,CSK,PBCQ,"KHRYAPA, VICTOR",3FGM,Three Pointer,3,648,-64,A,,,,37,04:00,70,54,
2007,TS,16,184,515,BAR,PAZU,"SANCHEZ, PEPE",3FGA,Missed Three Pointer,0,553,366,A,,,,38,03:00,70,54,
2007,TS,16,184,522,BAR,PAZU,"SANCHEZ, PEPE",FTM,Free Throw In,1,-1,-1, ,,,,38,03:00,70,55,
2007,TS,16,184,533,CSK,PAUC,"GOREE, MARCUS",2FGM,Two Pointer,2,479,197,B,,,,39,02:00,72,55,
2007,TS,16,184,535,BAR,PLGC,"ACKER, ALEX",3FGA,Missed Three Pointer,0,643,202,A,,,,39,02:00,72,55,
2007,TS,16,184,538,CSK,PATW,"PAPALOUKAS, THEODOROS",3FGA,Missed Three Pointer,0,174,633,G,,,,40,01:00,72,55,
2007,TS,16,184,540,BAR,PLGC,"ACKER, ALEX",3FGA,Missed Three Pointer,0,-276,605,J,,,,40,01:00,72,55,
2007,TS,16,184,542,CSK,PBEB,"LANGDON, TRAJAN",2FGA,Missed Two Pointer,0,-64,-2,D,,,,40,01:00,72,55,
2007,TS,16,184,544,CSK,PBCQ,"KHRYAPA, VICTOR",2FGA,Missed Two Pointer,0,-69,-12,D,,,,40,01:00,72,55,
2007,TS,16,184,548,CSK,PATW,"PAPALOUKAS, THEODOROS",3FGA,Missed Three Pointer,0,-669,835,J,,,,40,01:00,72,55,
2007,TS,17,185,3,SIE,PCQO,"EZE, BENJAMIN",3FGA,Missed Three Pointer,0,-12,666,J,,,,1,10:00,0,0,
2007,TS,17,185,13,PAN,PJUO,"SPANOULIS, VASSILIS",3FGM,Three Pointer,3,-697,-48,F,,,,2,09:00,0,3,
2007,TS,17,185,15,SIE,PJOC,"STONEROOK, SHAUN",3FGM,Three Pointer,3,-433,523,J,,,,2,09:00,3,3,
2007,TS,17,185,17,PAN,PAJV,"BATISTE, MICHAEL",2FGM,Two Pointer,2,117,135,C,,,,2,09:00,3,5,
2007,TS,17,185,23,PAN,PAJV,"BATISTE, MICHAEL",2FGM,Two Pointer,2,-7,176,D,,,,3,08:00,3,7,
2007,TS,17,185,25,SIE,PLMO,"SATO, ROMAIN",2FGA,Missed Two Pointer,0,25,189,C,,,,3,08:00,3,7,
2007,TS,17,185,30,PAN,PTFY,"WINSTON, KENNEDY",2FGM,Two Pointer,2,51,7,C,,,,4,07:00,3,9,
2007,TS,17,185,32,SIE,PCCA,"THORNTON, BOOTSY",2FGM,Two Pointer,2,-28,89,D,,,,4,07:00,5,9,
2007,TS,17,185,37,SIE,PCCA,"THORNTON, BOOTSY",3FGM,Three Pointer,3,489,443,G,,,,4,07:00,8,9,
2007,TS,17,185,40,PAN,PJUO,"SPANOULIS, VASSILIS",2FGAB,Missed Two Pointer,0,-156,41,D,,,,5,06:00,8,9,
2007,TS,17,185,44,SIE,PLMO,"SATO, ROMAIN",2FGM,Two Pointer,2,-48,33,D,,,,5,06:00,10,9,
2007,TS,17,185,52,SIE,PLMO,"SATO, ROMAIN",3FGM,Three Pointer,3,664,-56,A,,,,6,05:00,13,9,
2007,TS,17,185,54,PAN,PTFY,"WINSTON, KENNEDY",2FGM,Two Pointer,2,-5,82,D,,,,6,05:00,13,11,
2007,TS,17,185,56,SIE,PCCA,"THORNTON, BOOTSY",3FGA,Missed Three Pointer,0,517,438,G,,,,7,04:00,13,11,
2007,TS,17,185,58,PAN,PBCS,"HATZIVRETTAS, NIKOS",3FGA,Missed Three Pointer,0,-402,564,J,,,,7,04:00,13,11,
2007,TS,17,185,60,SIE,PCCA,"THORNTON, BOOTSY",2FGM,Two Pointer,2,66,-5,C,,,,7,04:00,15,11,
2007,TS,17,185,62,PAN,PBCS,"HATZIVRETTAS, NIKOS",3FGA,Missed Three Pointer,0,-302,617,J,,,,8,03:00,15,11,
2007,TS,17,185,64,PAN,PAJV,"BATISTE, MICHAEL",2FGM,Two Pointer,2,23,51,C,,,,8,03:00,15,13,
2007,TS,17,185,66,SIE,PKWI,"MCINTYRE, TERRELL",3FGM,Three Pointer,3,476,494,G,,,,8,03:00,18,13,
2007,TS,17,185,78,SIE,PKWI,"MCINTYRE, TERRELL",FTM,Free Throw In,1,-1,-1, ,,,,8,03:00,19,13,
2007,TS,17,185,79,PAN,PAJV,"BATISTE, MICHAEL",2FGM,Two Pointer,2,-41,-2,D,,,,8,03:00,19,15,
2007,TS,17,185,82,SIE,P000754,"DIENER, DRAKE",3FGM,Three Pointer,3,669,-79,A,,,,9,02:00,22,15,
2007,TS,17,185,88,PAN,PADG,"JASIKEVICIUS, SARUNAS",2FGM,Two Pointer,2,-223,71,D,,,,9,02:00,22,17,
2007,TS,17,185,91,SIE,PCQO,"EZE, BENJAMIN",2FGAB,Missed Two Pointer,0,-51,7,D,,,,10,01:00,22,17,
2007,TS,17,185,97,PAN,PABB,"DIKOUDIS, DEMOS",2FGM,Two Pointer,2,-7,110,D,,,,10,01:00,22,19,
2007,TS,17,185,99,SIE,PKWI,"MCINTYRE, TERRELL",3FGA,Missed Three Pointer,0,-12,671,J,,,,10,01:00,22,19,
2007,TS,17,185,101,SIE,P000754,"DIENER, DRAKE",2FGA,Missed Two Pointer,0,248,243,B,,,,10,01:00,22,19,
2007,TS,17,185,112,PAN,PABB,"DIKOUDIS, DEMOS",2FGA,Missed Two Pointer,0,79,-2,C,,,,11,10:00,22,19,
2007,TS,17,185,116,PAN,PBXE,"ZIZIC, ANDRIJA",2FGM,Two Pointer,2,-317,48,E,,,,11,10:00,22,21,
2007,TS,17,185,127,PAN,PJKO,"DIAMANTIDIS, DIMITRIS",FTM,Free Throw In,1,-1,-1, ,,,,12,09:00,22,22,
2007,TS,17,185,128,PAN,PJKO,"DIAMANTIDIS, DIMITRIS",FTM,Free Throw In,1,-1,-1, ,,,,12,09:00,22,23,
2007,TS,17,185,133,SIE,PCCA,"THORNTON, BOOTSY",FTM,Free Throw In,1,-1,-1, ,,,,12,09:00,23,23,
2007,TS,17,185,134,SIE,PCCA,"THORNTON, BOOTSY",FTM,Free Throw In,1,-1,-1, ,,,,12,09:00,24,23,
2007,TS,17,185,136,PAN,PADG,"JASIKEVICIUS, SARUNAS",2FGM,Two Pointer,2,184,117,C,,,,13,08:00,24,25,
2007,TS,17,185,141,SIE,PCCA,"THORNTON, BOOTSY",2FGA,Missed Two Pointer,0,310,-28,B,,,,13,08:00,24,25,
2007,TS,17,185,143,PAN,PABB,"DIKOUDIS, DEMOS",2FGA,Missed Two Pointer,0,-84,23,D,,,,13,08:00,24,25,
2007,TS,17,185,146,SIE,PBLH,"LAVRINOVIC, KSISTOF",2FGM,Two Pointer,2,20,71,C,,,,14,07:00,26,25,
2007,TS,17,185,153,SIE,PAPS,"ILIEVSKI, VLADO",3FGA,Missed Three Pointer,0,-705,2,F,,,,14,07:00,26,25,
2007,TS,17,185,157,SIE,PCCA,"THORNTON, BOOTSY",2FGM,Two Pointer,2,-15,58,D,,,,14,07:00,28,25,
2007,TS,17,185,160,PAN,PAGG,"BECIROVIC, SANI",2FGM,Two Pointer,2,-128,46,D,,,,15,06:00,28,27,
2007,TS,17,185,161,SIE,PCCA,"THORNTON, BOOTSY",2FGA,Missed Two Pointer,0,292,10,B,,,,15,06:00,28,27,
2007,TS,17,185,171,PAN,PAGG,"BECIROVIC, SANI",FTM,Free Throw In,1,-1,-1, ,,,,15,06:00,28,28,
2007,TS,17,185,172,PAN,PAGG,"BECIROVIC, SANI",FTM,Free Throw In,1,-1,-1, ,,,,15,06:00,28,29,
2007,TS,17,185,173,SIE,PAPS,"ILIEVSKI, VLADO",2FGA,Missed Two Pointer,0,315,0,B,,,,15,06:00,28,29,
2007,TS,17,185,175,SIE,PBLH,"LAVRINOVIC, KSISTOF",3FGM,Three Pointer,3,482,451,G,,,,15,06:00,31,29,
2007,TS,17,185,178,PAN,PBXE,"ZIZIC, ANDRIJA",2FGM,Two Pointer,2,130,100,C,,,,16,05:00,31,31,
2007,TS,17,185,180,SIE,PAPS,"ILIEVSKI, VLADO",2FGA,Missed Two Pointer,0,87,15,C,,,,16,05:00,31,31,
2007,TS,17,185,182,SIE,PBLH,"LAVRINOVIC, KSISTOF",3FGA,Missed Three Pointer,0,-169,671,J,,,,16,05:00,31,31,
2007,TS,17,185,184,SIE,PLMO,"SATO, ROMAIN",2FGM,Two Pointer,2,66,-5,C,,,,16,05:00,33,31,
2007,TS,17,185,193,SIE,PKWI,"MCINTYRE, TERRELL",3FGA,Missed Three Pointer,0,-417,589,J,,,,17,04:00,33,31,
2007,TS,17,185,202,PAN,PJUO,"SPANOULIS, VASSILIS",FTM,Free Throw In,1,-1,-1, ,,,,17,04:00,33,32,
2007,TS,17,185,215,SIE,PJHL,"RESS, TOMAS",3FGM,Three Pointer,3,564,389,A,,,,18,03:00,36,32,
2007,TS,17,185,219,SIE,PKWI,"MCINTYRE, TERRELL",3FGM,Three Pointer,3,125,661,G,,,,18,03:00,39,32,
2007,TS,17,185,224,PAN,PJKO,"DIAMANTIDIS, DIMITRIS",3FGM,Three Pointer,3,38,674,G,,,,19,02:00,39,35,
2007,TS,17,185,229,SIE,PLMO,"SATO, ROMAIN",FTM,Free Throw In,1,-1,-1, ,,,,19,02:00,40,35,
2007,TS,17,185,230,SIE,PLMO,"SATO, ROMAIN",FTM,Free Throw In,1,-1,-1, ,,,,19,02:00,41,35,
2007,TS,17,185,231,PAN,PJUO,"SPANOULIS, VASSILIS",3FGA,Missed Three Pointer,0,-697,-51,F,,,,19,02:00,41,35,
2007,TS,17,185,233,PAN,PADG,"JASIKEVICIUS, SARUNAS",3FGM,Three Pointer,3,-487,479,J,,,,19,02:00,41,38,
2007,TS,17,185,236,SIE,PCCA,"THORNTON, BOOTSY",3FGA,Missed Three Pointer,0,476,453,G,,,,20,01:00,41,38,
2007,TS,17,185,242,PAN,PJKO,"DIAMANTIDIS, DIMITRIS",FTM,Free Throw In,1,-1,-1, ,,,,20,01:00,41,39,
2007,TS,17,185,243,PAN,PJKO,"DIAMANTIDIS, DIMITRIS",FTM,Free Throw In,1,-1,-1, ,,,,20,01:00,41,40,
2007,TS,17,185,248,SIE,PAPS,"ILIEVSKI, VLADO",FTM,Free Throw In,1,-1,-1, ,,,,20,01:00,42,40,
2007,TS,17,185,249,SIE,PAPS,"ILIEVSKI, VLADO",FTM,Free Throw In,1,-1,-1, ,,,,20,01:00,43,40,
2007,TS,17,185,250,PAN,PAJV,"BATISTE, MICHAEL",3FGA,Missed Three Pointer,0,515,435,G,,,,20,01:00,43,40,
2007,TS,17,185,260,SIE,PLMO,"SATO, ROMAIN",3FGA,Missed Three Pointer,0,-710,-35,F,,,,21,10:00,43,40,
2007,TS,17,185,264,SIE,PCCA,"THORNTON, BOOTSY",2FGM,Two Pointer,2,94,20,C,,,,21,10:00,45,40,
2007,TS,17,185,267,PAN,PJKO,"DIAMANTIDIS, DIMITRIS",2FGM,Two Pointer,2,135,76,C,,,,22,09:00,45,42,
2007,TS,17,185,270,SIE,PCCA,"THORNTON, BOOTSY",FTM,Free Throw In,1,-1,-1, ,,,,22,09:00,46,42,
2007,TS,17,185,271,SIE,PCCA,"THORNTON, BOOTSY",FTM,Free Throw In,1,-1,-1, ,,,,22,09:00,47,42,
2007,TS,17,185,273,PAN,PABB,"DIKOUDIS, DEMOS",3FGA,Missed Three Pointer,0,-82,679,J,,,,23,08:00,47,42,
2007,TS,17,185,279,SIE,PCCA,"THORNTON, BOOTSY",FTM,Free Throw In,1,-1,-1, ,,,,23,08:00,48,42,
2007,TS,17,185,280,SIE,PCCA,"THORNTON, BOOTSY",FTM,Free Throw In,1,-1,-1, ,,,,23,08:00,49,42,
2007,TS,17,185,286,SIE,PJOC,"STONEROOK, SHAUN",FTM,Free Throw In,1,-1,-1, ,,,,23,08:00,50,42,
2007,TS,17,185,287,PAN,PABB,"DIKOUDIS, DEMOS",2FGA,Missed Two Pointer,0,-210,158,D,,,,23,08:00,50,42,
2007,TS,17,185,289,SIE,PCQO,"EZE, BENJAMIN",2FGAB,Missed Two Pointer,0,-51,207,D,,,,23,08:00,50,42,
2007,TS,17,185,292,PAN,PJUO,"SPANOULIS, VASSILIS",2FGAB,Missed Two Pointer,0,-192,158,D,,,,23,08:00,50,42,
2007,TS,17,185,295,SIE,PKWI,"MCINTYRE, TERRELL",3FGM,Three Pointer,3,79,674,G,,,,23,08:00,53,42,
2007,TS,17,185,302,SIE,PKWI,"MCINTYRE, TERRELL",2FGA,Missed Two Pointer,0,-20,258,D,,,,24,07:00,53,42,
2007,TS,17,185,304,PAN,PAGG,"BECIROVIC, SANI",2FGA,Missed Two Pointer,0,-489,310,E,,,,24,07:00,53,42,
2007,TS,17,185,306,PAN,PJKO,"DIAMANTIDIS, DIMITRIS",2FGM,Two Pointer,2,10,79,C,,,,24,07:00,53,44,
2007,TS,17,185,310,PAN,PADG,"JASIKEVICIUS, SARUNAS",3FGM,Three Pointer,3,374,551,G,,,,25,06:00,53,47,
2007,TS,17,185,312,SIE,PCCA,"THORNTON, BOOTSY",3FGM,Three Pointer,3,556,361,A,,,,25,06:00,56,47,
2007,TS,17,185,317,PAN,PAJV,"BATISTE, MICHAEL",FTM,Free Throw In,1,-1,-1, ,,,,26,05:00,56,48,
2007,TS,17,185,318,PAN,PAJV,"BATISTE, MICHAEL",FTM,Free Throw In,1,-1,-1, ,,,,26,05:00,56,49,
2007,TS,17,185,327,SIE,PLMO,"SATO, ROMAIN",2FGM,Two Pointer,2,430,51,B,,,,27,04:00,58,49,
2007,TS,17,185,328,PAN,PAJV,"BATISTE, MICHAEL",2FGM,Two Pointer,2,2,7,D,,,,27,04:00,58,51,
2007,TS,17,185,331,SIE,PCQO,"EZE, BENJAMIN",2FGM,Two Pointer,2,-53,10,D,,,,28,03:00,60,51,
2007,TS,17,185,333,PAN,PAJV,"BATISTE, MICHAEL",2FGM,Two Pointer,2,20,143,C,,,,28,03:00,60,53,
2007,TS,17,185,335,SIE,PKWI,"MCINTYRE, TERRELL",3FGM,Three Pointer,3,7,679,G,,,,28,03:00,63,53,
2007,TS,17,185,338,PAN,PJKO,"DIAMANTIDIS, DIMITRIS",3FGA,Missed Three Pointer,0,679,69,A,,,,29,02:00,63,53,
2007,TS,17,185,342,SIE,PKWI,"MCINTYRE, TERRELL",2FGA,Missed Two Pointer,0,-102,41,D,,,,29,02:00,63,53,
2007,TS,17,185,352,PAN,PADG,"JASIKEVICIUS, SARUNAS",FTM,Free Throw In,1,-1,-1, ,,,,29,02:00,63,54,
2007,TS,17,185,353,PAN,PADG,"JASIKEVICIUS, SARUNAS",FTM,Free Throw In,1,-1,-1, ,,,,29,02:00,63,55,
2007,TS,17,185,359,SIE,PCQO,"EZE, BENJAMIN",2FGM,Two Pointer,2,-184,56,D,,,,30,01:00,65,55,
2007,TS,17,185,360,PAN,PADG,"JASIKEVICIUS, SARUNAS",2FGM,Two Pointer,2,-179,66,D,,,,30,01:00,65,57,
2007,TS,17,185,361,SIE,PLMO,"SATO, ROMAIN",2FGA,Missed Two Pointer,0,7,297,C,,,,30,01:00,65,57,
2007,TS,17,185,367,PAN,PBXE,"ZIZIC, ANDRIJA",2FGM,Two Pointer,2,-156,105,D,,,,30,01:00,65,59,
2007,TS,17,185,373,PAN,PJKO,"DIAMANTIDIS, DIMITRIS",3FGM,Three Pointer,3,-689,-92,F,,,,31,10:00,65,62,
2007,TS,17,185,377,SIE,PCQO,"EZE, BENJAMIN",2FGM,Two Pointer,2,82,20,C,,,,31,10:00,67,62,
2007,TS,17,185,379,PAN,PAGG,"BECIROVIC, SANI",2FGM,Two Pointer,2,-87,5,D,,,,32,09:00,67,64,
2007,TS,17,185,389,PAN,PJUO,"SPANOULIS, VASSILIS",3FGA,Missed Three Pointer,0,679,-5,A,,,,32,09:00,67,64,
2007,TS,17,185,391,PAN,PADG,"JASIKEVICIUS, SARUNAS",3FGA,Missed Three Pointer,0,-656,-46,F,,,,32,09:00,67,64,
2007,TS,17,185,394,SIE,PCCA,"THORNTON, BOOTSY",3FGM,Three Pointer,3,674,20,A,,,,33,08:00,70,64,
2007,TS,17,185,404,SIE,PAPS,"ILIEVSKI, VLADO",2FGM,Two Pointer,2,105,56,C,,,,33,08:00,72,64,
2007,TS,17,185,414,PAN,PAJV,"BATISTE, MICHAEL",2FGM,Two Pointer,2,74,138,C,,,,34,07:00,72,66,
2007,TS,17,185,417,SIE,PAPS,"ILIEVSKI, VLADO",2FGA,Missed Two Pointer,0,-417,264,E,,,,34,07:00,72,66,
2007,TS,17,185,424,PAN,PAJV,"BATISTE, MICHAEL",FTM,Free Throw In,1,-1,-1, ,,,,35,06:00,72,67,
2007,TS,17,185,425,PAN,PAJV,"BATISTE, MICHAEL",FTM,Free Throw In,1,-1,-1, ,,,,35,06:00,72,68,
2007,TS,17,185,426,SIE,PJOC,"STONEROOK, SHAUN",3FGA,Missed Three Pointer,0,-274,633,J,,,,35,06:00,72,68,
2007,TS,17,185,434,SIE,PJOC,"STONEROOK, SHAUN",3FGM,Three Pointer,3,669,-17,A,,,,36,05:00,75,68,
2007,TS,17,185,438,PAN,PAGG,"BECIROVIC, SANI",2FGAB,Missed Two Pointer,0,-271,135,E,,,,36,05:00,75,68,
2007,TS,17,185,442,SIE,PJOC,"STONEROOK, SHAUN",3FGM,Three Pointer,3,-671,202,F,,,,36,05:00,78,68,
2007,TS,17,185,450,SIE,PKWI,"MCINTYRE, TERRELL",3FGA,Missed Three Pointer,0,-53,689,J,,,,37,04:00,78,68,
2007,TS,17,185,456,PAN,PJUO,"SPANOULIS, VASSILIS",2FGAB,Missed Two Pointer,0,-187,82,D,,,,37,04:00,78,68,
2007,TS,17,185,467,PAN,PAJV,"BATISTE, MICHAEL",FTM,Free Throw In,1,-1,-1, ,,,,38,03:00,78,69,
2007,TS,17,185,468,PAN,PAJV,"BATISTE, MICHAEL",FTM,Free Throw In,1,-1,-1, ,,,,38,03:00,78,70,
2007,TS,17,185,469,SIE,PBLH,"LAVRINOVIC, KSISTOF",2FGM,Two Pointer,2,84,23,C,,,,38,03:00,80,70,
2007,TS,17,185,471,PAN,PADG,"JASIKEVICIUS, SARUNAS",2FGM,Two Pointer,2,-153,258,D,,,,38,03:00,80,72,
2007,TS,17,185,473,SIE,PAPS,"ILIEVSKI, VLADO",2FGA,Missed Two Pointer,0,112,41,C,,,,39,02:00,80,72,
2007,TS,17,185,475,SIE,PAPS,"ILIEVSKI, VLADO",2FGA,Missed Two Pointer,0,100,51,C,,,,39,02:00,80,72,
2007,TS,17,185,481,SIE,PAPS,"ILIEVSKI, VLADO",FTM,Free Throw In,1,-1,-1, ,,,,39,02:00,81,72,
2007,TS,17,185,482,SIE,PAPS,"ILIEVSKI, VLADO",FTM,Free Throw In,1,-1,-1, ,,,,39,02:00,82,72,
2007,TS,17,185,483,PAN,PJUO,"SPANOULIS, VASSILIS",3FGA,Missed Three Pointer,0,682,79,A,,,,39,02:00,82,72,
2007,TS,17,185,485,SIE,PCCA,"THORNTON, BOOTSY",3FGA,Missed Three Pointer,0,-697,176,F,,,,39,02:00,82,72,
2007,TS,17,185,487,SIE,PCQO,"EZE, BENJAMIN",2FGA,Missed Two Pointer,0,-94,38,D,,,,39,02:00,82,72,
2007,TS,17,185,497,PAN,PJKO,"DIAMANTIDIS, DIMITRIS",3FGM,Three Pointer,3,-687,-43,F,,,,40,01:00,82,75,
2007,TS,17,185,502,SIE,PAPS,"ILIEVSKI, VLADO",FTM,Free Throw In,1,-1,-1, ,,,,40,01:00,83,75,
2007,TS,17,185,503,SIE,PAPS,"ILIEVSKI, VLADO",FTM,Free Throw In,1,-1,-1, ,,,,40,01:00,84,75,
2007,TS,17,185,506,PAN,PADG,"JASIKEVICIUS, SARUNAS",2FGA,Missed Two Pointer,0,-176,53,D,,,,40,01:00,84,75,
2007,TS,17,186,2,PAR,PBFE,"KECMAN, DUSAN",3FGM,Three Pointer,3,2,653,G,,,,1,10:00,3,0,
2007,TS,17,186,4,IST,PBXD,"PENN, JAMES",3FGA,Missed Three Pointer,0,-451,479,J,,,,1,10:00,3,0,
2007,TS,17,186,8,IST,PAWN,"GONLUM, KEREM",2FGA,Missed Two Pointer,0,-115,58,D,,,,2,09:00,3,0,
2007,TS,17,186,10,PAR,PBFB,"TRIPKOVIC, UROS",2FGA,Missed Two Pointer,0,-41,225,D,,,,2,09:00,3,0,
2007,TS,17,186,12,PAR,PBGJ,"VRANES, SLAVKO",2FGA,Missed Two Pointer,0,30,84,C,,,,2,09:00,3,0,
2007,TS,17,186,14,PAR,PBGJ,"VRANES, SLAVKO",2FGM,Two Pointer,2,53,17,C,,,,2,09:00,5,0,
2007,TS,17,186,15,IST,PBKM,"KUQO, ERMAL",2FGM,Two Pointer,2,-87,17,D,,,,2,09:00,5,2,
2007,TS,17,186,17,PAR,PTGU,"PALACIO, MILT",3FGM,Three Pointer,3,-76,643,J,,,,3,08:00,8,2,
2007,TS,17,186,19,IST,PKOJ,"GREGORY, KENNY",3FGM,Three Pointer,3,5,651,G,,,,3,08:00,8,5,
2007,TS,17,186,21,PAR,PTGU,"PALACIO, MILT",2FGM,Two Pointer,2,53,66,C,,,,3,08:00,10,5,
2007,TS,17,186,22,IST,PAWN,"GONLUM, KEREM",2FGM,Two Pointer,2,-74,30,D,,,,3,08:00,10,7,
2007,TS,17,186,25,PAR,PBGJ,"VRANES, SLAVKO",2FGM,Two Pointer,2,-115,46,D,,,,4,07:00,12,7,
2007,TS,17,186,27,IST,PAWN,"GONLUM, KEREM",3FGA,Missed Three Pointer,0,148,635,G,,,,4,07:00,12,7,
2007,TS,17,186,29,PAR,PJNN,"VELICKOVIC, NOVICA",3FGM,Three Pointer,3,-56,656,J,,,,4,07:00,15,7,
2007,TS,17,186,31,IST,PKOJ,"GREGORY, KENNY",2FGA,Missed Two Pointer,0,251,535,H,,,,4,07:00,15,7,
2007,TS,17,186,34,PAR,PJNN,"VELICKOVIC, NOVICA",3FGA,Missed Three Pointer,0,-392,517,J,,,,5,06:00,15,7,
2007,TS,17,186,38,IST,PAWN,"GONLUM, KEREM",FTM,Free Throw In,1,-1,-1, ,,,,5,06:00,15,8,
2007,TS,17,186,41,PAR,PTGU,"PALACIO, MILT",3FGA,Missed Three Pointer,0,643,84,A,,,,5,06:00,15,8,
2007,TS,17,186,43,IST,PBXD,"PENN, JAMES",2FGM,Two Pointer,2,-61,548,I,,,,5,06:00,15,10,
2007,TS,17,186,45,PAR,PBFB,"TRIPKOVIC, UROS",2FGA,Missed Two Pointer,0,-374,471,I,,,,6,05:00,15,10,
2007,TS,17,186,47,IST,PKOJ,"GREGORY, KENNY",2FGA,Missed Two Pointer,0,-64,53,D,,,,6,05:00,15,10,
2007,TS,17,186,49,IST,PKOJ,"GREGORY, KENNY",2FGM,Two Pointer,2,56,25,C,,,,6,05:00,15,12,
2007,TS,17,186,51,PAR,PBFE,"KECMAN, DUSAN",3FGA,Missed Three Pointer,0,-505,417,F,,,,6,05:00,15,12,
2007,TS,17,186,54,IST,PBXD,"PENN, JAMES",2FGA,Missed Two Pointer,0,528,56,B,,,,7,04:00,15,12,
2007,TS,17,186,56,PAR,PTGU,"PALACIO, MILT",2FGA,Missed Two Pointer,0,-74,58,D,,,,7,04:00,15,12,
2007,TS,17,186,65,IST,PAWN,"GONLUM, KEREM",2FGA,Missed Two Pointer,0,-12,74,D,,,,7,04:00,15,12,
2007,TS,17,186,72,PAR,PKNN,"PEKOVIC, NIKOLA",2FGM,Two Pointer,2,-176,48,D,,,,8,03:00,17,12,
2007,TS,17,186,73,IST,PBKM,"KUQO, ERMAL",3FGM,Three Pointer,3,10,651,G,,,,8,03:00,17,15,
2007,TS,17,186,75,PAR,PKNN,"PEKOVIC, NIKOLA",2FGA,Missed Two Pointer,0,79,105,C,,,,8,03:00,17,15,
2007,TS,17,186,77,IST,PBXD,"PENN, JAMES",2FGA,Missed Two Pointer,0,-110,69,D,,,,8,03:00,17,15,
2007,TS,17,186,79,PAR,PTGU,"PALACIO, MILT",3FGA,Missed Three Pointer,0,384,530,G,,,,8,03:00,17,15,
2007,TS,17,186,82,IST,PAWH,"ABI, MUSTAFA",2FGA,Missed Two Pointer,0,-7,84,D,,,,9,02:00,17,15,
2007,TS,17,186,86,IST,PAWN,"GONLUM, KEREM",2FGM,Two Pointer,2,-2,69,D,,,,9,02:00,17,17,
2007,TS,17,186,88,PAR,PBXO,"VITKOVAC, CEDOMIR",2FGM,Two Pointer,2,7,69,C,,,,9,02:00,19,17,
2007,TS,17,186,90,IST,PAWH,"ABI, MUSTAFA",2FGA,Missed Two Pointer,0,-71,184,D,,,,10,01:00,19,17,
2007,TS,17,186,92,IST,PAWN,"GONLUM, KEREM",2FGA,Missed Two Pointer,0,10,69,C,,,,10,01:00,19,17,
2007,TS,17,186,103,PAR,PLGH,"TEPIC, MILENKO",3FGA,Missed Three Pointer,0,648,66,A,,,,10,01:00,19,17,
2007,TS,17,186,109,IST,PARN,"ARSLAN, ENDER",3FGM,Three Pointer,3,651,61,A,,,,10,01:00,19,20,
2007,TS,17,186,118,IST,PBKM,"KUQO, ERMAL",2FGA,Missed Two Pointer,0,69,510,H,,,,11,10:00,19,20,
2007,TS,17,186,119,PAR,PBXO,"VITKOVAC, CEDOMIR",3FGM,Three Pointer,3,646,74,A,,,,11,10:00,22,20,
2007,TS,17,186,122,IST,PBKM,"KUQO, ERMAL",3FGM,Three Pointer,3,-92,651,J,,,,12,09:00,22,23,
2007,TS,17,186,124,PAR,PKNN,"PEKOVIC, NIKOLA",2FGM,Two Pointer,2,0,7,D,,,,12,09:00,24,23,
2007,TS,17,186,126,IST,PARN,"ARSLAN, ENDER",2FGA,Missed Two Pointer,0,-307,351,E,,,,12,09:00,24,23,
2007,TS,17,186,128,PAR,PBXO,"VITKOVAC, CEDOMIR",2FGA,Missed Two Pointer,0,64,105,C,,,,12,09:00,24,23,
2007,TS,17,186,131,PAR,PJJY,"BOZIC, PETAR",3FGA,Missed Three Pointer,0,533,374,A,,,,13,08:00,24,23,
2007,TS,17,186,141,PAR,PJNL,"BOROVNJAK, DEJAN",FTM,Free Throw In,1,-1,-1, ,,,,13,08:00,25,23,
2007,TS,17,186,144,IST,PBXD,"PENN, JAMES",2FGA,Missed Two Pointer,0,556,30,B,,,,13,08:00,25,23,
2007,TS,17,186,146,PAR,PKNN,"PEKOVIC, NIKOLA",2FGM,Two Pointer,2,92,35,C,,,,13,08:00,27,23,
2007,TS,17,186,149,IST,PLIM,"HERSEK, BARIS",3FGA,Missed Three Pointer,0,-648,71,F,,,,14,07:00,27,23,
2007,TS,17,186,151,PAR,PLGH,"TEPIC, MILENKO",3FGM,Three Pointer,3,-125,641,J,,,,14,07:00,30,23,
2007,TS,17,186,155,IST,PKOJ,"GREGORY, KENNY",3FGM,Three Pointer,3,-425,487,J,,,,14,07:00,30,26,
2007,TS,17,186,157,PAR,PBXO,"VITKOVAC, CEDOMIR",2FGA,Missed Two Pointer,0,-402,71,E,,,,15,06:00,30,26,
2007,TS,17,186,164,PAR,PJNL,"BOROVNJAK, DEJAN",2FGAB,Missed Two Pointer,0,82,84,C,,,,15,06:00,30,26,
2007,TS,17,186,167,PAR,PKNN,"PEKOVIC, NIKOLA",2FGM,Two Pointer,2,-5,2,D,,,,15,06:00,32,26,
2007,TS,17,186,169,IST,PBXD,"PENN, JAMES",2FGM,Two Pointer,2,58,46,C,,,,15,06:00,32,28,
2007,TS,17,186,193,IST,PBXD,"PENN, JAMES",3FGA,Missed Three Pointer,0,535,361,A,,,,17,04:00,32,28,
2007,TS,17,186,195,PAR,PJNN,"VELICKOVIC, NOVICA",2FGA,Missed Two Pointer,0,-48,66,D,,,,17,04:00,32,28,
2007,TS,17,186,200,PAR,PLGH,"TEPIC, MILENKO",FTM,Free Throw In,1,-1,-1, ,,,,17,04:00,33,28,
2007,TS,17,186,204,IST,PARN,"ARSLAN, ENDER",3FGA,Missed Three Pointer,0,-100,643,J,,,,18,03:00,33,28,
2007,TS,17,186,205,PAR,PBGJ,"VRANES, SLAVKO",2FGA,Missed Two Pointer,0,69,5,C,,,,18,03:00,33,28,
2007,TS,17,186,207,PAR,PLGH,"TEPIC, MILENKO",2FGM,Two Pointer,2,-517,87,E,,,,18,03:00,35,28,
2007,TS,17,186,217,PAR,PJNN,"VELICKOVIC, NOVICA",2FGM,Two Pointer,2,-71,25,D,,,,19,02:00,37,28,
2007,TS,17,186,224,IST,PAWN,"GONLUM, KEREM",2FGA,Missed Two Pointer,0,164,564,H,,,,19,02:00,37,28,
2007,TS,17,186,226,PAR,PKNN,"PEKOVIC, NIKOLA",2FGM,Two Pointer,2,0,-2,D,,,,19,02:00,39,28,
2007,TS,17,186,229,IST,PKOJ,"GREGORY, KENNY",3FGA,Missed Three Pointer,0,-415,635,J,,,,20,01:00,39,28,
2007,TS,17,186,238,IST,PBKM,"KUQO, ERMAL",3FGA,Missed Three Pointer,0,564,328,A,,,,20,01:00,39,28,
2007,TS,17,186,251,PAR,PTGU,"PALACIO, MILT",2FGA,Missed Two Pointer,0,453,35,B,,,,21,10:00,39,28,
2007,TS,17,186,255,PAR,PKNN,"PEKOVIC, NIKOLA",2FGA,Missed Two Pointer,0,-430,110,E,,,,21,10:00,39,28,
2007,TS,17,186,259,IST,PAWH,"ABI, MUSTAFA",2FGAB,Missed Two Pointer,0,-92,89,D,,,,22,09:00,39,28,
2007,TS,17,186,261,IST,PBXD,"PENN, JAMES",3FGA,Missed Three Pointer,0,-294,587,J,,,,22,09:00,39,28,
2007,TS,17,186,263,IST,PKOJ,"GREGORY, KENNY",2FGM,Two Pointer,2,-66,66,D,,,,22,09:00,39,30,
2007,TS,17,186,266,IST,PKOJ,"GREGORY, KENNY",FTM,Free Throw In,1,-1,-1, ,,,,22,09:00,39,31,
2007,TS,17,186,267,PAR,PTGU,"PALACIO, MILT",2FGM,Two Pointer,2,-74,7,D,,,,22,09:00,41,31,
2007,TS,17,186,270,PAR,PTGU,"PALACIO, MILT",FTM,Free Throw In,1,-1,-1, ,,,,22,09:00,42,31,
2007,TS,17,186,275,IST,PBXD,"PENN, JAMES",2FGA,Missed Two Pointer,0,-20,79,D,,,,22,09:00,42,31,
2007,TS,17,186,279,IST,PKOJ,"GREGORY, KENNY",2FGM,Two Pointer,2,-58,48,D,,,,22,09:00,42,33,
2007,TS,17,186,282,PAR,PTGU,"PALACIO, MILT",3FGA,Missed Three Pointer,0,335,558,G,,,,23,08:00,42,33,
2007,TS,17,186,293,PAR,PBXO,"VITKOVAC, CEDOMIR",3FGAB,Missed Three Pointer,0,41,666,G,,,,24,07:00,42,33,
2007,TS,17,186,304,PAR,PJNN,"VELICKOVIC, NOVICA",3FGA,Missed Three Pointer,0,-641,30,F,,,,24,07:00,42,33,
2007,TS,17,186,306,PAR,PKNN,"PEKOVIC, NIKOLA",2FGM,Two Pointer,2,-7,2,D,,,,24,07:00,44,33,
2007,TS,17,186,308,IST,PBKM,"KUQO, ERMAL",2FGM,Two Pointer,2,333,35,B,,,,25,06:00,44,35,
2007,TS,17,186,317,IST,PBKM,"KUQO, ERMAL",FTM,Free Throw In,1,-1,-1, ,,,,25,06:00,44,36,
2007,TS,17,186,319,PAR,PKNN,"PEKOVIC, NIKOLA",2FGM,Two Pointer,2,-128,25,D,,,,26,05:00,46,36,
2007,TS,17,186,320,IST,PAWH,"ABI, MUSTAFA",3FGA,Missed Three Pointer,0,-653,79,F,,,,26,05:00,46,36,
2007,TS,17,186,322,PAR,PTGU,"PALACIO, MILT",2FGM,Two Pointer,2,-23,58,D,,,,26,05:00,48,36,
2007,TS,17,186,328,PAR,PBXO,"VITKOVAC, CEDOMIR",3FGA,Missed Three Pointer,0,-428,515,J,,,,27,04:00,48,36,
2007,TS,17,186,330,PAR,PBFB,"TRIPKOVIC, UROS",3FGA,Missed Three Pointer,0,646,56,A,,,,27,04:00,48,36,
2007,TS,17,186,336,IST,PAWN,"GONLUM, KEREM",FTM,Free Throw In,1,-1,-1, ,,,,27,04:00,48,37,
2007,TS,17,186,339,PAR,PJNL,"BOROVNJAK, DEJAN",2FGM,Two Pointer,2,46,61,C,,,,27,04:00,50,37,
2007,TS,17,186,345,IST,PARN,"ARSLAN, ENDER",FTM,Free Throw In,1,-1,-1, ,,,,28,03:00,50,38,
2007,TS,17,186,346,IST,PARN,"ARSLAN, ENDER",FTM,Free Throw In,1,-1,-1, ,,,,28,03:00,50,39,
2007,TS,17,186,347,PAR,PBGJ,"VRANES, SLAVKO",2FGA,Missed Two Pointer,0,215,53,C,,,,28,03:00,50,39,
2007,TS,17,186,349,IST,PARN,"ARSLAN, ENDER",2FGM,Two Pointer,2,-92,30,D,,,,28,03:00,50,41,
2007,TS,17,186,353,PAR,PTGU,"PALACIO, MILT",2FGM,Two Pointer,2,-87,33,D,,,,28,03:00,52,41,
2007,TS,17,186,356,PAR,PBFB,"TRIPKOVIC, UROS",3FGA,Missed Three Pointer,0,653,51,A,,,,29,02:00,52,41,
2007,TS,17,186,363,IST,PKOJ,"GREGORY, KENNY",FTM,Free Throw In,1,-1,-1, ,,,,30,01:00,52,42,
2007,TS,17,186,373,IST,PAWN,"GONLUM, KEREM",FTM,Free Throw In,1,-1,-1, ,,,,30,01:00,52,43,
2007,TS,17,186,381,PAR,PBFE,"KECMAN, DUSAN",3FGAB,Missed Three Pointer,0,525,402,A,,,,30,01:00,52,43,
2007,TS,17,186,390,IST,PARN,"ARSLAN, ENDER",2FGM,Two Pointer,2,76,35,C,,,,31,10:00,52,45,
2007,TS,17,186,392,PAR,PKNN,"PEKOVIC, NIKOLA",2FGM,Two Pointer,2,-79,25,D,,,,31,10:00,54,45,
2007,TS,17,186,394,IST,PAWN,"GONLUM, KEREM",2FGM,Two Pointer,2,-92,33,D,,,,31,10:00,54,47,
2007,TS,17,186,396,PAR,PLGH,"TEPIC, MILENKO",3FGM,Three Pointer,3,317,566,G,,,,31,10:00,57,47,
2007,TS,17,186,399,IST,PARN,"ARSLAN, ENDER",3FGA,Missed Three Pointer,0,584,438,G,,,,32,09:00,57,47,
2007,TS,17,186,401,PAR,PBFE,"KECMAN, DUSAN",3FGM,Three Pointer,3,307,582,G,,,,32,09:00,60,47,
2007,TS,17,186,404,IST,PBKM,"KUQO, ERMAL",3FGA,Missed Three Pointer,0,-384,566,J,,,,33,08:00,60,47,
2007,TS,17,186,406,PAR,PJJY,"BOZIC, PETAR",2FGM,Two Pointer,2,-41,48,D,,,,33,08:00,62,47,
2007,TS,17,186,412,PAR,PBFE,"KECMAN, DUSAN",3FGA,Missed Three Pointer,0,-10,656,J,,,,33,08:00,62,47,
2007,TS,17,186,419,IST,PLIM,"HERSEK, BARIS",3FGA,Missed Three Pointer,0,7,658,G,,,,34,07:00,62,47,
2007,TS,17,186,424,PAR,PLGH,"TEPIC, MILENKO",2FGA,Missed Two Pointer,0,-176,107,D,,,,34,07:00,62,47,
2007,TS,17,186,426,IST,PBXD,"PENN, JAMES",3FGM,Three Pointer,3,643,74,A,,,,34,07:00,62,50,
2007,TS,17,186,432,PAR,PLGH,"TEPIC, MILENKO",2FGA,Missed Two Pointer,0,2,310,D,,,,35,06:00,62,50,
2007,TS,17,186,434,IST,PBXD,"PENN, JAMES",2FGM,Two Pointer,2,-79,197,D,,,,35,06:00,62,52,
2007,TS,17,186,435,PAR,PBFE,"KECMAN, DUSAN",3FGM,Three Pointer,3,-646,30,F,,,,35,06:00,65,52,
2007,TS,17,186,445,IST,PBKM,"KUQO, ERMAL",2FGM,Two Pointer,2,74,17,C,,,,35,06:00,65,54,
2007,TS,17,186,448,PAR,PBFB,"TRIPKOVIC, UROS",3FGM,Three Pointer,3,643,64,A,,,,36,05:00,68,54,
2007,TS,17,186,450,IST,PBXD,"PENN, JAMES",3FGA,Missed Three Pointer,0,264,605,G,,,,36,05:00,68,54,
2007,TS,17,186,452,PAR,PTGU,"PALACIO, MILT",2FGM,Two Pointer,2,-64,25,D,,,,36,05:00,70,54,
2007,TS,17,186,461,IST,PKOJ,"GREGORY, KENNY",3FGM,Three Pointer,3,492,428,G,,,,37,04:00,70,57,
2007,TS,17,186,462,PAR,PKNN,"PEKOVIC, NIKOLA",2FGM,Two Pointer,2,115,125,C,,,,37,04:00,72,57,
2007,TS,17,186,468,IST,PAWN,"GONLUM, KEREM",2FGM,Two Pointer,2,-117,125,D,,,,38,03:00,72,59,
2007,TS,17,186,469,PAR,PJNN,"VELICKOVIC, NOVICA",2FGM,Two Pointer,2,0,7,D,,,,38,03:00,74,59,
2007,TS,17,186,471,IST,PBXD,"PENN, JAMES",2FGA,Missed Two Pointer,0,-261,530,I,,,,38,03:00,74,59,
2007,TS,17,186,473,PAR,PKNN,"PEKOVIC, NIKOLA",2FGM,Two Pointer,2,-53,538,I,,,,38,03:00,76,59,
2007,TS,17,186,476,IST,PKOJ,"GREGORY, KENNY",2FGM,Two Pointer,2,66,600,H,,,,39,02:00,76,61,
2007,TS,17,186,489,PAR,PBFB,"TRIPKOVIC, UROS",FTM,Free Throw In,1,-1,-1, ,,,,40,01:00,77,61,
2007,TS,17,186,490,PAR,PBFB,"TRIPKOVIC, UROS",FTM,Free Throw In,1,-1,-1, ,,,,40,01:00,78,61,
2007,TS,17,186,491,IST,PBXD,"PENN, JAMES",2FGM,Two Pointer,2,-66,38,D,,,,40,01:00,78,63,
2007,TS,17,186,493,IST,PBXD,"PENN, JAMES",2FGM,Two Pointer,2,-64,28,D,,,,40,01:00,78,65,
2007,TS,17,186,496,PAR,PBXO,"VITKOVAC, CEDOMIR",3FGA,Missed Three Pointer,0,-5,653,J,,,,40,01:00,78,65,
2007,TS,17,187,3,BAS,PBVC,"JASAITIS, SIMAS",3FGA,Missed Three Pointer,0,658,100,A,,,,1,10:00,0,0,
2007,TS,17,187,5,BAS,PAFP,"PLANINIC, ZORAN",2FGA,Missed Two Pointer,0,23,87,C,,,,1,10:00,0,0,
2007,TS,17,187,7,BAS,PJTT,"MCDONALD, WILL",2FGA,Missed Two Pointer,0,-10,289,D,,,,1,10:00,0,0,
2007,TS,17,187,10,ARI,PBDH,"MOTTOLA, HANNO",2FGA,Missed Two Pointer,0,17,371,C,,,,2,09:00,0,0,
2007,TS,17,187,12,BAS,PJTT,"MCDONALD, WILL",2FGM,Two Pointer,2,69,-2,C,,,,2,09:00,0,2,
2007,TS,17,187,14,ARI,PTEM,"WRIGHT, BRACEY",2FGA,Missed Two Pointer,0,38,66,C,,,,2,09:00,0,2,
2007,TS,17,187,20,ARI,PLGV,"MASSEY, JEREMIAH",2FGM,Two Pointer,2,-125,20,D,,,,3,08:00,2,2,
2007,TS,17,187,23,BAS,PJTT,"MCDONALD, WILL",2FGA,Missed Two Pointer,0,128,82,C,,,,3,08:00,2,2,
2007,TS,17,187,29,BAS,PAFP,"PLANINIC, ZORAN",2FGM,Two Pointer,2,-61,56,D,,,,4,07:00,2,4,
2007,TS,17,187,31,ARI,PBDH,"MOTTOLA, HANNO",3FGM,Three Pointer,3,282,628,G,,,,4,07:00,5,4,
2007,TS,17,187,33,BAS,PAFP,"PLANINIC, ZORAN",2FGA,Missed Two Pointer,0,-41,28,D,,,,4,07:00,5,4,
2007,TS,17,187,38,ARI,PTEM,"WRIGHT, BRACEY",2FGA,Missed Two Pointer,0,115,164,C,,,,5,06:00,5,4,
2007,TS,17,187,40,ARI,PTEM,"WRIGHT, BRACEY",2FGA,Missed Two Pointer,0,97,74,C,,,,5,06:00,5,4,
2007,TS,17,187,48,BAS,PAFP,"PLANINIC, ZORAN",3FGM,Three Pointer,3,-133,666,J,,,,5,06:00,5,7,
2007,TS,17,187,53,ARI,PAPI,"KALAITZIS, GEORGIOS",FTM,Free Throw In,1,-1,-1, ,,,,6,05:00,6,7,
2007,TS,17,187,54,ARI,PAPI,"KALAITZIS, GEORGIOS",FTM,Free Throw In,1,-1,-1, ,,,,6,05:00,7,7,
2007,TS,17,187,55,BAS,PJTT,"MCDONALD, WILL",2FGM,Two Pointer,2,23,51,C,,,,6,05:00,7,9,
2007,TS,17,187,61,ARI,PLGV,"MASSEY, JEREMIAH",FTM,Free Throw In,1,-1,-1, ,,,,6,05:00,8,9,
2007,TS,17,187,67,BAS,PJZJ,"TELETOVIC, MIRZA",2FGM,Two Pointer,2,-71,7,D,,,,7,04:00,8,11,
2007,TS,17,187,69,ARI,PLGV,"MASSEY, JEREMIAH",3FGA,Missed Three Pointer,0,-433,530,J,,,,7,04:00,8,11,
2007,TS,17,187,71,BAS,PAJK,"VIDAL, SERGI",2FGA,Missed Two Pointer,0,148,15,C,,,,7,04:00,8,11,
2007,TS,17,187,74,ARI,PTEM,"WRIGHT, BRACEY",3FGM,Three Pointer,3,638,312,A,,,,8,03:00,11,11,
2007,TS,17,187,76,BAS,PJZJ,"TELETOVIC, MIRZA",3FGA,Missed Three Pointer,0,-48,684,J,,,,8,03:00,11,11,
2007,TS,17,187,81,BAS,PJTT,"MCDONALD, WILL",FTM,Free Throw In,1,-1,-1, ,,,,8,03:00,11,12,
2007,TS,17,187,82,BAS,PJTT,"MCDONALD, WILL",FTM,Free Throw In,1,-1,-1, ,,,,8,03:00,11,13,
2007,TS,17,187,86,ARI,PTEM,"WRIGHT, BRACEY",3FGM,Three Pointer,3,325,617,G,,,,9,02:00,14,13,
2007,TS,17,187,89,BAS,PAJK,"VIDAL, SERGI",FTM,Free Throw In,1,-1,-1, ,,,,9,02:00,14,14,
2007,TS,17,187,90,BAS,PAJK,"VIDAL, SERGI",FTM,Free Throw In,1,-1,-1, ,,,,9,02:00,14,15,
2007,TS,17,187,94,BAS,PCBY,"SPLITTER, TIAGO",2FGA,Missed Two Pointer,0,71,15,C,,,,9,02:00,14,15,
2007,TS,17,187,97,ARI,PTEO,"TERRY, REYSHAWN",2FGAB,Missed Two Pointer,0,102,25,C,,,,10,01:00,14,15,
2007,TS,17,187,105,ARI,PTEO,"TERRY, REYSHAWN",2FGA,Missed Two Pointer,0,-425,-38,E,,,,10,01:00,14,15,
2007,TS,17,187,111,BAS,PCBY,"SPLITTER, TIAGO",2FGM,Two Pointer,2,46,7,C,,,,10,01:00,14,17,
2007,TS,17,187,115,BAS,PCBY,"SPLITTER, TIAGO",FTM,Free Throw In,1,-1,-1, ,,,,10,01:00,14,18,
2007,TS,17,187,116,ARI,PTEM,"WRIGHT, BRACEY",3FGA,Missed Three Pointer,0,-689,30,F,,,,10,01:00,14,18,
2007,TS,17,187,125,ARI,PLSZ,"WASHINGTON, DARIUS",3FGA,Missed Three Pointer,0,-76,684,J,,,,11,10:00,14,18,
2007,TS,17,187,127,BAS,P000719,"MUONEKE, GABE",3FGA,Missed Three Pointer,0,674,107,A,,,,11,10:00,14,18,
2007,TS,17,187,129,ARI,PLGV,"MASSEY, JEREMIAH",2FGM,Two Pointer,2,10,74,C,,,,11,10:00,16,18,
2007,TS,17,187,136,BAS,PCBY,"SPLITTER, TIAGO",FTM,Free Throw In,1,-1,-1, ,,,,12,09:00,16,19,
2007,TS,17,187,145,BAS,PAJK,"VIDAL, SERGI",FTM,Free Throw In,1,-1,-1, ,,,,12,09:00,16,20,
2007,TS,17,187,149,BAS,PAJK,"VIDAL, SERGI",3FGM,Three Pointer,3,-612,346,F,,,,12,09:00,16,23,
2007,TS,17,187,157,BAS,P000719,"MUONEKE, GABE",FTM,Free Throw In,1,-1,-1, ,,,,13,08:00,16,24,
2007,TS,17,187,158,BAS,P000719,"MUONEKE, GABE",FTM,Free Throw In,1,-1,-1, ,,,,13,08:00,16,25,
2007,TS,17,187,159,ARI,PKRF,"ILIADIS, SAVVAS",2FGA,Missed Two Pointer,0,356,456,H,,,,13,08:00,16,25,
2007,TS,17,187,161,BAS,PAJK,"VIDAL, SERGI",2FGM,Two Pointer,2,74,7,C,,,,13,08:00,16,27,
2007,TS,17,187,163,ARI,PLSZ,"WASHINGTON, DARIUS",2FGA,Missed Two Pointer,0,5,182,C,,,,13,08:00,16,27,
2007,TS,17,187,165,ARI,PAPT,"BOISA, VLADIMER",2FGAB,Missed Two Pointer,0,-20,82,D,,,,13,08:00,16,27,
2007,TS,17,187,179,ARI,PLSZ,"WASHINGTON, DARIUS",2FGM,Two Pointer,2,-66,20,D,,,,14,07:00,18,27,
2007,TS,17,187,182,BAS,PBVC,"JASAITIS, SIMAS",3FGM,Three Pointer,3,-520,461,J,,,,14,07:00,18,30,
2007,TS,17,187,185,ARI,PTEM,"WRIGHT, BRACEY",2FGA,Missed Two Pointer,0,-10,171,D,,,,15,06:00,18,30,
2007,TS,17,187,187,BAS,P000719,"MUONEKE, GABE",2FGA,Missed Two Pointer,0,-10,171,D,,,,15,06:00,18,30,
2007,TS,17,187,190,ARI,PLGM,"TSALDARIS, DIMITRIOS",3FGA,Missed Three Pointer,0,410,551,G,,,,15,06:00,18,30,
2007,TS,17,187,198,BAS,P000719,"MUONEKE, GABE",3FGM,Three Pointer,3,564,384,A,,,,16,05:00,18,33,
2007,TS,17,187,204,ARI,PTEM,"WRIGHT, BRACEY",FTM,Free Throw In,1,-1,-1, ,,,,16,05:00,19,33,
2007,TS,17,187,209,BAS,PBVC,"JASAITIS, SIMAS",3FGM,Three Pointer,3,-453,538,J,,,,17,04:00,19,36,
2007,TS,17,187,211,ARI,PLGM,"TSALDARIS, DIMITRIOS",3FGM,Three Pointer,3,-425,538,J,,,,17,04:00,22,36,
2007,TS,17,187,217,ARI,PTEM,"WRIGHT, BRACEY",2FGM,Two Pointer,2,-15,43,D,,,,17,04:00,24,36,
2007,TS,17,187,221,BAS,PJTT,"MCDONALD, WILL",2FGM,Two Pointer,2,15,33,C,,,,18,03:00,24,38,
2007,TS,17,187,223,ARI,PTEO,"TERRY, REYSHAWN",2FGAB,Missed Two Pointer,0,79,48,C,,,,18,03:00,24,38,
2007,TS,17,187,227,BAS,PAFP,"PLANINIC, ZORAN",3FGA,Missed Three Pointer,0,-451,515,J,,,,18,03:00,24,38,
2007,TS,17,187,230,ARI,PTEM,"WRIGHT, BRACEY",2FGM,Two Pointer,2,66,23,C,,,,19,02:00,26,38,
2007,TS,17,187,235,BAS,P000719,"MUONEKE, GABE",FTM,Free Throw In,1,-1,-1, ,,,,19,02:00,26,39,
2007,TS,17,187,236,BAS,P000719,"MUONEKE, GABE",FTM,Free Throw In,1,-1,-1, ,,,,19,02:00,26,40,
2007,TS,17,187,239,ARI,PLGM,"TSALDARIS, DIMITRIOS",3FGA,Missed Three Pointer,0,441,553,G,,,,19,02:00,26,40,
2007,TS,17,187,242,BAS,PCBX,"PRIGIONI, PABLO",3FGM,Three Pointer,3,376,566,G,,,,19,02:00,26,43,
2007,TS,17,187,247,ARI,PBDH,"MOTTOLA, HANNO",FTM,Free Throw In,1,-1,-1, ,,,,20,01:00,27,43,
2007,TS,17,187,248,BAS,PBVC,"JASAITIS, SIMAS",3FGA,Missed Three Pointer,0,-692,89,F,,,,20,01:00,27,43,
2007,TS,17,187,250,ARI,PTEO,"TERRY, REYSHAWN",2FGAB,Missed Two Pointer,0,33,71,C,,,,20,01:00,27,43,
2007,TS,17,187,256,BAS,PJTT,"MCDONALD, WILL",FTM,Free Throw In,1,-1,-1, ,,,,20,01:00,27,44,
2007,TS,17,187,257,BAS,PJTT,"MCDONALD, WILL",FTM,Free Throw In,1,-1,-1, ,,,,20,01:00,27,45,
2007,TS,17,187,268,BAS,PJTT,"MCDONALD, WILL",2FGM,Two Pointer,2,307,115,B,,,,21,10:00,27,47,
2007,TS,17,187,269,ARI,PLGV,"MASSEY, JEREMIAH",2FGA,Missed Two Pointer,0,30,56,C,,,,21,10:00,27,47,
2007,TS,17,187,272,BAS,PAJK,"VIDAL, SERGI",2FGA,Missed Two Pointer,0,64,53,C,,,,21,10:00,27,47,
2007,TS,17,187,275,ARI,PLGV,"MASSEY, JEREMIAH",2FGM,Two Pointer,2,41,20,C,,,,22,09:00,29,47,
2007,TS,17,187,276,BAS,PAFP,"PLANINIC, ZORAN",2FGA,Missed Two Pointer,0,156,400,C,,,,22,09:00,29,47,
2007,TS,17,187,283,ARI,PBDH,"MOTTOLA, HANNO",FTM,Free Throw In,1,-1,-1, ,,,,22,09:00,30,47,
2007,TS,17,187,284,BAS,PJZJ,"TELETOVIC, MIRZA",3FGM,Three Pointer,3,-102,679,J,,,,22,09:00,30,50,
2007,TS,17,187,289,ARI,PTEM,"WRIGHT, BRACEY",FTM,Free Throw In,1,-1,-1, ,,,,23,08:00,31,50,
2007,TS,17,187,290,ARI,PTEM,"WRIGHT, BRACEY",FTM,Free Throw In,1,-1,-1, ,,,,23,08:00,32,50,
2007,TS,17,187,293,BAS,PJZJ,"TELETOVIC, MIRZA",3FGA,Missed Three Pointer,0,-430,566,J,,,,23,08:00,32,50,
2007,TS,17,187,297,BAS,PAFP,"PLANINIC, ZORAN",3FGA,Missed Three Pointer,0,715,-5,A,,,,23,08:00,32,50,
2007,TS,17,187,308,ARI,PTEM,"WRIGHT, BRACEY",FTM,Free Throw In,1,-1,-1, ,,,,24,07:00,33,50,
2007,TS,17,187,313,ARI,PLSZ,"WASHINGTON, DARIUS",2FGM,Two Pointer,2,17,48,C,,,,24,07:00,35,50,
2007,TS,17,187,314,BAS,PJZJ,"TELETOVIC, MIRZA",3FGM,Three Pointer,3,-353,584,J,,,,24,07:00,35,53,
2007,TS,17,187,319,BAS,PAJK,"VIDAL, SERGI",2FGA,Missed Two Pointer,0,120,102,C,,,,25,06:00,35,53,
2007,TS,17,187,322,BAS,PJTT,"MCDONALD, WILL",2FGM,Two Pointer,2,-12,71,D,,,,25,06:00,35,55,
2007,TS,17,187,327,ARI,PLGV,"MASSEY, JEREMIAH",FTM,Free Throw In,1,-1,-1, ,,,,25,06:00,36,55,
2007,TS,17,187,328,ARI,PLGV,"MASSEY, JEREMIAH",FTM,Free Throw In,1,-1,-1, ,,,,25,06:00,37,55,
2007,TS,17,187,329,BAS,PCBX,"PRIGIONI, PABLO",3FGM,Three Pointer,3,-702,-2,F,,,,25,06:00,37,58,
2007,TS,17,187,332,ARI,PTEO,"TERRY, REYSHAWN",2FGM,Two Pointer,2,-66,17,D,,,,26,05:00,39,58,
2007,TS,17,187,337,BAS,PAJK,"VIDAL, SERGI",2FGM,Two Pointer,2,58,56,C,,,,26,05:00,39,60,
2007,TS,17,187,342,ARI,PTEM,"WRIGHT, BRACEY",3FGM,Three Pointer,3,707,66,A,,,,26,05:00,42,60,
2007,TS,17,187,346,BAS,PCBY,"SPLITTER, TIAGO",FTM,Free Throw In,1,-1,-1, ,,,,26,05:00,42,61,
2007,TS,17,187,347,BAS,PCBY,"SPLITTER, TIAGO",FTM,Free Throw In,1,-1,-1, ,,,,26,05:00,42,62,
2007,TS,17,187,352,ARI,PLSZ,"WASHINGTON, DARIUS",FTM,Free Throw In,1,-1,-1, ,,,,27,04:00,43,62,
2007,TS,17,187,353,ARI,PLSZ,"WASHINGTON, DARIUS",FTM,Free Throw In,1,-1,-1, ,,,,27,04:00,44,62,
2007,TS,17,187,360,ARI,PLSZ,"WASHINGTON, DARIUS",2FGA,Missed Two Pointer,0,-56,10,D,,,,27,04:00,44,62,
2007,TS,17,187,363,ARI,PTEO,"TERRY, REYSHAWN",2FGM,Two Pointer,2,7,35,C,,,,27,04:00,46,62,
2007,TS,17,187,364,BAS,PCBY,"SPLITTER, TIAGO",2FGM,Two Pointer,2,-33,74,D,,,,27,04:00,46,64,
2007,TS,17,187,367,ARI,PTEO,"TERRY, REYSHAWN",2FGA,Missed Two Pointer,0,-133,461,I,,,,28,03:00,46,64,
2007,TS,17,187,369,BAS,PAJK,"VIDAL, SERGI",3FGA,Missed Three Pointer,0,674,-17,A,,,,28,03:00,46,64,
2007,TS,17,187,371,ARI,PLSZ,"WASHINGTON, DARIUS",2FGA,Missed Two Pointer,0,-64,0,D,,,,28,03:00,46,64,
2007,TS,17,187,373,BAS,PAFP,"PLANINIC, ZORAN",2FGM,Two Pointer,2,43,46,C,,,,28,03:00,46,66,
2007,TS,17,187,379,ARI,PTEM,"WRIGHT, BRACEY",2FGA,Missed Two Pointer,0,351,453,H,,,,29,02:00,46,66,
2007,TS,17,187,383,ARI,PLSZ,"WASHINGTON, DARIUS",2FGA,Missed Two Pointer,0,-76,12,D,,,,29,02:00,46,66,
2007,TS,17,187,387,BAS,PCBY,"SPLITTER, TIAGO",2FGAB,Missed Two Pointer,0,-143,74,D,,,,30,01:00,46,66,
2007,TS,17,187,391,BAS,PCBX,"PRIGIONI, PABLO",3FGA,Missed Three Pointer,0,-484,474,J,,,,30,01:00,46,66,
2007,TS,17,187,393,BAS,PCBY,"SPLITTER, TIAGO",2FGA,Missed Two Pointer,0,-20,66,D,,,,30,01:00,46,66,
2007,TS,17,187,397,ARI,PTEM,"WRIGHT, BRACEY",FTM,Free Throw In,1,-1,-1, ,,,,30,01:00,47,66,
2007,TS,17,187,398,ARI,PTEM,"WRIGHT, BRACEY",FTM,Free Throw In,1,-1,-1, ,,,,30,01:00,48,66,
2007,TS,17,187,401,BAS,PJZJ,"TELETOVIC, MIRZA",3FGA,Missed Three Pointer,0,689,76,A,,,,30,01:00,48,66,
2007,TS,17,187,410,BAS,PTGX,"FERNANDEZ, LUCHO",2FGA,Missed Two Pointer,0,374,79,B,,,,31,10:00,48,66,
2007,TS,17,187,412,BAS,PCBY,"SPLITTER, TIAGO",2FGM,Two Pointer,2,-176,10,D,,,,31,10:00,48,68,
2007,TS,17,187,415,ARI,PTEM,"WRIGHT, BRACEY",FTM,Free Throw In,1,-1,-1, ,,,,31,10:00,49,68,
2007,TS,17,187,416,ARI,PTEM,"WRIGHT, BRACEY",FTM,Free Throw In,1,-1,-1, ,,,,31,10:00,50,68,
2007,TS,17,187,418,BAS,PCBX,"PRIGIONI, PABLO",3FGA,Missed Three Pointer,0,466,528,G,,,,32,09:00,50,68,
2007,TS,17,187,420,ARI,PLSZ,"WASHINGTON, DARIUS",2FGA,Missed Two Pointer,0,-69,30,D,,,,32,09:00,50,68,
2007,TS,17,187,422,ARI,PLGV,"MASSEY, JEREMIAH",2FGM,Two Pointer,2,15,30,C,,,,32,09:00,52,68,
2007,TS,17,187,425,BAS,PCBY,"SPLITTER, TIAGO",2FGM,Two Pointer,2,-61,30,D,,,,32,09:00,52,70,
2007,TS,17,187,426,ARI,PAPT,"BOISA, VLADIMER",2FGA,Missed Two Pointer,0,-15,387,D,,,,32,09:00,52,70,
2007,TS,17,187,428,ARI,PAPT,"BOISA, VLADIMER",2FGA,Missed Two Pointer,0,25,51,C,,,,32,09:00,52,70,
2007,TS,17,187,437,ARI,PAPT,"BOISA, VLADIMER",FTM,Free Throw In,1,-1,-1, ,,,,32,09:00,53,70,
2007,TS,17,187,438,ARI,PAPT,"BOISA, VLADIMER",FTM,Free Throw In,1,-1,-1, ,,,,32,09:00,54,70,
2007,TS,17,187,439,BAS,PTGX,"FERNANDEZ, LUCHO",3FGA,Missed Three Pointer,0,471,541,G,,,,32,09:00,54,70,
2007,TS,17,187,442,ARI,PLGV,"MASSEY, JEREMIAH",2FGA,Missed Two Pointer,0,-61,33,D,,,,33,08:00,54,70,
2007,TS,17,187,444,BAS,PAJK,"VIDAL, SERGI",2FGM,Two Pointer,2,-51,48,D,,,,33,08:00,54,72,
2007,TS,17,187,446,ARI,PTEM,"WRIGHT, BRACEY",2FGA,Missed Two Pointer,0,187,364,C,,,,33,08:00,54,72,
2007,TS,17,187,448,ARI,PLGV,"MASSEY, JEREMIAH",2FGA,Missed Two Pointer,0,41,23,C,,,,33,08:00,54,72,
2007,TS,17,187,451,BAS,PCBY,"SPLITTER, TIAGO",2FGM,Two Pointer,2,-51,7,D,,,,34,07:00,54,74,
2007,TS,17,187,452,ARI,PLSZ,"WASHINGTON, DARIUS",2FGM,Two Pointer,2,7,438,H,,,,34,07:00,56,74,
2007,TS,17,187,453,BAS,PTGX,"FERNANDEZ, LUCHO",2FGM,Two Pointer,2,-92,15,D,,,,34,07:00,56,76,
2007,TS,17,187,455,ARI,PLSZ,"WASHINGTON, DARIUS",3FGA,Missed Three Pointer,0,-517,425,F,,,,35,06:00,56,76,
2007,TS,17,187,464,BAS,PTGX,"FERNANDEZ, LUCHO",FTM,Free Throw In,1,-1,-1, ,,,,35,06:00,56,77,
2007,TS,17,187,465,ARI,PLSZ,"WASHINGTON, DARIUS",2FGM,Two Pointer,2,-53,28,D,,,,35,06:00,58,77,
2007,TS,17,187,466,BAS,PAJK,"VIDAL, SERGI",2FGM,Two Pointer,2,-30,46,D,,,,35,06:00,58,79,
2007,TS,17,187,469,ARI,PLGV,"MASSEY, JEREMIAH",2FGA,Missed Two Pointer,0,66,28,C,,,,36,05:00,58,79,
2007,TS,17,187,474,ARI,PLGV,"MASSEY, JEREMIAH",FTM,Free Throw In,1,-1,-1, ,,,,36,05:00,59,79,
2007,TS,17,187,476,ARI,PLGM,"TSALDARIS, DIMITRIOS",3FGA,Missed Three Pointer,0,571,387,A,,,,36,05:00,59,79,
2007,TS,17,187,478,BAS,PCBY,"SPLITTER, TIAGO",2FGA,Missed Two Pointer,0,-84,25,D,,,,36,05:00,59,79,
2007,TS,17,187,482,BAS,PAJK,"VIDAL, SERGI",2FGA,Missed Two Pointer,0,2,41,D,,,,36,05:00,59,79,
2007,TS,17,187,485,BAS,PJZJ,"TELETOVIC, MIRZA",FTM,Free Throw In,1,-1,-1, ,,,,36,05:00,59,80,
2007,TS,17,187,486,BAS,PJZJ,"TELETOVIC, MIRZA",FTM,Free Throw In,1,-1,-1, ,,,,36,05:00,59,81,
2007,TS,17,187,491,BAS,PAJK,"VIDAL, SERGI",2FGM,Two Pointer,2,-46,33,D,,,,37,04:00,59,83,
2007,TS,17,187,493,ARI,PTEM,"WRIGHT, BRACEY",3FGM,Three Pointer,3,523,446,G,,,,37,04:00,62,83,
2007,TS,17,187,496,BAS,PCBY,"SPLITTER, TIAGO",2FGM,Two Pointer,2,41,41,C,,,,37,04:00,62,85,
2007,TS,17,187,507,ARI,PLGM,"TSALDARIS, DIMITRIOS",3FGM,Three Pointer,3,566,415,A,,,,38,03:00,65,85,
2007,TS,17,187,509,BAS,PCBY,"SPLITTER, TIAGO",2FGA,Missed Two Pointer,0,53,66,C,,,,38,03:00,65,85,
2007,TS,17,187,517,BAS,PAFP,"PLANINIC, ZORAN",2FGM,Two Pointer,2,66,30,C,,,,39,02:00,65,87,
2007,TS,17,187,519,ARI,PTEM,"WRIGHT, BRACEY",3FGA,Missed Three Pointer,0,689,-61,A,,,,39,02:00,65,87,
2007,TS,17,187,523,ARI,PABK,"PANTELIADIS, SPYRIDON",2FGM,Two Pointer,2,66,12,C,,,,39,02:00,67,87,
2007,TS,17,187,530,ARI,PLGM,"TSALDARIS, DIMITRIOS",3FGA,Missed Three Pointer,0,528,430,G,,,,40,01:00,67,87,
2007,TS,17,187,533,ARI,PJIX,"AGADAKOS, LAZAROS",2FGM,Two Pointer,2,-56,7,D,,,,40,01:00,69,87,
2007,TS,17,188,2,LIE,PTFL,"BAJRAMOVIC, KENAN",2FGM,Two Pointer,2,66,15,C,,,,1,10:00,0,2,
2007,TS,17,188,7,ULK,PJPF,"SAVAS, OGUZ",2FGM,Two Pointer,2,-125,20,D,,,,2,09:00,2,2,
2007,TS,17,188,12,ULK,PARO,"ONAN, OMER",3FGM,Three Pointer,3,-535,435,J,,,,2,09:00,5,2,
2007,TS,17,188,15,LIE,PLOK,"VROMAN, JACKSON",2FGM,Two Pointer,2,0,76,D,,,,3,08:00,5,4,
2007,TS,17,188,19,LIE,PCOH,"PRICE, HOLLIS",2FGM,Two Pointer,2,-69,20,D,,,,3,08:00,5,6,
2007,TS,17,188,20,ULK,PCOS,"SOLOMON, WILLIE",3FGM,Three Pointer,3,-538,464,J,,,,3,08:00,8,6,
2007,TS,17,188,22,LIE,PLOK,"VROMAN, JACKSON",2FGAB,Missed Two Pointer,0,94,43,C,,,,4,07:00,8,6,
2007,TS,17,188,28,LIE,PTFL,"BAJRAMOVIC, KENAN",FTM,Free Throw In,1,-1,-1, ,,,,4,07:00,8,7,
2007,TS,17,188,29,LIE,PTFL,"BAJRAMOVIC, KENAN",FTM,Free Throw In,1,-1,-1, ,,,,4,07:00,8,8,
2007,TS,17,188,32,LIE,PBUU,"LUKAUSKIS, MINDAUGAS",2FGM,Two Pointer,2,87,15,C,,,,4,07:00,8,10,
2007,TS,17,188,35,ULK,PJPF,"SAVAS, OGUZ",2FGA,Missed Two Pointer,0,-89,89,D,,,,4,07:00,8,10,
2007,TS,17,188,37,ULK,PTFI,"VIDMAR, GASPER",2FGA,Missed Two Pointer,0,2,117,D,,,,4,07:00,8,10,
2007,TS,17,188,39,LIE,PLOK,"VROMAN, JACKSON",2FGM,Two Pointer,2,0,7,D,,,,4,07:00,8,12,
2007,TS,17,188,41,ULK,PCOS,"SOLOMON, WILLIE",3FGA,Missed Three Pointer,0,469,523,G,,,,4,07:00,8,12,
2007,TS,17,188,43,LIE,PBUU,"LUKAUSKIS, MINDAUGAS",2FGM,Two Pointer,2,82,23,C,,,,4,07:00,8,14,
2007,TS,17,188,49,ULK,PARO,"ONAN, OMER",3FGA,Missed Three Pointer,0,-510,446,J,,,,5,06:00,8,14,
2007,TS,17,188,53,ULK,PTFI,"VIDMAR, GASPER",2FGM,Two Pointer,2,69,20,C,,,,5,06:00,10,14,
2007,TS,17,188,54,LIE,PLOC,"EIDSON, CHUCK",3FGA,Missed Three Pointer,0,28,707,G,,,,5,06:00,10,14,
2007,TS,17,188,63,ULK,PCOS,"SOLOMON, WILLIE",2FGM,Two Pointer,2,-107,35,D,,,,6,05:00,12,14,
2007,TS,17,188,69,ULK,PARO,"ONAN, OMER",2FGA,Missed Two Pointer,0,-89,30,D,,,,6,05:00,12,14,
2007,TS,17,188,72,LIE,PBUU,"LUKAUSKIS, MINDAUGAS",2FGA,Missed Two Pointer,0,-176,33,D,,,,7,04:00,12,14,
2007,TS,17,188,77,LIE,PLOC,"EIDSON, CHUCK",2FGM,Two Pointer,2,2,10,D,,,,7,04:00,12,16,
2007,TS,17,188,78,ULK,PCOS,"SOLOMON, WILLIE",2FGM,Two Pointer,2,0,84,D,,,,7,04:00,14,16,
2007,TS,17,188,79,LIE,PCOH,"PRICE, HOLLIS",2FGA,Missed Two Pointer,0,-74,25,D,,,,7,04:00,14,16,
2007,TS,17,188,81,LIE,PLOK,"VROMAN, JACKSON",2FGA,Missed Two Pointer,0,-71,15,D,,,,7,04:00,14,16,
2007,TS,17,188,83,ULK,PARO,"ONAN, OMER",2FGM,Two Pointer,2,-71,20,D,,,,7,04:00,16,16,
2007,TS,17,188,85,LIE,PLOC,"EIDSON, CHUCK",3FGM,Three Pointer,3,-289,630,J,,,,8,03:00,16,19,
2007,TS,17,188,87,ULK,PJPF,"SAVAS, OGUZ",2FGM,Two Pointer,2,79,41,C,,,,8,03:00,18,19,
2007,TS,17,188,89,LIE,PBUU,"LUKAUSKIS, MINDAUGAS",2FGM,Two Pointer,2,-28,61,D,,,,8,03:00,18,21,
2007,TS,17,188,94,ULK,PARO,"ONAN, OMER",3FGM,Three Pointer,3,661,-17,A,,,,9,02:00,21,21,
2007,TS,17,188,95,LIE,PTFL,"BAJRAMOVIC, KENAN",3FGM,Three Pointer,3,20,682,G,,,,9,02:00,21,24,
2007,TS,17,188,97,ULK,PARO,"ONAN, OMER",2FGM,Two Pointer,2,-71,41,D,,,,9,02:00,23,24,
2007,TS,17,188,99,LIE,PCOH,"PRICE, HOLLIS",2FGA,Missed Two Pointer,0,274,25,B,,,,10,01:00,23,24,
2007,TS,17,188,101,ULK,PJPF,"SAVAS, OGUZ",2FGM,Two Pointer,2,76,23,C,,,,10,01:00,25,24,
2007,TS,17,188,102,LIE,PCOH,"PRICE, HOLLIS",2FGA,Missed Two Pointer,0,-48,84,D,,,,10,01:00,25,24,
2007,TS,17,188,103,LIE,PLOC,"EIDSON, CHUCK",3FGM,Three Pointer,3,453,702,G,,,,10,01:00,25,27,
2007,TS,17,188,114,ULK,P000738,"KINSEY, TARENCE",2FGM,Two Pointer,2,84,48,C,,,,11,10:00,27,27,
2007,TS,17,188,115,LIE,PTFL,"BAJRAMOVIC, KENAN",2FGA,Missed Two Pointer,0,-141,15,D,,,,11,10:00,27,27,
2007,TS,17,188,117,ULK,PCOS,"SOLOMON, WILLIE",2FGA,Missed Two Pointer,0,35,441,H,,,,11,10:00,27,27,
2007,TS,17,188,123,ULK,P000738,"KINSEY, TARENCE",2FGM,Two Pointer,2,-435,-17,E,,,,12,09:00,29,27,
2007,TS,17,188,124,LIE,PLOC,"EIDSON, CHUCK",2FGA,Missed Two Pointer,0,479,248,B,,,,12,09:00,29,27,
2007,TS,17,188,129,ULK,PCOS,"SOLOMON, WILLIE",2FGM,Two Pointer,2,356,112,B,,,,12,09:00,31,27,
2007,TS,17,188,137,LIE,PLOC,"EIDSON, CHUCK",FTM,Free Throw In,1,-1,-1, ,,,,13,08:00,31,28,
2007,TS,17,188,138,LIE,PLOC,"EIDSON, CHUCK",FTM,Free Throw In,1,-1,-1, ,,,,13,08:00,31,29,
2007,TS,17,188,139,ULK,P000738,"KINSEY, TARENCE",2FGA,Missed Two Pointer,0,23,228,C,,,,13,08:00,31,29,
2007,TS,17,188,141,ULK,P000738,"KINSEY, TARENCE",2FGM,Two Pointer,2,76,41,C,,,,13,08:00,33,29,
2007,TS,17,188,145,LIE,PTFN,"ANISIMOVAS, MICHAILIS",2FGAB,Missed Two Pointer,0,61,46,C,,,,14,07:00,33,29,
2007,TS,17,188,157,ULK,P000709,"ASIK, OMER FARUK",FTM,Free Throw In,1,-1,-1, ,,,,14,07:00,34,29,
2007,TS,17,188,160,ULK,PLGA,"KAAN, DAMIR",3FGA,Missed Three Pointer,0,279,617,G,,,,14,07:00,34,29,
2007,TS,17,188,162,ULK,P000709,"ASIK, OMER FARUK",2FGA,Missed Two Pointer,0,105,28,C,,,,14,07:00,34,29,
2007,TS,17,188,179,LIE,P000703,"JORDAN, JARED",2FGA,Missed Two Pointer,0,87,35,C,,,,15,06:00,34,29,
2007,TS,17,188,181,ULK,PJYB,"ERDEN, SEMIH",2FGM,Two Pointer,2,10,28,C,,,,15,06:00,36,29,
2007,TS,17,188,183,LIE,PLOC,"EIDSON, CHUCK",2FGA,Missed Two Pointer,0,74,56,C,,,,15,06:00,36,29,
2007,TS,17,188,185,ULK,P000738,"KINSEY, TARENCE",3FGA,Missed Three Pointer,0,-589,371,F,,,,15,06:00,36,29,
2007,TS,17,188,188,LIE,PTFL,"BAJRAMOVIC, KENAN",2FGAB,Missed Two Pointer,0,-56,46,D,,,,16,05:00,36,29,
2007,TS,17,188,205,ULK,PJYB,"ERDEN, SEMIH",2FGM,Two Pointer,2,-38,35,D,,,,17,04:00,38,29,
2007,TS,17,188,211,ULK,PJYB,"ERDEN, SEMIH",FTM,Free Throw In,1,-1,-1, ,,,,17,04:00,39,29,
2007,TS,17,188,214,LIE,PBUU,"LUKAUSKIS, MINDAUGAS",2FGM,Two Pointer,2,23,546,H,,,,17,04:00,39,31,
2007,TS,17,188,218,ULK,PTFH,"PRELDZIC, EMIR",FTM,Free Throw In,1,-1,-1, ,,,,18,03:00,40,31,
2007,TS,17,188,221,LIE,PBUX,"SLEZAS, ANDRIUS",3FGA,Missed Three Pointer,0,579,366,A,,,,18,03:00,40,31,
2007,TS,17,188,223,ULK,PTFH,"PRELDZIC, EMIR",2FGM,Two Pointer,2,2,58,D,,,,18,03:00,42,31,
2007,TS,17,188,235,ULK,PTFH,"PRELDZIC, EMIR",FTM,Free Throw In,1,-1,-1, ,,,,18,03:00,43,31,
2007,TS,17,188,238,LIE,PBUU,"LUKAUSKIS, MINDAUGAS",FTM,Free Throw In,1,-1,-1, ,,,,18,03:00,43,32,
2007,TS,17,188,242,ULK,P000709,"ASIK, OMER FARUK",2FGA,Missed Two Pointer,0,-87,64,D,,,,19,02:00,43,32,
2007,TS,17,188,246,LIE,PLOK,"VROMAN, JACKSON",2FGA,Missed Two Pointer,0,-71,15,D,,,,19,02:00,43,32,
2007,TS,17,188,248,ULK,P000709,"ASIK, OMER FARUK",2FGM,Two Pointer,2,2,-10,D,,,,19,02:00,45,32,
2007,TS,17,188,250,LIE,PCOH,"PRICE, HOLLIS",3FGA,Missed Three Pointer,0,-374,553,J,,,,19,02:00,45,32,
2007,TS,17,188,252,ULK,PLGA,"KAAN, DAMIR",3FGA,Missed Three Pointer,0,-615,282,F,,,,19,02:00,45,32,
2007,TS,17,188,257,LIE,PLOK,"VROMAN, JACKSON",FTM,Free Throw In,1,-1,-1, ,,,,20,01:00,45,33,
2007,TS,17,188,274,LIE,PKNS,"JOMANTAS, ARTURAS",FTM,Free Throw In,1,-1,-1, ,,,,20,01:00,45,34,
2007,TS,17,188,275,ULK,PCOS,"SOLOMON, WILLIE",3FGA,Missed Three Pointer,0,-530,446,J,,,,20,01:00,45,34,
2007,TS,17,188,286,LIE,PTFL,"BAJRAMOVIC, KENAN",FTM,Free Throw In,1,-1,-1, ,,,,21,10:00,45,35,
2007,TS,17,188,289,ULK,PCOS,"SOLOMON, WILLIE",2FGM,Two Pointer,2,225,176,C,,,,21,10:00,47,35,
2007,TS,17,188,292,LIE,PLOK,"VROMAN, JACKSON",FTM,Free Throw In,1,-1,-1, ,,,,21,10:00,47,36,
2007,TS,17,188,293,LIE,PLOK,"VROMAN, JACKSON",FTM,Free Throw In,1,-1,-1, ,,,,21,10:00,47,37,
2007,TS,17,188,294,ULK,P000738,"KINSEY, TARENCE",2FGA,Missed Two Pointer,0,-223,38,D,,,,21,10:00,47,37,
2007,TS,17,188,296,ULK,PTFI,"VIDMAR, GASPER",2FGAB,Missed Two Pointer,0,-17,84,D,,,,21,10:00,47,37,
2007,TS,17,188,300,LIE,PTFL,"BAJRAMOVIC, KENAN",3FGA,Missed Three Pointer,0,-307,625,J,,,,21,10:00,47,37,
2007,TS,17,188,303,LIE,PCOH,"PRICE, HOLLIS",3FGM,Three Pointer,3,520,438,G,,,,22,09:00,47,40,
2007,TS,17,188,311,ULK,P000738,"KINSEY, TARENCE",3FGA,Missed Three Pointer,0,674,146,A,,,,23,08:00,47,40,
2007,TS,17,188,312,LIE,PTFL,"BAJRAMOVIC, KENAN",2FGM,Two Pointer,2,-15,166,D,,,,23,08:00,47,42,
2007,TS,17,188,313,ULK,PARO,"ONAN, OMER",3FGA,Missed Three Pointer,0,407,564,G,,,,23,08:00,47,42,
2007,TS,17,188,316,LIE,PBUU,"LUKAUSKIS, MINDAUGAS",3FGA,Missed Three Pointer,0,669,164,A,,,,24,07:00,47,42,
2007,TS,17,188,320,LIE,PTFL,"BAJRAMOVIC, KENAN",FTM,Free Throw In,1,-1,-1, ,,,,24,07:00,47,43,
2007,TS,17,188,321,LIE,PTFL,"BAJRAMOVIC, KENAN",FTM,Free Throw In,1,-1,-1, ,,,,24,07:00,47,44,
2007,TS,17,188,326,ULK,PCOS,"SOLOMON, WILLIE",3FGM,Three Pointer,3,-323,630,J,,,,24,07:00,50,44,
2007,TS,17,188,332,ULK,PJYB,"ERDEN, SEMIH",2FGA,Missed Two Pointer,0,-15,15,D,,,,25,06:00,50,44,
2007,TS,17,188,334,LIE,PLOC,"EIDSON, CHUCK",2FGM,Two Pointer,2,115,469,H,,,,25,06:00,50,46,
2007,TS,17,188,335,ULK,PLGA,"KAAN, DAMIR",3FGA,Missed Three Pointer,0,-117,674,J,,,,25,06:00,50,46,
2007,TS,17,188,337,LIE,PTFL,"BAJRAMOVIC, KENAN",2FGM,Two Pointer,2,-74,43,D,,,,25,06:00,50,48,
2007,TS,17,188,340,ULK,P000738,"KINSEY, TARENCE",2FGA,Missed Two Pointer,0,251,553,H,,,,26,05:00,50,48,
2007,TS,17,188,342,LIE,PCOH,"PRICE, HOLLIS",2FGA,Missed Two Pointer,0,-97,87,D,,,,26,05:00,50,48,
2007,TS,17,188,344,LIE,PTFN,"ANISIMOVAS, MICHAILIS",2FGM,Two Pointer,2,-10,53,D,,,,26,05:00,50,50,
2007,TS,17,188,345,ULK,PCOS,"SOLOMON, WILLIE",3FGA,Missed Three Pointer,0,-56,710,J,,,,26,05:00,50,50,
2007,TS,17,188,351,ULK,P000738,"KINSEY, TARENCE",FTM,Free Throw In,1,-1,-1, ,,,,26,05:00,51,50,
2007,TS,17,188,355,LIE,PLOC,"EIDSON, CHUCK",2FGA,Missed Two Pointer,0,300,428,H,,,,27,04:00,51,50,
2007,TS,17,188,358,ULK,P000738,"KINSEY, TARENCE",2FGA,Missed Two Pointer,0,-97,33,D,,,,27,04:00,51,50,
2007,TS,17,188,360,LIE,PTFL,"BAJRAMOVIC, KENAN",2FGA,Missed Two Pointer,0,84,502,H,,,,27,04:00,51,50,
2007,TS,17,188,362,LIE,PTFL,"BAJRAMOVIC, KENAN",3FGM,Three Pointer,3,58,692,G,,,,27,04:00,51,53,
2007,TS,17,188,365,ULK,PCOS,"SOLOMON, WILLIE",2FGM,Two Pointer,2,23,289,C,,,,28,03:00,53,53,
2007,TS,17,188,373,LIE,PLOC,"EIDSON, CHUCK",FTM,Free Throw In,1,-1,-1, ,,,,28,03:00,53,54,
2007,TS,17,188,377,LIE,PCOH,"PRICE, HOLLIS",2FGM,Two Pointer,2,220,176,C,,,,29,02:00,53,56,
2007,TS,17,188,378,ULK,PTFH,"PRELDZIC, EMIR",3FGA,Missed Three Pointer,0,-48,697,J,,,,29,02:00,53,56,
2007,TS,17,188,381,LIE,PBUU,"LUKAUSKIS, MINDAUGAS",2FGM,Two Pointer,2,2,443,H,,,,30,01:00,53,58,
2007,TS,17,188,383,ULK,PCOS,"SOLOMON, WILLIE",2FGA,Missed Two Pointer,0,10,538,H,,,,30,01:00,53,58,
2007,TS,17,188,385,LIE,PLOC,"EIDSON, CHUCK",2FGM,Two Pointer,2,51,28,C,,,,30,01:00,53,60,
2007,TS,17,188,388,LIE,PLOC,"EIDSON, CHUCK",FTM,Free Throw In,1,-1,-1, ,,,,30,01:00,53,61,
2007,TS,17,188,389,ULK,P000709,"ASIK, OMER FARUK",2FGM,Two Pointer,2,-12,92,D,,,,30,01:00,55,61,
2007,TS,17,188,390,LIE,PCOH,"PRICE, HOLLIS",2FGM,Two Pointer,2,-66,48,D,,,,30,01:00,55,63,
2007,TS,17,188,397,ULK,PLGA,"KAAN, DAMIR",3FGA,Missed Three Pointer,0,-7,697,J,,,,31,10:00,55,63,
2007,TS,17,188,399,LIE,PKNS,"JOMANTAS, ARTURAS",2FGM,Two Pointer,2,7,146,C,,,,31,10:00,55,65,
2007,TS,17,188,400,ULK,P000738,"KINSEY, TARENCE",3FGM,Three Pointer,3,689,100,A,,,,31,10:00,58,65,
2007,TS,17,188,403,LIE,PKNS,"JOMANTAS, ARTURAS",2FGAB,Missed Two Pointer,0,-174,84,D,,,,32,09:00,58,65,
2007,TS,17,188,407,LIE,PLOC,"EIDSON, CHUCK",2FGAB,Missed Two Pointer,0,71,64,C,,,,32,09:00,58,65,
2007,TS,17,188,411,ULK,P000738,"KINSEY, TARENCE",3FGA,Missed Three Pointer,0,-258,635,J,,,,32,09:00,58,65,
2007,TS,17,188,416,ULK,P000709,"ASIK, OMER FARUK",2FGM,Two Pointer,2,-51,25,D,,,,32,09:00,60,65,
2007,TS,17,188,419,LIE,PTFL,"BAJRAMOVIC, KENAN",2FGM,Two Pointer,2,-69,56,D,,,,33,08:00,60,67,
2007,TS,17,188,420,ULK,P000738,"KINSEY, TARENCE",2FGM,Two Pointer,2,-161,64,D,,,,33,08:00,62,67,
2007,TS,17,188,423,ULK,PCOS,"SOLOMON, WILLIE",2FGAB,Missed Two Pointer,0,12,105,C,,,,34,07:00,62,67,
2007,TS,17,188,426,ULK,PCOS,"SOLOMON, WILLIE",3FGM,Three Pointer,3,251,669,G,,,,34,07:00,65,67,
2007,TS,17,188,428,LIE,PLOC,"EIDSON, CHUCK",2FGAB,Missed Two Pointer,0,182,117,C,,,,34,07:00,65,67,
2007,TS,17,188,432,ULK,PARO,"ONAN, OMER",2FGA,Missed Two Pointer,0,-89,41,D,,,,34,07:00,65,67,
2007,TS,17,188,437,LIE,PTFL,"BAJRAMOVIC, KENAN",3FGM,Three Pointer,3,676,102,A,,,,34,07:00,65,70,
2007,TS,17,188,443,ULK,PCOS,"SOLOMON, WILLIE",FTM,Free Throw In,1,-1,-1, ,,,,35,06:00,66,70,
2007,TS,17,188,446,LIE,PLOC,"EIDSON, CHUCK",2FGA,Missed Two Pointer,0,164,133,C,,,,35,06:00,66,70,
2007,TS,17,188,448,LIE,PTFN,"ANISIMOVAS, MICHAILIS",2FGA,Missed Two Pointer,0,20,89,C,,,,35,06:00,66,70,
2007,TS,17,188,450,LIE,PTFN,"ANISIMOVAS, MICHAILIS",2FGA,Missed Two Pointer,0,94,66,C,,,,35,06:00,66,70,
2007,TS,17,188,462,ULK,PJYB,"ERDEN, SEMIH",FTM,Free Throw In,1,-1,-1, ,,,,35,06:00,67,70,
2007,TS,17,188,468,LIE,PTFN,"ANISIMOVAS, MICHAILIS",2FGM,Two Pointer,2,-94,38,D,,,,36,05:00,67,72,
2007,TS,17,188,470,ULK,P000709,"ASIK, OMER FARUK",2FGM,Two Pointer,2,87,74,C,,,,36,05:00,69,72,
2007,TS,17,188,480,ULK,P000738,"KINSEY, TARENCE",2FGM,Two Pointer,2,12,530,H,,,,37,04:00,71,72,
2007,TS,17,188,483,ULK,PCOS,"SOLOMON, WILLIE",2FGA,Missed Two Pointer,0,87,76,C,,,,37,04:00,71,72,
2007,TS,17,188,485,ULK,PCOS,"SOLOMON, WILLIE",2FGA,Missed Two Pointer,0,74,69,C,,,,37,04:00,71,72,
2007,TS,17,188,492,LIE,PTFN,"ANISIMOVAS, MICHAILIS",2FGM,Two Pointer,2,-66,48,D,,,,38,03:00,71,74,
2007,TS,17,188,494,ULK,PARO,"ONAN, OMER",3FGA,Missed Three Pointer,0,689,12,A,,,,38,03:00,71,74,
2007,TS,17,188,496,LIE,PTFL,"BAJRAMOVIC, KENAN",2FGA,Missed Two Pointer,0,417,158,B,,,,38,03:00,71,74,
2007,TS,17,188,503,LIE,PCOH,"PRICE, HOLLIS",FTM,Free Throw In,1,-1,-1, ,,,,38,03:00,71,75,
2007,TS,17,188,504,LIE,PCOH,"PRICE, HOLLIS",FTM,Free Throw In,1,-1,-1, ,,,,38,03:00,71,76,
2007,TS,17,188,506,LIE,PTFN,"ANISIMOVAS, MICHAILIS",2FGAB,Missed Two Pointer,0,125,38,C,,,,38,03:00,71,76,
2007,TS,17,188,511,ULK,PTFH,"PRELDZIC, EMIR",3FGM,Three Pointer,3,-461,512,J,,,,39,02:00,74,76,
2007,TS,17,188,514,LIE,PCOH,"PRICE, HOLLIS",3FGM,Three Pointer,3,76,666,G,,,,39,02:00,74,79,
2007,TS,17,188,515,ULK,PLGA,"KAAN, DAMIR",3FGM,Three Pointer,3,674,17,A,,,,39,02:00,77,79,
2007,TS,17,188,523,ULK,PCOS,"SOLOMON, WILLIE",2FGM,Two Pointer,2,84,64,C,,,,40,01:00,79,79,
2007,TS,17,188,524,LIE,PTFL,"BAJRAMOVIC, KENAN",3FGA,Missed Three Pointer,0,407,558,G,,,,40,01:00,79,79,
2007,TS,17,188,526,LIE,PCOH,"PRICE, HOLLIS",3FGA,Missed Three Pointer,0,289,648,G,,,,40,01:00,79,79,
2007,TS,17,188,536,LIE,PCOH,"PRICE, HOLLIS",2FGM,Two Pointer,2,558,102,B,,,,41,05:00,79,81,
2007,TS,17,188,539,ULK,PCOS,"SOLOMON, WILLIE",FTM,Free Throw In,1,-1,-1, ,,,,41,05:00,80,81,
2007,TS,17,188,540,ULK,PCOS,"SOLOMON, WILLIE",FTM,Free Throw In,1,-1,-1, ,,,,41,05:00,81,81,
2007,TS,17,188,545,ULK,PTFH,"PRELDZIC, EMIR",3FGA,Missed Three Pointer,0,-35,707,J,,,,41,05:00,81,81,
2007,TS,17,188,547,ULK,P000709,"ASIK, OMER FARUK",2FGM,Two Pointer,2,-2,76,D,,,,41,05:00,83,81,
2007,TS,17,188,551,LIE,PKNS,"JOMANTAS, ARTURAS",FTM,Free Throw In,1,-1,-1, ,,,,42,04:00,83,82,
2007,TS,17,188,552,LIE,PKNS,"JOMANTAS, ARTURAS",FTM,Free Throw In,1,-1,-1, ,,,,42,04:00,83,83,
2007,TS,17,188,553,ULK,P000738,"KINSEY, TARENCE",2FGM,Two Pointer,2,164,128,C,,,,42,04:00,85,83,
2007,TS,17,188,554,LIE,PCOH,"PRICE, HOLLIS",3FGA,Missed Three Pointer,0,-328,617,J,,,,42,04:00,85,83,
2007,TS,17,188,559,LIE,PLOC,"EIDSON, CHUCK",2FGA,Missed Two Pointer,0,0,184,D,,,,43,03:00,85,83,
2007,TS,17,188,561,LIE,PLOC,"EIDSON, CHUCK",2FGM,Two Pointer,2,58,23,C,,,,43,03:00,85,85,
2007,TS,17,188,565,ULK,PCOS,"SOLOMON, WILLIE",FTM,Free Throw In,1,-1,-1, ,,,,43,03:00,86,85,
2007,TS,17,188,567,LIE,PLOC,"EIDSON, CHUCK",3FGA,Missed Three Pointer,0,-20,682,J,,,,44,02:00,86,85,
2007,TS,17,188,572,ULK,PTFH,"PRELDZIC, EMIR",FTM,Free Throw In,1,-1,-1, ,,,,44,02:00,87,85,
2007,TS,17,188,573,ULK,PTFH,"PRELDZIC, EMIR",FTM,Free Throw In,1,-1,-1, ,,,,44,02:00,88,85,
2007,TS,17,188,579,ULK,P000709,"ASIK, OMER FARUK",2FGM,Two Pointer,2,0,-12,D,,,,44,02:00,90,85,
2007,TS,17,188,587,ULK,PCOS,"SOLOMON, WILLIE",2FGM,Two Pointer,2,7,110,C,,,,44,02:00,92,85,
2007,TS,17,188,590,LIE,PKNS,"JOMANTAS, ARTURAS",3FGAB,Missed Three Pointer,0,-551,448,J,,,,45,01:00,92,85,
2007,TS,17,188,595,LIE,PTFN,"ANISIMOVAS, MICHAILIS",2FGM,Two Pointer,2,61,43,C,,,,45,01:00,92,87,
2007,TS,17,188,598,LIE,PLOC,"EIDSON, CHUCK",2FGM,Two Pointer,2,61,33,C,,,,45,01:00,92,89,
2007,TS,17,188,605,ULK,PTFH,"PRELDZIC, EMIR",FTM,Free Throw In,1,-1,-1, ,,,,45,01:00,93,89,
2007,TS,17,188,606,LIE,PCOH,"PRICE, HOLLIS",2FGA,Missed Two Pointer,0,5,110,C,,,,45,01:00,93,89,
2007,TS,17,188,608,LIE,PTFN,"ANISIMOVAS, MICHAILIS",2FGAB,Missed Two Pointer,0,2,102,D,,,,45,01:00,93,89,
2007,TS,17,188,614,ULK,PLGA,"KAAN, DAMIR",FTM,Free Throw In,1,-1,-1, ,,,,45,01:00,94,89,
2007,TS,17,188,615,ULK,PLGA,"KAAN, DAMIR",FTM,Free Throw In,1,-1,-1, ,,,,45,01:00,95,89,
2007,TS,17,188,616,LIE,PCOH,"PRICE, HOLLIS",2FGM,Two Pointer,2,-176,161,D,,,,45,01:00,95,91,
2007,TS,17,189,3,OLY,P000126,"JACKSON, MARC",2FGA,Missed Two Pointer,0,-64,94,D,,,,1,10:00,0,0,
2007,TS,17,189,6,ZAL,PBDB,"COLLINS, DeJUAN",3FGA,Missed Three Pointer,0,-2,730,J,,,,1,10:00,0,0,
2007,TS,17,189,7,OLY,P000126,"JACKSON, MARC",2FGA,Missed Two Pointer,0,369,315,B,,,,1,10:00,0,0,
2007,TS,17,189,9,OLY,P000126,"JACKSON, MARC",2FGA,Missed Two Pointer,0,197,238,C,,,,1,10:00,0,0,
2007,TS,17,189,11,OLY,PAMM,"PRINTEZIS, GEORGIOS",2FGM,Two Pointer,2,-7,-5,D,,,,1,10:00,2,0,
2007,TS,17,189,12,ZAL,PJCC,"MACIULIS, JONAS",2FGA,Missed Two Pointer,0,17,394,C,,,,1,10:00,2,0,
2007,TS,17,189,15,ZAL,PJCC,"MACIULIS, JONAS",3FGM,Three Pointer,3,-484,564,J,,,,1,10:00,2,3,
2007,TS,17,189,18,OLY,PTFV,"WOODS, QYNTEL",3FGA,Missed Three Pointer,0,679,205,A,,,,3,08:00,2,3,
2007,TS,17,189,20,ZAL,PJCC,"MACIULIS, JONAS",2FGA,Missed Two Pointer,0,-5,184,D,,,,3,08:00,2,3,
2007,TS,17,189,24,ZAL,PBDB,"COLLINS, DeJUAN",FTM,Free Throw In,1,-1,-1, ,,,,3,08:00,2,4,
2007,TS,17,189,25,ZAL,PBDB,"COLLINS, DeJUAN",FTM,Free Throw In,1,-1,-1, ,,,,3,08:00,2,5,
2007,TS,17,189,28,OLY,PTFV,"WOODS, QYNTEL",FTM,Free Throw In,1,-1,-1, ,,,,3,08:00,3,5,
2007,TS,17,189,29,OLY,PTFV,"WOODS, QYNTEL",FTM,Free Throw In,1,-1,-1, ,,,,3,08:00,4,5,
2007,TS,17,189,31,ZAL,PBDB,"COLLINS, DeJUAN",3FGM,Three Pointer,3,479,600,G,,,,3,08:00,4,8,
2007,TS,17,189,33,OLY,P000126,"JACKSON, MARC",2FGM,Two Pointer,2,-69,89,D,,,,4,07:00,6,8,
2007,TS,17,189,36,ZAL,PAHT,"BROWN, MARCUS",3FGM,Three Pointer,3,-461,610,J,,,,4,07:00,6,11,
2007,TS,17,189,37,OLY,PAMM,"PRINTEZIS, GEORGIOS",2FGAB,Missed Two Pointer,0,-56,79,D,,,,4,07:00,6,11,
2007,TS,17,189,41,OLY,PTFV,"WOODS, QYNTEL",2FGM,Two Pointer,2,66,74,C,,,,4,07:00,8,11,
2007,TS,17,189,44,OLY,PTFV,"WOODS, QYNTEL",FTM,Free Throw In,1,-1,-1, ,,,,4,07:00,9,11,
2007,TS,17,189,52,OLY,PCRR,"GREER, LYNN",2FGA,Missed Two Pointer,0,-10,120,D,,,,5,06:00,9,11,
2007,TS,17,189,58,OLY,P000126,"JACKSON, MARC",FTM,Free Throw In,1,-1,-1, ,,,,5,06:00,10,11,
2007,TS,17,189,59,OLY,P000126,"JACKSON, MARC",FTM,Free Throw In,1,-1,-1, ,,,,5,06:00,11,11,
2007,TS,17,189,60,ZAL,PBDB,"COLLINS, DeJUAN",3FGA,Missed Three Pointer,0,479,561,G,,,,5,06:00,11,11,
2007,TS,17,189,62,OLY,PCRR,"GREER, LYNN",3FGM,Three Pointer,3,625,264,A,,,,5,06:00,14,11,
2007,TS,17,189,67,OLY,PTFV,"WOODS, QYNTEL",2FGM,Two Pointer,2,64,92,C,,,,6,05:00,16,11,
2007,TS,17,189,73,OLY,PTFV,"WOODS, QYNTEL",3FGA,Missed Three Pointer,0,600,379,A,,,,6,05:00,16,11,
2007,TS,17,189,75,ZAL,PBCC,"MARKOTA, DAMIR",2FGM,Two Pointer,2,5,53,C,,,,6,05:00,16,13,
2007,TS,17,189,77,OLY,PBFY,"BLAKNEY, RODERICK",2FGA,Missed Two Pointer,0,-115,74,D,,,,7,04:00,16,13,
2007,TS,17,189,81,ZAL,PBDB,"COLLINS, DeJUAN",2FGM,Two Pointer,2,-23,128,D,,,,7,04:00,16,15,
2007,TS,17,189,87,ZAL,PBDB,"COLLINS, DeJUAN",FTM,Free Throw In,1,-1,-1, ,,,,8,03:00,16,16,
2007,TS,17,189,88,OLY,PBFY,"BLAKNEY, RODERICK",2FGM,Two Pointer,2,425,379,B,,,,8,03:00,18,16,
2007,TS,17,189,104,OLY,PTFV,"WOODS, QYNTEL",2FGA,Missed Two Pointer,0,23,135,C,,,,10,01:00,18,16,
2007,TS,17,189,107,ZAL,PATP,"POPOVIC, MARKO",3FGM,Three Pointer,3,379,597,G,,,,10,01:00,18,19,
2007,TS,17,189,109,ZAL,P000459,"N'DIAYE, MAMADOU",2FGM,Two Pointer,2,58,253,C,,,,10,01:00,18,21,
2007,TS,17,189,111,ZAL,P000459,"N'DIAYE, MAMADOU",FTM,Free Throw In,1,-1,-1, ,,,,10,01:00,18,22,
2007,TS,17,189,118,OLY,PCRR,"GREER, LYNN",2FGM,Two Pointer,2,23,128,C,,,,10,01:00,20,22,
2007,TS,17,189,120,ZAL,PJCC,"MACIULIS, JONAS",3FGA,Missed Three Pointer,0,212,666,G,,,,10,01:00,20,22,
2007,TS,17,189,126,OLY,PJRF,"VASILOPOULOS, PANAGIOTIS",2FGA,Missed Two Pointer,0,87,117,C,,,,11,10:00,20,22,
2007,TS,17,189,128,OLY,PJDR,"TEODOSIC, MILOS",2FGAB,Missed Two Pointer,0,-84,384,D,,,,11,10:00,20,22,
2007,TS,17,189,131,ZAL,PAHT,"BROWN, MARCUS",2FGM,Two Pointer,2,138,307,C,,,,11,10:00,20,24,
2007,TS,17,189,135,ZAL,PAHT,"BROWN, MARCUS",3FGA,Missed Three Pointer,0,533,438,G,,,,12,09:00,20,24,
2007,TS,17,189,137,OLY,PCRR,"GREER, LYNN",2FGA,Missed Two Pointer,0,187,115,C,,,,12,09:00,20,24,
2007,TS,17,189,138,ZAL,PATP,"POPOVIC, MARKO",2FGM,Two Pointer,2,28,246,C,,,,12,09:00,20,26,
2007,TS,17,189,149,ZAL,PATP,"POPOVIC, MARKO",2FGA,Missed Two Pointer,0,269,282,B,,,,12,09:00,20,26,
2007,TS,17,189,152,OLY,PJDR,"TEODOSIC, MILOS",3FGA,Missed Three Pointer,0,512,469,G,,,,13,08:00,20,26,
2007,TS,17,189,156,ZAL,PJCC,"MACIULIS, JONAS",2FGA,Missed Two Pointer,0,71,338,C,,,,13,08:00,20,26,
2007,TS,17,189,158,OLY,P000126,"JACKSON, MARC",2FGA,Missed Two Pointer,0,-43,64,D,,,,13,08:00,20,26,
2007,TS,17,189,160,OLY,P000126,"JACKSON, MARC",2FGM,Two Pointer,2,2,10,D,,,,13,08:00,22,26,
2007,TS,17,189,167,OLY,P000126,"JACKSON, MARC",FTM,Free Throw In,1,-1,-1, ,,,,13,08:00,23,26,
2007,TS,17,189,169,ZAL,PBCC,"MARKOTA, DAMIR",3FGA,Missed Three Pointer,0,97,651,G,,,,14,07:00,23,26,
2007,TS,17,189,175,ZAL,P000459,"N'DIAYE, MAMADOU",FTM,Free Throw In,1,-1,-1, ,,,,14,07:00,23,27,
2007,TS,17,189,176,ZAL,P000459,"N'DIAYE, MAMADOU",FTM,Free Throw In,1,-1,-1, ,,,,14,07:00,23,28,
2007,TS,17,189,177,OLY,PALG,"VASILIADIS, KOSTAS",2FGAB,Missed Two Pointer,0,-7,53,D,,,,14,07:00,23,28,
2007,TS,17,189,180,ZAL,PBDB,"COLLINS, DeJUAN",2FGM,Two Pointer,2,-12,164,D,,,,14,07:00,23,30,
2007,TS,17,189,183,OLY,P000126,"JACKSON, MARC",2FGM,Two Pointer,2,-2,107,D,,,,15,06:00,25,30,
2007,TS,17,189,185,ZAL,PATP,"POPOVIC, MARKO",3FGA,Missed Three Pointer,0,423,569,G,,,,15,06:00,25,30,
2007,TS,17,189,187,OLY,PCRR,"GREER, LYNN",3FGM,Three Pointer,3,582,410,A,,,,15,06:00,28,30,
2007,TS,17,189,199,OLY,PAMM,"PRINTEZIS, GEORGIOS",2FGM,Two Pointer,2,61,76,C,,,,16,05:00,30,30,
2007,TS,17,189,200,ZAL,PBWI,"JANKUNAS, PAULIUS",3FGA,Missed Three Pointer,0,-479,602,J,,,,16,05:00,30,30,
2007,TS,17,189,202,OLY,PALG,"VASILIADIS, KOSTAS",3FGA,Missed Three Pointer,0,464,515,G,,,,16,05:00,30,30,
2007,TS,17,189,209,OLY,P000126,"JACKSON, MARC",2FGA,Missed Two Pointer,0,464,48,B,,,,17,04:00,30,30,
2007,TS,17,189,217,ZAL,PBDB,"COLLINS, DeJUAN",2FGM,Two Pointer,2,-10,35,D,,,,17,04:00,30,32,
2007,TS,17,189,225,ZAL,PBWI,"JANKUNAS, PAULIUS",FTM,Free Throw In,1,-1,-1, ,,,,18,03:00,30,33,
2007,TS,17,189,226,ZAL,PBWI,"JANKUNAS, PAULIUS",FTM,Free Throw In,1,-1,-1, ,,,,18,03:00,30,34,
2007,TS,17,189,229,OLY,PTFV,"WOODS, QYNTEL",FTM,Free Throw In,1,-1,-1, ,,,,18,03:00,31,34,
2007,TS,17,189,230,OLY,PTFV,"WOODS, QYNTEL",FTM,Free Throw In,1,-1,-1, ,,,,18,03:00,32,34,
2007,TS,17,189,242,ZAL,PANY,"SALENGA, DAINIUS",2FGM,Two Pointer,2,92,133,C,,,,19,02:00,32,36,
2007,TS,17,189,243,OLY,PBFY,"BLAKNEY, RODERICK",3FGM,Three Pointer,3,533,525,G,,,,19,02:00,35,36,
2007,TS,17,189,245,ZAL,PBDE,"JURAK, GORAN",2FGA,Missed Two Pointer,0,61,346,C,,,,19,02:00,35,36,
2007,TS,17,189,248,OLY,PTFW,"TSAKALIDIS, JAKE",2FGM,Two Pointer,2,64,128,C,,,,20,01:00,37,36,
2007,TS,17,189,252,ZAL,PBWI,"JANKUNAS, PAULIUS",2FGA,Missed Two Pointer,0,79,225,C,,,,20,01:00,37,36,
2007,TS,17,189,254,OLY,PTFW,"TSAKALIDIS, JAKE",2FGM,Two Pointer,2,20,102,C,,,,20,01:00,39,36,
2007,TS,17,189,262,ZAL,PBDB,"COLLINS, DeJUAN",FTM,Free Throw In,1,-1,-1, ,,,,20,01:00,39,37,
2007,TS,17,189,263,ZAL,PBDB,"COLLINS, DeJUAN",FTM,Free Throw In,1,-1,-1, ,,,,20,01:00,39,38,
2007,TS,17,189,278,ZAL,PBDB,"COLLINS, DeJUAN",2FGA,Missed Two Pointer,0,-130,220,D,,,,21,10:00,39,38,
2007,TS,17,189,279,OLY,P000126,"JACKSON, MARC",2FGA,Missed Two Pointer,0,-41,105,D,,,,21,10:00,39,38,
2007,TS,17,189,284,ZAL,PJCC,"MACIULIS, JONAS",3FGM,Three Pointer,3,-58,689,J,,,,22,09:00,39,41,
2007,TS,17,189,286,OLY,P000126,"JACKSON, MARC",2FGA,Missed Two Pointer,0,84,69,C,,,,22,09:00,39,41,
2007,TS,17,189,292,ZAL,PAHT,"BROWN, MARCUS",3FGM,Three Pointer,3,-566,494,J,,,,23,08:00,39,44,
2007,TS,17,189,293,OLY,PJRF,"VASILOPOULOS, PANAGIOTIS",2FGA,Missed Two Pointer,0,-51,71,D,,,,23,08:00,39,44,
2007,TS,17,189,301,ZAL,PAHT,"BROWN, MARCUS",2FGA,Missed Two Pointer,0,-64,100,D,,,,23,08:00,39,44,
2007,TS,17,189,303,OLY,PCRR,"GREER, LYNN",3FGA,Missed Three Pointer,0,320,597,G,,,,23,08:00,39,44,
2007,TS,17,189,308,ZAL,PAHT,"BROWN, MARCUS",3FGA,Missed Three Pointer,0,-658,197,F,,,,24,07:00,39,44,
2007,TS,17,189,310,ZAL,P000459,"N'DIAYE, MAMADOU",2FGM,Two Pointer,2,-33,35,D,,,,24,07:00,39,46,
2007,TS,17,189,311,OLY,PCRR,"GREER, LYNN",2FGAB,Missed Two Pointer,0,5,105,C,,,,24,07:00,39,46,
2007,TS,17,189,318,ZAL,PAHT,"BROWN, MARCUS",3FGM,Three Pointer,3,-192,656,J,,,,24,07:00,39,49,
2007,TS,17,189,320,OLY,P000126,"JACKSON, MARC",2FGM,Two Pointer,2,-15,89,D,,,,25,06:00,41,49,
2007,TS,17,189,328,ZAL,PAHT,"BROWN, MARCUS",FTM,Free Throw In,1,-1,-1, ,,,,25,06:00,41,50,
2007,TS,17,189,330,ZAL,PAHT,"BROWN, MARCUS",2FGA,Missed Two Pointer,0,-46,79,D,,,,25,06:00,41,50,
2007,TS,17,189,332,ZAL,PAHT,"BROWN, MARCUS",2FGM,Two Pointer,2,-2,10,D,,,,25,06:00,41,52,
2007,TS,17,189,334,OLY,P000126,"JACKSON, MARC",2FGM,Two Pointer,2,-69,71,D,,,,26,05:00,43,52,
2007,TS,17,189,337,OLY,P000126,"JACKSON, MARC",FTM,Free Throw In,1,-1,-1, ,,,,26,05:00,44,52,
2007,TS,17,189,338,ZAL,PJCC,"MACIULIS, JONAS",3FGA,Missed Three Pointer,0,-651,392,F,,,,26,05:00,44,52,
2007,TS,17,189,340,ZAL,PAHT,"BROWN, MARCUS",3FGA,Missed Three Pointer,0,517,474,G,,,,26,05:00,44,52,
2007,TS,17,189,348,OLY,PJDR,"TEODOSIC, MILOS",2FGA,Missed Two Pointer,0,69,166,C,,,,27,04:00,44,52,
2007,TS,17,189,350,OLY,PJDR,"TEODOSIC, MILOS",2FGM,Two Pointer,2,64,100,C,,,,27,04:00,46,52,
2007,TS,17,189,355,ZAL,PAHT,"BROWN, MARCUS",FTM,Free Throw In,1,-1,-1, ,,,,27,04:00,46,53,
2007,TS,17,189,356,ZAL,PAHT,"BROWN, MARCUS",FTM,Free Throw In,1,-1,-1, ,,,,27,04:00,46,54,
2007,TS,17,189,357,OLY,PJRC,"MAVROKEFALIDES, LOUKAS",2FGA,Missed Two Pointer,0,-97,92,D,,,,27,04:00,46,54,
2007,TS,17,189,359,OLY,PTFV,"WOODS, QYNTEL",2FGM,Two Pointer,2,38,87,C,,,,27,04:00,48,54,
2007,TS,17,189,367,OLY,PCRR,"GREER, LYNN",FTM,Free Throw In,1,-1,-1, ,,,,28,03:00,49,54,
2007,TS,17,189,368,OLY,PCRR,"GREER, LYNN",FTM,Free Throw In,1,-1,-1, ,,,,28,03:00,50,54,
2007,TS,17,189,374,OLY,P000126,"JACKSON, MARC",2FGM,Two Pointer,2,161,164,C,,,,28,03:00,52,54,
2007,TS,17,189,377,ZAL,PBDB,"COLLINS, DeJUAN",3FGA,Missed Three Pointer,0,684,346,A,,,,29,02:00,52,54,
2007,TS,17,189,382,ZAL,PBDB,"COLLINS, DeJUAN",FTM,Free Throw In,1,-1,-1, ,,,,29,02:00,52,55,
2007,TS,17,189,385,OLY,P000126,"JACKSON, MARC",2FGA,Missed Two Pointer,0,74,128,C,,,,29,02:00,52,55,
2007,TS,17,189,388,ZAL,P000459,"N'DIAYE, MAMADOU",2FGA,Missed Two Pointer,0,64,115,C,,,,30,01:00,52,55,
2007,TS,17,189,398,OLY,PCRR,"GREER, LYNN",FTM,Free Throw In,1,-1,-1, ,,,,30,01:00,53,55,
2007,TS,17,189,399,OLY,PCRR,"GREER, LYNN",FTM,Free Throw In,1,-1,-1, ,,,,30,01:00,54,55,
2007,TS,17,189,404,ZAL,P000459,"N'DIAYE, MAMADOU",FTM,Free Throw In,1,-1,-1, ,,,,30,01:00,54,56,
2007,TS,17,189,417,OLY,PJRC,"MAVROKEFALIDES, LOUKAS",FTM,Free Throw In,1,-1,-1, ,,,,30,01:00,55,56,
2007,TS,17,189,428,OLY,PTFV,"WOODS, QYNTEL",3FGA,Missed Three Pointer,0,-392,610,J,,,,31,10:00,55,56,
2007,TS,17,189,434,OLY,PTFV,"WOODS, QYNTEL",2FGM,Two Pointer,2,202,566,H,,,,32,09:00,57,56,
2007,TS,17,189,436,OLY,PCRR,"GREER, LYNN",2FGA,Missed Two Pointer,0,-87,174,D,,,,32,09:00,57,56,
2007,TS,17,189,438,ZAL,PAHT,"BROWN, MARCUS",3FGA,Missed Three Pointer,0,-517,520,J,,,,32,09:00,57,56,
2007,TS,17,189,439,ZAL,PATP,"POPOVIC, MARKO",3FGM,Three Pointer,3,-697,174,F,,,,32,09:00,57,59,
2007,TS,17,189,442,OLY,PTFV,"WOODS, QYNTEL",2FGA,Missed Two Pointer,0,69,543,H,,,,33,08:00,57,59,
2007,TS,17,189,447,OLY,PJRC,"MAVROKEFALIDES, LOUKAS",2FGA,Missed Two Pointer,0,-128,141,D,,,,33,08:00,57,59,
2007,TS,17,189,450,OLY,PAMM,"PRINTEZIS, GEORGIOS",2FGA,Missed Two Pointer,0,261,456,H,,,,33,08:00,57,59,
2007,TS,17,189,452,OLY,PTFV,"WOODS, QYNTEL",2FGM,Two Pointer,2,-23,7,D,,,,33,08:00,59,59,
2007,TS,17,189,454,ZAL,PJCC,"MACIULIS, JONAS",3FGM,Three Pointer,3,-628,315,F,,,,33,08:00,59,62,
2007,TS,17,189,457,OLY,PALG,"VASILIADIS, KOSTAS",2FGA,Missed Two Pointer,0,-182,220,D,,,,34,07:00,59,62,
2007,TS,17,189,459,ZAL,PJCC,"MACIULIS, JONAS",3FGM,Three Pointer,3,-625,153,F,,,,34,07:00,59,65,
2007,TS,17,189,462,OLY,PAMM,"PRINTEZIS, GEORGIOS",2FGA,Missed Two Pointer,0,-217,146,D,,,,35,06:00,59,65,
2007,TS,17,189,471,ZAL,P000459,"N'DIAYE, MAMADOU",2FGM,Two Pointer,2,-48,53,D,,,,35,06:00,59,67,
2007,TS,17,189,475,OLY,PJRF,"VASILOPOULOS, PANAGIOTIS",3FGM,Three Pointer,3,-169,710,J,,,,35,06:00,62,67,
2007,TS,17,189,478,ZAL,PATP,"POPOVIC, MARKO",2FGM,Two Pointer,2,-120,102,D,,,,36,05:00,62,69,
2007,TS,17,189,481,OLY,PCRR,"GREER, LYNN",2FGM,Two Pointer,2,51,2,C,,,,36,05:00,64,69,
2007,TS,17,189,483,ZAL,PBWI,"JANKUNAS, PAULIUS",2FGAB,Missed Two Pointer,0,-23,38,D,,,,37,04:00,64,69,
2007,TS,17,189,495,OLY,PCRR,"GREER, LYNN",2FGA,Missed Two Pointer,0,-46,546,I,,,,38,03:00,64,69,
2007,TS,17,189,497,OLY,PJRF,"VASILOPOULOS, PANAGIOTIS",3FGM,Three Pointer,3,-33,723,J,,,,38,03:00,67,69,
2007,TS,17,189,500,OLY,PCRR,"GREER, LYNN",2FGM,Two Pointer,2,46,74,C,,,,38,03:00,69,69,
2007,TS,17,189,504,ZAL,PBCC,"MARKOTA, DAMIR",3FGM,Three Pointer,3,-520,392,F,,,,39,02:00,69,72,
2007,TS,17,189,508,OLY,PCRR,"GREER, LYNN",3FGM,Three Pointer,3,-615,315,F,,,,39,02:00,72,72,
2007,TS,17,189,509,ZAL,PBCC,"MARKOTA, DAMIR",3FGA,Missed Three Pointer,0,-117,697,J,,,,39,02:00,72,72,
2007,TS,17,189,512,OLY,PCRR,"GREER, LYNN",2FGA,Missed Two Pointer,0,-17,74,D,,,,40,01:00,72,72,
2007,TS,17,189,514,ZAL,PBDB,"COLLINS, DeJUAN",3FGA,Missed Three Pointer,0,-100,689,J,,,,40,01:00,72,72,
2007,TS,17,189,524,ZAL,PBCC,"MARKOTA, DAMIR",3FGA,Missed Three Pointer,0,374,589,G,,,,40,01:00,72,72,
2007,TS,17,189,532,ZAL,PAHT,"BROWN, MARCUS",3FGA,Missed Three Pointer,0,653,287,A,,,,41,05:00,72,72,
2007,TS,17,189,535,OLY,PJRF,"VASILOPOULOS, PANAGIOTIS",2FGM,Two Pointer,2,33,84,C,,,,41,05:00,74,72,
2007,TS,17,189,538,OLY,PJRF,"VASILOPOULOS, PANAGIOTIS",FTM,Free Throw In,1,-1,-1, ,,,,41,05:00,75,72,
2007,TS,17,189,539,ZAL,P000459,"N'DIAYE, MAMADOU",2FGA,Missed Two Pointer,0,-30,25,D,,,,41,05:00,75,72,
2007,TS,17,189,542,OLY,PBFY,"BLAKNEY, RODERICK",3FGA,Missed Three Pointer,0,-551,530,J,,,,42,04:00,75,72,
2007,TS,17,189,546,ZAL,PBDB,"COLLINS, DeJUAN",FTM,Free Throw In,1,-1,-1, ,,,,42,04:00,75,73,
2007,TS,17,189,547,ZAL,PBDB,"COLLINS, DeJUAN",FTM,Free Throw In,1,-1,-1, ,,,,42,04:00,75,74,
2007,TS,17,189,550,OLY,P000126,"JACKSON, MARC",FTM,Free Throw In,1,-1,-1, ,,,,42,04:00,76,74,
2007,TS,17,189,553,ZAL,P000459,"N'DIAYE, MAMADOU",2FGA,Missed Two Pointer,0,38,92,C,,,,42,04:00,76,74,
2007,TS,17,189,559,OLY,P000126,"JACKSON, MARC",FTM,Free Throw In,1,-1,-1, ,,,,42,04:00,77,74,
2007,TS,17,189,560,OLY,P000126,"JACKSON, MARC",FTM,Free Throw In,1,-1,-1, ,,,,42,04:00,78,74,
2007,TS,17,189,564,ZAL,PATP,"POPOVIC, MARKO",FTM,Free Throw In,1,-1,-1, ,,,,42,04:00,78,75,
2007,TS,17,189,569,OLY,PTFV,"WOODS, QYNTEL",FTM,Free Throw In,1,-1,-1, ,,,,43,03:00,79,75,
2007,TS,17,189,571,ZAL,P000459,"N'DIAYE, MAMADOU",2FGM,Two Pointer,2,48,69,C,,,,43,03:00,79,77,
2007,TS,17,189,572,OLY,PTFV,"WOODS, QYNTEL",2FGA,Missed Two Pointer,0,-48,64,D,,,,43,03:00,79,77,
2007,TS,17,189,575,ZAL,PBCC,"MARKOTA, DAMIR",2FGA,Missed Two Pointer,0,-23,97,D,,,,44,02:00,79,77,
2007,TS,17,189,577,OLY,PCRR,"GREER, LYNN",2FGM,Two Pointer,2,-66,112,D,,,,44,02:00,81,77,
2007,TS,17,189,580,OLY,PCRR,"GREER, LYNN",FTM,Free Throw In,1,-1,-1, ,,,,44,02:00,82,77,
2007,TS,17,189,585,ZAL,PJCC,"MACIULIS, JONAS",2FGAB,Missed Two Pointer,0,-17,79,D,,,,44,02:00,82,77,
2007,TS,17,189,592,ZAL,P000459,"N'DIAYE, MAMADOU",2FGM,Two Pointer,2,48,33,C,,,,44,02:00,82,79,
2007,TS,17,189,593,OLY,P000126,"JACKSON, MARC",FTM,Free Throw In,1,-1,-1, ,,,,44,02:00,83,79,
2007,TS,17,189,594,OLY,P000126,"JACKSON, MARC",FTM,Free Throw In,1,-1,-1, ,,,,44,02:00,84,79,
2007,TS,17,189,600,ZAL,PATP,"POPOVIC, MARKO",3FGM,Three Pointer,3,-384,576,J,,,,45,01:00,84,82,
2007,TS,17,189,612,ZAL,PBDB,"COLLINS, DeJUAN",FTM,Free Throw In,1,-1,-1, ,,,,45,01:00,84,83,
2007,TS,17,189,616,ZAL,PBDB,"COLLINS, DeJUAN",FTM,Free Throw In,1,-1,-1, ,,,,45,01:00,84,84,
2007,TS,17,189,621,OLY,PTFV,"WOODS, QYNTEL",FTM,Free Throw In,1,-1,-1, ,,,,45,01:00,85,84,
2007,TS,17,189,622,OLY,PTFV,"WOODS, QYNTEL",FTM,Free Throw In,1,-1,-1, ,,,,45,01:00,86,84,
2007,TS,17,189,625,ZAL,PATP,"POPOVIC, MARKO",3FGA,Missed Three Pointer,0,-530,464,J,,,,45,01:00,86,84,
2007,TS,17,190,4,TEL,PDHD,"BATISTA, ESTEBAN",FTM,Free Throw In,1,-1,-1, ,,,,1,10:00,1,0,
2007,TS,17,190,5,TEL,PDHD,"BATISTA, ESTEBAN",FTM,Free Throw In,1,-1,-1, ,,,,1,10:00,2,0,
2007,TS,17,190,6,MAD,PAAX,"REYES, FELIPE",2FGA,Missed Two Pointer,0,23,46,C,,,,1,10:00,2,0,
2007,TS,17,190,9,MAD,PARR,"TUNCERI, KEREM",3FGM,Three Pointer,3,602,469,G,,,,1,10:00,2,3,
2007,TS,17,190,14,MAD,PAAX,"REYES, FELIPE",FTM,Free Throw In,1,-1,-1, ,,,,1,10:00,2,4,
2007,TS,17,190,15,MAD,PAAX,"REYES, FELIPE",FTM,Free Throw In,1,-1,-1, ,,,,1,10:00,2,5,
2007,TS,17,190,16,TEL,PLTS,"MORRIS, TERENCE",2FGA,Missed Two Pointer,0,-161,35,D,,,,1,10:00,2,5,
2007,TS,17,190,19,MAD,PCRF,"HERVELLE, AXEL",2FGM,Two Pointer,2,38,71,C,,,,1,10:00,2,7,
2007,TS,17,190,20,TEL,PLTS,"MORRIS, TERENCE",3FGA,Missed Three Pointer,0,-576,420,F,,,,1,10:00,2,7,
2007,TS,17,190,23,MAD,PAJO,"BULLOCK, LOUIS",2FGA,Missed Two Pointer,0,382,238,B,,,,2,09:00,2,7,
2007,TS,17,190,27,TEL,PCQD,"CUMMINGS, VONTEEGO",FTM,Free Throw In,1,-1,-1, ,,,,2,09:00,3,7,
2007,TS,17,190,28,TEL,PCQD,"CUMMINGS, VONTEEGO",FTM,Free Throw In,1,-1,-1, ,,,,2,09:00,4,7,
2007,TS,17,190,33,TEL,PDHD,"BATISTA, ESTEBAN",FTM,Free Throw In,1,-1,-1, ,,,,2,09:00,5,7,
2007,TS,17,190,34,TEL,PDHD,"BATISTA, ESTEBAN",FTM,Free Throw In,1,-1,-1, ,,,,2,09:00,6,7,
2007,TS,17,190,35,MAD,PCTN,"SMITH, CHARLES",3FGA,Missed Three Pointer,0,264,733,G,,,,2,09:00,6,7,
2007,TS,17,190,37,TEL,PLTS,"MORRIS, TERENCE",3FGM,Three Pointer,3,-584,458,J,,,,2,09:00,9,7,
2007,TS,17,190,45,MAD,PCTN,"SMITH, CHARLES",2FGA,Missed Two Pointer,0,330,133,B,,,,2,09:00,9,7,
2007,TS,17,190,47,TEL,PLTS,"MORRIS, TERENCE",2FGM,Two Pointer,2,-100,66,D,,,,2,09:00,11,7,
2007,TS,17,190,51,MAD,PAAX,"REYES, FELIPE",2FGM,Two Pointer,2,348,276,B,,,,2,09:00,11,9,
2007,TS,17,190,52,TEL,PCQD,"CUMMINGS, VONTEEGO",3FGA,Missed Three Pointer,0,-646,189,F,,,,2,09:00,11,9,
2007,TS,17,190,54,MAD,PCRF,"HERVELLE, AXEL",2FGA,Missed Two Pointer,0,341,230,B,,,,2,09:00,11,9,
2007,TS,17,190,56,TEL,PCQD,"CUMMINGS, VONTEEGO",2FGA,Missed Two Pointer,0,-274,15,E,,,,2,09:00,11,9,
2007,TS,17,190,58,TEL,PLTS,"MORRIS, TERENCE",2FGM,Two Pointer,2,-102,51,D,,,,2,09:00,13,9,
2007,TS,17,190,60,MAD,PAJO,"BULLOCK, LOUIS",2FGM,Two Pointer,2,164,169,C,,,,2,09:00,13,11,
2007,TS,17,190,61,TEL,PBES,"BLUTHENTHAL, DAVID",2FGA,Missed Two Pointer,0,-143,110,D,,,,2,09:00,13,11,
2007,TS,17,190,63,MAD,PAJO,"BULLOCK, LOUIS",3FGA,Missed Three Pointer,0,564,443,G,,,,2,09:00,13,11,
2007,TS,17,190,65,MAD,PCRF,"HERVELLE, AXEL",2FGAB,Missed Two Pointer,0,164,112,C,,,,2,09:00,13,11,
2007,TS,17,190,69,MAD,PCTN,"SMITH, CHARLES",2FGA,Missed Two Pointer,0,128,128,C,,,,2,09:00,13,11,
2007,TS,17,190,81,MAD,PAFB,"SEKULIC, BLAGOTA",2FGM,Two Pointer,2,82,135,C,,,,6,05:00,13,13,
2007,TS,17,190,83,TEL,PDHD,"BATISTA, ESTEBAN",2FGM,Two Pointer,2,-28,92,D,,,,6,05:00,15,13,
2007,TS,17,190,84,MAD,PAJO,"BULLOCK, LOUIS",2FGM,Two Pointer,2,117,87,C,,,,6,05:00,15,15,
2007,TS,17,190,95,TEL,PAOZ,"HALPERIN, YOTAM",FTM,Free Throw In,1,-1,-1, ,,,,7,04:00,16,15,
2007,TS,17,190,96,MAD,PAJO,"BULLOCK, LOUIS",2FGA,Missed Two Pointer,0,123,182,C,,,,7,04:00,16,15,
2007,TS,17,190,107,TEL,PAOZ,"HALPERIN, YOTAM",3FGA,Missed Three Pointer,0,-635,276,F,,,,8,03:00,16,15,
2007,TS,17,190,110,MAD,PAJO,"BULLOCK, LOUIS",2FGM,Two Pointer,2,38,0,C,,,,8,03:00,16,17,
2007,TS,17,190,116,TEL,PAOZ,"HALPERIN, YOTAM",FTM,Free Throw In,1,-1,-1, ,,,,8,03:00,17,17,
2007,TS,17,190,117,TEL,PAOZ,"HALPERIN, YOTAM",FTM,Free Throw In,1,-1,-1, ,,,,8,03:00,18,17,
2007,TS,17,190,120,MAD,PTGB,"LLULL, SERGIO",FTM,Free Throw In,1,-1,-1, ,,,,8,03:00,18,18,
2007,TS,17,190,124,TEL,PLFR,"BYNUM, WILL",2FGM,Two Pointer,2,-66,87,D,,,,8,03:00,20,18,
2007,TS,17,190,126,MAD,PCRF,"HERVELLE, AXEL",3FGM,Three Pointer,3,669,228,A,,,,9,02:00,20,21,
2007,TS,17,190,133,TEL,P000615,"GARCIA, ALEX",FTM,Free Throw In,1,-1,-1, ,,,,9,02:00,21,21,
2007,TS,17,190,136,MAD,PAPP,"PAPADOPOULOS, LAZAROS",2FGM,Two Pointer,2,123,0,C,,,,9,02:00,21,23,
2007,TS,17,190,137,TEL,PAPB,"VUJCIC, NIKOLA",2FGM,Two Pointer,2,-53,46,D,,,,9,02:00,23,23,
2007,TS,17,190,144,TEL,PAPB,"VUJCIC, NIKOLA",2FGM,Two Pointer,2,-46,2,D,,,,9,02:00,25,23,
2007,TS,17,190,148,MAD,PAPP,"PAPADOPOULOS, LAZAROS",FTM,Free Throw In,1,-1,-1, ,,,,9,02:00,25,24,
2007,TS,17,190,150,TEL,PAPB,"VUJCIC, NIKOLA",2FGA,Missed Two Pointer,0,-302,164,E,,,,10,01:00,25,24,
2007,TS,17,190,155,MAD,PACK,"PELEKANOS, MICHALIS",3FGA,Missed Three Pointer,0,589,376,A,,,,12,09:00,25,24,
2007,TS,17,190,159,TEL,PLFR,"BYNUM, WILL",3FGM,Three Pointer,3,-676,197,F,,,,12,09:00,28,24,
2007,TS,17,190,168,TEL,PAPB,"VUJCIC, NIKOLA",2FGM,Two Pointer,2,-102,-30,D,,,,12,09:00,30,24,
2007,TS,17,190,177,MAD,PBFJ,"MUMBRU, ALEX",3FGA,Missed Three Pointer,0,238,730,G,,,,12,09:00,30,24,
2007,TS,17,190,181,MAD,PBFJ,"MUMBRU, ALEX",2FGM,Two Pointer,2,46,69,C,,,,12,09:00,30,26,
2007,TS,17,190,184,TEL,PLFR,"BYNUM, WILL",3FGM,Three Pointer,3,-620,284,F,,,,13,08:00,33,26,
2007,TS,17,190,188,MAD,PAFB,"SEKULIC, BLAGOTA",2FGA,Missed Two Pointer,0,443,317,B,,,,13,08:00,33,26,
2007,TS,17,190,194,TEL,PJFO,"CASSPI, OMRI",2FGM,Two Pointer,2,-7,38,D,,,,13,08:00,35,26,
2007,TS,17,190,195,MAD,PBFJ,"MUMBRU, ALEX",3FGA,Missed Three Pointer,0,443,543,G,,,,13,08:00,35,26,
2007,TS,17,190,198,MAD,PCRF,"HERVELLE, AXEL",2FGM,Two Pointer,2,71,48,C,,,,13,08:00,35,28,
2007,TS,17,190,200,TEL,PLFR,"BYNUM, WILL",3FGA,Missed Three Pointer,0,-656,164,F,,,,14,07:00,35,28,
2007,TS,17,190,206,MAD,PCRF,"HERVELLE, AXEL",2FGA,Missed Two Pointer,0,207,82,C,,,,14,07:00,35,28,
2007,TS,17,190,208,TEL,PJFO,"CASSPI, OMRI",3FGAB,Missed Three Pointer,0,-594,369,F,,,,14,07:00,35,28,
2007,TS,17,190,212,MAD,PARR,"TUNCERI, KEREM",3FGA,Missed Three Pointer,0,566,507,G,,,,14,07:00,35,28,
2007,TS,17,190,214,TEL,P000615,"GARCIA, ALEX",2FGM,Two Pointer,2,-46,84,D,,,,14,07:00,37,28,
2007,TS,17,190,215,MAD,PCTN,"SMITH, CHARLES",3FGA,Missed Three Pointer,0,589,412,A,,,,14,07:00,37,28,
2007,TS,17,190,218,TEL,PLGD,"ELIYAHU, LIOR",2FGM,Two Pointer,2,-164,25,D,,,,14,07:00,39,28,
2007,TS,17,190,228,TEL,PLFR,"BYNUM, WILL",2FGM,Two Pointer,2,-61,2,D,,,,15,06:00,41,28,
2007,TS,17,190,229,MAD,PCTN,"SMITH, CHARLES",2FGA,Missed Two Pointer,0,74,146,C,,,,15,06:00,41,28,
2007,TS,17,190,238,MAD,PAJO,"BULLOCK, LOUIS",FTM,Free Throw In,1,-1,-1, ,,,,16,05:00,41,29,
2007,TS,17,190,239,MAD,PAJO,"BULLOCK, LOUIS",FTM,Free Throw In,1,-1,-1, ,,,,16,05:00,41,30,
2007,TS,17,190,240,TEL,PJFO,"CASSPI, OMRI",2FGA,Missed Two Pointer,0,-471,187,E,,,,16,05:00,41,30,
2007,TS,17,190,246,MAD,PAAX,"REYES, FELIPE",FTM,Free Throw In,1,-1,-1, ,,,,17,04:00,41,31,
2007,TS,17,190,250,TEL,PLFR,"BYNUM, WILL",3FGM,Three Pointer,3,-671,135,F,,,,17,04:00,44,31,
2007,TS,17,190,251,MAD,PCTN,"SMITH, CHARLES",3FGA,Missed Three Pointer,0,653,387,A,,,,17,04:00,44,31,
2007,TS,17,190,263,TEL,PDHD,"BATISTA, ESTEBAN",2FGM,Two Pointer,2,-46,33,D,,,,18,03:00,46,31,
2007,TS,17,190,265,MAD,PARR,"TUNCERI, KEREM",3FGM,Three Pointer,3,620,325,A,,,,18,03:00,46,34,
2007,TS,17,190,268,MAD,PCTN,"SMITH, CHARLES",2FGA,Missed Two Pointer,0,97,102,C,,,,18,03:00,46,34,
2007,TS,17,190,272,MAD,PCTN,"SMITH, CHARLES",3FGA,Missed Three Pointer,0,620,458,G,,,,18,03:00,46,34,
2007,TS,17,190,276,TEL,PLGD,"ELIYAHU, LIOR",FTM,Free Throw In,1,-1,-1, ,,,,18,03:00,47,34,
2007,TS,17,190,277,TEL,PLGD,"ELIYAHU, LIOR",FTM,Free Throw In,1,-1,-1, ,,,,18,03:00,48,34,
2007,TS,17,190,279,MAD,PAJO,"BULLOCK, LOUIS",3FGM,Three Pointer,3,658,241,A,,,,18,03:00,48,37,
2007,TS,17,190,280,TEL,PJFO,"CASSPI, OMRI",2FGM,Two Pointer,2,-17,69,D,,,,18,03:00,50,37,
2007,TS,17,190,283,MAD,PARR,"TUNCERI, KEREM",3FGA,Missed Three Pointer,0,425,612,G,,,,20,01:00,50,37,
2007,TS,17,190,285,TEL,PJFO,"CASSPI, OMRI",2FGA,Missed Two Pointer,0,-148,356,D,,,,20,01:00,50,37,
2007,TS,17,190,296,TEL,PDHD,"BATISTA, ESTEBAN",2FGA,Missed Two Pointer,0,-92,71,D,,,,21,10:00,50,37,
2007,TS,17,190,299,MAD,PAAX,"REYES, FELIPE",2FGM,Two Pointer,2,461,23,B,,,,21,10:00,50,39,
2007,TS,17,190,300,TEL,PJFO,"CASSPI, OMRI",2FGA,Missed Two Pointer,0,-389,102,E,,,,21,10:00,50,39,
2007,TS,17,190,302,MAD,PARR,"TUNCERI, KEREM",2FGA,Missed Two Pointer,0,428,292,B,,,,21,10:00,50,39,
2007,TS,17,190,304,TEL,PLTS,"MORRIS, TERENCE",3FGA,Missed Three Pointer,0,-328,730,J,,,,21,10:00,50,39,
2007,TS,17,190,309,MAD,PAJO,"BULLOCK, LOUIS",3FGA,Missed Three Pointer,0,630,320,A,,,,22,09:00,50,39,
2007,TS,17,190,315,TEL,PJFO,"CASSPI, OMRI",2FGM,Two Pointer,2,-17,143,D,,,,22,09:00,52,39,
2007,TS,17,190,321,TEL,PDHD,"BATISTA, ESTEBAN",2FGM,Two Pointer,2,-69,74,D,,,,22,09:00,54,39,
2007,TS,17,190,324,MAD,PAJO,"BULLOCK, LOUIS",2FGA,Missed Two Pointer,0,279,238,B,,,,24,07:00,54,39,
2007,TS,17,190,334,TEL,PLFR,"BYNUM, WILL",2FGM,Two Pointer,2,23,58,C,,,,24,07:00,56,39,
2007,TS,17,190,341,MAD,PAAX,"REYES, FELIPE",FTM,Free Throw In,1,-1,-1, ,,,,25,06:00,56,40,
2007,TS,17,190,345,MAD,PBFJ,"MUMBRU, ALEX",3FGM,Three Pointer,3,641,356,A,,,,25,06:00,56,43,
2007,TS,17,190,346,TEL,PLFR,"BYNUM, WILL",2FGM,Two Pointer,2,-43,192,D,,,,25,06:00,58,43,
2007,TS,17,190,347,MAD,PAAX,"REYES, FELIPE",2FGM,Two Pointer,2,30,92,C,,,,25,06:00,58,45,
2007,TS,17,190,349,TEL,PLFR,"BYNUM, WILL",2FGA,Missed Two Pointer,0,-102,92,D,,,,25,06:00,58,45,
2007,TS,17,190,351,TEL,PJFO,"CASSPI, OMRI",2FGM,Two Pointer,2,-76,33,D,,,,25,06:00,60,45,
2007,TS,17,190,355,MAD,PAJO,"BULLOCK, LOUIS",3FGM,Three Pointer,3,653,364,A,,,,27,04:00,60,48,
2007,TS,17,190,363,TEL,PJFO,"CASSPI, OMRI",FTM,Free Throw In,1,-1,-1, ,,,,27,04:00,61,48,
2007,TS,17,190,364,TEL,PJFO,"CASSPI, OMRI",FTM,Free Throw In,1,-1,-1, ,,,,27,04:00,62,48,
2007,TS,17,190,372,TEL,PLFR,"BYNUM, WILL",3FGM,Three Pointer,3,-638,274,F,,,,27,04:00,65,48,
2007,TS,17,190,384,MAD,PAAX,"REYES, FELIPE",FTM,Free Throw In,1,-1,-1, ,,,,29,02:00,65,49,
2007,TS,17,190,388,TEL,PAOZ,"HALPERIN, YOTAM",3FGM,Three Pointer,3,-658,376,F,,,,29,02:00,68,49,
2007,TS,17,190,389,MAD,PARR,"TUNCERI, KEREM",3FGA,Missed Three Pointer,0,628,343,A,,,,29,02:00,68,49,
2007,TS,17,190,394,MAD,PTGB,"LLULL, SERGIO",3FGA,Missed Three Pointer,0,633,238,A,,,,30,01:00,68,49,
2007,TS,17,190,396,TEL,PAPB,"VUJCIC, NIKOLA",2FGA,Missed Two Pointer,0,-364,176,E,,,,30,01:00,68,49,
2007,TS,17,190,401,MAD,PCRF,"HERVELLE, AXEL",FTM,Free Throw In,1,-1,-1, ,,,,30,01:00,68,50,
2007,TS,17,190,403,TEL,PAPB,"VUJCIC, NIKOLA",2FGM,Two Pointer,2,-266,100,E,,,,30,01:00,70,50,
2007,TS,17,190,404,MAD,PCTN,"SMITH, CHARLES",2FGA,Missed Two Pointer,0,394,261,B,,,,30,01:00,70,50,
2007,TS,17,190,412,MAD,PAPP,"PAPADOPOULOS, LAZAROS",2FGM,Two Pointer,2,-38,76,D,,,,32,09:00,70,52,
2007,TS,17,190,414,TEL,PJFO,"CASSPI, OMRI",2FGA,Missed Two Pointer,0,-371,56,E,,,,32,09:00,70,52,
2007,TS,17,190,418,MAD,PCTN,"SMITH, CHARLES",2FGM,Two Pointer,2,210,56,C,,,,32,09:00,70,54,
2007,TS,17,190,420,MAD,PTGB,"LLULL, SERGIO",2FGA,Missed Two Pointer,0,189,182,C,,,,32,09:00,70,54,
2007,TS,17,190,423,TEL,PLTS,"MORRIS, TERENCE",2FGM,Two Pointer,2,-382,33,E,,,,32,09:00,72,54,
2007,TS,17,190,424,MAD,PCTN,"SMITH, CHARLES",3FGM,Three Pointer,3,664,148,A,,,,32,09:00,72,57,
2007,TS,17,190,425,TEL,PAPB,"VUJCIC, NIKOLA",2FGM,Two Pointer,2,-169,74,D,,,,32,09:00,74,57,
2007,TS,17,190,435,MAD,PCRF,"HERVELLE, AXEL",FTM,Free Throw In,1,-1,-1, ,,,,33,08:00,74,58,
2007,TS,17,190,438,TEL,P000615,"GARCIA, ALEX",2FGA,Missed Two Pointer,0,-320,5,E,,,,33,08:00,74,58,
2007,TS,17,190,440,TEL,PLTS,"MORRIS, TERENCE",2FGM,Two Pointer,2,-51,-5,D,,,,33,08:00,76,58,
2007,TS,17,190,441,MAD,PCTN,"SMITH, CHARLES",2FGAB,Missed Two Pointer,0,-35,141,D,,,,33,08:00,76,58,
2007,TS,17,190,444,TEL,P000615,"GARCIA, ALEX",2FGM,Two Pointer,2,-20,2,D,,,,33,08:00,78,58,
2007,TS,17,190,450,MAD,PCRF,"HERVELLE, AXEL",2FGM,Two Pointer,2,-48,207,D,,,,33,08:00,78,60,
2007,TS,17,190,452,TEL,PAPB,"VUJCIC, NIKOLA",2FGM,Two Pointer,2,-89,120,D,,,,33,08:00,80,60,
2007,TS,17,190,453,MAD,PARR,"TUNCERI, KEREM",3FGM,Three Pointer,3,648,389,A,,,,33,08:00,80,63,
2007,TS,17,190,456,TEL,P000615,"GARCIA, ALEX",3FGA,Missed Three Pointer,0,-671,210,F,,,,35,06:00,80,63,
2007,TS,17,190,459,TEL,PLTS,"MORRIS, TERENCE",2FGM,Two Pointer,2,-30,100,D,,,,35,06:00,82,63,
2007,TS,17,190,463,MAD,PAJO,"BULLOCK, LOUIS",3FGA,Missed Three Pointer,0,635,353,A,,,,35,06:00,82,63,
2007,TS,17,190,466,MAD,PAAX,"REYES, FELIPE",2FGM,Two Pointer,2,71,56,C,,,,35,06:00,82,65,
2007,TS,17,190,468,MAD,PAAX,"REYES, FELIPE",FTM,Free Throw In,1,-1,-1, ,,,,35,06:00,82,66,
2007,TS,17,190,471,TEL,PLTS,"MORRIS, TERENCE",2FGA,Missed Two Pointer,0,-79,82,D,,,,35,06:00,82,66,
2007,TS,17,190,475,TEL,P000615,"GARCIA, ALEX",FTM,Free Throw In,1,-1,-1, ,,,,35,06:00,83,66,
2007,TS,17,190,478,MAD,PCTN,"SMITH, CHARLES",3FGA,Missed Three Pointer,0,676,161,A,,,,35,06:00,83,66,
2007,TS,17,190,480,TEL,PAPB,"VUJCIC, NIKOLA",2FGM,Two Pointer,2,-15,66,D,,,,35,06:00,85,66,
2007,TS,17,190,488,MAD,PARR,"TUNCERI, KEREM",FTM,Free Throw In,1,-1,-1, ,,,,37,04:00,85,67,
2007,TS,17,190,489,MAD,PARR,"TUNCERI, KEREM",FTM,Free Throw In,1,-1,-1, ,,,,37,04:00,85,68,
2007,TS,17,190,493,TEL,PDHD,"BATISTA, ESTEBAN",2FGM,Two Pointer,2,-107,35,D,,,,37,04:00,87,68,
2007,TS,17,190,498,MAD,PAAX,"REYES, FELIPE",2FGM,Two Pointer,2,171,46,C,,,,37,04:00,87,70,
2007,TS,17,190,505,TEL,PLTS,"MORRIS, TERENCE",3FGA,Missed Three Pointer,0,-615,474,J,,,,38,03:00,87,70,
2007,TS,17,190,513,MAD,PCRF,"HERVELLE, AXEL",FTM,Free Throw In,1,-1,-1, ,,,,38,03:00,87,71,
2007,TS,17,190,514,MAD,PCRF,"HERVELLE, AXEL",FTM,Free Throw In,1,-1,-1, ,,,,38,03:00,87,72,
2007,TS,17,190,515,TEL,PDHD,"BATISTA, ESTEBAN",2FGAB,Missed Two Pointer,0,-64,71,D,,,,38,03:00,87,72,
2007,TS,17,190,521,MAD,PAJO,"BULLOCK, LOUIS",FTM,Free Throw In,1,-1,-1, ,,,,38,03:00,87,73,
2007,TS,17,190,526,MAD,PAJO,"BULLOCK, LOUIS",3FGA,Missed Three Pointer,0,594,425,A,,,,38,03:00,87,73,
2007,TS,17,190,528,TEL,PLTS,"MORRIS, TERENCE",3FGM,Three Pointer,3,-620,335,F,,,,38,03:00,90,73,
2007,TS,17,190,531,TEL,PDHD,"BATISTA, ESTEBAN",2FGM,Two Pointer,2,7,17,C,,,,38,03:00,92,73,
2007,TS,17,190,534,MAD,PAPP,"PAPADOPOULOS, LAZAROS",2FGM,Two Pointer,2,61,146,C,,,,38,03:00,92,75,
2007,TS,17,190,536,MAD,PCRF,"HERVELLE, AXEL",3FGA,Missed Three Pointer,0,628,328,A,,,,38,03:00,92,75,
2007,TS,17,190,542,TEL,PLFR,"BYNUM, WILL",2FGM,Two Pointer,2,-25,92,D,,,,40,01:00,94,75,
2007,TS,17,190,543,MAD,PARR,"TUNCERI, KEREM",3FGA,Missed Three Pointer,0,630,382,A,,,,40,01:00,94,75,
2007,TS,17,191,3,ROM,PADP,"FUCKA, GREGOR",2FGA,Missed Two Pointer,0,15,166,C,,,,1,10:00,0,0,
2007,TS,17,191,5,BAR,PJJF,"TRIAS, JORDI",2FGM,Two Pointer,2,-30,28,D,,,,1,10:00,2,0,
2007,TS,17,191,7,ROM,PCJA,"UKIC, ROKO-LENI",2FGM,Two Pointer,2,23,23,C,,,,1,10:00,2,2,
2007,TS,17,191,8,BAR,PADS,"BASILE, GIANLUCA",2FGM,Two Pointer,2,7,197,C,,,,1,10:00,4,2,
2007,TS,17,191,10,ROM,PCJA,"UKIC, ROKO-LENI",3FGM,Three Pointer,3,23,728,G,,,,2,09:00,4,5,
2007,TS,17,191,15,BAR,PATA,"LAKOVIC, JAKA",2FGM,Two Pointer,2,107,23,C,,,,3,08:00,6,5,
2007,TS,17,191,16,ROM,PKZA,"HAWKINS, DAVID",3FGA,Missed Three Pointer,0,274,630,G,,,,3,08:00,6,5,
2007,TS,17,191,21,BAR,PBOD,"KASUN, MARIO",FTM,Free Throw In,1,-1,-1, ,,,,3,08:00,7,5,
2007,TS,17,191,23,ROM,PCJA,"UKIC, ROKO-LENI",3FGA,Missed Three Pointer,0,638,179,A,,,,4,07:00,7,5,
2007,TS,17,191,25,BAR,PATA,"LAKOVIC, JAKA",2FGA,Missed Two Pointer,0,153,35,C,,,,4,07:00,7,5,
2007,TS,17,191,27,ROM,PADP,"FUCKA, GREGOR",2FGM,Two Pointer,2,10,25,C,,,,4,07:00,7,7,
2007,TS,17,191,33,BAR,PADS,"BASILE, GIANLUCA",3FGM,Three Pointer,3,35,689,G,,,,4,07:00,10,7,
2007,TS,17,191,36,ROM,PCJA,"UKIC, ROKO-LENI",2FGA,Missed Two Pointer,0,-10,15,D,,,,5,06:00,10,7,
2007,TS,17,191,38,ROM,PTGO,"CROSARIOL, ANDREA",2FGA,Missed Two Pointer,0,64,46,C,,,,5,06:00,10,7,
2007,TS,17,191,40,ROM,PTGO,"CROSARIOL, ANDREA",2FGM,Two Pointer,2,30,41,C,,,,5,06:00,10,9,
2007,TS,17,191,44,ROM,PADP,"FUCKA, GREGOR",2FGA,Missed Two Pointer,0,66,53,C,,,,5,06:00,10,9,
2007,TS,17,191,46,ROM,PTGO,"CROSARIOL, ANDREA",2FGA,Missed Two Pointer,0,-48,56,D,,,,5,06:00,10,9,
2007,TS,17,191,49,BAR,PBOD,"KASUN, MARIO",2FGM,Two Pointer,2,-15,-5,D,,,,6,05:00,12,9,
2007,TS,17,191,50,ROM,PTFR,"RAY, ALLAN",2FGA,Missed Two Pointer,0,-15,10,D,,,,6,05:00,12,9,
2007,TS,17,191,58,BAR,PADS,"BASILE, GIANLUCA",2FGA,Missed Two Pointer,0,-20,117,D,,,,6,05:00,12,9,
2007,TS,17,191,60,BAR,PAXC,"VAZQUEZ, FRAN",2FGM,Two Pointer,2,17,-7,C,,,,6,05:00,14,9,
2007,TS,17,191,62,ROM,PADB,"DE LA FUENTE, RODRIGO",2FGA,Missed Two Pointer,0,69,117,C,,,,7,04:00,14,9,
2007,TS,17,191,69,BAR,PLGC,"ACKER, ALEX",FTM,Free Throw In,1,-1,-1, ,,,,7,04:00,15,9,
2007,TS,17,191,70,BAR,PLGC,"ACKER, ALEX",FTM,Free Throw In,1,-1,-1, ,,,,7,04:00,16,9,
2007,TS,17,191,73,ROM,PBWL,"LORBEK, ERAZEM",2FGM,Two Pointer,2,407,89,B,,,,7,04:00,16,11,
2007,TS,17,191,76,BAR,PAXC,"VAZQUEZ, FRAN",2FGM,Two Pointer,2,-17,141,D,,,,8,03:00,18,11,
2007,TS,17,191,89,ROM,PADB,"DE LA FUENTE, RODRIGO",3FGA,Missed Three Pointer,0,69,702,G,,,,9,02:00,18,11,
2007,TS,17,191,95,BAR,PJKP,"ILYASOVA, ERSAN",FTM,Free Throw In,1,-1,-1, ,,,,9,02:00,19,11,
2007,TS,17,191,96,BAR,PJKP,"ILYASOVA, ERSAN",FTM,Free Throw In,1,-1,-1, ,,,,9,02:00,20,11,
2007,TS,17,191,97,ROM,P000753,"JAABER, IBRAHIM IBIN",3FGA,Missed Three Pointer,0,469,674,G,,,,9,02:00,20,11,
2007,TS,17,191,99,BAR,PADS,"BASILE, GIANLUCA",2FGM,Two Pointer,2,-10,7,D,,,,9,02:00,22,11,
2007,TS,17,191,104,BAR,PADS,"BASILE, GIANLUCA",FTM,Free Throw In,1,-1,-1, ,,,,9,02:00,23,11,
2007,TS,17,191,106,ROM,PBWL,"LORBEK, ERAZEM",3FGA,Missed Three Pointer,0,-174,658,J,,,,10,01:00,23,11,
2007,TS,17,191,112,BAR,PJKP,"ILYASOVA, ERSAN",FTM,Free Throw In,1,-1,-1, ,,,,10,01:00,24,11,
2007,TS,17,191,113,BAR,PJKP,"ILYASOVA, ERSAN",FTM,Free Throw In,1,-1,-1, ,,,,10,01:00,25,11,
2007,TS,17,191,114,ROM,PLUK,"STEFANSSON, JON",3FGA,Missed Three Pointer,0,400,564,G,,,,10,01:00,25,11,
2007,TS,17,191,118,BAR,PAXC,"VAZQUEZ, FRAN",FTM,Free Throw In,1,-1,-1, ,,,,10,01:00,26,11,
2007,TS,17,191,119,BAR,PAXC,"VAZQUEZ, FRAN",FTM,Free Throw In,1,-1,-1, ,,,,10,01:00,27,11,
2007,TS,17,191,120,ROM,P000753,"JAABER, IBRAHIM IBIN",2FGAB,Missed Two Pointer,0,51,105,C,,,,10,01:00,27,11,
2007,TS,17,191,124,BAR,PADS,"BASILE, GIANLUCA",3FGM,Three Pointer,3,638,233,A,,,,10,01:00,30,11,
2007,TS,17,191,135,ROM,PLUK,"STEFANSSON, JON",2FGA,Missed Two Pointer,0,556,174,B,,,,11,10:00,30,11,
2007,TS,17,191,137,BAR,PBKE,"GRIMAU, ROGER",2FGM,Two Pointer,2,-15,-7,D,,,,11,10:00,32,11,
2007,TS,17,191,140,BAR,PJKP,"ILYASOVA, ERSAN",3FGA,Missed Three Pointer,0,-525,448,J,,,,11,10:00,32,11,
2007,TS,17,191,153,ROM,PBWL,"LORBEK, ERAZEM",2FGA,Missed Two Pointer,0,-197,97,D,,,,12,09:00,32,11,
2007,TS,17,191,155,BAR,PBKE,"GRIMAU, ROGER",3FGM,Three Pointer,3,-569,374,F,,,,12,09:00,35,11,
2007,TS,17,191,157,ROM,PTFR,"RAY, ALLAN",2FGA,Missed Two Pointer,0,15,48,C,,,,12,09:00,35,11,
2007,TS,17,191,159,ROM,PADP,"FUCKA, GREGOR",2FGA,Missed Two Pointer,0,71,33,C,,,,12,09:00,35,11,
2007,TS,17,191,162,BAR,PBOD,"KASUN, MARIO",2FGA,Missed Two Pointer,0,46,2,C,,,,13,08:00,35,11,
2007,TS,17,191,164,BAR,PBOD,"KASUN, MARIO",2FGAB,Missed Two Pointer,0,-38,56,D,,,,13,08:00,35,11,
2007,TS,17,191,175,ROM,PTFR,"RAY, ALLAN",3FGA,Missed Three Pointer,0,617,228,A,,,,13,08:00,35,11,
2007,TS,17,191,179,BAR,P000751,"NEAL, GARY",3FGA,Missed Three Pointer,0,-592,441,J,,,,13,08:00,35,11,
2007,TS,17,191,182,BAR,P000751,"NEAL, GARY",3FGA,Missed Three Pointer,0,-579,317,F,,,,14,07:00,35,11,
2007,TS,17,191,184,BAR,PAHW,"MARCONATO, DENIS",2FGM,Two Pointer,2,0,20,D,,,,14,07:00,37,11,
2007,TS,17,191,185,ROM,PBWL,"LORBEK, ERAZEM",3FGA,Missed Three Pointer,0,-366,582,J,,,,14,07:00,37,11,
2007,TS,17,191,187,BAR,PAHW,"MARCONATO, DENIS",2FGA,Missed Two Pointer,0,-128,484,I,,,,14,07:00,37,11,
2007,TS,17,191,195,ROM,PTFR,"RAY, ALLAN",3FGA,Missed Three Pointer,0,664,10,A,,,,15,06:00,37,11,
2007,TS,17,191,205,ROM,PBWL,"LORBEK, ERAZEM",2FGAB,Missed Two Pointer,0,10,46,C,,,,15,06:00,37,11,
2007,TS,17,191,209,BAR,P000751,"NEAL, GARY",2FGAB,Missed Two Pointer,0,-58,35,D,,,,15,06:00,37,11,
2007,TS,17,191,214,ROM,PCJA,"UKIC, ROKO-LENI",2FGAB,Missed Two Pointer,0,61,20,C,,,,16,05:00,37,11,
2007,TS,17,191,220,ROM,PKZA,"HAWKINS, DAVID",3FGA,Missed Three Pointer,0,-658,43,F,,,,16,05:00,37,11,
2007,TS,17,191,230,BAR,PJJF,"TRIAS, JORDI",FTM,Free Throw In,1,-1,-1, ,,,,16,05:00,38,11,
2007,TS,17,191,231,BAR,PJJF,"TRIAS, JORDI",FTM,Free Throw In,1,-1,-1, ,,,,16,05:00,39,11,
2007,TS,17,191,232,ROM,PLUK,"STEFANSSON, JON",2FGA,Missed Two Pointer,0,530,-5,B,,,,16,05:00,39,11,
2007,TS,17,191,234,BAR,P000751,"NEAL, GARY",3FGA,Missed Three Pointer,0,-658,-43,F,,,,16,05:00,39,11,
2007,TS,17,191,237,BAR,P000751,"NEAL, GARY",3FGA,Missed Three Pointer,0,-651,151,F,,,,17,04:00,39,11,
2007,TS,17,191,239,ROM,PCCI,"TONOLLI, ALESSANDRO",2FGM,Two Pointer,2,0,7,D,,,,17,04:00,39,13,
2007,TS,17,191,247,ROM,P000753,"JAABER, IBRAHIM IBIN",2FGA,Missed Two Pointer,0,79,492,H,,,,17,04:00,39,13,
2007,TS,17,191,249,BAR,PJJF,"TRIAS, JORDI",2FGM,Two Pointer,2,443,135,B,,,,17,04:00,41,13,
2007,TS,17,191,257,ROM,PKZA,"HAWKINS, DAVID",FTM,Free Throw In,1,-1,-1, ,,,,17,04:00,41,14,
2007,TS,17,191,258,ROM,PKZA,"HAWKINS, DAVID",FTM,Free Throw In,1,-1,-1, ,,,,17,04:00,41,15,
2007,TS,17,191,260,BAR,PATA,"LAKOVIC, JAKA",3FGA,Missed Three Pointer,0,-92,725,J,,,,18,03:00,41,15,
2007,TS,17,191,262,BAR,PJJF,"TRIAS, JORDI",2FGA,Missed Two Pointer,0,-48,30,D,,,,18,03:00,41,15,
2007,TS,17,191,264,BAR,PADS,"BASILE, GIANLUCA",3FGA,Missed Three Pointer,0,-556,384,F,,,,18,03:00,41,15,
2007,TS,17,191,267,BAR,PLGC,"ACKER, ALEX",3FGA,Missed Three Pointer,0,643,125,A,,,,18,03:00,41,15,
2007,TS,17,191,269,ROM,PBWL,"LORBEK, ERAZEM",2FGM,Two Pointer,2,-302,74,E,,,,18,03:00,41,17,
2007,TS,17,191,271,BAR,PADS,"BASILE, GIANLUCA",3FGA,Missed Three Pointer,0,343,592,G,,,,19,02:00,41,17,
2007,TS,17,191,273,ROM,PKZA,"HAWKINS, DAVID",2FGM,Two Pointer,2,-33,35,D,,,,19,02:00,41,19,
2007,TS,17,191,281,ROM,PKZA,"HAWKINS, DAVID",FTM,Free Throw In,1,-1,-1, ,,,,19,02:00,41,20,
2007,TS,17,191,285,ROM,PKZA,"HAWKINS, DAVID",3FGM,Three Pointer,3,656,64,A,,,,20,01:00,41,23,
2007,TS,17,191,289,ROM,PBWL,"LORBEK, ERAZEM",2FGM,Two Pointer,2,5,15,C,,,,20,01:00,41,25,
2007,TS,17,191,294,BAR,PADS,"BASILE, GIANLUCA",2FGA,Missed Two Pointer,0,-153,112,D,,,,20,01:00,41,25,
2007,TS,17,191,311,ROM,PKZA,"HAWKINS, DAVID",3FGM,Three Pointer,3,664,-28,A,,,,21,10:00,41,28,
2007,TS,17,191,313,BAR,PBKE,"GRIMAU, ROGER",2FGA,Missed Two Pointer,0,23,58,C,,,,21,10:00,41,28,
2007,TS,17,191,317,BAR,PBKE,"GRIMAU, ROGER",3FGA,Missed Three Pointer,0,566,361,A,,,,21,10:00,41,28,
2007,TS,17,191,319,ROM,PKZA,"HAWKINS, DAVID",2FGM,Two Pointer,2,-20,2,D,,,,21,10:00,41,30,
2007,TS,17,191,327,BAR,PAXC,"VAZQUEZ, FRAN",2FGA,Missed Two Pointer,0,100,351,C,,,,22,09:00,41,30,
2007,TS,17,191,337,ROM,PKZA,"HAWKINS, DAVID",FTM,Free Throw In,1,-1,-1, ,,,,23,08:00,41,31,
2007,TS,17,191,338,BAR,PLGC,"ACKER, ALEX",2FGAB,Missed Two Pointer,0,125,76,C,,,,23,08:00,41,31,
2007,TS,17,191,342,BAR,PADS,"BASILE, GIANLUCA",3FGA,Missed Three Pointer,0,394,707,G,,,,23,08:00,41,31,
2007,TS,17,191,344,BAR,PBOD,"KASUN, MARIO",2FGM,Two Pointer,2,7,-10,C,,,,23,08:00,43,31,
2007,TS,17,191,346,ROM,PTGO,"CROSARIOL, ANDREA",2FGA,Missed Two Pointer,0,43,5,C,,,,23,08:00,43,31,
2007,TS,17,191,348,ROM,PADP,"FUCKA, GREGOR",2FGM,Two Pointer,2,-15,-7,D,,,,23,08:00,43,33,
2007,TS,17,191,352,BAR,PADS,"BASILE, GIANLUCA",3FGM,Three Pointer,3,656,133,A,,,,24,07:00,46,33,
2007,TS,17,191,356,BAR,PAZU,"SANCHEZ, PEPE",3FGA,Missed Three Pointer,0,-494,479,J,,,,24,07:00,46,33,
2007,TS,17,191,365,BAR,PBOD,"KASUN, MARIO",2FGA,Missed Two Pointer,0,10,25,C,,,,25,06:00,46,33,
2007,TS,17,191,367,BAR,PAZU,"SANCHEZ, PEPE",3FGM,Three Pointer,3,630,243,A,,,,25,06:00,49,33,
2007,TS,17,191,376,BAR,PLGC,"ACKER, ALEX",3FGM,Three Pointer,3,-169,687,J,,,,25,06:00,52,33,
2007,TS,17,191,378,ROM,PBWL,"LORBEK, ERAZEM",2FGM,Two Pointer,2,-2,138,D,,,,25,06:00,52,35,
2007,TS,17,191,380,BAR,PJKP,"ILYASOVA, ERSAN",3FGA,Missed Three Pointer,0,200,661,G,,,,26,05:00,52,35,
2007,TS,17,191,382,ROM,PCJA,"UKIC, ROKO-LENI",3FGM,Three Pointer,3,-658,41,F,,,,26,05:00,52,38,
2007,TS,17,191,384,BAR,PADS,"BASILE, GIANLUCA",3FGA,Missed Three Pointer,0,156,658,G,,,,26,05:00,52,38,
2007,TS,17,191,392,BAR,PJKP,"ILYASOVA, ERSAN",3FGA,Missed Three Pointer,0,674,48,A,,,,27,04:00,52,38,
2007,TS,17,191,394,ROM,P000753,"JAABER, IBRAHIM IBIN",2FGAB,Missed Two Pointer,0,-7,25,D,,,,27,04:00,52,38,
2007,TS,17,191,399,BAR,PAZU,"SANCHEZ, PEPE",3FGA,Missed Three Pointer,0,353,589,G,,,,28,03:00,52,38,
2007,TS,17,191,401,BAR,PADS,"BASILE, GIANLUCA",3FGA,Missed Three Pointer,0,-348,597,J,,,,28,03:00,52,38,
2007,TS,17,191,404,ROM,PBWL,"LORBEK, ERAZEM",2FGAB,Missed Two Pointer,0,-43,28,D,,,,28,03:00,52,38,
2007,TS,17,191,412,ROM,P000753,"JAABER, IBRAHIM IBIN",3FGA,Missed Three Pointer,0,-392,558,J,,,,28,03:00,52,38,
2007,TS,17,191,415,BAR,PJKP,"ILYASOVA, ERSAN",3FGA,Missed Three Pointer,0,-648,169,F,,,,29,02:00,52,38,
2007,TS,17,191,419,BAR,PLGC,"ACKER, ALEX",FTM,Free Throw In,1,-1,-1, ,,,,29,02:00,53,38,
2007,TS,17,191,420,BAR,PLGC,"ACKER, ALEX",FTM,Free Throw In,1,-1,-1, ,,,,29,02:00,54,38,
2007,TS,17,191,421,ROM,PBWL,"LORBEK, ERAZEM",2FGA,Missed Two Pointer,0,-351,207,E,,,,29,02:00,54,38,
2007,TS,17,191,423,BAR,PATA,"LAKOVIC, JAKA",3FGM,Three Pointer,3,-517,441,J,,,,29,02:00,57,38,
2007,TS,17,191,430,ROM,PTFR,"RAY, ALLAN",2FGA,Missed Two Pointer,0,43,25,C,,,,30,01:00,57,38,
2007,TS,17,191,432,BAR,PAHW,"MARCONATO, DENIS",2FGM,Two Pointer,2,10,10,C,,,,30,01:00,59,38,
2007,TS,17,191,434,ROM,P000753,"JAABER, IBRAHIM IBIN",2FGM,Two Pointer,2,-5,10,D,,,,30,01:00,59,40,
2007,TS,17,191,435,BAR,PJKP,"ILYASOVA, ERSAN",3FGA,Missed Three Pointer,0,-351,584,J,,,,30,01:00,59,40,
2007,TS,17,191,442,ROM,PTFR,"RAY, ALLAN",3FGA,Missed Three Pointer,0,-451,615,J,,,,31,10:00,59,40,
2007,TS,17,191,444,BAR,PATA,"LAKOVIC, JAKA",2FGA,Missed Two Pointer,0,-207,187,D,,,,31,10:00,59,40,
2007,TS,17,191,450,ROM,PBWL,"LORBEK, ERAZEM",2FGA,Missed Two Pointer,0,-10,597,I,,,,31,10:00,59,40,
2007,TS,17,191,459,ROM,PADP,"FUCKA, GREGOR",2FGAB,Missed Two Pointer,0,-10,10,D,,,,32,09:00,59,40,
2007,TS,17,191,467,BAR,PATA,"LAKOVIC, JAKA",FTM,Free Throw In,1,-1,-1, ,,,,32,09:00,60,40,
2007,TS,17,191,468,BAR,PATA,"LAKOVIC, JAKA",FTM,Free Throw In,1,-1,-1, ,,,,32,09:00,61,40,
2007,TS,17,191,478,BAR,PAXC,"VAZQUEZ, FRAN",FTM,Free Throw In,1,-1,-1, ,,,,32,09:00,62,40,
2007,TS,17,191,487,BAR,PLGC,"ACKER, ALEX",2FGA,Missed Two Pointer,0,179,28,C,,,,33,08:00,62,40,
2007,TS,17,191,492,BAR,PLGC,"ACKER, ALEX",FTM,Free Throw In,1,-1,-1, ,,,,33,08:00,63,40,
2007,TS,17,191,493,BAR,PLGC,"ACKER, ALEX",FTM,Free Throw In,1,-1,-1, ,,,,33,08:00,64,40,
2007,TS,17,191,494,ROM,PKZA,"HAWKINS, DAVID",2FGM,Two Pointer,2,448,112,B,,,,33,08:00,64,42,
2007,TS,17,191,496,BAR,PJJF,"TRIAS, JORDI",2FGA,Missed Two Pointer,0,382,56,B,,,,34,07:00,64,42,
2007,TS,17,191,498,ROM,PKZA,"HAWKINS, DAVID",2FGM,Two Pointer,2,-5,89,D,,,,34,07:00,64,44,
2007,TS,17,191,501,BAR,PATA,"LAKOVIC, JAKA",3FGM,Three Pointer,3,-200,664,J,,,,34,07:00,67,44,
2007,TS,17,191,507,ROM,PADP,"FUCKA, GREGOR",FTM,Free Throw In,1,-1,-1, ,,,,35,06:00,67,45,
2007,TS,17,191,511,ROM,PADP,"FUCKA, GREGOR",2FGM,Two Pointer,2,0,0,D,,,,35,06:00,67,47,
2007,TS,17,191,512,BAR,PADS,"BASILE, GIANLUCA",3FGM,Three Pointer,3,484,584,G,,,,35,06:00,70,47,
2007,TS,17,191,515,ROM,P000753,"JAABER, IBRAHIM IBIN",2FGA,Missed Two Pointer,0,-43,15,D,,,,36,05:00,70,47,
2007,TS,17,191,526,BAR,PBKE,"GRIMAU, ROGER",FTM,Free Throw In,1,-1,-1, ,,,,36,05:00,71,47,
2007,TS,17,191,529,BAR,PADS,"BASILE, GIANLUCA",FTM,Free Throw In,1,-1,-1, ,,,,36,05:00,72,47,
2007,TS,17,191,530,BAR,PADS,"BASILE, GIANLUCA",FTM,Free Throw In,1,-1,-1, ,,,,36,05:00,73,47,
2007,TS,17,191,533,ROM,PTFR,"RAY, ALLAN",3FGA,Missed Three Pointer,0,476,579,G,,,,36,05:00,73,47,
2007,TS,17,191,536,BAR,P000751,"NEAL, GARY",2FGM,Two Pointer,2,-123,41,D,,,,37,04:00,75,47,
2007,TS,17,191,541,ROM,PKZA,"HAWKINS, DAVID",3FGA,Missed Three Pointer,0,474,479,G,,,,37,04:00,75,47,
2007,TS,17,191,543,ROM,PBWL,"LORBEK, ERAZEM",2FGM,Two Pointer,2,-210,110,D,,,,37,04:00,75,49,
2007,TS,17,191,552,BAR,PATA,"LAKOVIC, JAKA",FTM,Free Throw In,1,-1,-1, ,,,,37,04:00,76,49,
2007,TS,17,191,553,BAR,PATA,"LAKOVIC, JAKA",FTM,Free Throw In,1,-1,-1, ,,,,37,04:00,77,49,
2007,TS,17,191,555,ROM,PBWL,"LORBEK, ERAZEM",2FGM,Two Pointer,2,43,484,H,,,,38,03:00,77,51,
2007,TS,17,191,556,BAR,P000751,"NEAL, GARY",3FGAB,Missed Three Pointer,0,-282,625,J,,,,38,03:00,77,51,
2007,TS,17,191,560,BAR,P000751,"NEAL, GARY",3FGA,Missed Three Pointer,0,-417,558,J,,,,38,03:00,77,51,
2007,TS,17,191,564,BAR,PBKE,"GRIMAU, ROGER",2FGAB,Missed Two Pointer,0,-33,76,D,,,,38,03:00,77,51,
2007,TS,17,191,568,ROM,PADB,"DE LA FUENTE, RODRIGO",3FGM,Three Pointer,3,-656,-7,F,,,,38,03:00,77,54,
2007,TS,17,191,572,ROM,PCJA,"UKIC, ROKO-LENI",2FGAB,Missed Two Pointer,0,-5,10,D,,,,39,02:00,77,54,
2007,TS,17,191,576,BAR,PATA,"LAKOVIC, JAKA",2FGM,Two Pointer,2,7,7,C,,,,39,02:00,79,54,
2007,TS,17,191,584,ROM,PLUK,"STEFANSSON, JON",3FGA,Missed Three Pointer,0,676,23,A,,,,39,02:00,79,54,
2007,TS,17,191,586,BAR,PATA,"LAKOVIC, JAKA",3FGM,Three Pointer,3,341,635,G,,,,39,02:00,82,54,
2007,TS,17,191,588,ROM,PBWL,"LORBEK, ERAZEM",3FGA,Missed Three Pointer,0,-656,135,F,,,,40,01:00,82,54,
2007,TS,17,191,590,BAR,PAXC,"VAZQUEZ, FRAN",2FGM,Two Pointer,2,0,10,D,,,,40,01:00,84,54,
2007,TS,17,191,594,ROM,PCJA,"UKIC, ROKO-LENI",FTM,Free Throw In,1,-1,-1, ,,,,40,01:00,84,55,
2007,TS,17,191,595,BAR,PJJF,"TRIAS, JORDI",2FGM,Two Pointer,2,-25,12,D,,,,40,01:00,86,55,
2007,TS,17,191,597,ROM,PCJA,"UKIC, ROKO-LENI",2FGM,Two Pointer,2,-56,92,D,,,,40,01:00,86,57,
2007,TS,17,192,3,MAL,PKMV,"HAISLIP, MARCUS",2FGA,Missed Two Pointer,0,-51,25,D,,,,1,10:00,0,0,
2007,TS,17,192,6,MAL,PKMV,"HAISLIP, MARCUS",3FGM,Three Pointer,3,494,458,G,,,,1,10:00,3,0,
2007,TS,17,192,7,CSK,PJMM,"SISKAUSKAS, RAMUNAS",3FGA,Missed Three Pointer,0,661,56,A,,,,1,10:00,3,0,
2007,TS,17,192,10,MAL,PAGQ,"WELSCH, JIRI",3FGM,Three Pointer,3,-94,651,J,,,,2,09:00,6,0,
2007,TS,17,192,11,CSK,PAUC,"GOREE, MARCUS",2FGA,Missed Two Pointer,0,-89,161,D,,,,2,09:00,6,0,
2007,TS,17,192,13,CSK,PAUC,"GOREE, MARCUS",2FGM,Two Pointer,2,-43,58,D,,,,2,09:00,6,2,
2007,TS,17,192,19,CSK,PJMM,"SISKAUSKAS, RAMUNAS",2FGM,Two Pointer,2,-76,23,D,,,,3,08:00,6,4,
2007,TS,17,192,22,MAL,PKML,"SANTIAGO, DANIEL",2FGA,Missed Two Pointer,0,-94,15,D,,,,3,08:00,6,4,
2007,TS,17,192,24,MAL,PJXV,"CASTLE, TERREL",2FGA,Missed Two Pointer,0,-28,133,D,,,,3,08:00,6,4,
2007,TS,17,192,26,CSK,PAQO,"HOLDEN, JON ROBERT",2FGA,Missed Two Pointer,0,528,279,B,,,,3,08:00,6,4,
2007,TS,17,192,31,MAL,PAAS,"JIMENEZ, CARLOS",2FGA,Missed Two Pointer,0,169,10,C,,,,4,07:00,6,4,
2007,TS,17,192,33,CSK,PAUC,"GOREE, MARCUS",2FGM,Two Pointer,2,64,20,C,,,,4,07:00,6,6,
2007,TS,17,192,35,MAL,PAGQ,"WELSCH, JIRI",2FGA,Missed Two Pointer,0,33,392,C,,,,5,06:00,6,6,
2007,TS,17,192,38,MAL,PJXV,"CASTLE, TERREL",3FGM,Three Pointer,3,471,505,G,,,,5,06:00,9,6,
2007,TS,17,192,39,CSK,PAKT,"ANDERSEN, DAVID",2FGM,Two Pointer,2,-112,7,D,,,,5,06:00,9,8,
2007,TS,17,192,42,CSK,PAKT,"ANDERSEN, DAVID",FTM,Free Throw In,1,-1,-1, ,,,,5,06:00,9,9,
2007,TS,17,192,43,MAL,PAGQ,"WELSCH, JIRI",2FGA,Missed Two Pointer,0,-223,448,I,,,,5,06:00,9,9,
2007,TS,17,192,46,CSK,PJMM,"SISKAUSKAS, RAMUNAS",3FGA,Missed Three Pointer,0,-276,617,J,,,,6,05:00,9,9,
2007,TS,17,192,49,MAL,PAAS,"JIMENEZ, CARLOS",3FGM,Three Pointer,3,646,210,A,,,,6,05:00,12,9,
2007,TS,17,192,60,MAL,PAGQ,"WELSCH, JIRI",2FGA,Missed Two Pointer,0,-46,41,D,,,,7,04:00,12,9,
2007,TS,17,192,63,CSK,PAKT,"ANDERSEN, DAVID",3FGM,Three Pointer,3,-205,648,J,,,,7,04:00,12,12,
2007,TS,17,192,65,MAL,PKML,"SANTIAGO, DANIEL",2FGM,Two Pointer,2,146,61,C,,,,8,03:00,14,12,
2007,TS,17,192,67,CSK,PJMM,"SISKAUSKAS, RAMUNAS",2FGM,Two Pointer,2,0,5,D,,,,8,03:00,14,14,
2007,TS,17,192,68,MAL,PAGQ,"WELSCH, JIRI",2FGA,Missed Two Pointer,0,-317,43,E,,,,8,03:00,14,14,
2007,TS,17,192,70,MAL,PKML,"SANTIAGO, DANIEL",2FGM,Two Pointer,2,-48,17,D,,,,8,03:00,16,14,
2007,TS,17,192,72,CSK,PBCQ,"KHRYAPA, VICTOR",2FGA,Missed Two Pointer,0,-561,-20,E,,,,9,02:00,16,14,
2007,TS,17,192,87,CSK,PBCQ,"KHRYAPA, VICTOR",2FGA,Missed Two Pointer,0,17,74,C,,,,9,02:00,16,14,
2007,TS,17,192,96,MAL,PKML,"SANTIAGO, DANIEL",FTM,Free Throw In,1,-1,-1, ,,,,10,01:00,17,14,
2007,TS,17,192,97,MAL,PKML,"SANTIAGO, DANIEL",FTM,Free Throw In,1,-1,-1, ,,,,10,01:00,18,14,
2007,TS,17,192,98,CSK,PBEB,"LANGDON, TRAJAN",2FGM,Two Pointer,2,-417,7,E,,,,10,01:00,18,16,
2007,TS,17,192,100,MAL,PAWS,"RODRIGUEZ, BERNI",3FGM,Three Pointer,3,-676,35,F,,,,10,01:00,21,16,
2007,TS,17,192,101,CSK,PAUC,"GOREE, MARCUS",2FGA,Missed Two Pointer,0,-341,430,I,,,,10,01:00,21,16,
2007,TS,17,192,110,CSK,PATW,"PAPALOUKAS, THEODOROS",3FGA,Missed Three Pointer,0,574,1184,G,,,,10,01:00,21,16,
2007,TS,17,192,119,MAL,PKML,"SANTIAGO, DANIEL",2FGM,Two Pointer,2,-187,23,D,,,,11,10:00,23,16,
2007,TS,17,192,124,MAL,PKML,"SANTIAGO, DANIEL",2FGM,Two Pointer,2,-2,5,D,,,,11,10:00,25,16,
2007,TS,17,192,129,MAL,PKML,"SANTIAGO, DANIEL",2FGA,Missed Two Pointer,0,261,433,H,,,,12,09:00,25,16,
2007,TS,17,192,138,CSK,PBEB,"LANGDON, TRAJAN",2FGM,Two Pointer,2,-76,12,D,,,,12,09:00,25,18,
2007,TS,17,192,142,MAL,PKML,"SANTIAGO, DANIEL",2FGA,Missed Two Pointer,0,-64,89,D,,,,13,08:00,25,18,
2007,TS,17,192,155,MAL,PAFJ,"KUS, DAVOR",3FGM,Three Pointer,3,-458,630,J,,,,13,08:00,28,18,
2007,TS,17,192,162,MAL,PBOV,"POPOVIC, BOJAN",3FGA,Missed Three Pointer,0,674,323,A,,,,14,07:00,28,18,
2007,TS,17,192,172,MAL,PBOV,"POPOVIC, BOJAN",FTM,Free Throw In,1,-1,-1, ,,,,14,07:00,29,18,
2007,TS,17,192,173,MAL,PBOV,"POPOVIC, BOJAN",FTM,Free Throw In,1,-1,-1, ,,,,14,07:00,30,18,
2007,TS,17,192,177,CSK,PBEB,"LANGDON, TRAJAN",2FGM,Two Pointer,2,-151,64,D,,,,15,06:00,30,20,
2007,TS,17,192,178,MAL,PAFJ,"KUS, DAVOR",3FGA,Missed Three Pointer,0,-584,566,J,,,,15,06:00,30,20,
2007,TS,17,192,181,CSK,PBEB,"LANGDON, TRAJAN",3FGM,Three Pointer,3,-346,571,J,,,,15,06:00,30,23,
2007,TS,17,192,182,MAL,PAFJ,"KUS, DAVOR",2FGM,Two Pointer,2,-102,23,D,,,,15,06:00,32,23,
2007,TS,17,192,186,MAL,PTGE,"NDONG, BONIFACE",2FGA,Missed Two Pointer,0,69,2,C,,,,16,05:00,32,23,
2007,TS,17,192,188,CSK,PBCQ,"KHRYAPA, VICTOR",3FGA,Missed Three Pointer,0,676,-66,A,,,,16,05:00,32,23,
2007,TS,17,192,191,MAL,PBIM,"GABRIEL, GERMAN",3FGA,Missed Three Pointer,0,584,343,A,,,,17,04:00,32,23,
2007,TS,17,192,193,CSK,PAQO,"HOLDEN, JON ROBERT",2FGA,Missed Two Pointer,0,364,456,H,,,,17,04:00,32,23,
2007,TS,17,192,195,MAL,PBIM,"GABRIEL, GERMAN",2FGM,Two Pointer,2,87,15,C,,,,17,04:00,34,23,
2007,TS,17,192,214,MAL,PJXV,"CASTLE, TERREL",FTM,Free Throw In,1,-1,-1, ,,,,17,04:00,35,23,
2007,TS,17,192,220,MAL,PBIM,"GABRIEL, GERMAN",FTM,Free Throw In,1,-1,-1, ,,,,18,03:00,36,23,
2007,TS,17,192,221,MAL,PBIM,"GABRIEL, GERMAN",FTM,Free Throw In,1,-1,-1, ,,,,18,03:00,37,23,
2007,TS,17,192,223,CSK,PAKT,"ANDERSEN, DAVID",3FGM,Three Pointer,3,-382,553,J,,,,18,03:00,37,26,
2007,TS,17,192,224,MAL,PTGE,"NDONG, BONIFACE",2FGM,Two Pointer,2,453,174,B,,,,18,03:00,39,26,
2007,TS,17,192,227,CSK,PJMM,"SISKAUSKAS, RAMUNAS",2FGM,Two Pointer,2,61,12,C,,,,19,02:00,39,28,
2007,TS,17,192,229,CSK,PJMM,"SISKAUSKAS, RAMUNAS",2FGM,Two Pointer,2,128,212,C,,,,19,02:00,39,30,
2007,TS,17,192,240,CSK,PJMM,"SISKAUSKAS, RAMUNAS",FTM,Free Throw In,1,-1,-1, ,,,,20,01:00,39,31,
2007,TS,17,192,246,CSK,PAUC,"GOREE, MARCUS",2FGM,Two Pointer,2,2,141,D,,,,20,01:00,39,33,
2007,TS,17,192,248,CSK,PJMM,"SISKAUSKAS, RAMUNAS",3FGA,Missed Three Pointer,0,-17,1233,J,,,,20,01:00,39,33,
2007,TS,17,192,255,CSK,PAUC,"GOREE, MARCUS",2FGA,Missed Two Pointer,0,51,20,C,,,,21,10:00,39,33,
2007,TS,17,192,257,MAL,PJXV,"CASTLE, TERREL",2FGM,Two Pointer,2,297,61,B,,,,21,10:00,41,33,
2007,TS,17,192,267,CSK,PAUC,"GOREE, MARCUS",3FGA,Missed Three Pointer,0,-684,-25,F,,,,22,09:00,41,33,
2007,TS,17,192,273,MAL,PKML,"SANTIAGO, DANIEL",FTM,Free Throw In,1,-1,-1, ,,,,22,09:00,42,33,
2007,TS,17,192,274,MAL,PKML,"SANTIAGO, DANIEL",FTM,Free Throw In,1,-1,-1, ,,,,22,09:00,43,33,
2007,TS,17,192,275,CSK,PAQO,"HOLDEN, JON ROBERT",2FGM,Two Pointer,2,-253,115,E,,,,22,09:00,43,35,
2007,TS,17,192,276,MAL,PAGQ,"WELSCH, JIRI",2FGA,Missed Two Pointer,0,-115,15,D,,,,22,09:00,43,35,
2007,TS,17,192,278,MAL,PKML,"SANTIAGO, DANIEL",2FGM,Two Pointer,2,25,58,C,,,,22,09:00,45,35,
2007,TS,17,192,279,CSK,PAKT,"ANDERSEN, DAVID",3FGA,Missed Three Pointer,0,256,676,G,,,,22,09:00,45,35,
2007,TS,17,192,281,MAL,PAGQ,"WELSCH, JIRI",3FGA,Missed Three Pointer,0,-435,535,J,,,,22,09:00,45,35,
2007,TS,17,192,294,MAL,PKML,"SANTIAGO, DANIEL",FTM,Free Throw In,1,-1,-1, ,,,,23,08:00,46,35,
2007,TS,17,192,295,MAL,PKML,"SANTIAGO, DANIEL",FTM,Free Throw In,1,-1,-1, ,,,,23,08:00,47,35,
2007,TS,17,192,296,CSK,PBCQ,"KHRYAPA, VICTOR",3FGA,Missed Three Pointer,0,-253,620,J,,,,23,08:00,47,35,
2007,TS,17,192,301,MAL,PKMV,"HAISLIP, MARCUS",2FGM,Two Pointer,2,133,30,C,,,,24,07:00,49,35,
2007,TS,17,192,306,MAL,PKMV,"HAISLIP, MARCUS",3FGA,Missed Three Pointer,0,89,666,G,,,,25,06:00,49,35,
2007,TS,17,192,309,MAL,PKML,"SANTIAGO, DANIEL",2FGM,Two Pointer,2,0,2,D,,,,25,06:00,51,35,
2007,TS,17,192,312,MAL,PKMV,"HAISLIP, MARCUS",3FGM,Three Pointer,3,-256,633,J,,,,25,06:00,54,35,
2007,TS,17,192,315,CSK,PASG,"VAN DEN SPIEGEL, TOMAS",2FGM,Two Pointer,2,-5,0,D,,,,26,05:00,54,37,
2007,TS,17,192,316,MAL,PKML,"SANTIAGO, DANIEL",2FGA,Missed Two Pointer,0,30,135,C,,,,26,05:00,54,37,
2007,TS,17,192,318,MAL,PAWS,"RODRIGUEZ, BERNI",3FGA,Missed Three Pointer,0,228,658,G,,,,26,05:00,54,37,
2007,TS,17,192,327,CSK,PBEB,"LANGDON, TRAJAN",2FGA,Missed Two Pointer,0,-51,123,D,,,,27,04:00,54,37,
2007,TS,17,192,329,CSK,PATW,"PAPALOUKAS, THEODOROS",3FGM,Three Pointer,3,141,676,G,,,,27,04:00,54,40,
2007,TS,17,192,330,MAL,PAWS,"RODRIGUEZ, BERNI",3FGA,Missed Three Pointer,0,687,7,A,,,,27,04:00,54,40,
2007,TS,17,192,343,MAL,PKMV,"HAISLIP, MARCUS",2FGA,Missed Two Pointer,0,-443,-7,E,,,,28,03:00,54,40,
2007,TS,17,192,345,CSK,PAQO,"HOLDEN, JON ROBERT",3FGA,Missed Three Pointer,0,561,400,A,,,,28,03:00,54,40,
2007,TS,17,192,347,MAL,PBOV,"POPOVIC, BOJAN",2FGA,Missed Two Pointer,0,-100,30,D,,,,28,03:00,54,40,
2007,TS,17,192,350,CSK,PAKT,"ANDERSEN, DAVID",3FGA,Missed Three Pointer,0,343,617,G,,,,29,02:00,54,40,
2007,TS,17,192,359,CSK,PATW,"PAPALOUKAS, THEODOROS",2FGA,Missed Two Pointer,0,-5,351,D,,,,29,02:00,54,40,
2007,TS,17,192,361,CSK,PASG,"VAN DEN SPIEGEL, TOMAS",2FGM,Two Pointer,2,-66,15,D,,,,29,02:00,54,42,
2007,TS,17,192,362,MAL,PAGQ,"WELSCH, JIRI",2FGM,Two Pointer,2,79,420,C,,,,29,02:00,56,42,
2007,TS,17,192,364,CSK,PATW,"PAPALOUKAS, THEODOROS",2FGM,Two Pointer,2,82,17,C,,,,30,01:00,56,44,
2007,TS,17,192,367,CSK,PATW,"PAPALOUKAS, THEODOROS",FTM,Free Throw In,1,-1,-1, ,,,,30,01:00,56,45,
2007,TS,17,192,368,MAL,PBOV,"POPOVIC, BOJAN",3FGA,Missed Three Pointer,0,217,661,G,,,,30,01:00,56,45,
2007,TS,17,192,373,CSK,PJMM,"SISKAUSKAS, RAMUNAS",FTM,Free Throw In,1,-1,-1, ,,,,30,01:00,56,46,
2007,TS,17,192,376,MAL,PAGQ,"WELSCH, JIRI",2FGM,Two Pointer,2,-84,12,D,,,,30,01:00,58,46,
2007,TS,17,192,381,MAL,PKMV,"HAISLIP, MARCUS",2FGA,Missed Two Pointer,0,-246,-2,D,,,,31,10:00,58,46,
2007,TS,17,192,383,CSK,PATW,"PAPALOUKAS, THEODOROS",2FGA,Missed Two Pointer,0,-12,223,D,,,,31,10:00,58,46,
2007,TS,17,192,387,CSK,PASG,"VAN DEN SPIEGEL, TOMAS",FTM,Free Throw In,1,-1,-1, ,,,,31,10:00,58,47,
2007,TS,17,192,388,CSK,PASG,"VAN DEN SPIEGEL, TOMAS",FTM,Free Throw In,1,-1,-1, ,,,,31,10:00,58,48,
2007,TS,17,192,392,CSK,PASG,"VAN DEN SPIEGEL, TOMAS",2FGAB,Missed Two Pointer,0,143,76,C,,,,31,10:00,58,48,
2007,TS,17,192,396,CSK,PJMM,"SISKAUSKAS, RAMUNAS",2FGA,Missed Two Pointer,0,-297,248,E,,,,31,10:00,58,48,
2007,TS,17,192,399,MAL,PAFJ,"KUS, DAVOR",3FGA,Missed Three Pointer,0,574,389,A,,,,32,09:00,58,48,
2007,TS,17,192,401,CSK,PASG,"VAN DEN SPIEGEL, TOMAS",2FGAB,Missed Two Pointer,0,135,61,C,,,,32,09:00,58,48,
2007,TS,17,192,411,CSK,PASG,"VAN DEN SPIEGEL, TOMAS",FTM,Free Throw In,1,-1,-1, ,,,,32,09:00,58,49,
2007,TS,17,192,412,CSK,PASG,"VAN DEN SPIEGEL, TOMAS",FTM,Free Throw In,1,-1,-1, ,,,,32,09:00,58,50,
2007,TS,17,192,413,MAL,PTGE,"NDONG, BONIFACE",2FGM,Two Pointer,2,-2,479,I,,,,32,09:00,60,50,
2007,TS,17,192,414,CSK,PAUC,"GOREE, MARCUS",3FGA,Missed Three Pointer,0,-433,561,J,,,,32,09:00,60,50,
2007,TS,17,192,416,MAL,PKMV,"HAISLIP, MARCUS",2FGM,Two Pointer,2,141,23,C,,,,32,09:00,62,50,
2007,TS,17,192,419,MAL,PKMV,"HAISLIP, MARCUS",FTM,Free Throw In,1,-1,-1, ,,,,32,09:00,63,50,
2007,TS,17,192,420,CSK,PAQO,"HOLDEN, JON ROBERT",3FGM,Three Pointer,3,374,553,G,,,,32,09:00,63,53,
2007,TS,17,192,425,MAL,PAFJ,"KUS, DAVOR",FTM,Free Throw In,1,-1,-1, ,,,,34,07:00,64,53,
2007,TS,17,192,426,MAL,PAFJ,"KUS, DAVOR",FTM,Free Throw In,1,-1,-1, ,,,,34,07:00,65,53,
2007,TS,17,192,427,CSK,PAQO,"HOLDEN, JON ROBERT",2FGM,Two Pointer,2,169,105,C,,,,34,07:00,65,55,
2007,TS,17,192,428,MAL,PTGE,"NDONG, BONIFACE",2FGA,Missed Two Pointer,0,-323,430,I,,,,34,07:00,65,55,
2007,TS,17,192,432,CSK,PBEB,"LANGDON, TRAJAN",2FGM,Two Pointer,2,407,287,B,,,,34,07:00,65,57,
2007,TS,17,192,434,MAL,PAWS,"RODRIGUEZ, BERNI",3FGA,Missed Three Pointer,0,-466,520,J,,,,35,06:00,65,57,
2007,TS,17,192,441,CSK,PASG,"VAN DEN SPIEGEL, TOMAS",2FGA,Missed Two Pointer,0,94,35,C,,,,35,06:00,65,57,
2007,TS,17,192,450,MAL,PBOV,"POPOVIC, BOJAN",FTM,Free Throw In,1,-1,-1, ,,,,35,06:00,66,57,
2007,TS,17,192,454,CSK,PAQO,"HOLDEN, JON ROBERT",3FGA,Missed Three Pointer,0,-679,-7,F,,,,36,05:00,66,57,
2007,TS,17,192,456,MAL,PBOV,"POPOVIC, BOJAN",2FGA,Missed Two Pointer,0,-15,146,D,,,,36,05:00,66,57,
2007,TS,17,192,458,CSK,PATW,"PAPALOUKAS, THEODOROS",2FGM,Two Pointer,2,-66,30,D,,,,36,05:00,66,59,
2007,TS,17,192,459,MAL,PAWS,"RODRIGUEZ, BERNI",2FGA,Missed Two Pointer,0,89,25,C,,,,36,05:00,66,59,
2007,TS,17,192,461,MAL,PAWS,"RODRIGUEZ, BERNI",3FGA,Missed Three Pointer,0,684,12,A,,,,36,05:00,66,59,
2007,TS,17,192,468,CSK,PBEB,"LANGDON, TRAJAN",2FGA,Missed Two Pointer,0,94,87,C,,,,37,04:00,66,59,
2007,TS,17,192,471,MAL,PKML,"SANTIAGO, DANIEL",2FGM,Two Pointer,2,-2,64,D,,,,37,04:00,68,59,
2007,TS,17,192,472,CSK,PATW,"PAPALOUKAS, THEODOROS",3FGA,Missed Three Pointer,0,415,553,G,,,,37,04:00,68,59,
2007,TS,17,192,475,MAL,PKML,"SANTIAGO, DANIEL",2FGA,Missed Two Pointer,0,184,105,C,,,,38,03:00,68,59,
2007,TS,17,192,480,CSK,PATW,"PAPALOUKAS, THEODOROS",FTM,Free Throw In,1,-1,-1, ,,,,38,03:00,68,60,
2007,TS,17,192,487,MAL,PAGQ,"WELSCH, JIRI",FTM,Free Throw In,1,-1,-1, ,,,,38,03:00,69,60,
2007,TS,17,192,488,MAL,PAGQ,"WELSCH, JIRI",FTM,Free Throw In,1,-1,-1, ,,,,38,03:00,70,60,
2007,TS,17,192,491,CSK,PAUC,"GOREE, MARCUS",FTM,Free Throw In,1,-1,-1, ,,,,38,03:00,70,61,
2007,TS,17,192,495,MAL,PJXV,"CASTLE, TERREL",2FGA,Missed Two Pointer,0,-97,17,D,,,,39,02:00,70,61,
2007,TS,17,192,499,CSK,PJMM,"SISKAUSKAS, RAMUNAS",FTM,Free Throw In,1,-1,-1, ,,,,39,02:00,70,62,
2007,TS,17,192,500,CSK,PJMM,"SISKAUSKAS, RAMUNAS",FTM,Free Throw In,1,-1,-1, ,,,,39,02:00,70,63,
2007,TS,17,192,501,MAL,PAWS,"RODRIGUEZ, BERNI",2FGM,Two Pointer,2,69,33,C,,,,39,02:00,72,63,
2007,TS,17,192,502,CSK,PAQO,"HOLDEN, JON ROBERT",3FGM,Three Pointer,3,-61,676,J,,,,39,02:00,72,66,
2007,TS,17,192,508,MAL,PAGQ,"WELSCH, JIRI",2FGAB,Missed Two Pointer,0,-107,20,D,,,,40,01:00,72,66,
2007,TS,17,192,512,CSK,PAQO,"HOLDEN, JON ROBERT",3FGA,Missed Three Pointer,0,674,46,A,,,,40,01:00,72,66,
2007,TS,17,192,528,CSK,PAQO,"HOLDEN, JON ROBERT",3FGAB,Missed Three Pointer,0,0,0,A,,,,40,01:00,72,66,
2007,TS,17,192,514,CSK,PBEB,"LANGDON, TRAJAN",2FGA,Missed Two Pointer,0,353,287,B,,,,40,01:00,72,66,
2007,TS,17,192,517,CSK,PATW,"PAPALOUKAS, THEODOROS",2FGA,Missed Two Pointer,0,-51,87,D,,,,40,01:00,72,66,
2007,TS,17,192,521,CSK,PATW,"PAPALOUKAS, THEODOROS",FTM,Free Throw In,1,-1,-1, ,,,,40,01:00,72,67,
2007,TS,18,193,6,IST,PBXD,"PENN, JAMES",3FGA,Missed Three Pointer,0,407,538,G,,,,1,10:00,0,0,
2007,TS,18,193,7,IST,PBKM,"KUQO, ERMAL",2FGA,Missed Two Pointer,0,-269,464,I,,,,1,10:00,0,0,
2007,TS,18,193,9,PAN,PAPH,"ALVERTIS, FRAGISKOS",3FGA,Missed Three Pointer,0,10,687,G,,,,1,10:00,0,0,
2007,TS,18,193,11,IST,PKCH,"HUTSON, ANDRE",2FGM,Two Pointer,2,-20,351,D,,,,1,10:00,0,2,
2007,TS,18,193,14,PAN,PAGG,"BECIROVIC, SANI",3FGA,Missed Three Pointer,0,46,707,G,,,,2,09:00,0,2,
2007,TS,18,193,16,IST,PKCH,"HUTSON, ANDRE",2FGM,Two Pointer,2,-51,43,D,,,,2,09:00,0,4,
2007,TS,18,193,19,IST,PKOJ,"GREGORY, KENNY",2FGM,Two Pointer,2,-46,64,D,,,,2,09:00,0,6,
2007,TS,18,193,30,PAN,PAGG,"BECIROVIC, SANI",2FGM,Two Pointer,2,10,61,C,,,,3,08:00,2,6,
2007,TS,18,193,33,IST,PBKM,"KUQO, ERMAL",2FGA,Missed Two Pointer,0,-187,10,D,,,,3,08:00,2,6,
2007,TS,18,193,38,IST,PBXD,"PENN, JAMES",2FGM,Two Pointer,2,-146,112,D,,,,4,07:00,2,8,
2007,TS,18,193,41,PAN,PJKO,"DIAMANTIDIS, DIMITRIS",2FGA,Missed Two Pointer,0,-217,507,I,,,,4,07:00,2,8,
2007,TS,18,193,43,IST,PBKM,"KUQO, ERMAL",3FGA,Missed Three Pointer,0,23,679,G,,,,4,07:00,2,8,
2007,TS,18,193,46,PAN,PAPH,"ALVERTIS, FRAGISKOS",3FGA,Missed Three Pointer,0,41,653,G,,,,5,06:00,2,8,
2007,TS,18,193,48,PAN,PTFY,"WINSTON, KENNEDY",2FGM,Two Pointer,2,15,-7,C,,,,5,06:00,4,8,
2007,TS,18,193,49,IST,PKCH,"HUTSON, ANDRE",2FGM,Two Pointer,2,-202,525,I,,,,5,06:00,4,10,
2007,TS,18,193,56,PAN,PJKO,"DIAMANTIDIS, DIMITRIS",2FGM,Two Pointer,2,-38,28,D,,,,5,06:00,6,10,
2007,TS,18,193,57,IST,PKOJ,"GREGORY, KENNY",3FGM,Three Pointer,3,15,666,G,,,,5,06:00,6,13,
2007,TS,18,193,59,PAN,PAPH,"ALVERTIS, FRAGISKOS",3FGA,Missed Three Pointer,0,-679,-92,F,,,,6,05:00,6,13,
2007,TS,18,193,63,IST,PBXD,"PENN, JAMES",3FGM,Three Pointer,3,-325,594,J,,,,6,05:00,6,16,
2007,TS,18,193,65,IST,PAWN,"GONLUM, KEREM",2FGA,Missed Two Pointer,0,-100,38,D,,,,7,04:00,6,16,
2007,TS,18,193,67,PAN,PAPH,"ALVERTIS, FRAGISKOS",3FGA,Missed Three Pointer,0,5,694,G,,,,7,04:00,6,16,
2007,TS,18,193,71,IST,PAWN,"GONLUM, KEREM",2FGAB,Missed Two Pointer,0,-23,107,D,,,,7,04:00,6,16,
2007,TS,18,193,83,PAN,PJUO,"SPANOULIS, VASSILIS",FTM,Free Throw In,1,-1,-1, ,,,,7,04:00,7,16,
2007,TS,18,193,84,PAN,PJUO,"SPANOULIS, VASSILIS",FTM,Free Throw In,1,-1,-1, ,,,,7,04:00,8,16,
2007,TS,18,193,85,IST,PKCH,"HUTSON, ANDRE",2FGM,Two Pointer,2,-84,587,I,,,,7,04:00,8,18,
2007,TS,18,193,87,PAN,PADG,"JASIKEVICIUS, SARUNAS",2FGM,Two Pointer,2,241,392,B,,,,8,03:00,10,18,
2007,TS,18,193,90,PAN,PADG,"JASIKEVICIUS, SARUNAS",FTM,Free Throw In,1,-1,-1, ,,,,8,03:00,11,18,
2007,TS,18,193,91,IST,PARN,"ARSLAN, ENDER",3FGA,Missed Three Pointer,0,171,648,G,,,,8,03:00,11,18,
2007,TS,18,193,95,IST,PBXD,"PENN, JAMES",3FGA,Missed Three Pointer,0,-415,533,J,,,,8,03:00,11,18,
2007,TS,18,193,98,PAN,PJUO,"SPANOULIS, VASSILIS",2FGM,Two Pointer,2,46,0,C,,,,9,02:00,13,18,
2007,TS,18,193,103,PAN,PAJV,"BATISTE, MICHAEL",2FGM,Two Pointer,2,-2,-5,D,,,,9,02:00,15,18,
2007,TS,18,193,110,IST,PARN,"ARSLAN, ENDER",2FGM,Two Pointer,2,-53,2,D,,,,10,01:00,15,20,
2007,TS,18,193,112,PAN,PADG,"JASIKEVICIUS, SARUNAS",3FGAB,Missed Three Pointer,0,-258,605,J,,,,10,01:00,15,20,
2007,TS,18,193,120,PAN,PAJV,"BATISTE, MICHAEL",2FGM,Two Pointer,2,-17,23,D,,,,11,10:00,17,20,
2007,TS,18,193,122,IST,PBKM,"KUQO, ERMAL",2FGA,Missed Two Pointer,0,0,143,D,,,,11,10:00,17,20,
2007,TS,18,193,124,PAN,PJUO,"SPANOULIS, VASSILIS",2FGM,Two Pointer,2,-33,46,D,,,,11,10:00,19,20,
2007,TS,18,193,129,PAN,PJUO,"SPANOULIS, VASSILIS",FTM,Free Throw In,1,-1,-1, ,,,,11,10:00,20,20,
2007,TS,18,193,130,IST,PKOJ,"GREGORY, KENNY",2FGA,Missed Two Pointer,0,-482,-43,E,,,,11,10:00,20,20,
2007,TS,18,193,141,PAN,PABB,"DIKOUDIS, DEMOS",2FGA,Missed Two Pointer,0,-48,30,D,,,,12,09:00,20,20,
2007,TS,18,193,144,IST,PAWH,"ABI, MUSTAFA",3FGM,Three Pointer,3,-225,628,J,,,,13,08:00,20,23,
2007,TS,18,193,146,PAN,PJKO,"DIAMANTIDIS, DIMITRIS",2FGM,Two Pointer,2,5,2,C,,,,13,08:00,22,23,
2007,TS,18,193,150,PAN,PJUO,"SPANOULIS, VASSILIS",3FGA,Missed Three Pointer,0,-266,605,J,,,,13,08:00,22,23,
2007,TS,18,193,152,IST,PKOJ,"GREGORY, KENNY",3FGA,Missed Three Pointer,0,-238,623,J,,,,13,08:00,22,23,
2007,TS,18,193,157,PAN,PABB,"DIKOUDIS, DEMOS",2FGM,Two Pointer,2,64,20,C,,,,14,07:00,24,23,
2007,TS,18,193,159,IST,PKCH,"HUTSON, ANDRE",2FGM,Two Pointer,2,-41,17,D,,,,14,07:00,24,25,
2007,TS,18,193,166,PAN,PBXE,"ZIZIC, ANDRIJA",2FGM,Two Pointer,2,5,89,C,,,,14,07:00,26,25,
2007,TS,18,193,168,IST,PKOJ,"GREGORY, KENNY",2FGM,Two Pointer,2,-2,2,D,,,,15,06:00,26,27,
2007,TS,18,193,170,PAN,PADG,"JASIKEVICIUS, SARUNAS",3FGA,Missed Three Pointer,0,28,656,G,,,,15,06:00,26,27,
2007,TS,18,193,185,IST,PKCH,"HUTSON, ANDRE",2FGM,Two Pointer,2,-117,597,I,,,,16,05:00,26,29,
2007,TS,18,193,187,PAN,PJUO,"SPANOULIS, VASSILIS",2FGM,Two Pointer,2,-43,15,D,,,,16,05:00,28,29,
2007,TS,18,193,188,IST,PKCH,"HUTSON, ANDRE",2FGM,Two Pointer,2,220,110,C,,,,16,05:00,28,31,
2007,TS,18,193,192,IST,PAWH,"ABI, MUSTAFA",2FGM,Two Pointer,2,-2,5,D,,,,17,04:00,28,33,
2007,TS,18,193,199,PAN,PJUO,"SPANOULIS, VASSILIS",2FGA,Missed Two Pointer,0,12,43,C,,,,17,04:00,28,33,
2007,TS,18,193,201,IST,PKOJ,"GREGORY, KENNY",3FGA,Missed Three Pointer,0,-233,623,J,,,,17,04:00,28,33,
2007,TS,18,193,203,IST,PAWN,"GONLUM, KEREM",2FGA,Missed Two Pointer,0,-20,48,D,,,,17,04:00,28,33,
2007,TS,18,193,205,IST,PKOJ,"GREGORY, KENNY",2FGA,Missed Two Pointer,0,-38,46,D,,,,17,04:00,28,33,
2007,TS,18,193,207,PAN,PJKO,"DIAMANTIDIS, DIMITRIS",2FGM,Two Pointer,2,-28,17,D,,,,17,04:00,30,33,
2007,TS,18,193,209,IST,PAWN,"GONLUM, KEREM",3FGM,Three Pointer,3,656,130,A,,,,18,03:00,30,36,
2007,TS,18,193,211,PAN,PBCS,"HATZIVRETTAS, NIKOS",3FGA,Missed Three Pointer,0,366,548,G,,,,18,03:00,30,36,
2007,TS,18,193,223,IST,PAWN,"GONLUM, KEREM",3FGA,Missed Three Pointer,0,297,587,G,,,,19,02:00,30,36,
2007,TS,18,193,227,PAN,PBCS,"HATZIVRETTAS, NIKOS",FTM,Free Throw In,1,-1,-1, ,,,,19,02:00,31,36,
2007,TS,18,193,228,IST,PBKM,"KUQO, ERMAL",2FGA,Missed Two Pointer,0,43,25,C,,,,19,02:00,31,36,
2007,TS,18,193,230,PAN,PAJV,"BATISTE, MICHAEL",2FGA,Missed Two Pointer,0,51,20,C,,,,19,02:00,31,36,
2007,TS,18,193,235,PAN,PABB,"DIKOUDIS, DEMOS",2FGA,Missed Two Pointer,0,10,71,C,,,,20,01:00,31,36,
2007,TS,18,193,246,IST,PBXD,"PENN, JAMES",FTM,Free Throw In,1,-1,-1, ,,,,20,01:00,31,37,
2007,TS,18,193,247,IST,PBXD,"PENN, JAMES",FTM,Free Throw In,1,-1,-1, ,,,,20,01:00,31,38,
2007,TS,18,193,262,IST,PKCH,"HUTSON, ANDRE",2FGM,Two Pointer,2,233,505,H,,,,21,10:00,31,40,
2007,TS,18,193,269,PAN,PJKO,"DIAMANTIDIS, DIMITRIS",3FGM,Three Pointer,3,297,607,G,,,,21,10:00,34,40,
2007,TS,18,193,271,IST,PBKM,"KUQO, ERMAL",2FGA,Missed Two Pointer,0,276,482,H,,,,22,09:00,34,40,
2007,TS,18,193,273,PAN,PJKO,"DIAMANTIDIS, DIMITRIS",3FGA,Missed Three Pointer,0,-174,648,J,,,,22,09:00,34,40,
2007,TS,18,193,277,PAN,PAJV,"BATISTE, MICHAEL",FTM,Free Throw In,1,-1,-1, ,,,,22,09:00,35,40,
2007,TS,18,193,278,PAN,PAJV,"BATISTE, MICHAEL",FTM,Free Throw In,1,-1,-1, ,,,,22,09:00,36,40,
2007,TS,18,193,280,IST,PBXD,"PENN, JAMES",2FGA,Missed Two Pointer,0,-310,-92,E,,,,23,08:00,36,40,
2007,TS,18,193,285,IST,PKOJ,"GREGORY, KENNY",2FGM,Two Pointer,2,23,33,C,,,,23,08:00,36,42,
2007,TS,18,193,287,PAN,PABB,"DIKOUDIS, DEMOS",2FGM,Two Pointer,2,5,51,C,,,,24,07:00,38,42,
2007,TS,18,193,291,PAN,PABB,"DIKOUDIS, DEMOS",3FGM,Three Pointer,3,312,574,G,,,,24,07:00,41,42,
2007,TS,18,193,299,PAN,PJUO,"SPANOULIS, VASSILIS",2FGM,Two Pointer,2,53,10,C,,,,25,06:00,43,42,
2007,TS,18,193,305,IST,PAWH,"ABI, MUSTAFA",FTM,Free Throw In,1,-1,-1, ,,,,25,06:00,43,43,
2007,TS,18,193,308,PAN,PAJV,"BATISTE, MICHAEL",2FGM,Two Pointer,2,-130,5,D,,,,25,06:00,45,43,
2007,TS,18,193,310,IST,PARN,"ARSLAN, ENDER",3FGM,Three Pointer,3,-292,592,J,,,,26,05:00,45,46,
2007,TS,18,193,321,IST,PAWN,"GONLUM, KEREM",2FGA,Missed Two Pointer,0,-15,56,D,,,,26,05:00,45,46,
2007,TS,18,193,325,PAN,PAJV,"BATISTE, MICHAEL",2FGM,Two Pointer,2,-23,41,D,,,,26,05:00,47,46,
2007,TS,18,193,333,PAN,PBCS,"HATZIVRETTAS, NIKOS",3FGM,Three Pointer,3,333,576,G,,,,27,04:00,50,46,
2007,TS,18,193,335,IST,PAWN,"GONLUM, KEREM",3FGA,Missed Three Pointer,0,230,623,G,,,,27,04:00,50,46,
2007,TS,18,193,342,PAN,PJKO,"DIAMANTIDIS, DIMITRIS",FTM,Free Throw In,1,-1,-1, ,,,,28,03:00,51,46,
2007,TS,18,193,343,PAN,PJKO,"DIAMANTIDIS, DIMITRIS",FTM,Free Throw In,1,-1,-1, ,,,,28,03:00,52,46,
2007,TS,18,193,352,PAN,PAJV,"BATISTE, MICHAEL",2FGM,Two Pointer,2,251,248,B,,,,29,02:00,54,46,
2007,TS,18,193,353,IST,PBKM,"KUQO, ERMAL",3FGM,Three Pointer,3,161,641,G,,,,29,02:00,54,49,
2007,TS,18,193,357,IST,PKOJ,"GREGORY, KENNY",3FGM,Three Pointer,3,10,653,G,,,,30,01:00,54,52,
2007,TS,18,193,366,IST,PARN,"ARSLAN, ENDER",3FGA,Missed Three Pointer,0,-294,584,J,,,,30,01:00,54,52,
2007,TS,18,193,368,IST,PARN,"ARSLAN, ENDER",3FGA,Missed Three Pointer,0,435,523,G,,,,30,01:00,54,52,
2007,TS,18,193,371,PAN,PJUO,"SPANOULIS, VASSILIS",3FGA,Missed Three Pointer,0,-17,666,J,,,,31,10:00,54,52,
2007,TS,18,193,374,IST,PBKM,"KUQO, ERMAL",2FGA,Missed Two Pointer,0,-33,505,I,,,,31,10:00,54,52,
2007,TS,18,193,383,PAN,PAJV,"BATISTE, MICHAEL",2FGA,Missed Two Pointer,0,-17,566,I,,,,32,09:00,54,52,
2007,TS,18,193,385,IST,PBKM,"KUQO, ERMAL",2FGA,Missed Two Pointer,0,-2,66,D,,,,32,09:00,54,52,
2007,TS,18,193,393,IST,PARN,"ARSLAN, ENDER",FTM,Free Throw In,1,-1,-1, ,,,,32,09:00,54,53,
2007,TS,18,193,394,IST,PARN,"ARSLAN, ENDER",FTM,Free Throw In,1,-1,-1, ,,,,32,09:00,54,54,
2007,TS,18,193,406,IST,PKCH,"HUTSON, ANDRE",FTM,Free Throw In,1,-1,-1, ,,,,33,08:00,54,55,
2007,TS,18,193,407,IST,PKCH,"HUTSON, ANDRE",FTM,Free Throw In,1,-1,-1, ,,,,33,08:00,54,56,
2007,TS,18,193,408,PAN,PTFY,"WINSTON, KENNEDY",2FGA,Missed Two Pointer,0,448,20,B,,,,33,08:00,54,56,
2007,TS,18,193,411,IST,PARN,"ARSLAN, ENDER",2FGM,Two Pointer,2,0,66,D,,,,34,07:00,54,58,
2007,TS,18,193,412,PAN,PBCS,"HATZIVRETTAS, NIKOS",3FGM,Three Pointer,3,71,669,G,,,,34,07:00,57,58,
2007,TS,18,193,422,PAN,PJUO,"SPANOULIS, VASSILIS",2FGA,Missed Two Pointer,0,12,82,C,,,,35,06:00,57,58,
2007,TS,18,193,424,IST,PAWN,"GONLUM, KEREM",2FGM,Two Pointer,2,-84,20,D,,,,35,06:00,57,60,
2007,TS,18,193,425,PAN,PABB,"DIKOUDIS, DEMOS",2FGM,Two Pointer,2,74,28,C,,,,35,06:00,59,60,
2007,TS,18,193,429,IST,PAWN,"GONLUM, KEREM",2FGA,Missed Two Pointer,0,23,315,C,,,,36,05:00,59,60,
2007,TS,18,193,432,PAN,PJUO,"SPANOULIS, VASSILIS",2FGM,Two Pointer,2,-120,74,D,,,,36,05:00,61,60,
2007,TS,18,193,433,IST,PBXD,"PENN, JAMES",3FGA,Missed Three Pointer,0,-441,507,J,,,,36,05:00,61,60,
2007,TS,18,193,436,PAN,PAJV,"BATISTE, MICHAEL",2FGM,Two Pointer,2,-35,369,D,,,,37,04:00,63,60,
2007,TS,18,193,441,IST,PKOJ,"GREGORY, KENNY",2FGA,Missed Two Pointer,0,-430,-53,E,,,,37,04:00,63,60,
2007,TS,18,193,443,PAN,PAJV,"BATISTE, MICHAEL",2FGM,Two Pointer,2,66,28,C,,,,37,04:00,65,60,
2007,TS,18,193,452,IST,PKCH,"HUTSON, ANDRE",FTM,Free Throw In,1,-1,-1, ,,,,38,03:00,65,61,
2007,TS,18,193,453,IST,PKCH,"HUTSON, ANDRE",FTM,Free Throw In,1,-1,-1, ,,,,38,03:00,65,62,
2007,TS,18,193,454,PAN,PJUO,"SPANOULIS, VASSILIS",2FGM,Two Pointer,2,17,569,H,,,,38,03:00,67,62,
2007,TS,18,193,455,IST,PAWN,"GONLUM, KEREM",2FGM,Two Pointer,2,-76,10,D,,,,38,03:00,67,64,
2007,TS,18,193,457,PAN,PABB,"DIKOUDIS, DEMOS",2FGM,Two Pointer,2,-74,20,D,,,,38,03:00,69,64,
2007,TS,18,193,461,PAN,PABB,"DIKOUDIS, DEMOS",FTM,Free Throw In,1,-1,-1, ,,,,38,03:00,70,64,
2007,TS,18,193,470,PAN,PADG,"JASIKEVICIUS, SARUNAS",3FGA,Missed Three Pointer,0,-466,500,J,,,,39,02:00,70,64,
2007,TS,18,193,477,IST,PKCH,"HUTSON, ANDRE",FTM,Free Throw In,1,-1,-1, ,,,,39,02:00,70,65,
2007,TS,18,193,481,PAN,PAJV,"BATISTE, MICHAEL",FTM,Free Throw In,1,-1,-1, ,,,,39,02:00,71,65,
2007,TS,18,193,482,PAN,PAJV,"BATISTE, MICHAEL",FTM,Free Throw In,1,-1,-1, ,,,,39,02:00,72,65,
2007,TS,18,193,486,PAN,PAJV,"BATISTE, MICHAEL",2FGM,Two Pointer,2,-358,412,E,,,,40,01:00,74,65,
2007,TS,18,193,488,IST,PKOJ,"GREGORY, KENNY",2FGA,Missed Two Pointer,0,48,20,C,,,,40,01:00,74,65,
2007,TS,18,193,490,PAN,PAJV,"BATISTE, MICHAEL",2FGA,Missed Two Pointer,0,-448,-10,E,,,,40,01:00,74,65,
2007,TS,18,193,493,IST,PARN,"ARSLAN, ENDER",3FGA,Missed Three Pointer,0,-205,623,J,,,,40,01:00,74,65,
2007,TS,18,194,2,PAR,PTGU,"PALACIO, MILT",2FGM,Two Pointer,2,74,497,H,,,,1,10:00,2,0,
2007,TS,18,194,3,SIE,PLMO,"SATO, ROMAIN",2FGA,Missed Two Pointer,0,-243,517,I,,,,1,10:00,2,0,
2007,TS,18,194,5,PAR,PBFB,"TRIPKOVIC, UROS",3FGA,Missed Three Pointer,0,-402,515,J,,,,1,10:00,2,0,
2007,TS,18,194,8,PAR,PTGU,"PALACIO, MILT",2FGM,Two Pointer,2,461,53,B,,,,2,09:00,4,0,
2007,TS,18,194,9,SIE,PCCA,"THORNTON, BOOTSY",2FGA,Missed Two Pointer,0,210,33,C,,,,2,09:00,4,0,
2007,TS,18,194,11,PAR,PTGU,"PALACIO, MILT",2FGA,Missed Two Pointer,0,102,38,C,,,,2,09:00,4,0,
2007,TS,18,194,13,SIE,PLMO,"SATO, ROMAIN",2FGM,Two Pointer,2,69,33,C,,,,2,09:00,4,2,
2007,TS,18,194,16,PAR,PBFE,"KECMAN, DUSAN",2FGM,Two Pointer,2,402,84,B,,,,3,08:00,6,2,
2007,TS,18,194,19,PAR,PBFB,"TRIPKOVIC, UROS",2FGAB,Missed Two Pointer,0,-92,46,D,,,,3,08:00,6,2,
2007,TS,18,194,22,SIE,PCCA,"THORNTON, BOOTSY",3FGA,Missed Three Pointer,0,10,651,G,,,,3,08:00,6,2,
2007,TS,18,194,27,PAR,PJNN,"VELICKOVIC, NOVICA",2FGM,Two Pointer,2,-61,146,D,,,,4,07:00,8,2,
2007,TS,18,194,28,SIE,PCQO,"EZE, BENJAMIN",2FGA,Missed Two Pointer,0,276,325,B,,,,4,07:00,8,2,
2007,TS,18,194,32,PAR,PBFB,"TRIPKOVIC, UROS",3FGA,Missed Three Pointer,0,361,543,G,,,,4,07:00,8,2,
2007,TS,18,194,35,SIE,PKWI,"MCINTYRE, TERRELL",2FGM,Two Pointer,2,-64,46,D,,,,5,06:00,8,4,
2007,TS,18,194,36,PAR,PBGJ,"VRANES, SLAVKO",2FGM,Two Pointer,2,-79,17,D,,,,5,06:00,10,4,
2007,TS,18,194,38,SIE,PJOC,"STONEROOK, SHAUN",3FGA,Missed Three Pointer,0,615,223,A,,,,5,06:00,10,4,
2007,TS,18,194,42,SIE,PCCA,"THORNTON, BOOTSY",2FGA,Missed Two Pointer,0,71,474,H,,,,5,06:00,10,4,
2007,TS,18,194,44,SIE,PCQO,"EZE, BENJAMIN",2FGM,Two Pointer,2,-35,51,D,,,,5,06:00,10,6,
2007,TS,18,194,50,SIE,PKWI,"MCINTYRE, TERRELL",3FGA,Missed Three Pointer,0,-223,607,J,,,,6,05:00,10,6,
2007,TS,18,194,52,PAR,PJNN,"VELICKOVIC, NOVICA",2FGM,Two Pointer,2,-394,66,E,,,,6,05:00,12,6,
2007,TS,18,194,63,PAR,PBFE,"KECMAN, DUSAN",3FGA,Missed Three Pointer,0,-207,617,J,,,,7,04:00,12,6,
2007,TS,18,194,66,SIE,P000754,"DIENER, DRAKE",3FGA,Missed Three Pointer,0,-289,584,J,,,,8,03:00,12,6,
2007,TS,18,194,74,PAR,PTGU,"PALACIO, MILT",2FGM,Two Pointer,2,69,438,H,,,,8,03:00,14,6,
2007,TS,18,194,75,SIE,PLMO,"SATO, ROMAIN",2FGM,Two Pointer,2,189,125,C,,,,8,03:00,14,8,
2007,TS,18,194,77,PAR,PKNN,"PEKOVIC, NIKOLA",2FGA,Missed Two Pointer,0,87,87,C,,,,9,02:00,14,8,
2007,TS,18,194,79,PAR,PKNN,"PEKOVIC, NIKOLA",2FGM,Two Pointer,2,2,2,D,,,,9,02:00,16,8,
2007,TS,18,194,81,SIE,PCQO,"EZE, BENJAMIN",2FGA,Missed Two Pointer,0,-571,89,E,,,,9,02:00,16,8,
2007,TS,18,194,89,SIE,P000754,"DIENER, DRAKE",2FGM,Two Pointer,2,-317,251,E,,,,10,01:00,16,10,
2007,TS,18,194,90,PAR,PBFE,"KECMAN, DUSAN",2FGA,Missed Two Pointer,0,474,53,B,,,,10,01:00,16,10,
2007,TS,18,194,98,SIE,PJOC,"STONEROOK, SHAUN",3FGM,Three Pointer,3,-643,17,F,,,,10,01:00,16,13,
2007,TS,18,194,100,PAR,PJNN,"VELICKOVIC, NOVICA",3FGA,Missed Three Pointer,0,-133,635,J,,,,10,01:00,16,13,
2007,TS,18,194,108,SIE,PAPS,"ILIEVSKI, VLADO",3FGA,Missed Three Pointer,0,-476,520,J,,,,11,10:00,16,13,
2007,TS,18,194,110,PAR,PKNN,"PEKOVIC, NIKOLA",2FGM,Two Pointer,2,38,79,C,,,,11,10:00,18,13,
2007,TS,18,194,113,SIE,PJOC,"STONEROOK, SHAUN",3FGM,Three Pointer,3,366,543,G,,,,12,09:00,18,16,
2007,TS,18,194,115,PAR,PKNN,"PEKOVIC, NIKOLA",2FGM,Two Pointer,2,64,25,C,,,,12,09:00,20,16,
2007,TS,18,194,117,SIE,PJOC,"STONEROOK, SHAUN",3FGA,Missed Three Pointer,0,56,700,G,,,,12,09:00,20,16,
2007,TS,18,194,123,PAR,PLGH,"TEPIC, MILENKO",FTM,Free Throw In,1,-1,-1, ,,,,13,08:00,21,16,
2007,TS,18,194,127,SIE,PJOC,"STONEROOK, SHAUN",2FGAB,Missed Two Pointer,0,-117,20,D,,,,13,08:00,21,16,
2007,TS,18,194,129,SIE,PJOC,"STONEROOK, SHAUN",3FGM,Three Pointer,3,-287,651,J,,,,13,08:00,21,19,
2007,TS,18,194,133,SIE,PAPS,"ILIEVSKI, VLADO",2FGM,Two Pointer,2,-66,30,D,,,,13,08:00,21,21,
2007,TS,18,194,138,PAR,PTGU,"PALACIO, MILT",FTM,Free Throw In,1,-1,-1, ,,,,14,07:00,22,21,
2007,TS,18,194,139,PAR,PTGU,"PALACIO, MILT",FTM,Free Throw In,1,-1,-1, ,,,,14,07:00,23,21,
2007,TS,18,194,144,SIE,PAPS,"ILIEVSKI, VLADO",2FGM,Two Pointer,2,-112,20,D,,,,14,07:00,23,23,
2007,TS,18,194,149,SIE,PAPS,"ILIEVSKI, VLADO",FTM,Free Throw In,1,-1,-1, ,,,,14,07:00,23,24,
2007,TS,18,194,152,PAR,PBFE,"KECMAN, DUSAN",2FGM,Two Pointer,2,-61,74,D,,,,14,07:00,25,24,
2007,TS,18,194,162,SIE,P000754,"DIENER, DRAKE",FTM,Free Throw In,1,-1,-1, ,,,,15,06:00,25,25,
2007,TS,18,194,163,SIE,P000754,"DIENER, DRAKE",FTM,Free Throw In,1,-1,-1, ,,,,15,06:00,25,26,
2007,TS,18,194,164,PAR,PTGU,"PALACIO, MILT",2FGA,Missed Two Pointer,0,117,500,H,,,,15,06:00,25,26,
2007,TS,18,194,168,PAR,PBFE,"KECMAN, DUSAN",2FGM,Two Pointer,2,71,15,C,,,,16,05:00,27,26,
2007,TS,18,194,169,SIE,PAPS,"ILIEVSKI, VLADO",3FGA,Missed Three Pointer,0,643,71,A,,,,16,05:00,27,26,
2007,TS,18,194,182,PAR,PBXO,"VITKOVAC, CEDOMIR",FTM,Free Throw In,1,-1,-1, ,,,,17,04:00,28,26,
2007,TS,18,194,183,SIE,PAPS,"ILIEVSKI, VLADO",3FGA,Missed Three Pointer,0,-638,82,F,,,,17,04:00,28,26,
2007,TS,18,194,185,SIE,PCQO,"EZE, BENJAMIN",2FGM,Two Pointer,2,82,94,C,,,,17,04:00,28,28,
2007,TS,18,194,188,PAR,PBXO,"VITKOVAC, CEDOMIR",2FGA,Missed Two Pointer,0,256,525,H,,,,18,03:00,28,28,
2007,TS,18,194,198,PAR,PKNN,"PEKOVIC, NIKOLA",FTM,Free Throw In,1,-1,-1, ,,,,18,03:00,29,28,
2007,TS,18,194,201,SIE,PCQO,"EZE, BENJAMIN",2FGM,Two Pointer,2,0,7,D,,,,18,03:00,29,30,
2007,TS,18,194,210,SIE,PLMO,"SATO, ROMAIN",2FGM,Two Pointer,2,-225,497,I,,,,19,02:00,29,32,
2007,TS,18,194,213,SIE,PKWI,"MCINTYRE, TERRELL",2FGM,Two Pointer,2,56,38,C,,,,19,02:00,29,34,
2007,TS,18,194,225,PAR,PBFE,"KECMAN, DUSAN",FTM,Free Throw In,1,-1,-1, ,,,,20,01:00,30,34,
2007,TS,18,194,233,PAR,PJNL,"BOROVNJAK, DEJAN",FTM,Free Throw In,1,-1,-1, ,,,,20,01:00,31,34,
2007,TS,18,194,234,PAR,PJNL,"BOROVNJAK, DEJAN",FTM,Free Throw In,1,-1,-1, ,,,,20,01:00,32,34,
2007,TS,18,194,235,SIE,PCCA,"THORNTON, BOOTSY",3FGA,Missed Three Pointer,0,-646,71,F,,,,20,01:00,32,34,
2007,TS,18,194,247,PAR,PBXO,"VITKOVAC, CEDOMIR",2FGA,Missed Two Pointer,0,-110,102,D,,,,21,10:00,32,34,
2007,TS,18,194,249,PAR,PKNN,"PEKOVIC, NIKOLA",2FGM,Two Pointer,2,-28,92,D,,,,21,10:00,34,34,
2007,TS,18,194,252,PAR,PKNN,"PEKOVIC, NIKOLA",FTM,Free Throw In,1,-1,-1, ,,,,21,10:00,35,34,
2007,TS,18,194,253,SIE,PCQO,"EZE, BENJAMIN",2FGA,Missed Two Pointer,0,-61,458,I,,,,21,10:00,35,34,
2007,TS,18,194,255,PAR,PKNN,"PEKOVIC, NIKOLA",2FGA,Missed Two Pointer,0,102,333,C,,,,21,10:00,35,34,
2007,TS,18,194,259,PAR,PBFE,"KECMAN, DUSAN",2FGAB,Missed Two Pointer,0,-64,7,D,,,,22,09:00,35,34,
2007,TS,18,194,262,PAR,PKNN,"PEKOVIC, NIKOLA",2FGM,Two Pointer,2,-7,69,D,,,,22,09:00,37,34,
2007,TS,18,194,263,SIE,PCCA,"THORNTON, BOOTSY",3FGM,Three Pointer,3,-651,25,F,,,,22,09:00,37,37,
2007,TS,18,194,271,SIE,PKWI,"MCINTYRE, TERRELL",3FGA,Missed Three Pointer,0,-297,582,J,,,,23,08:00,37,37,
2007,TS,18,194,273,SIE,PKWI,"MCINTYRE, TERRELL",3FGM,Three Pointer,3,646,20,A,,,,23,08:00,37,40,
2007,TS,18,194,277,SIE,P000754,"DIENER, DRAKE",3FGA,Missed Three Pointer,0,-46,651,J,,,,23,08:00,37,40,
2007,TS,18,194,280,PAR,PTGU,"PALACIO, MILT",2FGM,Two Pointer,2,-69,30,D,,,,24,07:00,39,40,
2007,TS,18,194,281,SIE,PLMO,"SATO, ROMAIN",2FGA,Missed Two Pointer,0,353,10,B,,,,24,07:00,39,40,
2007,TS,18,194,290,SIE,PCQO,"EZE, BENJAMIN",FTM,Free Throw In,1,-1,-1, ,,,,25,06:00,39,41,
2007,TS,18,194,291,SIE,PCQO,"EZE, BENJAMIN",FTM,Free Throw In,1,-1,-1, ,,,,25,06:00,39,42,
2007,TS,18,194,292,PAR,PJNN,"VELICKOVIC, NOVICA",2FGA,Missed Two Pointer,0,156,69,C,,,,25,06:00,39,42,
2007,TS,18,194,294,PAR,PKNN,"PEKOVIC, NIKOLA",2FGM,Two Pointer,2,2,7,D,,,,25,06:00,41,42,
2007,TS,18,194,295,SIE,PCQO,"EZE, BENJAMIN",2FGM,Two Pointer,2,-76,217,D,,,,25,06:00,41,44,
2007,TS,18,194,303,SIE,PLMO,"SATO, ROMAIN",2FGA,Missed Two Pointer,0,2,194,D,,,,26,05:00,41,44,
2007,TS,18,194,307,SIE,PCQO,"EZE, BENJAMIN",2FGM,Two Pointer,2,-61,20,D,,,,26,05:00,41,46,
2007,TS,18,194,320,PAR,PJNN,"VELICKOVIC, NOVICA",3FGA,Missed Three Pointer,0,276,597,G,,,,27,04:00,41,46,
2007,TS,18,194,322,PAR,PKNN,"PEKOVIC, NIKOLA",2FGA,Missed Two Pointer,0,-56,82,D,,,,27,04:00,41,46,
2007,TS,18,194,327,SIE,PKWI,"MCINTYRE, TERRELL",3FGM,Three Pointer,3,346,546,G,,,,28,03:00,41,49,
2007,TS,18,194,336,SIE,PJOC,"STONEROOK, SHAUN",FTM,Free Throw In,1,-1,-1, ,,,,28,03:00,41,50,
2007,TS,18,194,338,SIE,PCQO,"EZE, BENJAMIN",2FGM,Two Pointer,2,-87,43,D,,,,28,03:00,41,52,
2007,TS,18,194,343,SIE,PJOC,"STONEROOK, SHAUN",3FGA,Missed Three Pointer,0,346,553,G,,,,29,02:00,41,52,
2007,TS,18,194,351,PAR,PBXO,"VITKOVAC, CEDOMIR",2FGM,Two Pointer,2,-7,2,D,,,,29,02:00,43,52,
2007,TS,18,194,353,SIE,PKWI,"MCINTYRE, TERRELL",3FGA,Missed Three Pointer,0,-187,628,J,,,,29,02:00,43,52,
2007,TS,18,194,357,PAR,PLGH,"TEPIC, MILENKO",FTM,Free Throw In,1,-1,-1, ,,,,29,02:00,44,52,
2007,TS,18,194,358,PAR,PLGH,"TEPIC, MILENKO",FTM,Free Throw In,1,-1,-1, ,,,,29,02:00,45,52,
2007,TS,18,194,364,SIE,PCQO,"EZE, BENJAMIN",FTM,Free Throw In,1,-1,-1, ,,,,30,01:00,45,53,
2007,TS,18,194,365,SIE,PCQO,"EZE, BENJAMIN",FTM,Free Throw In,1,-1,-1, ,,,,30,01:00,45,54,
2007,TS,18,194,370,PAR,PLGH,"TEPIC, MILENKO",FTM,Free Throw In,1,-1,-1, ,,,,30,01:00,46,54,
2007,TS,18,194,371,PAR,PLGH,"TEPIC, MILENKO",FTM,Free Throw In,1,-1,-1, ,,,,30,01:00,47,54,
2007,TS,18,194,385,SIE,PLMK,"CARRARETTO, MARCO",3FGA,Missed Three Pointer,0,-335,564,J,,,,30,01:00,47,54,
2007,TS,18,194,392,PAR,PLGH,"TEPIC, MILENKO",2FGM,Two Pointer,2,-89,82,D,,,,31,10:00,49,54,
2007,TS,18,194,394,SIE,PJOC,"STONEROOK, SHAUN",2FGA,Missed Two Pointer,0,2,141,D,,,,31,10:00,49,54,
2007,TS,18,194,396,PAR,PTGU,"PALACIO, MILT",2FGM,Two Pointer,2,-38,46,D,,,,31,10:00,51,54,
2007,TS,18,194,399,PAR,PTGU,"PALACIO, MILT",FTM,Free Throw In,1,-1,-1, ,,,,31,10:00,52,54,
2007,TS,18,194,400,SIE,PBLH,"LAVRINOVIC, KSISTOF",3FGM,Three Pointer,3,10,653,G,,,,31,10:00,52,57,
2007,TS,18,194,408,PAR,PLGH,"TEPIC, MILENKO",2FGM,Two Pointer,2,-2,0,D,,,,32,09:00,54,57,
2007,TS,18,194,414,SIE,PBLH,"LAVRINOVIC, KSISTOF",FTM,Free Throw In,1,-1,-1, ,,,,32,09:00,54,58,
2007,TS,18,194,415,SIE,PBLH,"LAVRINOVIC, KSISTOF",FTM,Free Throw In,1,-1,-1, ,,,,32,09:00,54,59,
2007,TS,18,194,417,PAR,PLGH,"TEPIC, MILENKO",3FGA,Missed Three Pointer,0,25,646,G,,,,33,08:00,54,59,
2007,TS,18,194,419,SIE,PAPS,"ILIEVSKI, VLADO",2FGM,Two Pointer,2,-5,143,D,,,,33,08:00,54,61,
2007,TS,18,194,423,PAR,PTGU,"PALACIO, MILT",3FGM,Three Pointer,3,528,382,A,,,,34,07:00,57,61,
2007,TS,18,194,425,SIE,PBLH,"LAVRINOVIC, KSISTOF",2FGM,Two Pointer,2,343,20,B,,,,34,07:00,57,63,
2007,TS,18,194,426,PAR,PJNN,"VELICKOVIC, NOVICA",3FGM,Three Pointer,3,-643,56,F,,,,34,07:00,60,63,
2007,TS,18,194,429,SIE,PJOC,"STONEROOK, SHAUN",3FGM,Three Pointer,3,-412,515,J,,,,35,06:00,60,66,
2007,TS,18,194,431,PAR,PBFE,"KECMAN, DUSAN",3FGA,Missed Three Pointer,0,-643,58,F,,,,35,06:00,60,66,
2007,TS,18,194,439,PAR,PKNN,"PEKOVIC, NIKOLA",2FGAB,Missed Two Pointer,0,-7,141,D,,,,36,05:00,60,66,
2007,TS,18,194,442,PAR,PTGU,"PALACIO, MILT",3FGA,Missed Three Pointer,0,651,33,A,,,,36,05:00,60,66,
2007,TS,18,194,444,SIE,PKWI,"MCINTYRE, TERRELL",2FGM,Two Pointer,2,-53,53,D,,,,36,05:00,60,68,
2007,TS,18,194,447,PAR,PLGH,"TEPIC, MILENKO",2FGA,Missed Two Pointer,0,92,325,C,,,,36,05:00,60,68,
2007,TS,18,194,451,SIE,PBLH,"LAVRINOVIC, KSISTOF",3FGA,Missed Three Pointer,0,374,533,G,,,,36,05:00,60,68,
2007,TS,18,194,455,PAR,PTGU,"PALACIO, MILT",FTM,Free Throw In,1,-1,-1, ,,,,37,04:00,61,68,
2007,TS,18,194,456,PAR,PTGU,"PALACIO, MILT",FTM,Free Throw In,1,-1,-1, ,,,,37,04:00,62,68,
2007,TS,18,194,466,PAR,PTGU,"PALACIO, MILT",FTM,Free Throw In,1,-1,-1, ,,,,37,04:00,63,68,
2007,TS,18,194,467,PAR,PTGU,"PALACIO, MILT",FTM,Free Throw In,1,-1,-1, ,,,,37,04:00,64,68,
2007,TS,18,194,480,PAR,PKNN,"PEKOVIC, NIKOLA",FTM,Free Throw In,1,-1,-1, ,,,,38,03:00,65,68,
2007,TS,18,194,481,PAR,PKNN,"PEKOVIC, NIKOLA",FTM,Free Throw In,1,-1,-1, ,,,,38,03:00,66,68,
2007,TS,18,194,484,PAR,PTGU,"PALACIO, MILT",2FGM,Two Pointer,2,-76,33,D,,,,38,03:00,68,68,
2007,TS,18,194,487,SIE,PKWI,"MCINTYRE, TERRELL",2FGM,Two Pointer,2,569,182,B,,,,39,02:00,68,70,
2007,TS,18,194,488,PAR,PJNN,"VELICKOVIC, NOVICA",3FGM,Three Pointer,3,-646,41,F,,,,39,02:00,71,70,
2007,TS,18,194,492,SIE,PBLH,"LAVRINOVIC, KSISTOF",FTM,Free Throw In,1,-1,-1, ,,,,39,02:00,71,71,
2007,TS,18,194,493,SIE,PBLH,"LAVRINOVIC, KSISTOF",FTM,Free Throw In,1,-1,-1, ,,,,39,02:00,71,72,
2007,TS,18,194,496,PAR,PTGU,"PALACIO, MILT",FTM,Free Throw In,1,-1,-1, ,,,,39,02:00,72,72,
2007,TS,18,194,497,PAR,PTGU,"PALACIO, MILT",FTM,Free Throw In,1,-1,-1, ,,,,39,02:00,73,72,
2007,TS,18,194,499,SIE,PJOC,"STONEROOK, SHAUN",3FGA,Missed Three Pointer,0,297,592,G,,,,40,01:00,73,72,
2007,TS,18,194,501,PAR,PTGU,"PALACIO, MILT",2FGM,Two Pointer,2,-61,94,D,,,,40,01:00,75,72,
2007,TS,18,194,504,SIE,PLMO,"SATO, ROMAIN",FTM,Free Throw In,1,-1,-1, ,,,,40,01:00,75,73,
2007,TS,18,194,509,PAR,PBFE,"KECMAN, DUSAN",FTM,Free Throw In,1,-1,-1, ,,,,40,01:00,76,73,
2007,TS,18,194,514,SIE,PKWI,"MCINTYRE, TERRELL",FTM,Free Throw In,1,-1,-1, ,,,,40,01:00,76,74,
2007,TS,18,194,515,SIE,PKWI,"MCINTYRE, TERRELL",FTM,Free Throw In,1,-1,-1, ,,,,40,01:00,76,75,
2007,TS,18,194,531,PAR,PBFE,"KECMAN, DUSAN",FTM,Free Throw In,1,-1,-1, ,,,,40,01:00,77,75,
2007,TS,18,194,532,PAR,PBFE,"KECMAN, DUSAN",FTM,Free Throw In,1,-1,-1, ,,,,40,01:00,78,75,
2007,TS,18,195,3,LIE,PLOK,"VROMAN, JACKSON",2FGM,Two Pointer,2,238,138,C,,,,1,10:00,0,2,
2007,TS,18,195,4,BAS,PJTT,"MCDONALD, WILL",2FGA,Missed Two Pointer,0,243,105,C,,,,1,10:00,0,2,
2007,TS,18,195,13,BAS,PJZJ,"TELETOVIC, MIRZA",3FGM,Three Pointer,3,84,664,G,,,,2,09:00,3,2,
2007,TS,18,195,14,LIE,PLOC,"EIDSON, CHUCK",3FGM,Three Pointer,3,-166,661,J,,,,2,09:00,3,5,
2007,TS,18,195,15,BAS,PAFP,"PLANINIC, ZORAN",2FGA,Missed Two Pointer,0,-92,7,D,,,,2,09:00,3,5,
2007,TS,18,195,18,LIE,PTFL,"BAJRAMOVIC, KENAN",2FGA,Missed Two Pointer,0,-292,61,E,,,,3,08:00,3,5,
2007,TS,18,195,20,LIE,PCOH,"PRICE, HOLLIS",2FGM,Two Pointer,2,7,112,C,,,,3,08:00,3,7,
2007,TS,18,195,25,BAS,PJTT,"MCDONALD, WILL",2FGM,Two Pointer,2,0,94,D,,,,3,08:00,5,7,
2007,TS,18,195,29,BAS,PJTT,"MCDONALD, WILL",2FGM,Two Pointer,2,-7,2,D,,,,4,07:00,7,7,
2007,TS,18,195,32,LIE,PTFL,"BAJRAMOVIC, KENAN",2FGM,Two Pointer,2,243,133,B,,,,4,07:00,7,9,
2007,TS,18,195,35,BAS,PJTT,"MCDONALD, WILL",2FGM,Two Pointer,2,-5,5,D,,,,4,07:00,9,9,
2007,TS,18,195,37,LIE,PLOC,"EIDSON, CHUCK",2FGA,Missed Two Pointer,0,230,120,C,,,,5,06:00,9,9,
2007,TS,18,195,42,BAS,PAFP,"PLANINIC, ZORAN",2FGM,Two Pointer,2,51,12,C,,,,5,06:00,11,9,
2007,TS,18,195,47,BAS,PJZJ,"TELETOVIC, MIRZA",FTM,Free Throw In,1,-1,-1, ,,,,5,06:00,12,9,
2007,TS,18,195,48,BAS,PJZJ,"TELETOVIC, MIRZA",FTM,Free Throw In,1,-1,-1, ,,,,5,06:00,13,9,
2007,TS,18,195,50,LIE,PCOH,"PRICE, HOLLIS",3FGA,Missed Three Pointer,0,-202,638,J,,,,6,05:00,13,9,
2007,TS,18,195,53,BAS,PBVC,"JASAITIS, SIMAS",3FGM,Three Pointer,3,-251,625,J,,,,6,05:00,16,9,
2007,TS,18,195,55,LIE,PLOC,"EIDSON, CHUCK",2FGM,Two Pointer,2,2,5,D,,,,6,05:00,16,11,
2007,TS,18,195,56,BAS,PJTT,"MCDONALD, WILL",2FGA,Missed Two Pointer,0,253,43,C,,,,6,05:00,16,11,
2007,TS,18,195,59,LIE,PTFL,"BAJRAMOVIC, KENAN",3FGA,Missed Three Pointer,0,-379,556,J,,,,7,04:00,16,11,
2007,TS,18,195,62,BAS,PJZJ,"TELETOVIC, MIRZA",3FGM,Three Pointer,3,-576,351,F,,,,7,04:00,19,11,
2007,TS,18,195,66,LIE,PLOK,"VROMAN, JACKSON",FTM,Free Throw In,1,-1,-1, ,,,,7,04:00,19,12,
2007,TS,18,195,72,BAS,PJTT,"MCDONALD, WILL",FTM,Free Throw In,1,-1,-1, ,,,,8,03:00,20,12,
2007,TS,18,195,73,BAS,PJTT,"MCDONALD, WILL",FTM,Free Throw In,1,-1,-1, ,,,,8,03:00,21,12,
2007,TS,18,195,78,LIE,PLOK,"VROMAN, JACKSON",FTM,Free Throw In,1,-1,-1, ,,,,8,03:00,21,13,
2007,TS,18,195,79,LIE,PLOK,"VROMAN, JACKSON",FTM,Free Throw In,1,-1,-1, ,,,,8,03:00,21,14,
2007,TS,18,195,80,BAS,PJZJ,"TELETOVIC, MIRZA",3FGA,Missed Three Pointer,0,-43,671,J,,,,8,03:00,21,14,
2007,TS,18,195,83,LIE,PTFL,"BAJRAMOVIC, KENAN",2FGM,Two Pointer,2,53,7,C,,,,8,03:00,21,16,
2007,TS,18,195,85,BAS,PJZJ,"TELETOVIC, MIRZA",2FGM,Two Pointer,2,-66,17,D,,,,8,03:00,23,16,
2007,TS,18,195,87,LIE,PTFL,"BAJRAMOVIC, KENAN",3FGM,Three Pointer,3,664,-79,A,,,,9,02:00,23,19,
2007,TS,18,195,88,BAS,PCBY,"SPLITTER, TIAGO",2FGM,Two Pointer,2,-33,56,D,,,,9,02:00,25,19,
2007,TS,18,195,96,LIE,PLOC,"EIDSON, CHUCK",FTM,Free Throw In,1,-1,-1, ,,,,10,01:00,25,20,
2007,TS,18,195,97,LIE,PLOC,"EIDSON, CHUCK",FTM,Free Throw In,1,-1,-1, ,,,,10,01:00,25,21,
2007,TS,18,195,98,BAS,PCBY,"SPLITTER, TIAGO",2FGA,Missed Two Pointer,0,-56,7,D,,,,10,01:00,25,21,
2007,TS,18,195,101,LIE,PBUU,"LUKAUSKIS, MINDAUGAS",2FGM,Two Pointer,2,-38,17,D,,,,10,01:00,25,23,
2007,TS,18,195,103,BAS,PAFP,"PLANINIC, ZORAN",3FGM,Three Pointer,3,333,579,G,,,,10,01:00,28,23,
2007,TS,18,195,104,LIE,PCOH,"PRICE, HOLLIS",3FGM,Three Pointer,3,138,753,G,,,,10,01:00,28,26,
2007,TS,18,195,112,BAS,PCBX,"PRIGIONI, PABLO",2FGM,Two Pointer,2,-269,61,E,,,,11,10:00,30,26,
2007,TS,18,195,118,LIE,PLOC,"EIDSON, CHUCK",FTM,Free Throw In,1,-1,-1, ,,,,11,10:00,30,27,
2007,TS,18,195,122,BAS,P000719,"MUONEKE, GABE",2FGA,Missed Two Pointer,0,53,174,C,,,,12,09:00,30,27,
2007,TS,18,195,125,LIE,PTFL,"BAJRAMOVIC, KENAN",3FGM,Three Pointer,3,664,-87,A,,,,12,09:00,30,30,
2007,TS,18,195,126,BAS,PCBX,"PRIGIONI, PABLO",3FGA,Missed Three Pointer,0,402,533,G,,,,12,09:00,30,30,
2007,TS,18,195,129,LIE,PCOH,"PRICE, HOLLIS",2FGA,Missed Two Pointer,0,-25,192,D,,,,13,08:00,30,30,
2007,TS,18,195,131,BAS,PAFP,"PLANINIC, ZORAN",2FGA,Missed Two Pointer,0,61,38,C,,,,13,08:00,30,30,
2007,TS,18,195,133,BAS,P000719,"MUONEKE, GABE",2FGA,Missed Two Pointer,0,20,53,C,,,,13,08:00,30,30,
2007,TS,18,195,137,LIE,PBUU,"LUKAUSKIS, MINDAUGAS",FTM,Free Throw In,1,-1,-1, ,,,,13,08:00,30,31,
2007,TS,18,195,143,LIE,PLOC,"EIDSON, CHUCK",2FGM,Two Pointer,2,10,20,C,,,,13,08:00,30,33,
2007,TS,18,195,146,BAS,PCBY,"SPLITTER, TIAGO",2FGM,Two Pointer,2,-5,115,D,,,,14,07:00,32,33,
2007,TS,18,195,150,BAS,PCBX,"PRIGIONI, PABLO",3FGM,Three Pointer,3,-630,210,F,,,,14,07:00,35,33,
2007,TS,18,195,156,BAS,PCBY,"SPLITTER, TIAGO",2FGA,Missed Two Pointer,0,251,71,C,,,,15,06:00,35,33,
2007,TS,18,195,158,BAS,P000719,"MUONEKE, GABE",2FGA,Missed Two Pointer,0,112,30,C,,,,15,06:00,35,33,
2007,TS,18,195,164,BAS,PCBY,"SPLITTER, TIAGO",2FGM,Two Pointer,2,0,120,D,,,,15,06:00,37,33,
2007,TS,18,195,166,LIE,PBUU,"LUKAUSKIS, MINDAUGAS",2FGA,Missed Two Pointer,0,-20,215,D,,,,16,05:00,37,33,
2007,TS,18,195,168,LIE,PLOC,"EIDSON, CHUCK",2FGA,Missed Two Pointer,0,-7,171,D,,,,16,05:00,37,33,
2007,TS,18,195,170,BAS,P000719,"MUONEKE, GABE",2FGA,Missed Two Pointer,0,58,15,C,,,,16,05:00,37,33,
2007,TS,18,195,172,LIE,PTFL,"BAJRAMOVIC, KENAN",2FGA,Missed Two Pointer,0,-338,30,E,,,,16,05:00,37,33,
2007,TS,18,195,188,BAS,PTGD,"SINGLETON, JAMES",2FGM,Two Pointer,2,-7,66,D,,,,17,04:00,39,33,
2007,TS,18,195,190,LIE,PLTT,"GECEVICIUS, MARTYNAS",3FGM,Three Pointer,3,505,451,G,,,,17,04:00,39,36,
2007,TS,18,195,192,BAS,PJZJ,"TELETOVIC, MIRZA",2FGM,Two Pointer,2,-66,12,D,,,,18,03:00,41,36,
2007,TS,18,195,194,LIE,PTFL,"BAJRAMOVIC, KENAN",3FGM,Three Pointer,3,661,74,A,,,,18,03:00,41,39,
2007,TS,18,195,195,BAS,PJZJ,"TELETOVIC, MIRZA",3FGA,Missed Three Pointer,0,-628,220,F,,,,18,03:00,41,39,
2007,TS,18,195,199,LIE,PLOK,"VROMAN, JACKSON",2FGM,Two Pointer,2,7,15,C,,,,19,02:00,41,41,
2007,TS,18,195,200,BAS,PCBY,"SPLITTER, TIAGO",2FGA,Missed Two Pointer,0,-20,87,D,,,,19,02:00,41,41,
2007,TS,18,195,208,LIE,PBUU,"LUKAUSKIS, MINDAUGAS",FTM,Free Throw In,1,-1,-1, ,,,,19,02:00,41,42,
2007,TS,18,195,209,LIE,PBUU,"LUKAUSKIS, MINDAUGAS",FTM,Free Throw In,1,-1,-1, ,,,,19,02:00,41,43,
2007,TS,18,195,210,LIE,PBUU,"LUKAUSKIS, MINDAUGAS",FTM,Free Throw In,1,-1,-1, ,,,,19,02:00,41,44,
2007,TS,18,195,213,BAS,PCBY,"SPLITTER, TIAGO",FTM,Free Throw In,1,-1,-1, ,,,,19,02:00,42,44,
2007,TS,18,195,214,BAS,PCBY,"SPLITTER, TIAGO",FTM,Free Throw In,1,-1,-1, ,,,,19,02:00,43,44,
2007,TS,18,195,218,LIE,PLOK,"VROMAN, JACKSON",FTM,Free Throw In,1,-1,-1, ,,,,20,01:00,43,45,
2007,TS,18,195,219,LIE,PLOK,"VROMAN, JACKSON",FTM,Free Throw In,1,-1,-1, ,,,,20,01:00,43,46,
2007,TS,18,195,220,BAS,PJZJ,"TELETOVIC, MIRZA",2FGA,Missed Two Pointer,0,-61,-15,D,,,,20,01:00,43,46,
2007,TS,18,195,222,BAS,PBVC,"JASAITIS, SIMAS",2FGM,Two Pointer,2,-58,10,D,,,,20,01:00,45,46,
2007,TS,18,195,227,LIE,PLOK,"VROMAN, JACKSON",2FGM,Two Pointer,2,7,66,C,,,,20,01:00,45,48,
2007,TS,18,195,228,BAS,PCBX,"PRIGIONI, PABLO",3FGA,Missed Three Pointer,0,-528,1092,J,,,,20,01:00,45,48,
2007,TS,18,195,239,LIE,PCOH,"PRICE, HOLLIS",2FGA,Missed Two Pointer,0,-71,179,D,,,,21,10:00,45,48,
2007,TS,18,195,244,BAS,PCBX,"PRIGIONI, PABLO",3FGM,Three Pointer,3,-407,520,J,,,,21,10:00,48,48,
2007,TS,18,195,248,LIE,PKNS,"JOMANTAS, ARTURAS",FTM,Free Throw In,1,-1,-1, ,,,,22,09:00,48,49,
2007,TS,18,195,249,LIE,PKNS,"JOMANTAS, ARTURAS",FTM,Free Throw In,1,-1,-1, ,,,,22,09:00,48,50,
2007,TS,18,195,250,BAS,PAFP,"PLANINIC, ZORAN",3FGA,Missed Three Pointer,0,-625,220,F,,,,22,09:00,48,50,
2007,TS,18,195,252,BAS,PCBX,"PRIGIONI, PABLO",3FGA,Missed Three Pointer,0,-674,20,F,,,,22,09:00,48,50,
2007,TS,18,195,254,BAS,PJTT,"MCDONALD, WILL",2FGM,Two Pointer,2,5,7,C,,,,22,09:00,50,50,
2007,TS,18,195,259,LIE,PTFL,"BAJRAMOVIC, KENAN",2FGM,Two Pointer,2,35,94,C,,,,22,09:00,50,52,
2007,TS,18,195,262,LIE,PKNS,"JOMANTAS, ARTURAS",2FGA,Missed Two Pointer,0,-71,20,D,,,,23,08:00,50,52,
2007,TS,18,195,264,LIE,PLOK,"VROMAN, JACKSON",2FGM,Two Pointer,2,51,33,C,,,,23,08:00,50,54,
2007,TS,18,195,265,BAS,PCBX,"PRIGIONI, PABLO",3FGA,Missed Three Pointer,0,289,625,G,,,,23,08:00,50,54,
2007,TS,18,195,267,BAS,PJTT,"MCDONALD, WILL",2FGA,Missed Two Pointer,0,2,107,D,,,,23,08:00,50,54,
2007,TS,18,195,272,BAS,PJZJ,"TELETOVIC, MIRZA",3FGA,Missed Three Pointer,0,-228,643,J,,,,24,07:00,50,54,
2007,TS,18,195,278,LIE,PCOH,"PRICE, HOLLIS",FTM,Free Throw In,1,-1,-1, ,,,,24,07:00,50,55,
2007,TS,18,195,279,LIE,PCOH,"PRICE, HOLLIS",FTM,Free Throw In,1,-1,-1, ,,,,24,07:00,50,56,
2007,TS,18,195,280,BAS,PBVC,"JASAITIS, SIMAS",3FGM,Three Pointer,3,-343,602,J,,,,24,07:00,53,56,
2007,TS,18,195,281,LIE,PTFL,"BAJRAMOVIC, KENAN",3FGA,Missed Three Pointer,0,300,607,G,,,,24,07:00,53,56,
2007,TS,18,195,287,BAS,PAFP,"PLANINIC, ZORAN",2FGM,Two Pointer,2,5,71,C,,,,24,07:00,55,56,
2007,TS,18,195,292,BAS,PAFP,"PLANINIC, ZORAN",FTM,Free Throw In,1,-1,-1, ,,,,24,07:00,56,56,
2007,TS,18,195,293,LIE,PCOH,"PRICE, HOLLIS",2FGM,Two Pointer,2,-274,79,E,,,,24,07:00,56,58,
2007,TS,18,195,296,BAS,PBVC,"JASAITIS, SIMAS",3FGM,Three Pointer,3,-525,402,F,,,,25,06:00,59,58,
2007,TS,18,195,301,LIE,PLOC,"EIDSON, CHUCK",2FGM,Two Pointer,2,-69,15,D,,,,26,05:00,59,60,
2007,TS,18,195,302,BAS,PAFP,"PLANINIC, ZORAN",2FGM,Two Pointer,2,53,23,C,,,,26,05:00,61,60,
2007,TS,18,195,304,LIE,PBUU,"LUKAUSKIS, MINDAUGAS",3FGA,Missed Three Pointer,0,-371,548,J,,,,27,04:00,61,60,
2007,TS,18,195,306,BAS,PCBX,"PRIGIONI, PABLO",3FGM,Three Pointer,3,389,574,G,,,,27,04:00,64,60,
2007,TS,18,195,309,LIE,PCOH,"PRICE, HOLLIS",2FGM,Two Pointer,2,223,30,C,,,,27,04:00,64,62,
2007,TS,18,195,311,BAS,PCBX,"PRIGIONI, PABLO",3FGM,Three Pointer,3,533,523,G,,,,28,03:00,67,62,
2007,TS,18,195,315,LIE,PCOH,"PRICE, HOLLIS",3FGM,Three Pointer,3,-666,-82,F,,,,28,03:00,67,65,
2007,TS,18,195,318,BAS,PCBX,"PRIGIONI, PABLO",FTM,Free Throw In,1,-1,-1, ,,,,28,03:00,68,65,
2007,TS,18,195,319,BAS,PCBX,"PRIGIONI, PABLO",FTM,Free Throw In,1,-1,-1, ,,,,28,03:00,69,65,
2007,TS,18,195,321,LIE,PLOK,"VROMAN, JACKSON",2FGM,Two Pointer,2,-64,15,D,,,,28,03:00,69,67,
2007,TS,18,195,325,BAS,PAFP,"PLANINIC, ZORAN",2FGM,Two Pointer,2,-97,110,D,,,,29,02:00,71,67,
2007,TS,18,195,326,LIE,PLOK,"VROMAN, JACKSON",2FGAB,Missed Two Pointer,0,-117,15,D,,,,29,02:00,71,67,
2007,TS,18,195,335,BAS,PBVC,"JASAITIS, SIMAS",FTM,Free Throw In,1,-1,-1, ,,,,29,02:00,72,67,
2007,TS,18,195,339,LIE,PLOK,"VROMAN, JACKSON",2FGA,Missed Two Pointer,0,-5,115,D,,,,30,01:00,72,67,
2007,TS,18,195,348,BAS,PJZJ,"TELETOVIC, MIRZA",3FGA,Missed Three Pointer,0,410,571,G,,,,30,01:00,72,67,
2007,TS,18,195,352,BAS,PJZJ,"TELETOVIC, MIRZA",3FGM,Three Pointer,3,-7,666,J,,,,31,10:00,75,67,
2007,TS,18,195,354,LIE,PBUU,"LUKAUSKIS, MINDAUGAS",3FGM,Three Pointer,3,-369,561,J,,,,31,10:00,75,70,
2007,TS,18,195,359,LIE,PBUU,"LUKAUSKIS, MINDAUGAS",2FGM,Two Pointer,2,-61,35,D,,,,32,09:00,75,72,
2007,TS,18,195,365,LIE,PBUU,"LUKAUSKIS, MINDAUGAS",2FGM,Two Pointer,2,-12,10,D,,,,32,09:00,75,74,
2007,TS,18,195,372,BAS,PCBY,"SPLITTER, TIAGO",FTM,Free Throw In,1,-1,-1, ,,,,32,09:00,76,74,
2007,TS,18,195,374,LIE,PCOH,"PRICE, HOLLIS",2FGA,Missed Two Pointer,0,356,384,B,,,,33,08:00,76,74,
2007,TS,18,195,380,BAS,PAFP,"PLANINIC, ZORAN",FTM,Free Throw In,1,-1,-1, ,,,,33,08:00,77,74,
2007,TS,18,195,381,LIE,PLOC,"EIDSON, CHUCK",3FGM,Three Pointer,3,-76,653,J,,,,33,08:00,77,77,
2007,TS,18,195,383,BAS,PJZJ,"TELETOVIC, MIRZA",3FGA,Missed Three Pointer,0,-294,610,J,,,,34,07:00,77,77,
2007,TS,18,195,388,LIE,PTFN,"ANISIMOVAS, MICHAILIS",2FGM,Two Pointer,2,48,-7,C,,,,34,07:00,77,79,
2007,TS,18,195,389,BAS,PCBX,"PRIGIONI, PABLO",3FGA,Missed Three Pointer,0,656,235,A,,,,34,07:00,77,79,
2007,TS,18,195,391,LIE,PKNS,"JOMANTAS, ARTURAS",2FGA,Missed Two Pointer,0,125,130,C,,,,34,07:00,77,79,
2007,TS,18,195,402,BAS,PTGD,"SINGLETON, JAMES",3FGA,Missed Three Pointer,0,-341,589,J,,,,35,06:00,77,79,
2007,TS,18,195,405,LIE,PLOC,"EIDSON, CHUCK",2FGA,Missed Two Pointer,0,-284,453,I,,,,36,05:00,77,79,
2007,TS,18,195,412,LIE,PBUU,"LUKAUSKIS, MINDAUGAS",2FGA,Missed Two Pointer,0,56,64,C,,,,36,05:00,77,79,
2007,TS,18,195,414,LIE,PLOC,"EIDSON, CHUCK",2FGA,Missed Two Pointer,0,-7,79,D,,,,36,05:00,77,79,
2007,TS,18,195,416,LIE,PKNS,"JOMANTAS, ARTURAS",2FGM,Two Pointer,2,-58,33,D,,,,36,05:00,77,81,
2007,TS,18,195,418,BAS,PCBY,"SPLITTER, TIAGO",2FGM,Two Pointer,2,2,10,D,,,,36,05:00,79,81,
2007,TS,18,195,420,LIE,PTFN,"ANISIMOVAS, MICHAILIS",2FGA,Missed Two Pointer,0,228,271,B,,,,37,04:00,79,81,
2007,TS,18,195,423,BAS,P000719,"MUONEKE, GABE",2FGM,Two Pointer,2,5,82,C,,,,37,04:00,81,81,
2007,TS,18,195,427,BAS,P000719,"MUONEKE, GABE",2FGA,Missed Two Pointer,0,82,97,C,,,,37,04:00,81,81,
2007,TS,18,195,431,BAS,PAFP,"PLANINIC, ZORAN",3FGM,Three Pointer,3,574,351,A,,,,38,03:00,84,81,
2007,TS,18,195,437,BAS,PCBY,"SPLITTER, TIAGO",2FGM,Two Pointer,2,10,2,C,,,,38,03:00,86,81,
2007,TS,18,195,440,LIE,PTFL,"BAJRAMOVIC, KENAN",3FGM,Three Pointer,3,674,-38,A,,,,39,02:00,86,84,
2007,TS,18,195,441,BAS,PAFP,"PLANINIC, ZORAN",2FGAB,Missed Two Pointer,0,146,61,C,,,,39,02:00,86,84,
2007,TS,18,195,449,LIE,PLOC,"EIDSON, CHUCK",2FGA,Missed Two Pointer,0,-43,164,D,,,,40,01:00,86,84,
2007,TS,18,195,452,BAS,PAFP,"PLANINIC, ZORAN",3FGA,Missed Three Pointer,0,-287,823,J,,,,40,01:00,86,84,
2007,TS,18,195,467,BAS,PAJK,"VIDAL, SERGI",FTM,Free Throw In,1,-1,-1, ,,,,40,01:00,87,84,
2007,TS,18,195,472,LIE,PBUU,"LUKAUSKIS, MINDAUGAS",3FGAB,Missed Three Pointer,0,-515,430,J,,,,40,01:00,87,84,
2007,TS,18,196,2,ARI,PLGM,"TSALDARIS, DIMITRIOS",3FGM,Three Pointer,3,-671,-41,F,,,,1,10:00,0,3,
2007,TS,18,196,4,ULK,PCOS,"SOLOMON, WILLIE",2FGA,Missed Two Pointer,0,402,410,B,,,,1,10:00,0,3,
2007,TS,18,196,5,ARI,PLGV,"MASSEY, JEREMIAH",2FGA,Missed Two Pointer,0,-100,30,D,,,,1,10:00,0,3,
2007,TS,18,196,8,ARI,PTEM,"WRIGHT, BRACEY",2FGM,Two Pointer,2,-143,489,I,,,,1,10:00,0,5,
2007,TS,18,196,10,ULK,PTFH,"PRELDZIC, EMIR",3FGA,Missed Three Pointer,0,-548,394,F,,,,2,09:00,0,5,
2007,TS,18,196,16,ULK,PARO,"ONAN, OMER",2FGA,Missed Two Pointer,0,-69,35,D,,,,2,09:00,0,5,
2007,TS,18,196,18,ARI,PAPT,"BOISA, VLADIMER",3FGM,Three Pointer,3,-464,487,J,,,,2,09:00,0,8,
2007,TS,18,196,25,ULK,PTFI,"VIDMAR, GASPER",2FGM,Two Pointer,2,-89,38,D,,,,3,08:00,2,8,
2007,TS,18,196,34,ULK,PTFH,"PRELDZIC, EMIR",2FGA,Missed Two Pointer,0,87,38,C,,,,4,07:00,2,8,
2007,TS,18,196,36,ARI,PTEM,"WRIGHT, BRACEY",2FGM,Two Pointer,2,-182,443,I,,,,4,07:00,2,10,
2007,TS,18,196,37,ULK,PTFI,"VIDMAR, GASPER",2FGM,Two Pointer,2,-51,23,D,,,,4,07:00,4,10,
2007,TS,18,196,38,ARI,PLGV,"MASSEY, JEREMIAH",2FGM,Two Pointer,2,92,28,C,,,,4,07:00,4,12,
2007,TS,18,196,40,ULK,PJPF,"SAVAS, OGUZ",3FGA,Missed Three Pointer,0,379,566,G,,,,4,07:00,4,12,
2007,TS,18,196,42,ULK,PCOS,"SOLOMON, WILLIE",2FGAB,Missed Two Pointer,0,169,366,C,,,,5,06:00,4,12,
2007,TS,18,196,46,ARI,PLGV,"MASSEY, JEREMIAH",3FGA,Missed Three Pointer,0,-69,684,J,,,,5,06:00,4,12,
2007,TS,18,196,50,ULK,PJPF,"SAVAS, OGUZ",FTM,Free Throw In,1,-1,-1, ,,,,5,06:00,5,12,
2007,TS,18,196,52,ARI,PLGM,"TSALDARIS, DIMITRIOS",3FGA,Missed Three Pointer,0,-20,702,J,,,,6,05:00,5,12,
2007,TS,18,196,63,ARI,PLGV,"MASSEY, JEREMIAH",FTM,Free Throw In,1,-1,-1, ,,,,6,05:00,5,13,
2007,TS,18,196,66,ULK,P000709,"ASIK, OMER FARUK",2FGM,Two Pointer,2,-66,23,D,,,,6,05:00,7,13,
2007,TS,18,196,69,ARI,PTEM,"WRIGHT, BRACEY",2FGM,Two Pointer,2,207,520,H,,,,7,04:00,7,15,
2007,TS,18,196,70,ULK,PTFH,"PRELDZIC, EMIR",2FGA,Missed Two Pointer,0,-228,169,D,,,,7,04:00,7,15,
2007,TS,18,196,72,ULK,P000709,"ASIK, OMER FARUK",2FGM,Two Pointer,2,2,69,D,,,,7,04:00,9,15,
2007,TS,18,196,76,ARI,PLSZ,"WASHINGTON, DARIUS",2FGAB,Missed Two Pointer,0,79,43,C,,,,7,04:00,9,15,
2007,TS,18,196,83,ARI,PTEM,"WRIGHT, BRACEY",3FGA,Missed Three Pointer,0,-46,671,J,,,,8,03:00,9,15,
2007,TS,18,196,87,ULK,PCOS,"SOLOMON, WILLIE",FTM,Free Throw In,1,-1,-1, ,,,,8,03:00,10,15,
2007,TS,18,196,88,ULK,PCOS,"SOLOMON, WILLIE",FTM,Free Throw In,1,-1,-1, ,,,,8,03:00,11,15,
2007,TS,18,196,91,ARI,PLGV,"MASSEY, JEREMIAH",2FGM,Two Pointer,2,97,46,C,,,,8,03:00,11,17,
2007,TS,18,196,93,ARI,PLGV,"MASSEY, JEREMIAH",2FGM,Two Pointer,2,12,235,C,,,,8,03:00,11,19,
2007,TS,18,196,95,ULK,PARO,"ONAN, OMER",2FGM,Two Pointer,2,28,146,C,,,,9,02:00,13,19,
2007,TS,18,196,96,ARI,PLSZ,"WASHINGTON, DARIUS",3FGM,Three Pointer,3,-5,748,J,,,,9,02:00,13,22,
2007,TS,18,196,99,ULK,PTHC,"WHITE, JAMES",2FGM,Two Pointer,2,12,94,C,,,,10,01:00,15,22,
2007,TS,18,196,100,ARI,PLGV,"MASSEY, JEREMIAH",2FGA,Missed Two Pointer,0,-10,100,D,,,,10,01:00,15,22,
2007,TS,18,196,102,ARI,PLGV,"MASSEY, JEREMIAH",2FGAB,Missed Two Pointer,0,23,89,C,,,,10,01:00,15,22,
2007,TS,18,196,106,ARI,PAPT,"BOISA, VLADIMER",3FGA,Missed Three Pointer,0,697,0,A,,,,10,01:00,15,22,
2007,TS,18,196,114,ULK,PARO,"ONAN, OMER",2FGA,Missed Two Pointer,0,-407,376,E,,,,11,10:00,15,22,
2007,TS,18,196,118,ULK,PJYB,"ERDEN, SEMIH",FTM,Free Throw In,1,-1,-1, ,,,,11,10:00,16,22,
2007,TS,18,196,121,ARI,PTEO,"TERRY, REYSHAWN",2FGM,Two Pointer,2,58,84,C,,,,11,10:00,16,24,
2007,TS,18,196,129,ARI,PTEO,"TERRY, REYSHAWN",FTM,Free Throw In,1,-1,-1, ,,,,11,10:00,16,25,
2007,TS,18,196,134,ULK,P000709,"ASIK, OMER FARUK",FTM,Free Throw In,1,-1,-1, ,,,,11,10:00,17,25,
2007,TS,18,196,135,ULK,P000709,"ASIK, OMER FARUK",FTM,Free Throw In,1,-1,-1, ,,,,11,10:00,18,25,
2007,TS,18,196,143,ARI,PKRF,"ILIADIS, SAVVAS",2FGA,Missed Two Pointer,0,-74,20,D,,,,12,09:00,18,25,
2007,TS,18,196,147,ULK,PTHC,"WHITE, JAMES",3FGA,Missed Three Pointer,0,-638,279,F,,,,13,08:00,18,25,
2007,TS,18,196,151,ULK,PJYB,"ERDEN, SEMIH",2FGM,Two Pointer,2,5,15,C,,,,13,08:00,20,25,
2007,TS,18,196,153,ARI,PBDH,"MOTTOLA, HANNO",2FGA,Missed Two Pointer,0,87,512,H,,,,13,08:00,20,25,
2007,TS,18,196,156,ULK,PLGA,"KAAN MRSIC, DAMIR",3FGM,Three Pointer,3,-569,525,J,,,,14,07:00,23,25,
2007,TS,18,196,163,ARI,PTEO,"TERRY, REYSHAWN",2FGA,Missed Two Pointer,0,84,25,C,,,,14,07:00,23,25,
2007,TS,18,196,168,ULK,P000738,"KINSEY, TARENCE",2FGA,Missed Two Pointer,0,-228,443,I,,,,14,07:00,23,25,
2007,TS,18,196,170,ARI,PBDH,"MOTTOLA, HANNO",3FGM,Three Pointer,3,-528,402,F,,,,14,07:00,23,28,
2007,TS,18,196,173,ULK,PLGA,"KAAN MRSIC, DAMIR",3FGA,Missed Three Pointer,0,310,620,G,,,,15,06:00,23,28,
2007,TS,18,196,175,ULK,P000738,"KINSEY, TARENCE",2FGA,Missed Two Pointer,0,-335,433,I,,,,15,06:00,23,28,
2007,TS,18,196,180,ARI,PBDH,"MOTTOLA, HANNO",2FGM,Two Pointer,2,7,-10,C,,,,15,06:00,23,30,
2007,TS,18,196,183,ULK,PJYB,"ERDEN, SEMIH",2FGA,Missed Two Pointer,0,-23,517,I,,,,16,05:00,23,30,
2007,TS,18,196,185,ULK,PLGA,"KAAN MRSIC, DAMIR",3FGA,Missed Three Pointer,0,543,392,A,,,,16,05:00,23,30,
2007,TS,18,196,187,ULK,PJYB,"ERDEN, SEMIH",2FGM,Two Pointer,2,-7,20,D,,,,16,05:00,25,30,
2007,TS,18,196,193,ARI,PLSZ,"WASHINGTON, DARIUS",2FGA,Missed Two Pointer,0,69,20,C,,,,16,05:00,25,30,
2007,TS,18,196,196,ULK,PTHC,"WHITE, JAMES",2FGA,Missed Two Pointer,0,-284,200,E,,,,17,04:00,25,30,
2007,TS,18,196,207,ULK,PCOS,"SOLOMON, WILLIE",3FGA,Missed Three Pointer,0,476,494,G,,,,17,04:00,25,30,
2007,TS,18,196,214,ULK,P000709,"ASIK, OMER FARUK",FTM,Free Throw In,1,-1,-1, ,,,,18,03:00,26,30,
2007,TS,18,196,215,ULK,P000709,"ASIK, OMER FARUK",FTM,Free Throw In,1,-1,-1, ,,,,18,03:00,27,30,
2007,TS,18,196,216,ARI,PTEM,"WRIGHT, BRACEY",3FGA,Missed Three Pointer,0,469,510,G,,,,18,03:00,27,30,
2007,TS,18,196,224,ULK,P000709,"ASIK, OMER FARUK",FTM,Free Throw In,1,-1,-1, ,,,,19,02:00,28,30,
2007,TS,18,196,225,ARI,PLSZ,"WASHINGTON, DARIUS",2FGAB,Missed Two Pointer,0,-7,94,D,,,,19,02:00,28,30,
2007,TS,18,196,229,ULK,PARO,"ONAN, OMER",2FGM,Two Pointer,2,-87,10,D,,,,19,02:00,30,30,
2007,TS,18,196,230,ARI,PTEM,"WRIGHT, BRACEY",2FGM,Two Pointer,2,-425,97,E,,,,19,02:00,30,32,
2007,TS,18,196,233,ULK,PLGA,"KAAN MRSIC, DAMIR",3FGA,Missed Three Pointer,0,-305,633,J,,,,20,01:00,30,32,
2007,TS,18,196,239,ULK,PJYB,"ERDEN, SEMIH",FTM,Free Throw In,1,-1,-1, ,,,,20,01:00,31,32,
2007,TS,18,196,240,ULK,PJYB,"ERDEN, SEMIH",FTM,Free Throw In,1,-1,-1, ,,,,20,01:00,32,32,
2007,TS,18,196,241,ARI,PTEO,"TERRY, REYSHAWN",2FGA,Missed Two Pointer,0,389,48,B,,,,20,01:00,32,32,
2007,TS,18,196,242,ULK,PCOS,"SOLOMON, WILLIE",2FGA,Missed Two Pointer,0,43,543,H,,,,20,01:00,32,32,
2007,TS,18,196,244,ARI,PLGM,"TSALDARIS, DIMITRIOS",3FGA,Missed Three Pointer,0,-674,-20,F,,,,20,01:00,32,32,
2007,TS,18,196,245,ARI,PLGV,"MASSEY, JEREMIAH",2FGM,Two Pointer,2,102,56,C,,,,20,01:00,32,34,
2007,TS,18,196,258,ARI,PAPT,"BOISA, VLADIMER",2FGAB,Missed Two Pointer,0,-69,182,D,,,,21,10:00,32,34,
2007,TS,18,196,263,ARI,PLGV,"MASSEY, JEREMIAH",2FGA,Missed Two Pointer,0,-89,30,D,,,,21,10:00,32,34,
2007,TS,18,196,266,ULK,PCOS,"SOLOMON, WILLIE",2FGA,Missed Two Pointer,0,-174,97,D,,,,22,09:00,32,34,
2007,TS,18,196,268,ARI,PLGV,"MASSEY, JEREMIAH",2FGM,Two Pointer,2,143,64,C,,,,22,09:00,32,36,
2007,TS,18,196,278,ULK,PTFI,"VIDMAR, GASPER",2FGAB,Missed Two Pointer,0,-41,84,D,,,,23,08:00,32,36,
2007,TS,18,196,284,ARI,PLGV,"MASSEY, JEREMIAH",2FGA,Missed Two Pointer,0,-56,125,D,,,,23,08:00,32,36,
2007,TS,18,196,286,ULK,PCOS,"SOLOMON, WILLIE",2FGM,Two Pointer,2,97,15,C,,,,23,08:00,34,36,
2007,TS,18,196,289,ARI,PAPT,"BOISA, VLADIMER",2FGM,Two Pointer,2,84,23,C,,,,23,08:00,34,38,
2007,TS,18,196,291,ULK,PARO,"ONAN, OMER",2FGA,Missed Two Pointer,0,-164,84,D,,,,24,07:00,34,38,
2007,TS,18,196,293,ARI,PLGV,"MASSEY, JEREMIAH",2FGA,Missed Two Pointer,0,105,43,C,,,,24,07:00,34,38,
2007,TS,18,196,303,ARI,PAPT,"BOISA, VLADIMER",3FGA,Missed Three Pointer,0,702,0,A,,,,25,06:00,34,38,
2007,TS,18,196,307,ARI,PLGV,"MASSEY, JEREMIAH",FTM,Free Throw In,1,-1,-1, ,,,,25,06:00,34,39,
2007,TS,18,196,308,ARI,PLGV,"MASSEY, JEREMIAH",FTM,Free Throw In,1,-1,-1, ,,,,25,06:00,34,40,
2007,TS,18,196,311,ULK,PCOS,"SOLOMON, WILLIE",3FGM,Three Pointer,3,-169,653,J,,,,25,06:00,37,40,
2007,TS,18,196,313,ARI,PLGV,"MASSEY, JEREMIAH",2FGA,Missed Two Pointer,0,5,12,C,,,,26,05:00,37,40,
2007,TS,18,196,315,ARI,PLGV,"MASSEY, JEREMIAH",2FGM,Two Pointer,2,2,28,D,,,,26,05:00,37,42,
2007,TS,18,196,327,ULK,PCOS,"SOLOMON, WILLIE",FTM,Free Throw In,1,-1,-1, ,,,,26,05:00,38,42,
2007,TS,18,196,328,ULK,PCOS,"SOLOMON, WILLIE",FTM,Free Throw In,1,-1,-1, ,,,,26,05:00,39,42,
2007,TS,18,196,334,ARI,PBDH,"MOTTOLA, HANNO",2FGM,Two Pointer,2,94,7,C,,,,27,04:00,39,44,
2007,TS,18,196,340,ULK,PCOS,"SOLOMON, WILLIE",FTM,Free Throw In,1,-1,-1, ,,,,27,04:00,40,44,
2007,TS,18,196,341,ARI,PLGV,"MASSEY, JEREMIAH",2FGM,Two Pointer,2,56,25,C,,,,27,04:00,40,46,
2007,TS,18,196,349,ARI,PLGM,"TSALDARIS, DIMITRIOS",3FGA,Missed Three Pointer,0,287,720,G,,,,28,03:00,40,46,
2007,TS,18,196,351,ULK,P000738,"KINSEY, TARENCE",2FGA,Missed Two Pointer,0,-12,600,I,,,,28,03:00,40,46,
2007,TS,18,196,354,ARI,PLSZ,"WASHINGTON, DARIUS",2FGA,Missed Two Pointer,0,-307,471,I,,,,29,02:00,40,46,
2007,TS,18,196,356,ULK,P000738,"KINSEY, TARENCE",3FGA,Missed Three Pointer,0,-612,341,F,,,,29,02:00,40,46,
2007,TS,18,196,360,ULK,PLGA,"KAAN MRSIC, DAMIR",3FGM,Three Pointer,3,543,423,A,,,,29,02:00,43,46,
2007,TS,18,196,362,ARI,PTEM,"WRIGHT, BRACEY",2FGM,Two Pointer,2,89,515,H,,,,29,02:00,43,48,
2007,TS,18,196,364,ULK,PCOS,"SOLOMON, WILLIE",3FGA,Missed Three Pointer,0,-500,474,J,,,,30,01:00,43,48,
2007,TS,18,196,368,ARI,PTEM,"WRIGHT, BRACEY",FTM,Free Throw In,1,-1,-1, ,,,,30,01:00,43,49,
2007,TS,18,196,369,ARI,PTEM,"WRIGHT, BRACEY",FTM,Free Throw In,1,-1,-1, ,,,,30,01:00,43,50,
2007,TS,18,196,376,ULK,P000709,"ASIK, OMER FARUK",2FGM,Two Pointer,2,97,30,C,,,,30,01:00,45,50,
2007,TS,18,196,377,ARI,PLGV,"MASSEY, JEREMIAH",2FGAB,Missed Two Pointer,0,92,28,C,,,,30,01:00,45,50,
2007,TS,18,196,385,ULK,PARO,"ONAN, OMER",3FGM,Three Pointer,3,-23,682,J,,,,31,10:00,48,50,
2007,TS,18,196,386,ARI,PTEO,"TERRY, REYSHAWN",2FGA,Missed Two Pointer,0,248,5,C,,,,31,10:00,48,50,
2007,TS,18,196,392,ULK,PLGA,"KAAN MRSIC, DAMIR",3FGA,Missed Three Pointer,0,541,430,G,,,,31,10:00,48,50,
2007,TS,18,196,395,ARI,PBDH,"MOTTOLA, HANNO",2FGM,Two Pointer,2,371,428,H,,,,32,09:00,48,52,
2007,TS,18,196,397,ULK,PARO,"ONAN, OMER",2FGA,Missed Two Pointer,0,-197,202,D,,,,32,09:00,48,52,
2007,TS,18,196,405,ULK,P000709,"ASIK, OMER FARUK",FTM,Free Throw In,1,-1,-1, ,,,,32,09:00,49,52,
2007,TS,18,196,406,ULK,P000709,"ASIK, OMER FARUK",FTM,Free Throw In,1,-1,-1, ,,,,32,09:00,50,52,
2007,TS,18,196,408,ULK,PARO,"ONAN, OMER",3FGM,Three Pointer,3,-530,430,J,,,,32,09:00,53,52,
2007,TS,18,196,414,ARI,PTEM,"WRIGHT, BRACEY",2FGA,Missed Two Pointer,0,223,482,H,,,,33,08:00,53,52,
2007,TS,18,196,416,ULK,P000709,"ASIK, OMER FARUK",2FGA,Missed Two Pointer,0,-28,228,D,,,,33,08:00,53,52,
2007,TS,18,196,419,ARI,PBDH,"MOTTOLA, HANNO",3FGAB,Missed Three Pointer,0,474,494,G,,,,34,07:00,53,52,
2007,TS,18,196,429,ARI,PTEO,"TERRY, REYSHAWN",FTM,Free Throw In,1,-1,-1, ,,,,34,07:00,53,53,
2007,TS,18,196,430,ARI,PTEO,"TERRY, REYSHAWN",FTM,Free Throw In,1,-1,-1, ,,,,34,07:00,53,54,
2007,TS,18,196,433,ULK,PARO,"ONAN, OMER",FTM,Free Throw In,1,-1,-1, ,,,,34,07:00,54,54,
2007,TS,18,196,439,ULK,PCOS,"SOLOMON, WILLIE",3FGA,Missed Three Pointer,0,566,397,A,,,,35,06:00,54,54,
2007,TS,18,196,440,ULK,PARO,"ONAN, OMER",3FGA,Missed Three Pointer,0,-453,533,J,,,,35,06:00,54,54,
2007,TS,18,196,448,ULK,P000709,"ASIK, OMER FARUK",2FGA,Missed Two Pointer,0,15,110,C,,,,36,05:00,54,54,
2007,TS,18,196,450,ARI,PTEO,"TERRY, REYSHAWN",3FGM,Three Pointer,3,-494,505,J,,,,36,05:00,54,57,
2007,TS,18,196,452,ULK,PTFH,"PRELDZIC, EMIR",3FGA,Missed Three Pointer,0,-661,43,F,,,,36,05:00,54,57,
2007,TS,18,196,463,ULK,PCOS,"SOLOMON, WILLIE",2FGAB,Missed Two Pointer,0,-79,38,D,,,,37,04:00,54,57,
2007,TS,18,196,467,ARI,PAPI,"KALAITZIS, GEORGIOS",2FGA,Missed Two Pointer,0,66,74,C,,,,37,04:00,54,57,
2007,TS,18,196,471,ULK,PJYB,"ERDEN, SEMIH",FTM,Free Throw In,1,-1,-1, ,,,,37,04:00,55,57,
2007,TS,18,196,472,ULK,PJYB,"ERDEN, SEMIH",FTM,Free Throw In,1,-1,-1, ,,,,37,04:00,56,57,
2007,TS,18,196,485,ARI,PLGM,"TSALDARIS, DIMITRIOS",2FGM,Two Pointer,2,-12,66,D,,,,38,03:00,56,59,
2007,TS,18,196,486,ULK,PARO,"ONAN, OMER",2FGA,Missed Two Pointer,0,-97,2,D,,,,38,03:00,56,59,
2007,TS,18,196,488,ULK,PJYB,"ERDEN, SEMIH",2FGA,Missed Two Pointer,0,-69,38,D,,,,38,03:00,56,59,
2007,TS,18,196,490,ULK,PTFH,"PRELDZIC, EMIR",2FGA,Missed Two Pointer,0,-35,74,D,,,,38,03:00,56,59,
2007,TS,18,196,492,ARI,PAPI,"KALAITZIS, GEORGIOS",3FGA,Missed Three Pointer,0,-453,553,J,,,,38,03:00,56,59,
2007,TS,18,196,494,ULK,PJYB,"ERDEN, SEMIH",2FGA,Missed Two Pointer,0,-28,112,D,,,,38,03:00,56,59,
2007,TS,18,196,502,ULK,PLGA,"KAAN MRSIC, DAMIR",3FGA,Missed Three Pointer,0,374,594,G,,,,39,02:00,56,59,
2007,TS,18,196,515,ULK,PCOS,"SOLOMON, WILLIE",2FGM,Two Pointer,2,82,64,C,,,,40,01:00,58,59,
2007,TS,18,196,520,ULK,PCOS,"SOLOMON, WILLIE",FTM,Free Throw In,1,-1,-1, ,,,,40,01:00,59,59,
2007,TS,18,196,521,ARI,PLSZ,"WASHINGTON, DARIUS",3FGA,Missed Three Pointer,0,-161,676,J,,,,40,01:00,59,59,
2007,TS,18,196,528,ARI,PLGV,"MASSEY, JEREMIAH",FTM,Free Throw In,1,-1,-1, ,,,,40,01:00,59,60,
2007,TS,18,196,531,ULK,PCOS,"SOLOMON, WILLIE",2FGA,Missed Two Pointer,0,-61,35,D,,,,40,01:00,59,60,
2007,TS,18,197,5,MAD,PAPP,"PAPADOPOULOS, LAZAROS",2FGM,Two Pointer,2,-46,102,D,,,,1,10:00,0,2,
2007,TS,18,197,6,ZAL,PAHT,"BROWN, MARCUS",2FGM,Two Pointer,2,-97,48,D,,,,1,10:00,2,2,
2007,TS,18,197,8,MAD,PAPP,"PAPADOPOULOS, LAZAROS",2FGM,Two Pointer,2,12,125,C,,,,2,09:00,2,4,
2007,TS,18,197,13,MAD,PAJO,"BULLOCK, LOUIS",2FGAB,Missed Two Pointer,0,-2,138,D,,,,2,09:00,2,4,
2007,TS,18,197,16,MAD,PAJO,"BULLOCK, LOUIS",2FGA,Missed Two Pointer,0,15,92,C,,,,2,09:00,2,4,
2007,TS,18,197,19,ZAL,PJCC,"MACIULIS, JONAS",3FGA,Missed Three Pointer,0,-597,387,F,,,,3,08:00,2,4,
2007,TS,18,197,21,ZAL,PBWI,"JANKUNAS, PAULIUS",2FGM,Two Pointer,2,-446,328,E,,,,3,08:00,4,4,
2007,TS,18,197,23,MAD,PBFJ,"MUMBRU, ALEX",2FGA,Missed Two Pointer,0,-38,102,D,,,,3,08:00,4,4,
2007,TS,18,197,25,ZAL,PAHT,"BROWN, MARCUS",3FGA,Missed Three Pointer,0,453,551,G,,,,3,08:00,4,4,
2007,TS,18,197,27,ZAL,PAHT,"BROWN, MARCUS",2FGM,Two Pointer,2,389,356,B,,,,3,08:00,6,4,
2007,TS,18,197,29,MAD,PAPP,"PAPADOPOULOS, LAZAROS",2FGA,Missed Two Pointer,0,-310,107,E,,,,4,07:00,6,4,
2007,TS,18,197,31,ZAL,PADX,"ZUKAUSKAS, EURELIJUS",2FGM,Two Pointer,2,5,5,C,,,,4,07:00,8,4,
2007,TS,18,197,33,MAD,PBFJ,"MUMBRU, ALEX",3FGA,Missed Three Pointer,0,-87,697,J,,,,4,07:00,8,4,
2007,TS,18,197,42,ZAL,PAHT,"BROWN, MARCUS",2FGA,Missed Two Pointer,0,-102,153,D,,,,5,06:00,8,4,
2007,TS,18,197,46,MAD,PAIT,"LOPEZ, RAUL",3FGM,Three Pointer,3,415,597,G,,,,5,06:00,8,7,
2007,TS,18,197,54,MAD,PBFJ,"MUMBRU, ALEX",2FGAB,Missed Two Pointer,0,12,87,C,,,,6,05:00,8,7,
2007,TS,18,197,60,ZAL,PADX,"ZUKAUSKAS, EURELIJUS",2FGM,Two Pointer,2,-33,71,D,,,,7,04:00,10,7,
2007,TS,18,197,62,MAD,PAJO,"BULLOCK, LOUIS",2FGA,Missed Two Pointer,0,338,66,B,,,,7,04:00,10,7,
2007,TS,18,197,67,MAD,PCRF,"HERVELLE, AXEL",2FGAB,Missed Two Pointer,0,-28,87,D,,,,7,04:00,10,7,
2007,TS,18,197,71,ZAL,PJCC,"MACIULIS, JONAS",2FGM,Two Pointer,2,-69,84,D,,,,7,04:00,12,7,
2007,TS,18,197,76,MAD,PCRF,"HERVELLE, AXEL",FTM,Free Throw In,1,-1,-1, ,,,,8,03:00,12,8,
2007,TS,18,197,77,MAD,PCRF,"HERVELLE, AXEL",FTM,Free Throw In,1,-1,-1, ,,,,8,03:00,12,9,
2007,TS,18,197,83,MAD,PAAX,"REYES, FELIPE",FTM,Free Throw In,1,-1,-1, ,,,,8,03:00,12,10,
2007,TS,18,197,84,MAD,PAAX,"REYES, FELIPE",FTM,Free Throw In,1,-1,-1, ,,,,8,03:00,12,11,
2007,TS,18,197,85,ZAL,PBDB,"COLLINS, DeJUAN",3FGA,Missed Three Pointer,0,-443,538,J,,,,8,03:00,12,11,
2007,TS,18,197,88,MAD,PBFJ,"MUMBRU, ALEX",2FGM,Two Pointer,2,-92,51,D,,,,9,02:00,12,13,
2007,TS,18,197,89,ZAL,PJCC,"MACIULIS, JONAS",3FGA,Missed Three Pointer,0,-661,74,F,,,,9,02:00,12,13,
2007,TS,18,197,97,MAD,PAAX,"REYES, FELIPE",FTM,Free Throw In,1,-1,-1, ,,,,9,02:00,12,14,
2007,TS,18,197,98,ZAL,PJCC,"MACIULIS, JONAS",3FGA,Missed Three Pointer,0,-584,387,F,,,,9,02:00,12,14,
2007,TS,18,197,101,MAD,PAJO,"BULLOCK, LOUIS",3FGA,Missed Three Pointer,0,-266,669,J,,,,10,01:00,12,14,
2007,TS,18,197,103,ZAL,PBDB,"COLLINS, DeJUAN",3FGA,Missed Three Pointer,0,435,561,G,,,,10,01:00,12,14,
2007,TS,18,197,105,ZAL,PJCC,"MACIULIS, JONAS",2FGM,Two Pointer,2,-61,53,D,,,,10,01:00,14,14,
2007,TS,18,197,106,MAD,PAIT,"LOPEZ, RAUL",3FGA,Missed Three Pointer,0,671,220,A,,,,10,01:00,14,14,
2007,TS,18,197,116,MAD,PAAX,"REYES, FELIPE",2FGM,Two Pointer,2,61,74,C,,,,11,10:00,14,16,
2007,TS,18,197,118,ZAL,PBWI,"JANKUNAS, PAULIUS",2FGM,Two Pointer,2,341,76,B,,,,11,10:00,16,16,
2007,TS,18,197,121,MAD,PAAX,"REYES, FELIPE",2FGA,Missed Two Pointer,0,482,133,B,,,,12,09:00,16,16,
2007,TS,18,197,123,ZAL,PATP,"POPOVIC, MARKO",2FGM,Two Pointer,2,384,120,B,,,,12,09:00,18,16,
2007,TS,18,197,125,MAD,PCTN,"SMITH, CHARLES",3FGM,Three Pointer,3,-648,282,F,,,,12,09:00,18,19,
2007,TS,18,197,133,MAD,PAAX,"REYES, FELIPE",2FGM,Two Pointer,2,-23,53,D,,,,13,08:00,18,21,
2007,TS,18,197,140,MAD,PAAX,"REYES, FELIPE",FTM,Free Throw In,1,-1,-1, ,,,,13,08:00,18,22,
2007,TS,18,197,143,ZAL,PAHT,"BROWN, MARCUS",3FGM,Three Pointer,3,392,600,G,,,,13,08:00,21,22,
2007,TS,18,197,145,MAD,PCTN,"SMITH, CHARLES",2FGM,Two Pointer,2,69,38,C,,,,13,08:00,21,24,
2007,TS,18,197,147,ZAL,PAHT,"BROWN, MARCUS",3FGA,Missed Three Pointer,0,405,605,G,,,,14,07:00,21,24,
2007,TS,18,197,150,MAD,PCTN,"SMITH, CHARLES",3FGA,Missed Three Pointer,0,-571,471,J,,,,14,07:00,21,24,
2007,TS,18,197,152,MAD,PAAX,"REYES, FELIPE",2FGM,Two Pointer,2,5,105,C,,,,14,07:00,21,26,
2007,TS,18,197,158,ZAL,PBWI,"JANKUNAS, PAULIUS",3FGM,Three Pointer,3,-158,687,J,,,,14,07:00,24,26,
2007,TS,18,197,161,MAD,PCTN,"SMITH, CHARLES",3FGM,Three Pointer,3,-502,489,J,,,,15,06:00,24,29,
2007,TS,18,197,173,MAD,PAJO,"BULLOCK, LOUIS",2FGM,Two Pointer,2,58,89,C,,,,15,06:00,24,31,
2007,TS,18,197,177,MAD,PAAX,"REYES, FELIPE",2FGM,Two Pointer,2,-48,48,D,,,,16,05:00,24,33,
2007,TS,18,197,184,ZAL,PATP,"POPOVIC, MARKO",FTM,Free Throw In,1,-1,-1, ,,,,16,05:00,25,33,
2007,TS,18,197,185,ZAL,PATP,"POPOVIC, MARKO",FTM,Free Throw In,1,-1,-1, ,,,,16,05:00,26,33,
2007,TS,18,197,186,MAD,PCTN,"SMITH, CHARLES",3FGA,Missed Three Pointer,0,233,679,G,,,,16,05:00,26,33,
2007,TS,18,197,188,MAD,PAAX,"REYES, FELIPE",2FGA,Missed Two Pointer,0,15,89,C,,,,16,05:00,26,33,
2007,TS,18,197,191,MAD,PAPP,"PAPADOPOULOS, LAZAROS",2FGA,Missed Two Pointer,0,-69,82,D,,,,17,04:00,26,33,
2007,TS,18,197,193,MAD,PAJO,"BULLOCK, LOUIS",3FGM,Three Pointer,3,-689,105,F,,,,17,04:00,26,36,
2007,TS,18,197,203,MAD,PAAX,"REYES, FELIPE",2FGA,Missed Two Pointer,0,-23,123,D,,,,18,03:00,26,36,
2007,TS,18,197,206,MAD,PCTN,"SMITH, CHARLES",3FGA,Missed Three Pointer,0,-217,669,J,,,,18,03:00,26,36,
2007,TS,18,197,208,ZAL,P000459,"N'DIAYE, MAMADOU",2FGM,Two Pointer,2,-20,56,D,,,,18,03:00,28,36,
2007,TS,18,197,218,ZAL,PBWI,"JANKUNAS, PAULIUS",2FGA,Missed Two Pointer,0,-525,105,E,,,,19,02:00,28,36,
2007,TS,18,197,220,ZAL,PBWI,"JANKUNAS, PAULIUS",2FGA,Missed Two Pointer,0,-102,43,D,,,,19,02:00,28,36,
2007,TS,18,197,222,ZAL,PJCC,"MACIULIS, JONAS",2FGM,Two Pointer,2,-82,35,D,,,,19,02:00,30,36,
2007,TS,18,197,223,MAD,PARR,"TUNCERI, KEREM",3FGM,Three Pointer,3,-579,466,J,,,,19,02:00,30,39,
2007,TS,18,197,227,MAD,PAPP,"PAPADOPOULOS, LAZAROS",2FGM,Two Pointer,2,-69,125,D,,,,20,01:00,30,41,
2007,TS,18,197,229,ZAL,P000459,"N'DIAYE, MAMADOU",2FGAB,Missed Two Pointer,0,25,100,C,,,,20,01:00,30,41,
2007,TS,18,197,233,MAD,PARR,"TUNCERI, KEREM",3FGM,Three Pointer,3,-112,738,J,,,,20,01:00,30,44,
2007,TS,18,197,243,ZAL,PJCC,"MACIULIS, JONAS",2FGA,Missed Two Pointer,0,135,41,C,,,,21,10:00,30,44,
2007,TS,18,197,247,MAD,PAAX,"REYES, FELIPE",2FGA,Missed Two Pointer,0,-315,41,E,,,,21,10:00,30,44,
2007,TS,18,197,252,MAD,PAIT,"LOPEZ, RAUL",2FGM,Two Pointer,2,-169,43,D,,,,22,09:00,30,46,
2007,TS,18,197,264,ZAL,PBWI,"JANKUNAS, PAULIUS",2FGM,Two Pointer,2,-2,2,D,,,,23,08:00,32,46,
2007,TS,18,197,269,ZAL,PAHT,"BROWN, MARCUS",3FGM,Three Pointer,3,694,23,A,,,,23,08:00,35,46,
2007,TS,18,197,277,MAD,PAPP,"PAPADOPOULOS, LAZAROS",FTM,Free Throw In,1,-1,-1, ,,,,24,07:00,35,47,
2007,TS,18,197,283,ZAL,PAHT,"BROWN, MARCUS",3FGM,Three Pointer,3,-512,548,J,,,,24,07:00,38,47,
2007,TS,18,197,285,MAD,PAAX,"REYES, FELIPE",2FGAB,Missed Two Pointer,0,79,105,C,,,,24,07:00,38,47,
2007,TS,18,197,290,ZAL,PATP,"POPOVIC, MARKO",3FGA,Missed Three Pointer,0,492,517,G,,,,25,06:00,38,47,
2007,TS,18,197,292,ZAL,PBWI,"JANKUNAS, PAULIUS",2FGM,Two Pointer,2,43,69,C,,,,25,06:00,40,47,
2007,TS,18,197,294,MAD,PAIT,"LOPEZ, RAUL",2FGM,Two Pointer,2,0,117,D,,,,25,06:00,40,49,
2007,TS,18,197,299,ZAL,PBDB,"COLLINS, DeJUAN",3FGA,Missed Three Pointer,0,282,630,G,,,,25,06:00,40,49,
2007,TS,18,197,302,MAD,PAIT,"LOPEZ, RAUL",2FGM,Two Pointer,2,-30,305,D,,,,26,05:00,40,51,
2007,TS,18,197,305,MAD,PAIT,"LOPEZ, RAUL",FTM,Free Throw In,1,-1,-1, ,,,,26,05:00,40,52,
2007,TS,18,197,308,ZAL,PATP,"POPOVIC, MARKO",FTM,Free Throw In,1,-1,-1, ,,,,26,05:00,41,52,
2007,TS,18,197,309,ZAL,PATP,"POPOVIC, MARKO",FTM,Free Throw In,1,-1,-1, ,,,,26,05:00,42,52,
2007,TS,18,197,314,MAD,PBFJ,"MUMBRU, ALEX",2FGA,Missed Two Pointer,0,-146,7,D,,,,26,05:00,42,52,
2007,TS,18,197,316,ZAL,PATP,"POPOVIC, MARKO",3FGM,Three Pointer,3,200,694,G,,,,26,05:00,45,52,
2007,TS,18,197,321,MAD,PAAX,"REYES, FELIPE",FTM,Free Throw In,1,-1,-1, ,,,,27,04:00,45,53,
2007,TS,18,197,322,MAD,PAAX,"REYES, FELIPE",FTM,Free Throw In,1,-1,-1, ,,,,27,04:00,45,54,
2007,TS,18,197,329,ZAL,PATP,"POPOVIC, MARKO",FTM,Free Throw In,1,-1,-1, ,,,,27,04:00,46,54,
2007,TS,18,197,330,ZAL,PATP,"POPOVIC, MARKO",FTM,Free Throw In,1,-1,-1, ,,,,27,04:00,47,54,
2007,TS,18,197,333,ZAL,PATP,"POPOVIC, MARKO",2FGA,Missed Two Pointer,0,105,94,C,,,,27,04:00,47,54,
2007,TS,18,197,335,ZAL,PBDE,"JURAK, GORAN",2FGA,Missed Two Pointer,0,-35,89,D,,,,27,04:00,47,54,
2007,TS,18,197,337,ZAL,PBDE,"JURAK, GORAN",2FGM,Two Pointer,2,30,105,C,,,,27,04:00,49,54,
2007,TS,18,197,339,MAD,PAPP,"PAPADOPOULOS, LAZAROS",2FGA,Missed Two Pointer,0,100,41,C,,,,27,04:00,49,54,
2007,TS,18,197,341,MAD,PBFJ,"MUMBRU, ALEX",2FGM,Two Pointer,2,-92,43,D,,,,27,04:00,49,56,
2007,TS,18,197,343,ZAL,PAHT,"BROWN, MARCUS",3FGA,Missed Three Pointer,0,-558,453,J,,,,28,03:00,49,56,
2007,TS,18,197,345,ZAL,PATP,"POPOVIC, MARKO",3FGA,Missed Three Pointer,0,487,538,G,,,,28,03:00,49,56,
2007,TS,18,197,353,ZAL,PATP,"POPOVIC, MARKO",FTM,Free Throw In,1,-1,-1, ,,,,28,03:00,50,56,
2007,TS,18,197,354,ZAL,PATP,"POPOVIC, MARKO",FTM,Free Throw In,1,-1,-1, ,,,,28,03:00,51,56,
2007,TS,18,197,356,MAD,PAJO,"BULLOCK, LOUIS",2FGA,Missed Two Pointer,0,266,184,B,,,,29,02:00,51,56,
2007,TS,18,197,362,MAD,PCRF,"HERVELLE, AXEL",FTM,Free Throw In,1,-1,-1, ,,,,29,02:00,51,57,
2007,TS,18,197,365,MAD,PAJO,"BULLOCK, LOUIS",FTM,Free Throw In,1,-1,-1, ,,,,29,02:00,51,58,
2007,TS,18,197,366,MAD,PAJO,"BULLOCK, LOUIS",FTM,Free Throw In,1,-1,-1, ,,,,29,02:00,51,59,
2007,TS,18,197,367,MAD,PAPP,"PAPADOPOULOS, LAZAROS",2FGA,Missed Two Pointer,0,-33,94,D,,,,29,02:00,51,59,
2007,TS,18,197,371,MAD,PAPP,"PAPADOPOULOS, LAZAROS",2FGA,Missed Two Pointer,0,-66,84,D,,,,29,02:00,51,59,
2007,TS,18,197,376,MAD,PAAX,"REYES, FELIPE",2FGA,Missed Two Pointer,0,-76,30,D,,,,30,01:00,51,59,
2007,TS,18,197,379,MAD,PAJO,"BULLOCK, LOUIS",3FGM,Three Pointer,3,-479,528,J,,,,30,01:00,51,62,
2007,TS,18,197,380,ZAL,PATP,"POPOVIC, MARKO",2FGM,Two Pointer,2,210,464,H,,,,30,01:00,53,62,
2007,TS,18,197,381,MAD,PARR,"TUNCERI, KEREM",3FGM,Three Pointer,3,579,435,G,,,,30,01:00,53,65,
2007,TS,18,197,384,ZAL,PAHT,"BROWN, MARCUS",2FGM,Two Pointer,2,-289,212,E,,,,31,10:00,55,65,
2007,TS,18,197,395,MAD,PAAX,"REYES, FELIPE",FTM,Free Throw In,1,-1,-1, ,,,,31,10:00,55,66,
2007,TS,18,197,396,MAD,PAAX,"REYES, FELIPE",FTM,Free Throw In,1,-1,-1, ,,,,31,10:00,55,67,
2007,TS,18,197,398,ZAL,PBCC,"MARKOTA, DAMIR",3FGM,Three Pointer,3,43,761,G,,,,32,09:00,58,67,
2007,TS,18,197,400,MAD,PAJO,"BULLOCK, LOUIS",3FGM,Three Pointer,3,-392,610,J,,,,32,09:00,58,70,
2007,TS,18,197,401,ZAL,PBCC,"MARKOTA, DAMIR",3FGA,Missed Three Pointer,0,-402,602,J,,,,32,09:00,58,70,
2007,TS,18,197,404,MAD,PAAX,"REYES, FELIPE",2FGM,Two Pointer,2,128,56,C,,,,33,08:00,58,72,
2007,TS,18,197,406,ZAL,PATP,"POPOVIC, MARKO",3FGA,Missed Three Pointer,0,-646,176,F,,,,33,08:00,58,72,
2007,TS,18,197,408,MAD,PARR,"TUNCERI, KEREM",3FGM,Three Pointer,3,-671,117,F,,,,33,08:00,58,75,
2007,TS,18,197,417,ZAL,PAHT,"BROWN, MARCUS",3FGA,Missed Three Pointer,0,566,382,A,,,,33,08:00,58,75,
2007,TS,18,197,422,ZAL,PJCC,"MACIULIS, JONAS",FTM,Free Throw In,1,-1,-1, ,,,,33,08:00,59,75,
2007,TS,18,197,424,MAD,PBFJ,"MUMBRU, ALEX",2FGA,Missed Two Pointer,0,64,82,C,,,,34,07:00,59,75,
2007,TS,18,197,426,ZAL,PBCC,"MARKOTA, DAMIR",2FGM,Two Pointer,2,-5,-10,D,,,,34,07:00,61,75,
2007,TS,18,197,430,MAD,PCRF,"HERVELLE, AXEL",3FGA,Missed Three Pointer,0,653,148,A,,,,34,07:00,61,75,
2007,TS,18,197,432,ZAL,PJCC,"MACIULIS, JONAS",3FGM,Three Pointer,3,-310,694,J,,,,34,07:00,64,75,
2007,TS,18,197,444,ZAL,PJCC,"MACIULIS, JONAS",2FGA,Missed Two Pointer,0,-92,20,D,,,,35,06:00,64,75,
2007,TS,18,197,447,MAD,PCRF,"HERVELLE, AXEL",2FGM,Two Pointer,2,-10,87,D,,,,35,06:00,64,77,
2007,TS,18,197,448,ZAL,PJCC,"MACIULIS, JONAS",3FGA,Missed Three Pointer,0,612,338,A,,,,35,06:00,64,77,
2007,TS,18,197,451,MAD,PAPP,"PAPADOPOULOS, LAZAROS",2FGA,Missed Two Pointer,0,141,38,C,,,,36,05:00,64,77,
2007,TS,18,197,461,MAD,PAJO,"BULLOCK, LOUIS",FTM,Free Throw In,1,-1,-1, ,,,,36,05:00,64,78,
2007,TS,18,197,462,MAD,PAJO,"BULLOCK, LOUIS",FTM,Free Throw In,1,-1,-1, ,,,,36,05:00,64,79,
2007,TS,18,197,466,ZAL,PAHT,"BROWN, MARCUS",3FGA,Missed Three Pointer,0,576,397,A,,,,37,04:00,64,79,
2007,TS,18,197,467,MAD,PARR,"TUNCERI, KEREM",3FGA,Missed Three Pointer,0,-674,28,F,,,,37,04:00,64,79,
2007,TS,18,197,469,ZAL,PAHT,"BROWN, MARCUS",3FGA,Missed Three Pointer,0,-400,623,J,,,,37,04:00,64,79,
2007,TS,18,197,477,ZAL,PJCC,"MACIULIS, JONAS",3FGA,Missed Three Pointer,0,-525,441,J,,,,38,03:00,64,79,
2007,TS,18,197,479,MAD,PAJO,"BULLOCK, LOUIS",3FGA,Missed Three Pointer,0,-428,546,J,,,,38,03:00,64,79,
2007,TS,18,197,481,ZAL,PJCC,"MACIULIS, JONAS",3FGA,Missed Three Pointer,0,-666,89,F,,,,38,03:00,64,79,
2007,TS,18,197,483,ZAL,PATP,"POPOVIC, MARKO",3FGM,Three Pointer,3,669,48,A,,,,38,03:00,67,79,
2007,TS,18,197,486,MAD,PAAX,"REYES, FELIPE",2FGA,Missed Two Pointer,0,-405,241,E,,,,39,02:00,67,79,
2007,TS,18,197,494,ZAL,PBWI,"JANKUNAS, PAULIUS",2FGM,Two Pointer,2,82,46,C,,,,39,02:00,69,79,
2007,TS,18,197,498,MAD,PARR,"TUNCERI, KEREM",FTM,Free Throw In,1,-1,-1, ,,,,40,01:00,69,80,
2007,TS,18,197,505,ZAL,PAHT,"BROWN, MARCUS",3FGA,Missed Three Pointer,0,-615,292,F,,,,40,01:00,69,80,
2007,TS,18,197,507,MAD,PARR,"TUNCERI, KEREM",3FGM,Three Pointer,3,-574,425,F,,,,40,01:00,69,83,
2007,TS,18,197,509,ZAL,PJCC,"MACIULIS, JONAS",3FGA,Missed Three Pointer,0,-138,738,J,,,,40,01:00,69,83,
2007,TS,18,198,2,TEL,PBES,"BLUTHENTHAL, DAVID",3FGA,Missed Three Pointer,0,-684,10,F,,,,1,10:00,0,0,
2007,TS,18,198,5,OLY,PJRF,"VASILOPOULOS, PANAGIOTIS",2FGM,Two Pointer,2,58,71,C,,,,1,10:00,0,2,
2007,TS,18,198,6,TEL,PDHD,"BATISTA, ESTEBAN",2FGA,Missed Two Pointer,0,-105,97,D,,,,1,10:00,0,2,
2007,TS,18,198,8,OLY,PAQU,"BOUROUSIS, IOANNIS",2FGM,Two Pointer,2,53,123,C,,,,1,10:00,0,4,
2007,TS,18,198,14,TEL,PDHD,"BATISTA, ESTEBAN",FTM,Free Throw In,1,-1,-1, ,,,,2,09:00,1,4,
2007,TS,18,198,15,OLY,PCRR,"GREER, LYNN",3FGM,Three Pointer,3,582,579,G,,,,2,09:00,1,7,
2007,TS,18,198,16,TEL,PBES,"BLUTHENTHAL, DAVID",2FGM,Two Pointer,2,-69,138,D,,,,2,09:00,3,7,
2007,TS,18,198,17,OLY,PJRF,"VASILOPOULOS, PANAGIOTIS",2FGA,Missed Two Pointer,0,292,387,B,,,,2,09:00,3,7,
2007,TS,18,198,24,TEL,PAOZ,"HALPERIN, YOTAM",2FGA,Missed Two Pointer,0,-512,156,E,,,,3,08:00,3,7,
2007,TS,18,198,28,TEL,PBES,"BLUTHENTHAL, DAVID",3FGM,Three Pointer,3,-694,23,F,,,,3,08:00,6,7,
2007,TS,18,198,30,OLY,PAQU,"BOUROUSIS, IOANNIS",3FGA,Missed Three Pointer,0,425,630,G,,,,3,08:00,6,7,
2007,TS,18,198,32,TEL,PBES,"BLUTHENTHAL, DAVID",3FGM,Three Pointer,3,-653,169,F,,,,3,08:00,9,7,
2007,TS,18,198,34,OLY,PTFV,"WOODS, QYNTEL",3FGA,Missed Three Pointer,0,417,676,G,,,,3,08:00,9,7,
2007,TS,18,198,36,OLY,PTFV,"WOODS, QYNTEL",3FGA,Missed Three Pointer,0,507,579,G,,,,4,07:00,9,7,
2007,TS,18,198,39,TEL,PDHD,"BATISTA, ESTEBAN",2FGM,Two Pointer,2,-97,30,D,,,,4,07:00,11,7,
2007,TS,18,198,40,OLY,PJRF,"VASILOPOULOS, PANAGIOTIS",2FGM,Two Pointer,2,243,238,B,,,,4,07:00,11,9,
2007,TS,18,198,43,TEL,PDHD,"BATISTA, ESTEBAN",FTM,Free Throw In,1,-1,-1, ,,,,4,07:00,12,9,
2007,TS,18,198,44,TEL,PDHD,"BATISTA, ESTEBAN",FTM,Free Throw In,1,-1,-1, ,,,,4,07:00,13,9,
2007,TS,18,198,45,OLY,PCRR,"GREER, LYNN",3FGM,Three Pointer,3,402,682,G,,,,4,07:00,13,12,
2007,TS,18,198,49,TEL,PCQD,"CUMMINGS, VONTEEGO",FTM,Free Throw In,1,-1,-1, ,,,,4,07:00,14,12,
2007,TS,18,198,50,TEL,PCQD,"CUMMINGS, VONTEEGO",FTM,Free Throw In,1,-1,-1, ,,,,4,07:00,15,12,
2007,TS,18,198,57,OLY,P000126,"JACKSON, MARC",2FGM,Two Pointer,2,0,30,D,,,,6,05:00,15,14,
2007,TS,18,198,59,TEL,PBES,"BLUTHENTHAL, DAVID",3FGA,Missed Three Pointer,0,-558,425,F,,,,6,05:00,15,14,
2007,TS,18,198,68,TEL,PBES,"BLUTHENTHAL, DAVID",FTM,Free Throw In,1,-1,-1, ,,,,6,05:00,16,14,
2007,TS,18,198,69,TEL,PBES,"BLUTHENTHAL, DAVID",FTM,Free Throw In,1,-1,-1, ,,,,6,05:00,17,14,
2007,TS,18,198,72,TEL,PCQD,"CUMMINGS, VONTEEGO",3FGM,Three Pointer,3,-566,569,J,,,,6,05:00,20,14,
2007,TS,18,198,73,OLY,PCRR,"GREER, LYNN",2FGA,Missed Two Pointer,0,135,56,C,,,,6,05:00,20,14,
2007,TS,18,198,74,OLY,PCRR,"GREER, LYNN",2FGAB,Missed Two Pointer,0,79,35,C,,,,6,05:00,20,14,
2007,TS,18,198,78,TEL,PCQD,"CUMMINGS, VONTEEGO",3FGA,Missed Three Pointer,0,-692,102,F,,,,6,05:00,20,14,
2007,TS,18,198,86,OLY,P000126,"JACKSON, MARC",2FGM,Two Pointer,2,84,82,C,,,,8,03:00,20,16,
2007,TS,18,198,88,TEL,PDHD,"BATISTA, ESTEBAN",2FGA,Missed Two Pointer,0,-294,146,E,,,,8,03:00,20,16,
2007,TS,18,198,91,TEL,PLTS,"MORRIS, TERENCE",3FGM,Three Pointer,3,-228,669,J,,,,8,03:00,23,16,
2007,TS,18,198,97,OLY,PBFY,"BLAKNEY, RODERICK",2FGM,Two Pointer,2,346,302,B,,,,9,02:00,23,18,
2007,TS,18,198,98,TEL,PAPB,"VUJCIC, NIKOLA",2FGA,Missed Two Pointer,0,-23,100,D,,,,9,02:00,23,18,
2007,TS,18,198,100,TEL,PAPB,"VUJCIC, NIKOLA",2FGM,Two Pointer,2,-192,30,D,,,,9,02:00,25,18,
2007,TS,18,198,102,OLY,PTFV,"WOODS, QYNTEL",3FGA,Missed Three Pointer,0,594,500,G,,,,9,02:00,25,18,
2007,TS,18,198,104,TEL,PBES,"BLUTHENTHAL, DAVID",2FGA,Missed Two Pointer,0,-307,169,E,,,,9,02:00,25,18,
2007,TS,18,198,107,OLY,PCRR,"GREER, LYNN",2FGM,Two Pointer,2,220,228,C,,,,10,01:00,25,20,
2007,TS,18,198,114,OLY,PCRR,"GREER, LYNN",FTM,Free Throw In,1,-1,-1, ,,,,10,01:00,25,21,
2007,TS,18,198,117,OLY,PAQU,"BOUROUSIS, IOANNIS",3FGA,Missed Three Pointer,0,310,853,G,,,,10,01:00,25,21,
2007,TS,18,198,123,OLY,P000126,"JACKSON, MARC",2FGA,Missed Two Pointer,0,164,210,C,,,,12,09:00,25,21,
2007,TS,18,198,127,TEL,PAPB,"VUJCIC, NIKOLA",2FGM,Two Pointer,2,-120,79,D,,,,12,09:00,27,21,
2007,TS,18,198,128,OLY,P000126,"JACKSON, MARC",2FGA,Missed Two Pointer,0,58,82,C,,,,12,09:00,27,21,
2007,TS,18,198,130,OLY,P000126,"JACKSON, MARC",2FGA,Missed Two Pointer,0,-33,151,D,,,,12,09:00,27,21,
2007,TS,18,198,134,TEL,PLFR,"BYNUM, WILL",2FGM,Two Pointer,2,-130,189,D,,,,12,09:00,29,21,
2007,TS,18,198,140,OLY,P000126,"JACKSON, MARC",FTM,Free Throw In,1,-1,-1, ,,,,12,09:00,29,22,
2007,TS,18,198,141,OLY,P000126,"JACKSON, MARC",FTM,Free Throw In,1,-1,-1, ,,,,12,09:00,29,23,
2007,TS,18,198,142,TEL,PLFR,"BYNUM, WILL",3FGM,Three Pointer,3,-546,466,J,,,,12,09:00,32,23,
2007,TS,18,198,144,OLY,PAMM,"PRINTEZIS, GEORGIOS",2FGA,Missed Two Pointer,0,425,264,B,,,,12,09:00,32,23,
2007,TS,18,198,146,OLY,P000126,"JACKSON, MARC",2FGA,Missed Two Pointer,0,284,164,B,,,,12,09:00,32,23,
2007,TS,18,198,157,OLY,PTFV,"WOODS, QYNTEL",2FGA,Missed Two Pointer,0,410,74,B,,,,13,08:00,32,23,
2007,TS,18,198,159,OLY,PAMM,"PRINTEZIS, GEORGIOS",2FGM,Two Pointer,2,-10,128,D,,,,13,08:00,32,25,
2007,TS,18,198,161,TEL,PAOZ,"HALPERIN, YOTAM",2FGM,Two Pointer,2,-5,194,D,,,,13,08:00,34,25,
2007,TS,18,198,162,OLY,P000126,"JACKSON, MARC",2FGM,Two Pointer,2,189,343,C,,,,13,08:00,34,27,
2007,TS,18,198,165,TEL,PLTS,"MORRIS, TERENCE",3FGM,Three Pointer,3,-574,430,J,,,,13,08:00,37,27,
2007,TS,18,198,169,OLY,PJDR,"TEODOSIC, MILOS",2FGM,Two Pointer,2,30,94,C,,,,14,07:00,37,29,
2007,TS,18,198,175,TEL,PLFR,"BYNUM, WILL",FTM,Free Throw In,1,-1,-1, ,,,,15,06:00,38,29,
2007,TS,18,198,176,TEL,PLFR,"BYNUM, WILL",FTM,Free Throw In,1,-1,-1, ,,,,15,06:00,39,29,
2007,TS,18,198,178,OLY,PAMM,"PRINTEZIS, GEORGIOS",2FGM,Two Pointer,2,287,453,H,,,,15,06:00,39,31,
2007,TS,18,198,179,TEL,PAOZ,"HALPERIN, YOTAM",2FGM,Two Pointer,2,-117,12,D,,,,15,06:00,41,31,
2007,TS,18,198,180,OLY,PJDR,"TEODOSIC, MILOS",2FGA,Missed Two Pointer,0,351,346,B,,,,15,06:00,41,31,
2007,TS,18,198,183,OLY,PAMM,"PRINTEZIS, GEORGIOS",3FGA,Missed Three Pointer,0,494,612,G,,,,15,06:00,41,31,
2007,TS,18,198,190,TEL,P000615,"GARCIA, ALEX",3FGA,Missed Three Pointer,0,682,-102,A,,,,16,05:00,41,31,
2007,TS,18,198,192,TEL,PLTS,"MORRIS, TERENCE",2FGM,Two Pointer,2,10,64,C,,,,16,05:00,43,31,
2007,TS,18,198,193,OLY,P000126,"JACKSON, MARC",3FGM,Three Pointer,3,151,756,G,,,,16,05:00,43,34,
2007,TS,18,198,195,TEL,PLFR,"BYNUM, WILL",2FGM,Two Pointer,2,-2,23,D,,,,16,05:00,45,34,
2007,TS,18,198,196,OLY,PALG,"VASILIADIS, KOSTAS",2FGM,Two Pointer,2,-61,376,D,,,,16,05:00,45,36,
2007,TS,18,198,204,OLY,PCRR,"GREER, LYNN",FTM,Free Throw In,1,-1,-1, ,,,,17,04:00,45,37,
2007,TS,18,198,205,TEL,PLTS,"MORRIS, TERENCE",3FGA,Missed Three Pointer,0,-666,379,F,,,,17,04:00,45,37,
2007,TS,18,198,207,OLY,PAMM,"PRINTEZIS, GEORGIOS",3FGA,Missed Three Pointer,0,412,789,G,,,,17,04:00,45,37,
2007,TS,18,198,211,OLY,PCRR,"GREER, LYNN",2FGM,Two Pointer,2,17,102,C,,,,17,04:00,45,39,
2007,TS,18,198,216,TEL,PAOZ,"HALPERIN, YOTAM",3FGA,Missed Three Pointer,0,412,656,G,,,,18,03:00,45,39,
2007,TS,18,198,218,OLY,PALG,"VASILIADIS, KOSTAS",3FGM,Three Pointer,3,646,184,A,,,,18,03:00,45,42,
2007,TS,18,198,220,TEL,P000615,"GARCIA, ALEX",3FGA,Missed Three Pointer,0,-664,153,F,,,,18,03:00,45,42,
2007,TS,18,198,224,TEL,PLTS,"MORRIS, TERENCE",2FGM,Two Pointer,2,-366,205,E,,,,18,03:00,47,42,
2007,TS,18,198,228,OLY,P000126,"JACKSON, MARC",2FGM,Two Pointer,2,87,123,C,,,,20,01:00,47,44,
2007,TS,18,198,230,TEL,PCQD,"CUMMINGS, VONTEEGO",3FGM,Three Pointer,3,-225,661,J,,,,20,01:00,50,44,
2007,TS,18,198,236,OLY,PCRR,"GREER, LYNN",2FGAB,Missed Two Pointer,0,228,256,B,,,,20,01:00,50,44,
2007,TS,18,198,249,TEL,PBES,"BLUTHENTHAL, DAVID",3FGM,Three Pointer,3,-612,335,F,,,,21,10:00,53,44,
2007,TS,18,198,250,OLY,PTFV,"WOODS, QYNTEL",2FGM,Two Pointer,2,125,-15,C,,,,21,10:00,53,46,
2007,TS,18,198,252,TEL,PCQD,"CUMMINGS, VONTEEGO",3FGA,Missed Three Pointer,0,-646,271,F,,,,21,10:00,53,46,
2007,TS,18,198,255,TEL,PBES,"BLUTHENTHAL, DAVID",3FGM,Three Pointer,3,-653,312,F,,,,21,10:00,56,46,
2007,TS,18,198,256,OLY,PBFY,"BLAKNEY, RODERICK",2FGA,Missed Two Pointer,0,264,251,B,,,,21,10:00,56,46,
2007,TS,18,198,261,OLY,PAMM,"PRINTEZIS, GEORGIOS",2FGA,Missed Two Pointer,0,366,166,B,,,,21,10:00,56,46,
2007,TS,18,198,263,TEL,PBES,"BLUTHENTHAL, DAVID",3FGM,Three Pointer,3,-666,164,F,,,,21,10:00,59,46,
2007,TS,18,198,266,OLY,PAQU,"BOUROUSIS, IOANNIS",2FGA,Missed Two Pointer,0,100,92,C,,,,21,10:00,59,46,
2007,TS,18,198,269,OLY,PBFY,"BLAKNEY, RODERICK",2FGA,Missed Two Pointer,0,241,169,B,,,,21,10:00,59,46,
2007,TS,18,198,271,OLY,PCRR,"GREER, LYNN",3FGM,Three Pointer,3,571,517,G,,,,21,10:00,59,49,
2007,TS,18,198,272,TEL,PLTS,"MORRIS, TERENCE",2FGA,Missed Two Pointer,0,-53,176,D,,,,21,10:00,59,49,
2007,TS,18,198,277,OLY,PCRR,"GREER, LYNN",2FGM,Two Pointer,2,187,458,H,,,,24,07:00,59,51,
2007,TS,18,198,278,TEL,PCQD,"CUMMINGS, VONTEEGO",2FGA,Missed Two Pointer,0,-102,164,D,,,,24,07:00,59,51,
2007,TS,18,198,283,OLY,PCRR,"GREER, LYNN",FTM,Free Throw In,1,-1,-1, ,,,,24,07:00,59,52,
2007,TS,18,198,284,OLY,PCRR,"GREER, LYNN",FTM,Free Throw In,1,-1,-1, ,,,,24,07:00,59,53,
2007,TS,18,198,291,TEL,PDHD,"BATISTA, ESTEBAN",2FGM,Two Pointer,2,-23,10,D,,,,24,07:00,61,53,
2007,TS,18,198,300,TEL,P000615,"GARCIA, ALEX",2FGA,Missed Two Pointer,0,-33,48,D,,,,26,05:00,61,53,
2007,TS,18,198,302,TEL,PBES,"BLUTHENTHAL, DAVID",3FGA,Missed Three Pointer,0,666,48,A,,,,26,05:00,61,53,
2007,TS,18,198,304,TEL,PDHD,"BATISTA, ESTEBAN",2FGM,Two Pointer,2,41,74,C,,,,26,05:00,63,53,
2007,TS,18,198,311,TEL,PDHD,"BATISTA, ESTEBAN",2FGA,Missed Two Pointer,0,28,92,C,,,,26,05:00,63,53,
2007,TS,18,198,313,TEL,PDHD,"BATISTA, ESTEBAN",2FGA,Missed Two Pointer,0,-43,61,D,,,,26,05:00,63,53,
2007,TS,18,198,314,TEL,PDHD,"BATISTA, ESTEBAN",2FGAB,Missed Two Pointer,0,-61,138,D,,,,26,05:00,63,53,
2007,TS,18,198,320,TEL,PDHD,"BATISTA, ESTEBAN",FTM,Free Throw In,1,-1,-1, ,,,,26,05:00,64,53,
2007,TS,18,198,323,TEL,PDHD,"BATISTA, ESTEBAN",FTM,Free Throw In,1,-1,-1, ,,,,26,05:00,65,53,
2007,TS,18,198,324,OLY,PTFV,"WOODS, QYNTEL",2FGA,Missed Two Pointer,0,110,438,H,,,,26,05:00,65,53,
2007,TS,18,198,335,TEL,PAOZ,"HALPERIN, YOTAM",2FGAB,Missed Two Pointer,0,-30,100,D,,,,27,04:00,65,53,
2007,TS,18,198,341,TEL,PDHD,"BATISTA, ESTEBAN",2FGM,Two Pointer,2,-28,535,I,,,,27,04:00,67,53,
2007,TS,18,198,343,OLY,PAQU,"BOUROUSIS, IOANNIS",3FGM,Three Pointer,3,289,623,G,,,,27,04:00,67,56,
2007,TS,18,198,345,TEL,PDHD,"BATISTA, ESTEBAN",2FGM,Two Pointer,2,7,35,C,,,,27,04:00,69,56,
2007,TS,18,198,347,OLY,PCRR,"GREER, LYNN",2FGM,Two Pointer,2,10,20,C,,,,27,04:00,69,58,
2007,TS,18,198,348,TEL,PAOZ,"HALPERIN, YOTAM",2FGM,Two Pointer,2,35,92,C,,,,27,04:00,71,58,
2007,TS,18,198,360,TEL,PAPB,"VUJCIC, NIKOLA",2FGA,Missed Two Pointer,0,-223,46,D,,,,29,02:00,71,58,
2007,TS,18,198,363,OLY,P000126,"JACKSON, MARC",2FGA,Missed Two Pointer,0,156,376,C,,,,29,02:00,71,58,
2007,TS,18,198,366,OLY,PBFY,"BLAKNEY, RODERICK",3FGM,Three Pointer,3,551,471,G,,,,29,02:00,71,61,
2007,TS,18,198,383,TEL,PLTS,"MORRIS, TERENCE",3FGA,Missed Three Pointer,0,697,-5,A,,,,31,10:00,71,61,
2007,TS,18,198,389,OLY,P000126,"JACKSON, MARC",FTM,Free Throw In,1,-1,-1, ,,,,31,10:00,71,62,
2007,TS,18,198,390,OLY,P000126,"JACKSON, MARC",FTM,Free Throw In,1,-1,-1, ,,,,31,10:00,71,63,
2007,TS,18,198,391,OLY,P000126,"JACKSON, MARC",2FGA,Missed Two Pointer,0,69,438,H,,,,31,10:00,71,63,
2007,TS,18,198,396,TEL,PLTS,"MORRIS, TERENCE",FTM,Free Throw In,1,-1,-1, ,,,,31,10:00,72,63,
2007,TS,18,198,397,TEL,PLTS,"MORRIS, TERENCE",FTM,Free Throw In,1,-1,-1, ,,,,31,10:00,73,63,
2007,TS,18,198,398,OLY,P000126,"JACKSON, MARC",2FGA,Missed Two Pointer,0,-5,158,D,,,,31,10:00,73,63,
2007,TS,18,198,400,TEL,PAPB,"VUJCIC, NIKOLA",2FGA,Missed Two Pointer,0,-84,120,D,,,,31,10:00,73,63,
2007,TS,18,198,403,OLY,PAQU,"BOUROUSIS, IOANNIS",3FGM,Three Pointer,3,623,428,G,,,,31,10:00,73,66,
2007,TS,18,198,404,TEL,PAPB,"VUJCIC, NIKOLA",2FGA,Missed Two Pointer,0,-25,123,D,,,,31,10:00,73,66,
2007,TS,18,198,412,OLY,P000126,"JACKSON, MARC",2FGA,Missed Two Pointer,0,166,138,C,,,,33,08:00,73,66,
2007,TS,18,198,414,TEL,PBES,"BLUTHENTHAL, DAVID",3FGA,Missed Three Pointer,0,-612,397,F,,,,33,08:00,73,66,
2007,TS,18,198,423,TEL,PAOZ,"HALPERIN, YOTAM",2FGA,Missed Two Pointer,0,341,66,B,,,,34,07:00,73,66,
2007,TS,18,198,427,OLY,PJRF,"VASILOPOULOS, PANAGIOTIS",3FGM,Three Pointer,3,512,592,G,,,,34,07:00,73,69,
2007,TS,18,198,435,TEL,PLFR,"BYNUM, WILL",FTM,Free Throw In,1,-1,-1, ,,,,34,07:00,74,69,
2007,TS,18,198,436,TEL,PLFR,"BYNUM, WILL",FTM,Free Throw In,1,-1,-1, ,,,,34,07:00,75,69,
2007,TS,18,198,439,OLY,PBFY,"BLAKNEY, RODERICK",3FGM,Three Pointer,3,-576,523,J,,,,34,07:00,75,72,
2007,TS,18,198,443,OLY,PBFY,"BLAKNEY, RODERICK",3FGA,Missed Three Pointer,0,602,451,G,,,,34,07:00,75,72,
2007,TS,18,198,445,TEL,PLFR,"BYNUM, WILL",2FGA,Missed Two Pointer,0,-320,169,E,,,,34,07:00,75,72,
2007,TS,18,198,451,OLY,PJRF,"VASILOPOULOS, PANAGIOTIS",2FGM,Two Pointer,2,64,97,C,,,,36,05:00,75,74,
2007,TS,18,198,453,TEL,PLFR,"BYNUM, WILL",3FGAB,Missed Three Pointer,0,-687,-51,F,,,,36,05:00,75,74,
2007,TS,18,198,461,OLY,PJRF,"VASILOPOULOS, PANAGIOTIS",FTM,Free Throw In,1,-1,-1, ,,,,36,05:00,75,75,
2007,TS,18,198,474,TEL,PAPB,"VUJCIC, NIKOLA",FTM,Free Throw In,1,-1,-1, ,,,,37,04:00,76,75,
2007,TS,18,198,476,OLY,PCRR,"GREER, LYNN",3FGA,Missed Three Pointer,0,-200,730,J,,,,38,03:00,76,75,
2007,TS,18,198,478,TEL,PCQD,"CUMMINGS, VONTEEGO",3FGA,Missed Three Pointer,0,697,15,A,,,,38,03:00,76,75,
2007,TS,18,198,480,OLY,PAQU,"BOUROUSIS, IOANNIS",3FGA,Missed Three Pointer,0,551,548,G,,,,38,03:00,76,75,
2007,TS,18,198,482,OLY,PAMM,"PRINTEZIS, GEORGIOS",2FGM,Two Pointer,2,58,97,C,,,,38,03:00,76,77,
2007,TS,18,198,489,TEL,PAPB,"VUJCIC, NIKOLA",2FGA,Missed Two Pointer,0,-10,102,D,,,,38,03:00,76,77,
2007,TS,18,198,495,TEL,PAPB,"VUJCIC, NIKOLA",FTM,Free Throw In,1,-1,-1, ,,,,38,03:00,77,77,
2007,TS,18,198,496,OLY,PAMM,"PRINTEZIS, GEORGIOS",3FGM,Three Pointer,3,-271,666,J,,,,38,03:00,77,80,
2007,TS,18,198,498,TEL,PLFR,"BYNUM, WILL",2FGM,Two Pointer,2,46,130,C,,,,38,03:00,79,80,
2007,TS,18,198,500,OLY,PCRR,"GREER, LYNN",2FGM,Two Pointer,2,-97,230,D,,,,39,02:00,79,82,
2007,TS,18,198,501,TEL,PLTS,"MORRIS, TERENCE",3FGM,Three Pointer,3,-138,682,J,,,,39,02:00,82,82,
2007,TS,18,198,505,OLY,PCRR,"GREER, LYNN",FTM,Free Throw In,1,-1,-1, ,,,,39,02:00,82,83,
2007,TS,18,198,506,OLY,PCRR,"GREER, LYNN",FTM,Free Throw In,1,-1,-1, ,,,,39,02:00,82,84,
2007,TS,18,198,507,TEL,P000615,"GARCIA, ALEX",3FGA,Missed Three Pointer,0,382,597,G,,,,39,02:00,82,84,
2007,TS,18,198,514,OLY,PCRR,"GREER, LYNN",FTM,Free Throw In,1,-1,-1, ,,,,40,01:00,82,85,
2007,TS,18,198,518,TEL,PBES,"BLUTHENTHAL, DAVID",3FGA,Missed Three Pointer,0,-79,787,J,,,,40,01:00,82,85,
2007,TS,18,198,521,OLY,PCRR,"GREER, LYNN",FTM,Free Throw In,1,-1,-1, ,,,,40,01:00,82,86,
2007,TS,18,198,527,OLY,PAQU,"BOUROUSIS, IOANNIS",3FGA,Missed Three Pointer,0,576,482,G,,,,40,01:00,82,86,
2007,TS,18,198,529,OLY,PALG,"VASILIADIS, KOSTAS",FTM,Free Throw In,1,-1,-1, ,,,,40,01:00,82,87,
2007,TS,18,199,2,ROM,PADP,"FUCKA, GREGOR",2FGA,Missed Two Pointer,0,71,64,C,,,,1,10:00,0,0,
2007,TS,18,199,4,CSK,PAKT,"ANDERSEN, DAVID",2FGM,Two Pointer,2,-56,46,D,,,,1,10:00,0,2,
2007,TS,18,199,11,CSK,PAKT,"ANDERSEN, DAVID",3FGA,Missed Three Pointer,0,356,571,G,,,,2,09:00,0,2,
2007,TS,18,199,21,ROM,PLUK,"STEFANSSON, JON",2FGA,Missed Two Pointer,0,-300,10,E,,,,2,09:00,0,2,
2007,TS,18,199,24,ROM,PKZA,"HAWKINS, DAVID",3FGA,Missed Three Pointer,0,-576,328,F,,,,3,08:00,0,2,
2007,TS,18,199,26,ROM,PBWL,"LORBEK, ERAZEM",2FGA,Missed Two Pointer,0,161,238,C,,,,3,08:00,0,2,
2007,TS,18,199,28,CSK,PAQO,"HOLDEN, JON ROBERT",2FGM,Two Pointer,2,571,33,B,,,,3,08:00,0,4,
2007,TS,18,199,30,ROM,PCJA,"UKIC, ROKO-LENI",3FGA,Missed Three Pointer,0,-169,671,J,,,,4,07:00,0,4,
2007,TS,18,199,34,CSK,PBEB,"LANGDON, TRAJAN",3FGM,Three Pointer,3,-469,484,J,,,,4,07:00,0,7,
2007,TS,18,199,37,ROM,PKZA,"HAWKINS, DAVID",2FGAB,Missed Two Pointer,0,102,92,C,,,,5,06:00,0,7,
2007,TS,18,199,41,ROM,PKZA,"HAWKINS, DAVID",2FGA,Missed Two Pointer,0,169,284,C,,,,5,06:00,0,7,
2007,TS,18,199,43,CSK,PAKT,"ANDERSEN, DAVID",3FGA,Missed Three Pointer,0,76,669,G,,,,5,06:00,0,7,
2007,TS,18,199,47,CSK,PAKT,"ANDERSEN, DAVID",2FGM,Two Pointer,2,-2,7,D,,,,5,06:00,0,9,
2007,TS,18,199,52,ROM,PBWL,"LORBEK, ERAZEM",FTM,Free Throw In,1,-1,-1, ,,,,5,06:00,1,9,
2007,TS,18,199,53,ROM,PBWL,"LORBEK, ERAZEM",FTM,Free Throw In,1,-1,-1, ,,,,5,06:00,2,9,
2007,TS,18,199,54,CSK,PJMM,"SISKAUSKAS, RAMUNAS",2FGM,Two Pointer,2,56,38,C,,,,5,06:00,2,11,
2007,TS,18,199,63,ROM,PKZA,"HAWKINS, DAVID",FTM,Free Throw In,1,-1,-1, ,,,,6,05:00,3,11,
2007,TS,18,199,68,CSK,PJMM,"SISKAUSKAS, RAMUNAS",FTM,Free Throw In,1,-1,-1, ,,,,6,05:00,3,12,
2007,TS,18,199,69,CSK,PJMM,"SISKAUSKAS, RAMUNAS",FTM,Free Throw In,1,-1,-1, ,,,,6,05:00,3,13,
2007,TS,18,199,70,ROM,PBWL,"LORBEK, ERAZEM",2FGA,Missed Two Pointer,0,69,76,C,,,,6,05:00,3,13,
2007,TS,18,199,73,CSK,PAQO,"HOLDEN, JON ROBERT",2FGM,Two Pointer,2,-256,392,E,,,,7,04:00,3,15,
2007,TS,18,199,78,CSK,PAKT,"ANDERSEN, DAVID",2FGM,Two Pointer,2,92,123,C,,,,7,04:00,3,17,
2007,TS,18,199,83,CSK,PJMM,"SISKAUSKAS, RAMUNAS",2FGM,Two Pointer,2,-369,200,E,,,,8,03:00,3,19,
2007,TS,18,199,84,ROM,PJKN,"GABINI, ROBERTO",2FGAB,Missed Two Pointer,0,25,264,C,,,,8,03:00,3,19,
2007,TS,18,199,90,CSK,PAKT,"ANDERSEN, DAVID",2FGA,Missed Two Pointer,0,-15,302,D,,,,8,03:00,3,19,
2007,TS,18,199,96,CSK,PJMM,"SISKAUSKAS, RAMUNAS",FTM,Free Throw In,1,-1,-1, ,,,,8,03:00,3,20,
2007,TS,18,199,97,CSK,PJMM,"SISKAUSKAS, RAMUNAS",FTM,Free Throw In,1,-1,-1, ,,,,8,03:00,3,21,
2007,TS,18,199,101,ROM,PJKN,"GABINI, ROBERTO",3FGM,Three Pointer,3,146,653,G,,,,9,02:00,6,21,
2007,TS,18,199,103,CSK,PAQO,"HOLDEN, JON ROBERT",3FGM,Three Pointer,3,-674,-38,F,,,,9,02:00,6,24,
2007,TS,18,199,110,ROM,PJKN,"GABINI, ROBERTO",3FGA,Missed Three Pointer,0,500,458,G,,,,10,01:00,6,24,
2007,TS,18,199,112,CSK,PAUC,"GOREE, MARCUS",2FGM,Two Pointer,2,-5,2,D,,,,10,01:00,6,26,
2007,TS,18,199,116,ROM,PADP,"FUCKA, GREGOR",FTM,Free Throw In,1,-1,-1, ,,,,10,01:00,7,26,
2007,TS,18,199,117,ROM,PADP,"FUCKA, GREGOR",FTM,Free Throw In,1,-1,-1, ,,,,10,01:00,8,26,
2007,TS,18,199,120,CSK,PATW,"PAPALOUKAS, THEODOROS",FTM,Free Throw In,1,-1,-1, ,,,,10,01:00,8,27,
2007,TS,18,199,121,CSK,PATW,"PAPALOUKAS, THEODOROS",FTM,Free Throw In,1,-1,-1, ,,,,10,01:00,8,28,
2007,TS,18,199,122,ROM,PADB,"DE LA FUENTE, RODRIGO",2FGM,Two Pointer,2,158,256,C,,,,10,01:00,10,28,
2007,TS,18,199,131,CSK,PAUC,"GOREE, MARCUS",2FGA,Missed Two Pointer,0,233,405,B,,,,11,10:00,10,28,
2007,TS,18,199,140,CSK,PABN,"ZISIS, NIKOLAOS",FTM,Free Throw In,1,-1,-1, ,,,,11,10:00,10,29,
2007,TS,18,199,141,CSK,PABN,"ZISIS, NIKOLAOS",FTM,Free Throw In,1,-1,-1, ,,,,11,10:00,10,30,
2007,TS,18,199,142,ROM,PCJA,"UKIC, ROKO-LENI",2FGA,Missed Two Pointer,0,-53,269,D,,,,11,10:00,10,30,
2007,TS,18,199,148,CSK,PJMM,"SISKAUSKAS, RAMUNAS",3FGM,Three Pointer,3,546,412,A,,,,12,09:00,10,33,
2007,TS,18,199,150,ROM,PADP,"FUCKA, GREGOR",2FGM,Two Pointer,2,71,156,C,,,,12,09:00,12,33,
2007,TS,18,199,166,ROM,PBWL,"LORBEK, ERAZEM",FTM,Free Throw In,1,-1,-1, ,,,,12,09:00,13,33,
2007,TS,18,199,167,ROM,PBWL,"LORBEK, ERAZEM",FTM,Free Throw In,1,-1,-1, ,,,,12,09:00,14,33,
2007,TS,18,199,168,CSK,PATW,"PAPALOUKAS, THEODOROS",2FGM,Two Pointer,2,69,20,C,,,,12,09:00,14,35,
2007,TS,18,199,170,ROM,P000753,"JAABER, IBRAHIM IBIN",2FGA,Missed Two Pointer,0,87,61,C,,,,13,08:00,14,35,
2007,TS,18,199,172,ROM,PTGO,"CROSARIOL, ANDREA",2FGM,Two Pointer,2,-74,28,D,,,,13,08:00,16,35,
2007,TS,18,199,173,CSK,PJMM,"SISKAUSKAS, RAMUNAS",2FGM,Two Pointer,2,61,15,C,,,,13,08:00,16,37,
2007,TS,18,199,179,CSK,PJMM,"SISKAUSKAS, RAMUNAS",FTM,Free Throw In,1,-1,-1, ,,,,13,08:00,16,38,
2007,TS,18,199,180,ROM,P000753,"JAABER, IBRAHIM IBIN",3FGM,Three Pointer,3,-312,602,J,,,,13,08:00,19,38,
2007,TS,18,199,183,CSK,PABN,"ZISIS, NIKOLAOS",2FGA,Missed Two Pointer,0,25,41,C,,,,14,07:00,19,38,
2007,TS,18,199,189,CSK,PJMM,"SISKAUSKAS, RAMUNAS",2FGM,Two Pointer,2,446,76,B,,,,14,07:00,19,40,
2007,TS,18,199,190,ROM,PCJA,"UKIC, ROKO-LENI",3FGA,Missed Three Pointer,0,492,589,G,,,,14,07:00,19,40,
2007,TS,18,199,193,CSK,PAQO,"HOLDEN, JON ROBERT",3FGA,Missed Three Pointer,0,-225,646,J,,,,15,06:00,19,40,
2007,TS,18,199,195,ROM,P000753,"JAABER, IBRAHIM IBIN",3FGA,Missed Three Pointer,0,674,-20,A,,,,15,06:00,19,40,
2007,TS,18,199,197,CSK,PASG,"VAN DEN SPIEGEL, TOMAS",2FGA,Missed Two Pointer,0,-7,156,D,,,,15,06:00,19,40,
2007,TS,18,199,200,ROM,P000753,"JAABER, IBRAHIM IBIN",2FGA,Missed Two Pointer,0,-7,12,D,,,,16,05:00,19,40,
2007,TS,18,199,202,ROM,PBWL,"LORBEK, ERAZEM",2FGM,Two Pointer,2,-41,56,D,,,,16,05:00,21,40,
2007,TS,18,199,211,ROM,P000753,"JAABER, IBRAHIM IBIN",2FGM,Two Pointer,2,0,10,D,,,,16,05:00,23,40,
2007,TS,18,199,212,CSK,PALC,"SMODIS, MATJAZ",2FGM,Two Pointer,2,7,171,C,,,,16,05:00,23,42,
2007,TS,18,199,214,ROM,P000753,"JAABER, IBRAHIM IBIN",2FGM,Two Pointer,2,-74,17,D,,,,17,04:00,25,42,
2007,TS,18,199,232,CSK,PAQO,"HOLDEN, JON ROBERT",3FGA,Missed Three Pointer,0,-241,658,J,,,,17,04:00,25,42,
2007,TS,18,199,238,ROM,PBWL,"LORBEK, ERAZEM",2FGA,Missed Two Pointer,0,-169,158,D,,,,18,03:00,25,42,
2007,TS,18,199,240,CSK,PAUC,"GOREE, MARCUS",2FGM,Two Pointer,2,0,5,D,,,,18,03:00,25,44,
2007,TS,18,199,245,CSK,PALC,"SMODIS, MATJAZ",2FGM,Two Pointer,2,61,20,C,,,,19,02:00,25,46,
2007,TS,18,199,252,CSK,PJMM,"SISKAUSKAS, RAMUNAS",2FGM,Two Pointer,2,-148,64,D,,,,19,02:00,25,48,
2007,TS,18,199,260,ROM,PCJA,"UKIC, ROKO-LENI",3FGA,Missed Three Pointer,0,620,310,A,,,,20,01:00,25,48,
2007,TS,18,199,270,ROM,PLUK,"STEFANSSON, JON",3FGA,Missed Three Pointer,0,564,361,A,,,,21,10:00,25,48,
2007,TS,18,199,274,CSK,PAKT,"ANDERSEN, DAVID",2FGA,Missed Two Pointer,0,541,-64,B,,,,21,10:00,25,48,
2007,TS,18,199,276,CSK,PAUC,"GOREE, MARCUS",2FGAB,Missed Two Pointer,0,128,56,C,,,,21,10:00,25,48,
2007,TS,18,199,280,ROM,PLUK,"STEFANSSON, JON",2FGM,Two Pointer,2,74,35,C,,,,21,10:00,27,48,
2007,TS,18,199,287,CSK,PJMM,"SISKAUSKAS, RAMUNAS",2FGAB,Missed Two Pointer,0,266,215,B,,,,21,10:00,27,48,
2007,TS,18,199,291,ROM,PLUK,"STEFANSSON, JON",2FGA,Missed Two Pointer,0,156,89,C,,,,21,10:00,27,48,
2007,TS,18,199,296,CSK,PAQO,"HOLDEN, JON ROBERT",FTM,Free Throw In,1,-1,-1, ,,,,22,09:00,27,49,
2007,TS,18,199,297,CSK,PAQO,"HOLDEN, JON ROBERT",FTM,Free Throw In,1,-1,-1, ,,,,22,09:00,27,50,
2007,TS,18,199,298,ROM,PBWL,"LORBEK, ERAZEM",2FGA,Missed Two Pointer,0,2,182,D,,,,22,09:00,27,50,
2007,TS,18,199,301,CSK,PJMM,"SISKAUSKAS, RAMUNAS",3FGM,Three Pointer,3,584,353,A,,,,23,08:00,27,53,
2007,TS,18,199,302,ROM,PCJA,"UKIC, ROKO-LENI",2FGA,Missed Two Pointer,0,79,71,C,,,,23,08:00,27,53,
2007,TS,18,199,304,ROM,PCJA,"UKIC, ROKO-LENI",2FGA,Missed Two Pointer,0,89,130,C,,,,23,08:00,27,53,
2007,TS,18,199,306,CSK,PJMM,"SISKAUSKAS, RAMUNAS",3FGM,Three Pointer,3,15,674,G,,,,23,08:00,27,56,
2007,TS,18,199,317,CSK,PJMM,"SISKAUSKAS, RAMUNAS",FTM,Free Throw In,1,-1,-1, ,,,,24,07:00,27,57,
2007,TS,18,199,318,ROM,P000753,"JAABER, IBRAHIM IBIN",2FGM,Two Pointer,2,-210,505,I,,,,24,07:00,29,57,
2007,TS,18,199,320,CSK,PBEB,"LANGDON, TRAJAN",2FGA,Missed Two Pointer,0,325,476,H,,,,25,06:00,29,57,
2007,TS,18,199,322,ROM,PKZA,"HAWKINS, DAVID",3FGA,Missed Three Pointer,0,-410,553,J,,,,25,06:00,29,57,
2007,TS,18,199,324,CSK,PBEB,"LANGDON, TRAJAN",2FGA,Missed Two Pointer,0,-94,41,D,,,,25,06:00,29,57,
2007,TS,18,199,326,ROM,P000753,"JAABER, IBRAHIM IBIN",2FGA,Missed Two Pointer,0,74,41,C,,,,25,06:00,29,57,
2007,TS,18,199,328,ROM,PBWL,"LORBEK, ERAZEM",2FGM,Two Pointer,2,51,5,C,,,,25,06:00,31,57,
2007,TS,18,199,330,CSK,PBEB,"LANGDON, TRAJAN",2FGM,Two Pointer,2,-53,17,D,,,,26,05:00,31,59,
2007,TS,18,199,336,ROM,P000753,"JAABER, IBRAHIM IBIN",2FGM,Two Pointer,2,64,17,C,,,,26,05:00,33,59,
2007,TS,18,199,337,CSK,PAKT,"ANDERSEN, DAVID",3FGM,Three Pointer,3,5,679,G,,,,26,05:00,33,62,
2007,TS,18,199,338,ROM,PBWL,"LORBEK, ERAZEM",2FGM,Two Pointer,2,-115,58,D,,,,26,05:00,35,62,
2007,TS,18,199,343,CSK,PAQO,"HOLDEN, JON ROBERT",3FGA,Missed Three Pointer,0,-615,266,F,,,,26,05:00,35,62,
2007,TS,18,199,349,CSK,PAQO,"HOLDEN, JON ROBERT",2FGA,Missed Two Pointer,0,12,128,C,,,,28,03:00,35,62,
2007,TS,18,199,351,CSK,PASG,"VAN DEN SPIEGEL, TOMAS",2FGA,Missed Two Pointer,0,-20,76,D,,,,28,03:00,35,62,
2007,TS,18,199,363,ROM,PJKN,"GABINI, ROBERTO",3FGA,Missed Three Pointer,0,-574,341,F,,,,29,02:00,35,62,
2007,TS,18,199,365,CSK,PBEB,"LANGDON, TRAJAN",3FGA,Missed Three Pointer,0,669,-38,A,,,,29,02:00,35,62,
2007,TS,18,199,367,ROM,P000753,"JAABER, IBRAHIM IBIN",3FGM,Three Pointer,3,-200,692,J,,,,29,02:00,38,62,
2007,TS,18,199,377,ROM,P000753,"JAABER, IBRAHIM IBIN",2FGM,Two Pointer,2,-84,25,D,,,,30,01:00,40,62,
2007,TS,18,199,378,CSK,PALC,"SMODIS, MATJAZ",2FGM,Two Pointer,2,-79,41,D,,,,30,01:00,40,64,
2007,TS,18,199,381,ROM,PADB,"DE LA FUENTE, RODRIGO",3FGAB,Missed Three Pointer,0,-35,674,J,,,,30,01:00,40,64,
2007,TS,18,199,389,CSK,PABN,"ZISIS, NIKOLAOS",3FGA,Missed Three Pointer,0,643,161,A,,,,31,10:00,40,64,
2007,TS,18,199,391,ROM,PKZA,"HAWKINS, DAVID",2FGA,Missed Two Pointer,0,102,89,C,,,,31,10:00,40,64,
2007,TS,18,199,395,ROM,PKZA,"HAWKINS, DAVID",2FGA,Missed Two Pointer,0,128,87,C,,,,31,10:00,40,64,
2007,TS,18,199,400,CSK,PABN,"ZISIS, NIKOLAOS",3FGA,Missed Three Pointer,0,-30,674,J,,,,32,09:00,40,64,
2007,TS,18,199,404,ROM,P000753,"JAABER, IBRAHIM IBIN",2FGAB,Missed Two Pointer,0,92,56,C,,,,32,09:00,40,64,
2007,TS,18,199,408,CSK,PATW,"PAPALOUKAS, THEODOROS",2FGM,Two Pointer,2,-43,53,D,,,,32,09:00,40,66,
2007,TS,18,199,417,CSK,PATW,"PAPALOUKAS, THEODOROS",FTM,Free Throw In,1,-1,-1, ,,,,32,09:00,40,67,
2007,TS,18,199,418,ROM,PCCI,"TONOLLI, ALESSANDRO",2FGAB,Missed Two Pointer,0,-123,35,D,,,,32,09:00,40,67,
2007,TS,18,199,423,CSK,PATW,"PAPALOUKAS, THEODOROS",3FGA,Missed Three Pointer,0,-302,594,J,,,,33,08:00,40,67,
2007,TS,18,199,425,ROM,PADB,"DE LA FUENTE, RODRIGO",2FGA,Missed Two Pointer,0,-15,161,D,,,,33,08:00,40,67,
2007,TS,18,199,427,ROM,PBWL,"LORBEK, ERAZEM",2FGM,Two Pointer,2,46,17,C,,,,33,08:00,42,67,
2007,TS,18,199,428,CSK,PBEB,"LANGDON, TRAJAN",3FGM,Three Pointer,3,669,61,A,,,,33,08:00,42,70,
2007,TS,18,199,431,ROM,P000753,"JAABER, IBRAHIM IBIN",2FGA,Missed Two Pointer,0,74,89,C,,,,34,07:00,42,70,
2007,TS,18,199,433,ROM,PBWL,"LORBEK, ERAZEM",2FGM,Two Pointer,2,256,274,B,,,,34,07:00,44,70,
2007,TS,18,199,438,CSK,PBEB,"LANGDON, TRAJAN",3FGM,Three Pointer,3,623,266,A,,,,34,07:00,44,73,
2007,TS,18,199,440,ROM,PCCI,"TONOLLI, ALESSANDRO",3FGA,Missed Three Pointer,0,248,623,G,,,,34,07:00,44,73,
2007,TS,18,199,445,CSK,PBEB,"LANGDON, TRAJAN",3FGM,Three Pointer,3,387,566,G,,,,35,06:00,44,76,
2007,TS,18,199,447,ROM,PCJA,"UKIC, ROKO-LENI",2FGAB,Missed Two Pointer,0,-58,35,D,,,,35,06:00,44,76,
2007,TS,18,199,452,ROM,P000753,"JAABER, IBRAHIM IBIN",2FGA,Missed Two Pointer,0,23,120,C,,,,36,05:00,44,76,
2007,TS,18,199,454,ROM,PCCI,"TONOLLI, ALESSANDRO",2FGA,Missed Two Pointer,0,-79,41,D,,,,36,05:00,44,76,
2007,TS,18,199,456,ROM,PCJA,"UKIC, ROKO-LENI",3FGA,Missed Three Pointer,0,469,482,G,,,,36,05:00,44,76,
2007,TS,18,199,458,ROM,P000753,"JAABER, IBRAHIM IBIN",2FGM,Two Pointer,2,51,20,C,,,,36,05:00,46,76,
2007,TS,18,199,459,CSK,PAKT,"ANDERSEN, DAVID",2FGA,Missed Two Pointer,0,192,74,C,,,,36,05:00,46,76,
2007,TS,18,199,465,ROM,PCJA,"UKIC, ROKO-LENI",2FGM,Two Pointer,2,58,33,C,,,,36,05:00,48,76,
2007,TS,18,199,470,ROM,PCJA,"UKIC, ROKO-LENI",FTM,Free Throw In,1,-1,-1, ,,,,36,05:00,49,76,
2007,TS,18,199,472,CSK,PAQO,"HOLDEN, JON ROBERT",2FGM,Two Pointer,2,117,100,C,,,,37,04:00,49,78,
2007,TS,18,199,481,ROM,PLUK,"STEFANSSON, JON",3FGA,Missed Three Pointer,0,589,317,A,,,,37,04:00,49,78,
2007,TS,18,199,485,CSK,PASG,"VAN DEN SPIEGEL, TOMAS",2FGM,Two Pointer,2,-2,10,D,,,,37,04:00,49,80,
2007,TS,18,199,487,ROM,PADB,"DE LA FUENTE, RODRIGO",3FGA,Missed Three Pointer,0,361,579,G,,,,37,04:00,49,80,
2007,TS,18,199,496,CSK,PASG,"VAN DEN SPIEGEL, TOMAS",FTM,Free Throw In,1,-1,-1, ,,,,38,03:00,49,81,
2007,TS,18,199,500,CSK,PATW,"PAPALOUKAS, THEODOROS",2FGA,Missed Two Pointer,0,-74,76,D,,,,38,03:00,49,81,
2007,TS,18,199,502,ROM,PCJA,"UKIC, ROKO-LENI",2FGM,Two Pointer,2,74,41,C,,,,38,03:00,51,81,
2007,TS,18,199,504,CSK,PABN,"ZISIS, NIKOLAOS",2FGA,Missed Two Pointer,0,512,-38,B,,,,39,02:00,51,81,
2007,TS,18,199,510,ROM,PCJA,"UKIC, ROKO-LENI",3FGM,Three Pointer,3,-366,571,J,,,,39,02:00,54,81,
2007,TS,18,199,515,CSK,PASG,"VAN DEN SPIEGEL, TOMAS",FTM,Free Throw In,1,-1,-1, ,,,,39,02:00,54,82,
2007,TS,18,199,519,ROM,PKZA,"HAWKINS, DAVID",3FGA,Missed Three Pointer,0,661,38,A,,,,40,01:00,54,82,
2007,TS,18,199,521,ROM,PCJA,"UKIC, ROKO-LENI",3FGA,Missed Three Pointer,0,-233,656,J,,,,40,01:00,54,82,
2007,TS,18,200,6,BAR,PAXC,"VAZQUEZ, FRAN",2FGM,Two Pointer,2,-438,28,E,,,,1,10:00,0,2,
2007,TS,18,200,9,MAL,PJXV,"CASTLE, TERREL",2FGA,Missed Two Pointer,0,-248,364,E,,,,1,10:00,0,2,
2007,TS,18,200,12,MAL,PKMV,"HAISLIP, MARCUS",2FGA,Missed Two Pointer,0,-82,146,D,,,,2,09:00,0,2,
2007,TS,18,200,14,BAR,PAZU,"SANCHEZ, PEPE",2FGA,Missed Two Pointer,0,192,515,H,,,,2,09:00,0,2,
2007,TS,18,200,16,MAL,PAAS,"JIMENEZ, CARLOS",2FGA,Missed Two Pointer,0,-84,202,D,,,,2,09:00,0,2,
2007,TS,18,200,19,BAR,PLGC,"ACKER, ALEX",2FGM,Two Pointer,2,79,30,C,,,,2,09:00,0,4,
2007,TS,18,200,21,MAL,PAAS,"JIMENEZ, CARLOS",2FGM,Two Pointer,2,100,7,C,,,,3,08:00,2,4,
2007,TS,18,200,22,BAR,PLGC,"ACKER, ALEX",3FGA,Missed Three Pointer,0,500,456,G,,,,3,08:00,2,4,
2007,TS,18,200,29,BAR,PBOD,"KASUN, MARIO",2FGAB,Missed Two Pointer,0,-105,23,D,,,,3,08:00,2,4,
2007,TS,18,200,36,BAR,PBOD,"KASUN, MARIO",2FGA,Missed Two Pointer,0,197,33,C,,,,4,07:00,2,4,
2007,TS,18,200,41,BAR,PAZU,"SANCHEZ, PEPE",2FGA,Missed Two Pointer,0,10,110,C,,,,4,07:00,2,4,
2007,TS,18,200,44,MAL,PKMV,"HAISLIP, MARCUS",2FGM,Two Pointer,2,130,20,C,,,,5,06:00,4,4,
2007,TS,18,200,47,MAL,PKMV,"HAISLIP, MARCUS",FTM,Free Throw In,1,-1,-1, ,,,,5,06:00,5,4,
2007,TS,18,200,50,BAR,PLGC,"ACKER, ALEX",2FGA,Missed Two Pointer,0,-84,400,D,,,,5,06:00,5,4,
2007,TS,18,200,53,MAL,PKMV,"HAISLIP, MARCUS",2FGM,Two Pointer,2,0,5,D,,,,5,06:00,7,4,
2007,TS,18,200,61,BAR,PAXC,"VAZQUEZ, FRAN",2FGA,Missed Two Pointer,0,-246,382,E,,,,6,05:00,7,4,
2007,TS,18,200,64,BAR,PAHW,"MARCONATO, DENIS",2FGA,Missed Two Pointer,0,-312,323,E,,,,7,04:00,7,4,
2007,TS,18,200,66,MAL,PAWS,"RODRIGUEZ, BERNI",3FGA,Missed Three Pointer,0,-620,307,F,,,,7,04:00,7,4,
2007,TS,18,200,70,BAR,PJKP,"ILYASOVA, ERSAN",2FGA,Missed Two Pointer,0,-207,143,D,,,,7,04:00,7,4,
2007,TS,18,200,72,BAR,PADS,"BASILE, GIANLUCA",2FGM,Two Pointer,2,-61,2,D,,,,7,04:00,7,6,
2007,TS,18,200,76,BAR,PAZU,"SANCHEZ, PEPE",2FGM,Two Pointer,2,69,28,C,,,,8,03:00,7,8,
2007,TS,18,200,77,MAL,PAGQ,"WELSCH, JIRI",2FGM,Two Pointer,2,82,12,C,,,,8,03:00,9,8,
2007,TS,18,200,81,BAR,PADS,"BASILE, GIANLUCA",2FGM,Two Pointer,2,87,51,C,,,,8,03:00,9,10,
2007,TS,18,200,93,BAR,PJKP,"ILYASOVA, ERSAN",2FGA,Missed Two Pointer,0,-197,92,D,,,,9,02:00,9,10,
2007,TS,18,200,95,BAR,PJKP,"ILYASOVA, ERSAN",2FGA,Missed Two Pointer,0,-84,17,D,,,,9,02:00,9,10,
2007,TS,18,200,97,BAR,PADS,"BASILE, GIANLUCA",3FGA,Missed Three Pointer,0,487,484,G,,,,9,02:00,9,10,
2007,TS,18,200,100,MAL,PKMV,"HAISLIP, MARCUS",3FGA,Missed Three Pointer,0,-687,-17,F,,,,9,02:00,9,10,
2007,TS,18,200,103,BAR,PATA,"LAKOVIC, JAKA",3FGM,Three Pointer,3,66,687,G,,,,9,02:00,9,13,
2007,TS,18,200,106,MAL,PTGE,"NDONG, BONIFACE",2FGM,Two Pointer,2,0,0,D,,,,10,01:00,11,13,
2007,TS,18,200,107,BAR,PJKP,"ILYASOVA, ERSAN",3FGA,Missed Three Pointer,0,-389,561,J,,,,10,01:00,11,13,
2007,TS,18,200,109,MAL,PTGE,"NDONG, BONIFACE",2FGA,Missed Two Pointer,0,-205,20,D,,,,10,01:00,11,13,
2007,TS,18,200,114,BAR,PATA,"LAKOVIC, JAKA",2FGM,Two Pointer,2,79,41,C,,,,10,01:00,11,15,
2007,TS,18,200,122,MAL,PBIM,"GABRIEL, GERMAN",3FGM,Three Pointer,3,510,443,G,,,,11,10:00,14,15,
2007,TS,18,200,125,BAR,PJKP,"ILYASOVA, ERSAN",2FGM,Two Pointer,2,-233,558,I,,,,11,10:00,14,17,
2007,TS,18,200,127,MAL,PAFJ,"KUS, DAVOR",2FGM,Two Pointer,2,600,-17,B,,,,12,09:00,16,17,
2007,TS,18,200,129,BAR,PJKP,"ILYASOVA, ERSAN",3FGM,Three Pointer,3,679,-43,A,,,,12,09:00,16,20,
2007,TS,18,200,137,BAR,PATA,"LAKOVIC, JAKA",3FGA,Missed Three Pointer,0,194,671,G,,,,13,08:00,16,20,
2007,TS,18,200,139,MAL,PBIM,"GABRIEL, GERMAN",2FGAB,Missed Two Pointer,0,-117,12,D,,,,13,08:00,16,20,
2007,TS,18,200,143,BAR,PBKE,"GRIMAU, ROGER",2FGA,Missed Two Pointer,0,176,479,H,,,,13,08:00,16,20,
2007,TS,18,200,145,MAL,PBIM,"GABRIEL, GERMAN",2FGM,Two Pointer,2,58,120,C,,,,13,08:00,18,20,
2007,TS,18,200,147,BAR,PATA,"LAKOVIC, JAKA",3FGA,Missed Three Pointer,0,-587,356,F,,,,14,07:00,18,20,
2007,TS,18,200,149,MAL,PTGE,"NDONG, BONIFACE",2FGA,Missed Two Pointer,0,-23,128,D,,,,14,07:00,18,20,
2007,TS,18,200,151,MAL,PAGQ,"WELSCH, JIRI",2FGM,Two Pointer,2,-61,-5,D,,,,14,07:00,20,20,
2007,TS,18,200,152,BAR,PATA,"LAKOVIC, JAKA",3FGA,Missed Three Pointer,0,574,364,A,,,,14,07:00,20,20,
2007,TS,18,200,154,MAL,PBIM,"GABRIEL, GERMAN",2FGM,Two Pointer,2,-28,125,D,,,,14,07:00,22,20,
2007,TS,18,200,163,BAR,PBKE,"GRIMAU, ROGER",3FGA,Missed Three Pointer,0,0,674,J,,,,15,06:00,22,20,
2007,TS,18,200,165,BAR,PJKP,"ILYASOVA, ERSAN",2FGA,Missed Two Pointer,0,-64,2,D,,,,15,06:00,22,20,
2007,TS,18,200,167,BAR,PBOD,"KASUN, MARIO",2FGM,Two Pointer,2,0,0,D,,,,15,06:00,22,22,
2007,TS,18,200,174,BAR,PAZU,"SANCHEZ, PEPE",2FGM,Two Pointer,2,107,69,C,,,,16,05:00,22,24,
2007,TS,18,200,175,MAL,PAWX,"CABEZAS, CARLOS",2FGA,Missed Two Pointer,0,105,7,C,,,,16,05:00,22,24,
2007,TS,18,200,177,BAR,PBOD,"KASUN, MARIO",2FGM,Two Pointer,2,10,89,C,,,,16,05:00,22,26,
2007,TS,18,200,186,MAL,PBIM,"GABRIEL, GERMAN",2FGA,Missed Two Pointer,0,189,-17,C,,,,17,04:00,22,26,
2007,TS,18,200,189,MAL,PAFJ,"KUS, DAVOR",3FGM,Three Pointer,3,-466,535,J,,,,18,03:00,25,26,
2007,TS,18,200,190,BAR,PBKE,"GRIMAU, ROGER",2FGM,Two Pointer,2,-351,194,E,,,,18,03:00,25,28,
2007,TS,18,200,191,MAL,PKML,"SANTIAGO, DANIEL",2FGM,Two Pointer,2,46,61,C,,,,18,03:00,27,28,
2007,TS,18,200,199,BAR,PBKE,"GRIMAU, ROGER",2FGM,Two Pointer,2,-92,41,D,,,,19,02:00,27,30,
2007,TS,18,200,201,MAL,PAFJ,"KUS, DAVOR",3FGM,Three Pointer,3,602,305,A,,,,19,02:00,30,30,
2007,TS,18,200,202,BAR,PAZU,"SANCHEZ, PEPE",2FGA,Missed Two Pointer,0,-279,302,E,,,,19,02:00,30,30,
2007,TS,18,200,209,MAL,PKML,"SANTIAGO, DANIEL",FTM,Free Throw In,1,-1,-1, ,,,,19,02:00,31,30,
2007,TS,18,200,210,MAL,PKML,"SANTIAGO, DANIEL",FTM,Free Throw In,1,-1,-1, ,,,,19,02:00,32,30,
2007,TS,18,200,213,BAR,PAXC,"VAZQUEZ, FRAN",2FGA,Missed Two Pointer,0,228,556,H,,,,20,01:00,32,30,
2007,TS,18,200,215,MAL,PKML,"SANTIAGO, DANIEL",2FGM,Two Pointer,2,-48,125,D,,,,20,01:00,34,30,
2007,TS,18,200,218,BAR,PATA,"LAKOVIC, JAKA",2FGM,Two Pointer,2,100,58,C,,,,20,01:00,34,32,
2007,TS,18,200,233,MAL,PAFJ,"KUS, DAVOR",3FGA,Missed Three Pointer,0,-687,-23,F,,,,20,01:00,34,32,
2007,TS,18,200,254,BAR,PBKE,"GRIMAU, ROGER",3FGM,Three Pointer,3,671,79,A,,,,21,10:00,34,35,
2007,TS,18,200,259,BAR,PJKP,"ILYASOVA, ERSAN",2FGM,Two Pointer,2,-66,17,D,,,,22,09:00,34,37,
2007,TS,18,200,263,MAL,PKML,"SANTIAGO, DANIEL",2FGM,Two Pointer,2,17,571,H,,,,22,09:00,36,37,
2007,TS,18,200,268,MAL,PAWS,"RODRIGUEZ, BERNI",3FGA,Missed Three Pointer,0,341,592,G,,,,23,08:00,36,37,
2007,TS,18,200,279,MAL,PKML,"SANTIAGO, DANIEL",2FGAB,Missed Two Pointer,0,79,46,C,,,,24,07:00,36,37,
2007,TS,18,200,283,BAR,PAHW,"MARCONATO, DENIS",3FGA,Missed Three Pointer,0,233,612,G,,,,24,07:00,36,37,
2007,TS,18,200,286,MAL,PAWS,"RODRIGUEZ, BERNI",3FGA,Missed Three Pointer,0,-661,-53,F,,,,25,06:00,36,37,
2007,TS,18,200,288,BAR,PADS,"BASILE, GIANLUCA",2FGM,Two Pointer,2,-64,33,D,,,,25,06:00,36,39,
2007,TS,18,200,293,MAL,PKML,"SANTIAGO, DANIEL",FTM,Free Throw In,1,-1,-1, ,,,,25,06:00,37,39,
2007,TS,18,200,294,MAL,PKML,"SANTIAGO, DANIEL",FTM,Free Throw In,1,-1,-1, ,,,,25,06:00,38,39,
2007,TS,18,200,297,BAR,PLGC,"ACKER, ALEX",3FGA,Missed Three Pointer,0,-466,525,J,,,,25,06:00,38,39,
2007,TS,18,200,299,MAL,PAWX,"CABEZAS, CARLOS",2FGA,Missed Two Pointer,0,128,156,C,,,,25,06:00,38,39,
2007,TS,18,200,302,BAR,PATA,"LAKOVIC, JAKA",3FGA,Missed Three Pointer,0,-51,674,J,,,,26,05:00,38,39,
2007,TS,18,200,306,BAR,PLGC,"ACKER, ALEX",2FGM,Two Pointer,2,397,20,B,,,,26,05:00,38,41,
2007,TS,18,200,308,MAL,PKMV,"HAISLIP, MARCUS",2FGA,Missed Two Pointer,0,230,379,B,,,,27,04:00,38,41,
2007,TS,18,200,319,BAR,PLGC,"ACKER, ALEX",2FGA,Missed Two Pointer,0,33,89,C,,,,27,04:00,38,41,
2007,TS,18,200,321,MAL,PKMV,"HAISLIP, MARCUS",2FGAB,Missed Two Pointer,0,-84,5,D,,,,27,04:00,38,41,
2007,TS,18,200,325,BAR,PATA,"LAKOVIC, JAKA",3FGA,Missed Three Pointer,0,171,648,G,,,,27,04:00,38,41,
2007,TS,18,200,328,MAL,PAGQ,"WELSCH, JIRI",3FGA,Missed Three Pointer,0,302,615,G,,,,28,03:00,38,41,
2007,TS,18,200,332,MAL,PKML,"SANTIAGO, DANIEL",FTM,Free Throw In,1,-1,-1, ,,,,28,03:00,39,41,
2007,TS,18,200,335,MAL,PKMV,"HAISLIP, MARCUS",2FGM,Two Pointer,2,-2,2,D,,,,28,03:00,41,41,
2007,TS,18,200,336,BAR,PADS,"BASILE, GIANLUCA",2FGM,Two Pointer,2,-153,41,D,,,,28,03:00,41,43,
2007,TS,18,200,338,MAL,PAWS,"RODRIGUEZ, BERNI",3FGA,Missed Three Pointer,0,610,269,A,,,,29,02:00,41,43,
2007,TS,18,200,347,BAR,PBOD,"KASUN, MARIO",2FGM,Two Pointer,2,58,5,C,,,,29,02:00,41,45,
2007,TS,18,200,350,MAL,PAFJ,"KUS, DAVOR",FTM,Free Throw In,1,-1,-1, ,,,,29,02:00,42,45,
2007,TS,18,200,351,MAL,PAFJ,"KUS, DAVOR",FTM,Free Throw In,1,-1,-1, ,,,,29,02:00,43,45,
2007,TS,18,200,352,BAR,PADS,"BASILE, GIANLUCA",3FGA,Missed Three Pointer,0,-33,674,J,,,,29,02:00,43,45,
2007,TS,18,200,354,BAR,PJJF,"TRIAS, JORDI",2FGM,Two Pointer,2,69,0,C,,,,29,02:00,43,47,
2007,TS,18,200,356,MAL,PAFJ,"KUS, DAVOR",2FGM,Two Pointer,2,-366,-23,E,,,,30,01:00,45,47,
2007,TS,18,200,357,BAR,PLGC,"ACKER, ALEX",2FGA,Missed Two Pointer,0,-17,135,D,,,,30,01:00,45,47,
2007,TS,18,200,359,MAL,PJXV,"CASTLE, TERREL",3FGM,Three Pointer,3,35,741,G,,,,30,01:00,48,47,
2007,TS,18,200,368,MAL,PJXV,"CASTLE, TERREL",2FGA,Missed Two Pointer,0,302,394,B,,,,31,10:00,48,47,
2007,TS,18,200,374,MAL,PTGE,"NDONG, BONIFACE",FTM,Free Throw In,1,-1,-1, ,,,,31,10:00,49,47,
2007,TS,18,200,375,MAL,PTGE,"NDONG, BONIFACE",FTM,Free Throw In,1,-1,-1, ,,,,31,10:00,50,47,
2007,TS,18,200,381,MAL,PAFJ,"KUS, DAVOR",3FGA,Missed Three Pointer,0,-225,658,J,,,,31,10:00,50,47,
2007,TS,18,200,385,BAR,PJJF,"TRIAS, JORDI",2FGM,Two Pointer,2,-2,0,D,,,,32,09:00,50,49,
2007,TS,18,200,390,MAL,PAFJ,"KUS, DAVOR",2FGA,Missed Two Pointer,0,120,102,C,,,,32,09:00,50,49,
2007,TS,18,200,392,MAL,PTGE,"NDONG, BONIFACE",2FGM,Two Pointer,2,2,7,D,,,,32,09:00,52,49,
2007,TS,18,200,396,BAR,PAZU,"SANCHEZ, PEPE",3FGM,Three Pointer,3,-507,464,J,,,,32,09:00,52,52,
2007,TS,18,200,398,MAL,PAGQ,"WELSCH, JIRI",2FGA,Missed Two Pointer,0,258,46,B,,,,33,08:00,52,52,
2007,TS,18,200,400,BAR,PATA,"LAKOVIC, JAKA",3FGA,Missed Three Pointer,0,-487,610,J,,,,33,08:00,52,52,
2007,TS,18,200,402,BAR,PATA,"LAKOVIC, JAKA",2FGA,Missed Two Pointer,0,376,256,B,,,,33,08:00,52,52,
2007,TS,18,200,405,MAL,PBOV,"POPOVIC, BOJAN",3FGA,Missed Three Pointer,0,484,484,G,,,,34,07:00,52,52,
2007,TS,18,200,407,MAL,PAGQ,"WELSCH, JIRI",2FGA,Missed Two Pointer,0,128,551,H,,,,34,07:00,52,52,
2007,TS,18,200,409,MAL,PTGE,"NDONG, BONIFACE",2FGM,Two Pointer,2,2,7,D,,,,34,07:00,54,52,
2007,TS,18,200,410,BAR,PJJF,"TRIAS, JORDI",2FGAB,Missed Two Pointer,0,-2,117,D,,,,34,07:00,54,52,
2007,TS,18,200,415,MAL,PAFJ,"KUS, DAVOR",3FGM,Three Pointer,3,679,7,A,,,,34,07:00,57,52,
2007,TS,18,200,417,BAR,PBKE,"GRIMAU, ROGER",2FGA,Missed Two Pointer,0,-553,64,E,,,,35,06:00,57,52,
2007,TS,18,200,428,BAR,PATA,"LAKOVIC, JAKA",3FGM,Three Pointer,3,364,558,G,,,,35,06:00,57,55,
2007,TS,18,200,437,BAR,PATA,"LAKOVIC, JAKA",3FGAB,Missed Three Pointer,0,566,374,A,,,,36,05:00,57,55,
2007,TS,18,200,443,BAR,PAXC,"VAZQUEZ, FRAN",3FGA,Missed Three Pointer,0,448,517,G,,,,36,05:00,57,55,
2007,TS,18,200,446,BAR,PAZU,"SANCHEZ, PEPE",3FGA,Missed Three Pointer,0,594,351,A,,,,37,04:00,57,55,
2007,TS,18,200,448,MAL,PAFJ,"KUS, DAVOR",2FGAB,Missed Two Pointer,0,-141,20,D,,,,37,04:00,57,55,
2007,TS,18,200,457,MAL,PTGE,"NDONG, BONIFACE",FTM,Free Throw In,1,-1,-1, ,,,,37,04:00,58,55,
2007,TS,18,200,460,BAR,PATA,"LAKOVIC, JAKA",2FGM,Two Pointer,2,523,266,B,,,,37,04:00,58,57,
2007,TS,18,200,461,MAL,PTGE,"NDONG, BONIFACE",2FGA,Missed Two Pointer,0,5,146,C,,,,37,04:00,58,57,
2007,TS,18,200,467,MAL,PAFJ,"KUS, DAVOR",2FGA,Missed Two Pointer,0,-479,348,E,,,,38,03:00,58,57,
2007,TS,18,200,474,MAL,PAWS,"RODRIGUEZ, BERNI",FTM,Free Throw In,1,-1,-1, ,,,,39,02:00,59,57,
2007,TS,18,200,475,MAL,PAWS,"RODRIGUEZ, BERNI",FTM,Free Throw In,1,-1,-1, ,,,,39,02:00,60,57,
2007,TS,18,200,476,BAR,PJKP,"ILYASOVA, ERSAN",2FGA,Missed Two Pointer,0,97,28,C,,,,39,02:00,60,57,
2007,TS,18,200,479,MAL,PAFJ,"KUS, DAVOR",2FGA,Missed Two Pointer,0,94,35,C,,,,40,01:00,60,57,
2007,TS,18,200,481,MAL,PTGE,"NDONG, BONIFACE",2FGA,Missed Two Pointer,0,-20,-5,D,,,,40,01:00,60,57,
2007,TS,18,200,485,BAR,PATA,"LAKOVIC, JAKA",FTM,Free Throw In,1,-1,-1, ,,,,40,01:00,60,58,
2007,TS,18,200,486,BAR,PATA,"LAKOVIC, JAKA",FTM,Free Throw In,1,-1,-1, ,,,,40,01:00,60,59,
2007,TS,18,200,490,MAL,PAGQ,"WELSCH, JIRI",2FGAB,Missed Two Pointer,0,-79,20,D,,,,40,01:00,60,59,
2007,TS,18,200,496,BAR,PATA,"LAKOVIC, JAKA",FTM,Free Throw In,1,-1,-1, ,,,,40,01:00,60,60,
2007,TS,18,200,497,BAR,PATA,"LAKOVIC, JAKA",FTM,Free Throw In,1,-1,-1, ,,,,40,01:00,60,61,
2007,TS,18,200,504,MAL,PAWX,"CABEZAS, CARLOS",2FGM,Two Pointer,2,253,35,C,,,,40,01:00,62,61,
2007,TS,19,201,3,SIE,PKWI,"MCINTYRE, TERRELL",3FGM,Three Pointer,3,-5,658,J,,,,1,10:00,0,3,
2007,TS,19,201,4,PAN,PJUO,"SPANOULIS, VASSILIS",2FGA,Missed Two Pointer,0,-56,43,D,,,,1,10:00,0,3,
2007,TS,19,201,6,SIE,PLMO,"SATO, ROMAIN",3FGM,Three Pointer,3,-453,494,J,,,,1,10:00,0,6,
2007,TS,19,201,9,PAN,PJKO,"DIAMANTIDIS, DIMITRIS",2FGA,Missed Two Pointer,0,7,479,H,,,,2,09:00,0,6,
2007,TS,19,201,11,SIE,PCQO,"EZE, BENJAMIN",2FGM,Two Pointer,2,-2,2,D,,,,2,09:00,0,8,
2007,TS,19,201,14,PAN,PABB,"DIKOUDIS, DEMOS",2FGA,Missed Two Pointer,0,-105,15,D,,,,2,09:00,0,8,
2007,TS,19,201,16,SIE,PLMO,"SATO, ROMAIN",3FGA,Missed Three Pointer,0,346,569,G,,,,2,09:00,0,8,
2007,TS,19,201,19,PAN,PABB,"DIKOUDIS, DEMOS",3FGA,Missed Three Pointer,0,-671,138,F,,,,3,08:00,0,8,
2007,TS,19,201,21,SIE,PKWI,"MCINTYRE, TERRELL",3FGM,Three Pointer,3,-225,615,J,,,,3,08:00,0,11,
2007,TS,19,201,25,PAN,PAJV,"BATISTE, MICHAEL",2FGM,Two Pointer,2,-41,23,D,,,,3,08:00,2,11,
2007,TS,19,201,27,SIE,PKWI,"MCINTYRE, TERRELL",3FGA,Missed Three Pointer,0,53,756,G,,,,4,07:00,2,11,
2007,TS,19,201,32,PAN,PABB,"DIKOUDIS, DEMOS",FTM,Free Throw In,1,-1,-1, ,,,,4,07:00,3,11,
2007,TS,19,201,33,SIE,PKWI,"MCINTYRE, TERRELL",2FGM,Two Pointer,2,-53,15,D,,,,4,07:00,3,13,
2007,TS,19,201,37,PAN,PTFY,"WINSTON, KENNEDY",2FGM,Two Pointer,2,64,0,C,,,,4,07:00,5,13,
2007,TS,19,201,39,SIE,PCCA,"THORNTON, BOOTSY",2FGM,Two Pointer,2,53,10,C,,,,5,06:00,5,15,
2007,TS,19,201,40,PAN,PABB,"DIKOUDIS, DEMOS",2FGM,Two Pointer,2,-2,71,D,,,,5,06:00,7,15,
2007,TS,19,201,42,SIE,PCCA,"THORNTON, BOOTSY",2FGM,Two Pointer,2,-12,43,D,,,,6,05:00,7,17,
2007,TS,19,201,44,PAN,PAJV,"BATISTE, MICHAEL",2FGA,Missed Two Pointer,0,69,28,C,,,,6,05:00,7,17,
2007,TS,19,201,49,SIE,PCCA,"THORNTON, BOOTSY",3FGM,Three Pointer,3,-664,89,F,,,,6,05:00,7,20,
2007,TS,19,201,50,PAN,PTFY,"WINSTON, KENNEDY",3FGA,Missed Three Pointer,0,-669,10,F,,,,6,05:00,7,20,
2007,TS,19,201,58,PAN,PJUO,"SPANOULIS, VASSILIS",3FGM,Three Pointer,3,-158,633,J,,,,7,04:00,10,20,
2007,TS,19,201,64,SIE,PBLH,"LAVRINOVIC, KSISTOF",FTM,Free Throw In,1,-1,-1, ,,,,8,03:00,10,21,
2007,TS,19,201,65,SIE,PBLH,"LAVRINOVIC, KSISTOF",FTM,Free Throw In,1,-1,-1, ,,,,8,03:00,10,22,
2007,TS,19,201,73,SIE,PLMO,"SATO, ROMAIN",2FGA,Missed Two Pointer,0,305,-35,B,,,,8,03:00,10,22,
2007,TS,19,201,75,SIE,PBLH,"LAVRINOVIC, KSISTOF",2FGM,Two Pointer,2,48,17,C,,,,8,03:00,10,24,
2007,TS,19,201,78,PAN,PJUO,"SPANOULIS, VASSILIS",FTM,Free Throw In,1,-1,-1, ,,,,8,03:00,11,24,
2007,TS,19,201,79,PAN,PJUO,"SPANOULIS, VASSILIS",FTM,Free Throw In,1,-1,-1, ,,,,8,03:00,12,24,
2007,TS,19,201,85,SIE,PBLH,"LAVRINOVIC, KSISTOF",FTM,Free Throw In,1,-1,-1, ,,,,8,03:00,12,25,
2007,TS,19,201,92,SIE,PJHL,"RESS, TOMAS",2FGM,Two Pointer,2,-397,-41,E,,,,9,02:00,12,27,
2007,TS,19,201,93,PAN,PAJV,"BATISTE, MICHAEL",2FGM,Two Pointer,2,56,30,C,,,,9,02:00,14,27,
2007,TS,19,201,98,PAN,PAJV,"BATISTE, MICHAEL",FTM,Free Throw In,1,-1,-1, ,,,,9,02:00,15,27,
2007,TS,19,201,102,PAN,PADG,"JASIKEVICIUS, SARUNAS",2FGA,Missed Two Pointer,0,-351,346,E,,,,10,01:00,15,27,
2007,TS,19,201,109,PAN,PAJV,"BATISTE, MICHAEL",2FGM,Two Pointer,2,-5,2,D,,,,10,01:00,17,27,
2007,TS,19,201,111,SIE,P000754,"DIENER, DRAKE",2FGA,Missed Two Pointer,0,-76,133,D,,,,10,01:00,17,27,
2007,TS,19,201,119,PAN,PAJV,"BATISTE, MICHAEL",2FGM,Two Pointer,2,5,5,C,,,,11,10:00,19,27,
2007,TS,19,201,123,PAN,PAJV,"BATISTE, MICHAEL",2FGM,Two Pointer,2,-35,2,D,,,,11,10:00,21,27,
2007,TS,19,201,130,PAN,PAJV,"BATISTE, MICHAEL",FTM,Free Throw In,1,-1,-1, ,,,,11,10:00,22,27,
2007,TS,19,201,136,PAN,PKRH,"PERPEROGLOU, EFSTRATIOS",2FGM,Two Pointer,2,23,28,C,,,,12,09:00,24,27,
2007,TS,19,201,142,SIE,PAPS,"ILIEVSKI, VLADO",3FGM,Three Pointer,3,338,569,G,,,,12,09:00,24,30,
2007,TS,19,201,145,PAN,PADG,"JASIKEVICIUS, SARUNAS",3FGM,Three Pointer,3,-317,584,J,,,,13,08:00,27,30,
2007,TS,19,201,146,SIE,PKWI,"MCINTYRE, TERRELL",2FGM,Two Pointer,2,-53,5,D,,,,13,08:00,27,32,
2007,TS,19,201,147,PAN,PJUO,"SPANOULIS, VASSILIS",2FGA,Missed Two Pointer,0,141,574,H,,,,13,08:00,27,32,
2007,TS,19,201,150,SIE,PAPS,"ILIEVSKI, VLADO",3FGA,Missed Three Pointer,0,-228,617,J,,,,14,07:00,27,32,
2007,TS,19,201,156,PAN,PABB,"DIKOUDIS, DEMOS",FTM,Free Throw In,1,-1,-1, ,,,,14,07:00,28,32,
2007,TS,19,201,166,SIE,PAPS,"ILIEVSKI, VLADO",FTM,Free Throw In,1,-1,-1, ,,,,14,07:00,28,33,
2007,TS,19,201,167,SIE,PAPS,"ILIEVSKI, VLADO",FTM,Free Throw In,1,-1,-1, ,,,,14,07:00,28,34,
2007,TS,19,201,169,PAN,PADG,"JASIKEVICIUS, SARUNAS",2FGM,Two Pointer,2,-128,128,D,,,,15,06:00,30,34,
2007,TS,19,201,174,PAN,PADG,"JASIKEVICIUS, SARUNAS",FTM,Free Throw In,1,-1,-1, ,,,,15,06:00,31,34,
2007,TS,19,201,175,SIE,PCCA,"THORNTON, BOOTSY",3FGA,Missed Three Pointer,0,384,528,G,,,,15,06:00,31,34,
2007,TS,19,201,177,PAN,PJUO,"SPANOULIS, VASSILIS",3FGA,Missed Three Pointer,0,-248,615,J,,,,15,06:00,31,34,
2007,TS,19,201,179,SIE,PCCA,"THORNTON, BOOTSY",2FGM,Two Pointer,2,-58,10,D,,,,15,06:00,31,36,
2007,TS,19,201,182,PAN,PABB,"DIKOUDIS, DEMOS",2FGM,Two Pointer,2,-69,38,D,,,,16,05:00,33,36,
2007,TS,19,201,188,PAN,PKRH,"PERPEROGLOU, EFSTRATIOS",2FGM,Two Pointer,2,-17,46,D,,,,16,05:00,35,36,
2007,TS,19,201,190,SIE,PCCA,"THORNTON, BOOTSY",2FGA,Missed Two Pointer,0,-61,53,D,,,,17,04:00,35,36,
2007,TS,19,201,192,PAN,PKRH,"PERPEROGLOU, EFSTRATIOS",2FGM,Two Pointer,2,-64,5,D,,,,17,04:00,37,36,
2007,TS,19,201,196,SIE,PCQO,"EZE, BENJAMIN",2FGM,Two Pointer,2,0,0,D,,,,17,04:00,37,38,
2007,TS,19,201,200,PAN,PAJV,"BATISTE, MICHAEL",2FGM,Two Pointer,2,56,10,C,,,,17,04:00,39,38,
2007,TS,19,201,206,SIE,PLMO,"SATO, ROMAIN",FTM,Free Throw In,1,-1,-1, ,,,,18,03:00,39,39,
2007,TS,19,201,207,PAN,PADG,"JASIKEVICIUS, SARUNAS",2FGA,Missed Two Pointer,0,-10,51,D,,,,18,03:00,39,39,
2007,TS,19,201,214,PAN,PJUO,"SPANOULIS, VASSILIS",FTM,Free Throw In,1,-1,-1, ,,,,18,03:00,40,39,
2007,TS,19,201,222,SIE,PCCA,"THORNTON, BOOTSY",2FGM,Two Pointer,2,0,46,D,,,,19,02:00,40,41,
2007,TS,19,201,225,SIE,PKWI,"MCINTYRE, TERRELL",2FGM,Two Pointer,2,48,5,C,,,,19,02:00,40,43,
2007,TS,19,201,229,PAN,PADG,"JASIKEVICIUS, SARUNAS",FTM,Free Throw In,1,-1,-1, ,,,,19,02:00,41,43,
2007,TS,19,201,231,SIE,PCQO,"EZE, BENJAMIN",2FGM,Two Pointer,2,7,53,C,,,,20,01:00,41,45,
2007,TS,19,201,233,PAN,PBCS,"HATZIVRETTAS, NIKOS",2FGM,Two Pointer,2,46,-2,C,,,,20,01:00,43,45,
2007,TS,19,201,240,PAN,PJKO,"DIAMANTIDIS, DIMITRIS",3FGA,Missed Three Pointer,0,238,617,G,,,,20,01:00,43,45,
2007,TS,19,201,251,SIE,PCCA,"THORNTON, BOOTSY",2FGA,Missed Two Pointer,0,-269,443,I,,,,21,10:00,43,45,
2007,TS,19,201,253,PAN,PKRH,"PERPEROGLOU, EFSTRATIOS",2FGA,Missed Two Pointer,0,-253,551,I,,,,21,10:00,43,45,
2007,TS,19,201,255,PAN,PAJV,"BATISTE, MICHAEL",2FGM,Two Pointer,2,15,53,C,,,,21,10:00,45,45,
2007,TS,19,201,258,SIE,PKWI,"MCINTYRE, TERRELL",2FGA,Missed Two Pointer,0,-51,607,I,,,,22,09:00,45,45,
2007,TS,19,201,262,SIE,PCCA,"THORNTON, BOOTSY",FTM,Free Throw In,1,-1,-1, ,,,,22,09:00,45,46,
2007,TS,19,201,263,SIE,PCCA,"THORNTON, BOOTSY",FTM,Free Throw In,1,-1,-1, ,,,,22,09:00,45,47,
2007,TS,19,201,264,PAN,PKRH,"PERPEROGLOU, EFSTRATIOS",2FGM,Two Pointer,2,-46,10,D,,,,22,09:00,47,47,
2007,TS,19,201,271,SIE,PKWI,"MCINTYRE, TERRELL",2FGA,Missed Two Pointer,0,35,5,C,,,,23,08:00,47,47,
2007,TS,19,201,277,SIE,PKWI,"MCINTYRE, TERRELL",3FGA,Missed Three Pointer,0,194,625,G,,,,23,08:00,47,47,
2007,TS,19,201,287,PAN,PADG,"JASIKEVICIUS, SARUNAS",FTM,Free Throw In,1,-1,-1, ,,,,23,08:00,48,47,
2007,TS,19,201,288,PAN,PADG,"JASIKEVICIUS, SARUNAS",FTM,Free Throw In,1,-1,-1, ,,,,23,08:00,49,47,
2007,TS,19,201,298,PAN,PAFQ,"PRKACIN, NIKOLA",2FGM,Two Pointer,2,10,35,C,,,,24,07:00,51,47,
2007,TS,19,201,300,SIE,PCCA,"THORNTON, BOOTSY",3FGA,Missed Three Pointer,0,292,605,G,,,,24,07:00,51,47,
2007,TS,19,201,302,PAN,PJUO,"SPANOULIS, VASSILIS",2FGM,Two Pointer,2,46,12,C,,,,24,07:00,53,47,
2007,TS,19,201,306,SIE,PAPS,"ILIEVSKI, VLADO",3FGA,Missed Three Pointer,0,-689,-48,F,,,,24,07:00,53,47,
2007,TS,19,201,312,PAN,PAFQ,"PRKACIN, NIKOLA",FTM,Free Throw In,1,-1,-1, ,,,,25,06:00,54,47,
2007,TS,19,201,319,SIE,PKWI,"MCINTYRE, TERRELL",3FGM,Three Pointer,3,48,658,G,,,,25,06:00,54,50,
2007,TS,19,201,326,SIE,PBLH,"LAVRINOVIC, KSISTOF",3FGA,Missed Three Pointer,0,-679,-38,F,,,,26,05:00,54,50,
2007,TS,19,201,328,PAN,PAJV,"BATISTE, MICHAEL",2FGAB,Missed Two Pointer,0,-66,10,D,,,,26,05:00,54,50,
2007,TS,19,201,338,SIE,PBLH,"LAVRINOVIC, KSISTOF",FTM,Free Throw In,1,-1,-1, ,,,,26,05:00,54,51,
2007,TS,19,201,339,SIE,PBLH,"LAVRINOVIC, KSISTOF",FTM,Free Throw In,1,-1,-1, ,,,,26,05:00,54,52,
2007,TS,19,201,342,PAN,PAFQ,"PRKACIN, NIKOLA",FTM,Free Throw In,1,-1,-1, ,,,,26,05:00,55,52,
2007,TS,19,201,343,PAN,PAFQ,"PRKACIN, NIKOLA",FTM,Free Throw In,1,-1,-1, ,,,,26,05:00,56,52,
2007,TS,19,201,349,SIE,PBLH,"LAVRINOVIC, KSISTOF",FTM,Free Throw In,1,-1,-1, ,,,,27,04:00,56,53,
2007,TS,19,201,352,PAN,PABB,"DIKOUDIS, DEMOS",2FGA,Missed Two Pointer,0,28,51,C,,,,27,04:00,56,53,
2007,TS,19,201,354,SIE,PCCA,"THORNTON, BOOTSY",3FGA,Missed Three Pointer,0,-317,582,J,,,,27,04:00,56,53,
2007,TS,19,201,356,PAN,PJUO,"SPANOULIS, VASSILIS",2FGA,Missed Two Pointer,0,-66,28,D,,,,27,04:00,56,53,
2007,TS,19,201,359,SIE,PJOC,"STONEROOK, SHAUN",3FGM,Three Pointer,3,-146,633,J,,,,28,03:00,56,56,
2007,TS,19,201,371,SIE,PCCA,"THORNTON, BOOTSY",FTM,Free Throw In,1,-1,-1, ,,,,28,03:00,56,57,
2007,TS,19,201,377,SIE,PAPS,"ILIEVSKI, VLADO",3FGM,Three Pointer,3,-679,12,F,,,,29,02:00,56,60,
2007,TS,19,201,379,PAN,PADG,"JASIKEVICIUS, SARUNAS",3FGM,Three Pointer,3,689,-15,A,,,,29,02:00,59,60,
2007,TS,19,201,387,PAN,PADG,"JASIKEVICIUS, SARUNAS",3FGA,Missed Three Pointer,0,-689,-46,F,,,,30,01:00,59,60,
2007,TS,19,201,398,SIE,PCCA,"THORNTON, BOOTSY",FTM,Free Throw In,1,-1,-1, ,,,,30,01:00,59,61,
2007,TS,19,201,401,PAN,PJKO,"DIAMANTIDIS, DIMITRIS",3FGM,Three Pointer,3,156,1146,G,,,,30,01:00,62,61,
2007,TS,19,201,406,PAN,PADG,"JASIKEVICIUS, SARUNAS",3FGA,Missed Three Pointer,0,58,661,G,,,,31,10:00,62,61,
2007,TS,19,201,413,PAN,PADG,"JASIKEVICIUS, SARUNAS",2FGA,Missed Two Pointer,0,-23,302,D,,,,31,10:00,62,61,
2007,TS,19,201,415,SIE,PLMO,"SATO, ROMAIN",2FGM,Two Pointer,2,-351,-51,E,,,,31,10:00,62,63,
2007,TS,19,201,423,PAN,PTFY,"WINSTON, KENNEDY",FTM,Free Throw In,1,-1,-1, ,,,,32,09:00,63,63,
2007,TS,19,201,424,PAN,PTFY,"WINSTON, KENNEDY",FTM,Free Throw In,1,-1,-1, ,,,,32,09:00,64,63,
2007,TS,19,201,428,SIE,PBLH,"LAVRINOVIC, KSISTOF",2FGA,Missed Two Pointer,0,5,223,C,,,,33,08:00,64,63,
2007,TS,19,201,430,PAN,PTFY,"WINSTON, KENNEDY",2FGAB,Missed Two Pointer,0,10,82,C,,,,33,08:00,64,63,
2007,TS,19,201,434,SIE,PAPS,"ILIEVSKI, VLADO",3FGA,Missed Three Pointer,0,556,405,A,,,,33,08:00,64,63,
2007,TS,19,201,442,SIE,PJOC,"STONEROOK, SHAUN",2FGA,Missed Two Pointer,0,56,33,C,,,,33,08:00,64,63,
2007,TS,19,201,444,SIE,PBLH,"LAVRINOVIC, KSISTOF",2FGM,Two Pointer,2,7,38,C,,,,33,08:00,64,65,
2007,TS,19,201,454,PAN,PJUO,"SPANOULIS, VASSILIS",2FGA,Missed Two Pointer,0,-53,515,I,,,,34,07:00,64,65,
2007,TS,19,201,460,PAN,PKRH,"PERPEROGLOU, EFSTRATIOS",3FGM,Three Pointer,3,-556,351,F,,,,35,06:00,67,65,
2007,TS,19,201,462,SIE,PLMO,"SATO, ROMAIN",3FGM,Three Pointer,3,674,-17,A,,,,35,06:00,67,68,
2007,TS,19,201,464,PAN,PKRH,"PERPEROGLOU, EFSTRATIOS",2FGA,Missed Two Pointer,0,-271,505,I,,,,35,06:00,67,68,
2007,TS,19,201,468,PAN,PKRH,"PERPEROGLOU, EFSTRATIOS",2FGA,Missed Two Pointer,0,-438,-7,E,,,,36,05:00,67,68,
2007,TS,19,201,477,PAN,PJUO,"SPANOULIS, VASSILIS",3FGM,Three Pointer,3,469,474,G,,,,37,04:00,70,68,
2007,TS,19,201,479,SIE,PCCA,"THORNTON, BOOTSY",3FGA,Missed Three Pointer,0,-76,661,J,,,,37,04:00,70,68,
2007,TS,19,201,485,SIE,PBLH,"LAVRINOVIC, KSISTOF",FTM,Free Throw In,1,-1,-1, ,,,,37,04:00,70,69,
2007,TS,19,201,486,SIE,PBLH,"LAVRINOVIC, KSISTOF",FTM,Free Throw In,1,-1,-1, ,,,,37,04:00,70,70,
2007,TS,19,201,490,PAN,PJUO,"SPANOULIS, VASSILIS",FTM,Free Throw In,1,-1,-1, ,,,,38,03:00,71,70,
2007,TS,19,201,491,PAN,PJUO,"SPANOULIS, VASSILIS",FTM,Free Throw In,1,-1,-1, ,,,,38,03:00,72,70,
2007,TS,19,201,492,SIE,PKWI,"MCINTYRE, TERRELL",3FGA,Missed Three Pointer,0,-210,628,J,,,,38,03:00,72,70,
2007,TS,19,201,494,PAN,PBCS,"HATZIVRETTAS, NIKOS",3FGM,Three Pointer,3,694,10,A,,,,38,03:00,75,70,
2007,TS,19,201,498,SIE,PCCA,"THORNTON, BOOTSY",2FGM,Two Pointer,2,-51,12,D,,,,39,02:00,75,72,
2007,TS,19,201,500,PAN,PADG,"JASIKEVICIUS, SARUNAS",3FGA,Missed Three Pointer,0,346,576,G,,,,39,02:00,75,72,
2007,TS,19,201,502,SIE,PKWI,"MCINTYRE, TERRELL",2FGA,Missed Two Pointer,0,-74,12,D,,,,39,02:00,75,72,
2007,TS,19,201,504,PAN,PJUO,"SPANOULIS, VASSILIS",3FGA,Missed Three Pointer,0,-433,512,J,,,,39,02:00,75,72,
2007,TS,19,201,506,SIE,PKWI,"MCINTYRE, TERRELL",3FGA,Missed Three Pointer,0,210,633,G,,,,39,02:00,75,72,
2007,TS,19,201,508,SIE,PCCA,"THORNTON, BOOTSY",2FGM,Two Pointer,2,-56,20,D,,,,39,02:00,75,74,
2007,TS,19,201,514,PAN,PAJV,"BATISTE, MICHAEL",2FGM,Two Pointer,2,2,0,D,,,,40,01:00,77,74,
2007,TS,19,201,515,SIE,PAPS,"ILIEVSKI, VLADO",2FGM,Two Pointer,2,-53,2,D,,,,40,01:00,77,76,
2007,TS,19,201,520,SIE,PAPS,"ILIEVSKI, VLADO",3FGA,Missed Three Pointer,0,-546,433,J,,,,40,01:00,77,76,
2007,TS,19,201,522,SIE,PBLH,"LAVRINOVIC, KSISTOF",2FGA,Missed Two Pointer,0,69,20,C,,,,40,01:00,77,76,
2007,TS,19,201,524,SIE,PCCA,"THORNTON, BOOTSY",2FGA,Missed Two Pointer,0,53,38,C,,,,40,01:00,77,76,
2007,TS,19,202,2,IST,PKCH,"HUTSON, ANDRE",2FGA,Missed Two Pointer,0,-279,512,I,,,,1,10:00,0,0,
2007,TS,19,202,4,PAR,PBFB,"TRIPKOVIC, UROS",3FGM,Three Pointer,3,-343,579,J,,,,1,10:00,0,3,
2007,TS,19,202,8,PAR,PBGJ,"VRANES, SLAVKO",2FGA,Missed Two Pointer,0,169,256,C,,,,2,09:00,0,3,
2007,TS,19,202,11,PAR,PBFB,"TRIPKOVIC, UROS",3FGA,Missed Three Pointer,0,-676,-30,F,,,,2,09:00,0,3,
2007,TS,19,202,15,IST,PKCH,"HUTSON, ANDRE",FTM,Free Throw In,1,-1,-1, ,,,,2,09:00,1,3,
2007,TS,19,202,23,IST,PBXD,"PENN, JAMES",3FGA,Missed Three Pointer,0,-10,661,J,,,,3,08:00,1,3,
2007,TS,19,202,25,PAR,PTGU,"PALACIO, MILT",3FGA,Missed Three Pointer,0,202,635,G,,,,3,08:00,1,3,
2007,TS,19,202,35,PAR,PBGJ,"VRANES, SLAVKO",2FGM,Two Pointer,2,48,17,C,,,,3,08:00,1,5,
2007,TS,19,202,37,IST,PKCH,"HUTSON, ANDRE",2FGA,Missed Two Pointer,0,302,461,H,,,,4,07:00,1,5,
2007,TS,19,202,41,PAR,PTGU,"PALACIO, MILT",2FGA,Missed Two Pointer,0,0,297,D,,,,4,07:00,1,5,
2007,TS,19,202,43,IST,PKOJ,"GREGORY, KENNY",2FGA,Missed Two Pointer,0,115,402,C,,,,4,07:00,1,5,
2007,TS,19,202,45,PAR,PBGJ,"VRANES, SLAVKO",2FGM,Two Pointer,2,30,617,H,,,,4,07:00,1,7,
2007,TS,19,202,53,IST,PBKM,"KUQO, ERMAL",2FGM,Two Pointer,2,-25,69,D,,,,5,06:00,3,7,
2007,TS,19,202,55,IST,PBKM,"KUQO, ERMAL",FTM,Free Throw In,1,-1,-1, ,,,,5,06:00,4,7,
2007,TS,19,202,56,PAR,PBFB,"TRIPKOVIC, UROS",2FGA,Missed Two Pointer,0,61,523,H,,,,5,06:00,4,7,
2007,TS,19,202,62,IST,PBXD,"PENN, JAMES",FTM,Free Throw In,1,-1,-1, ,,,,5,06:00,5,7,
2007,TS,19,202,63,IST,PBXD,"PENN, JAMES",FTM,Free Throw In,1,-1,-1, ,,,,5,06:00,6,7,
2007,TS,19,202,69,PAR,PKNN,"PEKOVIC, NIKOLA",2FGM,Two Pointer,2,284,61,B,,,,6,05:00,6,9,
2007,TS,19,202,70,IST,PBXD,"PENN, JAMES",3FGM,Three Pointer,3,328,620,G,,,,6,05:00,9,9,
2007,TS,19,202,77,PAR,PBFE,"KECMAN, DUSAN",2FGA,Missed Two Pointer,0,87,30,C,,,,6,05:00,9,9,
2007,TS,19,202,79,PAR,PBFE,"KECMAN, DUSAN",2FGM,Two Pointer,2,76,7,C,,,,6,05:00,9,11,
2007,TS,19,202,80,IST,PBXD,"PENN, JAMES",2FGA,Missed Two Pointer,0,392,23,B,,,,6,05:00,9,11,
2007,TS,19,202,83,PAR,PKNN,"PEKOVIC, NIKOLA",2FGM,Two Pointer,2,-248,53,D,,,,7,04:00,9,13,
2007,TS,19,202,90,IST,PAWN,"GONLUM, KEREM",FTM,Free Throw In,1,-1,-1, ,,,,7,04:00,10,13,
2007,TS,19,202,91,IST,PAWN,"GONLUM, KEREM",FTM,Free Throw In,1,-1,-1, ,,,,7,04:00,11,13,
2007,TS,19,202,92,PAR,PKNN,"PEKOVIC, NIKOLA",2FGM,Two Pointer,2,79,30,C,,,,7,04:00,11,15,
2007,TS,19,202,99,IST,PBXD,"PENN, JAMES",3FGM,Three Pointer,3,-412,558,J,,,,7,04:00,14,15,
2007,TS,19,202,102,PAR,PBXO,"VITKOVAC, CEDOMIR",3FGA,Missed Three Pointer,0,692,-28,A,,,,8,03:00,14,15,
2007,TS,19,202,104,PAR,PJJY,"BOZIC, PETAR",3FGM,Three Pointer,3,579,394,A,,,,8,03:00,14,18,
2007,TS,19,202,106,IST,PAWN,"GONLUM, KEREM",3FGA,Missed Three Pointer,0,51,658,G,,,,8,03:00,14,18,
2007,TS,19,202,109,PAR,PBXO,"VITKOVAC, CEDOMIR",3FGA,Missed Three Pointer,0,-71,679,J,,,,9,02:00,14,18,
2007,TS,19,202,111,IST,PKOJ,"GREGORY, KENNY",2FGM,Two Pointer,2,-79,17,D,,,,9,02:00,16,18,
2007,TS,19,202,115,IST,PKOJ,"GREGORY, KENNY",FTM,Free Throw In,1,-1,-1, ,,,,9,02:00,17,18,
2007,TS,19,202,116,PAR,PBFB,"TRIPKOVIC, UROS",3FGA,Missed Three Pointer,0,523,464,G,,,,9,02:00,17,18,
2007,TS,19,202,118,IST,PBXD,"PENN, JAMES",2FGM,Two Pointer,2,-76,20,D,,,,9,02:00,19,18,
2007,TS,19,202,119,PAR,PKNN,"PEKOVIC, NIKOLA",2FGM,Two Pointer,2,94,5,C,,,,9,02:00,19,20,
2007,TS,19,202,121,IST,PARN,"ARSLAN, ENDER",3FGA,Missed Three Pointer,0,-669,-23,F,,,,10,01:00,19,20,
2007,TS,19,202,123,PAR,PBFB,"TRIPKOVIC, UROS",2FGA,Missed Two Pointer,0,-69,30,D,,,,10,01:00,19,20,
2007,TS,19,202,129,PAR,PKNN,"PEKOVIC, NIKOLA",FTM,Free Throw In,1,-1,-1, ,,,,10,01:00,19,21,
2007,TS,19,202,130,PAR,PKNN,"PEKOVIC, NIKOLA",FTM,Free Throw In,1,-1,-1, ,,,,10,01:00,19,22,
2007,TS,19,202,131,IST,PBKM,"KUQO, ERMAL",3FGA,Missed Three Pointer,0,305,628,G,,,,10,01:00,19,22,
2007,TS,19,202,134,PAR,PKNN,"PEKOVIC, NIKOLA",2FGM,Two Pointer,2,5,0,C,,,,10,01:00,19,24,
2007,TS,19,202,145,IST,PKCH,"HUTSON, ANDRE",2FGA,Missed Two Pointer,0,-358,361,E,,,,11,10:00,19,24,
2007,TS,19,202,147,PAR,PLGH,"TEPIC, MILENKO",2FGM,Two Pointer,2,-220,161,D,,,,11,10:00,19,26,
2007,TS,19,202,149,IST,PKCH,"HUTSON, ANDRE",2FGA,Missed Two Pointer,0,5,500,H,,,,12,09:00,19,26,
2007,TS,19,202,155,PAR,PJNL,"BOROVNJAK, DEJAN",FTM,Free Throw In,1,-1,-1, ,,,,12,09:00,19,27,
2007,TS,19,202,158,IST,PKCH,"HUTSON, ANDRE",2FGM,Two Pointer,2,2,192,D,,,,12,09:00,21,27,
2007,TS,19,202,159,PAR,PLGH,"TEPIC, MILENKO",2FGM,Two Pointer,2,-235,179,E,,,,12,09:00,21,29,
2007,TS,19,202,174,PAR,PBXO,"VITKOVAC, CEDOMIR",3FGM,Three Pointer,3,-364,558,J,,,,14,07:00,21,32,
2007,TS,19,202,176,IST,PBXD,"PENN, JAMES",3FGA,Missed Three Pointer,0,317,607,G,,,,14,07:00,21,32,
2007,TS,19,202,178,PAR,PBXO,"VITKOVAC, CEDOMIR",2FGM,Two Pointer,2,12,105,C,,,,14,07:00,21,34,
2007,TS,19,202,184,IST,PBXD,"PENN, JAMES",3FGA,Missed Three Pointer,0,223,646,G,,,,14,07:00,21,34,
2007,TS,19,202,186,IST,PKCH,"HUTSON, ANDRE",2FGAB,Missed Two Pointer,0,-97,38,D,,,,14,07:00,21,34,
2007,TS,19,202,197,IST,PKOJ,"GREGORY, KENNY",3FGA,Missed Three Pointer,0,-46,684,J,,,,15,06:00,21,34,
2007,TS,19,202,201,PAR,PBXO,"VITKOVAC, CEDOMIR",2FGA,Missed Two Pointer,0,-41,384,D,,,,15,06:00,21,34,
2007,TS,19,202,203,IST,PBXD,"PENN, JAMES",2FGA,Missed Two Pointer,0,-89,38,D,,,,15,06:00,21,34,
2007,TS,19,202,205,PAR,PBGJ,"VRANES, SLAVKO",2FGA,Missed Two Pointer,0,71,110,C,,,,15,06:00,21,34,
2007,TS,19,202,214,IST,PAWH,"ABI, MUSTAFA",2FGM,Two Pointer,2,-53,51,D,,,,16,05:00,23,34,
2007,TS,19,202,215,PAR,PKNN,"PEKOVIC, NIKOLA",2FGM,Two Pointer,2,2,2,D,,,,16,05:00,23,36,
2007,TS,19,202,218,IST,PARN,"ARSLAN, ENDER",3FGA,Missed Three Pointer,0,-348,574,J,,,,17,04:00,23,36,
2007,TS,19,202,220,PAR,PLGH,"TEPIC, MILENKO",3FGA,Missed Three Pointer,0,423,569,G,,,,17,04:00,23,36,
2007,TS,19,202,233,IST,PKCH,"HUTSON, ANDRE",2FGA,Missed Two Pointer,0,235,433,H,,,,18,03:00,23,36,
2007,TS,19,202,235,PAR,PKNN,"PEKOVIC, NIKOLA",2FGA,Missed Two Pointer,0,69,184,C,,,,18,03:00,23,36,
2007,TS,19,202,237,PAR,PTGU,"PALACIO, MILT",3FGA,Missed Three Pointer,0,700,-46,A,,,,18,03:00,23,36,
2007,TS,19,202,247,IST,PAWH,"ABI, MUSTAFA",FTM,Free Throw In,1,-1,-1, ,,,,19,02:00,24,36,
2007,TS,19,202,251,PAR,PJNL,"BOROVNJAK, DEJAN",2FGA,Missed Two Pointer,0,-320,35,E,,,,20,01:00,24,36,
2007,TS,19,202,253,IST,PBXD,"PENN, JAMES",2FGM,Two Pointer,2,-43,64,D,,,,20,01:00,26,36,
2007,TS,19,202,257,PAR,PKNN,"PEKOVIC, NIKOLA",2FGM,Two Pointer,2,-33,297,D,,,,20,01:00,26,38,
2007,TS,19,202,258,IST,PBXD,"PENN, JAMES",3FGM,Three Pointer,3,135,658,G,,,,20,01:00,29,38,
2007,TS,19,202,265,IST,PKCH,"HUTSON, ANDRE",2FGA,Missed Two Pointer,0,-100,38,D,,,,21,10:00,29,38,
2007,TS,19,202,267,PAR,PTGU,"PALACIO, MILT",2FGM,Two Pointer,2,-48,517,I,,,,21,10:00,29,40,
2007,TS,19,202,270,IST,PKCH,"HUTSON, ANDRE",2FGA,Missed Two Pointer,0,-10,530,I,,,,21,10:00,29,40,
2007,TS,19,202,273,PAR,PTGU,"PALACIO, MILT",3FGM,Three Pointer,3,-700,5,F,,,,22,09:00,29,43,
2007,TS,19,202,277,IST,PAWH,"ABI, MUSTAFA",3FGM,Three Pointer,3,648,251,A,,,,22,09:00,32,43,
2007,TS,19,202,288,PAR,PJNN,"VELICKOVIC, NOVICA",2FGA,Missed Two Pointer,0,225,53,C,,,,23,08:00,32,43,
2007,TS,19,202,293,IST,PKOJ,"GREGORY, KENNY",FTM,Free Throw In,1,-1,-1, ,,,,23,08:00,33,43,
2007,TS,19,202,294,PAR,PLGH,"TEPIC, MILENKO",3FGM,Three Pointer,3,-692,2,F,,,,23,08:00,33,46,
2007,TS,19,202,297,IST,PBKM,"KUQO, ERMAL",3FGM,Three Pointer,3,330,625,G,,,,24,07:00,36,46,
2007,TS,19,202,299,PAR,PJNN,"VELICKOVIC, NOVICA",3FGA,Missed Three Pointer,0,-123,674,J,,,,24,07:00,36,46,
2007,TS,19,202,301,IST,PBKM,"KUQO, ERMAL",3FGA,Missed Three Pointer,0,94,697,G,,,,24,07:00,36,46,
2007,TS,19,202,304,PAR,PTGU,"PALACIO, MILT",3FGM,Three Pointer,3,200,648,G,,,,24,07:00,36,49,
2007,TS,19,202,305,IST,PBKM,"KUQO, ERMAL",2FGA,Missed Two Pointer,0,-158,38,D,,,,24,07:00,36,49,
2007,TS,19,202,307,IST,PAWN,"GONLUM, KEREM",2FGA,Missed Two Pointer,0,-69,33,D,,,,24,07:00,36,49,
2007,TS,19,202,314,PAR,PJNN,"VELICKOVIC, NOVICA",3FGA,Missed Three Pointer,0,-600,374,F,,,,25,06:00,36,49,
2007,TS,19,202,321,PAR,PBXO,"VITKOVAC, CEDOMIR",3FGM,Three Pointer,3,207,646,G,,,,25,06:00,36,52,
2007,TS,19,202,326,IST,PAWN,"GONLUM, KEREM",2FGM,Two Pointer,2,-7,7,D,,,,26,05:00,38,52,
2007,TS,19,202,328,PAR,PBFE,"KECMAN, DUSAN",3FGA,Missed Three Pointer,0,-541,430,J,,,,26,05:00,38,52,
2007,TS,19,202,339,IST,PAWN,"GONLUM, KEREM",FTM,Free Throw In,1,-1,-1, ,,,,26,05:00,39,52,
2007,TS,19,202,341,IST,PARN,"ARSLAN, ENDER",3FGA,Missed Three Pointer,0,0,682,J,,,,26,05:00,39,52,
2007,TS,19,202,344,IST,PAWN,"GONLUM, KEREM",2FGA,Missed Two Pointer,0,220,166,C,,,,27,04:00,39,52,
2007,TS,19,202,346,PAR,PBFB,"TRIPKOVIC, UROS",3FGM,Three Pointer,3,666,-53,A,,,,27,04:00,39,55,
2007,TS,19,202,351,PAR,PKNN,"PEKOVIC, NIKOLA",2FGM,Two Pointer,2,194,79,C,,,,27,04:00,39,57,
2007,TS,19,202,353,IST,PARN,"ARSLAN, ENDER",2FGA,Missed Two Pointer,0,510,89,B,,,,28,03:00,39,57,
2007,TS,19,202,355,PAR,PBFB,"TRIPKOVIC, UROS",3FGM,Three Pointer,3,-325,610,J,,,,28,03:00,39,60,
2007,TS,19,202,357,IST,PAWH,"ABI, MUSTAFA",3FGM,Three Pointer,3,266,653,G,,,,28,03:00,42,60,
2007,TS,19,202,359,PAR,PBFE,"KECMAN, DUSAN",3FGM,Three Pointer,3,-141,658,J,,,,29,02:00,42,63,
2007,TS,19,202,361,IST,PBXD,"PENN, JAMES",3FGM,Three Pointer,3,530,417,A,,,,29,02:00,45,63,
2007,TS,19,202,362,PAR,PBFE,"KECMAN, DUSAN",2FGM,Two Pointer,2,-48,20,D,,,,29,02:00,45,65,
2007,TS,19,202,363,IST,PBXD,"PENN, JAMES",2FGA,Missed Two Pointer,0,-5,97,D,,,,29,02:00,45,65,
2007,TS,19,202,366,PAR,PLGH,"TEPIC, MILENKO",3FGM,Three Pointer,3,-223,669,J,,,,30,01:00,45,68,
2007,TS,19,202,367,IST,PKCH,"HUTSON, ANDRE",2FGA,Missed Two Pointer,0,143,33,C,,,,30,01:00,45,68,
2007,TS,19,202,372,IST,PARN,"ARSLAN, ENDER",2FGM,Two Pointer,2,228,74,C,,,,30,01:00,47,68,
2007,TS,19,202,381,PAR,PKNN,"PEKOVIC, NIKOLA",FTM,Free Throw In,1,-1,-1, ,,,,31,10:00,47,69,
2007,TS,19,202,382,PAR,PKNN,"PEKOVIC, NIKOLA",FTM,Free Throw In,1,-1,-1, ,,,,31,10:00,47,70,
2007,TS,19,202,383,IST,PBXD,"PENN, JAMES",3FGM,Three Pointer,3,623,507,G,,,,31,10:00,50,70,
2007,TS,19,202,387,IST,PARN,"ARSLAN, ENDER",2FGA,Missed Two Pointer,0,-164,74,D,,,,31,10:00,50,70,
2007,TS,19,202,389,PAR,PBFB,"TRIPKOVIC, UROS",3FGM,Three Pointer,3,-466,576,J,,,,31,10:00,50,73,
2007,TS,19,202,395,IST,PAWH,"ABI, MUSTAFA",FTM,Free Throw In,1,-1,-1, ,,,,32,09:00,51,73,
2007,TS,19,202,404,IST,PKOJ,"GREGORY, KENNY",3FGM,Three Pointer,3,-441,520,J,,,,33,08:00,54,73,
2007,TS,19,202,406,PAR,PLGH,"TEPIC, MILENKO",2FGA,Missed Two Pointer,0,-23,117,D,,,,33,08:00,54,73,
2007,TS,19,202,408,PAR,PBFE,"KECMAN, DUSAN",2FGA,Missed Two Pointer,0,25,76,C,,,,33,08:00,54,73,
2007,TS,19,202,412,PAR,PKNN,"PEKOVIC, NIKOLA",2FGA,Missed Two Pointer,0,205,94,C,,,,34,07:00,54,73,
2007,TS,19,202,414,IST,PBXD,"PENN, JAMES",3FGM,Three Pointer,3,541,551,G,,,,34,07:00,57,73,
2007,TS,19,202,425,PAR,PJNN,"VELICKOVIC, NOVICA",2FGA,Missed Two Pointer,0,-69,43,D,,,,34,07:00,57,73,
2007,TS,19,202,430,PAR,PBFE,"KECMAN, DUSAN",3FGA,Missed Three Pointer,0,-164,666,J,,,,35,06:00,57,73,
2007,TS,19,202,436,PAR,PJNN,"VELICKOVIC, NOVICA",2FGM,Two Pointer,2,182,89,C,,,,35,06:00,57,75,
2007,TS,19,202,441,IST,PAWH,"ABI, MUSTAFA",FTM,Free Throw In,1,-1,-1, ,,,,36,05:00,58,75,
2007,TS,19,202,442,IST,PAWH,"ABI, MUSTAFA",FTM,Free Throw In,1,-1,-1, ,,,,36,05:00,59,75,
2007,TS,19,202,443,PAR,PBFE,"KECMAN, DUSAN",3FGA,Missed Three Pointer,0,192,661,G,,,,36,05:00,59,75,
2007,TS,19,202,447,IST,PBKM,"KUQO, ERMAL",2FGM,Two Pointer,2,-89,17,D,,,,36,05:00,61,75,
2007,TS,19,202,463,IST,PBXD,"PENN, JAMES",3FGM,Three Pointer,3,-2,666,J,,,,37,04:00,64,75,
2007,TS,19,202,464,PAR,PBFE,"KECMAN, DUSAN",3FGA,Missed Three Pointer,0,-507,615,J,,,,37,04:00,64,75,
2007,TS,19,202,466,IST,PBKM,"KUQO, ERMAL",2FGM,Two Pointer,2,-228,38,D,,,,37,04:00,66,75,
2007,TS,19,202,472,IST,PAWN,"GONLUM, KEREM",2FGM,Two Pointer,2,-158,48,D,,,,38,03:00,68,75,
2007,TS,19,202,476,PAR,PKNN,"PEKOVIC, NIKOLA",2FGM,Two Pointer,2,223,74,C,,,,39,02:00,68,77,
2007,TS,19,202,481,IST,PAWN,"GONLUM, KEREM",3FGA,Missed Three Pointer,0,-297,617,J,,,,39,02:00,68,77,
2007,TS,19,202,489,PAR,PTGU,"PALACIO, MILT",FTM,Free Throw In,1,-1,-1, ,,,,39,02:00,68,78,
2007,TS,19,202,491,PAR,PKNN,"PEKOVIC, NIKOLA",2FGA,Missed Two Pointer,0,-258,115,E,,,,39,02:00,68,78,
2007,TS,19,202,493,IST,PAWN,"GONLUM, KEREM",2FGA,Missed Two Pointer,0,97,89,C,,,,39,02:00,68,78,
2007,TS,19,202,495,IST,PAWN,"GONLUM, KEREM",2FGM,Two Pointer,2,33,92,C,,,,39,02:00,70,78,
2007,TS,19,202,500,IST,PBXD,"PENN, JAMES",2FGM,Two Pointer,2,228,187,C,,,,40,01:00,72,78,
2007,TS,19,202,505,PAR,PJNN,"VELICKOVIC, NOVICA",FTM,Free Throw In,1,-1,-1, ,,,,40,01:00,72,79,
2007,TS,19,202,506,PAR,PJNN,"VELICKOVIC, NOVICA",FTM,Free Throw In,1,-1,-1, ,,,,40,01:00,72,80,
2007,TS,19,202,507,IST,PBXD,"PENN, JAMES",2FGM,Two Pointer,2,5,71,C,,,,40,01:00,74,80,
2007,TS,19,202,510,PAR,PTGU,"PALACIO, MILT",FTM,Free Throw In,1,-1,-1, ,,,,40,01:00,74,81,
2007,TS,19,202,511,PAR,PTGU,"PALACIO, MILT",FTM,Free Throw In,1,-1,-1, ,,,,40,01:00,74,82,
2007,TS,19,202,512,IST,PKOJ,"GREGORY, KENNY",3FGM,Three Pointer,3,-456,512,J,,,,40,01:00,77,82,
2007,TS,19,202,520,PAR,PLGH,"TEPIC, MILENKO",FTM,Free Throw In,1,-1,-1, ,,,,40,01:00,77,83,
2007,TS,19,202,524,IST,PBXD,"PENN, JAMES",FTM,Free Throw In,1,-1,-1, ,,,,40,01:00,78,83,
2007,TS,19,202,525,IST,PBXD,"PENN, JAMES",FTM,Free Throw In,1,-1,-1, ,,,,40,01:00,79,83,
2007,TS,19,203,6,BAS,PANB,"RAKOCEVIC, IGOR",2FGM,Two Pointer,2,0,130,D,,,,1,10:00,2,0,
2007,TS,19,203,7,ARI,PTEM,"WRIGHT, BRACEY",3FGA,Missed Three Pointer,0,-664,125,F,,,,1,10:00,2,0,
2007,TS,19,203,11,BAS,PJTT,"MCDONALD, WILL",2FGM,Two Pointer,2,66,25,C,,,,1,10:00,4,0,
2007,TS,19,203,20,ARI,PLGM,"TSALDARIS, DIMITRIOS",3FGM,Three Pointer,3,-658,20,F,,,,2,09:00,4,3,
2007,TS,19,203,21,BAS,PAFP,"PLANINIC, ZORAN",2FGM,Two Pointer,2,-76,130,D,,,,2,09:00,6,3,
2007,TS,19,203,22,ARI,PLGV,"MASSEY, JEREMIAH",2FGA,Missed Two Pointer,0,-330,23,E,,,,2,09:00,6,3,
2007,TS,19,203,26,ARI,PBDH,"MOTTOLA, HANNO",FTM,Free Throw In,1,-1,-1, ,,,,2,09:00,6,4,
2007,TS,19,203,27,ARI,PBDH,"MOTTOLA, HANNO",FTM,Free Throw In,1,-1,-1, ,,,,2,09:00,6,5,
2007,TS,19,203,29,BAS,PJTT,"MCDONALD, WILL",2FGM,Two Pointer,2,-15,56,D,,,,2,09:00,8,5,
2007,TS,19,203,31,ARI,PTEM,"WRIGHT, BRACEY",2FGA,Missed Two Pointer,0,-369,71,E,,,,3,08:00,8,5,
2007,TS,19,203,33,BAS,PANB,"RAKOCEVIC, IGOR",2FGA,Missed Two Pointer,0,-71,115,D,,,,3,08:00,8,5,
2007,TS,19,203,44,ARI,PAPI,"KALAITZIS, GEORGIOS",2FGM,Two Pointer,2,-43,82,D,,,,4,07:00,8,7,
2007,TS,19,203,46,BAS,PJZJ,"TELETOVIC, MIRZA",3FGM,Three Pointer,3,-674,-25,F,,,,4,07:00,11,7,
2007,TS,19,203,53,ARI,PBDH,"MOTTOLA, HANNO",3FGA,Missed Three Pointer,0,238,658,G,,,,5,06:00,11,7,
2007,TS,19,203,55,BAS,PCBY,"SPLITTER, TIAGO",2FGA,Missed Two Pointer,0,53,61,C,,,,5,06:00,11,7,
2007,TS,19,203,59,BAS,PJZJ,"TELETOVIC, MIRZA",2FGM,Two Pointer,2,-7,2,D,,,,5,06:00,13,7,
2007,TS,19,203,60,ARI,PTEM,"WRIGHT, BRACEY",2FGA,Missed Two Pointer,0,10,164,C,,,,5,06:00,13,7,
2007,TS,19,203,67,ARI,PLGV,"MASSEY, JEREMIAH",2FGM,Two Pointer,2,-43,28,D,,,,6,05:00,13,9,
2007,TS,19,203,73,BAS,PCBY,"SPLITTER, TIAGO",FTM,Free Throw In,1,-1,-1, ,,,,6,05:00,14,9,
2007,TS,19,203,80,BAS,PCBY,"SPLITTER, TIAGO",FTM,Free Throw In,1,-1,-1, ,,,,7,04:00,15,9,
2007,TS,19,203,83,ARI,PBDH,"MOTTOLA, HANNO",2FGA,Missed Two Pointer,0,207,120,C,,,,7,04:00,15,9,
2007,TS,19,203,85,ARI,PBDH,"MOTTOLA, HANNO",3FGM,Three Pointer,3,61,712,G,,,,7,04:00,15,12,
2007,TS,19,203,90,ARI,PLGV,"MASSEY, JEREMIAH",2FGM,Two Pointer,2,-38,25,D,,,,8,03:00,15,14,
2007,TS,19,203,92,BAS,PANB,"RAKOCEVIC, IGOR",3FGM,Three Pointer,3,-674,12,F,,,,8,03:00,18,14,
2007,TS,19,203,94,ARI,PBDH,"MOTTOLA, HANNO",2FGM,Two Pointer,2,71,28,C,,,,8,03:00,18,16,
2007,TS,19,203,96,BAS,PCBY,"SPLITTER, TIAGO",2FGM,Two Pointer,2,-264,58,E,,,,8,03:00,20,16,
2007,TS,19,203,99,ARI,PBDH,"MOTTOLA, HANNO",3FGM,Three Pointer,3,343,582,G,,,,9,02:00,20,19,
2007,TS,19,203,104,BAS,PJZJ,"TELETOVIC, MIRZA",3FGA,Missed Three Pointer,0,620,184,A,,,,9,02:00,20,19,
2007,TS,19,203,113,ARI,PLGV,"MASSEY, JEREMIAH",2FGM,Two Pointer,2,238,112,C,,,,10,01:00,20,21,
2007,TS,19,203,116,BAS,PCBY,"SPLITTER, TIAGO",FTM,Free Throw In,1,-1,-1, ,,,,10,01:00,21,21,
2007,TS,19,203,117,BAS,PCBY,"SPLITTER, TIAGO",FTM,Free Throw In,1,-1,-1, ,,,,10,01:00,22,21,
2007,TS,19,203,118,ARI,PTEM,"WRIGHT, BRACEY",3FGM,Three Pointer,3,-82,682,J,,,,10,01:00,22,24,
2007,TS,19,203,125,ARI,PLGV,"MASSEY, JEREMIAH",2FGM,Two Pointer,2,-76,87,D,,,,11,10:00,22,26,
2007,TS,19,203,126,BAS,PBVC,"JASAITIS, SIMAS",3FGA,Missed Three Pointer,0,494,479,G,,,,11,10:00,22,26,
2007,TS,19,203,128,ARI,PLGV,"MASSEY, JEREMIAH",2FGM,Two Pointer,2,-187,92,D,,,,11,10:00,22,28,
2007,TS,19,203,135,ARI,PLGV,"MASSEY, JEREMIAH",FTM,Free Throw In,1,-1,-1, ,,,,11,10:00,22,29,
2007,TS,19,203,137,BAS,PJTT,"MCDONALD, WILL",2FGAB,Missed Two Pointer,0,-69,2,D,,,,12,09:00,22,29,
2007,TS,19,203,141,BAS,PCBX,"PRIGIONI, PABLO",3FGA,Missed Three Pointer,0,-533,471,J,,,,12,09:00,22,29,
2007,TS,19,203,143,ARI,PLSZ,"WASHINGTON, DARIUS",2FGA,Missed Two Pointer,0,-48,17,D,,,,12,09:00,22,29,
2007,TS,19,203,145,BAS,PJTT,"MCDONALD, WILL",2FGA,Missed Two Pointer,0,135,125,C,,,,12,09:00,22,29,
2007,TS,19,203,150,BAS,PCBX,"PRIGIONI, PABLO",2FGM,Two Pointer,2,-53,0,D,,,,13,08:00,24,29,
2007,TS,19,203,156,ARI,PTEO,"TERRY, REYSHAWN",2FGAB,Missed Two Pointer,0,-48,5,D,,,,13,08:00,24,29,
2007,TS,19,203,162,BAS,PAJK,"VIDAL, SERGI",3FGA,Missed Three Pointer,0,279,612,G,,,,13,08:00,24,29,
2007,TS,19,203,171,BAS,PCBX,"PRIGIONI, PABLO",3FGM,Three Pointer,3,-664,-69,F,,,,13,08:00,27,29,
2007,TS,19,203,179,ARI,PLSZ,"WASHINGTON, DARIUS",FTM,Free Throw In,1,-1,-1, ,,,,14,07:00,27,30,
2007,TS,19,203,186,BAS,PJTT,"MCDONALD, WILL",FTM,Free Throw In,1,-1,-1, ,,,,15,06:00,28,30,
2007,TS,19,203,189,ARI,PLGM,"TSALDARIS, DIMITRIOS",3FGA,Missed Three Pointer,0,48,684,G,,,,15,06:00,28,30,
2007,TS,19,203,191,BAS,PJWO,"MICKEAL, PETE",3FGM,Three Pointer,3,-79,671,J,,,,15,06:00,31,30,
2007,TS,19,203,194,ARI,PTEO,"TERRY, REYSHAWN",3FGM,Three Pointer,3,494,479,G,,,,16,05:00,31,33,
2007,TS,19,203,195,BAS,PJWO,"MICKEAL, PETE",2FGA,Missed Two Pointer,0,-102,20,D,,,,16,05:00,31,33,
2007,TS,19,203,197,BAS,PCBX,"PRIGIONI, PABLO",2FGM,Two Pointer,2,233,69,C,,,,16,05:00,33,33,
2007,TS,19,203,198,ARI,PLSZ,"WASHINGTON, DARIUS",3FGA,Missed Three Pointer,0,-658,76,F,,,,16,05:00,33,33,
2007,TS,19,203,206,ARI,PTEM,"WRIGHT, BRACEY",3FGA,Missed Three Pointer,0,571,358,A,,,,17,04:00,33,33,
2007,TS,19,203,208,BAS,PCBX,"PRIGIONI, PABLO",3FGA,Missed Three Pointer,0,-192,653,J,,,,17,04:00,33,33,
2007,TS,19,203,210,BAS,PJTT,"MCDONALD, WILL",2FGA,Missed Two Pointer,0,192,148,C,,,,17,04:00,33,33,
2007,TS,19,203,213,ARI,PBDH,"MOTTOLA, HANNO",3FGA,Missed Three Pointer,0,125,728,G,,,,18,03:00,33,33,
2007,TS,19,203,215,BAS,PJWO,"MICKEAL, PETE",2FGM,Two Pointer,2,200,148,C,,,,18,03:00,35,33,
2007,TS,19,203,224,BAS,PAJK,"VIDAL, SERGI",3FGA,Missed Three Pointer,0,676,115,A,,,,19,02:00,35,33,
2007,TS,19,203,229,BAS,PCBX,"PRIGIONI, PABLO",FTM,Free Throw In,1,-1,-1, ,,,,19,02:00,36,33,
2007,TS,19,203,230,BAS,PCBX,"PRIGIONI, PABLO",FTM,Free Throw In,1,-1,-1, ,,,,19,02:00,37,33,
2007,TS,19,203,231,BAS,PAJK,"VIDAL, SERGI",2FGA,Missed Two Pointer,0,-166,87,D,,,,19,02:00,37,33,
2007,TS,19,203,238,ARI,PBDH,"MOTTOLA, HANNO",2FGM,Two Pointer,2,-15,58,D,,,,19,02:00,37,35,
2007,TS,19,203,239,BAS,PAJK,"VIDAL, SERGI",3FGM,Three Pointer,3,553,364,A,,,,19,02:00,40,35,
2007,TS,19,203,248,ARI,PLGV,"MASSEY, JEREMIAH",FTM,Free Throw In,1,-1,-1, ,,,,20,01:00,40,36,
2007,TS,19,203,249,ARI,PLGV,"MASSEY, JEREMIAH",FTM,Free Throw In,1,-1,-1, ,,,,20,01:00,40,37,
2007,TS,19,203,250,BAS,PCBX,"PRIGIONI, PABLO",3FGM,Three Pointer,3,-528,461,J,,,,20,01:00,43,37,
2007,TS,19,203,266,ARI,PLGM,"TSALDARIS, DIMITRIOS",3FGA,Missed Three Pointer,0,246,623,G,,,,21,10:00,43,37,
2007,TS,19,203,270,BAS,PANB,"RAKOCEVIC, IGOR",2FGM,Two Pointer,2,-79,46,D,,,,22,09:00,45,37,
2007,TS,19,203,272,ARI,PLGV,"MASSEY, JEREMIAH",3FGM,Three Pointer,3,-394,546,J,,,,22,09:00,45,40,
2007,TS,19,203,273,BAS,PCBY,"SPLITTER, TIAGO",2FGM,Two Pointer,2,66,25,C,,,,22,09:00,47,40,
2007,TS,19,203,291,BAS,PCBY,"SPLITTER, TIAGO",FTM,Free Throw In,1,-1,-1, ,,,,23,08:00,48,40,
2007,TS,19,203,292,BAS,PCBY,"SPLITTER, TIAGO",FTM,Free Throw In,1,-1,-1, ,,,,23,08:00,49,40,
2007,TS,19,203,294,ARI,PTEM,"WRIGHT, BRACEY",3FGA,Missed Three Pointer,0,-576,356,F,,,,24,07:00,49,40,
2007,TS,19,203,296,BAS,PANB,"RAKOCEVIC, IGOR",3FGM,Three Pointer,3,-448,471,J,,,,24,07:00,52,40,
2007,TS,19,203,303,BAS,PANB,"RAKOCEVIC, IGOR",FTM,Free Throw In,1,-1,-1, ,,,,24,07:00,53,40,
2007,TS,19,203,304,ARI,PTEO,"TERRY, REYSHAWN",3FGA,Missed Three Pointer,0,671,-35,A,,,,24,07:00,53,40,
2007,TS,19,203,308,ARI,PAPT,"BOISA, VLADIMER",2FGM,Two Pointer,2,-179,402,D,,,,25,06:00,53,42,
2007,TS,19,203,309,BAS,PANB,"RAKOCEVIC, IGOR",3FGA,Missed Three Pointer,0,-189,653,J,,,,25,06:00,53,42,
2007,TS,19,203,311,ARI,PLGM,"TSALDARIS, DIMITRIOS",3FGA,Missed Three Pointer,0,687,12,A,,,,25,06:00,53,42,
2007,TS,19,203,320,BAS,P000719,"MUONEKE, GABE",2FGM,Two Pointer,2,-74,38,D,,,,26,05:00,55,42,
2007,TS,19,203,321,ARI,PLGV,"MASSEY, JEREMIAH",3FGA,Missed Three Pointer,0,-407,520,J,,,,26,05:00,55,42,
2007,TS,19,203,328,BAS,PCBY,"SPLITTER, TIAGO",FTM,Free Throw In,1,-1,-1, ,,,,26,05:00,56,42,
2007,TS,19,203,329,BAS,PCBY,"SPLITTER, TIAGO",FTM,Free Throw In,1,-1,-1, ,,,,26,05:00,57,42,
2007,TS,19,203,330,ARI,PTEO,"TERRY, REYSHAWN",2FGA,Missed Two Pointer,0,56,20,C,,,,26,05:00,57,42,
2007,TS,19,203,332,ARI,PTEO,"TERRY, REYSHAWN",2FGM,Two Pointer,2,82,28,C,,,,26,05:00,57,44,
2007,TS,19,203,336,ARI,PLSZ,"WASHINGTON, DARIUS",2FGM,Two Pointer,2,-82,33,D,,,,27,04:00,57,46,
2007,TS,19,203,341,ARI,PLSZ,"WASHINGTON, DARIUS",FTM,Free Throw In,1,-1,-1, ,,,,27,04:00,57,47,
2007,TS,19,203,347,ARI,PLGV,"MASSEY, JEREMIAH",2FGAB,Missed Two Pointer,0,-5,120,D,,,,27,04:00,57,47,
2007,TS,19,203,354,ARI,PLGV,"MASSEY, JEREMIAH",2FGM,Two Pointer,2,-7,0,D,,,,27,04:00,57,49,
2007,TS,19,203,363,BAS,PAJK,"VIDAL, SERGI",FTM,Free Throw In,1,-1,-1, ,,,,28,03:00,58,49,
2007,TS,19,203,364,BAS,PAJK,"VIDAL, SERGI",FTM,Free Throw In,1,-1,-1, ,,,,28,03:00,59,49,
2007,TS,19,203,371,BAS,PCBX,"PRIGIONI, PABLO",2FGAB,Missed Two Pointer,0,66,43,C,,,,28,03:00,59,49,
2007,TS,19,203,375,BAS,PCBX,"PRIGIONI, PABLO",3FGA,Missed Three Pointer,0,-492,469,J,,,,28,03:00,59,49,
2007,TS,19,203,377,ARI,PLGV,"MASSEY, JEREMIAH",2FGM,Two Pointer,2,-56,38,D,,,,28,03:00,59,51,
2007,TS,19,203,385,ARI,PLSZ,"WASHINGTON, DARIUS",2FGA,Missed Two Pointer,0,-287,297,E,,,,29,02:00,59,51,
2007,TS,19,203,387,ARI,PJIX,"AGADAKOS, LAZAROS",2FGM,Two Pointer,2,-102,64,D,,,,29,02:00,59,53,
2007,TS,19,203,388,BAS,PCBX,"PRIGIONI, PABLO",3FGA,Missed Three Pointer,0,94,715,G,,,,29,02:00,59,53,
2007,TS,19,203,390,ARI,PLGM,"TSALDARIS, DIMITRIOS",3FGA,Missed Three Pointer,0,664,5,A,,,,29,02:00,59,53,
2007,TS,19,203,393,BAS,PCBY,"SPLITTER, TIAGO",2FGM,Two Pointer,2,-33,43,D,,,,30,01:00,61,53,
2007,TS,19,203,394,ARI,PLGV,"MASSEY, JEREMIAH",2FGM,Two Pointer,2,230,105,C,,,,30,01:00,61,55,
2007,TS,19,203,399,BAS,PCBX,"PRIGIONI, PABLO",FTM,Free Throw In,1,-1,-1, ,,,,30,01:00,62,55,
2007,TS,19,203,400,BAS,PCBX,"PRIGIONI, PABLO",FTM,Free Throw In,1,-1,-1, ,,,,30,01:00,63,55,
2007,TS,19,203,404,ARI,PLGV,"MASSEY, JEREMIAH",2FGA,Missed Two Pointer,0,76,20,C,,,,31,10:00,63,55,
2007,TS,19,203,407,BAS,P000719,"MUONEKE, GABE",2FGM,Two Pointer,2,5,12,C,,,,31,10:00,65,55,
2007,TS,19,203,408,ARI,PLGV,"MASSEY, JEREMIAH",2FGA,Missed Two Pointer,0,-143,74,D,,,,31,10:00,65,55,
2007,TS,19,203,412,BAS,PCBY,"SPLITTER, TIAGO",2FGM,Two Pointer,2,-2,12,D,,,,32,09:00,67,55,
2007,TS,19,203,413,ARI,PLGV,"MASSEY, JEREMIAH",3FGA,Missed Three Pointer,0,584,310,A,,,,32,09:00,67,55,
2007,TS,19,203,416,BAS,PBVC,"JASAITIS, SIMAS",3FGM,Three Pointer,3,561,366,A,,,,32,09:00,70,55,
2007,TS,19,203,430,ARI,PAPT,"BOISA, VLADIMER",3FGM,Three Pointer,3,-479,456,J,,,,33,08:00,70,58,
2007,TS,19,203,433,BAS,P000719,"MUONEKE, GABE",FTM,Free Throw In,1,-1,-1, ,,,,33,08:00,71,58,
2007,TS,19,203,434,BAS,P000719,"MUONEKE, GABE",FTM,Free Throw In,1,-1,-1, ,,,,33,08:00,72,58,
2007,TS,19,203,438,ARI,PAPT,"BOISA, VLADIMER",2FGA,Missed Two Pointer,0,5,158,C,,,,34,07:00,72,58,
2007,TS,19,203,443,BAS,P000719,"MUONEKE, GABE",2FGM,Two Pointer,2,7,15,C,,,,34,07:00,74,58,
2007,TS,19,203,446,ARI,PTEM,"WRIGHT, BRACEY",FTM,Free Throw In,1,-1,-1, ,,,,34,07:00,74,59,
2007,TS,19,203,447,ARI,PTEM,"WRIGHT, BRACEY",FTM,Free Throw In,1,-1,-1, ,,,,34,07:00,74,60,
2007,TS,19,203,449,BAS,PAJK,"VIDAL, SERGI",2FGM,Two Pointer,2,-43,23,D,,,,35,06:00,76,60,
2007,TS,19,203,455,BAS,P000719,"MUONEKE, GABE",2FGM,Two Pointer,2,2,5,D,,,,35,06:00,78,60,
2007,TS,19,203,457,ARI,PLGV,"MASSEY, JEREMIAH",2FGM,Two Pointer,2,56,51,C,,,,36,05:00,78,62,
2007,TS,19,203,458,BAS,PBVC,"JASAITIS, SIMAS",2FGA,Missed Two Pointer,0,-71,28,D,,,,36,05:00,78,62,
2007,TS,19,203,464,ARI,PAPT,"BOISA, VLADIMER",2FGA,Missed Two Pointer,0,307,148,B,,,,36,05:00,78,62,
2007,TS,19,203,473,BAS,PBVC,"JASAITIS, SIMAS",2FGM,Two Pointer,2,61,-7,C,,,,37,04:00,80,62,
2007,TS,19,203,475,ARI,PTEM,"WRIGHT, BRACEY",2FGM,Two Pointer,2,-243,128,D,,,,37,04:00,80,64,
2007,TS,19,203,476,BAS,P000719,"MUONEKE, GABE",3FGA,Missed Three Pointer,0,-579,394,F,,,,37,04:00,80,64,
2007,TS,19,203,479,ARI,PAPT,"BOISA, VLADIMER",3FGA,Missed Three Pointer,0,356,579,G,,,,38,03:00,80,64,
2007,TS,19,203,487,BAS,PJTT,"MCDONALD, WILL",FTM,Free Throw In,1,-1,-1, ,,,,38,03:00,81,64,
2007,TS,19,203,488,BAS,PJTT,"MCDONALD, WILL",FTM,Free Throw In,1,-1,-1, ,,,,38,03:00,82,64,
2007,TS,19,203,489,ARI,PLSZ,"WASHINGTON, DARIUS",2FGM,Two Pointer,2,-58,48,D,,,,38,03:00,82,66,
2007,TS,19,203,514,ARI,PLSZ,"WASHINGTON, DARIUS",FTM,Free Throw In,1,-1,-1, ,,,,38,03:00,82,67,
2007,TS,19,203,498,BAS,PJZJ,"TELETOVIC, MIRZA",2FGM,Two Pointer,2,-64,23,D,,,,38,03:00,84,67,
2007,TS,19,203,502,BAS,PCBY,"SPLITTER, TIAGO",2FGM,Two Pointer,2,12,7,C,,,,39,02:00,86,67,
2007,TS,19,203,503,ARI,PJIX,"AGADAKOS, LAZAROS",2FGM,Two Pointer,2,320,46,B,,,,39,02:00,86,69,
2007,TS,19,203,504,BAS,PCBX,"PRIGIONI, PABLO",2FGM,Two Pointer,2,210,28,C,,,,39,02:00,88,69,
2007,TS,19,203,506,ARI,PTEO,"TERRY, REYSHAWN",3FGM,Three Pointer,3,97,664,G,,,,40,01:00,88,72,
2007,TS,19,203,507,BAS,PBVC,"JASAITIS, SIMAS",3FGA,Missed Three Pointer,0,664,-46,A,,,,40,01:00,88,72,
2007,TS,19,203,510,ARI,PLGV,"MASSEY, JEREMIAH",2FGM,Two Pointer,2,-5,20,D,,,,40,01:00,88,74,
2007,TS,19,203,512,BAS,PBVC,"JASAITIS, SIMAS",2FGM,Two Pointer,2,-17,56,D,,,,40,01:00,90,74,
2007,TS,19,203,513,ARI,PLSZ,"WASHINGTON, DARIUS",2FGA,Missed Two Pointer,0,143,376,C,,,,40,01:00,90,74,
2007,TS,19,204,2,LIE,PLOC,"EIDSON, CHUCK",2FGA,Missed Two Pointer,0,-110,241,D,,,,1,10:00,0,0,
2007,TS,19,204,5,ULK,PJPF,"SAVAS, OGUZ",2FGM,Two Pointer,2,194,225,C,,,,1,10:00,0,2,
2007,TS,19,204,7,LIE,PCOH,"PRICE, HOLLIS",2FGA,Missed Two Pointer,0,-156,117,D,,,,2,09:00,0,2,
2007,TS,19,204,9,ULK,PARO,"ONAN, OMER",3FGA,Missed Three Pointer,0,584,343,A,,,,2,09:00,0,2,
2007,TS,19,204,11,ULK,PTFI,"VIDMAR, GASPER",2FGA,Missed Two Pointer,0,82,46,C,,,,2,09:00,0,2,
2007,TS,19,204,13,LIE,PLOK,"VROMAN, JACKSON",2FGAB,Missed Two Pointer,0,-120,58,D,,,,2,09:00,0,2,
2007,TS,19,204,17,LIE,PLOC,"EIDSON, CHUCK",2FGM,Two Pointer,2,-46,82,D,,,,2,09:00,2,2,
2007,TS,19,204,21,LIE,PLOC,"EIDSON, CHUCK",FTM,Free Throw In,1,-1,-1, ,,,,2,09:00,3,2,
2007,TS,19,204,28,LIE,PCOH,"PRICE, HOLLIS",3FGA,Missed Three Pointer,0,-656,125,F,,,,3,08:00,3,2,
2007,TS,19,204,32,LIE,PLOK,"VROMAN, JACKSON",FTM,Free Throw In,1,-1,-1, ,,,,3,08:00,4,2,
2007,TS,19,204,35,ULK,PTFH,"PRELDZIC, EMIR",2FGM,Two Pointer,2,-194,435,I,,,,3,08:00,4,4,
2007,TS,19,204,37,LIE,PTFL,"BAJRAMOVIC, KENAN",2FGM,Two Pointer,2,300,110,B,,,,3,08:00,6,4,
2007,TS,19,204,47,LIE,PLOC,"EIDSON, CHUCK",FTM,Free Throw In,1,-1,-1, ,,,,4,07:00,7,4,
2007,TS,19,204,48,ULK,PARO,"ONAN, OMER",3FGM,Three Pointer,3,589,253,A,,,,4,07:00,7,7,
2007,TS,19,204,50,LIE,PLOK,"VROMAN, JACKSON",2FGM,Two Pointer,2,-5,10,D,,,,4,07:00,9,7,
2007,TS,19,204,53,ULK,PTFI,"VIDMAR, GASPER",2FGM,Two Pointer,2,-69,25,D,,,,5,06:00,9,9,
2007,TS,19,204,54,LIE,PTFL,"BAJRAMOVIC, KENAN",2FGM,Two Pointer,2,-125,100,D,,,,5,06:00,11,9,
2007,TS,19,204,55,ULK,PLGR,"BASAK, RASIM",3FGM,Three Pointer,3,271,612,G,,,,5,06:00,11,12,
2007,TS,19,204,61,ULK,PLGR,"BASAK, RASIM",2FGM,Two Pointer,2,571,46,B,,,,6,05:00,11,14,
2007,TS,19,204,63,LIE,PCOH,"PRICE, HOLLIS",3FGA,Missed Three Pointer,0,653,38,A,,,,7,04:00,11,14,
2007,TS,19,204,68,LIE,PLOK,"VROMAN, JACKSON",FTM,Free Throw In,1,-1,-1, ,,,,7,04:00,12,14,
2007,TS,19,204,69,ULK,PCOS,"SOLOMON, WILLIE",2FGM,Two Pointer,2,41,12,C,,,,7,04:00,12,16,
2007,TS,19,204,73,LIE,PBUU,"LUKAUSKIS, MINDAUGAS",FTM,Free Throw In,1,-1,-1, ,,,,7,04:00,13,16,
2007,TS,19,204,74,LIE,PBUU,"LUKAUSKIS, MINDAUGAS",FTM,Free Throw In,1,-1,-1, ,,,,7,04:00,14,16,
2007,TS,19,204,77,ULK,PARO,"ONAN, OMER",3FGM,Three Pointer,3,-338,569,J,,,,7,04:00,14,19,
2007,TS,19,204,80,LIE,PLOC,"EIDSON, CHUCK",2FGM,Two Pointer,2,133,530,H,,,,8,03:00,16,19,
2007,TS,19,204,81,ULK,PARO,"ONAN, OMER",2FGA,Missed Two Pointer,0,23,56,C,,,,8,03:00,16,19,
2007,TS,19,204,90,LIE,PLOK,"VROMAN, JACKSON",2FGM,Two Pointer,2,94,74,C,,,,8,03:00,18,19,
2007,TS,19,204,92,ULK,PJYB,"ERDEN, SEMIH",2FGM,Two Pointer,2,87,20,C,,,,8,03:00,18,21,
2007,TS,19,204,95,ULK,PCOS,"SOLOMON, WILLIE",3FGM,Three Pointer,3,456,464,G,,,,8,03:00,18,24,
2007,TS,19,204,96,LIE,PBUU,"LUKAUSKIS, MINDAUGAS",3FGA,Missed Three Pointer,0,392,561,G,,,,8,03:00,18,24,
2007,TS,19,204,98,ULK,PARO,"ONAN, OMER",2FGA,Missed Two Pointer,0,35,28,C,,,,8,03:00,18,24,
2007,TS,19,204,100,ULK,PJYB,"ERDEN, SEMIH",2FGM,Two Pointer,2,46,43,C,,,,8,03:00,18,26,
2007,TS,19,204,102,LIE,PCOH,"PRICE, HOLLIS",3FGA,Missed Three Pointer,0,-661,82,F,,,,9,02:00,18,26,
2007,TS,19,204,105,LIE,PCOH,"PRICE, HOLLIS",2FGA,Missed Two Pointer,0,48,76,C,,,,10,01:00,18,26,
2007,TS,19,204,107,LIE,PLOC,"EIDSON, CHUCK",2FGA,Missed Two Pointer,0,-82,102,D,,,,10,01:00,18,26,
2007,TS,19,204,109,ULK,PCOS,"SOLOMON, WILLIE",3FGA,Missed Three Pointer,0,-15,664,J,,,,10,01:00,18,26,
2007,TS,19,204,117,ULK,PJYB,"ERDEN, SEMIH",2FGA,Missed Two Pointer,0,41,51,C,,,,11,10:00,18,26,
2007,TS,19,204,123,LIE,PCOH,"PRICE, HOLLIS",3FGM,Three Pointer,3,-376,571,J,,,,11,10:00,21,26,
2007,TS,19,204,126,LIE,PLOK,"VROMAN, JACKSON",2FGA,Missed Two Pointer,0,-51,20,D,,,,11,10:00,21,26,
2007,TS,19,204,129,ULK,PLGR,"BASAK, RASIM",3FGM,Three Pointer,3,46,692,G,,,,12,09:00,21,29,
2007,TS,19,204,131,LIE,PKNS,"JOMANTAS, ARTURAS",3FGM,Three Pointer,3,658,64,A,,,,12,09:00,24,29,
2007,TS,19,204,140,LIE,PTFL,"BAJRAMOVIC, KENAN",2FGM,Two Pointer,2,84,76,C,,,,12,09:00,26,29,
2007,TS,19,204,142,ULK,PTHC,"WHITE, JAMES",3FGM,Three Pointer,3,664,125,A,,,,13,08:00,26,32,
2007,TS,19,204,144,LIE,PLOC,"EIDSON, CHUCK",3FGM,Three Pointer,3,-356,574,J,,,,13,08:00,29,32,
2007,TS,19,204,151,ULK,P000738,"KINSEY, TARENCE",3FGA,Missed Three Pointer,0,-220,643,J,,,,14,07:00,29,32,
2007,TS,19,204,153,ULK,P000709,"ASIK, OMER FARUK",2FGM,Two Pointer,2,-38,117,D,,,,14,07:00,29,34,
2007,TS,19,204,156,ULK,P000709,"ASIK, OMER FARUK",FTM,Free Throw In,1,-1,-1, ,,,,14,07:00,29,35,
2007,TS,19,204,157,LIE,PTFL,"BAJRAMOVIC, KENAN",3FGA,Missed Three Pointer,0,-351,556,J,,,,14,07:00,29,35,
2007,TS,19,204,159,ULK,P000738,"KINSEY, TARENCE",2FGAB,Missed Two Pointer,0,-51,71,D,,,,14,07:00,29,35,
2007,TS,19,204,164,LIE,PLOC,"EIDSON, CHUCK",3FGA,Missed Three Pointer,0,-646,125,F,,,,15,06:00,29,35,
2007,TS,19,204,188,ULK,PTHC,"WHITE, JAMES",FTM,Free Throw In,1,-1,-1, ,,,,16,05:00,29,36,
2007,TS,19,204,189,LIE,PTFL,"BAJRAMOVIC, KENAN",2FGA,Missed Two Pointer,0,-292,153,E,,,,16,05:00,29,36,
2007,TS,19,204,191,ULK,PLGR,"BASAK, RASIM",3FGA,Missed Three Pointer,0,515,438,G,,,,16,05:00,29,36,
2007,TS,19,204,195,ULK,P000709,"ASIK, OMER FARUK",2FGA,Missed Two Pointer,0,61,51,C,,,,16,05:00,29,36,
2007,TS,19,204,198,LIE,PCOH,"PRICE, HOLLIS",2FGA,Missed Two Pointer,0,-53,64,D,,,,17,04:00,29,36,
2007,TS,19,204,200,ULK,P000738,"KINSEY, TARENCE",3FGM,Three Pointer,3,-92,664,J,,,,17,04:00,29,39,
2007,TS,19,204,208,LIE,PCOH,"PRICE, HOLLIS",FTM,Free Throw In,1,-1,-1, ,,,,17,04:00,30,39,
2007,TS,19,204,209,ULK,PTHC,"WHITE, JAMES",3FGM,Three Pointer,3,-666,176,F,,,,17,04:00,30,42,
2007,TS,19,204,210,LIE,PKNS,"JOMANTAS, ARTURAS",2FGA,Missed Two Pointer,0,-76,28,D,,,,17,04:00,30,42,
2007,TS,19,204,213,ULK,P000709,"ASIK, OMER FARUK",2FGA,Missed Two Pointer,0,58,71,C,,,,18,03:00,30,42,
2007,TS,19,204,215,LIE,PCOH,"PRICE, HOLLIS",3FGM,Three Pointer,3,358,579,G,,,,18,03:00,33,42,
2007,TS,19,204,216,ULK,P000738,"KINSEY, TARENCE",2FGM,Two Pointer,2,-66,587,I,,,,18,03:00,33,44,
2007,TS,19,204,226,LIE,PLTT,"GECEVICIUS, MARTYNAS",3FGM,Three Pointer,3,-535,392,F,,,,19,02:00,36,44,
2007,TS,19,204,234,ULK,P000738,"KINSEY, TARENCE",FTM,Free Throw In,1,-1,-1, ,,,,19,02:00,36,45,
2007,TS,19,204,235,ULK,P000738,"KINSEY, TARENCE",FTM,Free Throw In,1,-1,-1, ,,,,19,02:00,36,46,
2007,TS,19,204,236,LIE,PLTT,"GECEVICIUS, MARTYNAS",3FGA,Missed Three Pointer,0,333,589,G,,,,19,02:00,36,46,
2007,TS,19,204,240,LIE,PLOC,"EIDSON, CHUCK",2FGA,Missed Two Pointer,0,61,35,C,,,,19,02:00,36,46,
2007,TS,19,204,243,ULK,P000738,"KINSEY, TARENCE",3FGA,Missed Three Pointer,0,-53,692,J,,,,20,01:00,36,46,
2007,TS,19,204,245,LIE,PCOH,"PRICE, HOLLIS",2FGM,Two Pointer,2,58,79,C,,,,20,01:00,38,46,
2007,TS,19,204,246,ULK,PCOS,"SOLOMON, WILLIE",3FGA,Missed Three Pointer,0,-148,679,J,,,,20,01:00,38,46,
2007,TS,19,204,258,LIE,PCOH,"PRICE, HOLLIS",2FGAB,Missed Two Pointer,0,-64,38,D,,,,21,10:00,38,46,
2007,TS,19,204,262,ULK,PARO,"ONAN, OMER",3FGM,Three Pointer,3,-394,553,J,,,,21,10:00,38,49,
2007,TS,19,204,273,LIE,PTFL,"BAJRAMOVIC, KENAN",FTM,Free Throw In,1,-1,-1, ,,,,22,09:00,39,49,
2007,TS,19,204,274,LIE,PTFL,"BAJRAMOVIC, KENAN",FTM,Free Throw In,1,-1,-1, ,,,,22,09:00,40,49,
2007,TS,19,204,277,ULK,PJYB,"ERDEN, SEMIH",2FGM,Two Pointer,2,-35,20,D,,,,22,09:00,40,51,
2007,TS,19,204,279,LIE,PLOK,"VROMAN, JACKSON",2FGM,Two Pointer,2,38,41,C,,,,22,09:00,42,51,
2007,TS,19,204,285,LIE,PKNS,"JOMANTAS, ARTURAS",2FGM,Two Pointer,2,-61,33,D,,,,23,08:00,44,51,
2007,TS,19,204,290,LIE,PKNS,"JOMANTAS, ARTURAS",FTM,Free Throw In,1,-1,-1, ,,,,23,08:00,45,51,
2007,TS,19,204,293,ULK,PARO,"ONAN, OMER",3FGA,Missed Three Pointer,0,692,15,A,,,,23,08:00,45,51,
2007,TS,19,204,295,LIE,PTFL,"BAJRAMOVIC, KENAN",3FGM,Three Pointer,3,-271,625,J,,,,23,08:00,48,51,
2007,TS,19,204,306,LIE,PCOH,"PRICE, HOLLIS",2FGA,Missed Two Pointer,0,30,46,C,,,,24,07:00,48,51,
2007,TS,19,204,308,LIE,PTFN,"ANISIMOVAS, MICHAILIS",2FGM,Two Pointer,2,-56,20,D,,,,24,07:00,50,51,
2007,TS,19,204,309,ULK,P000738,"KINSEY, TARENCE",2FGM,Two Pointer,2,-348,476,I,,,,24,07:00,50,53,
2007,TS,19,204,313,ULK,PCOS,"SOLOMON, WILLIE",2FGM,Two Pointer,2,241,389,B,,,,25,06:00,50,55,
2007,TS,19,204,316,LIE,PTFL,"BAJRAMOVIC, KENAN",2FGM,Two Pointer,2,-276,179,E,,,,25,06:00,52,55,
2007,TS,19,204,323,LIE,PLOC,"EIDSON, CHUCK",3FGM,Three Pointer,3,648,64,A,,,,26,05:00,55,55,
2007,TS,19,204,325,ULK,PARO,"ONAN, OMER",3FGA,Missed Three Pointer,0,-615,258,F,,,,26,05:00,55,55,
2007,TS,19,204,327,LIE,PCOH,"PRICE, HOLLIS",3FGA,Missed Three Pointer,0,15,669,G,,,,26,05:00,55,55,
2007,TS,19,204,332,ULK,P000738,"KINSEY, TARENCE",2FGM,Two Pointer,2,7,20,C,,,,27,04:00,55,57,
2007,TS,19,204,335,LIE,PKNS,"JOMANTAS, ARTURAS",FTM,Free Throw In,1,-1,-1, ,,,,27,04:00,56,57,
2007,TS,19,204,336,LIE,PKNS,"JOMANTAS, ARTURAS",FTM,Free Throw In,1,-1,-1, ,,,,27,04:00,57,57,
2007,TS,19,204,339,ULK,PTFH,"PRELDZIC, EMIR",3FGA,Missed Three Pointer,0,-664,28,F,,,,27,04:00,57,57,
2007,TS,19,204,341,LIE,PLOC,"EIDSON, CHUCK",2FGM,Two Pointer,2,-64,20,D,,,,27,04:00,59,57,
2007,TS,19,204,348,ULK,P000709,"ASIK, OMER FARUK",2FGM,Two Pointer,2,33,28,C,,,,28,03:00,59,59,
2007,TS,19,204,350,LIE,PTFL,"BAJRAMOVIC, KENAN",2FGA,Missed Two Pointer,0,-261,74,E,,,,28,03:00,59,59,
2007,TS,19,204,353,ULK,PCOS,"SOLOMON, WILLIE",3FGA,Missed Three Pointer,0,71,671,G,,,,29,02:00,59,59,
2007,TS,19,204,363,ULK,P000738,"KINSEY, TARENCE",3FGM,Three Pointer,3,-648,194,F,,,,29,02:00,59,62,
2007,TS,19,204,365,LIE,PTFL,"BAJRAMOVIC, KENAN",2FGAB,Missed Two Pointer,0,58,79,C,,,,29,02:00,59,62,
2007,TS,19,204,369,ULK,PCOS,"SOLOMON, WILLIE",3FGM,Three Pointer,3,641,248,A,,,,29,02:00,59,65,
2007,TS,19,204,372,LIE,PLOC,"EIDSON, CHUCK",2FGM,Two Pointer,2,-89,79,D,,,,29,02:00,61,65,
2007,TS,19,204,378,ULK,PCOS,"SOLOMON, WILLIE",2FGM,Two Pointer,2,-48,35,D,,,,30,01:00,61,67,
2007,TS,19,204,381,LIE,PCOH,"PRICE, HOLLIS",FTM,Free Throw In,1,-1,-1, ,,,,30,01:00,62,67,
2007,TS,19,204,382,LIE,PCOH,"PRICE, HOLLIS",FTM,Free Throw In,1,-1,-1, ,,,,30,01:00,63,67,
2007,TS,19,204,385,ULK,PCOS,"SOLOMON, WILLIE",3FGM,Three Pointer,3,589,305,A,,,,30,01:00,63,70,
2007,TS,19,204,387,LIE,PLOC,"EIDSON, CHUCK",2FGA,Missed Two Pointer,0,30,20,C,,,,30,01:00,63,70,
2007,TS,19,204,389,ULK,PCOS,"SOLOMON, WILLIE",3FGA,Missed Three Pointer,0,79,766,G,,,,30,01:00,63,70,
2007,TS,19,204,398,ULK,P000738,"KINSEY, TARENCE",FTM,Free Throw In,1,-1,-1, ,,,,31,10:00,63,71,
2007,TS,19,204,399,ULK,P000738,"KINSEY, TARENCE",FTM,Free Throw In,1,-1,-1, ,,,,31,10:00,63,72,
2007,TS,19,204,408,ULK,PLGA,"KAAN MRSIC, DAMIR",3FGA,Missed Three Pointer,0,-607,307,F,,,,31,10:00,63,72,
2007,TS,19,204,417,ULK,PTFH,"PRELDZIC, EMIR",3FGA,Missed Three Pointer,0,456,505,G,,,,32,09:00,63,72,
2007,TS,19,204,422,LIE,PCOH,"PRICE, HOLLIS",3FGM,Three Pointer,3,428,525,G,,,,33,08:00,66,72,
2007,TS,19,204,423,ULK,PCOS,"SOLOMON, WILLIE",3FGA,Missed Three Pointer,0,466,507,G,,,,33,08:00,66,72,
2007,TS,19,204,431,LIE,PTFL,"BAJRAMOVIC, KENAN",FTM,Free Throw In,1,-1,-1, ,,,,33,08:00,67,72,
2007,TS,19,204,432,LIE,PTFL,"BAJRAMOVIC, KENAN",FTM,Free Throw In,1,-1,-1, ,,,,33,08:00,68,72,
2007,TS,19,204,436,ULK,PCOS,"SOLOMON, WILLIE",FTM,Free Throw In,1,-1,-1, ,,,,34,07:00,68,73,
2007,TS,19,204,437,ULK,PCOS,"SOLOMON, WILLIE",FTM,Free Throw In,1,-1,-1, ,,,,34,07:00,68,74,
2007,TS,19,204,440,LIE,PCOH,"PRICE, HOLLIS",2FGA,Missed Two Pointer,0,64,20,C,,,,34,07:00,68,74,
2007,TS,19,204,442,ULK,PJYB,"ERDEN, SEMIH",2FGM,Two Pointer,2,92,46,C,,,,34,07:00,68,76,
2007,TS,19,204,443,LIE,PLOK,"VROMAN, JACKSON",2FGM,Two Pointer,2,69,25,C,,,,34,07:00,70,76,
2007,TS,19,204,447,LIE,PLOK,"VROMAN, JACKSON",2FGM,Two Pointer,2,53,7,C,,,,35,06:00,72,76,
2007,TS,19,204,448,ULK,PTFH,"PRELDZIC, EMIR",3FGM,Three Pointer,3,-505,458,J,,,,35,06:00,72,79,
2007,TS,19,204,450,LIE,PCOH,"PRICE, HOLLIS",3FGM,Three Pointer,3,376,579,G,,,,35,06:00,75,79,
2007,TS,19,204,453,ULK,PLGA,"KAAN MRSIC, DAMIR",2FGA,Missed Two Pointer,0,541,97,B,,,,36,05:00,75,79,
2007,TS,19,204,462,LIE,PLOK,"VROMAN, JACKSON",2FGA,Missed Two Pointer,0,-74,58,D,,,,37,04:00,75,79,
2007,TS,19,204,464,LIE,PKNS,"JOMANTAS, ARTURAS",2FGM,Two Pointer,2,-94,35,D,,,,37,04:00,77,79,
2007,TS,19,204,469,ULK,PJYB,"ERDEN, SEMIH",2FGA,Missed Two Pointer,0,97,7,C,,,,37,04:00,77,79,
2007,TS,19,204,475,LIE,PCOH,"PRICE, HOLLIS",3FGM,Three Pointer,3,-353,569,J,,,,37,04:00,80,79,
2007,TS,19,204,486,ULK,PCOS,"SOLOMON, WILLIE",2FGAB,Missed Two Pointer,0,-56,33,D,,,,38,03:00,80,79,
2007,TS,19,204,495,LIE,PBUU,"LUKAUSKIS, MINDAUGAS",FTM,Free Throw In,1,-1,-1, ,,,,38,03:00,81,79,
2007,TS,19,204,496,LIE,PBUU,"LUKAUSKIS, MINDAUGAS",FTM,Free Throw In,1,-1,-1, ,,,,38,03:00,82,79,
2007,TS,19,204,501,ULK,P000738,"KINSEY, TARENCE",FTM,Free Throw In,1,-1,-1, ,,,,38,03:00,82,80,
2007,TS,19,204,502,ULK,P000738,"KINSEY, TARENCE",FTM,Free Throw In,1,-1,-1, ,,,,38,03:00,82,81,
2007,TS,19,204,506,LIE,PCOH,"PRICE, HOLLIS",FTM,Free Throw In,1,-1,-1, ,,,,38,03:00,83,81,
2007,TS,19,204,512,ULK,PCOS,"SOLOMON, WILLIE",FTM,Free Throw In,1,-1,-1, ,,,,38,03:00,83,82,
2007,TS,19,204,514,LIE,PCOH,"PRICE, HOLLIS",3FGA,Missed Three Pointer,0,-279,597,J,,,,39,02:00,83,82,
2007,TS,19,204,518,LIE,PCOH,"PRICE, HOLLIS",FTM,Free Throw In,1,-1,-1, ,,,,39,02:00,84,82,
2007,TS,19,204,524,LIE,PBUU,"LUKAUSKIS, MINDAUGAS",3FGM,Three Pointer,3,-676,28,F,,,,39,02:00,87,82,
2007,TS,19,204,527,ULK,P000738,"KINSEY, TARENCE",2FGM,Two Pointer,2,543,223,B,,,,40,01:00,87,84,
2007,TS,19,204,529,LIE,PLOC,"EIDSON, CHUCK",2FGA,Missed Two Pointer,0,69,12,C,,,,40,01:00,87,84,
2007,TS,19,204,535,LIE,PCOH,"PRICE, HOLLIS",2FGAB,Missed Two Pointer,0,-61,420,D,,,,40,01:00,87,84,
2007,TS,19,204,539,LIE,PTFL,"BAJRAMOVIC, KENAN",2FGA,Missed Two Pointer,0,-153,128,D,,,,40,01:00,87,84,
2007,TS,19,205,4,ZAL,PJCC,"MACIULIS, JONAS",FTM,Free Throw In,1,-1,-1, ,,,,1,10:00,1,0,
2007,TS,19,205,5,ZAL,PJCC,"MACIULIS, JONAS",FTM,Free Throw In,1,-1,-1, ,,,,1,10:00,2,0,
2007,TS,19,205,6,OLY,PCRR,"GREER, LYNN",2FGM,Two Pointer,2,-79,56,D,,,,1,10:00,2,2,
2007,TS,19,205,7,ZAL,PJCC,"MACIULIS, JONAS",2FGA,Missed Two Pointer,0,-320,-20,E,,,,1,10:00,2,2,
2007,TS,19,205,10,OLY,PBFY,"BLAKNEY, RODERICK",3FGA,Missed Three Pointer,0,-146,702,J,,,,2,09:00,2,2,
2007,TS,19,205,14,ZAL,PADX,"ZUKAUSKAS, EURELIJUS",2FGA,Missed Two Pointer,0,-169,192,D,,,,2,09:00,2,2,
2007,TS,19,205,16,OLY,PTFV,"WOODS, QYNTEL",2FGM,Two Pointer,2,433,261,B,,,,2,09:00,2,4,
2007,TS,19,205,18,ZAL,PBWI,"JANKUNAS, PAULIUS",2FGM,Two Pointer,2,64,71,C,,,,2,09:00,4,4,
2007,TS,19,205,23,OLY,PJRF,"VASILOPOULOS, PANAGIOTIS",2FGM,Two Pointer,2,56,66,C,,,,3,08:00,4,6,
2007,TS,19,205,26,OLY,PJRF,"VASILOPOULOS, PANAGIOTIS",FTM,Free Throw In,1,-1,-1, ,,,,3,08:00,4,7,
2007,TS,19,205,27,ZAL,PBWI,"JANKUNAS, PAULIUS",3FGA,Missed Three Pointer,0,-238,664,J,,,,3,08:00,4,7,
2007,TS,19,205,30,OLY,PBFY,"BLAKNEY, RODERICK",2FGM,Two Pointer,2,-43,61,D,,,,4,07:00,4,9,
2007,TS,19,205,33,OLY,PBFY,"BLAKNEY, RODERICK",FTM,Free Throw In,1,-1,-1, ,,,,4,07:00,4,10,
2007,TS,19,205,36,ZAL,PBDB,"COLLINS, DeJUAN",2FGM,Two Pointer,2,369,433,H,,,,4,07:00,6,10,
2007,TS,19,205,37,OLY,PJRF,"VASILOPOULOS, PANAGIOTIS",3FGA,Missed Three Pointer,0,-74,684,J,,,,4,07:00,6,10,
2007,TS,19,205,39,OLY,PCRR,"GREER, LYNN",3FGA,Missed Three Pointer,0,-400,553,J,,,,4,07:00,6,10,
2007,TS,19,205,44,ZAL,PBDB,"COLLINS, DeJUAN",FTM,Free Throw In,1,-1,-1, ,,,,4,07:00,7,10,
2007,TS,19,205,47,ZAL,PJCC,"MACIULIS, JONAS",2FGA,Missed Two Pointer,0,294,348,B,,,,5,06:00,7,10,
2007,TS,19,205,49,OLY,PTFV,"WOODS, QYNTEL",2FGAB,Missed Two Pointer,0,-46,64,D,,,,5,06:00,7,10,
2007,TS,19,205,53,ZAL,P000459,"N'DIAYE, MAMADOU",2FGA,Missed Two Pointer,0,33,130,C,,,,5,06:00,7,10,
2007,TS,19,205,56,OLY,PJRF,"VASILOPOULOS, PANAGIOTIS",3FGA,Missed Three Pointer,0,-274,656,J,,,,6,05:00,7,10,
2007,TS,19,205,60,OLY,PTFV,"WOODS, QYNTEL",3FGA,Missed Three Pointer,0,179,676,G,,,,6,05:00,7,10,
2007,TS,19,205,62,ZAL,PBDB,"COLLINS, DeJUAN",3FGA,Missed Three Pointer,0,328,630,G,,,,6,05:00,7,10,
2007,TS,19,205,73,ZAL,PATP,"POPOVIC, MARKO",3FGA,Missed Three Pointer,0,271,658,G,,,,7,04:00,7,10,
2007,TS,19,205,75,ZAL,PAHT,"BROWN, MARCUS",2FGAB,Missed Two Pointer,0,25,92,C,,,,7,04:00,7,10,
2007,TS,19,205,87,OLY,PCRR,"GREER, LYNN",3FGM,Three Pointer,3,635,194,A,,,,7,04:00,7,13,
2007,TS,19,205,94,ZAL,PJCC,"MACIULIS, JONAS",3FGA,Missed Three Pointer,0,-389,584,J,,,,8,03:00,7,13,
2007,TS,19,205,97,ZAL,PBDB,"COLLINS, DeJUAN",2FGA,Missed Two Pointer,0,23,105,C,,,,8,03:00,7,13,
2007,TS,19,205,99,ZAL,PBDE,"JURAK, GORAN",2FGA,Missed Two Pointer,0,-64,135,D,,,,8,03:00,7,13,
2007,TS,19,205,101,ZAL,P000459,"N'DIAYE, MAMADOU",2FGA,Missed Two Pointer,0,-69,102,D,,,,8,03:00,7,13,
2007,TS,19,205,111,OLY,PCRR,"GREER, LYNN",3FGA,Missed Three Pointer,0,256,633,G,,,,9,02:00,7,13,
2007,TS,19,205,127,OLY,PAMM,"PRINTEZIS, GEORGIOS",3FGA,Missed Three Pointer,0,361,610,G,,,,10,01:00,7,13,
2007,TS,19,205,135,ZAL,PBDB,"COLLINS, DeJUAN",FTM,Free Throw In,1,-1,-1, ,,,,10,01:00,8,13,
2007,TS,19,205,136,ZAL,PBDB,"COLLINS, DeJUAN",FTM,Free Throw In,1,-1,-1, ,,,,10,01:00,9,13,
2007,TS,19,205,137,OLY,PJDR,"TEODOSIC, MILOS",3FGA,Missed Three Pointer,0,441,807,G,,,,10,01:00,9,13,
2007,TS,19,205,145,OLY,PALG,"VASILIADIS, KOSTAS",2FGAB,Missed Two Pointer,0,17,69,C,,,,11,10:00,9,13,
2007,TS,19,205,149,OLY,P000126,"JACKSON, MARC",3FGA,Missed Three Pointer,0,-53,705,J,,,,11,10:00,9,13,
2007,TS,19,205,157,OLY,PAMM,"PRINTEZIS, GEORGIOS",2FGM,Two Pointer,2,0,0,D,,,,12,09:00,9,15,
2007,TS,19,205,159,ZAL,PBDE,"JURAK, GORAN",3FGM,Three Pointer,3,0,705,J,,,,12,09:00,12,15,
2007,TS,19,205,167,ZAL,PBDB,"COLLINS, DeJUAN",2FGA,Missed Two Pointer,0,-84,33,D,,,,13,08:00,12,15,
2007,TS,19,205,169,ZAL,PBWI,"JANKUNAS, PAULIUS",2FGM,Two Pointer,2,-38,41,D,,,,13,08:00,14,15,
2007,TS,19,205,170,OLY,PCRR,"GREER, LYNN",3FGA,Missed Three Pointer,0,558,402,A,,,,13,08:00,14,15,
2007,TS,19,205,177,ZAL,PBWI,"JANKUNAS, PAULIUS",2FGM,Two Pointer,2,5,5,C,,,,14,07:00,16,15,
2007,TS,19,205,179,OLY,P000126,"JACKSON, MARC",2FGA,Missed Two Pointer,0,0,102,D,,,,14,07:00,16,15,
2007,TS,19,205,190,ZAL,PBWI,"JANKUNAS, PAULIUS",2FGM,Two Pointer,2,305,389,B,,,,15,06:00,18,15,
2007,TS,19,205,191,OLY,P000126,"JACKSON, MARC",2FGM,Two Pointer,2,-48,41,D,,,,15,06:00,18,17,
2007,TS,19,205,198,OLY,P000126,"JACKSON, MARC",FTM,Free Throw In,1,-1,-1, ,,,,15,06:00,18,18,
2007,TS,19,205,200,ZAL,PBWI,"JANKUNAS, PAULIUS",3FGA,Missed Three Pointer,0,-33,697,J,,,,16,05:00,18,18,
2007,TS,19,205,206,OLY,P000126,"JACKSON, MARC",2FGM,Two Pointer,2,276,28,B,,,,16,05:00,18,20,
2007,TS,19,205,207,ZAL,PAHT,"BROWN, MARCUS",3FGA,Missed Three Pointer,0,-548,443,J,,,,16,05:00,18,20,
2007,TS,19,205,213,ZAL,P000459,"N'DIAYE, MAMADOU",FTM,Free Throw In,1,-1,-1, ,,,,16,05:00,19,20,
2007,TS,19,205,214,ZAL,P000459,"N'DIAYE, MAMADOU",FTM,Free Throw In,1,-1,-1, ,,,,16,05:00,20,20,
2007,TS,19,205,216,OLY,PCRR,"GREER, LYNN",3FGA,Missed Three Pointer,0,220,669,G,,,,17,04:00,20,20,
2007,TS,19,205,218,OLY,PTFV,"WOODS, QYNTEL",3FGA,Missed Three Pointer,0,235,674,G,,,,17,04:00,20,20,
2007,TS,19,205,220,ZAL,PJCC,"MACIULIS, JONAS",2FGM,Two Pointer,2,-46,46,D,,,,17,04:00,22,20,
2007,TS,19,205,224,ZAL,PJCC,"MACIULIS, JONAS",FTM,Free Throw In,1,-1,-1, ,,,,17,04:00,23,20,
2007,TS,19,205,226,OLY,PJRF,"VASILOPOULOS, PANAGIOTIS",2FGAB,Missed Two Pointer,0,5,61,C,,,,18,03:00,23,20,
2007,TS,19,205,233,ZAL,P000459,"N'DIAYE, MAMADOU",2FGM,Two Pointer,2,-64,456,I,,,,18,03:00,25,20,
2007,TS,19,205,235,OLY,PAQU,"BOUROUSIS, IOANNIS",3FGM,Three Pointer,3,505,458,G,,,,18,03:00,25,23,
2007,TS,19,205,237,ZAL,P000459,"N'DIAYE, MAMADOU",2FGA,Missed Two Pointer,0,35,107,C,,,,18,03:00,25,23,
2007,TS,19,205,241,OLY,PTFV,"WOODS, QYNTEL",3FGA,Missed Three Pointer,0,671,135,A,,,,19,02:00,25,23,
2007,TS,19,205,248,ZAL,PJCC,"MACIULIS, JONAS",FTM,Free Throw In,1,-1,-1, ,,,,19,02:00,26,23,
2007,TS,19,205,249,OLY,PJRF,"VASILOPOULOS, PANAGIOTIS",2FGA,Missed Two Pointer,0,-492,2,E,,,,19,02:00,26,23,
2007,TS,19,205,252,ZAL,PAHT,"BROWN, MARCUS",3FGA,Missed Three Pointer,0,-374,587,J,,,,20,01:00,26,23,
2007,TS,19,205,254,ZAL,P000459,"N'DIAYE, MAMADOU",2FGM,Two Pointer,2,7,20,C,,,,20,01:00,28,23,
2007,TS,19,205,257,OLY,PAQU,"BOUROUSIS, IOANNIS",FTM,Free Throw In,1,-1,-1, ,,,,20,01:00,28,24,
2007,TS,19,205,258,OLY,PAQU,"BOUROUSIS, IOANNIS",FTM,Free Throw In,1,-1,-1, ,,,,20,01:00,28,25,
2007,TS,19,205,266,OLY,PAMM,"PRINTEZIS, GEORGIOS",FTM,Free Throw In,1,-1,-1, ,,,,20,01:00,28,26,
2007,TS,19,205,267,OLY,PAMM,"PRINTEZIS, GEORGIOS",FTM,Free Throw In,1,-1,-1, ,,,,20,01:00,28,27,
2007,TS,19,205,275,OLY,PCRR,"GREER, LYNN",2FGA,Missed Two Pointer,0,-38,64,D,,,,20,01:00,28,27,
2007,TS,19,205,288,ZAL,PJCC,"MACIULIS, JONAS",2FGA,Missed Two Pointer,0,-5,146,D,,,,21,10:00,28,27,
2007,TS,19,205,290,OLY,PAMM,"PRINTEZIS, GEORGIOS",2FGA,Missed Two Pointer,0,-484,-25,E,,,,21,10:00,28,27,
2007,TS,19,205,295,ZAL,PJCC,"MACIULIS, JONAS",3FGA,Missed Three Pointer,0,-51,702,J,,,,22,09:00,28,27,
2007,TS,19,205,297,OLY,PBFY,"BLAKNEY, RODERICK",2FGM,Two Pointer,2,-53,35,D,,,,22,09:00,28,29,
2007,TS,19,205,298,ZAL,PJCC,"MACIULIS, JONAS",2FGM,Two Pointer,2,-10,53,D,,,,22,09:00,30,29,
2007,TS,19,205,301,ZAL,P000459,"N'DIAYE, MAMADOU",2FGA,Missed Two Pointer,0,415,107,B,,,,22,09:00,30,29,
2007,TS,19,205,309,ZAL,PAHT,"BROWN, MARCUS",FTM,Free Throw In,1,-1,-1, ,,,,23,08:00,31,29,
2007,TS,19,205,312,OLY,P000126,"JACKSON, MARC",2FGM,Two Pointer,2,-46,35,D,,,,23,08:00,31,31,
2007,TS,19,205,316,OLY,P000126,"JACKSON, MARC",FTM,Free Throw In,1,-1,-1, ,,,,23,08:00,31,32,
2007,TS,19,205,318,ZAL,PAHT,"BROWN, MARCUS",3FGA,Missed Three Pointer,0,684,33,A,,,,24,07:00,31,32,
2007,TS,19,205,322,ZAL,PAHT,"BROWN, MARCUS",FTM,Free Throw In,1,-1,-1, ,,,,24,07:00,32,32,
2007,TS,19,205,323,ZAL,PAHT,"BROWN, MARCUS",FTM,Free Throw In,1,-1,-1, ,,,,24,07:00,33,32,
2007,TS,19,205,324,OLY,PAMM,"PRINTEZIS, GEORGIOS",2FGA,Missed Two Pointer,0,94,110,C,,,,24,07:00,33,32,
2007,TS,19,205,326,ZAL,PAHT,"BROWN, MARCUS",3FGA,Missed Three Pointer,0,394,623,G,,,,24,07:00,33,32,
2007,TS,19,205,332,ZAL,PAHT,"BROWN, MARCUS",3FGM,Three Pointer,3,435,597,G,,,,25,06:00,36,32,
2007,TS,19,205,341,OLY,P000126,"JACKSON, MARC",FTM,Free Throw In,1,-1,-1, ,,,,25,06:00,36,33,
2007,TS,19,205,342,ZAL,PAHT,"BROWN, MARCUS",2FGAB,Missed Two Pointer,0,-33,84,D,,,,25,06:00,36,33,
2007,TS,19,205,346,ZAL,P000459,"N'DIAYE, MAMADOU",2FGM,Two Pointer,2,58,66,C,,,,25,06:00,38,33,
2007,TS,19,205,353,OLY,PCRR,"GREER, LYNN",FTM,Free Throw In,1,-1,-1, ,,,,26,05:00,38,34,
2007,TS,19,205,354,ZAL,PBDB,"COLLINS, DeJUAN",2FGA,Missed Two Pointer,0,387,17,B,,,,26,05:00,38,34,
2007,TS,19,205,356,OLY,PTFV,"WOODS, QYNTEL",3FGA,Missed Three Pointer,0,282,697,G,,,,26,05:00,38,34,
2007,TS,19,205,366,OLY,PTFV,"WOODS, QYNTEL",FTM,Free Throw In,1,-1,-1, ,,,,27,04:00,38,35,
2007,TS,19,205,367,ZAL,PATP,"POPOVIC, MARKO",3FGM,Three Pointer,3,-638,256,F,,,,27,04:00,41,35,
2007,TS,19,205,374,OLY,PAQU,"BOUROUSIS, IOANNIS",FTM,Free Throw In,1,-1,-1, ,,,,28,03:00,41,36,
2007,TS,19,205,375,OLY,PAQU,"BOUROUSIS, IOANNIS",FTM,Free Throw In,1,-1,-1, ,,,,28,03:00,41,37,
2007,TS,19,205,380,ZAL,PBDB,"COLLINS, DeJUAN",FTM,Free Throw In,1,-1,-1, ,,,,28,03:00,42,37,
2007,TS,19,205,381,ZAL,PBDB,"COLLINS, DeJUAN",FTM,Free Throw In,1,-1,-1, ,,,,28,03:00,43,37,
2007,TS,19,205,386,OLY,P000126,"JACKSON, MARC",2FGA,Missed Two Pointer,0,141,69,C,,,,28,03:00,43,37,
2007,TS,19,205,388,ZAL,PATP,"POPOVIC, MARKO",3FGA,Missed Three Pointer,0,-343,638,J,,,,28,03:00,43,37,
2007,TS,19,205,391,OLY,PBFY,"BLAKNEY, RODERICK",2FGA,Missed Two Pointer,0,276,366,B,,,,29,02:00,43,37,
2007,TS,19,205,399,OLY,PBFY,"BLAKNEY, RODERICK",3FGA,Missed Three Pointer,0,-389,597,J,,,,30,01:00,43,37,
2007,TS,19,205,401,ZAL,PBCC,"MARKOTA, DAMIR",3FGA,Missed Three Pointer,0,258,692,G,,,,30,01:00,43,37,
2007,TS,19,205,403,OLY,PAQU,"BOUROUSIS, IOANNIS",2FGM,Two Pointer,2,0,2,D,,,,30,01:00,43,39,
2007,TS,19,205,406,ZAL,PBDB,"COLLINS, DeJUAN",3FGAB,Missed Three Pointer,0,-456,600,J,,,,30,01:00,43,39,
2007,TS,19,205,415,OLY,PJDR,"TEODOSIC, MILOS",2FGA,Missed Two Pointer,0,25,464,H,,,,31,10:00,43,39,
2007,TS,19,205,417,OLY,PALG,"VASILIADIS, KOSTAS",3FGA,Missed Three Pointer,0,664,138,A,,,,31,10:00,43,39,
2007,TS,19,205,421,OLY,PJDR,"TEODOSIC, MILOS",3FGM,Three Pointer,3,-356,594,J,,,,31,10:00,43,42,
2007,TS,19,205,423,ZAL,PATP,"POPOVIC, MARKO",3FGA,Missed Three Pointer,0,556,441,G,,,,32,09:00,43,42,
2007,TS,19,205,431,ZAL,PBWI,"JANKUNAS, PAULIUS",2FGA,Missed Two Pointer,0,79,56,C,,,,32,09:00,43,42,
2007,TS,19,205,433,ZAL,PBDB,"COLLINS, DeJUAN",2FGM,Two Pointer,2,-89,28,D,,,,32,09:00,45,42,
2007,TS,19,205,435,OLY,PJRF,"VASILOPOULOS, PANAGIOTIS",2FGA,Missed Two Pointer,0,-69,66,D,,,,33,08:00,45,42,
2007,TS,19,205,445,ZAL,PJCC,"MACIULIS, JONAS",2FGM,Two Pointer,2,-28,71,D,,,,33,08:00,47,42,
2007,TS,19,205,447,OLY,PALG,"VASILIADIS, KOSTAS",3FGM,Three Pointer,3,-553,356,F,,,,33,08:00,47,45,
2007,TS,19,205,454,ZAL,PBDE,"JURAK, GORAN",3FGA,Missed Three Pointer,0,-671,38,F,,,,34,07:00,47,45,
2007,TS,19,205,456,ZAL,P000459,"N'DIAYE, MAMADOU",2FGA,Missed Two Pointer,0,-17,66,D,,,,34,07:00,47,45,
2007,TS,19,205,458,OLY,PJDR,"TEODOSIC, MILOS",2FGM,Two Pointer,2,12,82,C,,,,34,07:00,47,47,
2007,TS,19,205,461,ZAL,P000459,"N'DIAYE, MAMADOU",2FGAB,Missed Two Pointer,0,-35,71,D,,,,34,07:00,47,47,
2007,TS,19,205,466,OLY,P000126,"JACKSON, MARC",2FGM,Two Pointer,2,-35,61,D,,,,35,06:00,47,49,
2007,TS,19,205,478,OLY,PALG,"VASILIADIS, KOSTAS",3FGA,Missed Three Pointer,0,648,282,A,,,,35,06:00,47,49,
2007,TS,19,205,485,ZAL,PATP,"POPOVIC, MARKO",FTM,Free Throw In,1,-1,-1, ,,,,36,05:00,48,49,
2007,TS,19,205,486,ZAL,PATP,"POPOVIC, MARKO",FTM,Free Throw In,1,-1,-1, ,,,,36,05:00,49,49,
2007,TS,19,205,489,ZAL,PAHT,"BROWN, MARCUS",3FGM,Three Pointer,3,97,697,G,,,,36,05:00,52,49,
2007,TS,19,205,493,OLY,PCRR,"GREER, LYNN",2FGM,Two Pointer,2,-30,76,D,,,,37,04:00,52,51,
2007,TS,19,205,495,OLY,PJDR,"TEODOSIC, MILOS",3FGA,Missed Three Pointer,0,343,638,G,,,,37,04:00,52,51,
2007,TS,19,205,498,ZAL,PAHT,"BROWN, MARCUS",2FGA,Missed Two Pointer,0,-17,61,D,,,,38,03:00,52,51,
2007,TS,19,205,500,OLY,PCRR,"GREER, LYNN",2FGA,Missed Two Pointer,0,33,448,H,,,,38,03:00,52,51,
2007,TS,19,205,502,OLY,P000126,"JACKSON, MARC",2FGA,Missed Two Pointer,0,192,502,H,,,,38,03:00,52,51,
2007,TS,19,205,504,ZAL,PBDE,"JURAK, GORAN",2FGA,Missed Two Pointer,0,-71,35,D,,,,38,03:00,52,51,
2007,TS,19,205,507,OLY,PAMM,"PRINTEZIS, GEORGIOS",3FGA,Missed Three Pointer,0,-471,515,J,,,,39,02:00,52,51,
2007,TS,19,205,511,OLY,PCRR,"GREER, LYNN",2FGM,Two Pointer,2,-35,58,D,,,,39,02:00,52,53,
2007,TS,19,205,521,ZAL,PBDB,"COLLINS, DeJUAN",2FGA,Missed Two Pointer,0,-335,-17,E,,,,40,01:00,52,53,
2007,TS,19,205,523,OLY,PBFY,"BLAKNEY, RODERICK",3FGM,Three Pointer,3,-371,582,J,,,,40,01:00,52,56,
2007,TS,19,205,540,OLY,PCRR,"GREER, LYNN",FTM,Free Throw In,1,-1,-1, ,,,,40,01:00,52,57,
2007,TS,19,205,541,OLY,PCRR,"GREER, LYNN",FTM,Free Throw In,1,-1,-1, ,,,,40,01:00,52,58,
2007,TS,19,205,545,OLY,PJDR,"TEODOSIC, MILOS",FTM,Free Throw In,1,-1,-1, ,,,,40,01:00,52,59,
2007,TS,19,205,553,OLY,PCRR,"GREER, LYNN",FTM,Free Throw In,1,-1,-1, ,,,,40,01:00,52,60,
2007,TS,19,205,554,OLY,PCRR,"GREER, LYNN",FTM,Free Throw In,1,-1,-1, ,,,,40,01:00,52,61,
2007,TS,19,205,555,ZAL,PATP,"POPOVIC, MARKO",3FGA,Missed Three Pointer,0,-648,305,F,,,,40,01:00,52,61,
2007,TS,19,205,557,ZAL,PANY,"SALENGA, DAINIUS",2FGA,Missed Two Pointer,0,-79,64,D,,,,40,01:00,52,61,
2007,TS,19,206,3,MAD,PARR,"TUNCERI, KEREM",3FGM,Three Pointer,3,20,751,G,,,,1,10:00,3,0,
2007,TS,19,206,4,TEL,PAPB,"VUJCIC, NIKOLA",2FGA,Missed Two Pointer,0,320,151,B,,,,1,10:00,3,0,
2007,TS,19,206,6,MAD,PAPP,"PAPADOPOULOS, LAZAROS",2FGA,Missed Two Pointer,0,115,102,C,,,,1,10:00,3,0,
2007,TS,19,206,10,TEL,PAPB,"VUJCIC, NIKOLA",2FGM,Two Pointer,2,-84,51,D,,,,2,09:00,3,2,
2007,TS,19,206,12,MAD,PCRF,"HERVELLE, AXEL",3FGM,Three Pointer,3,230,643,G,,,,2,09:00,6,2,
2007,TS,19,206,22,MAD,PCRF,"HERVELLE, AXEL",FTM,Free Throw In,1,-1,-1, ,,,,3,08:00,7,2,
2007,TS,19,206,23,TEL,PLFR,"BYNUM, WILL",2FGM,Two Pointer,2,46,79,C,,,,3,08:00,7,4,
2007,TS,19,206,25,MAD,PCRF,"HERVELLE, AXEL",2FGM,Two Pointer,2,-56,71,D,,,,3,08:00,9,4,
2007,TS,19,206,29,TEL,PAPB,"VUJCIC, NIKOLA",FTM,Free Throw In,1,-1,-1, ,,,,3,08:00,9,5,
2007,TS,19,206,30,TEL,PAPB,"VUJCIC, NIKOLA",FTM,Free Throw In,1,-1,-1, ,,,,3,08:00,9,6,
2007,TS,19,206,32,MAD,PBFJ,"MUMBRU, ALEX",2FGA,Missed Two Pointer,0,-12,128,D,,,,4,07:00,9,6,
2007,TS,19,206,34,TEL,PJFO,"CASSPI, OMRI",3FGA,Missed Three Pointer,0,-207,658,J,,,,4,07:00,9,6,
2007,TS,19,206,36,MAD,PARR,"TUNCERI, KEREM",3FGA,Missed Three Pointer,0,-310,600,J,,,,4,07:00,9,6,
2007,TS,19,206,38,TEL,PAPB,"VUJCIC, NIKOLA",2FGA,Missed Two Pointer,0,153,146,C,,,,4,07:00,9,6,
2007,TS,19,206,40,MAD,PBFJ,"MUMBRU, ALEX",2FGM,Two Pointer,2,-61,130,D,,,,4,07:00,11,6,
2007,TS,19,206,43,MAD,PBFJ,"MUMBRU, ALEX",FTM,Free Throw In,1,-1,-1, ,,,,4,07:00,12,6,
2007,TS,19,206,45,TEL,PLFR,"BYNUM, WILL",2FGA,Missed Two Pointer,0,-69,97,D,,,,5,06:00,12,6,
2007,TS,19,206,47,TEL,PLTS,"MORRIS, TERENCE",2FGM,Two Pointer,2,12,97,C,,,,5,06:00,12,8,
2007,TS,19,206,48,MAD,PAJO,"BULLOCK, LOUIS",3FGA,Missed Three Pointer,0,-635,276,F,,,,5,06:00,12,8,
2007,TS,19,206,51,TEL,PCQD,"CUMMINGS, VONTEEGO",2FGM,Two Pointer,2,53,69,C,,,,5,06:00,12,10,
2007,TS,19,206,53,MAD,PCRF,"HERVELLE, AXEL",2FGM,Two Pointer,2,2,0,D,,,,5,06:00,14,10,
2007,TS,19,206,61,TEL,PJFO,"CASSPI, OMRI",FTM,Free Throw In,1,-1,-1, ,,,,6,05:00,14,11,
2007,TS,19,206,62,TEL,PJFO,"CASSPI, OMRI",FTM,Free Throw In,1,-1,-1, ,,,,6,05:00,14,12,
2007,TS,19,206,63,MAD,PARR,"TUNCERI, KEREM",3FGA,Missed Three Pointer,0,-571,464,J,,,,6,05:00,14,12,
2007,TS,19,206,69,MAD,PCRF,"HERVELLE, AXEL",2FGA,Missed Two Pointer,0,-46,66,D,,,,6,05:00,14,12,
2007,TS,19,206,72,TEL,PLTS,"MORRIS, TERENCE",3FGM,Three Pointer,3,-20,682,J,,,,6,05:00,14,15,
2007,TS,19,206,74,MAD,PAAX,"REYES, FELIPE",2FGA,Missed Two Pointer,0,-346,92,E,,,,7,04:00,14,15,
2007,TS,19,206,80,TEL,PCQD,"CUMMINGS, VONTEEGO",3FGA,Missed Three Pointer,0,-284,635,J,,,,7,04:00,14,15,
2007,TS,19,206,83,MAD,PCRF,"HERVELLE, AXEL",3FGM,Three Pointer,3,-46,679,J,,,,7,04:00,17,15,
2007,TS,19,206,85,TEL,PLTS,"MORRIS, TERENCE",3FGA,Missed Three Pointer,0,-5,702,J,,,,8,03:00,17,15,
2007,TS,19,206,88,MAD,PBFJ,"MUMBRU, ALEX",2FGM,Two Pointer,2,46,61,C,,,,8,03:00,19,15,
2007,TS,19,206,90,TEL,PJFO,"CASSPI, OMRI",2FGM,Two Pointer,2,-53,123,D,,,,8,03:00,19,17,
2007,TS,19,206,92,MAD,PAIT,"LOPEZ, RAUL",3FGA,Missed Three Pointer,0,41,679,G,,,,9,02:00,19,17,
2007,TS,19,206,94,MAD,PAJO,"BULLOCK, LOUIS",3FGA,Missed Three Pointer,0,194,658,G,,,,9,02:00,19,17,
2007,TS,19,206,108,MAD,PBFJ,"MUMBRU, ALEX",FTM,Free Throw In,1,-1,-1, ,,,,9,02:00,20,17,
2007,TS,19,206,109,MAD,PBFJ,"MUMBRU, ALEX",FTM,Free Throw In,1,-1,-1, ,,,,9,02:00,21,17,
2007,TS,19,206,111,TEL,PDHD,"BATISTA, ESTEBAN",2FGM,Two Pointer,2,79,84,C,,,,10,01:00,21,19,
2007,TS,19,206,114,MAD,PAAX,"REYES, FELIPE",FTM,Free Throw In,1,-1,-1, ,,,,10,01:00,22,19,
2007,TS,19,206,115,MAD,PAAX,"REYES, FELIPE",FTM,Free Throw In,1,-1,-1, ,,,,10,01:00,23,19,
2007,TS,19,206,116,TEL,PAOZ,"HALPERIN, YOTAM",2FGA,Missed Two Pointer,0,-187,292,D,,,,10,01:00,23,19,
2007,TS,19,206,121,TEL,PLTS,"MORRIS, TERENCE",2FGA,Missed Two Pointer,0,-76,130,D,,,,11,10:00,23,19,
2007,TS,19,206,123,TEL,PLTS,"MORRIS, TERENCE",2FGA,Missed Two Pointer,0,-74,100,D,,,,11,10:00,23,19,
2007,TS,19,206,124,TEL,PLTS,"MORRIS, TERENCE",2FGAB,Missed Two Pointer,0,-66,53,D,,,,11,10:00,23,19,
2007,TS,19,206,126,MAD,PCTN,"SMITH, CHARLES",2FGAB,Missed Two Pointer,0,-53,48,D,,,,11,10:00,23,19,
2007,TS,19,206,130,MAD,PAAX,"REYES, FELIPE",2FGM,Two Pointer,2,25,74,C,,,,11,10:00,25,19,
2007,TS,19,206,131,TEL,PAOZ,"HALPERIN, YOTAM",2FGM,Two Pointer,2,-48,107,D,,,,11,10:00,25,21,
2007,TS,19,206,132,MAD,PCTN,"SMITH, CHARLES",3FGA,Missed Three Pointer,0,-315,607,J,,,,11,10:00,25,21,
2007,TS,19,206,134,MAD,PAIT,"LOPEZ, RAUL",3FGA,Missed Three Pointer,0,-402,571,J,,,,11,10:00,25,21,
2007,TS,19,206,136,TEL,PLTS,"MORRIS, TERENCE",2FGAB,Missed Two Pointer,0,-43,87,D,,,,11,10:00,25,21,
2007,TS,19,206,141,MAD,PCRF,"HERVELLE, AXEL",2FGM,Two Pointer,2,51,89,C,,,,11,10:00,27,21,
2007,TS,19,206,149,TEL,P000615,"GARCIA, ALEX",2FGM,Two Pointer,2,97,138,C,,,,13,08:00,27,23,
2007,TS,19,206,154,TEL,P000615,"GARCIA, ALEX",FTM,Free Throw In,1,-1,-1, ,,,,13,08:00,27,24,
2007,TS,19,206,155,MAD,PAAX,"REYES, FELIPE",2FGM,Two Pointer,2,-66,205,D,,,,13,08:00,29,24,
2007,TS,19,206,156,TEL,PBES,"BLUTHENTHAL, DAVID",3FGM,Three Pointer,3,-5,746,J,,,,13,08:00,29,27,
2007,TS,19,206,158,MAD,PAIT,"LOPEZ, RAUL",2FGM,Two Pointer,2,-297,323,E,,,,14,07:00,31,27,
2007,TS,19,206,159,TEL,PAOZ,"HALPERIN, YOTAM",2FGA,Missed Two Pointer,0,-148,143,D,,,,14,07:00,31,27,
2007,TS,19,206,161,MAD,PAIT,"LOPEZ, RAUL",2FGM,Two Pointer,2,284,458,H,,,,14,07:00,33,27,
2007,TS,19,206,162,TEL,P000615,"GARCIA, ALEX",2FGM,Two Pointer,2,-466,297,E,,,,14,07:00,33,29,
2007,TS,19,206,163,MAD,PCTN,"SMITH, CHARLES",3FGA,Missed Three Pointer,0,-89,682,J,,,,14,07:00,33,29,
2007,TS,19,206,168,MAD,PAAX,"REYES, FELIPE",2FGM,Two Pointer,2,-397,215,E,,,,15,06:00,35,29,
2007,TS,19,206,175,MAD,PAIT,"LOPEZ, RAUL",FTM,Free Throw In,1,-1,-1, ,,,,15,06:00,36,29,
2007,TS,19,206,176,MAD,PAIT,"LOPEZ, RAUL",FTM,Free Throw In,1,-1,-1, ,,,,15,06:00,37,29,
2007,TS,19,206,178,TEL,PLGD,"ELIYAHU, LIOR",2FGA,Missed Two Pointer,0,351,64,B,,,,16,05:00,37,29,
2007,TS,19,206,182,TEL,PBES,"BLUTHENTHAL, DAVID",3FGA,Missed Three Pointer,0,597,428,G,,,,16,05:00,37,29,
2007,TS,19,206,185,TEL,PDHD,"BATISTA, ESTEBAN",3FGM,Three Pointer,3,-379,612,J,,,,16,05:00,37,32,
2007,TS,19,206,187,MAD,PACK,"PELEKANOS, MICHALIS",2FGA,Missed Two Pointer,0,443,156,B,,,,17,04:00,37,32,
2007,TS,19,206,195,TEL,PDHD,"BATISTA, ESTEBAN",2FGA,Missed Two Pointer,0,112,100,C,,,,17,04:00,37,32,
2007,TS,19,206,197,TEL,PLGD,"ELIYAHU, LIOR",2FGM,Two Pointer,2,-48,128,D,,,,17,04:00,37,34,
2007,TS,19,206,203,MAD,PACK,"PELEKANOS, MICHALIS",2FGM,Two Pointer,2,5,2,C,,,,18,03:00,39,34,
2007,TS,19,206,208,MAD,PACK,"PELEKANOS, MICHALIS",FTM,Free Throw In,1,-1,-1, ,,,,18,03:00,40,34,
2007,TS,19,206,209,TEL,PLFR,"BYNUM, WILL",3FGA,Missed Three Pointer,0,-300,630,J,,,,18,03:00,40,34,
2007,TS,19,206,211,MAD,PCRF,"HERVELLE, AXEL",3FGA,Missed Three Pointer,0,-97,679,J,,,,18,03:00,40,34,
2007,TS,19,206,213,TEL,PAPB,"VUJCIC, NIKOLA",2FGM,Two Pointer,2,271,210,B,,,,18,03:00,40,36,
2007,TS,19,206,216,MAD,PCTN,"SMITH, CHARLES",2FGM,Two Pointer,2,0,0,D,,,,19,02:00,42,36,
2007,TS,19,206,223,MAD,PCRF,"HERVELLE, AXEL",FTM,Free Throw In,1,-1,-1, ,,,,19,02:00,43,36,
2007,TS,19,206,224,MAD,PCRF,"HERVELLE, AXEL",FTM,Free Throw In,1,-1,-1, ,,,,19,02:00,44,36,
2007,TS,19,206,241,TEL,PBES,"BLUTHENTHAL, DAVID",2FGA,Missed Two Pointer,0,94,138,C,,,,20,01:00,44,36,
2007,TS,19,206,243,TEL,PLTS,"MORRIS, TERENCE",2FGA,Missed Two Pointer,0,53,92,C,,,,20,01:00,44,36,
2007,TS,19,206,245,TEL,PBES,"BLUTHENTHAL, DAVID",2FGM,Two Pointer,2,5,97,C,,,,20,01:00,44,38,
2007,TS,19,206,248,MAD,PCTN,"SMITH, CHARLES",FTM,Free Throw In,1,-1,-1, ,,,,20,01:00,45,38,
2007,TS,19,206,249,MAD,PCTN,"SMITH, CHARLES",FTM,Free Throw In,1,-1,-1, ,,,,20,01:00,46,38,
2007,TS,19,206,259,TEL,PLTS,"MORRIS, TERENCE",FTM,Free Throw In,1,-1,-1, ,,,,20,01:00,46,39,
2007,TS,19,206,260,TEL,PLTS,"MORRIS, TERENCE",FTM,Free Throw In,1,-1,-1, ,,,,20,01:00,46,40,
2007,TS,19,206,268,MAD,PARR,"TUNCERI, KEREM",3FGA,Missed Three Pointer,0,453,1035,G,,,,20,01:00,46,40,
2007,TS,19,206,284,MAD,PAAX,"REYES, FELIPE",2FGM,Two Pointer,2,-48,79,D,,,,21,10:00,48,40,
2007,TS,19,206,287,TEL,PDHD,"BATISTA, ESTEBAN",2FGA,Missed Two Pointer,0,-125,166,D,,,,21,10:00,48,40,
2007,TS,19,206,289,MAD,PCRF,"HERVELLE, AXEL",2FGA,Missed Two Pointer,0,-71,84,D,,,,21,10:00,48,40,
2007,TS,19,206,296,MAD,PAAX,"REYES, FELIPE",FTM,Free Throw In,1,-1,-1, ,,,,21,10:00,49,40,
2007,TS,19,206,300,TEL,PBES,"BLUTHENTHAL, DAVID",3FGM,Three Pointer,3,330,620,G,,,,21,10:00,49,43,
2007,TS,19,206,303,MAD,PAJO,"BULLOCK, LOUIS",3FGM,Three Pointer,3,-682,84,F,,,,22,09:00,52,43,
2007,TS,19,206,304,TEL,PDHD,"BATISTA, ESTEBAN",2FGA,Missed Two Pointer,0,-51,120,D,,,,22,09:00,52,43,
2007,TS,19,206,306,MAD,PCRF,"HERVELLE, AXEL",2FGAB,Missed Two Pointer,0,-30,151,D,,,,22,09:00,52,43,
2007,TS,19,206,315,TEL,PLTS,"MORRIS, TERENCE",2FGA,Missed Two Pointer,0,-138,287,D,,,,23,08:00,52,43,
2007,TS,19,206,321,MAD,PAAX,"REYES, FELIPE",FTM,Free Throw In,1,-1,-1, ,,,,23,08:00,53,43,
2007,TS,19,206,322,TEL,PLFR,"BYNUM, WILL",3FGA,Missed Three Pointer,0,292,625,G,,,,23,08:00,53,43,
2007,TS,19,206,324,TEL,PDHD,"BATISTA, ESTEBAN",2FGM,Two Pointer,2,23,79,C,,,,23,08:00,53,45,
2007,TS,19,206,330,MAD,PAIT,"LOPEZ, RAUL",2FGM,Two Pointer,2,-66,76,D,,,,24,07:00,55,45,
2007,TS,19,206,334,MAD,PAJO,"BULLOCK, LOUIS",3FGM,Three Pointer,3,-302,623,J,,,,24,07:00,58,45,
2007,TS,19,206,341,TEL,PLFR,"BYNUM, WILL",2FGM,Two Pointer,2,33,87,C,,,,24,07:00,58,47,
2007,TS,19,206,342,MAD,PAJO,"BULLOCK, LOUIS",2FGA,Missed Two Pointer,0,343,251,B,,,,24,07:00,58,47,
2007,TS,19,206,345,MAD,PAAX,"REYES, FELIPE",2FGA,Missed Two Pointer,0,-79,133,D,,,,25,06:00,58,47,
2007,TS,19,206,351,TEL,P000615,"GARCIA, ALEX",FTM,Free Throw In,1,-1,-1, ,,,,25,06:00,58,48,
2007,TS,19,206,352,TEL,PAPB,"VUJCIC, NIKOLA",2FGM,Two Pointer,2,-66,84,D,,,,25,06:00,58,50,
2007,TS,19,206,353,MAD,PAIT,"LOPEZ, RAUL",3FGM,Three Pointer,3,346,646,G,,,,25,06:00,61,50,
2007,TS,19,206,356,MAD,PAIT,"LOPEZ, RAUL",2FGAB,Missed Two Pointer,0,-269,97,E,,,,26,05:00,61,50,
2007,TS,19,206,363,MAD,PCRF,"HERVELLE, AXEL",FTM,Free Throw In,1,-1,-1, ,,,,26,05:00,62,50,
2007,TS,19,206,364,MAD,PCRF,"HERVELLE, AXEL",FTM,Free Throw In,1,-1,-1, ,,,,26,05:00,63,50,
2007,TS,19,206,365,TEL,PAPB,"VUJCIC, NIKOLA",2FGA,Missed Two Pointer,0,41,297,C,,,,26,05:00,63,50,
2007,TS,19,206,367,TEL,PAOZ,"HALPERIN, YOTAM",3FGM,Three Pointer,3,-448,556,J,,,,26,05:00,63,53,
2007,TS,19,206,372,MAD,PAIT,"LOPEZ, RAUL",FTM,Free Throw In,1,-1,-1, ,,,,26,05:00,64,53,
2007,TS,19,206,373,MAD,PAIT,"LOPEZ, RAUL",FTM,Free Throw In,1,-1,-1, ,,,,26,05:00,65,53,
2007,TS,19,206,376,TEL,PLTS,"MORRIS, TERENCE",2FGM,Two Pointer,2,12,112,C,,,,27,04:00,65,55,
2007,TS,19,206,379,TEL,PLTS,"MORRIS, TERENCE",FTM,Free Throw In,1,-1,-1, ,,,,27,04:00,65,56,
2007,TS,19,206,381,MAD,PAJO,"BULLOCK, LOUIS",3FGM,Three Pointer,3,-507,500,J,,,,27,04:00,68,56,
2007,TS,19,206,383,TEL,PAOZ,"HALPERIN, YOTAM",3FGM,Three Pointer,3,-533,464,J,,,,27,04:00,68,59,
2007,TS,19,206,385,MAD,PBFJ,"MUMBRU, ALEX",3FGA,Missed Three Pointer,0,-315,643,J,,,,28,03:00,68,59,
2007,TS,19,206,388,TEL,PLTS,"MORRIS, TERENCE",2FGM,Two Pointer,2,-2,2,D,,,,28,03:00,68,61,
2007,TS,19,206,389,MAD,PAPP,"PAPADOPOULOS, LAZAROS",2FGA,Missed Two Pointer,0,-51,135,D,,,,28,03:00,68,61,
2007,TS,19,206,391,TEL,P000615,"GARCIA, ALEX",3FGA,Missed Three Pointer,0,-571,492,J,,,,28,03:00,68,61,
2007,TS,19,206,400,TEL,PAPB,"VUJCIC, NIKOLA",3FGM,Three Pointer,3,-30,702,J,,,,29,02:00,68,64,
2007,TS,19,206,404,MAD,PAPP,"PAPADOPOULOS, LAZAROS",2FGA,Missed Two Pointer,0,7,220,C,,,,29,02:00,68,64,
2007,TS,19,206,407,TEL,PLFR,"BYNUM, WILL",3FGM,Three Pointer,3,143,687,G,,,,29,02:00,68,67,
2007,TS,19,206,409,MAD,PARR,"TUNCERI, KEREM",3FGA,Missed Three Pointer,0,51,687,G,,,,30,01:00,68,67,
2007,TS,19,206,411,MAD,PAAX,"REYES, FELIPE",2FGM,Two Pointer,2,-46,74,D,,,,30,01:00,70,67,
2007,TS,19,206,415,TEL,PAOZ,"HALPERIN, YOTAM",FTM,Free Throw In,1,-1,-1, ,,,,30,01:00,70,68,
2007,TS,19,206,416,MAD,PAJO,"BULLOCK, LOUIS",3FGA,Missed Three Pointer,0,-87,710,J,,,,30,01:00,70,68,
2007,TS,19,206,419,TEL,PAPB,"VUJCIC, NIKOLA",3FGM,Three Pointer,3,-20,717,J,,,,30,01:00,70,71,
2007,TS,19,206,424,TEL,PAPB,"VUJCIC, NIKOLA",2FGA,Missed Two Pointer,0,-320,423,E,,,,31,10:00,70,71,
2007,TS,19,206,428,MAD,PAAX,"REYES, FELIPE",2FGA,Missed Two Pointer,0,-284,435,I,,,,31,10:00,70,71,
2007,TS,19,206,433,MAD,PCTN,"SMITH, CHARLES",3FGM,Three Pointer,3,666,184,A,,,,31,10:00,73,71,
2007,TS,19,206,435,TEL,P000615,"GARCIA, ALEX",2FGA,Missed Two Pointer,0,-7,89,D,,,,32,09:00,73,71,
2007,TS,19,206,437,TEL,PAPB,"VUJCIC, NIKOLA",2FGM,Two Pointer,2,38,53,C,,,,32,09:00,73,73,
2007,TS,19,206,438,MAD,PAJO,"BULLOCK, LOUIS",3FGA,Missed Three Pointer,0,-12,705,J,,,,32,09:00,73,73,
2007,TS,19,206,442,TEL,PLFR,"BYNUM, WILL",2FGM,Two Pointer,2,15,94,C,,,,32,09:00,73,75,
2007,TS,19,206,447,MAD,PAJO,"BULLOCK, LOUIS",3FGM,Three Pointer,3,-553,379,F,,,,33,08:00,76,75,
2007,TS,19,206,448,TEL,P000615,"GARCIA, ALEX",2FGA,Missed Two Pointer,0,-123,215,D,,,,33,08:00,76,75,
2007,TS,19,206,454,MAD,PAJO,"BULLOCK, LOUIS",2FGA,Missed Two Pointer,0,130,94,C,,,,34,07:00,76,75,
2007,TS,19,206,456,TEL,PLFR,"BYNUM, WILL",2FGA,Missed Two Pointer,0,-179,148,D,,,,34,07:00,76,75,
2007,TS,19,206,461,MAD,PAAX,"REYES, FELIPE",2FGM,Two Pointer,2,-92,82,D,,,,34,07:00,78,75,
2007,TS,19,206,462,TEL,PLTS,"MORRIS, TERENCE",2FGA,Missed Two Pointer,0,-397,135,E,,,,34,07:00,78,75,
2007,TS,19,206,468,TEL,P000615,"GARCIA, ALEX",FTM,Free Throw In,1,-1,-1, ,,,,35,06:00,78,76,
2007,TS,19,206,471,MAD,PAAX,"REYES, FELIPE",2FGA,Missed Two Pointer,0,125,123,C,,,,35,06:00,78,76,
2007,TS,19,206,480,TEL,PAOZ,"HALPERIN, YOTAM",2FGM,Two Pointer,2,-361,348,E,,,,35,06:00,78,78,
2007,TS,19,206,482,MAD,PCTN,"SMITH, CHARLES",3FGA,Missed Three Pointer,0,264,707,G,,,,36,05:00,78,78,
2007,TS,19,206,489,TEL,PLTS,"MORRIS, TERENCE",3FGM,Three Pointer,3,-341,615,J,,,,36,05:00,78,81,
2007,TS,19,206,502,MAD,PAAX,"REYES, FELIPE",FTM,Free Throw In,1,-1,-1, ,,,,37,04:00,79,81,
2007,TS,19,206,503,MAD,PAAX,"REYES, FELIPE",FTM,Free Throw In,1,-1,-1, ,,,,37,04:00,80,81,
2007,TS,19,206,507,TEL,PLTS,"MORRIS, TERENCE",2FGM,Two Pointer,2,-97,71,D,,,,37,04:00,80,83,
2007,TS,19,206,508,MAD,PAIT,"LOPEZ, RAUL",3FGA,Missed Three Pointer,0,-356,584,J,,,,37,04:00,80,83,
2007,TS,19,206,512,MAD,PAAX,"REYES, FELIPE",FTM,Free Throw In,1,-1,-1, ,,,,37,04:00,81,83,
2007,TS,19,206,527,MAD,PAJO,"BULLOCK, LOUIS",FTM,Free Throw In,1,-1,-1, ,,,,38,03:00,82,83,
2007,TS,19,206,528,TEL,PLTS,"MORRIS, TERENCE",2FGA,Missed Two Pointer,0,61,276,C,,,,38,03:00,82,83,
2007,TS,19,206,532,MAD,PBFJ,"MUMBRU, ALEX",FTM,Free Throw In,1,-1,-1, ,,,,38,03:00,83,83,
2007,TS,19,206,533,MAD,PBFJ,"MUMBRU, ALEX",FTM,Free Throw In,1,-1,-1, ,,,,38,03:00,84,83,
2007,TS,19,206,535,TEL,PAPB,"VUJCIC, NIKOLA",2FGA,Missed Two Pointer,0,-138,220,D,,,,39,02:00,84,83,
2007,TS,19,206,537,TEL,PAOU,"SHARP, DERRICK",3FGA,Missed Three Pointer,0,584,423,A,,,,39,02:00,84,83,
2007,TS,19,206,539,MAD,PAAX,"REYES, FELIPE",2FGM,Two Pointer,2,-51,102,D,,,,39,02:00,86,83,
2007,TS,19,206,542,TEL,PLTS,"MORRIS, TERENCE",3FGM,Three Pointer,3,-482,571,J,,,,39,02:00,86,86,
2007,TS,19,206,543,MAD,PAJO,"BULLOCK, LOUIS",3FGA,Missed Three Pointer,0,-30,723,J,,,,39,02:00,86,86,
2007,TS,19,206,546,TEL,PAPB,"VUJCIC, NIKOLA",2FGA,Missed Two Pointer,0,146,125,C,,,,40,01:00,86,86,
2007,TS,19,206,549,MAD,PCRF,"HERVELLE, AXEL",3FGM,Three Pointer,3,-658,123,F,,,,40,01:00,89,86,
2007,TS,19,206,550,TEL,PAOZ,"HALPERIN, YOTAM",3FGM,Three Pointer,3,-389,564,J,,,,40,01:00,89,89,
2007,TS,19,206,556,MAD,PAIT,"LOPEZ, RAUL",2FGA,Missed Two Pointer,0,-46,171,D,,,,40,01:00,89,89,
2007,TS,19,206,563,TEL,PAOZ,"HALPERIN, YOTAM",2FGM,Two Pointer,2,-66,123,D,,,,41,05:00,89,91,
2007,TS,19,206,566,MAD,PBFJ,"MUMBRU, ALEX",2FGA,Missed Two Pointer,0,-89,84,D,,,,41,05:00,89,91,
2007,TS,19,206,569,TEL,PAOZ,"HALPERIN, YOTAM",2FGA,Missed Two Pointer,0,-46,135,D,,,,41,05:00,89,91,
2007,TS,19,206,571,TEL,PDHD,"BATISTA, ESTEBAN",2FGM,Two Pointer,2,-2,7,D,,,,41,05:00,89,93,
2007,TS,19,206,572,MAD,PCRF,"HERVELLE, AXEL",3FGA,Missed Three Pointer,0,-479,507,J,,,,41,05:00,89,93,
2007,TS,19,206,574,TEL,PAOZ,"HALPERIN, YOTAM",3FGA,Missed Three Pointer,0,46,700,G,,,,41,05:00,89,93,
2007,TS,19,206,578,MAD,PAAX,"REYES, FELIPE",2FGA,Missed Two Pointer,0,261,117,B,,,,41,05:00,89,93,
2007,TS,19,206,581,MAD,PCTN,"SMITH, CHARLES",3FGM,Three Pointer,3,571,394,A,,,,41,05:00,92,93,
2007,TS,19,206,582,TEL,PDHD,"BATISTA, ESTEBAN",2FGAB,Missed Two Pointer,0,-46,84,D,,,,41,05:00,92,93,
2007,TS,19,206,586,MAD,PARR,"TUNCERI, KEREM",3FGA,Missed Three Pointer,0,676,97,A,,,,41,05:00,92,93,
2007,TS,19,206,589,MAD,PCTN,"SMITH, CHARLES",2FGM,Two Pointer,2,97,71,C,,,,41,05:00,94,93,
2007,TS,19,206,592,TEL,PLTS,"MORRIS, TERENCE",3FGM,Three Pointer,3,-207,684,J,,,,42,04:00,94,96,
2007,TS,19,206,597,MAD,PARR,"TUNCERI, KEREM",2FGA,Missed Two Pointer,0,251,494,H,,,,44,02:00,94,96,
2007,TS,19,206,603,TEL,PDHD,"BATISTA, ESTEBAN",FTM,Free Throw In,1,-1,-1, ,,,,44,02:00,94,97,
2007,TS,19,206,613,MAD,PAJO,"BULLOCK, LOUIS",FTM,Free Throw In,1,-1,-1, ,,,,45,01:00,95,97,
2007,TS,19,206,614,MAD,PAJO,"BULLOCK, LOUIS",FTM,Free Throw In,1,-1,-1, ,,,,45,01:00,96,97,
2007,TS,19,206,617,TEL,PAPB,"VUJCIC, NIKOLA",2FGA,Missed Two Pointer,0,-35,123,D,,,,45,01:00,96,97,
2007,TS,19,206,619,MAD,PCTN,"SMITH, CHARLES",2FGA,Missed Two Pointer,0,56,89,C,,,,45,01:00,96,97,
2007,TS,19,206,625,TEL,PAOU,"SHARP, DERRICK",FTM,Free Throw In,1,-1,-1, ,,,,45,01:00,96,98,
2007,TS,19,206,626,TEL,PAOU,"SHARP, DERRICK",FTM,Free Throw In,1,-1,-1, ,,,,45,01:00,96,99,
2007,TS,19,206,635,MAD,PAJO,"BULLOCK, LOUIS",FTM,Free Throw In,1,-1,-1, ,,,,45,01:00,97,99,
2007,TS,19,206,636,MAD,PAJO,"BULLOCK, LOUIS",FTM,Free Throw In,1,-1,-1, ,,,,45,01:00,98,99,
2007,TS,19,206,646,TEL,PAOU,"SHARP, DERRICK",FTM,Free Throw In,1,-1,-1, ,,,,45,01:00,98,100,
2007,TS,19,206,647,TEL,PAOU,"SHARP, DERRICK",FTM,Free Throw In,1,-1,-1, ,,,,45,01:00,98,101,
2007,TS,19,206,650,MAD,PARR,"TUNCERI, KEREM",FTM,Free Throw In,1,-1,-1, ,,,,45,01:00,99,101,
2007,TS,19,206,651,MAD,PARR,"TUNCERI, KEREM",FTM,Free Throw In,1,-1,-1, ,,,,45,01:00,100,101,
2007,TS,19,206,654,TEL,PAOU,"SHARP, DERRICK",FTM,Free Throw In,1,-1,-1, ,,,,45,01:00,100,102,
2007,TS,19,206,655,TEL,PAOU,"SHARP, DERRICK",FTM,Free Throw In,1,-1,-1, ,,,,45,01:00,100,103,
2007,TS,19,206,656,MAD,PARR,"TUNCERI, KEREM",3FGA,Missed Three Pointer,0,517,458,G,,,,45,01:00,100,103,
2007,TS,19,207,2,ROM,PJKN,"GABINI, ROBERTO",3FGA,Missed Three Pointer,0,0,687,J,,,,1,10:00,0,0,
2007,TS,19,207,4,ROM,PKZA,"HAWKINS, DAVID",2FGM,Two Pointer,2,66,294,C,,,,1,10:00,2,0,
2007,TS,19,207,20,ROM,PKZA,"HAWKINS, DAVID",2FGM,Two Pointer,2,5,10,C,,,,2,09:00,4,0,
2007,TS,19,207,23,ROM,PJKN,"GABINI, ROBERTO",2FGA,Missed Two Pointer,0,-510,279,E,,,,2,09:00,4,0,
2007,TS,19,207,25,ROM,PBWL,"LORBEK, ERAZEM",2FGM,Two Pointer,2,51,30,C,,,,2,09:00,6,0,
2007,TS,19,207,27,BAR,PLGC,"ACKER, ALEX",3FGA,Missed Three Pointer,0,-628,269,F,,,,3,08:00,6,0,
2007,TS,19,207,29,ROM,PKZA,"HAWKINS, DAVID",2FGM,Two Pointer,2,0,5,D,,,,3,08:00,8,0,
2007,TS,19,207,31,BAR,PJJF,"TRIAS, JORDI",2FGM,Two Pointer,2,-105,215,D,,,,3,08:00,8,2,
2007,TS,19,207,33,ROM,PCJA,"UKIC, ROKO-LENI",2FGM,Two Pointer,2,-56,23,D,,,,4,07:00,10,2,
2007,TS,19,207,34,BAR,PADS,"BASILE, GIANLUCA",2FGA,Missed Two Pointer,0,25,30,C,,,,4,07:00,10,2,
2007,TS,19,207,36,BAR,PBOD,"KASUN, MARIO",2FGA,Missed Two Pointer,0,-38,15,D,,,,4,07:00,10,2,
2007,TS,19,207,38,ROM,PBWL,"LORBEK, ERAZEM",3FGA,Missed Three Pointer,0,12,682,G,,,,4,07:00,10,2,
2007,TS,19,207,47,BAR,PJJF,"TRIAS, JORDI",2FGM,Two Pointer,2,0,0,D,,,,5,06:00,10,4,
2007,TS,19,207,53,BAR,PJJF,"TRIAS, JORDI",2FGM,Two Pointer,2,-2,10,D,,,,5,06:00,10,6,
2007,TS,19,207,55,ROM,PCJA,"UKIC, ROKO-LENI",2FGAB,Missed Two Pointer,0,-82,41,D,,,,5,06:00,10,6,
2007,TS,19,207,62,ROM,PCJA,"UKIC, ROKO-LENI",2FGM,Two Pointer,2,-51,17,D,,,,6,05:00,12,6,
2007,TS,19,207,66,ROM,PBWL,"LORBEK, ERAZEM",2FGM,Two Pointer,2,-5,94,D,,,,6,05:00,14,6,
2007,TS,19,207,69,BAR,PAXC,"VAZQUEZ, FRAN",2FGM,Two Pointer,2,233,305,B,,,,7,04:00,14,8,
2007,TS,19,207,71,ROM,PBWL,"LORBEK, ERAZEM",2FGM,Two Pointer,2,141,146,C,,,,7,04:00,16,8,
2007,TS,19,207,72,BAR,PAXC,"VAZQUEZ, FRAN",2FGA,Missed Two Pointer,0,-287,330,E,,,,7,04:00,16,8,
2007,TS,19,207,88,ROM,PCCI,"TONOLLI, ALESSANDRO",2FGA,Missed Two Pointer,0,-433,38,E,,,,8,03:00,16,8,
2007,TS,19,207,90,BAR,PJKP,"ILYASOVA, ERSAN",2FGM,Two Pointer,2,56,164,C,,,,8,03:00,16,10,
2007,TS,19,207,97,BAR,PJKP,"ILYASOVA, ERSAN",FTM,Free Throw In,1,-1,-1, ,,,,8,03:00,16,11,
2007,TS,19,207,99,ROM,PBWL,"LORBEK, ERAZEM",2FGM,Two Pointer,2,-338,2,E,,,,9,02:00,18,11,
2007,TS,19,207,100,BAR,PBKE,"GRIMAU, ROGER",3FGA,Missed Three Pointer,0,-448,546,J,,,,9,02:00,18,11,
2007,TS,19,207,102,ROM,PBWL,"LORBEK, ERAZEM",2FGM,Two Pointer,2,-48,69,D,,,,9,02:00,20,11,
2007,TS,19,207,107,ROM,PLUK,"STEFANSSON, JON",2FGAB,Missed Two Pointer,0,-69,25,D,,,,10,01:00,20,11,
2007,TS,19,207,120,BAR,PAHW,"MARCONATO, DENIS",2FGA,Missed Two Pointer,0,66,-2,C,,,,10,01:00,20,11,
2007,TS,19,207,125,BAR,PAHW,"MARCONATO, DENIS",FTM,Free Throw In,1,-1,-1, ,,,,10,01:00,20,12,
2007,TS,19,207,126,ROM,P000753,"JAABER, IBRAHIM IBIN",2FGA,Missed Two Pointer,0,20,364,C,,,,10,01:00,20,12,
2007,TS,19,207,128,ROM,PADP,"FUCKA, GREGOR",2FGM,Two Pointer,2,38,64,C,,,,10,01:00,22,12,
2007,TS,19,207,129,BAR,PAZU,"SANCHEZ, PEPE",3FGA,Missed Three Pointer,0,-407,1176,J,,,,10,01:00,22,12,
2007,TS,19,207,135,BAR,PJKP,"ILYASOVA, ERSAN",2FGM,Two Pointer,2,58,10,C,,,,11,10:00,22,14,
2007,TS,19,207,136,ROM,PLUK,"STEFANSSON, JON",3FGM,Three Pointer,3,392,553,G,,,,11,10:00,25,14,
2007,TS,19,207,137,BAR,PBKE,"GRIMAU, ROGER",2FGA,Missed Two Pointer,0,5,174,C,,,,11,10:00,25,14,
2007,TS,19,207,139,ROM,PADB,"DE LA FUENTE, RODRIGO",3FGA,Missed Three Pointer,0,194,643,G,,,,11,10:00,25,14,
2007,TS,19,207,141,BAR,PBKE,"GRIMAU, ROGER",2FGM,Two Pointer,2,35,33,C,,,,11,10:00,25,16,
2007,TS,19,207,144,ROM,PADP,"FUCKA, GREGOR",2FGM,Two Pointer,2,74,33,C,,,,12,09:00,27,16,
2007,TS,19,207,147,BAR,P000751,"NEAL, GARY",2FGM,Two Pointer,2,43,15,C,,,,13,08:00,27,18,
2007,TS,19,207,148,ROM,PADB,"DE LA FUENTE, RODRIGO",3FGA,Missed Three Pointer,0,89,725,G,,,,13,08:00,27,18,
2007,TS,19,207,165,ROM,PLUK,"STEFANSSON, JON",3FGM,Three Pointer,3,612,282,A,,,,14,07:00,30,18,
2007,TS,19,207,166,BAR,PJKP,"ILYASOVA, ERSAN",2FGM,Two Pointer,2,-69,33,D,,,,14,07:00,30,20,
2007,TS,19,207,177,BAR,PBKE,"GRIMAU, ROGER",3FGM,Three Pointer,3,-433,507,J,,,,15,06:00,30,23,
2007,TS,19,207,178,ROM,PKZA,"HAWKINS, DAVID",2FGAB,Missed Two Pointer,0,69,300,C,,,,15,06:00,30,23,
2007,TS,19,207,187,BAR,PBOD,"KASUN, MARIO",FTM,Free Throw In,1,-1,-1, ,,,,15,06:00,30,24,
2007,TS,19,207,188,BAR,PBOD,"KASUN, MARIO",FTM,Free Throw In,1,-1,-1, ,,,,15,06:00,30,25,
2007,TS,19,207,192,ROM,PBWL,"LORBEK, ERAZEM",2FGAB,Missed Two Pointer,0,-79,12,D,,,,16,05:00,30,25,
2007,TS,19,207,198,BAR,P000751,"NEAL, GARY",3FGA,Missed Three Pointer,0,-238,638,J,,,,16,05:00,30,25,
2007,TS,19,207,201,ROM,PADP,"FUCKA, GREGOR",2FGA,Missed Two Pointer,0,-253,548,I,,,,17,04:00,30,25,
2007,TS,19,207,211,ROM,PKZA,"HAWKINS, DAVID",2FGA,Missed Two Pointer,0,-71,17,D,,,,17,04:00,30,25,
2007,TS,19,207,214,BAR,PBKE,"GRIMAU, ROGER",3FGM,Three Pointer,3,323,607,G,,,,18,03:00,30,28,
2007,TS,19,207,215,ROM,PCJA,"UKIC, ROKO-LENI",2FGA,Missed Two Pointer,0,76,46,C,,,,18,03:00,30,28,
2007,TS,19,207,217,BAR,PJKP,"ILYASOVA, ERSAN",3FGA,Missed Three Pointer,0,248,607,G,,,,18,03:00,30,28,
2007,TS,19,207,223,BAR,PBKE,"GRIMAU, ROGER",2FGA,Missed Two Pointer,0,-246,400,E,,,,19,02:00,30,28,
2007,TS,19,207,225,ROM,PJKN,"GABINI, ROBERTO",3FGM,Three Pointer,3,274,615,G,,,,19,02:00,33,28,
2007,TS,19,207,226,BAR,PJKP,"ILYASOVA, ERSAN",2FGM,Two Pointer,2,-56,30,D,,,,19,02:00,33,30,
2007,TS,19,207,228,ROM,PJKN,"GABINI, ROBERTO",3FGA,Missed Three Pointer,0,423,538,G,,,,19,02:00,33,30,
2007,TS,19,207,231,ROM,PJKN,"GABINI, ROBERTO",2FGA,Missed Two Pointer,0,-266,348,E,,,,20,01:00,33,30,
2007,TS,19,207,233,BAR,PBKE,"GRIMAU, ROGER",3FGA,Missed Three Pointer,0,-658,51,F,,,,20,01:00,33,30,
2007,TS,19,207,240,BAR,PJJF,"TRIAS, JORDI",2FGA,Missed Two Pointer,0,-74,12,D,,,,20,01:00,33,30,
2007,TS,19,207,244,BAR,PJKP,"ILYASOVA, ERSAN",3FGA,Missed Three Pointer,0,-671,-2,F,,,,20,01:00,33,30,
2007,TS,19,207,246,BAR,P000751,"NEAL, GARY",2FGAB,Missed Two Pointer,0,-61,17,D,,,,20,01:00,33,30,
2007,TS,19,207,262,ROM,PKZA,"HAWKINS, DAVID",2FGA,Missed Two Pointer,0,107,438,H,,,,21,10:00,33,30,
2007,TS,19,207,264,ROM,PBWL,"LORBEK, ERAZEM",2FGM,Two Pointer,2,-84,51,D,,,,21,10:00,35,30,
2007,TS,19,207,271,ROM,PADB,"DE LA FUENTE, RODRIGO",FTM,Free Throw In,1,-1,-1, ,,,,22,09:00,36,30,
2007,TS,19,207,272,ROM,PADB,"DE LA FUENTE, RODRIGO",FTM,Free Throw In,1,-1,-1, ,,,,22,09:00,37,30,
2007,TS,19,207,275,BAR,PADS,"BASILE, GIANLUCA",3FGA,Missed Three Pointer,0,669,-15,A,,,,22,09:00,37,30,
2007,TS,19,207,277,ROM,PBWL,"LORBEK, ERAZEM",2FGM,Two Pointer,2,-87,51,D,,,,22,09:00,39,30,
2007,TS,19,207,279,BAR,PJJF,"TRIAS, JORDI",2FGM,Two Pointer,2,128,94,C,,,,23,08:00,39,32,
2007,TS,19,207,283,BAR,PATA,"LAKOVIC, JAKA",2FGA,Missed Two Pointer,0,82,225,C,,,,23,08:00,39,32,
2007,TS,19,207,285,ROM,PKZA,"HAWKINS, DAVID",2FGA,Missed Two Pointer,0,-223,117,D,,,,23,08:00,39,32,
2007,TS,19,207,288,BAR,PJJF,"TRIAS, JORDI",2FGM,Two Pointer,2,89,120,C,,,,24,07:00,39,34,
2007,TS,19,207,290,ROM,PCJA,"UKIC, ROKO-LENI",3FGM,Three Pointer,3,574,348,A,,,,24,07:00,42,34,
2007,TS,19,207,291,BAR,PATA,"LAKOVIC, JAKA",3FGA,Missed Three Pointer,0,-587,320,F,,,,24,07:00,42,34,
2007,TS,19,207,294,ROM,PCJA,"UKIC, ROKO-LENI",3FGA,Missed Three Pointer,0,156,656,G,,,,25,06:00,42,34,
2007,TS,19,207,310,BAR,PBKE,"GRIMAU, ROGER",3FGM,Three Pointer,3,684,-41,A,,,,25,06:00,42,37,
2007,TS,19,207,315,ROM,PADP,"FUCKA, GREGOR",2FGA,Missed Two Pointer,0,-92,253,D,,,,26,05:00,42,37,
2007,TS,19,207,319,BAR,PBKE,"GRIMAU, ROGER",3FGA,Missed Three Pointer,0,574,397,A,,,,26,05:00,42,37,
2007,TS,19,207,324,BAR,PAZU,"SANCHEZ, PEPE",3FGA,Missed Three Pointer,0,617,284,A,,,,27,04:00,42,37,
2007,TS,19,207,326,BAR,PBKE,"GRIMAU, ROGER",2FGAB,Missed Two Pointer,0,328,10,B,,,,27,04:00,42,37,
2007,TS,19,207,332,BAR,PBKE,"GRIMAU, ROGER",2FGM,Two Pointer,2,-105,46,D,,,,27,04:00,42,39,
2007,TS,19,207,337,BAR,PBKE,"GRIMAU, ROGER",FTM,Free Throw In,1,-1,-1, ,,,,27,04:00,42,40,
2007,TS,19,207,338,ROM,PADB,"DE LA FUENTE, RODRIGO",2FGA,Missed Two Pointer,0,-153,100,D,,,,27,04:00,42,40,
2007,TS,19,207,343,BAR,PJJF,"TRIAS, JORDI",FTM,Free Throw In,1,-1,-1, ,,,,27,04:00,42,41,
2007,TS,19,207,347,ROM,P000753,"JAABER, IBRAHIM IBIN",2FGM,Two Pointer,2,-92,23,D,,,,28,03:00,44,41,
2007,TS,19,207,349,BAR,PADS,"BASILE, GIANLUCA",3FGA,Missed Three Pointer,0,335,628,G,,,,28,03:00,44,41,
2007,TS,19,207,353,ROM,PADB,"DE LA FUENTE, RODRIGO",3FGA,Missed Three Pointer,0,-574,358,F,,,,28,03:00,44,41,
2007,TS,19,207,355,BAR,PJJF,"TRIAS, JORDI",2FGM,Two Pointer,2,-320,5,E,,,,28,03:00,44,43,
2007,TS,19,207,358,ROM,PADB,"DE LA FUENTE, RODRIGO",2FGM,Two Pointer,2,-269,192,E,,,,29,02:00,46,43,
2007,TS,19,207,360,BAR,PAXC,"VAZQUEZ, FRAN",2FGM,Two Pointer,2,-2,366,D,,,,29,02:00,46,45,
2007,TS,19,207,365,BAR,PBKE,"GRIMAU, ROGER",2FGM,Two Pointer,2,-100,46,D,,,,30,01:00,46,47,
2007,TS,19,207,376,BAR,PBKE,"GRIMAU, ROGER",FTM,Free Throw In,1,-1,-1, ,,,,30,01:00,46,48,
2007,TS,19,207,378,ROM,PLUK,"STEFANSSON, JON",2FGA,Missed Two Pointer,0,448,35,B,,,,30,01:00,46,48,
2007,TS,19,207,385,BAR,PBKE,"GRIMAU, ROGER",2FGM,Two Pointer,2,28,279,C,,,,30,01:00,46,50,
2007,TS,19,207,390,BAR,PJJF,"TRIAS, JORDI",2FGM,Two Pointer,2,-51,10,D,,,,32,09:00,46,52,
2007,TS,19,207,392,ROM,PLUK,"STEFANSSON, JON",2FGM,Two Pointer,2,5,89,C,,,,32,09:00,48,52,
2007,TS,19,207,399,BAR,PBKE,"GRIMAU, ROGER",2FGA,Missed Two Pointer,0,130,110,C,,,,32,09:00,48,52,
2007,TS,19,207,401,ROM,PKZA,"HAWKINS, DAVID",2FGM,Two Pointer,2,66,38,C,,,,32,09:00,50,52,
2007,TS,19,207,405,ROM,PBWL,"LORBEK, ERAZEM",2FGA,Missed Two Pointer,0,-69,64,D,,,,32,09:00,50,52,
2007,TS,19,207,408,BAR,PADS,"BASILE, GIANLUCA",2FGA,Missed Two Pointer,0,97,35,C,,,,33,08:00,50,52,
2007,TS,19,207,410,BAR,PJJF,"TRIAS, JORDI",2FGM,Two Pointer,2,-74,71,D,,,,33,08:00,50,54,
2007,TS,19,207,412,ROM,PADP,"FUCKA, GREGOR",3FGM,Three Pointer,3,469,484,G,,,,33,08:00,53,54,
2007,TS,19,207,414,BAR,P000751,"NEAL, GARY",2FGM,Two Pointer,2,-561,151,E,,,,34,07:00,53,56,
2007,TS,19,207,424,ROM,PKZA,"HAWKINS, DAVID",FTM,Free Throw In,1,-1,-1, ,,,,34,07:00,54,56,
2007,TS,19,207,425,BAR,P000751,"NEAL, GARY",3FGM,Three Pointer,3,-510,451,J,,,,34,07:00,54,59,
2007,TS,19,207,427,ROM,PKZA,"HAWKINS, DAVID",3FGA,Missed Three Pointer,0,505,453,G,,,,35,06:00,54,59,
2007,TS,19,207,431,ROM,PLUK,"STEFANSSON, JON",3FGA,Missed Three Pointer,0,515,464,G,,,,35,06:00,54,59,
2007,TS,19,207,440,BAR,PAZU,"SANCHEZ, PEPE",2FGM,Two Pointer,2,97,33,C,,,,35,06:00,54,61,
2007,TS,19,207,442,ROM,PJKN,"GABINI, ROBERTO",3FGM,Three Pointer,3,-492,476,J,,,,36,05:00,57,61,
2007,TS,19,207,445,ROM,P000753,"JAABER, IBRAHIM IBIN",2FGM,Two Pointer,2,-89,7,D,,,,37,04:00,59,61,
2007,TS,19,207,446,BAR,PBKE,"GRIMAU, ROGER",3FGA,Missed Three Pointer,0,648,261,A,,,,37,04:00,59,61,
2007,TS,19,207,448,BAR,P000751,"NEAL, GARY",2FGA,Missed Two Pointer,0,-364,43,E,,,,37,04:00,59,61,
2007,TS,19,207,451,ROM,PCJA,"UKIC, ROKO-LENI",2FGM,Two Pointer,2,-5,225,D,,,,38,03:00,61,61,
2007,TS,19,207,455,BAR,PAZU,"SANCHEZ, PEPE",3FGA,Missed Three Pointer,0,584,351,A,,,,38,03:00,61,61,
2007,TS,19,207,457,BAR,PJKP,"ILYASOVA, ERSAN",2FGA,Missed Two Pointer,0,-66,71,D,,,,38,03:00,61,61,
2007,TS,19,207,464,ROM,PBWL,"LORBEK, ERAZEM",FTM,Free Throw In,1,-1,-1, ,,,,38,03:00,62,61,
2007,TS,19,207,465,ROM,PBWL,"LORBEK, ERAZEM",FTM,Free Throw In,1,-1,-1, ,,,,38,03:00,63,61,
2007,TS,19,207,466,ROM,PBWL,"LORBEK, ERAZEM",3FGA,Missed Three Pointer,0,-64,666,J,,,,38,03:00,63,61,
2007,TS,19,207,469,BAR,PJKP,"ILYASOVA, ERSAN",3FGA,Missed Three Pointer,0,30,676,G,,,,39,02:00,63,61,
2007,TS,19,207,471,ROM,P000753,"JAABER, IBRAHIM IBIN",3FGA,Missed Three Pointer,0,-382,556,J,,,,39,02:00,63,61,
2007,TS,19,207,474,BAR,PJKP,"ILYASOVA, ERSAN",2FGA,Missed Two Pointer,0,117,105,C,,,,40,01:00,63,61,
2007,TS,19,207,476,ROM,PCJA,"UKIC, ROKO-LENI",2FGM,Two Pointer,2,-74,64,D,,,,40,01:00,65,61,
2007,TS,19,207,480,BAR,PBKE,"GRIMAU, ROGER",2FGM,Two Pointer,2,-123,41,D,,,,40,01:00,65,63,
2007,TS,19,207,488,ROM,PADB,"DE LA FUENTE, RODRIGO",FTM,Free Throw In,1,-1,-1, ,,,,40,01:00,66,63,
2007,TS,19,207,500,BAR,P000751,"NEAL, GARY",3FGA,Missed Three Pointer,0,-279,615,J,,,,40,01:00,66,63,
2007,TS,19,207,504,ROM,PKZA,"HAWKINS, DAVID",FTM,Free Throw In,1,-1,-1, ,,,,40,01:00,67,63,
2007,TS,19,207,505,ROM,PKZA,"HAWKINS, DAVID",FTM,Free Throw In,1,-1,-1, ,,,,40,01:00,68,63,
2007,TS,19,208,8,CSK,PAKT,"ANDERSEN, DAVID",2FGM,Two Pointer,2,7,592,H,,,,1,10:00,2,0,
2007,TS,19,208,10,MAL,PAWX,"CABEZAS, CARLOS",2FGA,Missed Two Pointer,0,66,20,C,,,,2,09:00,2,0,
2007,TS,19,208,12,CSK,PAQO,"HOLDEN, JON ROBERT",3FGA,Missed Three Pointer,0,-258,633,J,,,,2,09:00,2,0,
2007,TS,19,208,14,CSK,PAUC,"GOREE, MARCUS",2FGM,Two Pointer,2,0,12,D,,,,2,09:00,4,0,
2007,TS,19,208,15,MAL,PAGQ,"WELSCH, JIRI",2FGM,Two Pointer,2,-58,0,D,,,,2,09:00,4,2,
2007,TS,19,208,16,CSK,PAUC,"GOREE, MARCUS",2FGM,Two Pointer,2,2,5,D,,,,2,09:00,6,2,
2007,TS,19,208,23,MAL,PBIM,"GABRIEL, GERMAN",2FGM,Two Pointer,2,-266,241,E,,,,3,08:00,6,4,
2007,TS,19,208,27,MAL,PAWX,"CABEZAS, CARLOS",2FGA,Missed Two Pointer,0,51,-10,C,,,,3,08:00,6,4,
2007,TS,19,208,29,CSK,PAUC,"GOREE, MARCUS",2FGM,Two Pointer,2,156,100,C,,,,3,08:00,8,4,
2007,TS,19,208,31,MAL,PKML,"SANTIAGO, DANIEL",2FGM,Two Pointer,2,-61,35,D,,,,4,07:00,8,6,
2007,TS,19,208,33,CSK,PJMM,"SISKAUSKAS, RAMUNAS",3FGA,Missed Three Pointer,0,12,666,G,,,,4,07:00,8,6,
2007,TS,19,208,39,CSK,PJMM,"SISKAUSKAS, RAMUNAS",3FGM,Three Pointer,3,217,635,G,,,,4,07:00,11,6,
2007,TS,19,208,42,MAL,PBIM,"GABRIEL, GERMAN",2FGA,Missed Two Pointer,0,-225,505,I,,,,5,06:00,11,6,
2007,TS,19,208,46,MAL,PKML,"SANTIAGO, DANIEL",2FGM,Two Pointer,2,41,20,C,,,,5,06:00,11,8,
2007,TS,19,208,47,CSK,PAQO,"HOLDEN, JON ROBERT",2FGM,Two Pointer,2,-323,500,I,,,,5,06:00,13,8,
2007,TS,19,208,49,MAL,PKML,"SANTIAGO, DANIEL",2FGM,Two Pointer,2,379,61,B,,,,6,05:00,13,10,
2007,TS,19,208,53,MAL,PAWX,"CABEZAS, CARLOS",2FGM,Two Pointer,2,41,7,C,,,,6,05:00,13,12,
2007,TS,19,208,55,CSK,PBEB,"LANGDON, TRAJAN",2FGA,Missed Two Pointer,0,120,120,C,,,,7,04:00,13,12,
2007,TS,19,208,63,CSK,PAKT,"ANDERSEN, DAVID",FTM,Free Throw In,1,-1,-1, ,,,,7,04:00,14,12,
2007,TS,19,208,64,CSK,PAKT,"ANDERSEN, DAVID",FTM,Free Throw In,1,-1,-1, ,,,,7,04:00,15,12,
2007,TS,19,208,68,CSK,PALC,"SMODIS, MATJAZ",2FGA,Missed Two Pointer,0,-66,25,D,,,,7,04:00,15,12,
2007,TS,19,208,69,MAL,PBIM,"GABRIEL, GERMAN",3FGA,Missed Three Pointer,0,533,379,A,,,,7,04:00,15,12,
2007,TS,19,208,71,CSK,PALC,"SMODIS, MATJAZ",2FGM,Two Pointer,2,-69,46,D,,,,7,04:00,17,12,
2007,TS,19,208,77,MAL,PAWS,"RODRIGUEZ, BERNI",2FGA,Missed Two Pointer,0,56,117,C,,,,8,03:00,17,12,
2007,TS,19,208,79,CSK,PASG,"VAN DEN SPIEGEL, TOMAS",2FGM,Two Pointer,2,0,-5,D,,,,8,03:00,19,12,
2007,TS,19,208,90,CSK,PASG,"VAN DEN SPIEGEL, TOMAS",2FGM,Two Pointer,2,2,10,D,,,,8,03:00,21,12,
2007,TS,19,208,97,MAL,PKML,"SANTIAGO, DANIEL",FTM,Free Throw In,1,-1,-1, ,,,,9,02:00,21,13,
2007,TS,19,208,98,MAL,PKML,"SANTIAGO, DANIEL",FTM,Free Throw In,1,-1,-1, ,,,,9,02:00,21,14,
2007,TS,19,208,99,CSK,PALC,"SMODIS, MATJAZ",2FGA,Missed Two Pointer,0,-25,566,I,,,,9,02:00,21,14,
2007,TS,19,208,101,CSK,PATW,"PAPALOUKAS, THEODOROS",2FGA,Missed Two Pointer,0,58,20,C,,,,9,02:00,21,14,
2007,TS,19,208,103,MAL,PAAS,"JIMENEZ, CARLOS",2FGM,Two Pointer,2,176,51,C,,,,9,02:00,21,16,
2007,TS,19,208,106,CSK,PAQO,"HOLDEN, JON ROBERT",3FGA,Missed Three Pointer,0,664,2,A,,,,10,01:00,21,16,
2007,TS,19,208,114,CSK,PAUC,"GOREE, MARCUS",3FGM,Three Pointer,3,-323,587,J,,,,10,01:00,24,16,
2007,TS,19,208,118,MAL,PAGQ,"WELSCH, JIRI",3FGA,Missed Three Pointer,0,546,374,A,,,,10,01:00,24,16,
2007,TS,19,208,120,CSK,PAQO,"HOLDEN, JON ROBERT",2FGA,Missed Two Pointer,0,-53,12,D,,,,10,01:00,24,16,
2007,TS,19,208,127,MAL,PAWS,"RODRIGUEZ, BERNI",2FGA,Missed Two Pointer,0,64,28,C,,,,11,10:00,24,16,
2007,TS,19,208,129,CSK,PAKT,"ANDERSEN, DAVID",2FGM,Two Pointer,2,141,217,C,,,,11,10:00,26,16,
2007,TS,19,208,132,CSK,PJMM,"SISKAUSKAS, RAMUNAS",2FGA,Missed Two Pointer,0,-535,30,E,,,,11,10:00,26,16,
2007,TS,19,208,135,MAL,PTGE,"NDONG, BONIFACE",2FGA,Missed Two Pointer,0,5,82,C,,,,12,09:00,26,16,
2007,TS,19,208,137,CSK,PAUC,"GOREE, MARCUS",3FGM,Three Pointer,3,-412,507,J,,,,12,09:00,29,16,
2007,TS,19,208,142,MAL,PAAS,"JIMENEZ, CARLOS",3FGA,Missed Three Pointer,0,138,643,G,,,,13,08:00,29,16,
2007,TS,19,208,144,CSK,PATW,"PAPALOUKAS, THEODOROS",2FGM,Two Pointer,2,315,74,B,,,,13,08:00,31,16,
2007,TS,19,208,145,MAL,PAFJ,"KUS, DAVOR",2FGA,Missed Two Pointer,0,210,500,H,,,,13,08:00,31,16,
2007,TS,19,208,148,CSK,PAUC,"GOREE, MARCUS",2FGM,Two Pointer,2,156,115,C,,,,14,07:00,33,16,
2007,TS,19,208,160,MAL,PBIM,"GABRIEL, GERMAN",2FGM,Two Pointer,2,53,20,C,,,,14,07:00,33,18,
2007,TS,19,208,162,CSK,PJMM,"SISKAUSKAS, RAMUNAS",2FGA,Missed Two Pointer,0,-79,41,D,,,,15,06:00,33,18,
2007,TS,19,208,164,CSK,PJMM,"SISKAUSKAS, RAMUNAS",2FGA,Missed Two Pointer,0,48,84,C,,,,15,06:00,33,18,
2007,TS,19,208,166,MAL,PAFJ,"KUS, DAVOR",2FGA,Missed Two Pointer,0,46,38,C,,,,15,06:00,33,18,
2007,TS,19,208,168,CSK,PAQO,"HOLDEN, JON ROBERT",3FGA,Missed Three Pointer,0,-105,664,J,,,,15,06:00,33,18,
2007,TS,19,208,176,MAL,PLTZ,"SANDERS, MELVIN",3FGA,Missed Three Pointer,0,15,653,G,,,,16,05:00,33,18,
2007,TS,19,208,180,CSK,PALC,"SMODIS, MATJAZ",FTM,Free Throw In,1,-1,-1, ,,,,16,05:00,34,18,
2007,TS,19,208,181,CSK,PALC,"SMODIS, MATJAZ",FTM,Free Throw In,1,-1,-1, ,,,,16,05:00,35,18,
2007,TS,19,208,188,MAL,PAFJ,"KUS, DAVOR",3FGM,Three Pointer,3,402,520,G,,,,16,05:00,35,21,
2007,TS,19,208,191,CSK,PALC,"SMODIS, MATJAZ",2FGA,Missed Two Pointer,0,-61,17,D,,,,17,04:00,35,21,
2007,TS,19,208,195,MAL,PAFJ,"KUS, DAVOR",FTM,Free Throw In,1,-1,-1, ,,,,17,04:00,35,22,
2007,TS,19,208,196,MAL,PAFJ,"KUS, DAVOR",FTM,Free Throw In,1,-1,-1, ,,,,17,04:00,35,23,
2007,TS,19,208,199,CSK,PJMM,"SISKAUSKAS, RAMUNAS",3FGA,Missed Three Pointer,0,638,176,A,,,,17,04:00,35,23,
2007,TS,19,208,202,MAL,PBIM,"GABRIEL, GERMAN",2FGM,Two Pointer,2,2,94,D,,,,18,03:00,35,25,
2007,TS,19,208,203,CSK,PATW,"PAPALOUKAS, THEODOROS",2FGM,Two Pointer,2,66,-10,C,,,,18,03:00,37,25,
2007,TS,19,208,206,CSK,PATW,"PAPALOUKAS, THEODOROS",2FGM,Two Pointer,2,-28,20,D,,,,18,03:00,39,25,
2007,TS,19,208,208,MAL,PKML,"SANTIAGO, DANIEL",2FGA,Missed Two Pointer,0,-56,7,D,,,,19,02:00,39,25,
2007,TS,19,208,210,CSK,PBEB,"LANGDON, TRAJAN",2FGM,Two Pointer,2,-264,541,I,,,,19,02:00,41,25,
2007,TS,19,208,216,MAL,PKML,"SANTIAGO, DANIEL",FTM,Free Throw In,1,-1,-1, ,,,,19,02:00,41,26,
2007,TS,19,208,220,MAL,PBIM,"GABRIEL, GERMAN",3FGA,Missed Three Pointer,0,-664,46,F,,,,20,01:00,41,26,
2007,TS,19,208,222,CSK,PBEB,"LANGDON, TRAJAN",3FGA,Missed Three Pointer,0,658,-33,A,,,,20,01:00,41,26,
2007,TS,19,208,224,MAL,PAFJ,"KUS, DAVOR",3FGA,Missed Three Pointer,0,-51,671,J,,,,20,01:00,41,26,
2007,TS,19,208,229,CSK,PJMM,"SISKAUSKAS, RAMUNAS",3FGM,Three Pointer,3,-412,507,J,,,,20,01:00,44,26,
2007,TS,19,208,241,CSK,PAKT,"ANDERSEN, DAVID",2FGA,Missed Two Pointer,0,-348,30,E,,,,21,10:00,44,26,
2007,TS,19,208,245,MAL,PAGQ,"WELSCH, JIRI",FTM,Free Throw In,1,-1,-1, ,,,,21,10:00,44,27,
2007,TS,19,208,246,MAL,PAGQ,"WELSCH, JIRI",FTM,Free Throw In,1,-1,-1, ,,,,21,10:00,44,28,
2007,TS,19,208,247,CSK,PBEB,"LANGDON, TRAJAN",2FGM,Two Pointer,2,-253,538,I,,,,21,10:00,46,28,
2007,TS,19,208,251,MAL,PAFJ,"KUS, DAVOR",3FGA,Missed Three Pointer,0,-551,348,F,,,,21,10:00,46,28,
2007,TS,19,208,253,MAL,PAWX,"CABEZAS, CARLOS",3FGM,Three Pointer,3,212,615,G,,,,21,10:00,46,31,
2007,TS,19,208,256,CSK,PAKT,"ANDERSEN, DAVID",2FGA,Missed Two Pointer,0,-328,366,E,,,,22,09:00,46,31,
2007,TS,19,208,258,CSK,PAQO,"HOLDEN, JON ROBERT",3FGA,Missed Three Pointer,0,-620,279,F,,,,22,09:00,46,31,
2007,TS,19,208,261,CSK,PBEB,"LANGDON, TRAJAN",2FGM,Two Pointer,2,123,441,H,,,,22,09:00,48,31,
2007,TS,19,208,267,CSK,PBEB,"LANGDON, TRAJAN",2FGM,Two Pointer,2,156,33,C,,,,23,08:00,50,31,
2007,TS,19,208,268,MAL,PAWX,"CABEZAS, CARLOS",2FGM,Two Pointer,2,30,174,C,,,,23,08:00,50,33,
2007,TS,19,208,271,CSK,PAUC,"GOREE, MARCUS",3FGA,Missed Three Pointer,0,-384,533,J,,,,23,08:00,50,33,
2007,TS,19,208,273,CSK,PAKT,"ANDERSEN, DAVID",2FGM,Two Pointer,2,25,35,C,,,,23,08:00,52,33,
2007,TS,19,208,279,CSK,PAUC,"GOREE, MARCUS",2FGM,Two Pointer,2,2,5,D,,,,24,07:00,54,33,
2007,TS,19,208,286,CSK,PAQO,"HOLDEN, JON ROBERT",3FGM,Three Pointer,3,-574,364,F,,,,25,06:00,57,33,
2007,TS,19,208,292,MAL,PKML,"SANTIAGO, DANIEL",2FGA,Missed Two Pointer,0,120,74,C,,,,25,06:00,57,33,
2007,TS,19,208,294,MAL,PKML,"SANTIAGO, DANIEL",2FGM,Two Pointer,2,61,15,C,,,,25,06:00,57,35,
2007,TS,19,208,303,MAL,PKML,"SANTIAGO, DANIEL",FTM,Free Throw In,1,-1,-1, ,,,,25,06:00,57,36,
2007,TS,19,208,304,CSK,PAKT,"ANDERSEN, DAVID",2FGA,Missed Two Pointer,0,-300,46,E,,,,25,06:00,57,36,
2007,TS,19,208,307,MAL,PAFJ,"KUS, DAVOR",3FGA,Missed Three Pointer,0,548,382,A,,,,26,05:00,57,36,
2007,TS,19,208,309,CSK,PAQO,"HOLDEN, JON ROBERT",2FGM,Two Pointer,2,38,12,C,,,,26,05:00,59,36,
2007,TS,19,208,314,CSK,PALC,"SMODIS, MATJAZ",2FGM,Two Pointer,2,30,17,C,,,,26,05:00,61,36,
2007,TS,19,208,323,CSK,PALC,"SMODIS, MATJAZ",FTM,Free Throw In,1,-1,-1, ,,,,26,05:00,62,36,
2007,TS,19,208,326,MAL,PKML,"SANTIAGO, DANIEL",2FGAB,Missed Two Pointer,0,100,5,C,,,,26,05:00,62,36,
2007,TS,19,208,335,MAL,PKML,"SANTIAGO, DANIEL",FTM,Free Throw In,1,-1,-1, ,,,,27,04:00,62,37,
2007,TS,19,208,340,MAL,PBOV,"POPOVIC, BOJAN",2FGA,Missed Two Pointer,0,-66,20,D,,,,27,04:00,62,37,
2007,TS,19,208,342,CSK,PABN,"ZISIS, NIKOLAOS",2FGM,Two Pointer,2,382,289,B,,,,27,04:00,64,37,
2007,TS,19,208,346,MAL,PBOV,"POPOVIC, BOJAN",FTM,Free Throw In,1,-1,-1, ,,,,27,04:00,64,38,
2007,TS,19,208,347,MAL,PBOV,"POPOVIC, BOJAN",FTM,Free Throw In,1,-1,-1, ,,,,27,04:00,64,39,
2007,TS,19,208,353,CSK,PALC,"SMODIS, MATJAZ",FTM,Free Throw In,1,-1,-1, ,,,,28,03:00,65,39,
2007,TS,19,208,356,MAL,PBOV,"POPOVIC, BOJAN",2FGAB,Missed Two Pointer,0,233,335,B,,,,28,03:00,65,39,
2007,TS,19,208,361,MAL,PAWS,"RODRIGUEZ, BERNI",FTM,Free Throw In,1,-1,-1, ,,,,28,03:00,65,40,
2007,TS,19,208,364,CSK,PABN,"ZISIS, NIKOLAOS",2FGA,Missed Two Pointer,0,-420,179,E,,,,28,03:00,65,40,
2007,TS,19,208,370,CSK,PATW,"PAPALOUKAS, THEODOROS",2FGA,Missed Two Pointer,0,61,182,C,,,,29,02:00,65,40,
2007,TS,19,208,372,MAL,PAWS,"RODRIGUEZ, BERNI",3FGA,Missed Three Pointer,0,-646,12,F,,,,29,02:00,65,40,
2007,TS,19,208,378,MAL,PAAS,"JIMENEZ, CARLOS",2FGM,Two Pointer,2,79,7,C,,,,29,02:00,65,42,
2007,TS,19,208,384,CSK,PALC,"SMODIS, MATJAZ",FTM,Free Throw In,1,-1,-1, ,,,,29,02:00,66,42,
2007,TS,19,208,385,CSK,PALC,"SMODIS, MATJAZ",FTM,Free Throw In,1,-1,-1, ,,,,29,02:00,67,42,
2007,TS,19,208,387,MAL,PAGQ,"WELSCH, JIRI",2FGM,Two Pointer,2,-76,41,D,,,,30,01:00,67,44,
2007,TS,19,208,395,CSK,PAYU,"PASHUTIN, ZAKHAR",3FGA,Missed Three Pointer,0,664,-58,A,,,,30,01:00,67,44,
2007,TS,19,208,405,MAL,PAGQ,"WELSCH, JIRI",3FGA,Missed Three Pointer,0,341,589,G,,,,31,10:00,67,44,
2007,TS,19,208,407,MAL,PTGE,"NDONG, BONIFACE",2FGM,Two Pointer,2,48,7,C,,,,31,10:00,67,46,
2007,TS,19,208,412,MAL,PTGE,"NDONG, BONIFACE",FTM,Free Throw In,1,-1,-1, ,,,,31,10:00,67,47,
2007,TS,19,208,413,CSK,PAUC,"GOREE, MARCUS",2FGA,Missed Two Pointer,0,520,66,B,,,,31,10:00,67,47,
2007,TS,19,208,415,MAL,PTGE,"NDONG, BONIFACE",2FGM,Two Pointer,2,-69,25,D,,,,31,10:00,67,49,
2007,TS,19,208,416,CSK,PAQO,"HOLDEN, JON ROBERT",2FGA,Missed Two Pointer,0,-525,184,E,,,,31,10:00,67,49,
2007,TS,19,208,422,MAL,PLTZ,"SANDERS, MELVIN",3FGA,Missed Three Pointer,0,-597,302,F,,,,32,09:00,67,49,
2007,TS,19,208,427,MAL,PTGE,"NDONG, BONIFACE",2FGA,Missed Two Pointer,0,-48,51,D,,,,32,09:00,67,49,
2007,TS,19,208,429,CSK,PBEB,"LANGDON, TRAJAN",3FGM,Three Pointer,3,443,512,G,,,,32,09:00,70,49,
2007,TS,19,208,431,MAL,PBOV,"POPOVIC, BOJAN",2FGM,Two Pointer,2,-23,61,D,,,,32,09:00,70,51,
2007,TS,19,208,433,CSK,PAQO,"HOLDEN, JON ROBERT",3FGM,Three Pointer,3,428,512,G,,,,33,08:00,73,51,
2007,TS,19,208,437,CSK,PAQO,"HOLDEN, JON ROBERT",2FGA,Missed Two Pointer,0,141,87,C,,,,34,07:00,73,51,
2007,TS,19,208,439,MAL,PTGE,"NDONG, BONIFACE",2FGAB,Missed Two Pointer,0,-53,35,D,,,,34,07:00,73,51,
2007,TS,19,208,444,CSK,PBEB,"LANGDON, TRAJAN",2FGM,Two Pointer,2,338,107,B,,,,34,07:00,75,51,
2007,TS,19,208,446,MAL,PLTZ,"SANDERS, MELVIN",3FGM,Three Pointer,3,628,233,A,,,,35,06:00,75,54,
2007,TS,19,208,448,CSK,PALC,"SMODIS, MATJAZ",2FGM,Two Pointer,2,12,43,C,,,,35,06:00,77,54,
2007,TS,19,208,452,MAL,PBIM,"GABRIEL, GERMAN",3FGM,Three Pointer,3,20,666,G,,,,35,06:00,77,57,
2007,TS,19,208,454,CSK,PBEB,"LANGDON, TRAJAN",3FGA,Missed Three Pointer,0,-28,671,J,,,,35,06:00,77,57,
2007,TS,19,208,461,MAL,PBIM,"GABRIEL, GERMAN",FTM,Free Throw In,1,-1,-1, ,,,,36,05:00,77,58,
2007,TS,19,208,462,MAL,PBIM,"GABRIEL, GERMAN",FTM,Free Throw In,1,-1,-1, ,,,,36,05:00,77,59,
2007,TS,19,208,463,CSK,PATW,"PAPALOUKAS, THEODOROS",2FGM,Two Pointer,2,-51,0,D,,,,36,05:00,79,59,
2007,TS,19,208,464,MAL,PLTZ,"SANDERS, MELVIN",3FGA,Missed Three Pointer,0,-625,174,F,,,,36,05:00,79,59,
2007,TS,19,208,466,CSK,PALC,"SMODIS, MATJAZ",2FGM,Two Pointer,2,-5,51,D,,,,36,05:00,81,59,
2007,TS,19,208,474,MAL,PLTZ,"SANDERS, MELVIN",3FGM,Three Pointer,3,-653,20,F,,,,37,04:00,81,62,
2007,TS,19,208,482,CSK,PABN,"ZISIS, NIKOLAOS",2FGAB,Missed Two Pointer,0,41,30,C,,,,37,04:00,81,62,
2007,TS,19,208,486,CSK,PASG,"VAN DEN SPIEGEL, TOMAS",2FGM,Two Pointer,2,-2,-5,D,,,,37,04:00,83,62,
2007,TS,19,208,487,MAL,PAFJ,"KUS, DAVOR",3FGA,Missed Three Pointer,0,592,269,A,,,,37,04:00,83,62,
2007,TS,19,208,489,CSK,PASG,"VAN DEN SPIEGEL, TOMAS",2FGM,Two Pointer,2,-5,5,D,,,,37,04:00,85,62,
2007,TS,19,208,492,MAL,PTGE,"NDONG, BONIFACE",2FGM,Two Pointer,2,0,5,D,,,,38,03:00,85,64,
2007,TS,19,208,500,MAL,PJXV,"CASTLE, TERREL",3FGA,Missed Three Pointer,0,623,266,A,,,,38,03:00,85,64,
2007,TS,19,208,503,CSK,PATW,"PAPALOUKAS, THEODOROS",2FGM,Two Pointer,2,-58,-12,D,,,,39,02:00,87,64,
2007,TS,19,208,504,MAL,PBIM,"GABRIEL, GERMAN",3FGA,Missed Three Pointer,0,51,661,G,,,,39,02:00,87,64,
2007,TS,19,208,506,CSK,PBCQ,"KHRYAPA, VICTOR",2FGM,Two Pointer,2,323,33,B,,,,39,02:00,89,64,
2007,TS,19,208,508,MAL,PBIM,"GABRIEL, GERMAN",3FGM,Three Pointer,3,30,666,G,,,,39,02:00,89,67,
2007,TS,19,208,511,CSK,PBCQ,"KHRYAPA, VICTOR",2FGM,Two Pointer,2,56,148,C,,,,40,01:00,91,67,
2007,TS,19,208,518,MAL,PLTZ,"SANDERS, MELVIN",3FGM,Three Pointer,3,87,689,G,,,,40,01:00,91,70,
2007,TS,19,208,519,CSK,PATW,"PAPALOUKAS, THEODOROS",2FGM,Two Pointer,2,43,-10,C,,,,40,01:00,93,70,
2007,TS,19,208,520,MAL,PJXV,"CASTLE, TERREL",3FGA,Missed Three Pointer,0,-469,756,J,,,,40,01:00,93,70,
2007,TS,20,209,2,PAN,PAGG,"BECIROVIC, SANI",2FGM,Two Pointer,2,-238,435,I,,,,1,10:00,0,2,
2007,TS,20,209,3,PAR,PTGU,"PALACIO, MILT",3FGM,Three Pointer,3,5,653,G,,,,1,10:00,3,2,
2007,TS,20,209,5,PAN,PKRH,"PERPEROGLOU, EFSTRATIOS",3FGA,Missed Three Pointer,0,648,15,A,,,,1,10:00,3,2,
2007,TS,20,209,7,PAN,PAPH,"ALVERTIS, FRAGISKOS",2FGM,Two Pointer,2,-71,12,D,,,,1,10:00,3,4,
2007,TS,20,209,8,PAR,PBFE,"KECMAN, DUSAN",2FGM,Two Pointer,2,-61,48,D,,,,1,10:00,5,4,
2007,TS,20,209,10,PAN,PAJV,"BATISTE, MICHAEL",2FGM,Two Pointer,2,-48,43,D,,,,2,09:00,5,6,
2007,TS,20,209,12,PAR,PBGJ,"VRANES, SLAVKO",2FGM,Two Pointer,2,158,64,C,,,,2,09:00,7,6,
2007,TS,20,209,14,PAN,PAGG,"BECIROVIC, SANI",3FGM,Three Pointer,3,353,551,G,,,,3,08:00,7,9,
2007,TS,20,209,15,PAR,PJNN,"VELICKOVIC, NOVICA",2FGM,Two Pointer,2,-117,53,D,,,,3,08:00,9,9,
2007,TS,20,209,16,PAN,PAJV,"BATISTE, MICHAEL",2FGM,Two Pointer,2,289,435,H,,,,3,08:00,9,11,
2007,TS,20,209,19,PAR,PBFE,"KECMAN, DUSAN",2FGA,Missed Two Pointer,0,-89,310,D,,,,4,07:00,9,11,
2007,TS,20,209,20,PAN,PBCS,"HATZIVRETTAS, NIKOS",3FGA,Missed Three Pointer,0,-358,541,J,,,,4,07:00,9,11,
2007,TS,20,209,22,PAR,PTGU,"PALACIO, MILT",3FGM,Three Pointer,3,-10,656,J,,,,4,07:00,12,11,
2007,TS,20,209,29,PAR,PJNN,"VELICKOVIC, NOVICA",2FGM,Two Pointer,2,2,5,D,,,,5,06:00,14,11,
2007,TS,20,209,31,PAN,PKRH,"PERPEROGLOU, EFSTRATIOS",2FGM,Two Pointer,2,589,123,B,,,,5,06:00,14,13,
2007,TS,20,209,32,PAR,PBFB,"TRIPKOVIC, UROS",3FGA,Missed Three Pointer,0,-2,653,J,,,,5,06:00,14,13,
2007,TS,20,209,35,PAN,PKRH,"PERPEROGLOU, EFSTRATIOS",2FGM,Two Pointer,2,-48,23,D,,,,6,05:00,14,15,
2007,TS,20,209,43,PAR,PBFE,"KECMAN, DUSAN",FTM,Free Throw In,1,-1,-1, ,,,,6,05:00,15,15,
2007,TS,20,209,44,PAR,PBFE,"KECMAN, DUSAN",FTM,Free Throw In,1,-1,-1, ,,,,6,05:00,16,15,
2007,TS,20,209,45,PAN,PAGG,"BECIROVIC, SANI",2FGA,Missed Two Pointer,0,-43,494,I,,,,6,05:00,16,15,
2007,TS,20,209,48,PAN,PKRH,"PERPEROGLOU, EFSTRATIOS",3FGA,Missed Three Pointer,0,461,471,G,,,,7,04:00,16,15,
2007,TS,20,209,50,PAR,PTGU,"PALACIO, MILT",2FGM,Two Pointer,2,2,374,D,,,,7,04:00,18,15,
2007,TS,20,209,51,PAN,PBCS,"HATZIVRETTAS, NIKOS",3FGA,Missed Three Pointer,0,-646,51,F,,,,7,04:00,18,15,
2007,TS,20,209,64,PAR,PJJY,"BOZIC, PETAR",3FGM,Three Pointer,3,-456,471,J,,,,8,03:00,21,15,
2007,TS,20,209,70,PAN,PABB,"DIKOUDIS, DEMOS",2FGA,Missed Two Pointer,0,28,461,H,,,,8,03:00,21,15,
2007,TS,20,209,73,PAR,PKNN,"PEKOVIC, NIKOLA",2FGM,Two Pointer,2,-164,41,D,,,,9,02:00,23,15,
2007,TS,20,209,81,PAN,PABB,"DIKOUDIS, DEMOS",2FGA,Missed Two Pointer,0,-48,89,D,,,,9,02:00,23,15,
2007,TS,20,209,83,PAN,PAJV,"BATISTE, MICHAEL",2FGM,Two Pointer,2,5,58,C,,,,9,02:00,23,17,
2007,TS,20,209,85,PAR,PLGH,"TEPIC, MILENKO",2FGA,Missed Two Pointer,0,358,469,H,,,,10,01:00,23,17,
2007,TS,20,209,89,PAR,PJJY,"BOZIC, PETAR",3FGA,Missed Three Pointer,0,-379,528,J,,,,10,01:00,23,17,
2007,TS,20,209,91,PAN,PAJV,"BATISTE, MICHAEL",2FGA,Missed Two Pointer,0,-35,197,D,,,,10,01:00,23,17,
2007,TS,20,209,93,PAR,PLGH,"TEPIC, MILENKO",3FGM,Three Pointer,3,256,589,G,,,,10,01:00,26,17,
2007,TS,20,209,106,PAR,PKNN,"PEKOVIC, NIKOLA",2FGA,Missed Two Pointer,0,-200,38,D,,,,11,10:00,26,17,
2007,TS,20,209,110,PAN,PJKO,"DIAMANTIDIS, DIMITRIS",3FGM,Three Pointer,3,594,264,A,,,,11,10:00,26,20,
2007,TS,20,209,115,PAN,PJUO,"SPANOULIS, VASSILIS",2FGM,Two Pointer,2,56,43,C,,,,12,09:00,26,22,
2007,TS,20,209,117,PAR,PJNN,"VELICKOVIC, NOVICA",3FGA,Missed Three Pointer,0,5,653,G,,,,12,09:00,26,22,
2007,TS,20,209,119,PAR,PBXO,"VITKOVAC, CEDOMIR",2FGM,Two Pointer,2,-25,64,D,,,,12,09:00,28,22,
2007,TS,20,209,120,PAN,PAFQ,"PRKACIN, NIKOLA",2FGA,Missed Two Pointer,0,0,10,D,,,,12,09:00,28,22,
2007,TS,20,209,123,PAN,PAFQ,"PRKACIN, NIKOLA",2FGAB,Missed Two Pointer,0,64,30,C,,,,12,09:00,28,22,
2007,TS,20,209,126,PAN,PJUO,"SPANOULIS, VASSILIS",2FGM,Two Pointer,2,415,256,B,,,,12,09:00,28,24,
2007,TS,20,209,128,PAR,PLGH,"TEPIC, MILENKO",3FGM,Three Pointer,3,635,89,A,,,,13,08:00,31,24,
2007,TS,20,209,139,PAR,PLGH,"TEPIC, MILENKO",2FGM,Two Pointer,2,430,56,B,,,,14,07:00,33,24,
2007,TS,20,209,146,PAN,PADG,"JASIKEVICIUS, SARUNAS",2FGA,Missed Two Pointer,0,287,412,B,,,,14,07:00,33,24,
2007,TS,20,209,150,PAN,PJUO,"SPANOULIS, VASSILIS",2FGA,Missed Two Pointer,0,171,128,C,,,,14,07:00,33,24,
2007,TS,20,209,152,PAN,PAJV,"BATISTE, MICHAEL",2FGM,Two Pointer,2,-53,41,D,,,,14,07:00,33,26,
2007,TS,20,209,158,PAR,PKNN,"PEKOVIC, NIKOLA",2FGA,Missed Two Pointer,0,-156,48,D,,,,15,06:00,33,26,
2007,TS,20,209,160,PAN,PAJV,"BATISTE, MICHAEL",2FGM,Two Pointer,2,125,135,C,,,,15,06:00,33,28,
2007,TS,20,209,164,PAR,PTGU,"PALACIO, MILT",FTM,Free Throw In,1,-1,-1, ,,,,15,06:00,34,28,
2007,TS,20,209,166,PAN,PJKO,"DIAMANTIDIS, DIMITRIS",3FGA,Missed Three Pointer,0,25,658,G,,,,16,05:00,34,28,
2007,TS,20,209,168,PAR,PTGU,"PALACIO, MILT",2FGA,Missed Two Pointer,0,-102,30,D,,,,16,05:00,34,28,
2007,TS,20,209,170,PAN,PADG,"JASIKEVICIUS, SARUNAS",3FGA,Missed Three Pointer,0,-551,330,F,,,,16,05:00,34,28,
2007,TS,20,209,172,PAR,PTGU,"PALACIO, MILT",2FGM,Two Pointer,2,-7,69,D,,,,16,05:00,36,28,
2007,TS,20,209,182,PAN,PJKO,"DIAMANTIDIS, DIMITRIS",FTM,Free Throw In,1,-1,-1, ,,,,17,04:00,36,29,
2007,TS,20,209,183,PAN,PJKO,"DIAMANTIDIS, DIMITRIS",FTM,Free Throw In,1,-1,-1, ,,,,17,04:00,36,30,
2007,TS,20,209,184,PAR,PBFE,"KECMAN, DUSAN",2FGM,Two Pointer,2,-46,41,D,,,,17,04:00,38,30,
2007,TS,20,209,185,PAN,PJUO,"SPANOULIS, VASSILIS",2FGM,Two Pointer,2,-66,30,D,,,,17,04:00,38,32,
2007,TS,20,209,187,PAR,PLGH,"TEPIC, MILENKO",3FGA,Missed Three Pointer,0,-235,605,J,,,,18,03:00,38,32,
2007,TS,20,209,198,PAN,PADG,"JASIKEVICIUS, SARUNAS",FTM,Free Throw In,1,-1,-1, ,,,,18,03:00,38,33,
2007,TS,20,209,203,PAR,PBFE,"KECMAN, DUSAN",FTM,Free Throw In,1,-1,-1, ,,,,18,03:00,39,33,
2007,TS,20,209,204,PAR,PBFE,"KECMAN, DUSAN",FTM,Free Throw In,1,-1,-1, ,,,,18,03:00,40,33,
2007,TS,20,209,206,PAN,PJKO,"DIAMANTIDIS, DIMITRIS",3FGM,Three Pointer,3,646,61,A,,,,18,03:00,40,36,
2007,TS,20,209,209,PAR,PBFE,"KECMAN, DUSAN",3FGA,Missed Three Pointer,0,-397,520,J,,,,19,02:00,40,36,
2007,TS,20,209,217,PAN,PJKO,"DIAMANTIDIS, DIMITRIS",FTM,Free Throw In,1,-1,-1, ,,,,19,02:00,40,37,
2007,TS,20,209,220,PAR,PBFE,"KECMAN, DUSAN",2FGA,Missed Two Pointer,0,366,38,B,,,,19,02:00,40,37,
2007,TS,20,209,222,PAN,PADG,"JASIKEVICIUS, SARUNAS",2FGA,Missed Two Pointer,0,-307,128,E,,,,19,02:00,40,37,
2007,TS,20,209,225,PAR,PKNN,"PEKOVIC, NIKOLA",2FGM,Two Pointer,2,69,15,C,,,,20,01:00,42,37,
2007,TS,20,209,227,PAN,PTFY,"WINSTON, KENNEDY",3FGA,Missed Three Pointer,0,-353,548,J,,,,20,01:00,42,37,
2007,TS,20,209,237,PAN,PJUO,"SPANOULIS, VASSILIS",2FGA,Missed Two Pointer,0,-353,120,E,,,,20,01:00,42,37,
2007,TS,20,209,245,PAN,PADG,"JASIKEVICIUS, SARUNAS",3FGA,Missed Three Pointer,0,-648,46,F,,,,21,10:00,42,37,
2007,TS,20,209,249,PAR,PJNN,"VELICKOVIC, NOVICA",FTM,Free Throw In,1,-1,-1, ,,,,21,10:00,43,37,
2007,TS,20,209,250,PAR,PJNN,"VELICKOVIC, NOVICA",FTM,Free Throw In,1,-1,-1, ,,,,21,10:00,44,37,
2007,TS,20,209,251,PAN,PAJV,"BATISTE, MICHAEL",2FGA,Missed Two Pointer,0,-35,220,D,,,,21,10:00,44,37,
2007,TS,20,209,253,PAR,PKNN,"PEKOVIC, NIKOLA",2FGM,Two Pointer,2,-117,17,D,,,,21,10:00,46,37,
2007,TS,20,209,255,PAN,PJUO,"SPANOULIS, VASSILIS",3FGM,Three Pointer,3,-369,541,J,,,,22,09:00,46,40,
2007,TS,20,209,256,PAR,PJNN,"VELICKOVIC, NOVICA",2FGM,Two Pointer,2,64,35,C,,,,22,09:00,48,40,
2007,TS,20,209,259,PAN,PAGG,"BECIROVIC, SANI",FTM,Free Throw In,1,-1,-1, ,,,,22,09:00,48,41,
2007,TS,20,209,260,PAN,PAGG,"BECIROVIC, SANI",FTM,Free Throw In,1,-1,-1, ,,,,22,09:00,48,42,
2007,TS,20,209,262,PAR,PLGH,"TEPIC, MILENKO",2FGA,Missed Two Pointer,0,-230,558,I,,,,23,08:00,48,42,
2007,TS,20,209,264,PAN,PAJV,"BATISTE, MICHAEL",2FGA,Missed Two Pointer,0,84,23,C,,,,23,08:00,48,42,
2007,TS,20,209,268,PAR,PBFE,"KECMAN, DUSAN",3FGA,Missed Three Pointer,0,643,20,A,,,,23,08:00,48,42,
2007,TS,20,209,270,PAN,PADG,"JASIKEVICIUS, SARUNAS",2FGM,Two Pointer,2,15,453,H,,,,23,08:00,48,44,
2007,TS,20,209,272,PAR,PTGU,"PALACIO, MILT",3FGM,Three Pointer,3,423,497,G,,,,24,07:00,51,44,
2007,TS,20,209,276,PAN,PAGG,"BECIROVIC, SANI",FTM,Free Throw In,1,-1,-1, ,,,,24,07:00,51,45,
2007,TS,20,209,277,PAN,PAGG,"BECIROVIC, SANI",FTM,Free Throw In,1,-1,-1, ,,,,24,07:00,51,46,
2007,TS,20,209,278,PAR,PTGU,"PALACIO, MILT",2FGM,Two Pointer,2,-164,466,I,,,,24,07:00,53,46,
2007,TS,20,209,280,PAN,PADG,"JASIKEVICIUS, SARUNAS",3FGM,Three Pointer,3,-10,653,J,,,,25,06:00,53,49,
2007,TS,20,209,282,PAR,PTGU,"PALACIO, MILT",3FGA,Missed Three Pointer,0,-374,533,J,,,,25,06:00,53,49,
2007,TS,20,209,284,PAR,PJNN,"VELICKOVIC, NOVICA",2FGA,Missed Two Pointer,0,-66,35,D,,,,25,06:00,53,49,
2007,TS,20,209,288,PAR,PKNN,"PEKOVIC, NIKOLA",2FGA,Missed Two Pointer,0,138,58,C,,,,25,06:00,53,49,
2007,TS,20,209,293,PAN,PJUO,"SPANOULIS, VASSILIS",2FGM,Two Pointer,2,-487,-25,E,,,,26,05:00,53,51,
2007,TS,20,209,296,PAR,PBFE,"KECMAN, DUSAN",3FGA,Missed Three Pointer,0,28,656,G,,,,26,05:00,53,51,
2007,TS,20,209,306,PAN,PJUO,"SPANOULIS, VASSILIS",2FGA,Missed Two Pointer,0,-179,53,D,,,,27,04:00,53,51,
2007,TS,20,209,316,PAN,PADG,"JASIKEVICIUS, SARUNAS",FTM,Free Throw In,1,-1,-1, ,,,,27,04:00,53,52,
2007,TS,20,209,317,PAN,PADG,"JASIKEVICIUS, SARUNAS",FTM,Free Throw In,1,-1,-1, ,,,,27,04:00,53,53,
2007,TS,20,209,318,PAR,PBXO,"VITKOVAC, CEDOMIR",2FGM,Two Pointer,2,-74,30,D,,,,27,04:00,55,53,
2007,TS,20,209,320,PAN,PADG,"JASIKEVICIUS, SARUNAS",3FGA,Missed Three Pointer,0,-243,605,J,,,,27,04:00,55,53,
2007,TS,20,209,324,PAR,PBXO,"VITKOVAC, CEDOMIR",3FGA,Missed Three Pointer,0,641,76,A,,,,28,03:00,55,53,
2007,TS,20,209,326,PAR,PBFE,"KECMAN, DUSAN",2FGM,Two Pointer,2,79,38,C,,,,28,03:00,57,53,
2007,TS,20,209,328,PAN,PAGG,"BECIROVIC, SANI",2FGA,Missed Two Pointer,0,107,112,C,,,,29,02:00,57,53,
2007,TS,20,209,337,PAR,PTGU,"PALACIO, MILT",2FGAB,Missed Two Pointer,0,56,148,C,,,,29,02:00,57,53,
2007,TS,20,209,339,PAR,PBFB,"TRIPKOVIC, UROS",3FGA,Missed Three Pointer,0,638,117,A,,,,29,02:00,57,53,
2007,TS,20,209,341,PAR,PBXO,"VITKOVAC, CEDOMIR",2FGM,Two Pointer,2,-66,30,D,,,,29,02:00,59,53,
2007,TS,20,209,345,PAR,PBXO,"VITKOVAC, CEDOMIR",FTM,Free Throw In,1,-1,-1, ,,,,29,02:00,60,53,
2007,TS,20,209,346,PAN,PAFQ,"PRKACIN, NIKOLA",2FGM,Two Pointer,2,-7,61,D,,,,29,02:00,60,55,
2007,TS,20,209,349,PAR,PBFB,"TRIPKOVIC, UROS",3FGA,Missed Three Pointer,0,0,758,J,,,,30,01:00,60,55,
2007,TS,20,209,357,PAN,PBCS,"HATZIVRETTAS, NIKOS",2FGA,Missed Two Pointer,0,407,441,H,,,,30,01:00,60,55,
2007,TS,20,209,365,PAN,PAFQ,"PRKACIN, NIKOLA",2FGA,Missed Two Pointer,0,5,102,C,,,,31,10:00,60,55,
2007,TS,20,209,372,PAN,PAFQ,"PRKACIN, NIKOLA",FTM,Free Throw In,1,-1,-1, ,,,,32,09:00,60,56,
2007,TS,20,209,373,PAN,PAFQ,"PRKACIN, NIKOLA",FTM,Free Throw In,1,-1,-1, ,,,,32,09:00,60,57,
2007,TS,20,209,380,PAN,PAGG,"BECIROVIC, SANI",3FGA,Missed Three Pointer,0,-41,666,J,,,,32,09:00,60,57,
2007,TS,20,209,382,PAR,PTGU,"PALACIO, MILT",2FGM,Two Pointer,2,5,5,C,,,,32,09:00,62,57,
2007,TS,20,209,386,PAN,PADG,"JASIKEVICIUS, SARUNAS",2FGM,Two Pointer,2,23,556,H,,,,32,09:00,62,59,
2007,TS,20,209,390,PAN,PTFY,"WINSTON, KENNEDY",2FGA,Missed Two Pointer,0,446,41,B,,,,33,08:00,62,59,
2007,TS,20,209,396,PAR,PBFE,"KECMAN, DUSAN",FTM,Free Throw In,1,-1,-1, ,,,,33,08:00,63,59,
2007,TS,20,209,397,PAR,PBFE,"KECMAN, DUSAN",FTM,Free Throw In,1,-1,-1, ,,,,33,08:00,64,59,
2007,TS,20,209,402,PAN,PADG,"JASIKEVICIUS, SARUNAS",3FGM,Three Pointer,3,366,538,G,,,,33,08:00,64,62,
2007,TS,20,209,410,PAN,PBCS,"HATZIVRETTAS, NIKOS",2FGM,Two Pointer,2,-5,5,D,,,,34,07:00,64,64,
2007,TS,20,209,425,PAN,PAJV,"BATISTE, MICHAEL",2FGM,Two Pointer,2,200,23,C,,,,35,06:00,64,66,
2007,TS,20,209,426,PAR,PKNN,"PEKOVIC, NIKOLA",2FGA,Missed Two Pointer,0,130,74,C,,,,35,06:00,64,66,
2007,TS,20,209,429,PAN,PADG,"JASIKEVICIUS, SARUNAS",3FGA,Missed Three Pointer,0,-217,620,J,,,,35,06:00,64,66,
2007,TS,20,209,431,PAR,PTGU,"PALACIO, MILT",2FGM,Two Pointer,2,-64,17,D,,,,35,06:00,66,66,
2007,TS,20,209,435,PAR,PBFE,"KECMAN, DUSAN",2FGA,Missed Two Pointer,0,520,217,B,,,,36,05:00,66,66,
2007,TS,20,209,444,PAN,PADG,"JASIKEVICIUS, SARUNAS",FTM,Free Throw In,1,-1,-1, ,,,,36,05:00,66,67,
2007,TS,20,209,446,PAR,PTGU,"PALACIO, MILT",3FGA,Missed Three Pointer,0,-151,635,J,,,,37,04:00,66,67,
2007,TS,20,209,453,PAN,PJUO,"SPANOULIS, VASSILIS",3FGA,Missed Three Pointer,0,325,574,G,,,,37,04:00,66,67,
2007,TS,20,209,457,PAR,PLGH,"TEPIC, MILENKO",FTM,Free Throw In,1,-1,-1, ,,,,37,04:00,67,67,
2007,TS,20,209,458,PAR,PLGH,"TEPIC, MILENKO",FTM,Free Throw In,1,-1,-1, ,,,,37,04:00,68,67,
2007,TS,20,209,467,PAR,PTGU,"PALACIO, MILT",FTM,Free Throw In,1,-1,-1, ,,,,38,03:00,69,67,
2007,TS,20,209,468,PAR,PTGU,"PALACIO, MILT",FTM,Free Throw In,1,-1,-1, ,,,,38,03:00,70,67,
2007,TS,20,209,469,PAN,PJKO,"DIAMANTIDIS, DIMITRIS",3FGA,Missed Three Pointer,0,-351,551,J,,,,38,03:00,70,67,
2007,TS,20,209,471,PAR,PJNN,"VELICKOVIC, NOVICA",3FGM,Three Pointer,3,535,384,A,,,,38,03:00,73,67,
2007,TS,20,209,474,PAN,PADG,"JASIKEVICIUS, SARUNAS",FTM,Free Throw In,1,-1,-1, ,,,,38,03:00,73,68,
2007,TS,20,209,475,PAN,PADG,"JASIKEVICIUS, SARUNAS",FTM,Free Throw In,1,-1,-1, ,,,,38,03:00,73,69,
2007,TS,20,209,482,PAN,PADG,"JASIKEVICIUS, SARUNAS",2FGM,Two Pointer,2,-441,71,E,,,,39,02:00,73,71,
2007,TS,20,209,484,PAR,PLGH,"TEPIC, MILENKO",2FGA,Missed Two Pointer,0,-546,166,E,,,,39,02:00,73,71,
2007,TS,20,209,486,PAR,PBFE,"KECMAN, DUSAN",2FGM,Two Pointer,2,64,30,C,,,,39,02:00,75,71,
2007,TS,20,209,487,PAN,PADG,"JASIKEVICIUS, SARUNAS",2FGM,Two Pointer,2,179,15,C,,,,39,02:00,75,73,
2007,TS,20,209,489,PAR,PTGU,"PALACIO, MILT",2FGM,Two Pointer,2,-79,20,D,,,,40,01:00,77,73,
2007,TS,20,209,490,PAN,PADG,"JASIKEVICIUS, SARUNAS",3FGA,Missed Three Pointer,0,-653,66,F,,,,40,01:00,77,73,
2007,TS,20,209,495,PAR,PKNN,"PEKOVIC, NIKOLA",FTM,Free Throw In,1,-1,-1, ,,,,40,01:00,78,73,
2007,TS,20,209,496,PAR,PKNN,"PEKOVIC, NIKOLA",FTM,Free Throw In,1,-1,-1, ,,,,40,01:00,79,73,
2007,TS,20,209,497,PAN,PJKO,"DIAMANTIDIS, DIMITRIS",3FGA,Missed Three Pointer,0,341,561,G,,,,40,01:00,79,73,
2007,TS,20,209,501,PAR,PKNN,"PEKOVIC, NIKOLA",FTM,Free Throw In,1,-1,-1, ,,,,40,01:00,80,73,
2007,TS,20,209,504,PAR,PBFE,"KECMAN, DUSAN",2FGM,Two Pointer,2,-76,38,D,,,,40,01:00,82,73,
2007,TS,20,209,505,PAN,PJUO,"SPANOULIS, VASSILIS",3FGA,Missed Three Pointer,0,-358,556,J,,,,40,01:00,82,73,
2007,TS,20,210,3,IST,PKCH,"HUTSON, ANDRE",2FGA,Missed Two Pointer,0,-317,105,E,,,,1,10:00,0,0,
2007,TS,20,210,5,IST,PBXD,"PENN, JAMES",3FGA,Missed Three Pointer,0,-405,561,J,,,,1,10:00,0,0,
2007,TS,20,210,7,SIE,PCQO,"EZE, BENJAMIN",2FGM,Two Pointer,2,66,12,C,,,,1,10:00,2,0,
2007,TS,20,210,8,IST,PBKM,"KUQO, ERMAL",2FGA,Missed Two Pointer,0,-38,-2,D,,,,1,10:00,2,0,
2007,TS,20,210,10,IST,PBKM,"KUQO, ERMAL",2FGA,Missed Two Pointer,0,-51,-2,D,,,,1,10:00,2,0,
2007,TS,20,210,15,SIE,PKWI,"MCINTYRE, TERRELL",2FGM,Two Pointer,2,66,10,C,,,,2,09:00,4,0,
2007,TS,20,210,20,SIE,PCCA,"THORNTON, BOOTSY",3FGA,Missed Three Pointer,0,674,-15,A,,,,3,08:00,4,0,
2007,TS,20,210,24,IST,PBXD,"PENN, JAMES",3FGM,Three Pointer,3,610,287,A,,,,3,08:00,4,3,
2007,TS,20,210,27,SIE,PCCA,"THORNTON, BOOTSY",2FGA,Missed Two Pointer,0,105,20,C,,,,4,07:00,4,3,
2007,TS,20,210,33,IST,PBXD,"PENN, JAMES",3FGM,Three Pointer,3,-433,525,J,,,,4,07:00,4,6,
2007,TS,20,210,36,SIE,PLMO,"SATO, ROMAIN",3FGM,Three Pointer,3,561,361,A,,,,4,07:00,7,6,
2007,TS,20,210,41,IST,PKCH,"HUTSON, ANDRE",2FGM,Two Pointer,2,-251,0,D,,,,5,06:00,7,8,
2007,TS,20,210,42,SIE,PLMO,"SATO, ROMAIN",3FGM,Three Pointer,3,-676,15,F,,,,5,06:00,10,8,
2007,TS,20,210,44,IST,PBXD,"PENN, JAMES",3FGA,Missed Three Pointer,0,433,505,G,,,,5,06:00,10,8,
2007,TS,20,210,46,SIE,PLMO,"SATO, ROMAIN",2FGM,Two Pointer,2,-43,12,D,,,,5,06:00,12,8,
2007,TS,20,210,49,IST,PKOJ,"GREGORY, KENNY",2FGA,Missed Two Pointer,0,53,264,C,,,,6,05:00,12,8,
2007,TS,20,210,51,SIE,PKWI,"MCINTYRE, TERRELL",3FGA,Missed Three Pointer,0,333,589,G,,,,6,05:00,12,8,
2007,TS,20,210,53,IST,PARN,"ARSLAN, ENDER",2FGM,Two Pointer,2,-66,20,D,,,,6,05:00,12,10,
2007,TS,20,210,55,SIE,PLMO,"SATO, ROMAIN",3FGA,Missed Three Pointer,0,669,-23,A,,,,7,04:00,12,10,
2007,TS,20,210,61,SIE,PLMO,"SATO, ROMAIN",2FGM,Two Pointer,2,61,0,C,,,,7,04:00,14,10,
2007,TS,20,210,66,IST,PKOJ,"GREGORY, KENNY",FTM,Free Throw In,1,-1,-1, ,,,,7,04:00,14,11,
2007,TS,20,210,67,SIE,PLMO,"SATO, ROMAIN",2FGA,Missed Two Pointer,0,-253,20,D,,,,7,04:00,14,11,
2007,TS,20,210,72,IST,PBXD,"PENN, JAMES",2FGA,Missed Two Pointer,0,-115,66,D,,,,8,03:00,14,11,
2007,TS,20,210,75,SIE,PCQO,"EZE, BENJAMIN",2FGM,Two Pointer,2,30,38,C,,,,8,03:00,16,11,
2007,TS,20,210,83,IST,PAWN,"GONLUM, KEREM",FTM,Free Throw In,1,-1,-1, ,,,,8,03:00,16,12,
2007,TS,20,210,85,SIE,PBLH,"LAVRINOVIC, KSISTOF",2FGM,Two Pointer,2,-51,48,D,,,,9,02:00,18,12,
2007,TS,20,210,95,IST,PAWN,"GONLUM, KEREM",2FGA,Missed Two Pointer,0,-266,466,I,,,,9,02:00,18,12,
2007,TS,20,210,97,IST,PARN,"ARSLAN, ENDER",3FGM,Three Pointer,3,5,658,G,,,,9,02:00,18,15,
2007,TS,20,210,99,SIE,PLMO,"SATO, ROMAIN",2FGA,Missed Two Pointer,0,-71,17,D,,,,9,02:00,18,15,
2007,TS,20,210,109,IST,PAWN,"GONLUM, KEREM",2FGA,Missed Two Pointer,0,153,151,C,,,,10,01:00,18,15,
2007,TS,20,210,117,SIE,PKWI,"MCINTYRE, TERRELL",FTM,Free Throw In,1,-1,-1, ,,,,10,01:00,19,15,
2007,TS,20,210,118,SIE,PKWI,"MCINTYRE, TERRELL",FTM,Free Throw In,1,-1,-1, ,,,,10,01:00,20,15,
2007,TS,20,210,119,IST,PBKM,"KUQO, ERMAL",3FGA,Missed Three Pointer,0,-397,541,J,,,,10,01:00,20,15,
2007,TS,20,210,129,IST,PKCH,"HUTSON, ANDRE",2FGA,Missed Two Pointer,0,-107,492,I,,,,11,10:00,20,15,
2007,TS,20,210,133,IST,PARN,"ARSLAN, ENDER",2FGM,Two Pointer,2,-51,2,D,,,,11,10:00,20,17,
2007,TS,20,210,141,SIE,P000754,"DIENER, DRAKE",3FGM,Three Pointer,3,682,53,A,,,,12,09:00,23,17,
2007,TS,20,210,145,SIE,P000754,"DIENER, DRAKE",3FGA,Missed Three Pointer,0,-671,84,F,,,,12,09:00,23,17,
2007,TS,20,210,147,IST,PARN,"ARSLAN, ENDER",3FGA,Missed Three Pointer,0,-435,587,J,,,,12,09:00,23,17,
2007,TS,20,210,154,IST,PKCH,"HUTSON, ANDRE",FTM,Free Throw In,1,-1,-1, ,,,,13,08:00,23,18,
2007,TS,20,210,155,IST,PKCH,"HUTSON, ANDRE",FTM,Free Throw In,1,-1,-1, ,,,,13,08:00,23,19,
2007,TS,20,210,156,SIE,P000754,"DIENER, DRAKE",2FGA,Missed Two Pointer,0,-10,74,D,,,,13,08:00,23,19,
2007,TS,20,210,158,IST,PKCH,"HUTSON, ANDRE",2FGM,Two Pointer,2,48,61,C,,,,13,08:00,23,21,
2007,TS,20,210,160,SIE,P000754,"DIENER, DRAKE",3FGM,Three Pointer,3,-423,556,J,,,,14,07:00,26,21,
2007,TS,20,210,161,IST,PKOJ,"GREGORY, KENNY",3FGA,Missed Three Pointer,0,-661,-28,F,,,,14,07:00,26,21,
2007,TS,20,210,181,SIE,PAPS,"ILIEVSKI, VLADO",3FGA,Missed Three Pointer,0,25,669,G,,,,15,06:00,26,21,
2007,TS,20,210,183,SIE,PBLH,"LAVRINOVIC, KSISTOF",2FGAB,Missed Two Pointer,0,107,25,C,,,,15,06:00,26,21,
2007,TS,20,210,187,IST,PAWN,"GONLUM, KEREM",2FGM,Two Pointer,2,56,48,C,,,,15,06:00,26,23,
2007,TS,20,210,189,SIE,PBLH,"LAVRINOVIC, KSISTOF",2FGA,Missed Two Pointer,0,69,10,C,,,,16,05:00,26,23,
2007,TS,20,210,191,SIE,PBLH,"LAVRINOVIC, KSISTOF",2FGM,Two Pointer,2,71,12,C,,,,16,05:00,28,23,
2007,TS,20,210,196,IST,PKCH,"HUTSON, ANDRE",2FGM,Two Pointer,2,61,12,C,,,,16,05:00,28,25,
2007,TS,20,210,197,SIE,PLMO,"SATO, ROMAIN",3FGM,Three Pointer,3,682,10,A,,,,16,05:00,31,25,
2007,TS,20,210,200,IST,PBXD,"PENN, JAMES",3FGA,Missed Three Pointer,0,394,579,G,,,,16,05:00,31,25,
2007,TS,20,210,202,SIE,PBLH,"LAVRINOVIC, KSISTOF",2FGM,Two Pointer,2,69,-5,C,,,,16,05:00,33,25,
2007,TS,20,210,212,SIE,PLMO,"SATO, ROMAIN",2FGM,Two Pointer,2,2,7,D,,,,17,04:00,35,25,
2007,TS,20,210,215,SIE,PLMO,"SATO, ROMAIN",2FGM,Two Pointer,2,-64,2,D,,,,17,04:00,37,25,
2007,TS,20,210,223,IST,PARN,"ARSLAN, ENDER",FTM,Free Throw In,1,-1,-1, ,,,,18,03:00,37,26,
2007,TS,20,210,224,SIE,PCCA,"THORNTON, BOOTSY",2FGA,Missed Two Pointer,0,38,25,C,,,,18,03:00,37,26,
2007,TS,20,210,237,SIE,PCCA,"THORNTON, BOOTSY",2FGM,Two Pointer,2,64,-2,C,,,,19,02:00,39,26,
2007,TS,20,210,240,IST,PARN,"ARSLAN, ENDER",2FGA,Missed Two Pointer,0,120,56,C,,,,19,02:00,39,26,
2007,TS,20,210,242,SIE,PCCA,"THORNTON, BOOTSY",2FGM,Two Pointer,2,58,10,C,,,,19,02:00,41,26,
2007,TS,20,210,248,IST,PKCH,"HUTSON, ANDRE",FTM,Free Throw In,1,-1,-1, ,,,,20,01:00,41,27,
2007,TS,20,210,249,IST,PKCH,"HUTSON, ANDRE",FTM,Free Throw In,1,-1,-1, ,,,,20,01:00,41,28,
2007,TS,20,210,250,SIE,PCCA,"THORNTON, BOOTSY",3FGM,Three Pointer,3,666,-43,A,,,,20,01:00,44,28,
2007,TS,20,210,252,IST,PBXD,"PENN, JAMES",3FGA,Missed Three Pointer,0,-469,502,J,,,,20,01:00,44,28,
2007,TS,20,210,254,IST,PLIM,"HERSEK, BARIS",2FGA,Missed Two Pointer,0,28,69,C,,,,20,01:00,44,28,
2007,TS,20,210,256,IST,PLIM,"HERSEK, BARIS",2FGM,Two Pointer,2,-23,64,D,,,,20,01:00,44,30,
2007,TS,20,210,257,SIE,PKWI,"MCINTYRE, TERRELL",3FGA,Missed Three Pointer,0,494,528,G,,,,20,01:00,44,30,
2007,TS,20,210,267,IST,PAWN,"GONLUM, KEREM",2FGA,Missed Two Pointer,0,138,100,C,,,,21,10:00,44,30,
2007,TS,20,210,270,SIE,PJOC,"STONEROOK, SHAUN",3FGA,Missed Three Pointer,0,171,674,G,,,,21,10:00,44,30,
2007,TS,20,210,272,IST,PKCH,"HUTSON, ANDRE",2FGM,Two Pointer,2,-5,2,D,,,,21,10:00,44,32,
2007,TS,20,210,275,SIE,PCQO,"EZE, BENJAMIN",2FGM,Two Pointer,2,-448,200,E,,,,22,09:00,46,32,
2007,TS,20,210,278,SIE,PKWI,"MCINTYRE, TERRELL",3FGA,Missed Three Pointer,0,-369,600,J,,,,22,09:00,46,32,
2007,TS,20,210,280,SIE,PJOC,"STONEROOK, SHAUN",3FGA,Missed Three Pointer,0,443,505,G,,,,22,09:00,46,32,
2007,TS,20,210,282,SIE,PKWI,"MCINTYRE, TERRELL",3FGA,Missed Three Pointer,0,-689,41,F,,,,22,09:00,46,32,
2007,TS,20,210,287,SIE,PCCA,"THORNTON, BOOTSY",3FGM,Three Pointer,3,571,343,A,,,,23,08:00,49,32,
2007,TS,20,210,289,IST,PKCH,"HUTSON, ANDRE",2FGM,Two Pointer,2,0,-2,D,,,,23,08:00,49,34,
2007,TS,20,210,296,IST,PKOJ,"GREGORY, KENNY",3FGA,Missed Three Pointer,0,587,310,A,,,,24,07:00,49,34,
2007,TS,20,210,300,SIE,PLMO,"SATO, ROMAIN",2FGA,Missed Two Pointer,0,-271,441,I,,,,24,07:00,49,34,
2007,TS,20,210,308,IST,PBXD,"PENN, JAMES",2FGM,Two Pointer,2,-87,15,D,,,,24,07:00,49,36,
2007,TS,20,210,315,SIE,PCQO,"EZE, BENJAMIN",2FGM,Two Pointer,2,-7,7,D,,,,25,06:00,51,36,
2007,TS,20,210,316,IST,PBKM,"KUQO, ERMAL",2FGA,Missed Two Pointer,0,-171,84,D,,,,25,06:00,51,36,
2007,TS,20,210,318,IST,PKOJ,"GREGORY, KENNY",2FGM,Two Pointer,2,100,66,C,,,,25,06:00,51,38,
2007,TS,20,210,320,SIE,PLMO,"SATO, ROMAIN",3FGM,Three Pointer,3,76,651,G,,,,26,05:00,54,38,
2007,TS,20,210,326,IST,PBKM,"KUQO, ERMAL",2FGM,Two Pointer,2,-38,482,I,,,,26,05:00,54,40,
2007,TS,20,210,329,SIE,PCCA,"THORNTON, BOOTSY",2FGA,Missed Two Pointer,0,-58,505,I,,,,27,04:00,54,40,
2007,TS,20,210,331,IST,PKOJ,"GREGORY, KENNY",2FGA,Missed Two Pointer,0,-141,46,D,,,,27,04:00,54,40,
2007,TS,20,210,333,SIE,PKWI,"MCINTYRE, TERRELL",2FGM,Two Pointer,2,74,43,C,,,,27,04:00,56,40,
2007,TS,20,210,351,SIE,PLMO,"SATO, ROMAIN",2FGA,Missed Two Pointer,0,507,28,B,,,,28,03:00,56,40,
2007,TS,20,210,354,IST,PARN,"ARSLAN, ENDER",3FGM,Three Pointer,3,605,353,A,,,,29,02:00,56,43,
2007,TS,20,210,358,IST,PAWN,"GONLUM, KEREM",3FGA,Missed Three Pointer,0,512,438,G,,,,29,02:00,56,43,
2007,TS,20,210,360,SIE,PBLH,"LAVRINOVIC, KSISTOF",3FGM,Three Pointer,3,79,682,G,,,,29,02:00,59,43,
2007,TS,20,210,363,IST,PAWN,"GONLUM, KEREM",2FGA,Missed Two Pointer,0,-164,61,D,,,,30,01:00,59,43,
2007,TS,20,210,365,SIE,PBLH,"LAVRINOVIC, KSISTOF",2FGA,Missed Two Pointer,0,-410,202,E,,,,30,01:00,59,43,
2007,TS,20,210,367,IST,PBXD,"PENN, JAMES",2FGA,Missed Two Pointer,0,-69,82,D,,,,30,01:00,59,43,
2007,TS,20,210,375,SIE,P000754,"DIENER, DRAKE",3FGA,Missed Three Pointer,0,53,697,G,,,,31,10:00,59,43,
2007,TS,20,210,377,IST,PKCH,"HUTSON, ANDRE",2FGM,Two Pointer,2,-166,20,D,,,,31,10:00,59,45,
2007,TS,20,210,380,SIE,PLMO,"SATO, ROMAIN",FTM,Free Throw In,1,-1,-1, ,,,,31,10:00,60,45,
2007,TS,20,210,383,IST,PKOJ,"GREGORY, KENNY",2FGM,Two Pointer,2,-148,48,D,,,,31,10:00,60,47,
2007,TS,20,210,385,SIE,PJOC,"STONEROOK, SHAUN",3FGM,Three Pointer,3,405,553,G,,,,31,10:00,63,47,
2007,TS,20,210,394,SIE,PJOC,"STONEROOK, SHAUN",3FGA,Missed Three Pointer,0,307,643,G,,,,33,08:00,63,47,
2007,TS,20,210,401,IST,PKOJ,"GREGORY, KENNY",FTM,Free Throw In,1,-1,-1, ,,,,33,08:00,63,48,
2007,TS,20,210,402,SIE,PBLH,"LAVRINOVIC, KSISTOF",3FGA,Missed Three Pointer,0,15,674,G,,,,33,08:00,63,48,
2007,TS,20,210,408,SIE,PJOC,"STONEROOK, SHAUN",FTM,Free Throw In,1,-1,-1, ,,,,33,08:00,64,48,
2007,TS,20,210,411,SIE,PBLH,"LAVRINOVIC, KSISTOF",3FGA,Missed Three Pointer,0,66,700,G,,,,33,08:00,64,48,
2007,TS,20,210,414,IST,PAWN,"GONLUM, KEREM",2FGM,Two Pointer,2,102,23,C,,,,34,07:00,64,50,
2007,TS,20,210,421,IST,PAWN,"GONLUM, KEREM",FTM,Free Throw In,1,-1,-1, ,,,,34,07:00,64,51,
2007,TS,20,210,425,IST,PBKM,"KUQO, ERMAL",2FGA,Missed Two Pointer,0,584,-2,B,,,,34,07:00,64,51,
2007,TS,20,210,434,IST,PBXD,"PENN, JAMES",FTM,Free Throw In,1,-1,-1, ,,,,35,06:00,64,52,
2007,TS,20,210,435,IST,PBXD,"PENN, JAMES",FTM,Free Throw In,1,-1,-1, ,,,,35,06:00,64,53,
2007,TS,20,210,436,SIE,PJHL,"RESS, TOMAS",2FGA,Missed Two Pointer,0,-141,20,D,,,,35,06:00,64,53,
2007,TS,20,210,438,IST,PBKM,"KUQO, ERMAL",2FGA,Missed Two Pointer,0,110,20,C,,,,35,06:00,64,53,
2007,TS,20,210,440,SIE,PKWI,"MCINTYRE, TERRELL",3FGM,Three Pointer,3,-105,674,J,,,,35,06:00,67,53,
2007,TS,20,210,451,IST,PAWN,"GONLUM, KEREM",FTM,Free Throw In,1,-1,-1, ,,,,36,05:00,67,54,
2007,TS,20,210,452,IST,PAWN,"GONLUM, KEREM",FTM,Free Throw In,1,-1,-1, ,,,,36,05:00,67,55,
2007,TS,20,210,453,SIE,PKWI,"MCINTYRE, TERRELL",3FGM,Three Pointer,3,-30,676,J,,,,36,05:00,70,55,
2007,TS,20,210,454,IST,PKCH,"HUTSON, ANDRE",2FGA,Missed Two Pointer,0,-25,115,D,,,,36,05:00,70,55,
2007,TS,20,210,456,SIE,PJOC,"STONEROOK, SHAUN",2FGM,Two Pointer,2,58,41,C,,,,36,05:00,72,55,
2007,TS,20,210,461,SIE,PKWI,"MCINTYRE, TERRELL",2FGM,Two Pointer,2,-89,17,D,,,,36,05:00,74,55,
2007,TS,20,210,463,IST,PKOJ,"GREGORY, KENNY",2FGM,Two Pointer,2,-82,48,D,,,,37,04:00,74,57,
2007,TS,20,210,466,SIE,PKWI,"MCINTYRE, TERRELL",3FGA,Missed Three Pointer,0,-305,605,J,,,,37,04:00,74,57,
2007,TS,20,210,468,IST,PBKM,"KUQO, ERMAL",3FGM,Three Pointer,3,-64,653,J,,,,37,04:00,74,60,
2007,TS,20,210,471,SIE,PCCA,"THORNTON, BOOTSY",3FGA,Missed Three Pointer,0,-487,476,J,,,,38,03:00,74,60,
2007,TS,20,210,473,IST,PKOJ,"GREGORY, KENNY",2FGM,Two Pointer,2,-392,202,E,,,,38,03:00,74,62,
2007,TS,20,210,484,IST,PBKM,"KUQO, ERMAL",2FGM,Two Pointer,2,79,35,C,,,,39,02:00,74,64,
2007,TS,20,210,486,SIE,PKWI,"MCINTYRE, TERRELL",2FGA,Missed Two Pointer,0,-7,133,D,,,,39,02:00,74,64,
2007,TS,20,210,488,SIE,PKWI,"MCINTYRE, TERRELL",2FGA,Missed Two Pointer,0,102,87,C,,,,39,02:00,74,64,
2007,TS,20,210,490,SIE,PCQO,"EZE, BENJAMIN",2FGM,Two Pointer,2,-46,35,D,,,,39,02:00,76,64,
2007,TS,20,210,499,IST,PBXD,"PENN, JAMES",3FGA,Missed Three Pointer,0,-53,643,J,,,,39,02:00,76,64,
2007,TS,20,210,501,IST,PBKM,"KUQO, ERMAL",3FGA,Missed Three Pointer,0,-12,661,J,,,,39,02:00,76,64,
2007,TS,20,210,504,SIE,PLMO,"SATO, ROMAIN",2FGM,Two Pointer,2,-46,46,D,,,,39,02:00,78,64,
2007,TS,20,210,508,IST,PBXD,"PENN, JAMES",3FGA,Missed Three Pointer,0,520,497,G,,,,40,01:00,78,64,
2007,TS,20,210,509,SIE,PLMO,"SATO, ROMAIN",2FGM,Two Pointer,2,-2,10,D,,,,40,01:00,80,64,
2007,TS,20,210,517,IST,PBKM,"KUQO, ERMAL",3FGM,Three Pointer,3,582,333,A,,,,40,01:00,80,67,
2007,TS,20,211,4,BAS,PANB,"RAKOCEVIC, IGOR",2FGA,Missed Two Pointer,0,-228,200,D,,,,1,10:00,0,0,
2007,TS,20,211,6,ULK,PJPF,"SAVAS, OGUZ",2FGM,Two Pointer,2,69,30,C,,,,1,10:00,2,0,
2007,TS,20,211,11,ULK,PCOS,"SOLOMON, WILLIE",3FGM,Three Pointer,3,-430,551,J,,,,1,10:00,5,0,
2007,TS,20,211,17,BAS,PJZJ,"TELETOVIC, MIRZA",3FGA,Missed Three Pointer,0,505,456,G,,,,1,10:00,5,0,
2007,TS,20,211,19,ULK,PJPF,"SAVAS, OGUZ",3FGA,Missed Three Pointer,0,-533,441,J,,,,1,10:00,5,0,
2007,TS,20,211,22,BAS,PAFP,"PLANINIC, ZORAN",2FGA,Missed Two Pointer,0,30,571,H,,,,2,09:00,5,0,
2007,TS,20,211,24,BAS,PCBY,"SPLITTER, TIAGO",2FGM,Two Pointer,2,-25,143,D,,,,2,09:00,5,2,
2007,TS,20,211,26,ULK,PTFH,"PRELDZIC, EMIR",3FGM,Three Pointer,3,387,564,G,,,,3,08:00,8,2,
2007,TS,20,211,32,ULK,PARO,"ONAN, OMER",2FGA,Missed Two Pointer,0,51,30,C,,,,3,08:00,8,2,
2007,TS,20,211,34,ULK,PTFI,"VIDMAR, GASPER",2FGM,Two Pointer,2,38,56,C,,,,3,08:00,10,2,
2007,TS,20,211,38,BAS,PJWO,"MICKEAL, PETE",2FGM,Two Pointer,2,10,171,C,,,,4,07:00,10,4,
2007,TS,20,211,39,ULK,PARO,"ONAN, OMER",2FGA,Missed Two Pointer,0,23,266,C,,,,4,07:00,10,4,
2007,TS,20,211,40,ULK,PCOS,"SOLOMON, WILLIE",3FGM,Three Pointer,3,-56,689,J,,,,4,07:00,13,4,
2007,TS,20,211,45,BAS,PCBY,"SPLITTER, TIAGO",2FGM,Two Pointer,2,-71,12,D,,,,4,07:00,13,6,
2007,TS,20,211,48,ULK,PARO,"ONAN, OMER",3FGA,Missed Three Pointer,0,341,576,G,,,,5,06:00,13,6,
2007,TS,20,211,50,ULK,PTFH,"PRELDZIC, EMIR",3FGA,Missed Three Pointer,0,51,669,G,,,,5,06:00,13,6,
2007,TS,20,211,54,BAS,PANB,"RAKOCEVIC, IGOR",2FGA,Missed Two Pointer,0,-43,407,D,,,,5,06:00,13,6,
2007,TS,20,211,56,ULK,PTFI,"VIDMAR, GASPER",2FGM,Two Pointer,2,-333,48,E,,,,5,06:00,15,6,
2007,TS,20,211,59,BAS,PCBY,"SPLITTER, TIAGO",2FGM,Two Pointer,2,10,97,C,,,,6,05:00,15,8,
2007,TS,20,211,62,BAS,PJWO,"MICKEAL, PETE",2FGM,Two Pointer,2,-79,12,D,,,,7,04:00,15,10,
2007,TS,20,211,63,ULK,PTFH,"PRELDZIC, EMIR",2FGM,Two Pointer,2,251,535,H,,,,7,04:00,17,10,
2007,TS,20,211,70,BAS,PJZJ,"TELETOVIC, MIRZA",2FGA,Missed Two Pointer,0,74,130,C,,,,7,04:00,17,10,
2007,TS,20,211,73,ULK,PCOS,"SOLOMON, WILLIE",3FGM,Three Pointer,3,325,594,G,,,,8,03:00,20,10,
2007,TS,20,211,74,BAS,PCBY,"SPLITTER, TIAGO",2FGM,Two Pointer,2,61,5,C,,,,8,03:00,20,12,
2007,TS,20,211,79,BAS,PAFP,"PLANINIC, ZORAN",3FGA,Missed Three Pointer,0,-687,-53,F,,,,8,03:00,20,12,
2007,TS,20,211,82,ULK,PJYB,"ERDEN, SEMIH",2FGM,Two Pointer,2,7,-10,C,,,,9,02:00,22,12,
2007,TS,20,211,89,BAS,PJWO,"MICKEAL, PETE",2FGA,Missed Two Pointer,0,5,120,C,,,,9,02:00,22,12,
2007,TS,20,211,91,ULK,PLGR,"BASAK, RASIM",3FGM,Three Pointer,3,641,200,A,,,,9,02:00,25,12,
2007,TS,20,211,96,BAS,PCBY,"SPLITTER, TIAGO",FTM,Free Throw In,1,-1,-1, ,,,,10,01:00,25,13,
2007,TS,20,211,97,BAS,PCBY,"SPLITTER, TIAGO",FTM,Free Throw In,1,-1,-1, ,,,,10,01:00,25,14,
2007,TS,20,211,98,ULK,PCOS,"SOLOMON, WILLIE",3FGM,Three Pointer,3,189,661,G,,,,10,01:00,28,14,
2007,TS,20,211,99,BAS,PJZJ,"TELETOVIC, MIRZA",3FGM,Three Pointer,3,-12,674,J,,,,10,01:00,28,17,
2007,TS,20,211,101,ULK,PTHC,"WHITE, JAMES",2FGM,Two Pointer,2,64,17,C,,,,10,01:00,30,17,
2007,TS,20,211,118,ULK,PJYB,"ERDEN, SEMIH",FTM,Free Throw In,1,-1,-1, ,,,,11,10:00,31,17,
2007,TS,20,211,119,ULK,PJYB,"ERDEN, SEMIH",FTM,Free Throw In,1,-1,-1, ,,,,11,10:00,32,17,
2007,TS,20,211,120,BAS,PCBY,"SPLITTER, TIAGO",2FGA,Missed Two Pointer,0,69,38,C,,,,11,10:00,32,17,
2007,TS,20,211,122,ULK,PCOS,"SOLOMON, WILLIE",2FGM,Two Pointer,2,-10,117,D,,,,11,10:00,34,17,
2007,TS,20,211,125,ULK,PTHC,"WHITE, JAMES",3FGA,Missed Three Pointer,0,400,564,G,,,,12,09:00,34,17,
2007,TS,20,211,130,BAS,PJWO,"MICKEAL, PETE",2FGA,Missed Two Pointer,0,-174,43,D,,,,12,09:00,34,17,
2007,TS,20,211,136,ULK,PLGR,"BASAK, RASIM",3FGA,Missed Three Pointer,0,89,661,G,,,,12,09:00,34,17,
2007,TS,20,211,145,BAS,PTGD,"SINGLETON, JAMES",2FGA,Missed Two Pointer,0,353,358,B,,,,13,08:00,34,17,
2007,TS,20,211,147,ULK,PLGR,"BASAK, RASIM",3FGM,Three Pointer,3,79,669,G,,,,13,08:00,37,17,
2007,TS,20,211,151,ULK,P000738,"KINSEY, TARENCE",3FGA,Missed Three Pointer,0,464,520,G,,,,14,07:00,37,17,
2007,TS,20,211,153,BAS,PAJK,"VIDAL, SERGI",3FGA,Missed Three Pointer,0,676,-58,A,,,,14,07:00,37,17,
2007,TS,20,211,157,ULK,PTHC,"WHITE, JAMES",3FGM,Three Pointer,3,520,423,A,,,,14,07:00,40,17,
2007,TS,20,211,160,BAS,PTGD,"SINGLETON, JAMES",2FGM,Two Pointer,2,12,0,C,,,,15,06:00,40,19,
2007,TS,20,211,162,ULK,PLGA,"KAAN MRSIC, DAMIR",3FGA,Missed Three Pointer,0,561,417,A,,,,15,06:00,40,19,
2007,TS,20,211,166,BAS,PCBX,"PRIGIONI, PABLO",FTM,Free Throw In,1,-1,-1, ,,,,15,06:00,40,20,
2007,TS,20,211,167,BAS,PCBX,"PRIGIONI, PABLO",FTM,Free Throw In,1,-1,-1, ,,,,15,06:00,40,21,
2007,TS,20,211,170,BAS,PAJK,"VIDAL, SERGI",2FGM,Two Pointer,2,69,30,C,,,,15,06:00,40,23,
2007,TS,20,211,178,ULK,PTHC,"WHITE, JAMES",3FGA,Missed Three Pointer,0,-682,-41,F,,,,16,05:00,40,23,
2007,TS,20,211,180,BAS,PBVC,"JASAITIS, SIMAS",3FGA,Missed Three Pointer,0,-112,661,J,,,,16,05:00,40,23,
2007,TS,20,211,183,ULK,P000738,"KINSEY, TARENCE",2FGAB,Missed Two Pointer,0,107,51,C,,,,17,04:00,40,23,
2007,TS,20,211,189,ULK,P000738,"KINSEY, TARENCE",3FGA,Missed Three Pointer,0,-682,23,F,,,,17,04:00,40,23,
2007,TS,20,211,192,BAS,PTGD,"SINGLETON, JAMES",2FGA,Missed Two Pointer,0,471,33,B,,,,18,03:00,40,23,
2007,TS,20,211,203,BAS,PCBY,"SPLITTER, TIAGO",2FGM,Two Pointer,2,-51,15,D,,,,18,03:00,40,25,
2007,TS,20,211,205,ULK,P000738,"KINSEY, TARENCE",2FGA,Missed Two Pointer,0,338,482,H,,,,18,03:00,40,25,
2007,TS,20,211,208,BAS,PCBY,"SPLITTER, TIAGO",2FGM,Two Pointer,2,-225,51,D,,,,19,02:00,40,27,
2007,TS,20,211,209,ULK,PJPF,"SAVAS, OGUZ",2FGA,Missed Two Pointer,0,23,248,C,,,,19,02:00,40,27,
2007,TS,20,211,211,BAS,P000719,"MUONEKE, GABE",2FGA,Missed Two Pointer,0,-61,138,D,,,,19,02:00,40,27,
2007,TS,20,211,214,ULK,PLGR,"BASAK, RASIM",3FGM,Three Pointer,3,23,661,G,,,,20,01:00,43,27,
2007,TS,20,211,216,BAS,PAJK,"VIDAL, SERGI",3FGM,Three Pointer,3,-505,435,J,,,,20,01:00,43,30,
2007,TS,20,211,222,ULK,PLGR,"BASAK, RASIM",3FGA,Missed Three Pointer,0,-517,669,J,,,,20,01:00,43,30,
2007,TS,20,211,239,BAS,PCBY,"SPLITTER, TIAGO",2FGM,Two Pointer,2,-5,130,D,,,,21,10:00,43,32,
2007,TS,20,211,241,ULK,PTFH,"PRELDZIC, EMIR",2FGM,Two Pointer,2,74,28,C,,,,21,10:00,45,32,
2007,TS,20,211,243,BAS,PANB,"RAKOCEVIC, IGOR",2FGA,Missed Two Pointer,0,305,407,B,,,,21,10:00,45,32,
2007,TS,20,211,247,ULK,PCOS,"SOLOMON, WILLIE",FTM,Free Throw In,1,-1,-1, ,,,,21,10:00,46,32,
2007,TS,20,211,248,ULK,PCOS,"SOLOMON, WILLIE",FTM,Free Throw In,1,-1,-1, ,,,,21,10:00,47,32,
2007,TS,20,211,249,ULK,PCOS,"SOLOMON, WILLIE",FTM,Free Throw In,1,-1,-1, ,,,,21,10:00,48,32,
2007,TS,20,211,250,BAS,PCBY,"SPLITTER, TIAGO",2FGM,Two Pointer,2,-69,43,D,,,,21,10:00,48,34,
2007,TS,20,211,254,ULK,PCOS,"SOLOMON, WILLIE",FTM,Free Throw In,1,-1,-1, ,,,,22,09:00,49,34,
2007,TS,20,211,255,ULK,PCOS,"SOLOMON, WILLIE",FTM,Free Throw In,1,-1,-1, ,,,,22,09:00,50,34,
2007,TS,20,211,256,BAS,PJZJ,"TELETOVIC, MIRZA",3FGA,Missed Three Pointer,0,271,633,G,,,,22,09:00,50,34,
2007,TS,20,211,258,BAS,PAFP,"PLANINIC, ZORAN",2FGM,Two Pointer,2,-87,56,D,,,,22,09:00,50,36,
2007,TS,20,211,260,ULK,PJYB,"ERDEN, SEMIH",2FGA,Missed Two Pointer,0,0,128,D,,,,23,08:00,50,36,
2007,TS,20,211,264,BAS,PAFP,"PLANINIC, ZORAN",2FGA,Missed Two Pointer,0,10,194,C,,,,23,08:00,50,36,
2007,TS,20,211,266,ULK,PTFH,"PRELDZIC, EMIR",2FGAB,Missed Two Pointer,0,107,53,C,,,,23,08:00,50,36,
2007,TS,20,211,269,ULK,PCOS,"SOLOMON, WILLIE",3FGA,Missed Three Pointer,0,469,517,G,,,,23,08:00,50,36,
2007,TS,20,211,271,BAS,PJZJ,"TELETOVIC, MIRZA",2FGAB,Missed Two Pointer,0,-120,71,D,,,,23,08:00,50,36,
2007,TS,20,211,278,ULK,PCOS,"SOLOMON, WILLIE",3FGM,Three Pointer,3,-261,697,J,,,,24,07:00,53,36,
2007,TS,20,211,281,BAS,PANB,"RAKOCEVIC, IGOR",FTM,Free Throw In,1,-1,-1, ,,,,24,07:00,53,37,
2007,TS,20,211,282,BAS,PANB,"RAKOCEVIC, IGOR",FTM,Free Throw In,1,-1,-1, ,,,,24,07:00,53,38,
2007,TS,20,211,284,ULK,PTFH,"PRELDZIC, EMIR",2FGM,Two Pointer,2,15,361,C,,,,25,06:00,55,38,
2007,TS,20,211,288,ULK,PTFI,"VIDMAR, GASPER",2FGA,Missed Two Pointer,0,-35,364,D,,,,25,06:00,55,38,
2007,TS,20,211,290,BAS,PAJK,"VIDAL, SERGI",3FGA,Missed Three Pointer,0,341,607,G,,,,25,06:00,55,38,
2007,TS,20,211,292,BAS,PJZJ,"TELETOVIC, MIRZA",2FGM,Two Pointer,2,-7,15,D,,,,25,06:00,55,40,
2007,TS,20,211,294,ULK,PARO,"ONAN, OMER",3FGA,Missed Three Pointer,0,7,723,G,,,,26,05:00,55,40,
2007,TS,20,211,296,BAS,PAJK,"VIDAL, SERGI",2FGA,Missed Two Pointer,0,-87,15,D,,,,26,05:00,55,40,
2007,TS,20,211,298,BAS,PJZJ,"TELETOVIC, MIRZA",2FGM,Two Pointer,2,-5,69,D,,,,26,05:00,55,42,
2007,TS,20,211,301,BAS,PJZJ,"TELETOVIC, MIRZA",2FGM,Two Pointer,2,-5,5,D,,,,26,05:00,55,44,
2007,TS,20,211,303,ULK,PTFH,"PRELDZIC, EMIR",3FGA,Missed Three Pointer,0,-546,423,F,,,,26,05:00,55,44,
2007,TS,20,211,306,BAS,PAFP,"PLANINIC, ZORAN",3FGA,Missed Three Pointer,0,243,633,G,,,,27,04:00,55,44,
2007,TS,20,211,308,ULK,PCOS,"SOLOMON, WILLIE",2FGA,Missed Two Pointer,0,-169,120,D,,,,27,04:00,55,44,
2007,TS,20,211,320,BAS,PCBY,"SPLITTER, TIAGO",FTM,Free Throw In,1,-1,-1, ,,,,27,04:00,55,45,
2007,TS,20,211,324,ULK,PARO,"ONAN, OMER",3FGA,Missed Three Pointer,0,656,176,A,,,,28,03:00,55,45,
2007,TS,20,211,326,BAS,PCBY,"SPLITTER, TIAGO",2FGM,Two Pointer,2,-53,25,D,,,,28,03:00,55,47,
2007,TS,20,211,336,BAS,PAJK,"VIDAL, SERGI",2FGA,Missed Two Pointer,0,76,25,C,,,,29,02:00,55,47,
2007,TS,20,211,340,ULK,PTHC,"WHITE, JAMES",FTM,Free Throw In,1,-1,-1, ,,,,29,02:00,56,47,
2007,TS,20,211,341,ULK,PTHC,"WHITE, JAMES",FTM,Free Throw In,1,-1,-1, ,,,,29,02:00,57,47,
2007,TS,20,211,344,BAS,PCBX,"PRIGIONI, PABLO",3FGA,Missed Three Pointer,0,51,702,G,,,,29,02:00,57,47,
2007,TS,20,211,352,BAS,PAFP,"PLANINIC, ZORAN",2FGA,Missed Two Pointer,0,200,456,H,,,,30,01:00,57,47,
2007,TS,20,211,365,ULK,PCOS,"SOLOMON, WILLIE",FTM,Free Throw In,1,-1,-1, ,,,,30,01:00,58,47,
2007,TS,20,211,366,ULK,PCOS,"SOLOMON, WILLIE",FTM,Free Throw In,1,-1,-1, ,,,,30,01:00,59,47,
2007,TS,20,211,367,BAS,PCBX,"PRIGIONI, PABLO",3FGM,Three Pointer,3,310,1225,G,,,,30,01:00,59,50,
2007,TS,20,211,372,ULK,P000709,"ASIK, OMER FARUK",2FGM,Two Pointer,2,-5,7,D,,,,31,10:00,61,50,
2007,TS,20,211,382,BAS,PCBX,"PRIGIONI, PABLO",3FGA,Missed Three Pointer,0,25,720,G,,,,32,09:00,61,50,
2007,TS,20,211,384,ULK,P000709,"ASIK, OMER FARUK",2FGA,Missed Two Pointer,0,-243,53,D,,,,32,09:00,61,50,
2007,TS,20,211,390,ULK,PCOS,"SOLOMON, WILLIE",2FGA,Missed Two Pointer,0,-33,569,I,,,,32,09:00,61,50,
2007,TS,20,211,399,ULK,P000738,"KINSEY, TARENCE",FTM,Free Throw In,1,-1,-1, ,,,,33,08:00,62,50,
2007,TS,20,211,400,ULK,P000738,"KINSEY, TARENCE",FTM,Free Throw In,1,-1,-1, ,,,,33,08:00,63,50,
2007,TS,20,211,405,ULK,P000709,"ASIK, OMER FARUK",2FGAB,Missed Two Pointer,0,-10,141,D,,,,33,08:00,63,50,
2007,TS,20,211,409,ULK,PCOS,"SOLOMON, WILLIE",2FGM,Two Pointer,2,102,33,C,,,,33,08:00,65,50,
2007,TS,20,211,412,BAS,PCBX,"PRIGIONI, PABLO",3FGA,Missed Three Pointer,0,551,641,G,,,,34,07:00,65,50,
2007,TS,20,211,414,ULK,PTHC,"WHITE, JAMES",2FGM,Two Pointer,2,-317,243,E,,,,34,07:00,67,50,
2007,TS,20,211,416,BAS,PJWO,"MICKEAL, PETE",2FGM,Two Pointer,2,279,410,B,,,,34,07:00,67,52,
2007,TS,20,211,417,BAS,PCBX,"PRIGIONI, PABLO",3FGA,Missed Three Pointer,0,528,620,G,,,,34,07:00,67,52,
2007,TS,20,211,419,ULK,PLGR,"BASAK, RASIM",3FGA,Missed Three Pointer,0,615,441,G,,,,34,07:00,67,52,
2007,TS,20,211,428,BAS,P000719,"MUONEKE, GABE",FTM,Free Throw In,1,-1,-1, ,,,,35,06:00,67,53,
2007,TS,20,211,429,BAS,P000719,"MUONEKE, GABE",FTM,Free Throw In,1,-1,-1, ,,,,35,06:00,67,54,
2007,TS,20,211,430,ULK,PCOS,"SOLOMON, WILLIE",2FGM,Two Pointer,2,87,23,C,,,,35,06:00,69,54,
2007,TS,20,211,431,BAS,PANB,"RAKOCEVIC, IGOR",2FGA,Missed Two Pointer,0,23,266,C,,,,35,06:00,69,54,
2007,TS,20,211,435,ULK,PLGR,"BASAK, RASIM",2FGA,Missed Two Pointer,0,5,112,C,,,,36,05:00,69,54,
2007,TS,20,211,442,BAS,PANB,"RAKOCEVIC, IGOR",3FGA,Missed Three Pointer,0,-325,610,J,,,,37,04:00,69,54,
2007,TS,20,211,443,ULK,PTHC,"WHITE, JAMES",2FGM,Two Pointer,2,-274,415,E,,,,37,04:00,71,54,
2007,TS,20,211,444,BAS,P000719,"MUONEKE, GABE",2FGA,Missed Two Pointer,0,289,469,H,,,,37,04:00,71,54,
2007,TS,20,211,449,BAS,P000719,"MUONEKE, GABE",2FGM,Two Pointer,2,-84,76,D,,,,37,04:00,71,56,
2007,TS,20,211,453,BAS,P000719,"MUONEKE, GABE",FTM,Free Throw In,1,-1,-1, ,,,,38,03:00,71,57,
2007,TS,20,211,454,ULK,P000738,"KINSEY, TARENCE",3FGA,Missed Three Pointer,0,-561,415,F,,,,38,03:00,71,57,
2007,TS,20,211,456,BAS,PCBY,"SPLITTER, TIAGO",2FGAB,Missed Two Pointer,0,-76,46,D,,,,38,03:00,71,57,
2007,TS,20,211,462,ULK,P000738,"KINSEY, TARENCE",2FGM,Two Pointer,2,479,346,B,,,,38,03:00,73,57,
2007,TS,20,211,468,ULK,P000709,"ASIK, OMER FARUK",2FGM,Two Pointer,2,-130,30,D,,,,39,02:00,75,57,
2007,TS,20,211,469,BAS,PJWO,"MICKEAL, PETE",3FGA,Missed Three Pointer,0,-471,507,J,,,,39,02:00,75,57,
2007,TS,20,211,477,ULK,P000738,"KINSEY, TARENCE",3FGA,Missed Three Pointer,0,-620,310,F,,,,40,01:00,75,57,
2007,TS,20,211,479,BAS,P000719,"MUONEKE, GABE",2FGM,Two Pointer,2,0,10,D,,,,40,01:00,75,59,
2007,TS,20,211,481,ULK,P000738,"KINSEY, TARENCE",3FGA,Missed Three Pointer,0,707,-7,A,,,,40,01:00,75,59,
2007,TS,20,212,3,ARI,PLGM,"TSALDARIS, DIMITRIOS",2FGM,Two Pointer,2,-71,5,D,,,,1,10:00,2,0,
2007,TS,20,212,8,LIE,PBUU,"LUKAUSKIS, MINDAUGAS",FTM,Free Throw In,1,-1,-1, ,,,,1,10:00,2,1,
2007,TS,20,212,9,LIE,PBUU,"LUKAUSKIS, MINDAUGAS",FTM,Free Throw In,1,-1,-1, ,,,,1,10:00,2,2,
2007,TS,20,212,10,ARI,PLGV,"MASSEY, JEREMIAH",2FGM,Two Pointer,2,-64,25,D,,,,1,10:00,4,2,
2007,TS,20,212,11,LIE,PLOC,"EIDSON, CHUCK",2FGM,Two Pointer,2,-2,441,I,,,,1,10:00,4,4,
2007,TS,20,212,13,ARI,PTEO,"TERRY, REYSHAWN",2FGA,Missed Two Pointer,0,-412,17,E,,,,2,09:00,4,4,
2007,TS,20,212,18,LIE,PBUU,"LUKAUSKIS, MINDAUGAS",FTM,Free Throw In,1,-1,-1, ,,,,3,08:00,4,5,
2007,TS,20,212,19,LIE,PBUU,"LUKAUSKIS, MINDAUGAS",FTM,Free Throw In,1,-1,-1, ,,,,3,08:00,4,6,
2007,TS,20,212,22,ARI,PAPT,"BOISA, VLADIMER",3FGA,Missed Three Pointer,0,-466,530,J,,,,3,08:00,4,6,
2007,TS,20,212,30,LIE,PLOK,"VROMAN, JACKSON",FTM,Free Throw In,1,-1,-1, ,,,,3,08:00,4,7,
2007,TS,20,212,31,LIE,PLOK,"VROMAN, JACKSON",FTM,Free Throw In,1,-1,-1, ,,,,3,08:00,4,8,
2007,TS,20,212,32,ARI,PAPT,"BOISA, VLADIMER",3FGM,Three Pointer,3,505,489,G,,,,3,08:00,7,8,
2007,TS,20,212,34,LIE,PLOK,"VROMAN, JACKSON",2FGM,Two Pointer,2,76,5,C,,,,3,08:00,7,10,
2007,TS,20,212,36,ARI,PTEO,"TERRY, REYSHAWN",2FGM,Two Pointer,2,-82,28,D,,,,4,07:00,9,10,
2007,TS,20,212,37,LIE,PTFL,"BAJRAMOVIC, KENAN",2FGA,Missed Two Pointer,0,61,17,C,,,,4,07:00,9,10,
2007,TS,20,212,39,LIE,PBUU,"LUKAUSKIS, MINDAUGAS",2FGA,Missed Two Pointer,0,-474,-15,E,,,,4,07:00,9,10,
2007,TS,20,212,42,ARI,PLGM,"TSALDARIS, DIMITRIOS",3FGA,Missed Three Pointer,0,-533,461,J,,,,5,06:00,9,10,
2007,TS,20,212,46,ARI,PLSZ,"WASHINGTON, DARIUS",2FGA,Missed Two Pointer,0,-76,51,D,,,,5,06:00,9,10,
2007,TS,20,212,48,LIE,PCOH,"PRICE, HOLLIS",3FGA,Missed Three Pointer,0,312,600,G,,,,5,06:00,9,10,
2007,TS,20,212,52,ARI,PTEO,"TERRY, REYSHAWN",2FGM,Two Pointer,2,-56,38,D,,,,5,06:00,11,10,
2007,TS,20,212,54,LIE,PLOC,"EIDSON, CHUCK",2FGAB,Missed Two Pointer,0,46,43,C,,,,6,05:00,11,10,
2007,TS,20,212,58,LIE,PTFL,"BAJRAMOVIC, KENAN",2FGM,Two Pointer,2,-66,43,D,,,,6,05:00,11,12,
2007,TS,20,212,59,ARI,PLGM,"TSALDARIS, DIMITRIOS",2FGA,Missed Two Pointer,0,-61,84,D,,,,6,05:00,11,12,
2007,TS,20,212,61,LIE,PLOC,"EIDSON, CHUCK",2FGM,Two Pointer,2,12,71,C,,,,6,05:00,11,14,
2007,TS,20,212,66,LIE,PLOC,"EIDSON, CHUCK",2FGM,Two Pointer,2,-358,10,E,,,,7,04:00,11,16,
2007,TS,20,212,74,ARI,PBDH,"MOTTOLA, HANNO",2FGA,Missed Two Pointer,0,-202,28,D,,,,7,04:00,11,16,
2007,TS,20,212,78,ARI,PLSZ,"WASHINGTON, DARIUS",FTM,Free Throw In,1,-1,-1, ,,,,7,04:00,12,16,
2007,TS,20,212,79,ARI,PLSZ,"WASHINGTON, DARIUS",FTM,Free Throw In,1,-1,-1, ,,,,7,04:00,13,16,
2007,TS,20,212,81,LIE,PLOK,"VROMAN, JACKSON",2FGM,Two Pointer,2,30,43,C,,,,8,03:00,13,18,
2007,TS,20,212,83,ARI,PLSZ,"WASHINGTON, DARIUS",3FGA,Missed Three Pointer,0,194,633,G,,,,8,03:00,13,18,
2007,TS,20,212,86,ARI,PLGV,"MASSEY, JEREMIAH",2FGA,Missed Two Pointer,0,-41,41,D,,,,8,03:00,13,18,
2007,TS,20,212,88,ARI,PLGV,"MASSEY, JEREMIAH",2FGM,Two Pointer,2,-28,48,D,,,,8,03:00,15,18,
2007,TS,20,212,94,LIE,PLOC,"EIDSON, CHUCK",FTM,Free Throw In,1,-1,-1, ,,,,8,03:00,15,19,
2007,TS,20,212,95,ARI,PKRF,"ILIADIS, SAVVAS",2FGM,Two Pointer,2,56,23,C,,,,8,03:00,17,19,
2007,TS,20,212,97,LIE,PTFL,"BAJRAMOVIC, KENAN",3FGA,Missed Three Pointer,0,-48,669,J,,,,9,02:00,17,19,
2007,TS,20,212,101,LIE,PBUU,"LUKAUSKIS, MINDAUGAS",3FGA,Missed Three Pointer,0,492,479,G,,,,9,02:00,17,19,
2007,TS,20,212,107,LIE,PLOC,"EIDSON, CHUCK",3FGA,Missed Three Pointer,0,-682,0,F,,,,10,01:00,17,19,
2007,TS,20,212,109,LIE,PLOC,"EIDSON, CHUCK",2FGA,Missed Two Pointer,0,-94,25,D,,,,10,01:00,17,19,
2007,TS,20,212,111,ARI,PKRF,"ILIADIS, SAVVAS",3FGA,Missed Three Pointer,0,666,112,A,,,,10,01:00,17,19,
2007,TS,20,212,118,ARI,PLSZ,"WASHINGTON, DARIUS",FTM,Free Throw In,1,-1,-1, ,,,,10,01:00,18,19,
2007,TS,20,212,128,LIE,PJZN,"PETRAVICIUS, MARIJONAS",2FGAB,Missed Two Pointer,0,-5,56,D,,,,11,10:00,18,19,
2007,TS,20,212,132,ARI,PTEO,"TERRY, REYSHAWN",2FGA,Missed Two Pointer,0,358,130,B,,,,11,10:00,18,19,
2007,TS,20,212,134,LIE,PCOH,"PRICE, HOLLIS",2FGA,Missed Two Pointer,0,-215,225,D,,,,11,10:00,18,19,
2007,TS,20,212,136,LIE,PJZN,"PETRAVICIUS, MARIJONAS",2FGM,Two Pointer,2,38,15,C,,,,11,10:00,18,21,
2007,TS,20,212,140,ARI,PLGV,"MASSEY, JEREMIAH",3FGM,Three Pointer,3,-382,553,J,,,,12,09:00,21,21,
2007,TS,20,212,142,LIE,PJZN,"PETRAVICIUS, MARIJONAS",2FGM,Two Pointer,2,-66,-7,D,,,,12,09:00,21,23,
2007,TS,20,212,144,ARI,PTEO,"TERRY, REYSHAWN",2FGA,Missed Two Pointer,0,320,141,B,,,,12,09:00,21,23,
2007,TS,20,212,146,ARI,PLGV,"MASSEY, JEREMIAH",2FGA,Missed Two Pointer,0,74,48,C,,,,12,09:00,21,23,
2007,TS,20,212,152,ARI,PLGV,"MASSEY, JEREMIAH",2FGM,Two Pointer,2,-30,69,D,,,,13,08:00,23,23,
2007,TS,20,212,159,ARI,PLGV,"MASSEY, JEREMIAH",FTM,Free Throw In,1,-1,-1, ,,,,13,08:00,24,23,
2007,TS,20,212,160,LIE,P000703,"JORDAN, JARED",3FGA,Missed Three Pointer,0,446,492,G,,,,13,08:00,24,23,
2007,TS,20,212,162,LIE,PLOK,"VROMAN, JACKSON",2FGA,Missed Two Pointer,0,41,51,C,,,,13,08:00,24,23,
2007,TS,20,212,167,ARI,PKRF,"ILIADIS, SAVVAS",2FGM,Two Pointer,2,-33,43,D,,,,14,07:00,26,23,
2007,TS,20,212,168,LIE,PTFL,"BAJRAMOVIC, KENAN",3FGA,Missed Three Pointer,0,-48,676,J,,,,14,07:00,26,23,
2007,TS,20,212,173,LIE,PLOK,"VROMAN, JACKSON",FTM,Free Throw In,1,-1,-1, ,,,,14,07:00,26,24,
2007,TS,20,212,174,ARI,PLGV,"MASSEY, JEREMIAH",2FGA,Missed Two Pointer,0,30,66,C,,,,14,07:00,26,24,
2007,TS,20,212,176,ARI,PLSZ,"WASHINGTON, DARIUS",2FGA,Missed Two Pointer,0,-12,53,D,,,,14,07:00,26,24,
2007,TS,20,212,183,LIE,PTFL,"BAJRAMOVIC, KENAN",2FGA,Missed Two Pointer,0,41,38,C,,,,15,06:00,26,24,
2007,TS,20,212,185,ARI,PKRF,"ILIADIS, SAVVAS",2FGM,Two Pointer,2,61,23,C,,,,15,06:00,28,24,
2007,TS,20,212,193,ARI,PLGV,"MASSEY, JEREMIAH",2FGA,Missed Two Pointer,0,323,125,B,,,,15,06:00,28,24,
2007,TS,20,212,195,ARI,PLSZ,"WASHINGTON, DARIUS",2FGM,Two Pointer,2,-312,12,E,,,,15,06:00,30,24,
2007,TS,20,212,197,LIE,PKNS,"JOMANTAS, ARTURAS",2FGM,Two Pointer,2,-46,15,D,,,,16,05:00,30,26,
2007,TS,20,212,198,ARI,PKRF,"ILIADIS, SAVVAS",2FGM,Two Pointer,2,41,38,C,,,,16,05:00,32,26,
2007,TS,20,212,207,ARI,PLSZ,"WASHINGTON, DARIUS",2FGM,Two Pointer,2,-64,41,D,,,,17,04:00,34,26,
2007,TS,20,212,208,LIE,PTFL,"BAJRAMOVIC, KENAN",3FGM,Three Pointer,3,5,679,G,,,,17,04:00,34,29,
2007,TS,20,212,211,LIE,PLOK,"VROMAN, JACKSON",2FGA,Missed Two Pointer,0,-53,15,D,,,,17,04:00,34,29,
2007,TS,20,212,213,LIE,PKNS,"JOMANTAS, ARTURAS",2FGM,Two Pointer,2,33,43,C,,,,17,04:00,34,31,
2007,TS,20,212,219,ARI,PLGV,"MASSEY, JEREMIAH",2FGM,Two Pointer,2,-64,15,D,,,,18,03:00,36,31,
2007,TS,20,212,222,LIE,PTFL,"BAJRAMOVIC, KENAN",2FGA,Missed Two Pointer,0,176,7,C,,,,18,03:00,36,31,
2007,TS,20,212,224,ARI,PKRF,"ILIADIS, SAVVAS",2FGA,Missed Two Pointer,0,43,64,C,,,,18,03:00,36,31,
2007,TS,20,212,226,LIE,PLOK,"VROMAN, JACKSON",2FGA,Missed Two Pointer,0,69,12,C,,,,18,03:00,36,31,
2007,TS,20,212,229,ARI,PKRF,"ILIADIS, SAVVAS",2FGA,Missed Two Pointer,0,-48,558,I,,,,19,02:00,36,31,
2007,TS,20,212,231,LIE,PLTT,"GECEVICIUS, MARTYNAS",3FGM,Three Pointer,3,-682,-53,F,,,,19,02:00,36,34,
2007,TS,20,212,235,ARI,PLGV,"MASSEY, JEREMIAH",FTM,Free Throw In,1,-1,-1, ,,,,19,02:00,37,34,
2007,TS,20,212,236,ARI,PLGV,"MASSEY, JEREMIAH",FTM,Free Throw In,1,-1,-1, ,,,,19,02:00,38,34,
2007,TS,20,212,240,LIE,PCOH,"PRICE, HOLLIS",3FGA,Missed Three Pointer,0,-33,682,J,,,,19,02:00,38,34,
2007,TS,20,212,243,LIE,PCOH,"PRICE, HOLLIS",2FGM,Two Pointer,2,-79,38,D,,,,20,01:00,38,36,
2007,TS,20,212,244,ARI,PLGM,"TSALDARIS, DIMITRIOS",2FGM,Two Pointer,2,310,179,B,,,,20,01:00,40,36,
2007,TS,20,212,265,ARI,PLGV,"MASSEY, JEREMIAH",2FGA,Missed Two Pointer,0,-74,43,D,,,,21,10:00,40,36,
2007,TS,20,212,269,LIE,PLOC,"EIDSON, CHUCK",2FGA,Missed Two Pointer,0,-238,517,I,,,,21,10:00,40,36,
2007,TS,20,212,271,ARI,PAPT,"BOISA, VLADIMER",2FGA,Missed Two Pointer,0,315,-20,B,,,,21,10:00,40,36,
2007,TS,20,212,273,ARI,PLGV,"MASSEY, JEREMIAH",2FGM,Two Pointer,2,7,23,C,,,,21,10:00,42,36,
2007,TS,20,212,277,ARI,PLGV,"MASSEY, JEREMIAH",2FGA,Missed Two Pointer,0,-12,135,D,,,,22,09:00,42,36,
2007,TS,20,212,279,ARI,PLGV,"MASSEY, JEREMIAH",2FGM,Two Pointer,2,12,51,C,,,,22,09:00,44,36,
2007,TS,20,212,286,LIE,PBUU,"LUKAUSKIS, MINDAUGAS",2FGA,Missed Two Pointer,0,76,48,C,,,,22,09:00,44,36,
2007,TS,20,212,289,LIE,PCOH,"PRICE, HOLLIS",2FGM,Two Pointer,2,-12,76,D,,,,23,08:00,44,38,
2007,TS,20,212,290,ARI,PLGM,"TSALDARIS, DIMITRIOS",3FGA,Missed Three Pointer,0,287,612,G,,,,23,08:00,44,38,
2007,TS,20,212,292,LIE,PLOC,"EIDSON, CHUCK",2FGA,Missed Two Pointer,0,176,41,C,,,,23,08:00,44,38,
2007,TS,20,212,294,LIE,PLOC,"EIDSON, CHUCK",2FGA,Missed Two Pointer,0,-5,51,D,,,,23,08:00,44,38,
2007,TS,20,212,297,ARI,PLSZ,"WASHINGTON, DARIUS",3FGM,Three Pointer,3,-479,466,J,,,,24,07:00,47,38,
2007,TS,20,212,304,ARI,PLSZ,"WASHINGTON, DARIUS",2FGA,Missed Two Pointer,0,82,15,C,,,,25,06:00,47,38,
2007,TS,20,212,309,LIE,PTFL,"BAJRAMOVIC, KENAN",2FGA,Missed Two Pointer,0,17,174,C,,,,25,06:00,47,38,
2007,TS,20,212,312,LIE,PLOC,"EIDSON, CHUCK",2FGAB,Missed Two Pointer,0,94,82,C,,,,25,06:00,47,38,
2007,TS,20,212,322,LIE,PTFL,"BAJRAMOVIC, KENAN",3FGA,Missed Three Pointer,0,-430,528,J,,,,26,05:00,47,38,
2007,TS,20,212,327,LIE,PJZN,"PETRAVICIUS, MARIJONAS",2FGM,Two Pointer,2,-43,51,D,,,,26,05:00,47,40,
2007,TS,20,212,336,LIE,PCOH,"PRICE, HOLLIS",FTM,Free Throw In,1,-1,-1, ,,,,26,05:00,47,41,
2007,TS,20,212,339,LIE,PCOH,"PRICE, HOLLIS",FTM,Free Throw In,1,-1,-1, ,,,,26,05:00,47,42,
2007,TS,20,212,341,LIE,PCOH,"PRICE, HOLLIS",3FGM,Three Pointer,3,-684,76,F,,,,26,05:00,47,45,
2007,TS,20,212,362,LIE,PBUU,"LUKAUSKIS, MINDAUGAS",2FGA,Missed Two Pointer,0,-89,58,D,,,,28,03:00,47,45,
2007,TS,20,212,367,ARI,PKRF,"ILIADIS, SAVVAS",FTM,Free Throw In,1,-1,-1, ,,,,28,03:00,48,45,
2007,TS,20,212,369,ARI,PTEO,"TERRY, REYSHAWN",3FGA,Missed Three Pointer,0,438,556,G,,,,28,03:00,48,45,
2007,TS,20,212,372,ARI,PTEO,"TERRY, REYSHAWN",2FGM,Two Pointer,2,-51,2,D,,,,29,02:00,50,45,
2007,TS,20,212,374,LIE,PBUU,"LUKAUSKIS, MINDAUGAS",3FGA,Missed Three Pointer,0,682,-25,A,,,,29,02:00,50,45,
2007,TS,20,212,378,ARI,PLSZ,"WASHINGTON, DARIUS",2FGM,Two Pointer,2,10,51,C,,,,29,02:00,52,45,
2007,TS,20,212,381,LIE,PBUX,"SLEZAS, ANDRIUS",3FGA,Missed Three Pointer,0,35,689,G,,,,30,01:00,52,45,
2007,TS,20,212,389,ARI,PLSZ,"WASHINGTON, DARIUS",FTM,Free Throw In,1,-1,-1, ,,,,30,01:00,53,45,
2007,TS,20,212,390,ARI,PLSZ,"WASHINGTON, DARIUS",FTM,Free Throw In,1,-1,-1, ,,,,30,01:00,54,45,
2007,TS,20,212,391,LIE,PKNS,"JOMANTAS, ARTURAS",2FGM,Two Pointer,2,-41,30,D,,,,30,01:00,54,47,
2007,TS,20,212,394,LIE,PKNS,"JOMANTAS, ARTURAS",FTM,Free Throw In,1,-1,-1, ,,,,30,01:00,54,48,
2007,TS,20,212,395,ARI,PLGM,"TSALDARIS, DIMITRIOS",3FGM,Three Pointer,3,-423,528,J,,,,30,01:00,57,48,
2007,TS,20,212,405,ARI,PKRF,"ILIADIS, SAVVAS",2FGM,Two Pointer,2,12,51,C,,,,31,10:00,59,48,
2007,TS,20,212,406,LIE,PLOK,"VROMAN, JACKSON",2FGM,Two Pointer,2,48,43,C,,,,31,10:00,59,50,
2007,TS,20,212,415,ARI,PLGV,"MASSEY, JEREMIAH",2FGAB,Missed Two Pointer,0,-53,310,D,,,,32,09:00,59,50,
2007,TS,20,212,419,ARI,PLGV,"MASSEY, JEREMIAH",2FGA,Missed Two Pointer,0,112,71,C,,,,32,09:00,59,50,
2007,TS,20,212,422,LIE,PKNS,"JOMANTAS, ARTURAS",2FGAB,Missed Two Pointer,0,10,74,C,,,,32,09:00,59,50,
2007,TS,20,212,425,ARI,PLGV,"MASSEY, JEREMIAH",2FGA,Missed Two Pointer,0,15,69,C,,,,32,09:00,59,50,
2007,TS,20,212,427,ARI,PTEO,"TERRY, REYSHAWN",2FGA,Missed Two Pointer,0,33,53,C,,,,32,09:00,59,50,
2007,TS,20,212,430,LIE,PLOK,"VROMAN, JACKSON",2FGM,Two Pointer,2,-33,53,D,,,,33,08:00,59,52,
2007,TS,20,212,435,ARI,PKRF,"ILIADIS, SAVVAS",3FGA,Missed Three Pointer,0,517,423,A,,,,33,08:00,59,52,
2007,TS,20,212,440,ARI,PLGV,"MASSEY, JEREMIAH",2FGM,Two Pointer,2,7,58,C,,,,33,08:00,61,52,
2007,TS,20,212,447,LIE,PTFL,"BAJRAMOVIC, KENAN",3FGM,Three Pointer,3,674,-33,A,,,,34,07:00,61,55,
2007,TS,20,212,454,ARI,PKRF,"ILIADIS, SAVVAS",FTM,Free Throw In,1,-1,-1, ,,,,34,07:00,62,55,
2007,TS,20,212,455,ARI,PKRF,"ILIADIS, SAVVAS",FTM,Free Throw In,1,-1,-1, ,,,,34,07:00,63,55,
2007,TS,20,212,459,LIE,PCOH,"PRICE, HOLLIS",3FGA,Missed Three Pointer,0,402,538,G,,,,35,06:00,63,55,
2007,TS,20,212,465,ARI,PLGM,"TSALDARIS, DIMITRIOS",FTM,Free Throw In,1,-1,-1, ,,,,35,06:00,64,55,
2007,TS,20,212,466,ARI,PLGM,"TSALDARIS, DIMITRIOS",FTM,Free Throw In,1,-1,-1, ,,,,35,06:00,65,55,
2007,TS,20,212,467,LIE,PLOC,"EIDSON, CHUCK",3FGM,Three Pointer,3,-461,497,J,,,,35,06:00,65,58,
2007,TS,20,212,469,ARI,PLGV,"MASSEY, JEREMIAH",2FGM,Two Pointer,2,-12,51,D,,,,35,06:00,67,58,
2007,TS,20,212,472,LIE,PTFL,"BAJRAMOVIC, KENAN",2FGM,Two Pointer,2,71,20,C,,,,36,05:00,67,60,
2007,TS,20,212,476,ARI,PKRF,"ILIADIS, SAVVAS",2FGAB,Missed Two Pointer,0,7,53,C,,,,36,05:00,67,60,
2007,TS,20,212,480,LIE,PLOC,"EIDSON, CHUCK",3FGA,Missed Three Pointer,0,625,217,A,,,,36,05:00,67,60,
2007,TS,20,212,482,ARI,PLGV,"MASSEY, JEREMIAH",2FGM,Two Pointer,2,182,35,C,,,,36,05:00,69,60,
2007,TS,20,212,486,LIE,P000703,"JORDAN, JARED",3FGA,Missed Three Pointer,0,-143,664,J,,,,37,04:00,69,60,
2007,TS,20,212,489,ARI,PTEO,"TERRY, REYSHAWN",2FGM,Two Pointer,2,58,17,C,,,,37,04:00,71,60,
2007,TS,20,212,494,ARI,PLGM,"TSALDARIS, DIMITRIOS",2FGAB,Missed Two Pointer,0,71,23,C,,,,37,04:00,71,60,
2007,TS,20,212,498,ARI,PLGV,"MASSEY, JEREMIAH",2FGAB,Missed Two Pointer,0,102,176,C,,,,37,04:00,71,60,
2007,TS,20,212,506,LIE,PTFL,"BAJRAMOVIC, KENAN",3FGA,Missed Three Pointer,0,69,684,G,,,,38,03:00,71,60,
2007,TS,20,212,512,ARI,PLSZ,"WASHINGTON, DARIUS",FTM,Free Throw In,1,-1,-1, ,,,,38,03:00,72,60,
2007,TS,20,212,513,ARI,PLSZ,"WASHINGTON, DARIUS",FTM,Free Throw In,1,-1,-1, ,,,,38,03:00,73,60,
2007,TS,20,212,514,LIE,PLOK,"VROMAN, JACKSON",2FGM,Two Pointer,2,5,161,C,,,,38,03:00,73,62,
2007,TS,20,212,516,ARI,PLGV,"MASSEY, JEREMIAH",2FGM,Two Pointer,2,0,64,D,,,,38,03:00,75,62,
2007,TS,20,212,518,LIE,PLTT,"GECEVICIUS, MARTYNAS",2FGM,Two Pointer,2,182,241,C,,,,38,03:00,75,64,
2007,TS,20,212,524,ARI,PLGM,"TSALDARIS, DIMITRIOS",FTM,Free Throw In,1,-1,-1, ,,,,39,02:00,76,64,
2007,TS,20,212,525,ARI,PLGM,"TSALDARIS, DIMITRIOS",FTM,Free Throw In,1,-1,-1, ,,,,39,02:00,77,64,
2007,TS,20,212,526,LIE,PLTT,"GECEVICIUS, MARTYNAS",2FGM,Two Pointer,2,-533,61,E,,,,39,02:00,77,66,
2007,TS,20,212,529,LIE,PTFL,"BAJRAMOVIC, KENAN",2FGM,Two Pointer,2,2,51,D,,,,39,02:00,77,68,
2007,TS,20,212,531,LIE,PTFL,"BAJRAMOVIC, KENAN",2FGA,Missed Two Pointer,0,7,66,C,,,,39,02:00,77,68,
2007,TS,20,212,535,LIE,PTFL,"BAJRAMOVIC, KENAN",2FGM,Two Pointer,2,-61,23,D,,,,39,02:00,77,70,
2007,TS,20,212,541,ARI,PLSZ,"WASHINGTON, DARIUS",FTM,Free Throw In,1,-1,-1, ,,,,40,01:00,78,70,
2007,TS,20,212,542,ARI,PLSZ,"WASHINGTON, DARIUS",FTM,Free Throw In,1,-1,-1, ,,,,40,01:00,79,70,
2007,TS,20,212,543,LIE,PLTT,"GECEVICIUS, MARTYNAS",2FGM,Two Pointer,2,71,17,C,,,,40,01:00,79,72,
2007,TS,20,212,547,ARI,PLGV,"MASSEY, JEREMIAH",FTM,Free Throw In,1,-1,-1, ,,,,40,01:00,80,72,
2007,TS,20,212,548,ARI,PLGV,"MASSEY, JEREMIAH",FTM,Free Throw In,1,-1,-1, ,,,,40,01:00,81,72,
2007,TS,20,212,551,LIE,PTFL,"BAJRAMOVIC, KENAN",3FGA,Missed Three Pointer,0,225,638,G,,,,40,01:00,81,72,
2007,TS,20,212,555,ARI,PTEO,"TERRY, REYSHAWN",FTM,Free Throw In,1,-1,-1, ,,,,40,01:00,82,72,
2007,TS,20,212,556,ARI,PTEO,"TERRY, REYSHAWN",FTM,Free Throw In,1,-1,-1, ,,,,40,01:00,83,72,
2007,TS,20,212,557,LIE,PBUX,"SLEZAS, ANDRIUS",3FGA,Missed Three Pointer,0,500,458,G,,,,40,01:00,83,72,
2007,TS,20,212,559,ARI,PLGV,"MASSEY, JEREMIAH",2FGA,Missed Two Pointer,0,-94,23,D,,,,40,01:00,83,72,
2007,TS,20,212,563,LIE,PLOC,"EIDSON, CHUCK",FTM,Free Throw In,1,-1,-1, ,,,,40,01:00,83,73,
2007,TS,20,212,564,LIE,PLOC,"EIDSON, CHUCK",FTM,Free Throw In,1,-1,-1, ,,,,40,01:00,83,74,
2007,TS,20,213,4,TEL,PAPB,"VUJCIC, NIKOLA",2FGM,Two Pointer,2,133,20,C,,,,1,10:00,2,0,
2007,TS,20,213,5,ZAL,PBDB,"COLLINS, DeJUAN",2FGA,Missed Two Pointer,0,343,284,B,,,,1,10:00,2,0,
2007,TS,20,213,7,TEL,PAOZ,"HALPERIN, YOTAM",2FGM,Two Pointer,2,100,112,C,,,,1,10:00,4,0,
2007,TS,20,213,8,ZAL,PANY,"SALENGA, DAINIUS",2FGA,Missed Two Pointer,0,-143,35,D,,,,1,10:00,4,0,
2007,TS,20,213,12,ZAL,PAHT,"BROWN, MARCUS",2FGM,Two Pointer,2,56,117,C,,,,1,10:00,4,2,
2007,TS,20,213,14,TEL,PCQD,"CUMMINGS, VONTEEGO",2FGM,Two Pointer,2,-151,451,I,,,,1,10:00,6,2,
2007,TS,20,213,15,ZAL,PAHT,"BROWN, MARCUS",3FGA,Missed Three Pointer,0,628,382,A,,,,1,10:00,6,2,
2007,TS,20,213,17,TEL,PJFO,"CASSPI, OMRI",2FGM,Two Pointer,2,-143,97,D,,,,1,10:00,8,2,
2007,TS,20,213,19,ZAL,PANY,"SALENGA, DAINIUS",2FGA,Missed Two Pointer,0,220,307,B,,,,1,10:00,8,2,
2007,TS,20,213,23,ZAL,PAHT,"BROWN, MARCUS",3FGM,Three Pointer,3,658,238,A,,,,3,08:00,8,5,
2007,TS,20,213,25,TEL,PAPB,"VUJCIC, NIKOLA",2FGAB,Missed Two Pointer,0,-125,161,D,,,,3,08:00,8,5,
2007,TS,20,213,29,TEL,PJFO,"CASSPI, OMRI",2FGA,Missed Two Pointer,0,-258,46,D,,,,3,08:00,8,5,
2007,TS,20,213,32,ZAL,PBWI,"JANKUNAS, PAULIUS",2FGM,Two Pointer,2,117,89,C,,,,3,08:00,8,7,
2007,TS,20,213,34,TEL,PAPB,"VUJCIC, NIKOLA",2FGM,Two Pointer,2,0,176,D,,,,3,08:00,10,7,
2007,TS,20,213,35,ZAL,PAHT,"BROWN, MARCUS",3FGA,Missed Three Pointer,0,-605,284,F,,,,3,08:00,10,7,
2007,TS,20,213,37,ZAL,PAHT,"BROWN, MARCUS",2FGA,Missed Two Pointer,0,-207,10,D,,,,3,08:00,10,7,
2007,TS,20,213,39,ZAL,PANY,"SALENGA, DAINIUS",2FGA,Missed Two Pointer,0,94,94,C,,,,3,08:00,10,7,
2007,TS,20,213,41,ZAL,PBWI,"JANKUNAS, PAULIUS",2FGM,Two Pointer,2,30,74,C,,,,3,08:00,10,9,
2007,TS,20,213,42,TEL,PAOZ,"HALPERIN, YOTAM",2FGM,Two Pointer,2,41,235,C,,,,3,08:00,12,9,
2007,TS,20,213,44,ZAL,PAHT,"BROWN, MARCUS",2FGAB,Missed Two Pointer,0,238,58,C,,,,3,08:00,12,9,
2007,TS,20,213,47,ZAL,PBDB,"COLLINS, DeJUAN",2FGA,Missed Two Pointer,0,74,148,C,,,,3,08:00,12,9,
2007,TS,20,213,49,ZAL,PAHT,"BROWN, MARCUS",2FGM,Two Pointer,2,58,176,C,,,,3,08:00,12,11,
2007,TS,20,213,51,TEL,PJFO,"CASSPI, OMRI",2FGA,Missed Two Pointer,0,-176,43,D,,,,3,08:00,12,11,
2007,TS,20,213,59,ZAL,PBDB,"COLLINS, DeJUAN",FTM,Free Throw In,1,-1,-1, ,,,,5,06:00,12,12,
2007,TS,20,213,60,TEL,PAOZ,"HALPERIN, YOTAM",2FGAB,Missed Two Pointer,0,-79,89,D,,,,5,06:00,12,12,
2007,TS,20,213,65,ZAL,PBDB,"COLLINS, DeJUAN",2FGM,Two Pointer,2,420,243,B,,,,5,06:00,12,14,
2007,TS,20,213,66,TEL,PAPB,"VUJCIC, NIKOLA",2FGA,Missed Two Pointer,0,-38,120,D,,,,5,06:00,12,14,
2007,TS,20,213,68,TEL,PJFO,"CASSPI, OMRI",2FGM,Two Pointer,2,35,92,C,,,,5,06:00,14,14,
2007,TS,20,213,69,ZAL,PBDB,"COLLINS, DeJUAN",2FGM,Two Pointer,2,-397,146,E,,,,5,06:00,14,16,
2007,TS,20,213,76,TEL,PAPB,"VUJCIC, NIKOLA",FTM,Free Throw In,1,-1,-1, ,,,,7,04:00,15,16,
2007,TS,20,213,79,ZAL,PJBX,"KALNIETIS, MANTAS",3FGA,Missed Three Pointer,0,615,220,A,,,,7,04:00,15,16,
2007,TS,20,213,81,ZAL,PBWI,"JANKUNAS, PAULIUS",2FGM,Two Pointer,2,15,61,C,,,,7,04:00,15,18,
2007,TS,20,213,84,ZAL,PJBX,"KALNIETIS, MANTAS",2FGA,Missed Two Pointer,0,251,264,B,,,,7,04:00,15,18,
2007,TS,20,213,86,TEL,PAOZ,"HALPERIN, YOTAM",3FGA,Missed Three Pointer,0,528,471,G,,,,7,04:00,15,18,
2007,TS,20,213,95,TEL,PDHD,"BATISTA, ESTEBAN",2FGAB,Missed Two Pointer,0,-30,102,D,,,,7,04:00,15,18,
2007,TS,20,213,98,TEL,PDHD,"BATISTA, ESTEBAN",2FGA,Missed Two Pointer,0,-135,30,D,,,,7,04:00,15,18,
2007,TS,20,213,100,ZAL,PBDB,"COLLINS, DeJUAN",3FGA,Missed Three Pointer,0,435,669,G,,,,7,04:00,15,18,
2007,TS,20,213,102,TEL,PDHD,"BATISTA, ESTEBAN",2FGM,Two Pointer,2,-110,30,D,,,,7,04:00,17,18,
2007,TS,20,213,104,ZAL,PBWI,"JANKUNAS, PAULIUS",2FGA,Missed Two Pointer,0,82,130,C,,,,7,04:00,17,18,
2007,TS,20,213,109,TEL,PDHD,"BATISTA, ESTEBAN",2FGA,Missed Two Pointer,0,25,56,C,,,,8,03:00,17,18,
2007,TS,20,213,111,TEL,PLFR,"BYNUM, WILL",2FGA,Missed Two Pointer,0,-56,82,D,,,,8,03:00,17,18,
2007,TS,20,213,113,TEL,PDHD,"BATISTA, ESTEBAN",2FGA,Missed Two Pointer,0,-148,23,D,,,,8,03:00,17,18,
2007,TS,20,213,115,ZAL,PJBX,"KALNIETIS, MANTAS",3FGA,Missed Three Pointer,0,564,502,G,,,,8,03:00,17,18,
2007,TS,20,213,117,TEL,PAOZ,"HALPERIN, YOTAM",2FGM,Two Pointer,2,100,97,C,,,,8,03:00,19,18,
2007,TS,20,213,121,ZAL,PBDB,"COLLINS, DeJUAN",2FGA,Missed Two Pointer,0,-48,258,D,,,,8,03:00,19,18,
2007,TS,20,213,123,TEL,PLFR,"BYNUM, WILL",2FGA,Missed Two Pointer,0,5,79,C,,,,8,03:00,19,18,
2007,TS,20,213,126,ZAL,PBCC,"MARKOTA, DAMIR",2FGM,Two Pointer,2,25,148,C,,,,8,03:00,19,20,
2007,TS,20,213,130,TEL,PDHD,"BATISTA, ESTEBAN",2FGM,Two Pointer,2,23,84,C,,,,10,01:00,21,20,
2007,TS,20,213,131,ZAL,PJBX,"KALNIETIS, MANTAS",3FGA,Missed Three Pointer,0,587,364,A,,,,10,01:00,21,20,
2007,TS,20,213,134,TEL,PAOZ,"HALPERIN, YOTAM",3FGM,Three Pointer,3,-384,1010,J,,,,10,01:00,24,20,
2007,TS,20,213,145,TEL,PLTS,"MORRIS, TERENCE",2FGA,Missed Two Pointer,0,-100,102,D,,,,11,10:00,24,20,
2007,TS,20,213,148,ZAL,PBCC,"MARKOTA, DAMIR",2FGAB,Missed Two Pointer,0,256,43,C,,,,11,10:00,24,20,
2007,TS,20,213,151,TEL,PDHD,"BATISTA, ESTEBAN",2FGM,Two Pointer,2,58,133,C,,,,11,10:00,26,20,
2007,TS,20,213,153,ZAL,PJBX,"KALNIETIS, MANTAS",3FGA,Missed Three Pointer,0,566,430,G,,,,11,10:00,26,20,
2007,TS,20,213,160,ZAL,PATP,"POPOVIC, MARKO",2FGA,Missed Two Pointer,0,392,264,B,,,,12,09:00,26,20,
2007,TS,20,213,163,TEL,PLTS,"MORRIS, TERENCE",3FGM,Three Pointer,3,-371,633,J,,,,12,09:00,29,20,
2007,TS,20,213,170,ZAL,PATP,"POPOVIC, MARKO",2FGM,Two Pointer,2,217,156,C,,,,13,08:00,29,22,
2007,TS,20,213,171,TEL,PBES,"BLUTHENTHAL, DAVID",2FGM,Two Pointer,2,-89,166,D,,,,13,08:00,31,22,
2007,TS,20,213,174,ZAL,PJCC,"MACIULIS, JONAS",3FGM,Three Pointer,3,643,184,A,,,,13,08:00,31,25,
2007,TS,20,213,175,TEL,PLFR,"BYNUM, WILL",2FGM,Two Pointer,2,-28,189,D,,,,13,08:00,33,25,
2007,TS,20,213,176,ZAL,PATP,"POPOVIC, MARKO",3FGA,Missed Three Pointer,0,641,358,A,,,,13,08:00,33,25,
2007,TS,20,213,179,TEL,PLTS,"MORRIS, TERENCE",2FGM,Two Pointer,2,-71,97,D,,,,13,08:00,35,25,
2007,TS,20,213,187,TEL,PLTS,"MORRIS, TERENCE",FTM,Free Throw In,1,-1,-1, ,,,,14,07:00,36,25,
2007,TS,20,213,188,ZAL,PJCC,"MACIULIS, JONAS",3FGA,Missed Three Pointer,0,594,389,A,,,,14,07:00,36,25,
2007,TS,20,213,193,TEL,PLFR,"BYNUM, WILL",2FGA,Missed Two Pointer,0,-269,110,E,,,,14,07:00,36,25,
2007,TS,20,213,194,ZAL,PAHT,"BROWN, MARCUS",2FGA,Missed Two Pointer,0,271,307,B,,,,14,07:00,36,25,
2007,TS,20,213,199,ZAL,PATP,"POPOVIC, MARKO",3FGA,Missed Three Pointer,0,564,407,A,,,,15,06:00,36,25,
2007,TS,20,213,201,ZAL,PADX,"ZUKAUSKAS, EURELIJUS",2FGA,Missed Two Pointer,0,61,158,C,,,,15,06:00,36,25,
2007,TS,20,213,202,TEL,PAOU,"SHARP, DERRICK",2FGM,Two Pointer,2,-61,76,D,,,,15,06:00,38,25,
2007,TS,20,213,205,ZAL,PATP,"POPOVIC, MARKO",2FGAB,Missed Two Pointer,0,207,189,C,,,,15,06:00,38,25,
2007,TS,20,213,208,TEL,PAOU,"SHARP, DERRICK",3FGA,Missed Three Pointer,0,-612,330,F,,,,15,06:00,38,25,
2007,TS,20,213,210,ZAL,PJCC,"MACIULIS, JONAS",3FGM,Three Pointer,3,510,784,G,,,,15,06:00,38,28,
2007,TS,20,213,214,ZAL,PAHT,"BROWN, MARCUS",2FGM,Two Pointer,2,133,128,C,,,,15,06:00,38,30,
2007,TS,20,213,217,TEL,PBES,"BLUTHENTHAL, DAVID",3FGA,Missed Three Pointer,0,-689,-33,F,,,,16,05:00,38,30,
2007,TS,20,213,220,ZAL,PADX,"ZUKAUSKAS, EURELIJUS",2FGAB,Missed Two Pointer,0,141,7,C,,,,16,05:00,38,30,
2007,TS,20,213,231,ZAL,PJCC,"MACIULIS, JONAS",2FGM,Two Pointer,2,10,66,C,,,,16,05:00,38,32,
2007,TS,20,213,236,ZAL,PBWI,"JANKUNAS, PAULIUS",2FGAB,Missed Two Pointer,0,5,282,C,,,,16,05:00,38,32,
2007,TS,20,213,251,TEL,PAPB,"VUJCIC, NIKOLA",2FGAB,Missed Two Pointer,0,-51,241,D,,,,18,03:00,38,32,
2007,TS,20,213,255,TEL,PAOZ,"HALPERIN, YOTAM",3FGA,Missed Three Pointer,0,-653,238,F,,,,18,03:00,38,32,
2007,TS,20,213,259,ZAL,PBWI,"JANKUNAS, PAULIUS",3FGM,Three Pointer,3,592,376,A,,,,18,03:00,38,35,
2007,TS,20,213,267,TEL,PAPB,"VUJCIC, NIKOLA",FTM,Free Throw In,1,-1,-1, ,,,,19,02:00,39,35,
2007,TS,20,213,268,ZAL,PBCC,"MARKOTA, DAMIR",2FGA,Missed Two Pointer,0,456,143,B,,,,19,02:00,39,35,
2007,TS,20,213,273,TEL,PAOZ,"HALPERIN, YOTAM",3FGM,Three Pointer,3,-702,-46,F,,,,20,01:00,42,35,
2007,TS,20,213,278,TEL,PBES,"BLUTHENTHAL, DAVID",3FGA,Missed Three Pointer,0,-679,-23,F,,,,20,01:00,42,35,
2007,TS,20,213,292,ZAL,PBCC,"MARKOTA, DAMIR",2FGA,Missed Two Pointer,0,92,115,C,,,,21,10:00,42,35,
2007,TS,20,213,294,TEL,PAPB,"VUJCIC, NIKOLA",2FGM,Two Pointer,2,-205,79,D,,,,21,10:00,44,35,
2007,TS,20,213,295,ZAL,P000459,"N'DIAYE, MAMADOU",2FGA,Missed Two Pointer,0,348,100,B,,,,21,10:00,44,35,
2007,TS,20,213,297,TEL,P000615,"GARCIA, ALEX",2FGA,Missed Two Pointer,0,30,105,C,,,,21,10:00,44,35,
2007,TS,20,213,299,ZAL,P000459,"N'DIAYE, MAMADOU",2FGA,Missed Two Pointer,0,200,228,C,,,,21,10:00,44,35,
2007,TS,20,213,301,TEL,PAPB,"VUJCIC, NIKOLA",2FGA,Missed Two Pointer,0,-184,441,I,,,,21,10:00,44,35,
2007,TS,20,213,303,ZAL,PBDB,"COLLINS, DeJUAN",2FGA,Missed Two Pointer,0,56,174,C,,,,21,10:00,44,35,
2007,TS,20,213,306,ZAL,PANY,"SALENGA, DAINIUS",2FGM,Two Pointer,2,105,53,C,,,,21,10:00,44,37,
2007,TS,20,213,310,TEL,PCQD,"CUMMINGS, VONTEEGO",3FGA,Missed Three Pointer,0,-628,369,F,,,,21,10:00,44,37,
2007,TS,20,213,311,ZAL,PBDB,"COLLINS, DeJUAN",2FGA,Missed Two Pointer,0,443,253,B,,,,21,10:00,44,37,
2007,TS,20,213,316,ZAL,PAHT,"BROWN, MARCUS",3FGM,Three Pointer,3,602,420,A,,,,21,10:00,44,40,
2007,TS,20,213,319,TEL,PAOZ,"HALPERIN, YOTAM",3FGA,Missed Three Pointer,0,-674,-7,F,,,,21,10:00,44,40,
2007,TS,20,213,321,TEL,PAPB,"VUJCIC, NIKOLA",2FGM,Two Pointer,2,-74,56,D,,,,21,10:00,46,40,
2007,TS,20,213,332,ZAL,PBCC,"MARKOTA, DAMIR",2FGAB,Missed Two Pointer,0,179,84,C,,,,25,06:00,46,40,
2007,TS,20,213,336,ZAL,PBCC,"MARKOTA, DAMIR",3FGA,Missed Three Pointer,0,597,425,A,,,,25,06:00,46,40,
2007,TS,20,213,337,TEL,PAOZ,"HALPERIN, YOTAM",2FGM,Two Pointer,2,-28,97,D,,,,25,06:00,48,40,
2007,TS,20,213,348,TEL,PDHD,"BATISTA, ESTEBAN",FTM,Free Throw In,1,-1,-1, ,,,,26,05:00,49,40,
2007,TS,20,213,351,TEL,PLTS,"MORRIS, TERENCE",2FGA,Missed Two Pointer,0,-253,112,E,,,,26,05:00,49,40,
2007,TS,20,213,353,ZAL,PBWI,"JANKUNAS, PAULIUS",3FGA,Missed Three Pointer,0,610,402,A,,,,26,05:00,49,40,
2007,TS,20,213,357,TEL,PDHD,"BATISTA, ESTEBAN",2FGM,Two Pointer,2,-125,115,D,,,,26,05:00,51,40,
2007,TS,20,213,358,ZAL,P000459,"N'DIAYE, MAMADOU",2FGAB,Missed Two Pointer,0,17,100,C,,,,26,05:00,51,40,
2007,TS,20,213,362,ZAL,PAHT,"BROWN, MARCUS",3FGA,Missed Three Pointer,0,610,505,G,,,,26,05:00,51,40,
2007,TS,20,213,365,TEL,PDHD,"BATISTA, ESTEBAN",2FGAB,Missed Two Pointer,0,-74,112,D,,,,26,05:00,51,40,
2007,TS,20,213,368,TEL,PAOZ,"HALPERIN, YOTAM",3FGM,Three Pointer,3,-684,48,F,,,,26,05:00,54,40,
2007,TS,20,213,377,ZAL,PAHT,"BROWN, MARCUS",3FGA,Missed Three Pointer,0,610,407,A,,,,28,03:00,54,40,
2007,TS,20,213,393,ZAL,PATP,"POPOVIC, MARKO",2FGAB,Missed Two Pointer,0,346,76,B,,,,29,02:00,54,40,
2007,TS,20,213,397,TEL,PJFO,"CASSPI, OMRI",2FGM,Two Pointer,2,-41,148,D,,,,29,02:00,56,40,
2007,TS,20,213,400,ZAL,PAHT,"BROWN, MARCUS",FTM,Free Throw In,1,-1,-1, ,,,,29,02:00,56,41,
2007,TS,20,213,401,ZAL,PAHT,"BROWN, MARCUS",FTM,Free Throw In,1,-1,-1, ,,,,29,02:00,56,42,
2007,TS,20,213,404,ZAL,PATP,"POPOVIC, MARKO",3FGA,Missed Three Pointer,0,115,774,G,,,,29,02:00,56,42,
2007,TS,20,213,411,TEL,PLTS,"MORRIS, TERENCE",FTM,Free Throw In,1,-1,-1, ,,,,30,01:00,57,42,
2007,TS,20,213,412,TEL,PLTS,"MORRIS, TERENCE",FTM,Free Throw In,1,-1,-1, ,,,,30,01:00,58,42,
2007,TS,20,213,417,ZAL,PBWI,"JANKUNAS, PAULIUS",2FGA,Missed Two Pointer,0,382,94,B,,,,30,01:00,58,42,
2007,TS,20,213,419,ZAL,P000459,"N'DIAYE, MAMADOU",2FGM,Two Pointer,2,-53,76,D,,,,30,01:00,58,44,
2007,TS,20,213,421,TEL,P000615,"GARCIA, ALEX",2FGM,Two Pointer,2,-43,535,I,,,,30,01:00,60,44,
2007,TS,20,213,424,ZAL,PATP,"POPOVIC, MARKO",FTM,Free Throw In,1,-1,-1, ,,,,30,01:00,60,45,
2007,TS,20,213,425,ZAL,PATP,"POPOVIC, MARKO",FTM,Free Throw In,1,-1,-1, ,,,,30,01:00,60,46,
2007,TS,20,213,436,ZAL,PBWI,"JANKUNAS, PAULIUS",FTM,Free Throw In,1,-1,-1, ,,,,31,10:00,60,47,
2007,TS,20,213,437,ZAL,PBWI,"JANKUNAS, PAULIUS",FTM,Free Throw In,1,-1,-1, ,,,,31,10:00,60,48,
2007,TS,20,213,440,TEL,PAOU,"SHARP, DERRICK",3FGA,Missed Three Pointer,0,-653,371,F,,,,31,10:00,60,48,
2007,TS,20,213,442,ZAL,PATP,"POPOVIC, MARKO",3FGM,Three Pointer,3,625,489,G,,,,31,10:00,60,51,
2007,TS,20,213,444,TEL,PAOU,"SHARP, DERRICK",3FGM,Three Pointer,3,-723,-17,F,,,,31,10:00,63,51,
2007,TS,20,213,451,ZAL,PJCC,"MACIULIS, JONAS",2FGM,Two Pointer,2,156,89,C,,,,32,09:00,63,53,
2007,TS,20,213,458,TEL,PAOZ,"HALPERIN, YOTAM",2FGA,Missed Two Pointer,0,-341,174,E,,,,33,08:00,63,53,
2007,TS,20,213,462,TEL,P000615,"GARCIA, ALEX",2FGM,Two Pointer,2,-117,107,D,,,,33,08:00,65,53,
2007,TS,20,213,463,ZAL,PAHT,"BROWN, MARCUS",2FGM,Two Pointer,2,-15,100,D,,,,33,08:00,65,55,
2007,TS,20,213,466,TEL,PAOU,"SHARP, DERRICK",3FGM,Three Pointer,3,-705,-35,F,,,,34,07:00,68,55,
2007,TS,20,213,467,ZAL,PATP,"POPOVIC, MARKO",2FGM,Two Pointer,2,0,128,D,,,,34,07:00,68,57,
2007,TS,20,213,468,TEL,PLTS,"MORRIS, TERENCE",2FGA,Missed Two Pointer,0,23,164,C,,,,34,07:00,68,57,
2007,TS,20,213,472,TEL,PAOU,"SHARP, DERRICK",3FGM,Three Pointer,3,-687,102,F,,,,34,07:00,71,57,
2007,TS,20,213,477,ZAL,PBDB,"COLLINS, DeJUAN",3FGA,Missed Three Pointer,0,623,358,A,,,,35,06:00,71,57,
2007,TS,20,213,480,TEL,PLTS,"MORRIS, TERENCE",2FGM,Two Pointer,2,46,51,C,,,,35,06:00,73,57,
2007,TS,20,213,483,ZAL,PBDB,"COLLINS, DeJUAN",2FGA,Missed Two Pointer,0,458,351,B,,,,35,06:00,73,57,
2007,TS,20,213,485,ZAL,PATP,"POPOVIC, MARKO",3FGA,Missed Three Pointer,0,697,79,A,,,,35,06:00,73,57,
2007,TS,20,213,487,TEL,P000615,"GARCIA, ALEX",2FGM,Two Pointer,2,-184,41,D,,,,35,06:00,75,57,
2007,TS,20,213,489,ZAL,PATP,"POPOVIC, MARKO",2FGM,Two Pointer,2,115,194,C,,,,35,06:00,75,59,
2007,TS,20,213,490,TEL,PLTS,"MORRIS, TERENCE",2FGA,Missed Two Pointer,0,-69,143,D,,,,35,06:00,75,59,
2007,TS,20,213,492,ZAL,PATP,"POPOVIC, MARKO",3FGA,Missed Three Pointer,0,579,515,G,,,,35,06:00,75,59,
2007,TS,20,213,494,ZAL,PJCC,"MACIULIS, JONAS",2FGM,Two Pointer,2,71,38,C,,,,35,06:00,75,61,
2007,TS,20,213,500,ZAL,PJCC,"MACIULIS, JONAS",FTM,Free Throw In,1,-1,-1, ,,,,35,06:00,75,62,
2007,TS,20,213,504,TEL,PLTS,"MORRIS, TERENCE",FTM,Free Throw In,1,-1,-1, ,,,,35,06:00,76,62,
2007,TS,20,213,509,ZAL,PJCC,"MACIULIS, JONAS",3FGA,Missed Three Pointer,0,174,753,G,,,,37,04:00,76,62,
2007,TS,20,213,511,TEL,PAPB,"VUJCIC, NIKOLA",2FGM,Two Pointer,2,-2,115,D,,,,37,04:00,78,62,
2007,TS,20,213,520,TEL,PAOU,"SHARP, DERRICK",3FGA,Missed Three Pointer,0,-558,512,J,,,,38,03:00,78,62,
2007,TS,20,213,522,ZAL,PBCC,"MARKOTA, DAMIR",2FGM,Two Pointer,2,-30,41,D,,,,38,03:00,78,64,
2007,TS,20,213,524,TEL,PAOZ,"HALPERIN, YOTAM",3FGA,Missed Three Pointer,0,284,623,G,,,,38,03:00,78,64,
2007,TS,20,213,530,TEL,PJFO,"CASSPI, OMRI",2FGM,Two Pointer,2,-17,94,D,,,,39,02:00,80,64,
2007,TS,20,213,531,ZAL,PBDB,"COLLINS, DeJUAN",2FGM,Two Pointer,2,107,564,H,,,,39,02:00,80,66,
2007,TS,20,213,533,TEL,PLGD,"ELIYAHU, LIOR",2FGA,Missed Two Pointer,0,-33,458,I,,,,40,01:00,80,66,
2007,TS,20,214,2,OLY,PJRF,"VASILOPOULOS, PANAGIOTIS",2FGA,Missed Two Pointer,0,-312,187,E,,,,1,10:00,0,0,
2007,TS,20,214,4,MAD,PAFB,"SEKULIC, BLAGOTA",2FGM,Two Pointer,2,107,123,C,,,,1,10:00,0,2,
2007,TS,20,214,7,OLY,PTFV,"WOODS, QYNTEL",2FGM,Two Pointer,2,-2,0,D,,,,2,09:00,2,2,
2007,TS,20,214,11,MAD,PAIT,"LOPEZ, RAUL",2FGM,Two Pointer,2,15,228,C,,,,3,08:00,2,4,
2007,TS,20,214,12,OLY,PCRR,"GREER, LYNN",3FGM,Three Pointer,3,2,684,G,,,,3,08:00,5,4,
2007,TS,20,214,14,MAD,PAAX,"REYES, FELIPE",2FGM,Two Pointer,2,-287,84,E,,,,3,08:00,5,6,
2007,TS,20,214,16,OLY,PJRF,"VASILOPOULOS, PANAGIOTIS",3FGM,Three Pointer,3,-441,515,J,,,,3,08:00,8,6,
2007,TS,20,214,20,MAD,PAJO,"BULLOCK, LOUIS",2FGAB,Missed Two Pointer,0,107,74,C,,,,4,07:00,8,6,
2007,TS,20,214,23,OLY,PAQU,"BOUROUSIS, IOANNIS",2FGM,Two Pointer,2,-5,-10,D,,,,4,07:00,10,6,
2007,TS,20,214,27,MAD,PAAX,"REYES, FELIPE",2FGA,Missed Two Pointer,0,241,151,B,,,,4,07:00,10,6,
2007,TS,20,214,29,MAD,PBFJ,"MUMBRU, ALEX",2FGM,Two Pointer,2,82,71,C,,,,4,07:00,10,8,
2007,TS,20,214,31,OLY,PAQU,"BOUROUSIS, IOANNIS",2FGA,Missed Two Pointer,0,-269,46,E,,,,5,06:00,10,8,
2007,TS,20,214,33,MAD,PAIT,"LOPEZ, RAUL",2FGM,Two Pointer,2,25,592,H,,,,5,06:00,10,10,
2007,TS,20,214,34,OLY,PCRR,"GREER, LYNN",2FGA,Missed Two Pointer,0,-30,61,D,,,,5,06:00,10,10,
2007,TS,20,214,36,MAD,PAJO,"BULLOCK, LOUIS",3FGA,Missed Three Pointer,0,469,474,G,,,,5,06:00,10,10,
2007,TS,20,214,39,OLY,PBFY,"BLAKNEY, RODERICK",3FGA,Missed Three Pointer,0,-594,341,F,,,,6,05:00,10,10,
2007,TS,20,214,45,OLY,PTFV,"WOODS, QYNTEL",3FGA,Missed Three Pointer,0,392,548,G,,,,6,05:00,10,10,
2007,TS,20,214,47,OLY,PJRF,"VASILOPOULOS, PANAGIOTIS",2FGA,Missed Two Pointer,0,-402,200,E,,,,6,05:00,10,10,
2007,TS,20,214,50,OLY,PTFV,"WOODS, QYNTEL",2FGM,Two Pointer,2,-20,258,D,,,,7,04:00,12,10,
2007,TS,20,214,56,OLY,PTFV,"WOODS, QYNTEL",2FGM,Two Pointer,2,-48,66,D,,,,7,04:00,14,10,
2007,TS,20,214,59,MAD,PAJO,"BULLOCK, LOUIS",3FGM,Three Pointer,3,653,107,A,,,,8,03:00,14,13,
2007,TS,20,214,61,OLY,PTFV,"WOODS, QYNTEL",3FGM,Three Pointer,3,-676,7,F,,,,8,03:00,17,13,
2007,TS,20,214,63,MAD,PAIT,"LOPEZ, RAUL",3FGM,Three Pointer,3,102,687,G,,,,8,03:00,17,16,
2007,TS,20,214,73,OLY,PAMM,"PRINTEZIS, GEORGIOS",2FGM,Two Pointer,2,-89,135,D,,,,9,02:00,19,16,
2007,TS,20,214,76,MAD,PAFB,"SEKULIC, BLAGOTA",2FGM,Two Pointer,2,89,53,C,,,,9,02:00,19,18,
2007,TS,20,214,78,OLY,PCRR,"GREER, LYNN",3FGA,Missed Three Pointer,0,482,494,G,,,,9,02:00,19,18,
2007,TS,20,214,87,MAD,PAPP,"PAPADOPOULOS, LAZAROS",2FGA,Missed Two Pointer,0,-164,133,D,,,,10,01:00,19,18,
2007,TS,20,214,97,MAD,PACK,"PELEKANOS, MICHALIS",2FGAB,Missed Two Pointer,0,-64,51,D,,,,10,01:00,19,18,
2007,TS,20,214,102,MAD,PACK,"PELEKANOS, MICHALIS",2FGA,Missed Two Pointer,0,-548,84,E,,,,10,01:00,19,18,
2007,TS,20,214,106,MAD,PAJO,"BULLOCK, LOUIS",3FGM,Three Pointer,3,602,351,A,,,,12,09:00,19,21,
2007,TS,20,214,108,OLY,P000126,"JACKSON, MARC",3FGM,Three Pointer,3,-17,664,J,,,,12,09:00,22,21,
2007,TS,20,214,112,OLY,PAMM,"PRINTEZIS, GEORGIOS",2FGA,Missed Two Pointer,0,-82,48,D,,,,12,09:00,22,21,
2007,TS,20,214,121,OLY,P000126,"JACKSON, MARC",3FGA,Missed Three Pointer,0,-492,492,J,,,,12,09:00,22,21,
2007,TS,20,214,123,OLY,P000126,"JACKSON, MARC",2FGM,Two Pointer,2,-117,58,D,,,,12,09:00,24,21,
2007,TS,20,214,127,MAD,PARR,"TUNCERI, KEREM",3FGA,Missed Three Pointer,0,-597,371,F,,,,13,08:00,24,21,
2007,TS,20,214,129,OLY,PALG,"VASILIADIS, KOSTAS",3FGA,Missed Three Pointer,0,451,474,G,,,,13,08:00,24,21,
2007,TS,20,214,135,OLY,PJDR,"TEODOSIC, MILOS",3FGM,Three Pointer,3,-458,492,J,,,,13,08:00,27,21,
2007,TS,20,214,137,MAD,PCTN,"SMITH, CHARLES",3FGA,Missed Three Pointer,0,-656,243,F,,,,14,07:00,27,21,
2007,TS,20,214,154,MAD,PAPP,"PAPADOPOULOS, LAZAROS",2FGA,Missed Two Pointer,0,-69,66,D,,,,15,06:00,27,21,
2007,TS,20,214,156,MAD,PCRF,"HERVELLE, AXEL",2FGM,Two Pointer,2,10,10,C,,,,15,06:00,27,23,
2007,TS,20,214,157,OLY,PCRR,"GREER, LYNN",3FGA,Missed Three Pointer,0,687,125,A,,,,15,06:00,27,23,
2007,TS,20,214,159,MAD,PACK,"PELEKANOS, MICHALIS",2FGM,Two Pointer,2,-15,87,D,,,,15,06:00,27,25,
2007,TS,20,214,161,OLY,PBFY,"BLAKNEY, RODERICK",3FGA,Missed Three Pointer,0,-15,746,J,,,,16,05:00,27,25,
2007,TS,20,214,163,OLY,P000126,"JACKSON, MARC",2FGM,Two Pointer,2,-112,130,D,,,,16,05:00,29,25,
2007,TS,20,214,165,MAD,PAPP,"PAPADOPOULOS, LAZAROS",2FGM,Two Pointer,2,-38,53,D,,,,16,05:00,29,27,
2007,TS,20,214,167,OLY,PTFV,"WOODS, QYNTEL",2FGA,Missed Two Pointer,0,-12,384,D,,,,17,04:00,29,27,
2007,TS,20,214,178,OLY,PCRR,"GREER, LYNN",2FGM,Two Pointer,2,5,100,C,,,,17,04:00,31,27,
2007,TS,20,214,186,MAD,PAIT,"LOPEZ, RAUL",2FGA,Missed Two Pointer,0,15,264,C,,,,18,03:00,31,27,
2007,TS,20,214,197,OLY,PJRF,"VASILOPOULOS, PANAGIOTIS",2FGA,Missed Two Pointer,0,187,135,C,,,,18,03:00,31,27,
2007,TS,20,214,200,MAD,PAIT,"LOPEZ, RAUL",3FGA,Missed Three Pointer,0,474,471,G,,,,19,02:00,31,27,
2007,TS,20,214,202,OLY,PCRR,"GREER, LYNN",2FGAB,Missed Two Pointer,0,-107,56,D,,,,19,02:00,31,27,
2007,TS,20,214,205,OLY,PJRF,"VASILOPOULOS, PANAGIOTIS",2FGM,Two Pointer,2,-58,25,D,,,,19,02:00,33,27,
2007,TS,20,214,214,MAD,PAJO,"BULLOCK, LOUIS",FTM,Free Throw In,1,-1,-1, ,,,,20,01:00,33,28,
2007,TS,20,214,215,MAD,PAJO,"BULLOCK, LOUIS",FTM,Free Throw In,1,-1,-1, ,,,,20,01:00,33,29,
2007,TS,20,214,216,OLY,PTFV,"WOODS, QYNTEL",3FGA,Missed Three Pointer,0,684,-30,A,,,,20,01:00,33,29,
2007,TS,20,214,221,MAD,PAJO,"BULLOCK, LOUIS",3FGA,Missed Three Pointer,0,520,425,A,,,,20,01:00,33,29,
2007,TS,20,214,223,OLY,PCRR,"GREER, LYNN",2FGAB,Missed Two Pointer,0,120,56,C,,,,20,01:00,33,29,
2007,TS,20,214,231,MAD,PBFJ,"MUMBRU, ALEX",3FGM,Three Pointer,3,530,451,G,,,,21,10:00,33,32,
2007,TS,20,214,233,OLY,PAQU,"BOUROUSIS, IOANNIS",3FGM,Three Pointer,3,-700,7,F,,,,21,10:00,36,32,
2007,TS,20,214,237,MAD,PAAX,"REYES, FELIPE",FTM,Free Throw In,1,-1,-1, ,,,,21,10:00,36,33,
2007,TS,20,214,238,MAD,PAAX,"REYES, FELIPE",FTM,Free Throw In,1,-1,-1, ,,,,21,10:00,36,34,
2007,TS,20,214,240,OLY,PJRF,"VASILOPOULOS, PANAGIOTIS",3FGM,Three Pointer,3,-7,669,J,,,,22,09:00,39,34,
2007,TS,20,214,241,MAD,PAIT,"LOPEZ, RAUL",3FGA,Missed Three Pointer,0,220,646,G,,,,22,09:00,39,34,
2007,TS,20,214,249,MAD,PAAX,"REYES, FELIPE",FTM,Free Throw In,1,-1,-1, ,,,,22,09:00,39,35,
2007,TS,20,214,255,OLY,PCRR,"GREER, LYNN",3FGA,Missed Three Pointer,0,-82,666,J,,,,23,08:00,39,35,
2007,TS,20,214,257,MAD,PAIT,"LOPEZ, RAUL",3FGA,Missed Three Pointer,0,307,646,G,,,,23,08:00,39,35,
2007,TS,20,214,259,MAD,PAAX,"REYES, FELIPE",2FGA,Missed Two Pointer,0,76,125,C,,,,23,08:00,39,35,
2007,TS,20,214,261,MAD,PCRF,"HERVELLE, AXEL",2FGM,Two Pointer,2,46,100,C,,,,23,08:00,39,37,
2007,TS,20,214,267,MAD,PAPP,"PAPADOPOULOS, LAZAROS",2FGM,Two Pointer,2,51,158,C,,,,24,07:00,39,39,
2007,TS,20,214,270,OLY,PAQU,"BOUROUSIS, IOANNIS",3FGA,Missed Three Pointer,0,194,676,G,,,,25,06:00,39,39,
2007,TS,20,214,277,MAD,PAJO,"BULLOCK, LOUIS",FTM,Free Throw In,1,-1,-1, ,,,,25,06:00,39,40,
2007,TS,20,214,278,MAD,PAJO,"BULLOCK, LOUIS",FTM,Free Throw In,1,-1,-1, ,,,,25,06:00,39,41,
2007,TS,20,214,279,MAD,PAIT,"LOPEZ, RAUL",3FGM,Three Pointer,3,-671,30,F,,,,25,06:00,39,44,
2007,TS,20,214,282,OLY,PTFV,"WOODS, QYNTEL",3FGA,Missed Three Pointer,0,179,664,G,,,,26,05:00,39,44,
2007,TS,20,214,285,MAD,PCRF,"HERVELLE, AXEL",2FGAB,Missed Two Pointer,0,115,46,C,,,,26,05:00,39,44,
2007,TS,20,214,288,OLY,PJRF,"VASILOPOULOS, PANAGIOTIS",2FGM,Two Pointer,2,-41,71,D,,,,26,05:00,41,44,
2007,TS,20,214,295,MAD,PCRF,"HERVELLE, AXEL",2FGA,Missed Two Pointer,0,-15,261,D,,,,27,04:00,41,44,
2007,TS,20,214,297,OLY,PJRF,"VASILOPOULOS, PANAGIOTIS",2FGM,Two Pointer,2,61,10,C,,,,27,04:00,43,44,
2007,TS,20,214,300,MAD,PCRF,"HERVELLE, AXEL",FTM,Free Throw In,1,-1,-1, ,,,,27,04:00,43,45,
2007,TS,20,214,301,MAD,PCRF,"HERVELLE, AXEL",FTM,Free Throw In,1,-1,-1, ,,,,27,04:00,43,46,
2007,TS,20,214,304,OLY,PJDR,"TEODOSIC, MILOS",FTM,Free Throw In,1,-1,-1, ,,,,27,04:00,44,46,
2007,TS,20,214,305,OLY,PJDR,"TEODOSIC, MILOS",FTM,Free Throw In,1,-1,-1, ,,,,27,04:00,45,46,
2007,TS,20,214,309,MAD,PBFJ,"MUMBRU, ALEX",2FGA,Missed Two Pointer,0,-92,207,D,,,,28,03:00,45,46,
2007,TS,20,214,311,OLY,PCRR,"GREER, LYNN",2FGM,Two Pointer,2,-102,120,D,,,,28,03:00,47,46,
2007,TS,20,214,312,MAD,PBFJ,"MUMBRU, ALEX",3FGA,Missed Three Pointer,0,10,707,G,,,,28,03:00,47,46,
2007,TS,20,214,315,MAD,PCRF,"HERVELLE, AXEL",2FGAB,Missed Two Pointer,0,-28,110,D,,,,29,02:00,47,46,
2007,TS,20,214,323,OLY,P000126,"JACKSON, MARC",2FGA,Missed Two Pointer,0,-46,38,D,,,,29,02:00,47,46,
2007,TS,20,214,326,OLY,PAMM,"PRINTEZIS, GEORGIOS",2FGA,Missed Two Pointer,0,-48,64,D,,,,29,02:00,47,46,
2007,TS,20,214,328,OLY,P000126,"JACKSON, MARC",2FGA,Missed Two Pointer,0,-51,38,D,,,,29,02:00,47,46,
2007,TS,20,214,331,OLY,PAMM,"PRINTEZIS, GEORGIOS",2FGA,Missed Two Pointer,0,-30,61,D,,,,29,02:00,47,46,
2007,TS,20,214,337,MAD,PAPP,"PAPADOPOULOS, LAZAROS",FTM,Free Throw In,1,-1,-1, ,,,,30,01:00,47,47,
2007,TS,20,214,340,MAD,PARR,"TUNCERI, KEREM",3FGA,Missed Three Pointer,0,569,382,A,,,,30,01:00,47,47,
2007,TS,20,214,344,OLY,PJDR,"TEODOSIC, MILOS",2FGM,Two Pointer,2,400,12,B,,,,30,01:00,49,47,
2007,TS,20,214,345,MAD,PARR,"TUNCERI, KEREM",2FGA,Missed Two Pointer,0,107,187,C,,,,30,01:00,49,47,
2007,TS,20,214,354,MAD,PCTN,"SMITH, CHARLES",2FGM,Two Pointer,2,82,133,C,,,,31,10:00,49,49,
2007,TS,20,214,355,OLY,PTFW,"TSAKALIDIS, JAKE",2FGA,Missed Two Pointer,0,-51,230,D,,,,31,10:00,49,49,
2007,TS,20,214,358,MAD,PCTN,"SMITH, CHARLES",2FGA,Missed Two Pointer,0,41,189,C,,,,32,09:00,49,49,
2007,TS,20,214,360,MAD,PAPP,"PAPADOPOULOS, LAZAROS",2FGM,Two Pointer,2,7,12,C,,,,32,09:00,49,51,
2007,TS,20,214,361,OLY,PJDR,"TEODOSIC, MILOS",3FGM,Three Pointer,3,0,682,J,,,,32,09:00,52,51,
2007,TS,20,214,368,OLY,PCRR,"GREER, LYNN",2FGA,Missed Two Pointer,0,0,212,D,,,,33,08:00,52,51,
2007,TS,20,214,374,OLY,PAMM,"PRINTEZIS, GEORGIOS",2FGA,Missed Two Pointer,0,376,120,B,,,,33,08:00,52,51,
2007,TS,20,214,377,MAD,PARR,"TUNCERI, KEREM",3FGA,Missed Three Pointer,0,538,684,G,,,,34,07:00,52,51,
2007,TS,20,214,381,OLY,PJRF,"VASILOPOULOS, PANAGIOTIS",3FGA,Missed Three Pointer,0,564,394,A,,,,34,07:00,52,51,
2007,TS,20,214,383,MAD,PAPP,"PAPADOPOULOS, LAZAROS",2FGAB,Missed Two Pointer,0,33,79,C,,,,34,07:00,52,51,
2007,TS,20,214,391,MAD,PAJO,"BULLOCK, LOUIS",3FGA,Missed Three Pointer,0,505,471,G,,,,35,06:00,52,51,
2007,TS,20,214,393,OLY,PCBV,"MACIJAUSKAS, ARVYDAS",2FGM,Two Pointer,2,64,82,C,,,,35,06:00,54,51,
2007,TS,20,214,402,OLY,PCBV,"MACIJAUSKAS, ARVYDAS",FTM,Free Throw In,1,-1,-1, ,,,,35,06:00,55,51,
2007,TS,20,214,403,MAD,PCTN,"SMITH, CHARLES",3FGA,Missed Three Pointer,0,-456,512,J,,,,35,06:00,55,51,
2007,TS,20,214,406,OLY,PTFW,"TSAKALIDIS, JAKE",2FGM,Two Pointer,2,-35,51,D,,,,36,05:00,57,51,
2007,TS,20,214,414,MAD,PAIT,"LOPEZ, RAUL",2FGA,Missed Two Pointer,0,-20,133,D,,,,36,05:00,57,51,
2007,TS,20,214,416,MAD,PAAX,"REYES, FELIPE",2FGA,Missed Two Pointer,0,92,115,C,,,,36,05:00,57,51,
2007,TS,20,214,421,OLY,PAQU,"BOUROUSIS, IOANNIS",3FGM,Three Pointer,3,-7,669,J,,,,37,04:00,60,51,
2007,TS,20,214,425,MAD,PCRF,"HERVELLE, AXEL",FTM,Free Throw In,1,-1,-1, ,,,,37,04:00,60,52,
2007,TS,20,214,426,MAD,PCRF,"HERVELLE, AXEL",FTM,Free Throw In,1,-1,-1, ,,,,37,04:00,60,53,
2007,TS,20,214,427,OLY,PJRF,"VASILOPOULOS, PANAGIOTIS",3FGA,Missed Three Pointer,0,-30,702,J,,,,37,04:00,60,53,
2007,TS,20,214,430,MAD,PAIT,"LOPEZ, RAUL",3FGM,Three Pointer,3,-433,548,J,,,,38,03:00,60,56,
2007,TS,20,214,432,OLY,PBFY,"BLAKNEY, RODERICK",2FGM,Two Pointer,2,330,266,B,,,,38,03:00,62,56,
2007,TS,20,214,433,MAD,PBFJ,"MUMBRU, ALEX",2FGA,Missed Two Pointer,0,-261,348,E,,,,38,03:00,62,56,
2007,TS,20,214,435,MAD,PAIT,"LOPEZ, RAUL",3FGA,Missed Three Pointer,0,-374,587,J,,,,38,03:00,62,56,
2007,TS,20,214,448,MAD,PBFJ,"MUMBRU, ALEX",3FGA,Missed Three Pointer,0,507,471,G,,,,39,02:00,62,56,
2007,TS,20,214,455,MAD,PAJO,"BULLOCK, LOUIS",3FGA,Missed Three Pointer,0,30,676,G,,,,39,02:00,62,56,
2007,TS,20,214,461,OLY,PCRR,"GREER, LYNN",FTM,Free Throw In,1,-1,-1, ,,,,39,02:00,63,56,
2007,TS,20,214,462,OLY,PCRR,"GREER, LYNN",FTM,Free Throw In,1,-1,-1, ,,,,39,02:00,64,56,
2007,TS,20,214,468,OLY,PBFY,"BLAKNEY, RODERICK",FTM,Free Throw In,1,-1,-1, ,,,,40,01:00,65,56,
2007,TS,20,214,469,OLY,PBFY,"BLAKNEY, RODERICK",FTM,Free Throw In,1,-1,-1, ,,,,40,01:00,66,56,
2007,TS,20,214,472,MAD,PCRF,"HERVELLE, AXEL",2FGM,Two Pointer,2,-97,35,D,,,,40,01:00,66,58,
2007,TS,20,214,474,OLY,PJRF,"VASILOPOULOS, PANAGIOTIS",2FGM,Two Pointer,2,0,5,D,,,,40,01:00,68,58,
2007,TS,20,214,478,MAD,PAIT,"LOPEZ, RAUL",FTM,Free Throw In,1,-1,-1, ,,,,40,01:00,68,59,
2007,TS,20,214,479,MAD,PAIT,"LOPEZ, RAUL",FTM,Free Throw In,1,-1,-1, ,,,,40,01:00,68,60,
2007,TS,20,214,484,OLY,PAMM,"PRINTEZIS, GEORGIOS",FTM,Free Throw In,1,-1,-1, ,,,,40,01:00,69,60,
2007,TS,20,214,489,MAD,PAIT,"LOPEZ, RAUL",FTM,Free Throw In,1,-1,-1, ,,,,40,01:00,69,61,
2007,TS,20,214,492,MAD,PCRF,"HERVELLE, AXEL",2FGM,Two Pointer,2,-15,56,D,,,,40,01:00,69,63,
2007,TS,20,214,500,OLY,PCBV,"MACIJAUSKAS, ARVYDAS",FTM,Free Throw In,1,-1,-1, ,,,,40,01:00,70,63,
2007,TS,20,214,503,MAD,PARR,"TUNCERI, KEREM",3FGA,Missed Three Pointer,0,600,405,A,,,,40,01:00,70,63,
2007,TS,20,214,507,OLY,PJDR,"TEODOSIC, MILOS",FTM,Free Throw In,1,-1,-1, ,,,,40,01:00,71,63,
2007,TS,20,214,508,OLY,PJDR,"TEODOSIC, MILOS",FTM,Free Throw In,1,-1,-1, ,,,,40,01:00,72,63,
2007,TS,20,214,509,MAD,PCTN,"SMITH, CHARLES",2FGA,Missed Two Pointer,0,-130,553,I,,,,40,01:00,72,63,
2007,TS,20,215,3,ROM,PADB,"DE LA FUENTE, RODRIGO",2FGA,Missed Two Pointer,0,171,338,C,,,,1,10:00,0,0,
2007,TS,20,215,5,MAL,PBOV,"POPOVIC, BOJAN",2FGM,Two Pointer,2,-243,10,D,,,,1,10:00,2,0,
2007,TS,20,215,7,ROM,PCJA,"UKIC, ROKO-LENI",2FGA,Missed Two Pointer,0,-276,494,I,,,,2,09:00,2,0,
2007,TS,20,215,9,MAL,PKMV,"HAISLIP, MARCUS",2FGA,Missed Two Pointer,0,-10,61,D,,,,2,09:00,2,0,
2007,TS,20,215,11,MAL,PKMV,"HAISLIP, MARCUS",2FGM,Two Pointer,2,-2,7,D,,,,2,09:00,4,0,
2007,TS,20,215,13,ROM,PADB,"DE LA FUENTE, RODRIGO",2FGM,Two Pointer,2,41,10,C,,,,2,09:00,4,2,
2007,TS,20,215,18,ROM,PBWL,"LORBEK, ERAZEM",2FGA,Missed Two Pointer,0,28,125,C,,,,3,08:00,4,2,
2007,TS,20,215,22,MAL,PAGQ,"WELSCH, JIRI",3FGA,Missed Three Pointer,0,-664,120,F,,,,3,08:00,4,2,
2007,TS,20,215,29,MAL,PAAS,"JIMENEZ, CARLOS",3FGM,Three Pointer,3,-635,192,F,,,,3,08:00,7,2,
2007,TS,20,215,38,ROM,PBWL,"LORBEK, ERAZEM",3FGA,Missed Three Pointer,0,-435,533,J,,,,4,07:00,7,2,
2007,TS,20,215,44,MAL,PKMV,"HAISLIP, MARCUS",FTM,Free Throw In,1,-1,-1, ,,,,4,07:00,8,2,
2007,TS,20,215,48,ROM,PKZA,"HAWKINS, DAVID",2FGA,Missed Two Pointer,0,-120,469,I,,,,5,06:00,8,2,
2007,TS,20,215,50,MAL,PKMV,"HAISLIP, MARCUS",2FGA,Missed Two Pointer,0,82,-2,C,,,,5,06:00,8,2,
2007,TS,20,215,54,MAL,PKMV,"HAISLIP, MARCUS",2FGM,Two Pointer,2,105,17,C,,,,6,05:00,10,2,
2007,TS,20,215,56,ROM,PADB,"DE LA FUENTE, RODRIGO",2FGM,Two Pointer,2,-92,17,D,,,,6,05:00,10,4,
2007,TS,20,215,57,MAL,PAGQ,"WELSCH, JIRI",3FGA,Missed Three Pointer,0,351,600,G,,,,6,05:00,10,4,
2007,TS,20,215,60,ROM,PCJA,"UKIC, ROKO-LENI",2FGM,Two Pointer,2,10,148,C,,,,7,04:00,10,6,
2007,TS,20,215,67,MAL,PAGQ,"WELSCH, JIRI",FTM,Free Throw In,1,-1,-1, ,,,,7,04:00,11,6,
2007,TS,20,215,68,MAL,PAGQ,"WELSCH, JIRI",FTM,Free Throw In,1,-1,-1, ,,,,7,04:00,12,6,
2007,TS,20,215,69,ROM,PCJA,"UKIC, ROKO-LENI",3FGA,Missed Three Pointer,0,689,-20,A,,,,7,04:00,12,6,
2007,TS,20,215,73,MAL,PTGE,"NDONG, BONIFACE",FTM,Free Throw In,1,-1,-1, ,,,,7,04:00,13,6,
2007,TS,20,215,74,MAL,PTGE,"NDONG, BONIFACE",FTM,Free Throw In,1,-1,-1, ,,,,7,04:00,14,6,
2007,TS,20,215,82,MAL,PAAS,"JIMENEZ, CARLOS",3FGM,Three Pointer,3,-671,20,F,,,,8,03:00,17,6,
2007,TS,20,215,83,ROM,PCJA,"UKIC, ROKO-LENI",2FGA,Missed Two Pointer,0,53,525,H,,,,8,03:00,17,6,
2007,TS,20,215,85,MAL,PTGE,"NDONG, BONIFACE",2FGA,Missed Two Pointer,0,-228,41,D,,,,8,03:00,17,6,
2007,TS,20,215,90,ROM,PADP,"FUCKA, GREGOR",2FGM,Two Pointer,2,48,5,C,,,,8,03:00,17,8,
2007,TS,20,215,91,MAL,PKMV,"HAISLIP, MARCUS",2FGA,Missed Two Pointer,0,187,79,C,,,,8,03:00,17,8,
2007,TS,20,215,94,ROM,PLUK,"STEFANSSON, JON",3FGA,Missed Three Pointer,0,-69,702,J,,,,9,02:00,17,8,
2007,TS,20,215,103,MAL,PAGQ,"WELSCH, JIRI",FTM,Free Throw In,1,-1,-1, ,,,,10,01:00,18,8,
2007,TS,20,215,104,MAL,PAGQ,"WELSCH, JIRI",FTM,Free Throw In,1,-1,-1, ,,,,10,01:00,19,8,
2007,TS,20,215,113,ROM,PKZA,"HAWKINS, DAVID",FTM,Free Throw In,1,-1,-1, ,,,,10,01:00,19,9,
2007,TS,20,215,114,ROM,PKZA,"HAWKINS, DAVID",FTM,Free Throw In,1,-1,-1, ,,,,10,01:00,19,10,
2007,TS,20,215,117,ROM,P000753,"JAABER, IBRAHIM IBIN",2FGM,Two Pointer,2,-35,43,D,,,,10,01:00,19,12,
2007,TS,20,215,124,ROM,PLUK,"STEFANSSON, JON",3FGA,Missed Three Pointer,0,71,682,G,,,,10,01:00,19,12,
2007,TS,20,215,131,MAL,PBIM,"GABRIEL, GERMAN",3FGA,Missed Three Pointer,0,592,328,A,,,,11,10:00,19,12,
2007,TS,20,215,134,ROM,PLUK,"STEFANSSON, JON",3FGM,Three Pointer,3,-602,282,F,,,,11,10:00,19,15,
2007,TS,20,215,139,ROM,PADP,"FUCKA, GREGOR",FTM,Free Throw In,1,-1,-1, ,,,,11,10:00,19,16,
2007,TS,20,215,142,MAL,P000002,"PRESTES, PAULO",2FGA,Missed Two Pointer,0,-202,41,D,,,,11,10:00,19,16,
2007,TS,20,215,148,ROM,PADP,"FUCKA, GREGOR",2FGM,Two Pointer,2,512,48,B,,,,12,09:00,19,18,
2007,TS,20,215,149,MAL,PAWS,"RODRIGUEZ, BERNI",3FGA,Missed Three Pointer,0,-687,-17,F,,,,12,09:00,19,18,
2007,TS,20,215,159,MAL,PAWS,"RODRIGUEZ, BERNI",3FGA,Missed Three Pointer,0,538,423,A,,,,13,08:00,19,18,
2007,TS,20,215,165,MAL,PJXV,"CASTLE, TERREL",2FGAB,Missed Two Pointer,0,41,5,C,,,,13,08:00,19,18,
2007,TS,20,215,170,MAL,PBIM,"GABRIEL, GERMAN",2FGA,Missed Two Pointer,0,151,97,C,,,,14,07:00,19,18,
2007,TS,20,215,177,MAL,PAFJ,"KUS, DAVOR",2FGA,Missed Two Pointer,0,7,584,H,,,,14,07:00,19,18,
2007,TS,20,215,179,ROM,P000753,"JAABER, IBRAHIM IBIN",2FGA,Missed Two Pointer,0,33,466,H,,,,14,07:00,19,18,
2007,TS,20,215,184,MAL,PBIM,"GABRIEL, GERMAN",2FGM,Two Pointer,2,-79,125,D,,,,15,06:00,21,18,
2007,TS,20,215,185,ROM,PCJA,"UKIC, ROKO-LENI",2FGA,Missed Two Pointer,0,41,358,C,,,,15,06:00,21,18,
2007,TS,20,215,188,MAL,PBIM,"GABRIEL, GERMAN",2FGM,Two Pointer,2,-384,10,E,,,,16,05:00,23,18,
2007,TS,20,215,192,ROM,P000753,"JAABER, IBRAHIM IBIN",3FGA,Missed Three Pointer,0,502,471,G,,,,16,05:00,23,18,
2007,TS,20,215,194,ROM,PADB,"DE LA FUENTE, RODRIGO",2FGM,Two Pointer,2,-61,-10,D,,,,16,05:00,23,20,
2007,TS,20,215,195,MAL,PJXV,"CASTLE, TERREL",3FGM,Three Pointer,3,533,394,A,,,,16,05:00,26,20,
2007,TS,20,215,198,ROM,PCJA,"UKIC, ROKO-LENI",3FGM,Three Pointer,3,602,323,A,,,,17,04:00,26,23,
2007,TS,20,215,199,MAL,PAFJ,"KUS, DAVOR",3FGA,Missed Three Pointer,0,676,28,A,,,,17,04:00,26,23,
2007,TS,20,215,203,ROM,PADP,"FUCKA, GREGOR",2FGM,Two Pointer,2,58,17,C,,,,17,04:00,26,25,
2007,TS,20,215,205,MAL,PJXV,"CASTLE, TERREL",3FGM,Three Pointer,3,-600,320,F,,,,18,03:00,29,25,
2007,TS,20,215,206,ROM,PCJA,"UKIC, ROKO-LENI",2FGM,Two Pointer,2,-107,148,D,,,,18,03:00,29,27,
2007,TS,20,215,207,MAL,PBIM,"GABRIEL, GERMAN",2FGAB,Missed Two Pointer,0,161,51,C,,,,18,03:00,29,27,
2007,TS,20,215,212,ROM,PADB,"DE LA FUENTE, RODRIGO",2FGM,Two Pointer,2,-43,-7,D,,,,18,03:00,29,29,
2007,TS,20,215,225,MAL,PBOV,"POPOVIC, BOJAN",3FGA,Missed Three Pointer,0,-2,671,J,,,,19,02:00,29,29,
2007,TS,20,215,238,MAL,PAGQ,"WELSCH, JIRI",2FGM,Two Pointer,2,-56,-2,D,,,,20,01:00,31,29,
2007,TS,20,215,245,MAL,PBOV,"POPOVIC, BOJAN",FTM,Free Throw In,1,-1,-1, ,,,,20,01:00,32,29,
2007,TS,20,215,246,MAL,PBOV,"POPOVIC, BOJAN",FTM,Free Throw In,1,-1,-1, ,,,,20,01:00,33,29,
2007,TS,20,215,249,ROM,P000753,"JAABER, IBRAHIM IBIN",2FGAB,Missed Two Pointer,0,335,202,B,,,,20,01:00,33,29,
2007,TS,20,215,267,ROM,P000753,"JAABER, IBRAHIM IBIN",2FGA,Missed Two Pointer,0,269,453,H,,,,21,10:00,33,29,
2007,TS,20,215,271,MAL,PKMV,"HAISLIP, MARCUS",2FGM,Two Pointer,2,-48,-12,D,,,,21,10:00,35,29,
2007,TS,20,215,274,MAL,PKMV,"HAISLIP, MARCUS",FTM,Free Throw In,1,-1,-1, ,,,,21,10:00,36,29,
2007,TS,20,215,276,ROM,PJKN,"GABINI, ROBERTO",3FGA,Missed Three Pointer,0,-328,605,J,,,,22,09:00,36,29,
2007,TS,20,215,278,MAL,PBOV,"POPOVIC, BOJAN",2FGM,Two Pointer,2,94,25,C,,,,22,09:00,38,29,
2007,TS,20,215,282,ROM,PADP,"FUCKA, GREGOR",2FGM,Two Pointer,2,0,46,D,,,,22,09:00,38,31,
2007,TS,20,215,284,MAL,PBOV,"POPOVIC, BOJAN",2FGM,Two Pointer,2,-66,15,D,,,,23,08:00,40,31,
2007,TS,20,215,291,MAL,PBOV,"POPOVIC, BOJAN",FTM,Free Throw In,1,-1,-1, ,,,,23,08:00,41,31,
2007,TS,20,215,295,ROM,PADB,"DE LA FUENTE, RODRIGO",FTM,Free Throw In,1,-1,-1, ,,,,23,08:00,41,32,
2007,TS,20,215,299,MAL,PAGQ,"WELSCH, JIRI",3FGM,Three Pointer,3,-407,548,J,,,,23,08:00,44,32,
2007,TS,20,215,301,ROM,PCJA,"UKIC, ROKO-LENI",2FGA,Missed Two Pointer,0,-205,202,D,,,,24,07:00,44,32,
2007,TS,20,215,312,MAL,PAGQ,"WELSCH, JIRI",FTM,Free Throw In,1,-1,-1, ,,,,24,07:00,45,32,
2007,TS,20,215,315,ROM,PCJA,"UKIC, ROKO-LENI",2FGA,Missed Two Pointer,0,-210,243,D,,,,25,06:00,45,32,
2007,TS,20,215,317,ROM,PCJA,"UKIC, ROKO-LENI",2FGM,Two Pointer,2,76,107,C,,,,25,06:00,45,34,
2007,TS,20,215,318,MAL,PKMV,"HAISLIP, MARCUS",2FGA,Missed Two Pointer,0,-87,53,D,,,,25,06:00,45,34,
2007,TS,20,215,321,ROM,PADB,"DE LA FUENTE, RODRIGO",3FGM,Three Pointer,3,-676,15,F,,,,25,06:00,45,37,
2007,TS,20,215,334,ROM,PJKN,"GABINI, ROBERTO",3FGM,Three Pointer,3,89,674,G,,,,26,05:00,45,40,
2007,TS,20,215,336,MAL,PAGQ,"WELSCH, JIRI",3FGA,Missed Three Pointer,0,497,479,G,,,,27,04:00,45,40,
2007,TS,20,215,338,MAL,PAAS,"JIMENEZ, CARLOS",3FGA,Missed Three Pointer,0,689,23,A,,,,27,04:00,45,40,
2007,TS,20,215,340,ROM,PADP,"FUCKA, GREGOR",3FGA,Missed Three Pointer,0,74,669,G,,,,27,04:00,45,40,
2007,TS,20,215,346,MAL,PAAS,"JIMENEZ, CARLOS",FTM,Free Throw In,1,-1,-1, ,,,,27,04:00,46,40,
2007,TS,20,215,351,ROM,PLUK,"STEFANSSON, JON",2FGM,Two Pointer,2,35,-2,C,,,,28,03:00,46,42,
2007,TS,20,215,358,ROM,PLUK,"STEFANSSON, JON",FTM,Free Throw In,1,-1,-1, ,,,,28,03:00,46,43,
2007,TS,20,215,365,MAL,PAAS,"JIMENEZ, CARLOS",3FGM,Three Pointer,3,169,653,G,,,,28,03:00,49,43,
2007,TS,20,215,366,ROM,PCJA,"UKIC, ROKO-LENI",2FGA,Missed Two Pointer,0,110,94,C,,,,28,03:00,49,43,
2007,TS,20,215,369,MAL,PAAS,"JIMENEZ, CARLOS",FTM,Free Throw In,1,-1,-1, ,,,,28,03:00,50,43,
2007,TS,20,215,370,MAL,PAAS,"JIMENEZ, CARLOS",FTM,Free Throw In,1,-1,-1, ,,,,28,03:00,51,43,
2007,TS,20,215,372,ROM,PCJA,"UKIC, ROKO-LENI",3FGA,Missed Three Pointer,0,-417,548,J,,,,29,02:00,51,43,
2007,TS,20,215,374,ROM,PLUK,"STEFANSSON, JON",2FGA,Missed Two Pointer,0,-435,158,E,,,,29,02:00,51,43,
2007,TS,20,215,379,MAL,PJXV,"CASTLE, TERREL",3FGM,Three Pointer,3,-671,89,F,,,,29,02:00,54,43,
2007,TS,20,215,384,ROM,PKZA,"HAWKINS, DAVID",FTM,Free Throw In,1,-1,-1, ,,,,30,01:00,54,44,
2007,TS,20,215,389,ROM,PKZA,"HAWKINS, DAVID",FTM,Free Throw In,1,-1,-1, ,,,,30,01:00,54,45,
2007,TS,20,215,390,ROM,PKZA,"HAWKINS, DAVID",FTM,Free Throw In,1,-1,-1, ,,,,30,01:00,54,46,
2007,TS,20,215,396,ROM,PKZA,"HAWKINS, DAVID",2FGA,Missed Two Pointer,0,-248,53,D,,,,30,01:00,54,46,
2007,TS,20,215,409,ROM,P000753,"JAABER, IBRAHIM IBIN",2FGAB,Missed Two Pointer,0,38,-2,C,,,,31,10:00,54,46,
2007,TS,20,215,415,MAL,PAWS,"RODRIGUEZ, BERNI",2FGA,Missed Two Pointer,0,107,69,C,,,,31,10:00,54,46,
2007,TS,20,215,418,ROM,PADP,"FUCKA, GREGOR",2FGA,Missed Two Pointer,0,-51,166,D,,,,32,09:00,54,46,
2007,TS,20,215,435,ROM,PKZA,"HAWKINS, DAVID",2FGAB,Missed Two Pointer,0,-33,174,D,,,,32,09:00,54,46,
2007,TS,20,215,446,ROM,PKZA,"HAWKINS, DAVID",FTM,Free Throw In,1,-1,-1, ,,,,33,08:00,54,47,
2007,TS,20,215,447,ROM,PKZA,"HAWKINS, DAVID",FTM,Free Throw In,1,-1,-1, ,,,,33,08:00,54,48,
2007,TS,20,215,449,MAL,PAWS,"RODRIGUEZ, BERNI",3FGM,Three Pointer,3,-397,584,J,,,,33,08:00,57,48,
2007,TS,20,215,450,ROM,PKZA,"HAWKINS, DAVID",3FGA,Missed Three Pointer,0,-343,610,J,,,,33,08:00,57,48,
2007,TS,20,215,454,MAL,PAGQ,"WELSCH, JIRI",3FGM,Three Pointer,3,671,166,A,,,,34,07:00,60,48,
2007,TS,20,215,456,ROM,PLUK,"STEFANSSON, JON",2FGA,Missed Two Pointer,0,-58,210,D,,,,34,07:00,60,48,
2007,TS,20,215,459,MAL,PTGE,"NDONG, BONIFACE",2FGM,Two Pointer,2,71,15,C,,,,34,07:00,62,48,
2007,TS,20,215,462,MAL,PTGE,"NDONG, BONIFACE",FTM,Free Throw In,1,-1,-1, ,,,,34,07:00,63,48,
2007,TS,20,215,463,ROM,P000753,"JAABER, IBRAHIM IBIN",2FGM,Two Pointer,2,46,41,C,,,,34,07:00,63,50,
2007,TS,20,215,467,ROM,PADP,"FUCKA, GREGOR",3FGA,Missed Three Pointer,0,-346,617,J,,,,35,06:00,63,50,
2007,TS,20,215,469,MAL,PJXV,"CASTLE, TERREL",2FGA,Missed Two Pointer,0,56,123,C,,,,35,06:00,63,50,
2007,TS,20,215,472,ROM,P000753,"JAABER, IBRAHIM IBIN",2FGAB,Missed Two Pointer,0,94,61,C,,,,35,06:00,63,50,
2007,TS,20,215,488,MAL,PTGE,"NDONG, BONIFACE",FTM,Free Throw In,1,-1,-1, ,,,,36,05:00,64,50,
2007,TS,20,215,489,MAL,PTGE,"NDONG, BONIFACE",FTM,Free Throw In,1,-1,-1, ,,,,36,05:00,65,50,
2007,TS,20,215,490,ROM,P000753,"JAABER, IBRAHIM IBIN",2FGA,Missed Two Pointer,0,112,10,C,,,,36,05:00,65,50,
2007,TS,20,215,492,ROM,P000753,"JAABER, IBRAHIM IBIN",2FGA,Missed Two Pointer,0,61,7,C,,,,36,05:00,65,50,
2007,TS,20,215,498,MAL,PJXV,"CASTLE, TERREL",FTM,Free Throw In,1,-1,-1, ,,,,36,05:00,66,50,
2007,TS,20,215,499,MAL,PJXV,"CASTLE, TERREL",FTM,Free Throw In,1,-1,-1, ,,,,36,05:00,67,50,
2007,TS,20,215,502,ROM,PJKN,"GABINI, ROBERTO",3FGA,Missed Three Pointer,0,205,661,G,,,,36,05:00,67,50,
2007,TS,20,215,510,ROM,PLUK,"STEFANSSON, JON",3FGM,Three Pointer,3,-666,-2,F,,,,37,04:00,67,53,
2007,TS,20,215,515,MAL,PAGQ,"WELSCH, JIRI",FTM,Free Throw In,1,-1,-1, ,,,,37,04:00,68,53,
2007,TS,20,215,516,MAL,PAGQ,"WELSCH, JIRI",FTM,Free Throw In,1,-1,-1, ,,,,37,04:00,69,53,
2007,TS,20,215,520,ROM,PADB,"DE LA FUENTE, RODRIGO",3FGM,Three Pointer,3,-476,489,J,,,,38,03:00,69,56,
2007,TS,20,215,522,MAL,PAGQ,"WELSCH, JIRI",3FGA,Missed Three Pointer,0,-671,41,F,,,,38,03:00,69,56,
2007,TS,20,215,524,ROM,PLUK,"STEFANSSON, JON",3FGA,Missed Three Pointer,0,-415,535,J,,,,38,03:00,69,56,
2007,TS,20,215,527,MAL,PKMV,"HAISLIP, MARCUS",2FGM,Two Pointer,2,87,84,C,,,,38,03:00,71,56,
2007,TS,20,215,533,ROM,PCJA,"UKIC, ROKO-LENI",FTM,Free Throw In,1,-1,-1, ,,,,39,02:00,71,57,
2007,TS,20,215,534,ROM,PCJA,"UKIC, ROKO-LENI",FTM,Free Throw In,1,-1,-1, ,,,,39,02:00,71,58,
2007,TS,20,215,537,MAL,PJXV,"CASTLE, TERREL",FTM,Free Throw In,1,-1,-1, ,,,,39,02:00,72,58,
2007,TS,20,215,540,ROM,PLUK,"STEFANSSON, JON",3FGA,Missed Three Pointer,0,-130,658,J,,,,39,02:00,72,58,
2007,TS,20,215,546,MAL,PAWS,"RODRIGUEZ, BERNI",FTM,Free Throw In,1,-1,-1, ,,,,39,02:00,73,58,
2007,TS,20,215,547,MAL,PAWS,"RODRIGUEZ, BERNI",FTM,Free Throw In,1,-1,-1, ,,,,39,02:00,74,58,
2007,TS,20,215,558,MAL,P000002,"PRESTES, PAULO",FTM,Free Throw In,1,-1,-1, ,,,,40,01:00,75,58,
2007,TS,20,215,559,MAL,P000002,"PRESTES, PAULO",FTM,Free Throw In,1,-1,-1, ,,,,40,01:00,76,58,
2007,TS,20,215,560,ROM,PADB,"DE LA FUENTE, RODRIGO",2FGA,Missed Two Pointer,0,-471,79,E,,,,40,01:00,76,58,
2007,TS,20,215,562,MAL,PJXV,"CASTLE, TERREL",3FGM,Three Pointer,3,-671,82,F,,,,40,01:00,79,58,
2007,TS,20,215,563,ROM,PCJA,"UKIC, ROKO-LENI",3FGA,Missed Three Pointer,0,-402,1023,J,,,,40,01:00,79,58,
2007,TS,20,216,3,BAR,PATA,"LAKOVIC, JAKA",3FGA,Missed Three Pointer,0,384,558,G,,,,1,10:00,0,0,
2007,TS,20,216,7,BAR,PLGC,"ACKER, ALEX",2FGM,Two Pointer,2,38,117,C,,,,1,10:00,2,0,
2007,TS,20,216,10,BAR,PLGC,"ACKER, ALEX",FTM,Free Throw In,1,-1,-1, ,,,,1,10:00,3,0,
2007,TS,20,216,14,BAR,PADS,"BASILE, GIANLUCA",3FGM,Three Pointer,3,-348,782,J,,,,2,09:00,6,0,
2007,TS,20,216,16,CSK,PAKT,"ANDERSEN, DAVID",2FGA,Missed Two Pointer,0,-525,105,E,,,,2,09:00,6,0,
2007,TS,20,216,22,BAR,PAXC,"VAZQUEZ, FRAN",2FGM,Two Pointer,2,143,97,C,,,,3,08:00,8,0,
2007,TS,20,216,23,CSK,PAQO,"HOLDEN, JON ROBERT",2FGA,Missed Two Pointer,0,453,143,B,,,,3,08:00,8,0,
2007,TS,20,216,25,BAR,PAHW,"MARCONATO, DENIS",2FGA,Missed Two Pointer,0,-38,138,D,,,,3,08:00,8,0,
2007,TS,20,216,30,CSK,PJMM,"SISKAUSKAS, RAMUNAS",3FGA,Missed Three Pointer,0,666,46,A,,,,4,07:00,8,0,
2007,TS,20,216,32,CSK,PAKT,"ANDERSEN, DAVID",2FGA,Missed Two Pointer,0,-46,30,D,,,,4,07:00,8,0,
2007,TS,20,216,34,BAR,PATA,"LAKOVIC, JAKA",3FGA,Missed Three Pointer,0,356,579,G,,,,4,07:00,8,0,
2007,TS,20,216,47,BAR,PADS,"BASILE, GIANLUCA",3FGA,Missed Three Pointer,0,-253,694,J,,,,5,06:00,8,0,
2007,TS,20,216,51,BAR,PAXC,"VAZQUEZ, FRAN",2FGM,Two Pointer,2,-56,43,D,,,,5,06:00,10,0,
2007,TS,20,216,55,BAR,PAXC,"VAZQUEZ, FRAN",2FGA,Missed Two Pointer,0,-225,48,D,,,,5,06:00,10,0,
2007,TS,20,216,61,CSK,PALC,"SMODIS, MATJAZ",FTM,Free Throw In,1,-1,-1, ,,,,5,06:00,10,1,
2007,TS,20,216,62,CSK,PALC,"SMODIS, MATJAZ",FTM,Free Throw In,1,-1,-1, ,,,,5,06:00,10,2,
2007,TS,20,216,64,BAR,PADS,"BASILE, GIANLUCA",3FGM,Three Pointer,3,497,512,G,,,,6,05:00,13,2,
2007,TS,20,216,72,CSK,PALC,"SMODIS, MATJAZ",3FGM,Three Pointer,3,-15,674,J,,,,6,05:00,13,5,
2007,TS,20,216,76,BAR,PJKP,"ILYASOVA, ERSAN",FTM,Free Throw In,1,-1,-1, ,,,,6,05:00,14,5,
2007,TS,20,216,80,CSK,PASG,"VAN DEN SPIEGEL, TOMAS",2FGM,Two Pointer,2,5,12,C,,,,7,04:00,14,7,
2007,TS,20,216,82,BAR,PATA,"LAKOVIC, JAKA",3FGA,Missed Three Pointer,0,-494,474,J,,,,7,04:00,14,7,
2007,TS,20,216,84,CSK,PJMM,"SISKAUSKAS, RAMUNAS",2FGA,Missed Two Pointer,0,-51,166,D,,,,7,04:00,14,7,
2007,TS,20,216,86,BAR,PATA,"LAKOVIC, JAKA",3FGA,Missed Three Pointer,0,-51,676,J,,,,7,04:00,14,7,
2007,TS,20,216,89,CSK,PAQO,"HOLDEN, JON ROBERT",2FGA,Missed Two Pointer,0,-25,341,D,,,,8,03:00,14,7,
2007,TS,20,216,91,CSK,PALC,"SMODIS, MATJAZ",3FGA,Missed Three Pointer,0,130,682,G,,,,8,03:00,14,7,
2007,TS,20,216,93,BAR,PJKP,"ILYASOVA, ERSAN",2FGA,Missed Two Pointer,0,-243,541,I,,,,8,03:00,14,7,
2007,TS,20,216,103,CSK,PJMM,"SISKAUSKAS, RAMUNAS",FTM,Free Throw In,1,-1,-1, ,,,,8,03:00,14,8,
2007,TS,20,216,104,CSK,PJMM,"SISKAUSKAS, RAMUNAS",FTM,Free Throw In,1,-1,-1, ,,,,8,03:00,14,9,
2007,TS,20,216,116,BAR,PJJF,"TRIAS, JORDI",FTM,Free Throw In,1,-1,-1, ,,,,9,02:00,15,9,
2007,TS,20,216,120,CSK,PBCQ,"KHRYAPA, VICTOR",3FGM,Three Pointer,3,28,674,G,,,,9,02:00,15,12,
2007,TS,20,216,127,CSK,PBEB,"LANGDON, TRAJAN",FTM,Free Throw In,1,-1,-1, ,,,,10,01:00,15,13,
2007,TS,20,216,128,CSK,PBEB,"LANGDON, TRAJAN",FTM,Free Throw In,1,-1,-1, ,,,,10,01:00,15,14,
2007,TS,20,216,129,BAR,PADS,"BASILE, GIANLUCA",3FGA,Missed Three Pointer,0,-630,433,J,,,,10,01:00,15,14,
2007,TS,20,216,131,CSK,PBEB,"LANGDON, TRAJAN",3FGA,Missed Three Pointer,0,623,325,A,,,,10,01:00,15,14,
2007,TS,20,216,137,CSK,PBCQ,"KHRYAPA, VICTOR",FTM,Free Throw In,1,-1,-1, ,,,,10,01:00,15,15,
2007,TS,20,216,138,CSK,PBCQ,"KHRYAPA, VICTOR",FTM,Free Throw In,1,-1,-1, ,,,,10,01:00,15,16,
2007,TS,20,216,139,BAR,PADS,"BASILE, GIANLUCA",3FGA,Missed Three Pointer,0,656,7,A,,,,10,01:00,15,16,
2007,TS,20,216,148,CSK,PJMM,"SISKAUSKAS, RAMUNAS",2FGM,Two Pointer,2,20,130,C,,,,11,10:00,15,18,
2007,TS,20,216,149,BAR,PAHW,"MARCONATO, DENIS",2FGM,Two Pointer,2,-10,-2,D,,,,11,10:00,17,18,
2007,TS,20,216,152,CSK,PASG,"VAN DEN SPIEGEL, TOMAS",2FGM,Two Pointer,2,2,5,D,,,,12,09:00,17,20,
2007,TS,20,216,153,BAR,PAHW,"MARCONATO, DENIS",2FGM,Two Pointer,2,-23,7,D,,,,12,09:00,19,20,
2007,TS,20,216,154,CSK,PBEB,"LANGDON, TRAJAN",2FGA,Missed Two Pointer,0,-105,58,D,,,,12,09:00,19,20,
2007,TS,20,216,156,BAR,PBKE,"GRIMAU, ROGER",2FGA,Missed Two Pointer,0,-43,10,D,,,,12,09:00,19,20,
2007,TS,20,216,165,CSK,PAKT,"ANDERSEN, DAVID",2FGM,Two Pointer,2,10,17,C,,,,13,08:00,19,22,
2007,TS,20,216,167,BAR,PLGC,"ACKER, ALEX",2FGM,Two Pointer,2,566,12,B,,,,13,08:00,21,22,
2007,TS,20,216,168,CSK,PJMM,"SISKAUSKAS, RAMUNAS",2FGM,Two Pointer,2,7,151,C,,,,13,08:00,21,24,
2007,TS,20,216,170,BAR,PAHW,"MARCONATO, DENIS",2FGM,Two Pointer,2,-125,97,D,,,,14,07:00,23,24,
2007,TS,20,216,178,BAR,PAHW,"MARCONATO, DENIS",FTM,Free Throw In,1,-1,-1, ,,,,14,07:00,24,24,
2007,TS,20,216,179,CSK,PAKT,"ANDERSEN, DAVID",2FGA,Missed Two Pointer,0,-217,30,D,,,,14,07:00,24,24,
2007,TS,20,216,181,BAR,PAZU,"SANCHEZ, PEPE",3FGA,Missed Three Pointer,0,-84,764,J,,,,14,07:00,24,24,
2007,TS,20,216,183,CSK,PBCQ,"KHRYAPA, VICTOR",2FGA,Missed Two Pointer,0,294,38,B,,,,14,07:00,24,24,
2007,TS,20,216,186,BAR,PLGC,"ACKER, ALEX",3FGA,Missed Three Pointer,0,225,630,G,,,,15,06:00,24,24,
2007,TS,20,216,190,BAR,PAZU,"SANCHEZ, PEPE",3FGA,Missed Three Pointer,0,243,605,G,,,,15,06:00,24,24,
2007,TS,20,216,192,CSK,PABN,"ZISIS, NIKOLAOS",2FGA,Missed Two Pointer,0,-25,333,D,,,,15,06:00,24,24,
2007,TS,20,216,195,BAR,PADS,"BASILE, GIANLUCA",2FGA,Missed Two Pointer,0,-28,46,D,,,,16,05:00,24,24,
2007,TS,20,216,206,CSK,PJMM,"SISKAUSKAS, RAMUNAS",FTM,Free Throw In,1,-1,-1, ,,,,16,05:00,24,25,
2007,TS,20,216,211,BAR,PLGC,"ACKER, ALEX",2FGM,Two Pointer,2,-5,133,D,,,,16,05:00,26,25,
2007,TS,20,216,213,CSK,PAUC,"GOREE, MARCUS",2FGA,Missed Two Pointer,0,471,102,B,,,,17,04:00,26,25,
2007,TS,20,216,215,BAR,PJKP,"ILYASOVA, ERSAN",2FGA,Missed Two Pointer,0,48,41,C,,,,17,04:00,26,25,
2007,TS,20,216,217,CSK,PAQO,"HOLDEN, JON ROBERT",2FGA,Missed Two Pointer,0,-187,564,I,,,,17,04:00,26,25,
2007,TS,20,216,220,BAR,PAZU,"SANCHEZ, PEPE",3FGA,Missed Three Pointer,0,-656,-7,F,,,,18,03:00,26,25,
2007,TS,20,216,222,CSK,PAUC,"GOREE, MARCUS",2FGM,Two Pointer,2,-2,23,D,,,,18,03:00,26,27,
2007,TS,20,216,224,BAR,PATA,"LAKOVIC, JAKA",2FGM,Two Pointer,2,12,12,C,,,,18,03:00,28,27,
2007,TS,20,216,233,CSK,PABN,"ZISIS, NIKOLAOS",FTM,Free Throw In,1,-1,-1, ,,,,18,03:00,28,28,
2007,TS,20,216,240,BAR,PBOD,"KASUN, MARIO",FTM,Free Throw In,1,-1,-1, ,,,,19,02:00,29,28,
2007,TS,20,216,243,CSK,PALC,"SMODIS, MATJAZ",2FGM,Two Pointer,2,84,38,C,,,,19,02:00,29,30,
2007,TS,20,216,244,BAR,PATA,"LAKOVIC, JAKA",3FGM,Three Pointer,3,-656,-2,F,,,,19,02:00,32,30,
2007,TS,20,216,247,CSK,PATW,"PAPALOUKAS, THEODOROS",2FGA,Missed Two Pointer,0,92,25,C,,,,20,01:00,32,30,
2007,TS,20,216,249,CSK,PBCQ,"KHRYAPA, VICTOR",2FGA,Missed Two Pointer,0,-10,10,D,,,,20,01:00,32,30,
2007,TS,20,216,253,CSK,PBCQ,"KHRYAPA, VICTOR",3FGM,Three Pointer,3,-10,674,J,,,,20,01:00,32,33,
2007,TS,20,216,257,CSK,PATW,"PAPALOUKAS, THEODOROS",2FGA,Missed Two Pointer,0,-10,12,D,,,,20,01:00,32,33,
2007,TS,20,216,259,BAR,PATA,"LAKOVIC, JAKA",3FGA,Missed Three Pointer,0,394,533,G,,,,20,01:00,32,33,
2007,TS,20,216,261,CSK,PBEB,"LANGDON, TRAJAN",3FGA,Missed Three Pointer,0,653,728,G,,,,20,01:00,32,33,
2007,TS,20,216,278,BAR,PAXC,"VAZQUEZ, FRAN",2FGA,Missed Two Pointer,0,-361,100,E,,,,21,10:00,32,33,
2007,TS,20,216,280,CSK,PBEB,"LANGDON, TRAJAN",3FGM,Three Pointer,3,-497,479,J,,,,21,10:00,32,36,
2007,TS,20,216,282,BAR,PAXC,"VAZQUEZ, FRAN",3FGA,Missed Three Pointer,0,-505,456,J,,,,21,10:00,32,36,
2007,TS,20,216,285,CSK,PALC,"SMODIS, MATJAZ",2FGA,Missed Two Pointer,0,-69,156,D,,,,22,09:00,32,36,
2007,TS,20,216,287,BAR,PBKE,"GRIMAU, ROGER",3FGA,Missed Three Pointer,0,658,141,A,,,,22,09:00,32,36,
2007,TS,20,216,289,CSK,PJMM,"SISKAUSKAS, RAMUNAS",2FGA,Missed Two Pointer,0,-164,56,D,,,,22,09:00,32,36,
2007,TS,20,216,292,BAR,PADS,"BASILE, GIANLUCA",2FGA,Missed Two Pointer,0,171,597,H,,,,23,08:00,32,36,
2007,TS,20,216,294,CSK,PAQO,"HOLDEN, JON ROBERT",2FGA,Missed Two Pointer,0,-58,607,I,,,,23,08:00,32,36,
2007,TS,20,216,296,BAR,PBKE,"GRIMAU, ROGER",2FGM,Two Pointer,2,5,153,C,,,,23,08:00,34,36,
2007,TS,20,216,297,CSK,PAKT,"ANDERSEN, DAVID",2FGM,Two Pointer,2,-223,430,I,,,,23,08:00,34,38,
2007,TS,20,216,299,BAR,PAZU,"SANCHEZ, PEPE",3FGA,Missed Three Pointer,0,115,776,G,,,,23,08:00,34,38,
2007,TS,20,216,305,BAR,PADS,"BASILE, GIANLUCA",2FGA,Missed Two Pointer,0,-2,128,D,,,,24,07:00,34,38,
2007,TS,20,216,309,BAR,PAXC,"VAZQUEZ, FRAN",2FGM,Two Pointer,2,-5,38,D,,,,24,07:00,36,38,
2007,TS,20,216,311,CSK,PAKT,"ANDERSEN, DAVID",2FGA,Missed Two Pointer,0,-12,120,D,,,,25,06:00,36,38,
2007,TS,20,216,313,BAR,PBKE,"GRIMAU, ROGER",2FGAB,Missed Two Pointer,0,-74,51,D,,,,25,06:00,36,38,
2007,TS,20,216,317,BAR,PADS,"BASILE, GIANLUCA",3FGA,Missed Three Pointer,0,651,120,A,,,,25,06:00,36,38,
2007,TS,20,216,319,CSK,PAKT,"ANDERSEN, DAVID",2FGA,Missed Two Pointer,0,-369,161,E,,,,25,06:00,36,38,
2007,TS,20,216,321,CSK,PALC,"SMODIS, MATJAZ",2FGA,Missed Two Pointer,0,61,15,C,,,,25,06:00,36,38,
2007,TS,20,216,323,BAR,PAZU,"SANCHEZ, PEPE",2FGM,Two Pointer,2,120,397,C,,,,25,06:00,38,38,
2007,TS,20,216,325,CSK,PAQO,"HOLDEN, JON ROBERT",3FGA,Missed Three Pointer,0,-479,525,J,,,,26,05:00,38,38,
2007,TS,20,216,337,CSK,PBCQ,"KHRYAPA, VICTOR",3FGM,Three Pointer,3,348,594,G,,,,26,05:00,38,41,
2007,TS,20,216,339,BAR,PBKE,"GRIMAU, ROGER",2FGM,Two Pointer,2,105,212,C,,,,26,05:00,40,41,
2007,TS,20,216,346,BAR,PAZU,"SANCHEZ, PEPE",2FGA,Missed Two Pointer,0,294,433,H,,,,27,04:00,40,41,
2007,TS,20,216,352,CSK,PBCQ,"KHRYAPA, VICTOR",FTM,Free Throw In,1,-1,-1, ,,,,27,04:00,40,42,
2007,TS,20,216,353,CSK,PBCQ,"KHRYAPA, VICTOR",FTM,Free Throw In,1,-1,-1, ,,,,27,04:00,40,43,
2007,TS,20,216,359,BAR,PJJF,"TRIAS, JORDI",2FGM,Two Pointer,2,-76,543,I,,,,28,03:00,42,43,
2007,TS,20,216,362,CSK,PBCQ,"KHRYAPA, VICTOR",2FGA,Missed Two Pointer,0,53,30,C,,,,28,03:00,42,43,
2007,TS,20,216,368,BAR,PAHW,"MARCONATO, DENIS",3FGA,Missed Three Pointer,0,-179,646,J,,,,28,03:00,42,43,
2007,TS,20,216,377,BAR,PBKE,"GRIMAU, ROGER",2FGM,Two Pointer,2,38,15,C,,,,29,02:00,44,43,
2007,TS,20,216,378,CSK,PASG,"VAN DEN SPIEGEL, TOMAS",2FGM,Two Pointer,2,-64,28,D,,,,29,02:00,44,45,
2007,TS,20,216,381,BAR,PATA,"LAKOVIC, JAKA",3FGM,Three Pointer,3,-189,641,J,,,,30,01:00,47,45,
2007,TS,20,216,383,CSK,PBCQ,"KHRYAPA, VICTOR",3FGA,Missed Three Pointer,0,-151,651,J,,,,30,01:00,47,45,
2007,TS,20,216,385,BAR,PATA,"LAKOVIC, JAKA",2FGM,Two Pointer,2,5,25,C,,,,30,01:00,49,45,
2007,TS,20,216,388,BAR,PATA,"LAKOVIC, JAKA",FTM,Free Throw In,1,-1,-1, ,,,,30,01:00,50,45,
2007,TS,20,216,400,CSK,PBEB,"LANGDON, TRAJAN",3FGM,Three Pointer,3,658,410,A,,,,30,01:00,50,48,
2007,TS,20,216,426,BAR,PLGC,"ACKER, ALEX",3FGA,Missed Three Pointer,0,-412,638,J,,,,31,10:00,50,48,
2007,TS,20,216,429,BAR,PJKP,"ILYASOVA, ERSAN",2FGM,Two Pointer,2,-7,41,D,,,,31,10:00,52,48,
2007,TS,20,216,432,BAR,PATA,"LAKOVIC, JAKA",2FGA,Missed Two Pointer,0,53,358,C,,,,32,09:00,52,48,
2007,TS,20,216,434,CSK,PJMM,"SISKAUSKAS, RAMUNAS",3FGM,Three Pointer,3,-543,433,J,,,,32,09:00,52,51,
2007,TS,20,216,436,BAR,PBKE,"GRIMAU, ROGER",3FGA,Missed Three Pointer,0,-274,676,J,,,,32,09:00,52,51,
2007,TS,20,216,438,BAR,PJKP,"ILYASOVA, ERSAN",2FGA,Missed Two Pointer,0,28,69,C,,,,32,09:00,52,51,
2007,TS,20,216,440,BAR,PJKP,"ILYASOVA, ERSAN",2FGA,Missed Two Pointer,0,-10,82,D,,,,32,09:00,52,51,
2007,TS,20,216,442,CSK,PJMM,"SISKAUSKAS, RAMUNAS",2FGA,Missed Two Pointer,0,-69,69,D,,,,32,09:00,52,51,
2007,TS,20,216,445,CSK,PATW,"PAPALOUKAS, THEODOROS",2FGM,Two Pointer,2,-17,33,D,,,,33,08:00,52,53,
2007,TS,20,216,450,BAR,PAHW,"MARCONATO, DENIS",2FGA,Missed Two Pointer,0,-128,15,D,,,,33,08:00,52,53,
2007,TS,20,216,452,CSK,PALC,"SMODIS, MATJAZ",2FGAB,Missed Two Pointer,0,-5,107,D,,,,33,08:00,52,53,
2007,TS,20,216,456,BAR,PADS,"BASILE, GIANLUCA",3FGA,Missed Three Pointer,0,666,548,G,,,,33,08:00,52,53,
2007,TS,20,216,459,CSK,PATW,"PAPALOUKAS, THEODOROS",3FGA,Missed Three Pointer,0,-469,517,J,,,,34,07:00,52,53,
2007,TS,20,216,463,CSK,PBEB,"LANGDON, TRAJAN",3FGA,Missed Three Pointer,0,-541,453,J,,,,34,07:00,52,53,
2007,TS,20,216,465,BAR,PATA,"LAKOVIC, JAKA",3FGM,Three Pointer,3,-7,710,J,,,,35,06:00,55,53,
2007,TS,20,216,478,BAR,PADS,"BASILE, GIANLUCA",2FGA,Missed Two Pointer,0,10,146,C,,,,35,06:00,55,53,
2007,TS,20,216,482,CSK,PAKT,"ANDERSEN, DAVID",2FGA,Missed Two Pointer,0,-71,35,D,,,,36,05:00,55,53,
2007,TS,20,216,484,CSK,PAKT,"ANDERSEN, DAVID",2FGAB,Missed Two Pointer,0,-161,120,D,,,,36,05:00,55,53,
2007,TS,20,216,490,CSK,PAQO,"HOLDEN, JON ROBERT",2FGA,Missed Two Pointer,0,389,330,B,,,,36,05:00,55,53,
2007,TS,20,216,494,CSK,PAKT,"ANDERSEN, DAVID",2FGM,Two Pointer,2,-38,17,D,,,,36,05:00,55,55,
2007,TS,20,216,501,BAR,PJKP,"ILYASOVA, ERSAN",FTM,Free Throw In,1,-1,-1, ,,,,37,04:00,56,55,
2007,TS,20,216,506,BAR,PBKE,"GRIMAU, ROGER",3FGA,Missed Three Pointer,0,679,43,A,,,,37,04:00,56,55,
2007,TS,20,216,509,CSK,PAQO,"HOLDEN, JON ROBERT",2FGA,Missed Two Pointer,0,-553,233,E,,,,38,03:00,56,55,
2007,TS,20,216,515,BAR,PJKP,"ILYASOVA, ERSAN",2FGM,Two Pointer,2,0,17,D,,,,38,03:00,58,55,
2007,TS,20,216,517,CSK,PJMM,"SISKAUSKAS, RAMUNAS",2FGAB,Missed Two Pointer,0,69,79,C,,,,38,03:00,58,55,
2007,TS,20,216,522,BAR,PJKP,"ILYASOVA, ERSAN",3FGA,Missed Three Pointer,0,387,669,G,,,,39,02:00,58,55,
2007,TS,20,216,534,BAR,PAXC,"VAZQUEZ, FRAN",2FGA,Missed Two Pointer,0,0,0,B,,,,40,01:00,58,55,
2007,TS,20,216,531,BAR,PAXC,"VAZQUEZ, FRAN",2FGM,Two Pointer,2,5,148,C,,,,40,01:00,60,55,
2007,TS,20,216,532,CSK,PBEB,"LANGDON, TRAJAN",3FGM,Three Pointer,3,84,666,G,,,,40,01:00,60,58,
2007,TS,20,216,544,CSK,PBEB,"LANGDON, TRAJAN",FTM,Free Throw In,1,-1,-1, ,,,,40,01:00,60,59,
2007,TS,20,216,550,BAR,PADS,"BASILE, GIANLUCA",2FGM,Two Pointer,2,15,23,C,,,,40,01:00,62,59,
2007,TS,20,216,557,CSK,PJMM,"SISKAUSKAS, RAMUNAS",FTM,Free Throw In,1,-1,-1, ,,,,40,01:00,62,60,
2007,TS,20,216,558,CSK,PJMM,"SISKAUSKAS, RAMUNAS",FTM,Free Throw In,1,-1,-1, ,,,,40,01:00,62,61,
2007,TS,20,216,561,BAR,PJKP,"ILYASOVA, ERSAN",2FGM,Two Pointer,2,5,-5,C,,,,40,01:00,64,61,
2007,TS,20,216,571,CSK,PJMM,"SISKAUSKAS, RAMUNAS",FTM,Free Throw In,1,-1,-1, ,,,,40,01:00,64,62,
2007,TS,20,216,577,CSK,PAQO,"HOLDEN, JON ROBERT",3FGA,Missed Three Pointer,0,676,41,A,,,,40,01:00,64,62,
2007,PO,21,217,5,ULK,PTFH,"PRELDZIC, EMIR",3FGA,Missed Three Pointer,0,-607,353,F,,,,1,10:00,0,0,
2007,PO,21,217,7,SIE,PKWI,"MCINTYRE, TERRELL",3FGA,Missed Three Pointer,0,-482,515,J,,,,1,10:00,0,0,
2007,PO,21,217,9,ULK,PARO,"ONAN, OMER",2FGA,Missed Two Pointer,0,0,225,D,,,,1,10:00,0,0,
2007,PO,21,217,14,SIE,PLMO,"SATO, ROMAIN",FTM,Free Throw In,1,-1,-1, ,,,,2,09:00,1,0,
2007,PO,21,217,17,ULK,PCOS,"SOLOMON, WILLIE",3FGM,Three Pointer,3,661,-10,A,,,,2,09:00,1,3,
2007,PO,21,217,19,SIE,PCCA,"THORNTON, BOOTSY",2FGA,Missed Two Pointer,0,69,0,C,,,,2,09:00,1,3,
2007,PO,21,217,24,SIE,PKWI,"MCINTYRE, TERRELL",2FGM,Two Pointer,2,58,12,C,,,,2,09:00,3,3,
2007,PO,21,217,28,SIE,PCQO,"EZE, BENJAMIN",2FGA,Missed Two Pointer,0,46,489,H,,,,3,08:00,3,3,
2007,PO,21,217,32,ULK,PCOS,"SOLOMON, WILLIE",3FGA,Missed Three Pointer,0,-679,-20,F,,,,3,08:00,3,3,
2007,PO,21,217,37,SIE,PCCA,"THORNTON, BOOTSY",2FGA,Missed Two Pointer,0,217,494,H,,,,4,07:00,3,3,
2007,PO,21,217,48,SIE,PBLH,"LAVRINOVIC, KSISTOF",3FGM,Three Pointer,3,-10,671,J,,,,5,06:00,6,3,
2007,PO,21,217,50,ULK,PTFH,"PRELDZIC, EMIR",2FGA,Missed Two Pointer,0,407,387,B,,,,5,06:00,6,3,
2007,PO,21,217,52,SIE,PBLH,"LAVRINOVIC, KSISTOF",2FGM,Two Pointer,2,-48,5,D,,,,5,06:00,8,3,
2007,PO,21,217,58,ULK,PTFI,"VIDMAR, GASPER",FTM,Free Throw In,1,-1,-1, ,,,,6,05:00,8,4,
2007,PO,21,217,61,SIE,PCCA,"THORNTON, BOOTSY",2FGM,Two Pointer,2,-51,7,D,,,,6,05:00,10,4,
2007,PO,21,217,70,ULK,PTFH,"PRELDZIC, EMIR",FTM,Free Throw In,1,-1,-1, ,,,,6,05:00,10,5,
2007,PO,21,217,71,ULK,PTFH,"PRELDZIC, EMIR",FTM,Free Throw In,1,-1,-1, ,,,,6,05:00,10,6,
2007,PO,21,217,72,SIE,PKWI,"MCINTYRE, TERRELL",3FGA,Missed Three Pointer,0,-469,512,J,,,,6,05:00,10,6,
2007,PO,21,217,76,SIE,PLMO,"SATO, ROMAIN",2FGM,Two Pointer,2,53,2,C,,,,6,05:00,12,6,
2007,PO,21,217,79,ULK,PJPF,"SAVAS, OGUZ",2FGAB,Missed Two Pointer,0,276,33,B,,,,7,04:00,12,6,
2007,PO,21,217,83,SIE,PBLH,"LAVRINOVIC, KSISTOF",3FGA,Missed Three Pointer,0,-105,694,J,,,,7,04:00,12,6,
2007,PO,21,217,85,ULK,PJPF,"SAVAS, OGUZ",2FGA,Missed Two Pointer,0,61,53,C,,,,7,04:00,12,6,
2007,PO,21,217,87,ULK,PTFI,"VIDMAR, GASPER",2FGM,Two Pointer,2,2,2,D,,,,7,04:00,12,8,
2007,PO,21,217,97,SIE,PCCA,"THORNTON, BOOTSY",3FGM,Three Pointer,3,-248,625,J,,,,8,03:00,15,8,
2007,PO,21,217,106,ULK,PTFH,"PRELDZIC, EMIR",2FGM,Two Pointer,2,46,7,C,,,,8,03:00,15,10,
2007,PO,21,217,112,SIE,PCCA,"THORNTON, BOOTSY",2FGM,Two Pointer,2,2,2,D,,,,8,03:00,17,10,
2007,PO,21,217,116,ULK,PCOS,"SOLOMON, WILLIE",2FGA,Missed Two Pointer,0,171,20,C,,,,9,02:00,17,10,
2007,PO,21,217,118,ULK,PTFI,"VIDMAR, GASPER",2FGA,Missed Two Pointer,0,-74,12,D,,,,9,02:00,17,10,
2007,PO,21,217,120,SIE,PJOC,"STONEROOK, SHAUN",2FGM,Two Pointer,2,-2,5,D,,,,9,02:00,19,10,
2007,PO,21,217,122,ULK,PTFH,"PRELDZIC, EMIR",3FGM,Three Pointer,3,25,674,G,,,,9,02:00,19,13,
2007,PO,21,217,124,SIE,PCCA,"THORNTON, BOOTSY",2FGM,Two Pointer,2,125,5,C,,,,9,02:00,21,13,
2007,PO,21,217,126,ULK,PCOS,"SOLOMON, WILLIE",3FGM,Three Pointer,3,-292,617,J,,,,10,01:00,21,16,
2007,PO,21,217,127,SIE,P000717,"ROMERO, HECTOR",2FGA,Missed Two Pointer,0,-58,0,D,,,,10,01:00,21,16,
2007,PO,21,217,135,SIE,PKWI,"MCINTYRE, TERRELL",FTM,Free Throw In,1,-1,-1, ,,,,10,01:00,22,16,
2007,PO,21,217,136,SIE,PKWI,"MCINTYRE, TERRELL",FTM,Free Throw In,1,-1,-1, ,,,,10,01:00,23,16,
2007,PO,21,217,151,ULK,PJYB,"ERDEN, SEMIH",2FGM,Two Pointer,2,-2,5,D,,,,11,10:00,23,18,
2007,PO,21,217,153,SIE,PCQO,"EZE, BENJAMIN",2FGM,Two Pointer,2,-33,289,D,,,,11,10:00,25,18,
2007,PO,21,217,155,ULK,PTHC,"WHITE, JAMES",2FGA,Missed Two Pointer,0,584,-23,B,,,,12,09:00,25,18,
2007,PO,21,217,158,SIE,PCCA,"THORNTON, BOOTSY",2FGAB,Missed Two Pointer,0,23,187,C,,,,12,09:00,25,18,
2007,PO,21,217,162,ULK,P000738,"KINSEY, TARENCE",2FGM,Two Pointer,2,-317,387,E,,,,12,09:00,25,20,
2007,PO,21,217,176,SIE,PAPS,"ILIEVSKI, VLADO",3FGA,Missed Three Pointer,0,105,666,G,,,,13,08:00,25,20,
2007,PO,21,217,186,SIE,PLMO,"SATO, ROMAIN",2FGA,Missed Two Pointer,0,361,53,B,,,,13,08:00,25,20,
2007,PO,21,217,188,SIE,PCQO,"EZE, BENJAMIN",2FGA,Missed Two Pointer,0,-179,110,D,,,,13,08:00,25,20,
2007,PO,21,217,193,SIE,PAPS,"ILIEVSKI, VLADO",2FGM,Two Pointer,2,51,12,C,,,,14,07:00,27,20,
2007,PO,21,217,194,ULK,PLGA,"KAAN MRSIC, DAMIR",3FGM,Three Pointer,3,651,169,A,,,,14,07:00,27,23,
2007,PO,21,217,197,SIE,P000754,"DIENER, DRAKE",3FGA,Missed Three Pointer,0,-15,682,J,,,,15,06:00,27,23,
2007,PO,21,217,199,ULK,P000738,"KINSEY, TARENCE",3FGM,Three Pointer,3,689,-58,A,,,,15,06:00,27,26,
2007,PO,21,217,203,SIE,PLMO,"SATO, ROMAIN",2FGA,Missed Two Pointer,0,87,48,C,,,,15,06:00,27,26,
2007,PO,21,217,206,ULK,P000738,"KINSEY, TARENCE",3FGM,Three Pointer,3,520,523,G,,,,16,05:00,27,29,
2007,PO,21,217,207,SIE,PLMO,"SATO, ROMAIN",2FGM,Two Pointer,2,107,35,C,,,,16,05:00,29,29,
2007,PO,21,217,210,SIE,P000754,"DIENER, DRAKE",3FGA,Missed Three Pointer,0,-476,512,J,,,,16,05:00,29,29,
2007,PO,21,217,212,ULK,PLGA,"KAAN MRSIC, DAMIR",3FGM,Three Pointer,3,-266,643,J,,,,16,05:00,29,32,
2007,PO,21,217,214,SIE,PAPS,"ILIEVSKI, VLADO",3FGA,Missed Three Pointer,0,533,428,G,,,,17,04:00,29,32,
2007,PO,21,217,224,SIE,PLMO,"SATO, ROMAIN",2FGA,Missed Two Pointer,0,-69,5,D,,,,17,04:00,29,32,
2007,PO,21,217,226,SIE,PCQO,"EZE, BENJAMIN",2FGM,Two Pointer,2,-2,5,D,,,,17,04:00,31,32,
2007,PO,21,217,228,ULK,PJYB,"ERDEN, SEMIH",2FGA,Missed Two Pointer,0,351,30,B,,,,18,03:00,31,32,
2007,PO,21,217,230,SIE,PKWI,"MCINTYRE, TERRELL",3FGA,Missed Three Pointer,0,487,479,G,,,,18,03:00,31,32,
2007,PO,21,217,234,SIE,PLMK,"CARRARETTO, MARCO",FTM,Free Throw In,1,-1,-1, ,,,,18,03:00,32,32,
2007,PO,21,217,241,ULK,PTHC,"WHITE, JAMES",2FGA,Missed Two Pointer,0,328,384,B,,,,18,03:00,32,32,
2007,PO,21,217,243,ULK,PLGA,"KAAN MRSIC, DAMIR",3FGA,Missed Three Pointer,0,-5,712,J,,,,18,03:00,32,32,
2007,PO,21,217,246,SIE,PJOC,"STONEROOK, SHAUN",3FGM,Three Pointer,3,92,669,G,,,,19,02:00,35,32,
2007,PO,21,217,248,ULK,PJPF,"SAVAS, OGUZ",2FGA,Missed Two Pointer,0,97,43,C,,,,19,02:00,35,32,
2007,PO,21,217,250,ULK,PTFI,"VIDMAR, GASPER",2FGM,Two Pointer,2,17,82,C,,,,19,02:00,35,34,
2007,PO,21,217,259,SIE,P000717,"ROMERO, HECTOR",2FGM,Two Pointer,2,61,-5,C,,,,19,02:00,37,34,
2007,PO,21,217,264,ULK,PCOS,"SOLOMON, WILLIE",FTM,Free Throw In,1,-1,-1, ,,,,20,01:00,37,35,
2007,PO,21,217,265,ULK,PCOS,"SOLOMON, WILLIE",FTM,Free Throw In,1,-1,-1, ,,,,20,01:00,37,36,
2007,PO,21,217,266,SIE,P000717,"ROMERO, HECTOR",2FGM,Two Pointer,2,-53,-10,D,,,,20,01:00,39,36,
2007,PO,21,217,268,ULK,PTHC,"WHITE, JAMES",3FGA,Missed Three Pointer,0,-510,489,J,,,,20,01:00,39,36,
2007,PO,21,217,282,SIE,PKWI,"MCINTYRE, TERRELL",3FGAB,Missed Three Pointer,0,-417,553,J,,,,21,10:00,39,36,
2007,PO,21,217,285,SIE,PKWI,"MCINTYRE, TERRELL",2FGM,Two Pointer,2,-179,38,D,,,,21,10:00,41,36,
2007,PO,21,217,287,ULK,P000709,"ASIK, OMER FARUK",2FGA,Missed Two Pointer,0,-251,310,E,,,,21,10:00,41,36,
2007,PO,21,217,289,ULK,PCOS,"SOLOMON, WILLIE",3FGA,Missed Three Pointer,0,582,394,A,,,,21,10:00,41,36,
2007,PO,21,217,291,SIE,PLMO,"SATO, ROMAIN",2FGA,Missed Two Pointer,0,56,271,C,,,,21,10:00,41,36,
2007,PO,21,217,294,ULK,PTFI,"VIDMAR, GASPER",2FGM,Two Pointer,2,5,2,C,,,,22,09:00,41,38,
2007,PO,21,217,296,SIE,PBLH,"LAVRINOVIC, KSISTOF",2FGM,Two Pointer,2,-2,5,D,,,,22,09:00,43,38,
2007,PO,21,217,305,SIE,PCCA,"THORNTON, BOOTSY",3FGA,Missed Three Pointer,0,-674,-41,F,,,,22,09:00,43,38,
2007,PO,21,217,308,SIE,PLMO,"SATO, ROMAIN",3FGA,Missed Three Pointer,0,-564,392,F,,,,23,08:00,43,38,
2007,PO,21,217,314,ULK,PARO,"ONAN, OMER",2FGM,Two Pointer,2,-153,69,D,,,,23,08:00,43,40,
2007,PO,21,217,315,SIE,PBLH,"LAVRINOVIC, KSISTOF",3FGM,Three Pointer,3,-12,679,J,,,,23,08:00,46,40,
2007,PO,21,217,320,ULK,P000709,"ASIK, OMER FARUK",FTM,Free Throw In,1,-1,-1, ,,,,24,07:00,46,41,
2007,PO,21,217,321,ULK,P000709,"ASIK, OMER FARUK",FTM,Free Throw In,1,-1,-1, ,,,,24,07:00,46,42,
2007,PO,21,217,322,SIE,PJOC,"STONEROOK, SHAUN",3FGA,Missed Three Pointer,0,-405,561,J,,,,24,07:00,46,42,
2007,PO,21,217,331,SIE,PCCA,"THORNTON, BOOTSY",2FGA,Missed Two Pointer,0,71,23,C,,,,25,06:00,46,42,
2007,PO,21,217,337,ULK,PCOS,"SOLOMON, WILLIE",3FGM,Three Pointer,3,592,358,A,,,,25,06:00,46,45,
2007,PO,21,217,338,SIE,PKWI,"MCINTYRE, TERRELL",3FGA,Missed Three Pointer,0,-282,628,J,,,,25,06:00,46,45,
2007,PO,21,217,340,ULK,P000709,"ASIK, OMER FARUK",2FGM,Two Pointer,2,107,141,C,,,,25,06:00,46,47,
2007,PO,21,217,342,SIE,PLMO,"SATO, ROMAIN",3FGA,Missed Three Pointer,0,653,30,A,,,,26,05:00,46,47,
2007,PO,21,217,353,ULK,PCOS,"SOLOMON, WILLIE",2FGA,Missed Two Pointer,0,205,179,C,,,,26,05:00,46,47,
2007,PO,21,217,357,SIE,PCCA,"THORNTON, BOOTSY",3FGA,Missed Three Pointer,0,582,374,A,,,,26,05:00,46,47,
2007,PO,21,217,368,ULK,PJYB,"ERDEN, SEMIH",2FGM,Two Pointer,2,0,2,D,,,,27,04:00,46,49,
2007,PO,21,217,374,SIE,PCCA,"THORNTON, BOOTSY",FTM,Free Throw In,1,-1,-1, ,,,,28,03:00,47,49,
2007,PO,21,217,375,SIE,PCCA,"THORNTON, BOOTSY",FTM,Free Throw In,1,-1,-1, ,,,,28,03:00,48,49,
2007,PO,21,217,376,ULK,PTFH,"PRELDZIC, EMIR",3FGA,Missed Three Pointer,0,600,261,A,,,,28,03:00,48,49,
2007,PO,21,217,380,SIE,PBLH,"LAVRINOVIC, KSISTOF",FTM,Free Throw In,1,-1,-1, ,,,,28,03:00,49,49,
2007,PO,21,217,388,ULK,P000738,"KINSEY, TARENCE",2FGA,Missed Two Pointer,0,312,200,B,,,,29,02:00,49,49,
2007,PO,21,217,390,SIE,PBLH,"LAVRINOVIC, KSISTOF",3FGM,Three Pointer,3,-582,379,F,,,,29,02:00,52,49,
2007,PO,21,217,400,ULK,PJYB,"ERDEN, SEMIH",FTM,Free Throw In,1,-1,-1, ,,,,29,02:00,52,50,
2007,PO,21,217,401,ULK,PJYB,"ERDEN, SEMIH",FTM,Free Throw In,1,-1,-1, ,,,,29,02:00,52,51,
2007,PO,21,217,403,SIE,PLMK,"CARRARETTO, MARCO",3FGM,Three Pointer,3,661,30,A,,,,30,01:00,55,51,
2007,PO,21,217,405,ULK,PCOS,"SOLOMON, WILLIE",2FGA,Missed Two Pointer,0,0,220,D,,,,30,01:00,55,51,
2007,PO,21,217,407,SIE,PCQO,"EZE, BENJAMIN",2FGA,Missed Two Pointer,0,-84,553,I,,,,30,01:00,55,51,
2007,PO,21,217,417,ULK,PARO,"ONAN, OMER",3FGA,Missed Three Pointer,0,379,564,G,,,,31,10:00,55,51,
2007,PO,21,217,419,SIE,PKWI,"MCINTYRE, TERRELL",3FGM,Three Pointer,3,-182,689,J,,,,31,10:00,58,51,
2007,PO,21,217,421,ULK,PCOS,"SOLOMON, WILLIE",3FGA,Missed Three Pointer,0,-194,646,J,,,,32,09:00,58,51,
2007,PO,21,217,423,SIE,PKWI,"MCINTYRE, TERRELL",3FGA,Missed Three Pointer,0,-387,610,J,,,,32,09:00,58,51,
2007,PO,21,217,433,SIE,PCCA,"THORNTON, BOOTSY",3FGM,Three Pointer,3,-264,635,J,,,,32,09:00,61,51,
2007,PO,21,217,435,ULK,PJYB,"ERDEN, SEMIH",2FGM,Two Pointer,2,2,0,D,,,,33,08:00,61,53,
2007,PO,21,217,437,SIE,PCCA,"THORNTON, BOOTSY",2FGA,Missed Two Pointer,0,97,548,H,,,,33,08:00,61,53,
2007,PO,21,217,439,ULK,PJPF,"SAVAS, OGUZ",3FGA,Missed Three Pointer,0,315,587,G,,,,33,08:00,61,53,
2007,PO,21,217,441,ULK,PJPF,"SAVAS, OGUZ",2FGA,Missed Two Pointer,0,-169,71,D,,,,33,08:00,61,53,
2007,PO,21,217,446,ULK,P000738,"KINSEY, TARENCE",2FGA,Missed Two Pointer,0,-387,238,E,,,,34,07:00,61,53,
2007,PO,21,217,450,SIE,PLMK,"CARRARETTO, MARCO",2FGM,Two Pointer,2,71,20,C,,,,34,07:00,63,53,
2007,PO,21,217,452,ULK,PTFH,"PRELDZIC, EMIR",2FGA,Missed Two Pointer,0,110,158,C,,,,34,07:00,63,53,
2007,PO,21,217,467,ULK,P000738,"KINSEY, TARENCE",FTM,Free Throw In,1,-1,-1, ,,,,35,06:00,63,54,
2007,PO,21,217,469,ULK,P000738,"KINSEY, TARENCE",FTM,Free Throw In,1,-1,-1, ,,,,35,06:00,63,55,
2007,PO,21,217,471,SIE,PBLH,"LAVRINOVIC, KSISTOF",2FGA,Missed Two Pointer,0,271,53,B,,,,36,05:00,63,55,
2007,PO,21,217,473,ULK,PJYB,"ERDEN, SEMIH",2FGA,Missed Two Pointer,0,225,58,C,,,,36,05:00,63,55,
2007,PO,21,217,477,ULK,PLGA,"KAAN MRSIC, DAMIR",2FGA,Missed Two Pointer,0,97,120,C,,,,36,05:00,63,55,
2007,PO,21,217,486,SIE,PJOC,"STONEROOK, SHAUN",2FGM,Two Pointer,2,10,120,C,,,,37,04:00,65,55,
2007,PO,21,217,489,ULK,PJYB,"ERDEN, SEMIH",2FGM,Two Pointer,2,-2,112,D,,,,37,04:00,65,57,
2007,PO,21,217,490,SIE,PKWI,"MCINTYRE, TERRELL",3FGM,Three Pointer,3,-233,651,J,,,,37,04:00,68,57,
2007,PO,21,217,493,ULK,P000738,"KINSEY, TARENCE",2FGM,Two Pointer,2,-271,464,I,,,,38,03:00,68,59,
2007,PO,21,217,497,ULK,P000738,"KINSEY, TARENCE",3FGA,Missed Three Pointer,0,-210,641,J,,,,38,03:00,68,59,
2007,PO,21,217,499,SIE,PKWI,"MCINTYRE, TERRELL",2FGA,Missed Two Pointer,0,-443,330,E,,,,38,03:00,68,59,
2007,PO,21,217,510,ULK,PTFH,"PRELDZIC, EMIR",2FGA,Missed Two Pointer,0,141,76,C,,,,39,02:00,68,59,
2007,PO,21,217,513,ULK,PLGA,"KAAN MRSIC, DAMIR",3FGM,Three Pointer,3,492,453,G,,,,39,02:00,68,62,
2007,PO,21,217,515,SIE,PBLH,"LAVRINOVIC, KSISTOF",2FGM,Two Pointer,2,-130,25,D,,,,40,01:00,70,62,
2007,PO,21,217,522,ULK,PJYB,"ERDEN, SEMIH",FTM,Free Throw In,1,-1,-1, ,,,,40,01:00,70,63,
2007,PO,21,217,523,ULK,PJYB,"ERDEN, SEMIH",FTM,Free Throw In,1,-1,-1, ,,,,40,01:00,70,64,
2007,PO,21,217,526,ULK,PLGA,"KAAN MRSIC, DAMIR",2FGM,Two Pointer,2,123,89,C,,,,40,01:00,70,66,
2007,PO,21,217,530,SIE,PAPS,"ILIEVSKI, VLADO",3FGM,Three Pointer,3,-684,5,F,,,,40,01:00,73,66,
2007,PO,21,218,3,BAS,PANB,"RAKOCEVIC, IGOR",2FGAB,Missed Two Pointer,0,-56,-5,D,,,,1,10:00,0,0,
2007,PO,21,218,7,BAS,PJTT,"MCDONALD, WILL",2FGM,Two Pointer,2,-17,58,D,,,,1,10:00,2,0,
2007,PO,21,218,8,PAR,PJNN,"VELICKOVIC, NOVICA",2FGA,Missed Two Pointer,0,-53,20,D,,,,1,10:00,2,0,
2007,PO,21,218,11,BAS,PJWO,"MICKEAL, PETE",2FGA,Missed Two Pointer,0,233,38,C,,,,2,09:00,2,0,
2007,PO,21,218,13,PAR,PLGH,"TEPIC, MILENKO",2FGA,Missed Two Pointer,0,-184,148,D,,,,2,09:00,2,0,
2007,PO,21,218,15,BAS,PAFP,"PLANINIC, ZORAN",2FGA,Missed Two Pointer,0,-243,138,E,,,,2,09:00,2,0,
2007,PO,21,218,17,BAS,PAFP,"PLANINIC, ZORAN",2FGM,Two Pointer,2,-2,48,D,,,,2,09:00,4,0,
2007,PO,21,218,21,PAR,PLGH,"TEPIC, MILENKO",FTM,Free Throw In,1,-1,-1, ,,,,2,09:00,4,1,
2007,PO,21,218,25,PAR,PBFE,"KECMAN, DUSAN",3FGA,Missed Three Pointer,0,366,566,G,,,,3,08:00,4,1,
2007,PO,21,218,27,PAR,PLGH,"TEPIC, MILENKO",2FGA,Missed Two Pointer,0,-66,38,D,,,,3,08:00,4,1,
2007,PO,21,218,29,BAS,PANB,"RAKOCEVIC, IGOR",3FGA,Missed Three Pointer,0,-674,-82,F,,,,3,08:00,4,1,
2007,PO,21,218,31,PAR,PBFE,"KECMAN, DUSAN",2FGM,Two Pointer,2,61,23,C,,,,3,08:00,4,3,
2007,PO,21,218,34,PAR,PBFE,"KECMAN, DUSAN",FTM,Free Throw In,1,-1,-1, ,,,,3,08:00,4,4,
2007,PO,21,218,36,BAS,PJWO,"MICKEAL, PETE",2FGAB,Missed Two Pointer,0,84,7,C,,,,4,07:00,4,4,
2007,PO,21,218,40,BAS,PJWO,"MICKEAL, PETE",2FGA,Missed Two Pointer,0,41,10,C,,,,4,07:00,4,4,
2007,PO,21,218,42,PAR,PTGU,"PALACIO, MILT",2FGA,Missed Two Pointer,0,-33,38,D,,,,4,07:00,4,4,
2007,PO,21,218,44,BAS,PANB,"RAKOCEVIC, IGOR",2FGM,Two Pointer,2,233,156,C,,,,4,07:00,6,4,
2007,PO,21,218,46,PAR,PBFE,"KECMAN, DUSAN",2FGA,Missed Two Pointer,0,125,-10,C,,,,5,06:00,6,4,
2007,PO,21,218,48,BAS,PANB,"RAKOCEVIC, IGOR",2FGM,Two Pointer,2,79,12,C,,,,5,06:00,8,4,
2007,PO,21,218,49,PAR,PLGH,"TEPIC, MILENKO",2FGA,Missed Two Pointer,0,223,138,C,,,,5,06:00,8,4,
2007,PO,21,218,51,PAR,PBGJ,"VRANES, SLAVKO",2FGM,Two Pointer,2,46,12,C,,,,5,06:00,8,6,
2007,PO,21,218,52,BAS,PAFP,"PLANINIC, ZORAN",3FGM,Three Pointer,3,-505,425,F,,,,5,06:00,11,6,
2007,PO,21,218,54,PAR,PTGU,"PALACIO, MILT",2FGM,Two Pointer,2,2,143,D,,,,6,05:00,11,8,
2007,PO,21,218,55,BAS,PANB,"RAKOCEVIC, IGOR",3FGA,Missed Three Pointer,0,-510,425,F,,,,6,05:00,11,8,
2007,PO,21,218,57,PAR,PBGJ,"VRANES, SLAVKO",2FGM,Two Pointer,2,-84,64,D,,,,6,05:00,11,10,
2007,PO,21,218,63,BAS,PJTT,"MCDONALD, WILL",2FGM,Two Pointer,2,305,28,B,,,,7,04:00,13,10,
2007,PO,21,218,64,PAR,PTGU,"PALACIO, MILT",2FGM,Two Pointer,2,-217,310,E,,,,7,04:00,13,12,
2007,PO,21,218,71,BAS,PAFP,"PLANINIC, ZORAN",2FGA,Missed Two Pointer,0,-243,112,D,,,,7,04:00,13,12,
2007,PO,21,218,77,PAR,PKNN,"PEKOVIC, NIKOLA",2FGM,Two Pointer,2,235,102,C,,,,8,03:00,13,14,
2007,PO,21,218,78,BAS,PJWO,"MICKEAL, PETE",3FGA,Missed Three Pointer,0,-30,664,J,,,,8,03:00,13,14,
2007,PO,21,218,87,BAS,PAFP,"PLANINIC, ZORAN",2FGA,Missed Two Pointer,0,156,74,C,,,,8,03:00,13,14,
2007,PO,21,218,94,PAR,PBFB,"TRIPKOVIC, UROS",3FGA,Missed Three Pointer,0,656,-10,A,,,,9,02:00,13,14,
2007,PO,21,218,102,PAR,PKNN,"PEKOVIC, NIKOLA",2FGA,Missed Two Pointer,0,235,89,C,,,,9,02:00,13,14,
2007,PO,21,218,104,BAS,PAFP,"PLANINIC, ZORAN",2FGM,Two Pointer,2,-82,30,D,,,,9,02:00,15,14,
2007,PO,21,218,116,PAR,PKNN,"PEKOVIC, NIKOLA",2FGA,Missed Two Pointer,0,-210,115,D,,,,10,01:00,15,14,
2007,PO,21,218,126,BAS,PAJK,"VIDAL, SERGI",FTM,Free Throw In,1,-1,-1, ,,,,10,01:00,16,14,
2007,PO,21,218,127,BAS,PAJK,"VIDAL, SERGI",FTM,Free Throw In,1,-1,-1, ,,,,10,01:00,17,14,
2007,PO,21,218,128,BAS,PAJK,"VIDAL, SERGI",FTM,Free Throw In,1,-1,-1, ,,,,10,01:00,18,14,
2007,PO,21,218,129,BAS,PTGD,"SINGLETON, JAMES",3FGA,Missed Three Pointer,0,669,-5,A,,,,10,01:00,18,14,
2007,PO,21,218,131,PAR,PTGU,"PALACIO, MILT",2FGA,Missed Two Pointer,0,-258,238,E,,,,10,01:00,18,14,
2007,PO,21,218,134,PAR,PTGU,"PALACIO, MILT",2FGM,Two Pointer,2,-310,325,E,,,,10,01:00,18,16,
2007,PO,21,218,141,PAR,PKNN,"PEKOVIC, NIKOLA",FTM,Free Throw In,1,-1,-1, ,,,,11,10:00,18,17,
2007,PO,21,218,142,PAR,PKNN,"PEKOVIC, NIKOLA",FTM,Free Throw In,1,-1,-1, ,,,,11,10:00,18,18,
2007,PO,21,218,143,BAS,PCBY,"SPLITTER, TIAGO",2FGAB,Missed Two Pointer,0,0,102,D,,,,11,10:00,18,18,
2007,PO,21,218,147,PAR,PLGH,"TEPIC, MILENKO",3FGA,Missed Three Pointer,0,492,458,G,,,,11,10:00,18,18,
2007,PO,21,218,155,PAR,PTGU,"PALACIO, MILT",2FGAB,Missed Two Pointer,0,61,46,C,,,,12,09:00,18,18,
2007,PO,21,218,165,BAS,PAJK,"VIDAL, SERGI",2FGA,Missed Two Pointer,0,-82,33,D,,,,12,09:00,18,18,
2007,PO,21,218,167,BAS,PTGD,"SINGLETON, JAMES",2FGM,Two Pointer,2,-5,5,D,,,,12,09:00,20,18,
2007,PO,21,218,173,PAR,PKNN,"PEKOVIC, NIKOLA",2FGM,Two Pointer,2,246,53,C,,,,13,08:00,20,20,
2007,PO,21,218,176,BAS,PCBX,"PRIGIONI, PABLO",3FGA,Missed Three Pointer,0,602,315,A,,,,13,08:00,20,20,
2007,PO,21,218,179,PAR,PTGU,"PALACIO, MILT",2FGM,Two Pointer,2,-79,41,D,,,,13,08:00,20,22,
2007,PO,21,218,182,BAS,PBVC,"JASAITIS, SIMAS",2FGAB,Missed Two Pointer,0,48,28,C,,,,13,08:00,20,22,
2007,PO,21,218,186,PAR,PTGU,"PALACIO, MILT",3FGA,Missed Three Pointer,0,-651,15,F,,,,13,08:00,20,22,
2007,PO,21,218,188,BAS,PTGD,"SINGLETON, JAMES",2FGM,Two Pointer,2,7,5,C,,,,13,08:00,22,22,
2007,PO,21,218,195,PAR,PLGH,"TEPIC, MILENKO",FTM,Free Throw In,1,-1,-1, ,,,,14,07:00,22,23,
2007,PO,21,218,196,BAS,PAJK,"VIDAL, SERGI",2FGM,Two Pointer,2,-61,25,D,,,,14,07:00,24,23,
2007,PO,21,218,204,BAS,PJTT,"MCDONALD, WILL",2FGA,Missed Two Pointer,0,212,23,C,,,,14,07:00,24,23,
2007,PO,21,218,209,PAR,PBGJ,"VRANES, SLAVKO",2FGAB,Missed Two Pointer,0,107,33,C,,,,15,06:00,24,23,
2007,PO,21,218,213,BAS,PANB,"RAKOCEVIC, IGOR",3FGA,Missed Three Pointer,0,358,592,G,,,,15,06:00,24,23,
2007,PO,21,218,215,PAR,PTGU,"PALACIO, MILT",3FGA,Missed Three Pointer,0,494,469,G,,,,15,06:00,24,23,
2007,PO,21,218,219,BAS,PCBX,"PRIGIONI, PABLO",3FGA,Missed Three Pointer,0,330,607,G,,,,16,05:00,24,23,
2007,PO,21,218,223,BAS,PCBX,"PRIGIONI, PABLO",2FGM,Two Pointer,2,-56,5,D,,,,16,05:00,26,23,
2007,PO,21,218,224,PAR,PTGU,"PALACIO, MILT",3FGA,Missed Three Pointer,0,661,-61,A,,,,16,05:00,26,23,
2007,PO,21,218,227,PAR,PBGJ,"VRANES, SLAVKO",2FGA,Missed Two Pointer,0,253,53,C,,,,17,04:00,26,23,
2007,PO,21,218,229,PAR,PBFE,"KECMAN, DUSAN",2FGM,Two Pointer,2,64,20,C,,,,17,04:00,26,25,
2007,PO,21,218,230,BAS,PJTT,"MCDONALD, WILL",2FGM,Two Pointer,2,-164,71,D,,,,17,04:00,28,25,
2007,PO,21,218,232,PAR,PLGH,"TEPIC, MILENKO",3FGM,Three Pointer,3,469,520,G,,,,17,04:00,28,28,
2007,PO,21,218,234,BAS,PTGD,"SINGLETON, JAMES",3FGM,Three Pointer,3,184,628,G,,,,18,03:00,31,28,
2007,PO,21,218,235,PAR,PJNN,"VELICKOVIC, NOVICA",3FGM,Three Pointer,3,-238,630,J,,,,18,03:00,31,31,
2007,PO,21,218,236,BAS,PCBX,"PRIGIONI, PABLO",3FGA,Missed Three Pointer,0,-182,635,J,,,,18,03:00,31,31,
2007,PO,21,218,238,PAR,PJNN,"VELICKOVIC, NOVICA",3FGA,Missed Three Pointer,0,-448,512,J,,,,18,03:00,31,31,
2007,PO,21,218,241,BAS,PCBX,"PRIGIONI, PABLO",3FGA,Missed Three Pointer,0,589,366,A,,,,19,02:00,31,31,
2007,PO,21,218,252,BAS,PJZJ,"TELETOVIC, MIRZA",3FGA,Missed Three Pointer,0,246,628,G,,,,19,02:00,31,31,
2007,PO,21,218,262,BAS,PANB,"RAKOCEVIC, IGOR",2FGA,Missed Two Pointer,0,53,23,C,,,,20,01:00,31,31,
2007,PO,21,218,264,PAR,PLGH,"TEPIC, MILENKO",2FGM,Two Pointer,2,-251,71,D,,,,20,01:00,31,33,
2007,PO,21,218,273,BAS,PCBX,"PRIGIONI, PABLO",3FGA,Missed Three Pointer,0,-12,671,J,,,,20,01:00,31,33,
2007,PO,21,218,287,BAS,PAFP,"PLANINIC, ZORAN",3FGM,Three Pointer,3,10,689,G,,,,20,01:00,34,33,
2007,PO,21,218,290,PAR,PLGH,"TEPIC, MILENKO",FTM,Free Throw In,1,-1,-1, ,,,,20,01:00,34,34,
2007,PO,21,218,294,PAR,PJNN,"VELICKOVIC, NOVICA",3FGM,Three Pointer,3,-330,589,J,,,,20,01:00,34,37,
2007,PO,21,218,296,BAS,PJWO,"MICKEAL, PETE",2FGM,Two Pointer,2,-30,61,D,,,,20,01:00,36,37,
2007,PO,21,218,300,PAR,PBFE,"KECMAN, DUSAN",FTM,Free Throw In,1,-1,-1, ,,,,20,01:00,36,38,
2007,PO,21,218,308,BAS,PJWO,"MICKEAL, PETE",FTM,Free Throw In,1,-1,-1, ,,,,22,09:00,37,38,
2007,PO,21,218,309,BAS,PJWO,"MICKEAL, PETE",FTM,Free Throw In,1,-1,-1, ,,,,22,09:00,38,38,
2007,PO,21,218,313,PAR,PJNN,"VELICKOVIC, NOVICA",2FGM,Two Pointer,2,61,41,C,,,,23,08:00,38,40,
2007,PO,21,218,319,BAS,PJWO,"MICKEAL, PETE",3FGA,Missed Three Pointer,0,669,-20,A,,,,23,08:00,38,40,
2007,PO,21,218,321,BAS,PJWO,"MICKEAL, PETE",2FGA,Missed Two Pointer,0,-217,48,D,,,,23,08:00,38,40,
2007,PO,21,218,323,BAS,PAFP,"PLANINIC, ZORAN",2FGM,Two Pointer,2,271,66,B,,,,23,08:00,40,40,
2007,PO,21,218,325,PAR,PJNN,"VELICKOVIC, NOVICA",3FGA,Missed Three Pointer,0,658,7,A,,,,24,07:00,40,40,
2007,PO,21,218,335,BAS,PJTT,"MCDONALD, WILL",2FGM,Two Pointer,2,-53,35,D,,,,24,07:00,42,40,
2007,PO,21,218,336,PAR,PBFE,"KECMAN, DUSAN",2FGA,Missed Two Pointer,0,-23,133,D,,,,24,07:00,42,40,
2007,PO,21,218,338,BAS,PAFP,"PLANINIC, ZORAN",3FGM,Three Pointer,3,25,689,G,,,,24,07:00,45,40,
2007,PO,21,218,345,PAR,PBFB,"TRIPKOVIC, UROS",3FGA,Missed Three Pointer,0,138,664,G,,,,25,06:00,45,40,
2007,PO,21,218,348,BAS,PANB,"RAKOCEVIC, IGOR",3FGA,Missed Three Pointer,0,400,530,G,,,,25,06:00,45,40,
2007,PO,21,218,358,BAS,PJWO,"MICKEAL, PETE",3FGA,Missed Three Pointer,0,664,-66,A,,,,26,05:00,45,40,
2007,PO,21,218,360,PAR,PKNN,"PEKOVIC, NIKOLA",2FGA,Missed Two Pointer,0,-264,100,E,,,,26,05:00,45,40,
2007,PO,21,218,362,BAS,PAFP,"PLANINIC, ZORAN",3FGM,Three Pointer,3,246,630,G,,,,26,05:00,48,40,
2007,PO,21,218,365,PAR,PBFB,"TRIPKOVIC, UROS",3FGM,Three Pointer,3,-658,-35,F,,,,27,04:00,48,43,
2007,PO,21,218,368,PAR,PTGU,"PALACIO, MILT",2FGM,Two Pointer,2,-69,10,D,,,,27,04:00,48,45,
2007,PO,21,218,376,BAS,PJWO,"MICKEAL, PETE",2FGA,Missed Two Pointer,0,-25,82,D,,,,28,03:00,48,45,
2007,PO,21,218,378,PAR,PKNN,"PEKOVIC, NIKOLA",2FGA,Missed Two Pointer,0,-161,46,D,,,,28,03:00,48,45,
2007,PO,21,218,380,BAS,PANB,"RAKOCEVIC, IGOR",2FGM,Two Pointer,2,61,33,C,,,,28,03:00,50,45,
2007,PO,21,218,392,PAR,PBFE,"KECMAN, DUSAN",FTM,Free Throw In,1,-1,-1, ,,,,29,02:00,50,46,
2007,PO,21,218,393,PAR,PBFE,"KECMAN, DUSAN",FTM,Free Throw In,1,-1,-1, ,,,,29,02:00,50,47,
2007,PO,21,218,396,BAS,PCBY,"SPLITTER, TIAGO",FTM,Free Throw In,1,-1,-1, ,,,,29,02:00,51,47,
2007,PO,21,218,397,BAS,PCBY,"SPLITTER, TIAGO",FTM,Free Throw In,1,-1,-1, ,,,,29,02:00,52,47,
2007,PO,21,218,415,BAS,PCBY,"SPLITTER, TIAGO",FTM,Free Throw In,1,-1,-1, ,,,,30,01:00,53,47,
2007,PO,21,218,416,BAS,PCBY,"SPLITTER, TIAGO",FTM,Free Throw In,1,-1,-1, ,,,,30,01:00,54,47,
2007,PO,21,218,418,PAR,PBFB,"TRIPKOVIC, UROS",3FGM,Three Pointer,3,469,469,G,,,,30,01:00,54,50,
2007,PO,21,218,419,BAS,PAJK,"VIDAL, SERGI",2FGA,Missed Two Pointer,0,-87,48,D,,,,30,01:00,54,50,
2007,PO,21,218,423,BAS,PCBY,"SPLITTER, TIAGO",FTM,Free Throw In,1,-1,-1, ,,,,30,01:00,55,50,
2007,PO,21,218,424,BAS,PCBY,"SPLITTER, TIAGO",FTM,Free Throw In,1,-1,-1, ,,,,30,01:00,56,50,
2007,PO,21,218,431,PAR,PLGH,"TEPIC, MILENKO",2FGAB,Missed Two Pointer,0,35,23,C,,,,31,10:00,56,50,
2007,PO,21,218,435,BAS,PAJK,"VIDAL, SERGI",2FGM,Two Pointer,2,5,82,C,,,,31,10:00,58,50,
2007,PO,21,218,436,PAR,PBFB,"TRIPKOVIC, UROS",3FGA,Missed Three Pointer,0,-674,-25,F,,,,31,10:00,58,50,
2007,PO,21,218,440,PAR,PKNN,"PEKOVIC, NIKOLA",FTM,Free Throw In,1,-1,-1, ,,,,31,10:00,58,51,
2007,PO,21,218,441,PAR,PKNN,"PEKOVIC, NIKOLA",FTM,Free Throw In,1,-1,-1, ,,,,31,10:00,58,52,
2007,PO,21,218,443,BAS,PCBY,"SPLITTER, TIAGO",2FGM,Two Pointer,2,-61,20,D,,,,32,09:00,60,52,
2007,PO,21,218,451,PAR,PBFB,"TRIPKOVIC, UROS",2FGM,Two Pointer,2,-20,87,D,,,,33,08:00,60,54,
2007,PO,21,218,452,BAS,PCBX,"PRIGIONI, PABLO",3FGM,Three Pointer,3,-482,528,J,,,,33,08:00,63,54,
2007,PO,21,218,455,PAR,PBFE,"KECMAN, DUSAN",3FGM,Three Pointer,3,369,566,G,,,,34,07:00,63,57,
2007,PO,21,218,462,BAS,PCBY,"SPLITTER, TIAGO",2FGA,Missed Two Pointer,0,-71,53,D,,,,34,07:00,63,57,
2007,PO,21,218,464,PAR,PKNN,"PEKOVIC, NIKOLA",2FGA,Missed Two Pointer,0,-82,10,D,,,,34,07:00,63,57,
2007,PO,21,218,471,BAS,PANB,"RAKOCEVIC, IGOR",2FGM,Two Pointer,2,-251,133,E,,,,35,06:00,65,57,
2007,PO,21,218,472,PAR,PBFB,"TRIPKOVIC, UROS",3FGA,Missed Three Pointer,0,-484,538,J,,,,35,06:00,65,57,
2007,PO,21,218,488,BAS,PANB,"RAKOCEVIC, IGOR",FTM,Free Throw In,1,-1,-1, ,,,,35,06:00,66,57,
2007,PO,21,218,489,BAS,PANB,"RAKOCEVIC, IGOR",FTM,Free Throw In,1,-1,-1, ,,,,35,06:00,67,57,
2007,PO,21,218,494,PAR,PLGH,"TEPIC, MILENKO",FTM,Free Throw In,1,-1,-1, ,,,,36,05:00,67,58,
2007,PO,21,218,495,BAS,PJTT,"MCDONALD, WILL",2FGA,Missed Two Pointer,0,243,71,C,,,,36,05:00,67,58,
2007,PO,21,218,497,PAR,PKNN,"PEKOVIC, NIKOLA",2FGM,Two Pointer,2,-153,41,D,,,,36,05:00,67,60,
2007,PO,21,218,499,BAS,PAJK,"VIDAL, SERGI",2FGA,Missed Two Pointer,0,-76,51,D,,,,37,04:00,67,60,
2007,PO,21,218,503,BAS,PJTT,"MCDONALD, WILL",2FGA,Missed Two Pointer,0,287,20,B,,,,37,04:00,67,60,
2007,PO,21,218,505,PAR,PLGH,"TEPIC, MILENKO",3FGA,Missed Three Pointer,0,-484,474,J,,,,37,04:00,67,60,
2007,PO,21,218,507,PAR,PKNN,"PEKOVIC, NIKOLA",2FGM,Two Pointer,2,-79,23,D,,,,37,04:00,67,62,
2007,PO,21,218,510,BAS,PANB,"RAKOCEVIC, IGOR",3FGM,Three Pointer,3,435,515,G,,,,37,04:00,70,62,
2007,PO,21,218,511,PAR,PJNN,"VELICKOVIC, NOVICA",3FGA,Missed Three Pointer,0,-658,89,F,,,,37,04:00,70,62,
2007,PO,21,218,514,BAS,PCBY,"SPLITTER, TIAGO",2FGA,Missed Two Pointer,0,117,76,C,,,,38,03:00,70,62,
2007,PO,21,218,516,PAR,PJNN,"VELICKOVIC, NOVICA",2FGM,Two Pointer,2,69,20,C,,,,38,03:00,70,64,
2007,PO,21,218,517,BAS,PCBY,"SPLITTER, TIAGO",2FGA,Missed Two Pointer,0,2,115,D,,,,38,03:00,70,64,
2007,PO,21,218,520,PAR,PTGU,"PALACIO, MILT",2FGA,Missed Two Pointer,0,-87,46,D,,,,39,02:00,70,64,
2007,PO,21,218,522,BAS,PANB,"RAKOCEVIC, IGOR",3FGA,Missed Three Pointer,0,-56,692,J,,,,39,02:00,70,64,
2007,PO,21,218,524,PAR,PBFE,"KECMAN, DUSAN",3FGA,Missed Three Pointer,0,338,600,G,,,,39,02:00,70,64,
2007,PO,21,218,531,BAS,PANB,"RAKOCEVIC, IGOR",2FGM,Two Pointer,2,-58,53,D,,,,40,01:00,72,64,
2007,PO,21,218,540,PAR,PBFE,"KECMAN, DUSAN",FTM,Free Throw In,1,-1,-1, ,,,,40,01:00,72,65,
2007,PO,21,218,541,PAR,PBFE,"KECMAN, DUSAN",FTM,Free Throw In,1,-1,-1, ,,,,40,01:00,72,66,
2007,PO,21,218,546,BAS,PCBX,"PRIGIONI, PABLO",FTM,Free Throw In,1,-1,-1, ,,,,40,01:00,73,66,
2007,PO,21,218,547,BAS,PCBX,"PRIGIONI, PABLO",FTM,Free Throw In,1,-1,-1, ,,,,40,01:00,74,66,
2007,PO,21,218,548,PAR,PBFB,"TRIPKOVIC, UROS",3FGA,Missed Three Pointer,0,-79,658,J,,,,40,01:00,74,66,
2007,PO,21,219,2,TEL,PBES,"BLUTHENTHAL, DAVID",3FGA,Missed Three Pointer,0,-689,12,F,,,,1,10:00,0,0,
2007,PO,21,219,5,BAR,PAHW,"MARCONATO, DENIS",2FGM,Two Pointer,2,87,433,H,,,,1,10:00,0,2,
2007,PO,21,219,6,TEL,PLFR,"BYNUM, WILL",2FGM,Two Pointer,2,102,51,C,,,,1,10:00,2,2,
2007,PO,21,219,9,BAR,PADS,"BASILE, GIANLUCA",3FGA,Missed Three Pointer,0,635,466,G,,,,1,10:00,2,2,
2007,PO,21,219,13,BAR,P000751,"NEAL, GARY",2FGA,Missed Two Pointer,0,248,182,B,,,,1,10:00,2,2,
2007,PO,21,219,15,BAR,PJKP,"ILYASOVA, ERSAN",2FGM,Two Pointer,2,-30,69,D,,,,1,10:00,2,4,
2007,PO,21,219,16,TEL,PAPB,"VUJCIC, NIKOLA",2FGM,Two Pointer,2,46,61,C,,,,1,10:00,4,4,
2007,PO,21,219,20,TEL,PAPB,"VUJCIC, NIKOLA",FTM,Free Throw In,1,-1,-1, ,,,,1,10:00,5,4,
2007,PO,21,219,29,TEL,PAPB,"VUJCIC, NIKOLA",2FGA,Missed Two Pointer,0,-246,253,E,,,,3,08:00,5,4,
2007,PO,21,219,31,BAR,PATA,"LAKOVIC, JAKA",3FGA,Missed Three Pointer,0,194,743,G,,,,3,08:00,5,4,
2007,PO,21,219,33,BAR,PADS,"BASILE, GIANLUCA",2FGA,Missed Two Pointer,0,56,384,C,,,,3,08:00,5,4,
2007,PO,21,219,38,BAR,PBOD,"KASUN, MARIO",2FGM,Two Pointer,2,17,92,C,,,,3,08:00,5,6,
2007,PO,21,219,40,TEL,PLTS,"MORRIS, TERENCE",3FGA,Missed Three Pointer,0,489,612,G,,,,4,07:00,5,6,
2007,PO,21,219,42,BAR,P000751,"NEAL, GARY",2FGA,Missed Two Pointer,0,25,256,C,,,,4,07:00,5,6,
2007,PO,21,219,44,BAR,PBOD,"KASUN, MARIO",2FGM,Two Pointer,2,12,82,C,,,,4,07:00,5,8,
2007,PO,21,219,47,TEL,PLTS,"MORRIS, TERENCE",2FGM,Two Pointer,2,-25,74,D,,,,5,06:00,7,8,
2007,PO,21,219,48,BAR,PATA,"LAKOVIC, JAKA",2FGA,Missed Two Pointer,0,123,417,C,,,,5,06:00,7,8,
2007,PO,21,219,50,TEL,PAOZ,"HALPERIN, YOTAM",3FGA,Missed Three Pointer,0,246,705,G,,,,5,06:00,7,8,
2007,PO,21,219,52,BAR,PATA,"LAKOVIC, JAKA",3FGA,Missed Three Pointer,0,579,507,G,,,,5,06:00,7,8,
2007,PO,21,219,55,TEL,PLTS,"MORRIS, TERENCE",2FGM,Two Pointer,2,-28,43,D,,,,5,06:00,9,8,
2007,PO,21,219,57,BAR,PJKP,"ILYASOVA, ERSAN",3FGA,Missed Three Pointer,0,587,458,G,,,,6,05:00,9,8,
2007,PO,21,219,59,TEL,PLTS,"MORRIS, TERENCE",2FGA,Missed Two Pointer,0,-15,58,D,,,,6,05:00,9,8,
2007,PO,21,219,61,TEL,PLTS,"MORRIS, TERENCE",2FGM,Two Pointer,2,28,48,C,,,,6,05:00,11,8,
2007,PO,21,219,65,BAR,P000751,"NEAL, GARY",3FGM,Three Pointer,3,587,433,G,,,,6,05:00,11,11,
2007,PO,21,219,68,BAR,PBOD,"KASUN, MARIO",2FGA,Missed Two Pointer,0,317,130,B,,,,6,05:00,11,11,
2007,PO,21,219,70,TEL,PAPB,"VUJCIC, NIKOLA",3FGA,Missed Three Pointer,0,-228,748,J,,,,6,05:00,11,11,
2007,PO,21,219,74,BAR,PBOD,"KASUN, MARIO",2FGAB,Missed Two Pointer,0,105,38,C,,,,8,03:00,11,11,
2007,PO,21,219,85,BAR,PBOD,"KASUN, MARIO",FTM,Free Throw In,1,-1,-1, ,,,,8,03:00,11,12,
2007,PO,21,219,86,TEL,PLFR,"BYNUM, WILL",2FGM,Two Pointer,2,-374,261,E,,,,8,03:00,13,12,
2007,PO,21,219,91,TEL,PLTS,"MORRIS, TERENCE",3FGA,Missed Three Pointer,0,-453,592,J,,,,8,03:00,13,12,
2007,PO,21,219,93,BAR,PAXC,"VAZQUEZ, FRAN",2FGM,Two Pointer,2,12,387,C,,,,8,03:00,13,14,
2007,PO,21,219,95,TEL,PLFR,"BYNUM, WILL",2FGA,Missed Two Pointer,0,-158,469,I,,,,9,02:00,13,14,
2007,PO,21,219,97,BAR,PBOD,"KASUN, MARIO",2FGA,Missed Two Pointer,0,189,133,C,,,,9,02:00,13,14,
2007,PO,21,219,104,TEL,PDHD,"BATISTA, ESTEBAN",FTM,Free Throw In,1,-1,-1, ,,,,10,01:00,14,14,
2007,PO,21,219,107,BAR,P000751,"NEAL, GARY",3FGA,Missed Three Pointer,0,594,420,A,,,,10,01:00,14,14,
2007,PO,21,219,110,TEL,PLTS,"MORRIS, TERENCE",2FGAB,Missed Two Pointer,0,-133,25,D,,,,10,01:00,14,14,
2007,PO,21,219,113,TEL,PLTS,"MORRIS, TERENCE",2FGM,Two Pointer,2,-89,33,D,,,,10,01:00,16,14,
2007,PO,21,219,114,BAR,PAZU,"SANCHEZ, PEPE",2FGA,Missed Two Pointer,0,415,310,B,,,,10,01:00,16,14,
2007,PO,21,219,122,TEL,PJFO,"CASSPI, OMRI",2FGM,Two Pointer,2,-41,117,D,,,,11,10:00,18,14,
2007,PO,21,219,124,BAR,PAZU,"SANCHEZ, PEPE",3FGA,Missed Three Pointer,0,612,425,A,,,,11,10:00,18,14,
2007,PO,21,219,126,TEL,PAOZ,"HALPERIN, YOTAM",2FGM,Two Pointer,2,-423,30,E,,,,11,10:00,20,14,
2007,PO,21,219,129,TEL,PDHD,"BATISTA, ESTEBAN",2FGM,Two Pointer,2,-30,79,D,,,,11,10:00,22,14,
2007,PO,21,219,138,BAR,PJKP,"ILYASOVA, ERSAN",2FGM,Two Pointer,2,371,10,B,,,,12,09:00,22,16,
2007,PO,21,219,140,TEL,PLTS,"MORRIS, TERENCE",2FGM,Two Pointer,2,-517,-17,E,,,,12,09:00,24,16,
2007,PO,21,219,144,BAR,PBKE,"GRIMAU, ROGER",FTM,Free Throw In,1,-1,-1, ,,,,12,09:00,24,17,
2007,PO,21,219,150,TEL,PAOZ,"HALPERIN, YOTAM",FTM,Free Throw In,1,-1,-1, ,,,,13,08:00,25,17,
2007,PO,21,219,151,TEL,PAOZ,"HALPERIN, YOTAM",FTM,Free Throw In,1,-1,-1, ,,,,13,08:00,26,17,
2007,PO,21,219,152,BAR,PATA,"LAKOVIC, JAKA",2FGA,Missed Two Pointer,0,194,338,C,,,,13,08:00,26,17,
2007,PO,21,219,154,TEL,PDHD,"BATISTA, ESTEBAN",2FGM,Two Pointer,2,-10,33,D,,,,13,08:00,28,17,
2007,PO,21,219,159,BAR,PLGC,"ACKER, ALEX",2FGM,Two Pointer,2,210,210,C,,,,13,08:00,28,19,
2007,PO,21,219,160,TEL,PDHD,"BATISTA, ESTEBAN",2FGM,Two Pointer,2,38,130,C,,,,13,08:00,30,19,
2007,PO,21,219,162,BAR,PATA,"LAKOVIC, JAKA",3FGA,Missed Three Pointer,0,607,425,A,,,,13,08:00,30,19,
2007,PO,21,219,171,TEL,PDHD,"BATISTA, ESTEBAN",2FGA,Missed Two Pointer,0,-407,48,E,,,,14,07:00,30,19,
2007,PO,21,219,174,TEL,PDHD,"BATISTA, ESTEBAN",2FGM,Two Pointer,2,-187,53,D,,,,15,06:00,32,19,
2007,PO,21,219,175,BAR,PATA,"LAKOVIC, JAKA",3FGA,Missed Three Pointer,0,561,520,G,,,,15,06:00,32,19,
2007,PO,21,219,178,BAR,PLGC,"ACKER, ALEX",2FGM,Two Pointer,2,384,248,B,,,,15,06:00,32,21,
2007,PO,21,219,180,TEL,PLFR,"BYNUM, WILL",3FGA,Missed Three Pointer,0,-648,279,F,,,,15,06:00,32,21,
2007,PO,21,219,182,BAR,PAXC,"VAZQUEZ, FRAN",2FGA,Missed Two Pointer,0,97,58,C,,,,15,06:00,32,21,
2007,PO,21,219,184,BAR,PJKP,"ILYASOVA, ERSAN",2FGM,Two Pointer,2,-15,84,D,,,,15,06:00,32,23,
2007,PO,21,219,186,BAR,PATA,"LAKOVIC, JAKA",2FGM,Two Pointer,2,64,143,C,,,,15,06:00,32,25,
2007,PO,21,219,193,BAR,PLGC,"ACKER, ALEX",3FGA,Missed Three Pointer,0,635,348,A,,,,17,04:00,32,25,
2007,PO,21,219,196,BAR,PLGC,"ACKER, ALEX",2FGAB,Missed Two Pointer,0,97,41,C,,,,17,04:00,32,25,
2007,PO,21,219,198,TEL,PLTS,"MORRIS, TERENCE",2FGM,Two Pointer,2,-10,76,D,,,,17,04:00,34,25,
2007,PO,21,219,199,BAR,PJKP,"ILYASOVA, ERSAN",3FGA,Missed Three Pointer,0,507,551,G,,,,17,04:00,34,25,
2007,PO,21,219,206,BAR,PATA,"LAKOVIC, JAKA",FTM,Free Throw In,1,-1,-1, ,,,,18,03:00,34,26,
2007,PO,21,219,207,BAR,PATA,"LAKOVIC, JAKA",FTM,Free Throw In,1,-1,-1, ,,,,18,03:00,34,27,
2007,PO,21,219,212,BAR,PADS,"BASILE, GIANLUCA",2FGA,Missed Two Pointer,0,228,156,C,,,,18,03:00,34,27,
2007,PO,21,219,214,TEL,PTFS,"FIZER, MARCUS",3FGA,Missed Three Pointer,0,-674,105,F,,,,18,03:00,34,27,
2007,PO,21,219,218,TEL,PAPB,"VUJCIC, NIKOLA",2FGM,Two Pointer,2,-166,89,D,,,,18,03:00,36,27,
2007,PO,21,219,219,BAR,PATA,"LAKOVIC, JAKA",FTM,Free Throw In,1,-1,-1, ,,,,18,03:00,36,28,
2007,PO,21,219,221,BAR,PATA,"LAKOVIC, JAKA",FTM,Free Throw In,1,-1,-1, ,,,,19,02:00,36,29,
2007,PO,21,219,228,BAR,PATA,"LAKOVIC, JAKA",3FGA,Missed Three Pointer,0,615,523,G,,,,19,02:00,36,29,
2007,PO,21,219,232,BAR,PLGC,"ACKER, ALEX",2FGA,Missed Two Pointer,0,305,253,B,,,,19,02:00,36,29,
2007,PO,21,219,234,TEL,P000615,"GARCIA, ALEX",2FGA,Missed Two Pointer,0,-435,58,E,,,,19,02:00,36,29,
2007,PO,21,219,251,TEL,PLTS,"MORRIS, TERENCE",2FGA,Missed Two Pointer,0,-461,5,E,,,,21,10:00,36,29,
2007,PO,21,219,253,BAR,PADS,"BASILE, GIANLUCA",2FGA,Missed Two Pointer,0,258,94,B,,,,21,10:00,36,29,
2007,PO,21,219,260,TEL,PAPB,"VUJCIC, NIKOLA",FTM,Free Throw In,1,-1,-1, ,,,,21,10:00,37,29,
2007,PO,21,219,261,BAR,PBOD,"KASUN, MARIO",2FGM,Two Pointer,2,-35,58,D,,,,21,10:00,37,31,
2007,PO,21,219,263,TEL,PAPB,"VUJCIC, NIKOLA",2FGA,Missed Two Pointer,0,69,51,C,,,,21,10:00,37,31,
2007,PO,21,219,267,BAR,PBKE,"GRIMAU, ROGER",2FGA,Missed Two Pointer,0,415,182,B,,,,21,10:00,37,31,
2007,PO,21,219,269,BAR,PJKP,"ILYASOVA, ERSAN",2FGM,Two Pointer,2,-17,84,D,,,,21,10:00,37,33,
2007,PO,21,219,271,TEL,P000615,"GARCIA, ALEX",3FGM,Three Pointer,3,-692,33,F,,,,21,10:00,40,33,
2007,PO,21,219,273,BAR,PJKP,"ILYASOVA, ERSAN",3FGM,Three Pointer,3,694,187,A,,,,21,10:00,40,36,
2007,PO,21,219,280,TEL,PLFR,"BYNUM, WILL",FTM,Free Throw In,1,-1,-1, ,,,,23,08:00,41,36,
2007,PO,21,219,281,TEL,PLFR,"BYNUM, WILL",FTM,Free Throw In,1,-1,-1, ,,,,23,08:00,42,36,
2007,PO,21,219,282,BAR,PADS,"BASILE, GIANLUCA",3FGM,Three Pointer,3,676,338,A,,,,23,08:00,42,39,
2007,PO,21,219,285,TEL,PAOZ,"HALPERIN, YOTAM",3FGM,Three Pointer,3,-682,130,F,,,,23,08:00,45,39,
2007,PO,21,219,286,BAR,PAZU,"SANCHEZ, PEPE",3FGA,Missed Three Pointer,0,553,594,G,,,,23,08:00,45,39,
2007,PO,21,219,288,TEL,PBES,"BLUTHENTHAL, DAVID",2FGA,Missed Two Pointer,0,-89,143,D,,,,23,08:00,45,39,
2007,PO,21,219,290,TEL,PAPB,"VUJCIC, NIKOLA",2FGM,Two Pointer,2,7,74,C,,,,23,08:00,47,39,
2007,PO,21,219,291,BAR,PBKE,"GRIMAU, ROGER",2FGA,Missed Two Pointer,0,187,174,C,,,,23,08:00,47,39,
2007,PO,21,219,293,TEL,PLFR,"BYNUM, WILL",3FGA,Missed Three Pointer,0,-700,35,F,,,,23,08:00,47,39,
2007,PO,21,219,296,BAR,PADS,"BASILE, GIANLUCA",3FGM,Three Pointer,3,679,184,A,,,,23,08:00,47,42,
2007,PO,21,219,300,TEL,PBES,"BLUTHENTHAL, DAVID",3FGM,Three Pointer,3,-692,-15,F,,,,23,08:00,50,42,
2007,PO,21,219,304,BAR,PBKE,"GRIMAU, ROGER",2FGM,Two Pointer,2,92,112,C,,,,26,05:00,50,44,
2007,PO,21,219,305,TEL,PBES,"BLUTHENTHAL, DAVID",3FGA,Missed Three Pointer,0,-643,279,F,,,,26,05:00,50,44,
2007,PO,21,219,308,BAR,PJKP,"ILYASOVA, ERSAN",3FGM,Three Pointer,3,671,230,A,,,,26,05:00,50,47,
2007,PO,21,219,310,TEL,PAOZ,"HALPERIN, YOTAM",2FGAB,Missed Two Pointer,0,-51,58,D,,,,27,04:00,50,47,
2007,PO,21,219,321,TEL,P000615,"GARCIA, ALEX",2FGAB,Missed Two Pointer,0,-110,56,D,,,,27,04:00,50,47,
2007,PO,21,219,324,TEL,PLFR,"BYNUM, WILL",2FGM,Two Pointer,2,56,100,C,,,,27,04:00,52,47,
2007,PO,21,219,336,BAR,PADS,"BASILE, GIANLUCA",3FGA,Missed Three Pointer,0,635,469,G,,,,27,04:00,52,47,
2007,PO,21,219,338,BAR,PBOD,"KASUN, MARIO",2FGM,Two Pointer,2,35,310,C,,,,27,04:00,52,49,
2007,PO,21,219,340,TEL,PBES,"BLUTHENTHAL, DAVID",3FGM,Three Pointer,3,-684,143,F,,,,27,04:00,55,49,
2007,PO,21,219,342,BAR,PBKE,"GRIMAU, ROGER",3FGM,Three Pointer,3,648,292,A,,,,28,03:00,55,52,
2007,PO,21,219,344,TEL,PBES,"BLUTHENTHAL, DAVID",3FGA,Missed Three Pointer,0,-689,192,F,,,,28,03:00,55,52,
2007,PO,21,219,347,BAR,PBOD,"KASUN, MARIO",2FGM,Two Pointer,2,20,82,C,,,,28,03:00,55,54,
2007,PO,21,219,349,TEL,PDHD,"BATISTA, ESTEBAN",2FGM,Two Pointer,2,38,82,C,,,,29,02:00,57,54,
2007,PO,21,219,351,BAR,PBKE,"GRIMAU, ROGER",3FGA,Missed Three Pointer,0,582,425,A,,,,29,02:00,57,54,
2007,PO,21,219,355,BAR,PJKP,"ILYASOVA, ERSAN",3FGM,Three Pointer,3,615,369,A,,,,30,01:00,57,57,
2007,PO,21,219,356,TEL,PAOZ,"HALPERIN, YOTAM",3FGA,Missed Three Pointer,0,-643,307,F,,,,30,01:00,57,57,
2007,PO,21,219,370,BAR,PAZU,"SANCHEZ, PEPE",2FGA,Missed Two Pointer,0,46,307,C,,,,31,10:00,57,57,
2007,PO,21,219,372,TEL,PJFO,"CASSPI, OMRI",3FGM,Three Pointer,3,-571,412,F,,,,31,10:00,60,57,
2007,PO,21,219,376,TEL,PLTS,"MORRIS, TERENCE",3FGA,Missed Three Pointer,0,-161,730,J,,,,31,10:00,60,57,
2007,PO,21,219,381,TEL,PAOZ,"HALPERIN, YOTAM",2FGM,Two Pointer,2,0,89,D,,,,32,09:00,62,57,
2007,PO,21,219,383,BAR,PJKP,"ILYASOVA, ERSAN",3FGM,Three Pointer,3,71,751,G,,,,32,09:00,62,60,
2007,PO,21,219,384,TEL,PDHD,"BATISTA, ESTEBAN",2FGM,Two Pointer,2,-56,66,D,,,,32,09:00,64,60,
2007,PO,21,219,391,TEL,PDHD,"BATISTA, ESTEBAN",FTM,Free Throw In,1,-1,-1, ,,,,33,08:00,65,60,
2007,PO,21,219,392,BAR,P000751,"NEAL, GARY",2FGA,Missed Two Pointer,0,58,143,C,,,,33,08:00,65,60,
2007,PO,21,219,397,BAR,PJKP,"ILYASOVA, ERSAN",FTM,Free Throw In,1,-1,-1, ,,,,33,08:00,65,61,
2007,PO,21,219,403,BAR,PAHW,"MARCONATO, DENIS",2FGM,Two Pointer,2,87,89,C,,,,33,08:00,65,63,
2007,PO,21,219,407,TEL,PLFR,"BYNUM, WILL",3FGM,Three Pointer,3,-505,553,J,,,,34,07:00,68,63,
2007,PO,21,219,410,BAR,PATA,"LAKOVIC, JAKA",3FGA,Missed Three Pointer,0,638,384,A,,,,34,07:00,68,63,
2007,PO,21,219,418,BAR,PJKP,"ILYASOVA, ERSAN",2FGA,Missed Two Pointer,0,-135,161,D,,,,34,07:00,68,63,
2007,PO,21,219,421,TEL,PJFO,"CASSPI, OMRI",2FGA,Missed Two Pointer,0,74,130,C,,,,35,06:00,68,63,
2007,PO,21,219,428,TEL,PDHD,"BATISTA, ESTEBAN",FTM,Free Throw In,1,-1,-1, ,,,,35,06:00,69,63,
2007,PO,21,219,431,BAR,PATA,"LAKOVIC, JAKA",2FGA,Missed Two Pointer,0,146,569,H,,,,35,06:00,69,63,
2007,PO,21,219,434,TEL,PLFR,"BYNUM, WILL",2FGA,Missed Two Pointer,0,-130,87,D,,,,36,05:00,69,63,
2007,PO,21,219,436,TEL,PLFR,"BYNUM, WILL",2FGA,Missed Two Pointer,0,-58,64,D,,,,36,05:00,69,63,
2007,PO,21,219,438,TEL,PLTS,"MORRIS, TERENCE",2FGM,Two Pointer,2,5,56,C,,,,36,05:00,71,63,
2007,PO,21,219,443,BAR,PJKP,"ILYASOVA, ERSAN",3FGA,Missed Three Pointer,0,358,676,G,,,,36,05:00,71,63,
2007,PO,21,219,446,TEL,PDHD,"BATISTA, ESTEBAN",2FGAB,Missed Two Pointer,0,0,125,D,,,,36,05:00,71,63,
2007,PO,21,219,450,BAR,PADS,"BASILE, GIANLUCA",3FGM,Three Pointer,3,656,323,A,,,,36,05:00,71,66,
2007,PO,21,219,456,TEL,PAPB,"VUJCIC, NIKOLA",FTM,Free Throw In,1,-1,-1, ,,,,37,04:00,72,66,
2007,PO,21,219,457,TEL,PAPB,"VUJCIC, NIKOLA",FTM,Free Throw In,1,-1,-1, ,,,,37,04:00,73,66,
2007,PO,21,219,459,BAR,PBKE,"GRIMAU, ROGER",2FGA,Missed Two Pointer,0,-84,120,D,,,,37,04:00,73,66,
2007,PO,21,219,461,TEL,PAPB,"VUJCIC, NIKOLA",2FGAB,Missed Two Pointer,0,51,79,C,,,,37,04:00,73,66,
2007,PO,21,219,468,BAR,PADS,"BASILE, GIANLUCA",3FGA,Missed Three Pointer,0,658,376,A,,,,38,03:00,73,66,
2007,PO,21,219,470,TEL,PLTS,"MORRIS, TERENCE",3FGA,Missed Three Pointer,0,-674,220,F,,,,38,03:00,73,66,
2007,PO,21,219,472,BAR,PADS,"BASILE, GIANLUCA",2FGM,Two Pointer,2,-107,30,D,,,,38,03:00,73,68,
2007,PO,21,219,473,TEL,PLTS,"MORRIS, TERENCE",2FGA,Missed Two Pointer,0,38,82,C,,,,38,03:00,73,68,
2007,PO,21,219,479,BAR,PBOD,"KASUN, MARIO",FTM,Free Throw In,1,-1,-1, ,,,,39,02:00,73,69,
2007,PO,21,219,484,BAR,PAZU,"SANCHEZ, PEPE",3FGA,Missed Three Pointer,0,638,451,G,,,,39,02:00,73,69,
2007,PO,21,219,486,TEL,PLFR,"BYNUM, WILL",2FGA,Missed Two Pointer,0,-366,141,E,,,,39,02:00,73,69,
2007,PO,21,219,487,BAR,PADS,"BASILE, GIANLUCA",3FGA,Missed Three Pointer,0,615,466,G,,,,39,02:00,73,69,
2007,PO,21,219,497,TEL,PAPB,"VUJCIC, NIKOLA",FTM,Free Throw In,1,-1,-1, ,,,,40,01:00,74,69,
2007,PO,21,219,498,TEL,PAPB,"VUJCIC, NIKOLA",FTM,Free Throw In,1,-1,-1, ,,,,40,01:00,75,69,
2007,PO,21,219,507,TEL,PAOZ,"HALPERIN, YOTAM",FTM,Free Throw In,1,-1,-1, ,,,,40,01:00,76,69,
2007,PO,21,219,508,TEL,PAOZ,"HALPERIN, YOTAM",FTM,Free Throw In,1,-1,-1, ,,,,40,01:00,77,69,
2007,PO,21,219,509,BAR,P000751,"NEAL, GARY",3FGA,Missed Three Pointer,0,579,487,G,,,,40,01:00,77,69,
2007,PO,21,219,515,BAR,PADS,"BASILE, GIANLUCA",3FGM,Three Pointer,3,638,351,A,,,,40,01:00,77,72,
2007,PO,21,219,519,TEL,PTFS,"FIZER, MARCUS",FTM,Free Throw In,1,-1,-1, ,,,,40,01:00,78,72,
2007,PO,21,219,520,TEL,PTFS,"FIZER, MARCUS",FTM,Free Throw In,1,-1,-1, ,,,,40,01:00,79,72,
2007,PO,21,219,521,BAR,PADS,"BASILE, GIANLUCA",3FGM,Three Pointer,3,382,812,G,,,,40,01:00,79,75,
2007,PO,21,219,524,TEL,PTFS,"FIZER, MARCUS",FTM,Free Throw In,1,-1,-1, ,,,,40,01:00,80,75,
2007,PO,21,219,525,TEL,PTFS,"FIZER, MARCUS",FTM,Free Throw In,1,-1,-1, ,,,,40,01:00,81,75,
2007,PO,21,220,4,CSK,PAKT,"ANDERSEN, DAVID",2FGM,Two Pointer,2,-23,110,D,,,,1,10:00,2,0,
2007,PO,21,220,5,OLY,PTFW,"TSAKALIDIS, JAKE",2FGM,Two Pointer,2,-33,10,D,,,,1,10:00,2,2,
2007,PO,21,220,6,CSK,PJMM,"SISKAUSKAS, RAMUNAS",2FGAB,Missed Two Pointer,0,74,69,C,,,,1,10:00,2,2,
2007,PO,21,220,11,OLY,PJRF,"VASILOPOULOS, PANAGIOTIS",2FGM,Two Pointer,2,-115,25,D,,,,2,09:00,2,4,
2007,PO,21,220,14,CSK,PAQO,"HOLDEN, JON ROBERT",3FGA,Missed Three Pointer,0,556,346,A,,,,2,09:00,2,4,
2007,PO,21,220,18,CSK,PAKT,"ANDERSEN, DAVID",FTM,Free Throw In,1,-1,-1, ,,,,2,09:00,3,4,
2007,PO,21,220,19,CSK,PAKT,"ANDERSEN, DAVID",FTM,Free Throw In,1,-1,-1, ,,,,2,09:00,4,4,
2007,PO,21,220,20,OLY,PBFY,"BLAKNEY, RODERICK",3FGM,Three Pointer,3,158,625,G,,,,2,09:00,4,7,
2007,PO,21,220,27,CSK,PJMM,"SISKAUSKAS, RAMUNAS",3FGM,Three Pointer,3,-115,658,J,,,,3,08:00,7,7,
2007,PO,21,220,29,OLY,PJRF,"VASILOPOULOS, PANAGIOTIS",2FGM,Two Pointer,2,382,2,B,,,,3,08:00,7,9,
2007,PO,21,220,31,CSK,PAKT,"ANDERSEN, DAVID",2FGM,Two Pointer,2,-117,266,D,,,,4,07:00,9,9,
2007,PO,21,220,37,OLY,PCRR,"GREER, LYNN",FTM,Free Throw In,1,-1,-1, ,,,,4,07:00,9,10,
2007,PO,21,220,38,OLY,PCRR,"GREER, LYNN",FTM,Free Throw In,1,-1,-1, ,,,,4,07:00,9,11,
2007,PO,21,220,39,CSK,PAKT,"ANDERSEN, DAVID",2FGA,Missed Two Pointer,0,-343,51,E,,,,4,07:00,9,11,
2007,PO,21,220,42,OLY,PJRF,"VASILOPOULOS, PANAGIOTIS",2FGM,Two Pointer,2,35,276,C,,,,5,06:00,9,13,
2007,PO,21,220,43,CSK,PALC,"SMODIS, MATJAZ",3FGM,Three Pointer,3,23,671,G,,,,5,06:00,12,13,
2007,PO,21,220,47,CSK,PAQO,"HOLDEN, JON ROBERT",2FGA,Missed Two Pointer,0,210,525,H,,,,6,05:00,12,13,
2007,PO,21,220,49,OLY,PJRF,"VASILOPOULOS, PANAGIOTIS",2FGM,Two Pointer,2,71,25,C,,,,6,05:00,12,15,
2007,PO,21,220,50,CSK,PALC,"SMODIS, MATJAZ",2FGAB,Missed Two Pointer,0,-12,94,D,,,,6,05:00,12,15,
2007,PO,21,220,54,CSK,PAKT,"ANDERSEN, DAVID",2FGA,Missed Two Pointer,0,-25,89,D,,,,6,05:00,12,15,
2007,PO,21,220,56,OLY,PCRR,"GREER, LYNN",3FGA,Missed Three Pointer,0,200,625,G,,,,6,05:00,12,15,
2007,PO,21,220,68,CSK,PAQO,"HOLDEN, JON ROBERT",3FGA,Missed Three Pointer,0,661,35,A,,,,7,04:00,12,15,
2007,PO,21,220,69,CSK,PAUC,"GOREE, MARCUS",2FGA,Missed Two Pointer,0,143,41,C,,,,7,04:00,12,15,
2007,PO,21,220,71,OLY,PCRR,"GREER, LYNN",2FGM,Two Pointer,2,92,84,C,,,,7,04:00,12,17,
2007,PO,21,220,73,CSK,PATW,"PAPALOUKAS, THEODOROS",2FGA,Missed Two Pointer,0,169,38,C,,,,8,03:00,12,17,
2007,PO,21,220,82,CSK,PBEB,"LANGDON, TRAJAN",3FGM,Three Pointer,3,435,517,G,,,,8,03:00,15,17,
2007,PO,21,220,84,OLY,PAQU,"BOUROUSIS, IOANNIS",2FGM,Two Pointer,2,-2,69,D,,,,8,03:00,15,19,
2007,PO,21,220,89,OLY,PAQU,"BOUROUSIS, IOANNIS",FTM,Free Throw In,1,-1,-1, ,,,,8,03:00,15,20,
2007,PO,21,220,93,CSK,PATW,"PAPALOUKAS, THEODOROS",FTM,Free Throw In,1,-1,-1, ,,,,9,02:00,16,20,
2007,PO,21,220,94,CSK,PATW,"PAPALOUKAS, THEODOROS",FTM,Free Throw In,1,-1,-1, ,,,,9,02:00,17,20,
2007,PO,21,220,95,OLY,PJRF,"VASILOPOULOS, PANAGIOTIS",3FGA,Missed Three Pointer,0,648,-7,A,,,,9,02:00,17,20,
2007,PO,21,220,97,CSK,PJMM,"SISKAUSKAS, RAMUNAS",3FGA,Missed Three Pointer,0,338,610,G,,,,9,02:00,17,20,
2007,PO,21,220,99,OLY,PAQU,"BOUROUSIS, IOANNIS",2FGM,Two Pointer,2,-7,5,D,,,,9,02:00,17,22,
2007,PO,21,220,102,CSK,PBEB,"LANGDON, TRAJAN",2FGA,Missed Two Pointer,0,382,220,B,,,,10,01:00,17,22,
2007,PO,21,220,104,OLY,PBFY,"BLAKNEY, RODERICK",2FGM,Two Pointer,2,-64,5,D,,,,10,01:00,17,24,
2007,PO,21,220,105,CSK,PBCQ,"KHRYAPA, VICTOR",3FGM,Three Pointer,3,-646,61,F,,,,10,01:00,20,24,
2007,PO,21,220,115,OLY,PAMM,"PRINTEZIS, GEORGIOS",2FGA,Missed Two Pointer,0,297,38,B,,,,11,10:00,20,24,
2007,PO,21,220,117,CSK,PJMM,"SISKAUSKAS, RAMUNAS",2FGA,Missed Two Pointer,0,25,271,C,,,,11,10:00,20,24,
2007,PO,21,220,119,OLY,PCBV,"MACIJAUSKAS, ARVYDAS",3FGA,Missed Three Pointer,0,-533,415,F,,,,11,10:00,20,24,
2007,PO,21,220,123,CSK,PAUC,"GOREE, MARCUS",2FGA,Missed Two Pointer,0,-64,10,D,,,,11,10:00,20,24,
2007,PO,21,220,127,CSK,PATW,"PAPALOUKAS, THEODOROS",2FGM,Two Pointer,2,2,69,D,,,,11,10:00,22,24,
2007,PO,21,220,129,OLY,PAMM,"PRINTEZIS, GEORGIOS",3FGA,Missed Three Pointer,0,-215,646,J,,,,12,09:00,22,24,
2007,PO,21,220,137,CSK,PALC,"SMODIS, MATJAZ",2FGA,Missed Two Pointer,0,584,0,B,,,,12,09:00,22,24,
2007,PO,21,220,142,OLY,PCRR,"GREER, LYNN",FTM,Free Throw In,1,-1,-1, ,,,,12,09:00,22,25,
2007,PO,21,220,146,OLY,PCRR,"GREER, LYNN",3FGM,Three Pointer,3,494,410,A,,,,13,08:00,22,28,
2007,PO,21,220,154,CSK,PJMM,"SISKAUSKAS, RAMUNAS",FTM,Free Throw In,1,-1,-1, ,,,,14,07:00,23,28,
2007,PO,21,220,155,CSK,PJMM,"SISKAUSKAS, RAMUNAS",FTM,Free Throw In,1,-1,-1, ,,,,14,07:00,24,28,
2007,PO,21,220,156,OLY,PAQU,"BOUROUSIS, IOANNIS",2FGA,Missed Two Pointer,0,171,30,C,,,,14,07:00,24,28,
2007,PO,21,220,158,CSK,PALC,"SMODIS, MATJAZ",3FGA,Missed Three Pointer,0,335,571,G,,,,14,07:00,24,28,
2007,PO,21,220,162,OLY,PAQU,"BOUROUSIS, IOANNIS",2FGM,Two Pointer,2,-56,25,D,,,,14,07:00,24,30,
2007,PO,21,220,169,CSK,PABN,"ZISIS, NIKOLAOS",FTM,Free Throw In,1,-1,-1, ,,,,15,06:00,25,30,
2007,PO,21,220,170,CSK,PABN,"ZISIS, NIKOLAOS",FTM,Free Throw In,1,-1,-1, ,,,,15,06:00,26,30,
2007,PO,21,220,171,OLY,PTFV,"WOODS, QYNTEL",2FGM,Two Pointer,2,-79,23,D,,,,15,06:00,26,32,
2007,PO,21,220,175,CSK,PALC,"SMODIS, MATJAZ",FTM,Free Throw In,1,-1,-1, ,,,,15,06:00,27,32,
2007,PO,21,220,176,CSK,PALC,"SMODIS, MATJAZ",FTM,Free Throw In,1,-1,-1, ,,,,15,06:00,28,32,
2007,PO,21,220,183,CSK,PAKT,"ANDERSEN, DAVID",FTM,Free Throw In,1,-1,-1, ,,,,16,05:00,29,32,
2007,PO,21,220,184,CSK,PAKT,"ANDERSEN, DAVID",FTM,Free Throw In,1,-1,-1, ,,,,16,05:00,30,32,
2007,PO,21,220,192,CSK,PAKT,"ANDERSEN, DAVID",2FGA,Missed Two Pointer,0,-66,20,D,,,,17,04:00,30,32,
2007,PO,21,220,194,OLY,PJDR,"TEODOSIC, MILOS",2FGM,Two Pointer,2,89,7,C,,,,17,04:00,30,34,
2007,PO,21,220,204,CSK,PBEB,"LANGDON, TRAJAN",3FGA,Missed Three Pointer,0,641,171,A,,,,18,03:00,30,34,
2007,PO,21,220,206,OLY,PCRR,"GREER, LYNN",2FGA,Missed Two Pointer,0,-558,169,E,,,,18,03:00,30,34,
2007,PO,21,220,213,OLY,PTFV,"WOODS, QYNTEL",3FGM,Three Pointer,3,-548,387,F,,,,18,03:00,30,37,
2007,PO,21,220,215,CSK,PATW,"PAPALOUKAS, THEODOROS",2FGM,Two Pointer,2,58,2,C,,,,19,02:00,32,37,
2007,PO,21,220,216,OLY,PTFV,"WOODS, QYNTEL",2FGM,Two Pointer,2,-2,5,D,,,,19,02:00,32,39,
2007,PO,21,220,221,OLY,PTFV,"WOODS, QYNTEL",2FGA,Missed Two Pointer,0,-574,128,E,,,,20,01:00,32,39,
2007,PO,21,220,230,OLY,PBFY,"BLAKNEY, RODERICK",3FGA,Missed Three Pointer,0,-2,656,J,,,,20,01:00,32,39,
2007,PO,21,220,232,CSK,PBEB,"LANGDON, TRAJAN",2FGAB,Missed Two Pointer,0,-56,25,D,,,,20,01:00,32,39,
2007,PO,21,220,246,CSK,PJMM,"SISKAUSKAS, RAMUNAS",2FGA,Missed Two Pointer,0,12,200,C,,,,21,10:00,32,39,
2007,PO,21,220,255,OLY,PCRR,"GREER, LYNN",FTM,Free Throw In,1,-1,-1, ,,,,22,09:00,32,40,
2007,PO,21,220,256,OLY,PCRR,"GREER, LYNN",FTM,Free Throw In,1,-1,-1, ,,,,22,09:00,32,41,
2007,PO,21,220,261,CSK,PJMM,"SISKAUSKAS, RAMUNAS",FTM,Free Throw In,1,-1,-1, ,,,,22,09:00,33,41,
2007,PO,21,220,262,CSK,PJMM,"SISKAUSKAS, RAMUNAS",FTM,Free Throw In,1,-1,-1, ,,,,22,09:00,34,41,
2007,PO,21,220,265,CSK,PBEB,"LANGDON, TRAJAN",3FGA,Missed Three Pointer,0,-635,189,F,,,,23,08:00,34,41,
2007,PO,21,220,273,CSK,PALC,"SMODIS, MATJAZ",2FGM,Two Pointer,2,-38,53,D,,,,23,08:00,36,41,
2007,PO,21,220,275,OLY,PCRR,"GREER, LYNN",3FGM,Three Pointer,3,-456,476,J,,,,24,07:00,36,44,
2007,PO,21,220,276,CSK,PBEB,"LANGDON, TRAJAN",2FGAB,Missed Two Pointer,0,192,82,C,,,,24,07:00,36,44,
2007,PO,21,220,281,OLY,PTFV,"WOODS, QYNTEL",3FGM,Three Pointer,3,671,-87,A,,,,25,06:00,36,47,
2007,PO,21,220,288,CSK,PAKT,"ANDERSEN, DAVID",2FGM,Two Pointer,2,-215,56,D,,,,25,06:00,38,47,
2007,PO,21,220,289,OLY,PAQU,"BOUROUSIS, IOANNIS",2FGM,Two Pointer,2,2,0,D,,,,25,06:00,38,49,
2007,PO,21,220,291,CSK,PBEB,"LANGDON, TRAJAN",2FGM,Two Pointer,2,382,415,B,,,,25,06:00,40,49,
2007,PO,21,220,293,OLY,PJRF,"VASILOPOULOS, PANAGIOTIS",3FGM,Three Pointer,3,-15,658,J,,,,26,05:00,40,52,
2007,PO,21,220,295,CSK,PALC,"SMODIS, MATJAZ",2FGM,Two Pointer,2,-64,10,D,,,,26,05:00,42,52,
2007,PO,21,220,297,OLY,PTFV,"WOODS, QYNTEL",3FGM,Three Pointer,3,653,84,A,,,,26,05:00,42,55,
2007,PO,21,220,302,OLY,PTFV,"WOODS, QYNTEL",2FGM,Two Pointer,2,7,7,C,,,,27,04:00,42,57,
2007,PO,21,220,307,CSK,PBEB,"LANGDON, TRAJAN",2FGM,Two Pointer,2,474,464,G,,,,27,04:00,44,57,
2007,PO,21,220,309,OLY,PBFY,"BLAKNEY, RODERICK",2FGAB,Missed Two Pointer,0,115,135,C,,,,27,04:00,44,57,
2007,PO,21,220,312,CSK,PALC,"SMODIS, MATJAZ",2FGM,Two Pointer,2,-7,0,D,,,,27,04:00,46,57,
2007,PO,21,220,315,OLY,PTFV,"WOODS, QYNTEL",2FGA,Missed Two Pointer,0,5,-5,C,,,,28,03:00,46,57,
2007,PO,21,220,317,OLY,PAQU,"BOUROUSIS, IOANNIS",2FGA,Missed Two Pointer,0,-74,33,D,,,,28,03:00,46,57,
2007,PO,21,220,324,OLY,PBFY,"BLAKNEY, RODERICK",3FGM,Three Pointer,3,38,682,G,,,,29,02:00,46,60,
2007,PO,21,220,326,CSK,PAKT,"ANDERSEN, DAVID",3FGM,Three Pointer,3,-7,658,J,,,,29,02:00,49,60,
2007,PO,21,220,330,OLY,PCRR,"GREER, LYNN",2FGM,Two Pointer,2,366,123,B,,,,29,02:00,49,62,
2007,PO,21,220,333,OLY,PAMM,"PRINTEZIS, GEORGIOS",2FGA,Missed Two Pointer,0,48,33,C,,,,29,02:00,49,62,
2007,PO,21,220,337,CSK,PALC,"SMODIS, MATJAZ",3FGM,Three Pointer,3,-23,648,J,,,,29,02:00,52,62,
2007,PO,21,220,338,OLY,PCRR,"GREER, LYNN",3FGA,Missed Three Pointer,0,405,541,G,,,,29,02:00,52,62,
2007,PO,21,220,340,CSK,PATW,"PAPALOUKAS, THEODOROS",3FGA,Missed Three Pointer,0,369,558,G,,,,29,02:00,52,62,
2007,PO,21,220,349,OLY,PJDR,"TEODOSIC, MILOS",3FGA,Missed Three Pointer,0,-523,430,J,,,,31,10:00,52,62,
2007,PO,21,220,351,OLY,PJRF,"VASILOPOULOS, PANAGIOTIS",2FGAB,Missed Two Pointer,0,-97,43,D,,,,31,10:00,52,62,
2007,PO,21,220,357,CSK,PALC,"SMODIS, MATJAZ",2FGM,Two Pointer,2,-48,2,D,,,,31,10:00,54,62,
2007,PO,21,220,363,OLY,PTFV,"WOODS, QYNTEL",2FGM,Two Pointer,2,2,2,D,,,,32,09:00,54,64,
2007,PO,21,220,370,CSK,PJMM,"SISKAUSKAS, RAMUNAS",2FGM,Two Pointer,2,-82,-7,D,,,,32,09:00,56,64,
2007,PO,21,220,371,OLY,PJDR,"TEODOSIC, MILOS",3FGA,Missed Three Pointer,0,387,535,G,,,,32,09:00,56,64,
2007,PO,21,220,373,CSK,PBEB,"LANGDON, TRAJAN",3FGA,Missed Three Pointer,0,-623,300,F,,,,32,09:00,56,64,
2007,PO,21,220,376,CSK,PAKT,"ANDERSEN, DAVID",2FGM,Two Pointer,2,107,238,C,,,,33,08:00,58,64,
2007,PO,21,220,383,OLY,PTFV,"WOODS, QYNTEL",2FGA,Missed Two Pointer,0,15,307,C,,,,33,08:00,58,64,
2007,PO,21,220,386,CSK,PATW,"PAPALOUKAS, THEODOROS",3FGA,Missed Three Pointer,0,-79,656,J,,,,34,07:00,58,64,
2007,PO,21,220,390,CSK,PABN,"ZISIS, NIKOLAOS",FTM,Free Throw In,1,-1,-1, ,,,,34,07:00,59,64,
2007,PO,21,220,391,CSK,PABN,"ZISIS, NIKOLAOS",FTM,Free Throw In,1,-1,-1, ,,,,34,07:00,60,64,
2007,PO,21,220,392,OLY,PTFV,"WOODS, QYNTEL",3FGM,Three Pointer,3,-651,-10,F,,,,34,07:00,60,67,
2007,PO,21,220,395,CSK,PAKT,"ANDERSEN, DAVID",3FGA,Missed Three Pointer,0,-505,466,J,,,,35,06:00,60,67,
2007,PO,21,220,401,OLY,PJRF,"VASILOPOULOS, PANAGIOTIS",3FGM,Three Pointer,3,-538,361,F,,,,35,06:00,60,70,
2007,PO,21,220,406,OLY,PCRR,"GREER, LYNN",2FGM,Two Pointer,2,-87,179,D,,,,36,05:00,60,72,
2007,PO,21,220,413,CSK,PJMM,"SISKAUSKAS, RAMUNAS",FTM,Free Throw In,1,-1,-1, ,,,,36,05:00,61,72,
2007,PO,21,220,414,CSK,PJMM,"SISKAUSKAS, RAMUNAS",FTM,Free Throw In,1,-1,-1, ,,,,36,05:00,62,72,
2007,PO,21,220,415,CSK,PJMM,"SISKAUSKAS, RAMUNAS",FTM,Free Throw In,1,-1,-1, ,,,,36,05:00,63,72,
2007,PO,21,220,416,OLY,PCRR,"GREER, LYNN",3FGA,Missed Three Pointer,0,-515,453,J,,,,36,05:00,63,72,
2007,PO,21,220,419,CSK,PJMM,"SISKAUSKAS, RAMUNAS",3FGA,Missed Three Pointer,0,-402,507,J,,,,37,04:00,63,72,
2007,PO,21,220,421,CSK,PBEB,"LANGDON, TRAJAN",3FGM,Three Pointer,3,30,661,G,,,,37,04:00,66,72,
2007,PO,21,220,433,CSK,PALC,"SMODIS, MATJAZ",FTM,Free Throw In,1,-1,-1, ,,,,37,04:00,67,72,
2007,PO,21,220,434,OLY,PBFY,"BLAKNEY, RODERICK",2FGM,Two Pointer,2,-356,215,E,,,,37,04:00,67,74,
2007,PO,21,220,436,CSK,PABN,"ZISIS, NIKOLAOS",2FGM,Two Pointer,2,-74,-7,D,,,,38,03:00,69,74,
2007,PO,21,220,439,CSK,PABN,"ZISIS, NIKOLAOS",FTM,Free Throw In,1,-1,-1, ,,,,38,03:00,70,74,
2007,PO,21,220,440,OLY,PCBV,"MACIJAUSKAS, ARVYDAS",3FGA,Missed Three Pointer,0,658,-87,A,,,,38,03:00,70,74,
2007,PO,21,220,446,CSK,PALC,"SMODIS, MATJAZ",FTM,Free Throw In,1,-1,-1, ,,,,38,03:00,71,74,
2007,PO,21,220,447,CSK,PALC,"SMODIS, MATJAZ",FTM,Free Throw In,1,-1,-1, ,,,,38,03:00,72,74,
2007,PO,21,220,451,OLY,PBFY,"BLAKNEY, RODERICK",2FGA,Missed Two Pointer,0,-358,328,E,,,,39,02:00,72,74,
2007,PO,21,220,455,CSK,PABN,"ZISIS, NIKOLAOS",3FGA,Missed Three Pointer,0,-538,405,F,,,,39,02:00,72,74,
2007,PO,21,220,458,OLY,PTFV,"WOODS, QYNTEL",2FGA,Missed Two Pointer,0,-315,87,E,,,,40,01:00,72,74,
2007,PO,21,220,460,CSK,PALC,"SMODIS, MATJAZ",2FGM,Two Pointer,2,100,17,C,,,,40,01:00,74,74,
2007,PO,21,220,464,OLY,PCRR,"GREER, LYNN",2FGM,Two Pointer,2,-135,341,D,,,,40,01:00,74,76,
2007,PO,22,221,3,ULK,PTFI,"VIDMAR, GASPER",2FGA,Missed Two Pointer,0,-5,158,D,,,,1,10:00,0,0,
2007,PO,22,221,5,SIE,PLMO,"SATO, ROMAIN",2FGA,Missed Two Pointer,0,279,15,B,,,,1,10:00,0,0,
2007,PO,22,221,7,ULK,PCOS,"SOLOMON, WILLIE",2FGA,Missed Two Pointer,0,-166,384,D,,,,1,10:00,0,0,
2007,PO,22,221,9,SIE,PBLH,"LAVRINOVIC, KSISTOF",3FGM,Three Pointer,3,158,666,G,,,,1,10:00,0,3,
2007,PO,22,221,12,ULK,PTFH,"PRELDZIC, EMIR",3FGA,Missed Three Pointer,0,264,612,G,,,,2,09:00,0,3,
2007,PO,22,221,14,SIE,PKWI,"MCINTYRE, TERRELL",3FGA,Missed Three Pointer,0,-212,653,J,,,,2,09:00,0,3,
2007,PO,22,221,19,ULK,PARO,"ONAN, OMER",3FGA,Missed Three Pointer,0,535,420,A,,,,2,09:00,0,3,
2007,PO,22,221,22,ULK,PLGR,"BASAK, RASIM",2FGM,Two Pointer,2,174,310,C,,,,3,08:00,2,3,
2007,PO,22,221,23,SIE,PJOC,"STONEROOK, SHAUN",2FGM,Two Pointer,2,-48,23,D,,,,3,08:00,2,5,
2007,PO,22,221,27,SIE,PJOC,"STONEROOK, SHAUN",FTM,Free Throw In,1,-1,-1, ,,,,3,08:00,2,6,
2007,PO,22,221,29,SIE,PKWI,"MCINTYRE, TERRELL",3FGM,Three Pointer,3,176,664,G,,,,3,08:00,2,9,
2007,PO,22,221,31,ULK,PTFH,"PRELDZIC, EMIR",2FGM,Two Pointer,2,76,15,C,,,,4,07:00,4,9,
2007,PO,22,221,45,ULK,PTFH,"PRELDZIC, EMIR",2FGA,Missed Two Pointer,0,317,320,B,,,,4,07:00,4,9,
2007,PO,22,221,52,ULK,PARO,"ONAN, OMER",FTM,Free Throw In,1,-1,-1, ,,,,5,06:00,5,9,
2007,PO,22,221,53,ULK,PARO,"ONAN, OMER",FTM,Free Throw In,1,-1,-1, ,,,,5,06:00,6,9,
2007,PO,22,221,54,SIE,PCCA,"THORNTON, BOOTSY",2FGM,Two Pointer,2,287,187,B,,,,5,06:00,6,11,
2007,PO,22,221,56,ULK,PARO,"ONAN, OMER",3FGA,Missed Three Pointer,0,661,12,A,,,,6,05:00,6,11,
2007,PO,22,221,58,SIE,PJOC,"STONEROOK, SHAUN",3FGM,Three Pointer,3,-561,415,F,,,,6,05:00,6,14,
2007,PO,22,221,61,ULK,PTFH,"PRELDZIC, EMIR",2FGAB,Missed Two Pointer,0,348,20,B,,,,6,05:00,6,14,
2007,PO,22,221,65,SIE,PCQO,"EZE, BENJAMIN",2FGM,Two Pointer,2,-310,-69,E,,,,6,05:00,6,16,
2007,PO,22,221,67,ULK,PCOS,"SOLOMON, WILLIE",3FGA,Missed Three Pointer,0,-33,664,J,,,,7,04:00,6,16,
2007,PO,22,221,69,SIE,PLMO,"SATO, ROMAIN",2FGM,Two Pointer,2,5,5,C,,,,7,04:00,6,18,
2007,PO,22,221,72,ULK,PCOS,"SOLOMON, WILLIE",2FGM,Two Pointer,2,102,5,C,,,,7,04:00,8,18,
2007,PO,22,221,73,SIE,PKWI,"MCINTYRE, TERRELL",2FGM,Two Pointer,2,-197,576,I,,,,7,04:00,8,20,
2007,PO,22,221,75,ULK,PTFI,"VIDMAR, GASPER",2FGM,Two Pointer,2,7,0,C,,,,8,03:00,10,20,
2007,PO,22,221,80,SIE,PLMO,"SATO, ROMAIN",2FGA,Missed Two Pointer,0,-58,238,D,,,,8,03:00,10,20,
2007,PO,22,221,82,ULK,PJYB,"ERDEN, SEMIH",2FGA,Missed Two Pointer,0,174,7,C,,,,8,03:00,10,20,
2007,PO,22,221,84,SIE,PLMO,"SATO, ROMAIN",3FGM,Three Pointer,3,-682,-64,F,,,,8,03:00,10,23,
2007,PO,22,221,87,ULK,PARO,"ONAN, OMER",2FGM,Two Pointer,2,497,335,B,,,,9,02:00,12,23,
2007,PO,22,221,97,ULK,PCOS,"SOLOMON, WILLIE",FTM,Free Throw In,1,-1,-1, ,,,,9,02:00,13,23,
2007,PO,22,221,98,ULK,PCOS,"SOLOMON, WILLIE",FTM,Free Throw In,1,-1,-1, ,,,,9,02:00,14,23,
2007,PO,22,221,99,SIE,PCCA,"THORNTON, BOOTSY",2FGM,Two Pointer,2,-138,202,D,,,,9,02:00,14,25,
2007,PO,22,221,104,SIE,PCCA,"THORNTON, BOOTSY",3FGA,Missed Three Pointer,0,100,658,G,,,,10,01:00,14,25,
2007,PO,22,221,109,ULK,PTFI,"VIDMAR, GASPER",FTM,Free Throw In,1,-1,-1, ,,,,10,01:00,15,25,
2007,PO,22,221,110,SIE,PKWI,"MCINTYRE, TERRELL",3FGA,Missed Three Pointer,0,-389,541,J,,,,10,01:00,15,25,
2007,PO,22,221,126,ULK,PCOS,"SOLOMON, WILLIE",3FGA,Missed Three Pointer,0,671,15,A,,,,11,10:00,15,25,
2007,PO,22,221,130,ULK,PCOS,"SOLOMON, WILLIE",2FGA,Missed Two Pointer,0,-66,0,D,,,,12,09:00,15,25,
2007,PO,22,221,132,SIE,PCQO,"EZE, BENJAMIN",2FGA,Missed Two Pointer,0,-117,46,D,,,,12,09:00,15,25,
2007,PO,22,221,134,ULK,P000738,"KINSEY, TARENCE",3FGA,Missed Three Pointer,0,-528,384,F,,,,12,09:00,15,25,
2007,PO,22,221,136,SIE,PLMO,"SATO, ROMAIN",2FGA,Missed Two Pointer,0,161,87,C,,,,12,09:00,15,25,
2007,PO,22,221,139,ULK,P000738,"KINSEY, TARENCE",2FGA,Missed Two Pointer,0,-10,107,D,,,,13,08:00,15,25,
2007,PO,22,221,141,ULK,PTHC,"WHITE, JAMES",2FGM,Two Pointer,2,51,28,C,,,,13,08:00,17,25,
2007,PO,22,221,149,SIE,PLMO,"SATO, ROMAIN",2FGM,Two Pointer,2,117,420,C,,,,13,08:00,17,27,
2007,PO,22,221,150,ULK,PJYB,"ERDEN, SEMIH",2FGA,Missed Two Pointer,0,-194,43,D,,,,13,08:00,17,27,
2007,PO,22,221,152,SIE,PAPS,"ILIEVSKI, VLADO",2FGM,Two Pointer,2,87,23,C,,,,13,08:00,17,29,
2007,PO,22,221,154,ULK,PCOS,"SOLOMON, WILLIE",2FGM,Two Pointer,2,-143,100,D,,,,14,07:00,19,29,
2007,PO,22,221,155,SIE,PAPS,"ILIEVSKI, VLADO",2FGA,Missed Two Pointer,0,48,43,C,,,,14,07:00,19,29,
2007,PO,22,221,157,SIE,PCQO,"EZE, BENJAMIN",2FGA,Missed Two Pointer,0,-92,66,D,,,,14,07:00,19,29,
2007,PO,22,221,164,ULK,PJYB,"ERDEN, SEMIH",2FGM,Two Pointer,2,2,12,D,,,,15,06:00,21,29,
2007,PO,22,221,166,SIE,PJHL,"RESS, TOMAS",3FGA,Missed Three Pointer,0,-366,571,J,,,,15,06:00,21,29,
2007,PO,22,221,169,SIE,PLMO,"SATO, ROMAIN",2FGM,Two Pointer,2,0,2,D,,,,15,06:00,21,31,
2007,PO,22,221,173,ULK,P000738,"KINSEY, TARENCE",2FGM,Two Pointer,2,56,0,C,,,,16,05:00,23,31,
2007,PO,22,221,179,SIE,PAPS,"ILIEVSKI, VLADO",2FGA,Missed Two Pointer,0,-333,417,E,,,,16,05:00,23,31,
2007,PO,22,221,183,SIE,PAPS,"ILIEVSKI, VLADO",FTM,Free Throw In,1,-1,-1, ,,,,16,05:00,23,32,
2007,PO,22,221,184,SIE,PAPS,"ILIEVSKI, VLADO",FTM,Free Throw In,1,-1,-1, ,,,,16,05:00,23,33,
2007,PO,22,221,185,ULK,PAYR,"TURKCAN, MIRSAD",2FGM,Two Pointer,2,10,235,C,,,,16,05:00,25,33,
2007,PO,22,221,187,SIE,PAPS,"ILIEVSKI, VLADO",3FGA,Missed Three Pointer,0,-397,576,J,,,,17,04:00,25,33,
2007,PO,22,221,189,SIE,P000754,"DIENER, DRAKE",2FGA,Missed Two Pointer,0,-74,28,D,,,,17,04:00,25,33,
2007,PO,22,221,191,ULK,PJYB,"ERDEN, SEMIH",2FGA,Missed Two Pointer,0,48,15,C,,,,17,04:00,25,33,
2007,PO,22,221,195,SIE,PJOC,"STONEROOK, SHAUN",3FGA,Missed Three Pointer,0,382,643,G,,,,17,04:00,25,33,
2007,PO,22,221,198,ULK,PLGA,"KAAN MRSIC, DAMIR",3FGM,Three Pointer,3,684,7,A,,,,18,03:00,28,33,
2007,PO,22,221,206,SIE,PLMO,"SATO, ROMAIN",FTM,Free Throw In,1,-1,-1, ,,,,18,03:00,28,34,
2007,PO,22,221,207,ULK,P000738,"KINSEY, TARENCE",2FGM,Two Pointer,2,-12,5,D,,,,18,03:00,30,34,
2007,PO,22,221,209,SIE,PJOC,"STONEROOK, SHAUN",3FGA,Missed Three Pointer,0,-12,684,J,,,,18,03:00,30,34,
2007,PO,22,221,212,ULK,PLGA,"KAAN MRSIC, DAMIR",3FGA,Missed Three Pointer,0,674,10,A,,,,19,02:00,30,34,
2007,PO,22,221,214,SIE,PKWI,"MCINTYRE, TERRELL",3FGA,Missed Three Pointer,0,-358,589,J,,,,19,02:00,30,34,
2007,PO,22,221,221,ULK,PTHC,"WHITE, JAMES",3FGA,Missed Three Pointer,0,-656,-23,F,,,,19,02:00,30,34,
2007,PO,22,221,227,SIE,PLMO,"SATO, ROMAIN",FTM,Free Throw In,1,-1,-1, ,,,,19,02:00,30,35,
2007,PO,22,221,231,ULK,PTFI,"VIDMAR, GASPER",2FGM,Two Pointer,2,0,415,D,,,,20,01:00,32,35,
2007,PO,22,221,233,SIE,PCCA,"THORNTON, BOOTSY",2FGM,Two Pointer,2,248,58,C,,,,20,01:00,32,37,
2007,PO,22,221,234,ULK,P000738,"KINSEY, TARENCE",2FGM,Two Pointer,2,389,305,B,,,,20,01:00,34,37,
2007,PO,22,221,235,SIE,PLMO,"SATO, ROMAIN",3FGA,Missed Three Pointer,0,-676,0,F,,,,20,01:00,34,37,
2007,PO,22,221,247,ULK,PCOS,"SOLOMON, WILLIE",2FGM,Two Pointer,2,20,520,H,,,,21,10:00,36,37,
2007,PO,22,221,248,SIE,PCCA,"THORNTON, BOOTSY",2FGM,Two Pointer,2,84,28,C,,,,21,10:00,36,39,
2007,PO,22,221,250,ULK,P000738,"KINSEY, TARENCE",2FGAB,Missed Two Pointer,0,133,56,C,,,,21,10:00,36,39,
2007,PO,22,221,253,SIE,PJOC,"STONEROOK, SHAUN",3FGA,Missed Three Pointer,0,246,623,G,,,,21,10:00,36,39,
2007,PO,22,221,257,SIE,PLMO,"SATO, ROMAIN",2FGA,Missed Two Pointer,0,251,87,B,,,,22,09:00,36,39,
2007,PO,22,221,264,SIE,PBLH,"LAVRINOVIC, KSISTOF",2FGM,Two Pointer,2,15,12,C,,,,23,08:00,36,41,
2007,PO,22,221,266,ULK,PCOS,"SOLOMON, WILLIE",2FGA,Missed Two Pointer,0,-141,164,D,,,,23,08:00,36,41,
2007,PO,22,221,268,SIE,PKWI,"MCINTYRE, TERRELL",3FGM,Three Pointer,3,-100,656,J,,,,23,08:00,36,44,
2007,PO,22,221,270,ULK,PCOS,"SOLOMON, WILLIE",3FGA,Missed Three Pointer,0,323,587,G,,,,24,07:00,36,44,
2007,PO,22,221,272,SIE,PBLH,"LAVRINOVIC, KSISTOF",2FGM,Two Pointer,2,51,48,C,,,,24,07:00,36,46,
2007,PO,22,221,284,SIE,PLMO,"SATO, ROMAIN",FTM,Free Throw In,1,-1,-1, ,,,,24,07:00,36,47,
2007,PO,22,221,285,SIE,PLMO,"SATO, ROMAIN",FTM,Free Throw In,1,-1,-1, ,,,,24,07:00,36,48,
2007,PO,22,221,286,SIE,PBLH,"LAVRINOVIC, KSISTOF",3FGM,Three Pointer,3,-74,679,J,,,,24,07:00,36,51,
2007,PO,22,221,297,SIE,PKWI,"MCINTYRE, TERRELL",2FGM,Two Pointer,2,61,74,C,,,,25,06:00,36,53,
2007,PO,22,221,302,ULK,P000709,"ASIK, OMER FARUK",2FGA,Missed Two Pointer,0,-10,205,D,,,,25,06:00,36,53,
2007,PO,22,221,304,SIE,PKWI,"MCINTYRE, TERRELL",3FGA,Missed Three Pointer,0,-17,646,J,,,,25,06:00,36,53,
2007,PO,22,221,307,ULK,P000709,"ASIK, OMER FARUK",2FGM,Two Pointer,2,-69,15,D,,,,26,05:00,38,53,
2007,PO,22,221,320,SIE,PJOC,"STONEROOK, SHAUN",3FGA,Missed Three Pointer,0,-184,676,J,,,,27,04:00,38,53,
2007,PO,22,221,327,SIE,PCCA,"THORNTON, BOOTSY",2FGM,Two Pointer,2,241,353,B,,,,27,04:00,38,55,
2007,PO,22,221,329,ULK,PTFH,"PRELDZIC, EMIR",2FGM,Two Pointer,2,-38,212,D,,,,27,04:00,40,55,
2007,PO,22,221,337,SIE,PCQO,"EZE, BENJAMIN",2FGM,Two Pointer,2,0,2,D,,,,28,03:00,40,57,
2007,PO,22,221,340,ULK,PLGA,"KAAN MRSIC, DAMIR",3FGA,Missed Three Pointer,0,297,605,G,,,,29,02:00,40,57,
2007,PO,22,221,349,SIE,PLMK,"CARRARETTO, MARCO",3FGM,Three Pointer,3,89,676,G,,,,29,02:00,40,60,
2007,PO,22,221,351,ULK,PARO,"ONAN, OMER",3FGM,Three Pointer,3,-225,656,J,,,,29,02:00,43,60,
2007,PO,22,221,353,SIE,PKWI,"MCINTYRE, TERRELL",3FGA,Missed Three Pointer,0,502,446,G,,,,29,02:00,43,60,
2007,PO,22,221,356,ULK,PARO,"ONAN, OMER",2FGM,Two Pointer,2,-61,17,D,,,,30,01:00,45,60,
2007,PO,22,221,360,SIE,PJHL,"RESS, TOMAS",2FGM,Two Pointer,2,5,51,C,,,,30,01:00,45,62,
2007,PO,22,221,368,SIE,PCCA,"THORNTON, BOOTSY",3FGM,Three Pointer,3,323,587,G,,,,31,10:00,45,65,
2007,PO,22,221,370,ULK,P000709,"ASIK, OMER FARUK",2FGM,Two Pointer,2,53,23,C,,,,31,10:00,47,65,
2007,PO,22,221,375,SIE,PCCA,"THORNTON, BOOTSY",3FGA,Missed Three Pointer,0,102,651,G,,,,31,10:00,47,65,
2007,PO,22,221,377,ULK,PAYR,"TURKCAN, MIRSAD",2FGM,Two Pointer,2,25,179,C,,,,31,10:00,49,65,
2007,PO,22,221,379,SIE,PAPS,"ILIEVSKI, VLADO",2FGA,Missed Two Pointer,0,205,166,C,,,,32,09:00,49,65,
2007,PO,22,221,381,SIE,PJOC,"STONEROOK, SHAUN",3FGAB,Missed Three Pointer,0,-479,456,J,,,,32,09:00,49,65,
2007,PO,22,221,393,ULK,P000709,"ASIK, OMER FARUK",2FGM,Two Pointer,2,-5,5,D,,,,33,08:00,51,65,
2007,PO,22,221,395,SIE,PBLH,"LAVRINOVIC, KSISTOF",3FGM,Three Pointer,3,25,661,G,,,,33,08:00,51,68,
2007,PO,22,221,397,ULK,PTFH,"PRELDZIC, EMIR",3FGA,Missed Three Pointer,0,-628,228,F,,,,33,08:00,51,68,
2007,PO,22,221,400,ULK,PLGA,"KAAN MRSIC, DAMIR",3FGA,Missed Three Pointer,0,576,364,A,,,,34,07:00,51,68,
2007,PO,22,221,402,ULK,P000709,"ASIK, OMER FARUK",2FGM,Two Pointer,2,-48,33,D,,,,34,07:00,53,68,
2007,PO,22,221,405,SIE,PJOC,"STONEROOK, SHAUN",3FGA,Missed Three Pointer,0,-507,451,J,,,,34,07:00,53,68,
2007,PO,22,221,407,SIE,PBLH,"LAVRINOVIC, KSISTOF",2FGA,Missed Two Pointer,0,25,58,C,,,,34,07:00,53,68,
2007,PO,22,221,412,ULK,P000709,"ASIK, OMER FARUK",2FGA,Missed Two Pointer,0,51,30,C,,,,34,07:00,53,68,
2007,PO,22,221,424,SIE,PKWI,"MCINTYRE, TERRELL",3FGA,Missed Three Pointer,0,-35,669,J,,,,34,07:00,53,68,
2007,PO,22,221,429,ULK,PAYR,"TURKCAN, MIRSAD",3FGM,Three Pointer,3,-492,456,J,,,,35,06:00,56,68,
2007,PO,22,221,433,ULK,PCOS,"SOLOMON, WILLIE",3FGA,Missed Three Pointer,0,-202,641,J,,,,35,06:00,56,68,
2007,PO,22,221,439,SIE,PBLH,"LAVRINOVIC, KSISTOF",3FGM,Three Pointer,3,-671,-48,F,,,,35,06:00,56,71,
2007,PO,22,221,442,ULK,PAYR,"TURKCAN, MIRSAD",2FGA,Missed Two Pointer,0,-10,269,D,,,,36,05:00,56,71,
2007,PO,22,221,444,SIE,PKWI,"MCINTYRE, TERRELL",3FGM,Three Pointer,3,-453,500,J,,,,36,05:00,56,74,
2007,PO,22,221,450,SIE,PBLH,"LAVRINOVIC, KSISTOF",2FGA,Missed Two Pointer,0,-30,56,D,,,,37,04:00,56,74,
2007,PO,22,221,452,SIE,PCCA,"THORNTON, BOOTSY",2FGA,Missed Two Pointer,0,35,58,C,,,,37,04:00,56,74,
2007,PO,22,221,454,SIE,PKWI,"MCINTYRE, TERRELL",3FGM,Three Pointer,3,-82,671,J,,,,37,04:00,56,77,
2007,PO,22,221,460,SIE,PKWI,"MCINTYRE, TERRELL",3FGA,Missed Three Pointer,0,-12,682,J,,,,38,03:00,56,77,
2007,PO,22,221,462,ULK,P000709,"ASIK, OMER FARUK",2FGM,Two Pointer,2,-5,10,D,,,,38,03:00,58,77,
2007,PO,22,221,466,SIE,PBLH,"LAVRINOVIC, KSISTOF",FTM,Free Throw In,1,-1,-1, ,,,,38,03:00,58,78,
2007,PO,22,221,467,SIE,PBLH,"LAVRINOVIC, KSISTOF",FTM,Free Throw In,1,-1,-1, ,,,,38,03:00,58,79,
2007,PO,22,221,468,ULK,P000738,"KINSEY, TARENCE",2FGA,Missed Two Pointer,0,-200,43,D,,,,38,03:00,58,79,
2007,PO,22,221,471,SIE,PCCA,"THORNTON, BOOTSY",3FGM,Three Pointer,3,679,23,A,,,,39,02:00,58,82,
2007,PO,22,221,473,ULK,PCOS,"SOLOMON, WILLIE",3FGM,Three Pointer,3,-233,658,J,,,,39,02:00,61,82,
2007,PO,22,221,474,SIE,PLMO,"SATO, ROMAIN",2FGA,Missed Two Pointer,0,258,179,B,,,,39,02:00,61,82,
2007,PO,22,221,479,SIE,PCCA,"THORNTON, BOOTSY",2FGM,Two Pointer,2,10,5,C,,,,39,02:00,61,84,
2007,PO,22,221,480,ULK,P000709,"ASIK, OMER FARUK",2FGM,Two Pointer,2,-64,15,D,,,,39,02:00,63,84,
2007,PO,22,221,491,ULK,PAYR,"TURKCAN, MIRSAD",3FGA,Missed Three Pointer,0,361,571,G,,,,40,01:00,63,84,
2007,PO,22,221,495,SIE,PBFR,"BERTI, SIMONE",FTM,Free Throw In,1,-1,-1, ,,,,40,01:00,63,85,
2007,PO,22,221,496,SIE,PBFR,"BERTI, SIMONE",FTM,Free Throw In,1,-1,-1, ,,,,40,01:00,63,86,
2007,PO,22,221,497,ULK,PCOS,"SOLOMON, WILLIE",3FGA,Missed Three Pointer,0,246,612,G,,,,40,01:00,63,86,
2007,PO,22,221,499,ULK,PAYR,"TURKCAN, MIRSAD",2FGM,Two Pointer,2,-46,23,D,,,,40,01:00,65,86,
2007,PO,22,222,2,BAS,PANB,"RAKOCEVIC, IGOR",2FGA,Missed Two Pointer,0,76,58,C,,,,1,10:00,0,0,
2007,PO,22,222,4,PAR,PBFB,"TRIPKOVIC, UROS",2FGM,Two Pointer,2,53,148,C,,,,1,10:00,2,0,
2007,PO,22,222,9,BAS,PJWO,"MICKEAL, PETE",2FGM,Two Pointer,2,84,35,C,,,,1,10:00,2,2,
2007,PO,22,222,14,PAR,PKNN,"PEKOVIC, NIKOLA",2FGM,Two Pointer,2,-87,33,D,,,,2,09:00,4,2,
2007,PO,22,222,19,PAR,PKNN,"PEKOVIC, NIKOLA",2FGM,Two Pointer,2,-5,71,D,,,,2,09:00,6,2,
2007,PO,22,222,22,BAS,PJZJ,"TELETOVIC, MIRZA",2FGM,Two Pointer,2,300,25,B,,,,3,08:00,6,4,
2007,PO,22,222,23,PAR,PBFE,"KECMAN, DUSAN",2FGA,Missed Two Pointer,0,153,74,C,,,,3,08:00,6,4,
2007,PO,22,222,29,BAS,PJWO,"MICKEAL, PETE",3FGA,Missed Three Pointer,0,-571,320,F,,,,3,08:00,6,4,
2007,PO,22,222,31,BAS,PANB,"RAKOCEVIC, IGOR",3FGM,Three Pointer,3,287,589,G,,,,3,08:00,6,7,
2007,PO,22,222,34,PAR,PLGH,"TEPIC, MILENKO",3FGM,Three Pointer,3,156,635,G,,,,4,07:00,9,7,
2007,PO,22,222,36,BAS,PJWO,"MICKEAL, PETE",2FGM,Two Pointer,2,64,110,C,,,,4,07:00,9,9,
2007,PO,22,222,37,PAR,PKNN,"PEKOVIC, NIKOLA",2FGM,Two Pointer,2,-69,51,D,,,,4,07:00,11,9,
2007,PO,22,222,40,BAS,PANB,"RAKOCEVIC, IGOR",3FGA,Missed Three Pointer,0,41,669,G,,,,5,06:00,11,9,
2007,PO,22,222,42,PAR,PJNN,"VELICKOVIC, NOVICA",3FGM,Three Pointer,3,112,643,G,,,,5,06:00,14,9,
2007,PO,22,222,44,BAS,PJWO,"MICKEAL, PETE",2FGA,Missed Two Pointer,0,266,130,B,,,,5,06:00,14,9,
2007,PO,22,222,47,PAR,PJNN,"VELICKOVIC, NOVICA",3FGA,Missed Three Pointer,0,-587,282,F,,,,6,05:00,14,9,
2007,PO,22,222,49,BAS,PJTT,"MCDONALD, WILL",2FGA,Missed Two Pointer,0,94,46,C,,,,6,05:00,14,9,
2007,PO,22,222,51,PAR,PTGU,"PALACIO, MILT",3FGM,Three Pointer,3,-264,594,J,,,,6,05:00,17,9,
2007,PO,22,222,57,BAS,PJWO,"MICKEAL, PETE",2FGA,Missed Two Pointer,0,66,35,C,,,,7,04:00,17,9,
2007,PO,22,222,59,PAR,PJNN,"VELICKOVIC, NOVICA",2FGM,Two Pointer,2,51,25,C,,,,7,04:00,19,9,
2007,PO,22,222,62,PAR,PLGH,"TEPIC, MILENKO",2FGM,Two Pointer,2,125,28,C,,,,7,04:00,21,9,
2007,PO,22,222,65,PAR,PLGH,"TEPIC, MILENKO",FTM,Free Throw In,1,-1,-1, ,,,,7,04:00,22,9,
2007,PO,22,222,71,BAS,PANB,"RAKOCEVIC, IGOR",2FGM,Two Pointer,2,-92,51,D,,,,8,03:00,22,11,
2007,PO,22,222,73,PAR,PJNN,"VELICKOVIC, NOVICA",2FGA,Missed Two Pointer,0,-187,53,D,,,,8,03:00,22,11,
2007,PO,22,222,75,PAR,PKNN,"PEKOVIC, NIKOLA",2FGM,Two Pointer,2,43,48,C,,,,8,03:00,24,11,
2007,PO,22,222,81,BAS,PAFP,"PLANINIC, ZORAN",2FGA,Missed Two Pointer,0,12,210,C,,,,9,02:00,24,11,
2007,PO,22,222,83,BAS,PCBY,"SPLITTER, TIAGO",2FGA,Missed Two Pointer,0,-74,43,D,,,,9,02:00,24,11,
2007,PO,22,222,85,PAR,PKNN,"PEKOVIC, NIKOLA",2FGA,Missed Two Pointer,0,189,15,C,,,,9,02:00,24,11,
2007,PO,22,222,87,PAR,PJNN,"VELICKOVIC, NOVICA",2FGA,Missed Two Pointer,0,-66,25,D,,,,9,02:00,24,11,
2007,PO,22,222,90,BAS,PJWO,"MICKEAL, PETE",2FGM,Two Pointer,2,-548,69,E,,,,9,02:00,24,13,
2007,PO,22,222,94,BAS,PAFP,"PLANINIC, ZORAN",2FGA,Missed Two Pointer,0,-274,87,E,,,,10,01:00,24,13,
2007,PO,22,222,100,PAR,PTGU,"PALACIO, MILT",3FGA,Missed Three Pointer,0,-133,635,J,,,,10,01:00,24,13,
2007,PO,22,222,104,BAS,PANB,"RAKOCEVIC, IGOR",FTM,Free Throw In,1,-1,-1, ,,,,10,01:00,24,14,
2007,PO,22,222,105,BAS,PANB,"RAKOCEVIC, IGOR",FTM,Free Throw In,1,-1,-1, ,,,,10,01:00,24,15,
2007,PO,22,222,108,PAR,PTGU,"PALACIO, MILT",FTM,Free Throw In,1,-1,-1, ,,,,10,01:00,25,15,
2007,PO,22,222,111,BAS,PAFP,"PLANINIC, ZORAN",3FGA,Missed Three Pointer,0,-441,569,J,,,,10,01:00,25,15,
2007,PO,22,222,123,PAR,PJJY,"BOZIC, PETAR",2FGAB,Missed Two Pointer,0,105,58,C,,,,11,10:00,25,15,
2007,PO,22,222,126,BAS,PANB,"RAKOCEVIC, IGOR",3FGA,Missed Three Pointer,0,-325,564,J,,,,11,10:00,25,15,
2007,PO,22,222,133,PAR,PKNN,"PEKOVIC, NIKOLA",2FGA,Missed Two Pointer,0,184,92,C,,,,12,09:00,25,15,
2007,PO,22,222,137,BAS,PANB,"RAKOCEVIC, IGOR",2FGM,Two Pointer,2,-453,102,E,,,,12,09:00,25,17,
2007,PO,22,222,138,PAR,PBFB,"TRIPKOVIC, UROS",2FGM,Two Pointer,2,248,158,B,,,,12,09:00,27,17,
2007,PO,22,222,141,BAS,PTGD,"SINGLETON, JAMES",3FGA,Missed Three Pointer,0,-15,653,J,,,,13,08:00,27,17,
2007,PO,22,222,151,PAR,PBFB,"TRIPKOVIC, UROS",3FGA,Missed Three Pointer,0,435,489,G,,,,13,08:00,27,17,
2007,PO,22,222,165,BAS,PJWO,"MICKEAL, PETE",FTM,Free Throw In,1,-1,-1, ,,,,14,07:00,27,18,
2007,PO,22,222,166,BAS,PJWO,"MICKEAL, PETE",FTM,Free Throw In,1,-1,-1, ,,,,14,07:00,27,19,
2007,PO,22,222,167,PAR,PBFB,"TRIPKOVIC, UROS",3FGM,Three Pointer,3,-638,117,F,,,,14,07:00,30,19,
2007,PO,22,222,173,BAS,PJTT,"MCDONALD, WILL",2FGA,Missed Two Pointer,0,-71,453,I,,,,14,07:00,30,19,
2007,PO,22,222,175,PAR,PLGH,"TEPIC, MILENKO",3FGA,Missed Three Pointer,0,641,84,A,,,,14,07:00,30,19,
2007,PO,22,222,177,PAR,PBXO,"VITKOVAC, CEDOMIR",2FGA,Missed Two Pointer,0,71,23,C,,,,14,07:00,30,19,
2007,PO,22,222,179,BAS,PAJK,"VIDAL, SERGI",2FGA,Missed Two Pointer,0,-84,64,D,,,,14,07:00,30,19,
2007,PO,22,222,181,PAR,PLGH,"TEPIC, MILENKO",2FGM,Two Pointer,2,-56,28,D,,,,14,07:00,32,19,
2007,PO,22,222,191,BAS,PJTT,"MCDONALD, WILL",2FGM,Two Pointer,2,-69,51,D,,,,15,06:00,32,21,
2007,PO,22,222,193,PAR,PTGU,"PALACIO, MILT",2FGM,Two Pointer,2,-287,74,E,,,,15,06:00,34,21,
2007,PO,22,222,195,BAS,PTGD,"SINGLETON, JAMES",2FGM,Two Pointer,2,0,71,D,,,,16,05:00,34,23,
2007,PO,22,222,197,PAR,PJNN,"VELICKOVIC, NOVICA",2FGA,Missed Two Pointer,0,153,17,C,,,,16,05:00,34,23,
2007,PO,22,222,199,BAS,PJTT,"MCDONALD, WILL",2FGA,Missed Two Pointer,0,200,74,C,,,,16,05:00,34,23,
2007,PO,22,222,202,PAR,PBXO,"VITKOVAC, CEDOMIR",2FGA,Missed Two Pointer,0,-123,46,D,,,,17,04:00,34,23,
2007,PO,22,222,208,BAS,PCBX,"PRIGIONI, PABLO",3FGA,Missed Three Pointer,0,564,412,A,,,,17,04:00,34,23,
2007,PO,22,222,211,PAR,PBFB,"TRIPKOVIC, UROS",3FGA,Missed Three Pointer,0,423,497,G,,,,18,03:00,34,23,
2007,PO,22,222,213,BAS,PCBX,"PRIGIONI, PABLO",3FGA,Missed Three Pointer,0,610,230,A,,,,18,03:00,34,23,
2007,PO,22,222,222,BAS,PBVC,"JASAITIS, SIMAS",2FGM,Two Pointer,2,-2,7,D,,,,19,02:00,34,25,
2007,PO,22,222,224,PAR,PBFB,"TRIPKOVIC, UROS",3FGA,Missed Three Pointer,0,-492,435,J,,,,19,02:00,34,25,
2007,PO,22,222,226,BAS,PJZJ,"TELETOVIC, MIRZA",2FGM,Two Pointer,2,-115,23,D,,,,19,02:00,34,27,
2007,PO,22,222,229,PAR,PBXO,"VITKOVAC, CEDOMIR",2FGAB,Missed Two Pointer,0,30,135,C,,,,19,02:00,34,27,
2007,PO,22,222,243,BAS,PAJK,"VIDAL, SERGI",FTM,Free Throw In,1,-1,-1, ,,,,20,01:00,34,28,
2007,PO,22,222,251,PAR,PBFB,"TRIPKOVIC, UROS",FTM,Free Throw In,1,-1,-1, ,,,,20,01:00,35,28,
2007,PO,22,222,252,PAR,PBFB,"TRIPKOVIC, UROS",FTM,Free Throw In,1,-1,-1, ,,,,20,01:00,36,28,
2007,PO,22,222,257,BAS,PBVC,"JASAITIS, SIMAS",3FGM,Three Pointer,3,-325,558,J,,,,20,01:00,36,31,
2007,PO,22,222,269,BAS,PANB,"RAKOCEVIC, IGOR",2FGM,Two Pointer,2,343,56,B,,,,21,10:00,36,33,
2007,PO,22,222,272,PAR,PJNN,"VELICKOVIC, NOVICA",2FGM,Two Pointer,2,-58,12,D,,,,21,10:00,38,33,
2007,PO,22,222,273,BAS,PJZJ,"TELETOVIC, MIRZA",3FGM,Three Pointer,3,346,546,G,,,,21,10:00,38,36,
2007,PO,22,222,285,BAS,PAFP,"PLANINIC, ZORAN",2FGA,Missed Two Pointer,0,502,315,B,,,,22,09:00,38,36,
2007,PO,22,222,287,PAR,PKNN,"PEKOVIC, NIKOLA",2FGM,Two Pointer,2,-35,158,D,,,,22,09:00,40,36,
2007,PO,22,222,290,BAS,PJZJ,"TELETOVIC, MIRZA",3FGA,Missed Three Pointer,0,348,551,G,,,,23,08:00,40,36,
2007,PO,22,222,291,PAR,PKNN,"PEKOVIC, NIKOLA",2FGA,Missed Two Pointer,0,-289,12,E,,,,23,08:00,40,36,
2007,PO,22,222,293,BAS,PJZJ,"TELETOVIC, MIRZA",2FGA,Missed Two Pointer,0,-92,38,D,,,,23,08:00,40,36,
2007,PO,22,222,295,PAR,PJNN,"VELICKOVIC, NOVICA",2FGM,Two Pointer,2,87,135,C,,,,23,08:00,42,36,
2007,PO,22,222,297,BAS,PANB,"RAKOCEVIC, IGOR",3FGA,Missed Three Pointer,0,302,582,G,,,,24,07:00,42,36,
2007,PO,22,222,299,PAR,PTGU,"PALACIO, MILT",2FGA,Missed Two Pointer,0,64,33,C,,,,24,07:00,42,36,
2007,PO,22,222,311,BAS,PANB,"RAKOCEVIC, IGOR",FTM,Free Throw In,1,-1,-1, ,,,,24,07:00,42,37,
2007,PO,22,222,314,PAR,PJNN,"VELICKOVIC, NOVICA",3FGM,Three Pointer,3,356,548,G,,,,24,07:00,45,37,
2007,PO,22,222,321,PAR,PBFB,"TRIPKOVIC, UROS",3FGA,Missed Three Pointer,0,646,51,A,,,,25,06:00,45,37,
2007,PO,22,222,326,BAS,PCBY,"SPLITTER, TIAGO",FTM,Free Throw In,1,-1,-1, ,,,,25,06:00,45,38,
2007,PO,22,222,327,PAR,PTGU,"PALACIO, MILT",3FGA,Missed Three Pointer,0,0,656,J,,,,25,06:00,45,38,
2007,PO,22,222,333,PAR,PBFE,"KECMAN, DUSAN",2FGA,Missed Two Pointer,0,-64,161,D,,,,26,05:00,45,38,
2007,PO,22,222,335,PAR,PJNN,"VELICKOVIC, NOVICA",2FGA,Missed Two Pointer,0,48,458,H,,,,26,05:00,45,38,
2007,PO,22,222,338,BAS,PJWO,"MICKEAL, PETE",2FGA,Missed Two Pointer,0,123,33,C,,,,27,04:00,45,38,
2007,PO,22,222,349,BAS,PANB,"RAKOCEVIC, IGOR",3FGM,Three Pointer,3,356,538,G,,,,27,04:00,45,41,
2007,PO,22,222,351,PAR,PJNN,"VELICKOVIC, NOVICA",3FGA,Missed Three Pointer,0,-371,533,J,,,,27,04:00,45,41,
2007,PO,22,222,358,BAS,PANB,"RAKOCEVIC, IGOR",2FGAB,Missed Two Pointer,0,151,28,C,,,,27,04:00,45,41,
2007,PO,22,222,362,PAR,PTGU,"PALACIO, MILT",2FGA,Missed Two Pointer,0,-64,105,D,,,,28,03:00,45,41,
2007,PO,22,222,363,BAS,PCBY,"SPLITTER, TIAGO",2FGM,Two Pointer,2,0,5,D,,,,28,03:00,45,43,
2007,PO,22,222,365,PAR,PLGH,"TEPIC, MILENKO",2FGM,Two Pointer,2,-61,17,D,,,,28,03:00,47,43,
2007,PO,22,222,370,PAR,PLGH,"TEPIC, MILENKO",FTM,Free Throw In,1,-1,-1, ,,,,28,03:00,48,43,
2007,PO,22,222,372,BAS,PCBY,"SPLITTER, TIAGO",2FGAB,Missed Two Pointer,0,-94,30,D,,,,28,03:00,48,43,
2007,PO,22,222,380,PAR,PKNN,"PEKOVIC, NIKOLA",FTM,Free Throw In,1,-1,-1, ,,,,29,02:00,49,43,
2007,PO,22,222,383,BAS,PJZJ,"TELETOVIC, MIRZA",2FGM,Two Pointer,2,-117,51,D,,,,29,02:00,49,45,
2007,PO,22,222,387,BAS,PBVC,"JASAITIS, SIMAS",3FGM,Three Pointer,3,648,64,A,,,,29,02:00,49,48,
2007,PO,22,222,390,PAR,PKNN,"PEKOVIC, NIKOLA",2FGM,Two Pointer,2,5,89,C,,,,30,01:00,51,48,
2007,PO,22,222,392,BAS,PAJK,"VIDAL, SERGI",2FGA,Missed Two Pointer,0,-305,135,E,,,,30,01:00,51,48,
2007,PO,22,222,394,PAR,PTGU,"PALACIO, MILT",2FGM,Two Pointer,2,82,38,C,,,,30,01:00,53,48,
2007,PO,22,222,399,PAR,PTGU,"PALACIO, MILT",FTM,Free Throw In,1,-1,-1, ,,,,30,01:00,54,48,
2007,PO,22,222,407,BAS,PJZJ,"TELETOVIC, MIRZA",2FGA,Missed Two Pointer,0,305,33,B,,,,30,01:00,54,48,
2007,PO,22,222,421,PAR,PKNN,"PEKOVIC, NIKOLA",2FGM,Two Pointer,2,69,61,C,,,,31,10:00,56,48,
2007,PO,22,222,428,BAS,PCBX,"PRIGIONI, PABLO",3FGA,Missed Three Pointer,0,541,417,A,,,,32,09:00,56,48,
2007,PO,22,222,429,PAR,PTGU,"PALACIO, MILT",3FGA,Missed Three Pointer,0,551,348,A,,,,32,09:00,56,48,
2007,PO,22,222,431,BAS,PJTT,"MCDONALD, WILL",2FGA,Missed Two Pointer,0,-20,584,I,,,,32,09:00,56,48,
2007,PO,22,222,434,PAR,PBFE,"KECMAN, DUSAN",3FGM,Three Pointer,3,17,648,G,,,,33,08:00,59,48,
2007,PO,22,222,436,BAS,PCBX,"PRIGIONI, PABLO",3FGA,Missed Three Pointer,0,433,510,G,,,,33,08:00,59,48,
2007,PO,22,222,438,PAR,PBXO,"VITKOVAC, CEDOMIR",2FGA,Missed Two Pointer,0,7,261,C,,,,33,08:00,59,48,
2007,PO,22,222,447,BAS,PJTT,"MCDONALD, WILL",FTM,Free Throw In,1,-1,-1, ,,,,34,07:00,59,49,
2007,PO,22,222,448,BAS,PJTT,"MCDONALD, WILL",FTM,Free Throw In,1,-1,-1, ,,,,34,07:00,59,50,
2007,PO,22,222,456,PAR,PJNN,"VELICKOVIC, NOVICA",2FGM,Two Pointer,2,-2,74,D,,,,35,06:00,61,50,
2007,PO,22,222,467,PAR,PTGU,"PALACIO, MILT",3FGA,Missed Three Pointer,0,-643,43,F,,,,35,06:00,61,50,
2007,PO,22,222,469,PAR,PBFB,"TRIPKOVIC, UROS",2FGM,Two Pointer,2,58,33,C,,,,35,06:00,63,50,
2007,PO,22,222,470,BAS,PCBX,"PRIGIONI, PABLO",3FGA,Missed Three Pointer,0,-82,648,J,,,,35,06:00,63,50,
2007,PO,22,222,474,PAR,PJNN,"VELICKOVIC, NOVICA",3FGM,Three Pointer,3,0,648,J,,,,36,05:00,66,50,
2007,PO,22,222,476,BAS,PAFP,"PLANINIC, ZORAN",2FGA,Missed Two Pointer,0,-12,605,I,,,,36,05:00,66,50,
2007,PO,22,222,479,PAR,PBFB,"TRIPKOVIC, UROS",2FGAB,Missed Two Pointer,0,-171,58,D,,,,36,05:00,66,50,
2007,PO,22,222,481,PAR,PBFE,"KECMAN, DUSAN",2FGA,Missed Two Pointer,0,-10,600,I,,,,36,05:00,66,50,
2007,PO,22,222,484,BAS,PAFP,"PLANINIC, ZORAN",2FGM,Two Pointer,2,76,23,C,,,,37,04:00,66,52,
2007,PO,22,222,485,PAR,PBFE,"KECMAN, DUSAN",2FGA,Missed Two Pointer,0,20,115,C,,,,37,04:00,66,52,
2007,PO,22,222,487,PAR,PJNN,"VELICKOVIC, NOVICA",2FGA,Missed Two Pointer,0,-53,46,D,,,,37,04:00,66,52,
2007,PO,22,222,489,BAS,PJZJ,"TELETOVIC, MIRZA",3FGA,Missed Three Pointer,0,-130,648,J,,,,37,04:00,66,52,
2007,PO,22,222,492,PAR,PTGU,"PALACIO, MILT",2FGA,Missed Two Pointer,0,84,179,C,,,,38,03:00,66,52,
2007,PO,22,222,502,PAR,PBFB,"TRIPKOVIC, UROS",3FGM,Three Pointer,3,617,200,A,,,,38,03:00,69,52,
2007,PO,22,222,503,BAS,PTGD,"SINGLETON, JAMES",2FGA,Missed Two Pointer,0,17,461,H,,,,38,03:00,69,52,
2007,PO,22,222,506,PAR,PKNN,"PEKOVIC, NIKOLA",2FGA,Missed Two Pointer,0,-110,184,D,,,,39,02:00,69,52,
2007,PO,22,222,510,PAR,PKNN,"PEKOVIC, NIKOLA",FTM,Free Throw In,1,-1,-1, ,,,,39,02:00,70,52,
2007,PO,22,222,511,PAR,PKNN,"PEKOVIC, NIKOLA",FTM,Free Throw In,1,-1,-1, ,,,,39,02:00,71,52,
2007,PO,22,222,514,BAS,PTGD,"SINGLETON, JAMES",2FGA,Missed Two Pointer,0,-100,38,D,,,,39,02:00,71,52,
2007,PO,22,222,516,PAR,PKNN,"PEKOVIC, NIKOLA",2FGM,Two Pointer,2,-51,94,D,,,,39,02:00,73,52,
2007,PO,22,222,517,BAS,PAFP,"PLANINIC, ZORAN",2FGA,Missed Two Pointer,0,-117,141,D,,,,39,02:00,73,52,
2007,PO,22,222,520,PAR,PBFE,"KECMAN, DUSAN",2FGM,Two Pointer,2,-79,25,D,,,,40,01:00,75,52,
2007,PO,22,222,525,PAR,PBFE,"KECMAN, DUSAN",FTM,Free Throw In,1,-1,-1, ,,,,40,01:00,76,52,
2007,PO,22,222,528,BAS,PBVC,"JASAITIS, SIMAS",2FGA,Missed Two Pointer,0,135,461,H,,,,40,01:00,76,52,
2007,PO,22,222,530,PAR,PBFB,"TRIPKOVIC, UROS",3FGA,Missed Three Pointer,0,-561,317,F,,,,40,01:00,76,52,
2007,PO,22,222,532,BAS,PAFP,"PLANINIC, ZORAN",3FGM,Three Pointer,3,-2,694,J,,,,40,01:00,76,55,
2007,PO,22,223,3,BAR,PAHW,"MARCONATO, DENIS",2FGAB,Missed Two Pointer,0,-107,35,D,,,,1,10:00,0,0,
2007,PO,22,223,7,BAR,PJKP,"ILYASOVA, ERSAN",2FGM,Two Pointer,2,-28,12,D,,,,1,10:00,2,0,
2007,PO,22,223,8,TEL,PLTS,"MORRIS, TERENCE",2FGM,Two Pointer,2,-7,597,I,,,,1,10:00,2,2,
2007,PO,22,223,9,BAR,PADS,"BASILE, GIANLUCA",2FGA,Missed Two Pointer,0,-53,-2,D,,,,1,10:00,2,2,
2007,PO,22,223,13,BAR,PAHW,"MARCONATO, DENIS",FTM,Free Throw In,1,-1,-1, ,,,,1,10:00,3,2,
2007,PO,22,223,14,BAR,PAHW,"MARCONATO, DENIS",FTM,Free Throw In,1,-1,-1, ,,,,1,10:00,4,2,
2007,PO,22,223,16,TEL,PCQD,"CUMMINGS, VONTEEGO",3FGA,Missed Three Pointer,0,-646,35,F,,,,2,09:00,4,2,
2007,PO,22,223,20,BAR,PLGC,"ACKER, ALEX",FTM,Free Throw In,1,-1,-1, ,,,,2,09:00,5,2,
2007,PO,22,223,24,BAR,PATA,"LAKOVIC, JAKA",3FGA,Missed Three Pointer,0,351,600,G,,,,2,09:00,5,2,
2007,PO,22,223,27,TEL,PAOZ,"HALPERIN, YOTAM",3FGM,Three Pointer,3,394,589,G,,,,3,08:00,5,5,
2007,PO,22,223,29,BAR,PADS,"BASILE, GIANLUCA",2FGM,Two Pointer,2,200,566,H,,,,3,08:00,7,5,
2007,PO,22,223,30,TEL,PLTS,"MORRIS, TERENCE",3FGA,Missed Three Pointer,0,476,471,G,,,,3,08:00,7,5,
2007,PO,22,223,36,BAR,PLGC,"ACKER, ALEX",3FGA,Missed Three Pointer,0,-458,507,J,,,,3,08:00,7,5,
2007,PO,22,223,39,TEL,PCQD,"CUMMINGS, VONTEEGO",2FGA,Missed Two Pointer,0,-15,15,D,,,,4,07:00,7,5,
2007,PO,22,223,278,TEL,PAPB,"VUJCIC, NIKOLA",2FGA,Missed Two Pointer,0,0,0,B,,,,4,07:00,7,5,
2007,PO,22,223,41,BAR,PLGC,"ACKER, ALEX",2FGM,Two Pointer,2,-20,17,D,,,,4,07:00,9,5,
2007,PO,22,223,46,TEL,PLTS,"MORRIS, TERENCE",3FGM,Three Pointer,3,28,666,G,,,,4,07:00,9,8,
2007,PO,22,223,49,BAR,PJKP,"ILYASOVA, ERSAN",2FGAB,Missed Two Pointer,0,-12,110,D,,,,5,06:00,9,8,
2007,PO,22,223,57,TEL,PJFO,"CASSPI, OMRI",2FGM,Two Pointer,2,51,28,C,,,,5,06:00,9,10,
2007,PO,22,223,59,BAR,PADS,"BASILE, GIANLUCA",2FGM,Two Pointer,2,35,333,C,,,,5,06:00,11,10,
2007,PO,22,223,64,TEL,PJFO,"CASSPI, OMRI",FTM,Free Throw In,1,-1,-1, ,,,,5,06:00,11,11,
2007,PO,22,223,68,BAR,PATA,"LAKOVIC, JAKA",2FGAB,Missed Two Pointer,0,151,48,C,,,,6,05:00,11,11,
2007,PO,22,223,74,TEL,PJFO,"CASSPI, OMRI",FTM,Free Throw In,1,-1,-1, ,,,,6,05:00,11,12,
2007,PO,22,223,75,TEL,PJFO,"CASSPI, OMRI",FTM,Free Throw In,1,-1,-1, ,,,,6,05:00,11,13,
2007,PO,22,223,76,BAR,PLGC,"ACKER, ALEX",2FGM,Two Pointer,2,38,382,C,,,,6,05:00,13,13,
2007,PO,22,223,78,TEL,PJFO,"CASSPI, OMRI",2FGM,Two Pointer,2,12,10,C,,,,6,05:00,13,15,
2007,PO,22,223,85,BAR,PADS,"BASILE, GIANLUCA",2FGM,Two Pointer,2,-2,69,D,,,,7,04:00,15,15,
2007,PO,22,223,86,TEL,PLTS,"MORRIS, TERENCE",3FGA,Missed Three Pointer,0,-30,692,J,,,,7,04:00,15,15,
2007,PO,22,223,88,BAR,PADS,"BASILE, GIANLUCA",2FGA,Missed Two Pointer,0,-46,7,D,,,,7,04:00,15,15,
2007,PO,22,223,96,TEL,PJFO,"CASSPI, OMRI",FTM,Free Throw In,1,-1,-1, ,,,,7,04:00,15,16,
2007,PO,22,223,99,BAR,PAXC,"VAZQUEZ, FRAN",2FGA,Missed Two Pointer,0,-305,66,E,,,,7,04:00,15,16,
2007,PO,22,223,102,TEL,PAOZ,"HALPERIN, YOTAM",2FGA,Missed Two Pointer,0,110,58,C,,,,8,03:00,15,16,
2007,PO,22,223,109,TEL,PJFO,"CASSPI, OMRI",3FGA,Missed Three Pointer,0,535,433,G,,,,8,03:00,15,16,
2007,PO,22,223,111,BAR,PADS,"BASILE, GIANLUCA",3FGM,Three Pointer,3,-38,766,J,,,,8,03:00,18,16,
2007,PO,22,223,114,TEL,PLTS,"MORRIS, TERENCE",2FGM,Two Pointer,2,-33,153,D,,,,9,02:00,18,18,
2007,PO,22,223,115,BAR,PAZU,"SANCHEZ, PEPE",3FGM,Three Pointer,3,130,710,G,,,,9,02:00,21,18,
2007,PO,22,223,116,TEL,PLFR,"BYNUM, WILL",2FGM,Two Pointer,2,-20,7,D,,,,9,02:00,21,20,
2007,PO,22,223,118,BAR,PADS,"BASILE, GIANLUCA",3FGA,Missed Three Pointer,0,-251,871,J,,,,10,01:00,21,20,
2007,PO,22,223,120,TEL,PLTS,"MORRIS, TERENCE",3FGA,Missed Three Pointer,0,33,702,G,,,,10,01:00,21,20,
2007,PO,22,223,122,TEL,PJFO,"CASSPI, OMRI",2FGM,Two Pointer,2,15,25,C,,,,10,01:00,21,22,
2007,PO,22,223,123,BAR,PAXC,"VAZQUEZ, FRAN",2FGM,Two Pointer,2,-48,525,I,,,,10,01:00,23,22,
2007,PO,22,223,125,TEL,PLTS,"MORRIS, TERENCE",3FGAB,Missed Three Pointer,0,412,561,G,,,,10,01:00,23,22,
2007,PO,22,223,131,TEL,PAOZ,"HALPERIN, YOTAM",3FGA,Missed Three Pointer,0,-651,28,F,,,,11,10:00,23,22,
2007,PO,22,223,135,BAR,PAXC,"VAZQUEZ, FRAN",2FGA,Missed Two Pointer,0,-33,523,I,,,,11,10:00,23,22,
2007,PO,22,223,137,TEL,PLFR,"BYNUM, WILL",3FGA,Missed Three Pointer,0,630,192,A,,,,11,10:00,23,22,
2007,PO,22,223,140,BAR,PADS,"BASILE, GIANLUCA",2FGAB,Missed Two Pointer,0,97,51,C,,,,12,09:00,23,22,
2007,PO,22,223,149,BAR,PBOD,"KASUN, MARIO",2FGM,Two Pointer,2,-10,10,D,,,,12,09:00,25,22,
2007,PO,22,223,153,BAR,PADS,"BASILE, GIANLUCA",2FGM,Two Pointer,2,2,15,D,,,,12,09:00,27,22,
2007,PO,22,223,161,BAR,PAZU,"SANCHEZ, PEPE",2FGM,Two Pointer,2,-10,2,D,,,,13,08:00,29,22,
2007,PO,22,223,168,BAR,PBOD,"KASUN, MARIO",2FGM,Two Pointer,2,-7,-15,D,,,,13,08:00,31,22,
2007,PO,22,223,170,TEL,PDHD,"BATISTA, ESTEBAN",2FGAB,Missed Two Pointer,0,-20,46,D,,,,13,08:00,31,22,
2007,PO,22,223,174,TEL,PDHD,"BATISTA, ESTEBAN",2FGA,Missed Two Pointer,0,48,10,C,,,,13,08:00,31,22,
2007,PO,22,223,179,TEL,PDHD,"BATISTA, ESTEBAN",FTM,Free Throw In,1,-1,-1, ,,,,14,07:00,31,23,
2007,PO,22,223,182,BAR,PBKE,"GRIMAU, ROGER",3FGA,Missed Three Pointer,0,328,610,G,,,,14,07:00,31,23,
2007,PO,22,223,184,TEL,P000615,"GARCIA, ALEX",2FGAB,Missed Two Pointer,0,387,317,B,,,,14,07:00,31,23,
2007,PO,22,223,188,TEL,PLTS,"MORRIS, TERENCE",2FGM,Two Pointer,2,28,20,C,,,,14,07:00,31,25,
2007,PO,22,223,192,BAR,PBKE,"GRIMAU, ROGER",2FGA,Missed Two Pointer,0,43,10,C,,,,15,06:00,31,25,
2007,PO,22,223,194,TEL,PLTS,"MORRIS, TERENCE",2FGM,Two Pointer,2,-12,35,D,,,,15,06:00,31,27,
2007,PO,22,223,201,BAR,PBOD,"KASUN, MARIO",FTM,Free Throw In,1,-1,-1, ,,,,15,06:00,32,27,
2007,PO,22,223,202,BAR,PBOD,"KASUN, MARIO",FTM,Free Throw In,1,-1,-1, ,,,,15,06:00,33,27,
2007,PO,22,223,206,BAR,PBKE,"GRIMAU, ROGER",2FGM,Two Pointer,2,5,2,C,,,,16,05:00,35,27,
2007,PO,22,223,211,TEL,PAPB,"VUJCIC, NIKOLA",2FGM,Two Pointer,2,-141,28,D,,,,16,05:00,35,29,
2007,PO,22,223,213,BAR,PAZU,"SANCHEZ, PEPE",3FGM,Three Pointer,3,-415,620,J,,,,16,05:00,38,29,
2007,PO,22,223,225,BAR,PAZU,"SANCHEZ, PEPE",2FGA,Missed Two Pointer,0,143,56,C,,,,17,04:00,38,29,
2007,PO,22,223,227,BAR,PADS,"BASILE, GIANLUCA",2FGA,Missed Two Pointer,0,346,407,B,,,,17,04:00,38,29,
2007,PO,22,223,230,TEL,PLTS,"MORRIS, TERENCE",2FGM,Two Pointer,2,-66,115,D,,,,18,03:00,38,31,
2007,PO,22,223,231,BAR,P000751,"NEAL, GARY",3FGA,Missed Three Pointer,0,-464,543,J,,,,18,03:00,38,31,
2007,PO,22,223,233,TEL,PLFR,"BYNUM, WILL",2FGM,Two Pointer,2,20,5,C,,,,18,03:00,38,33,
2007,PO,22,223,234,BAR,PAZU,"SANCHEZ, PEPE",3FGA,Missed Three Pointer,0,284,638,G,,,,18,03:00,38,33,
2007,PO,22,223,236,BAR,PJJF,"TRIAS, JORDI",2FGAB,Missed Two Pointer,0,23,46,C,,,,18,03:00,38,33,
2007,PO,22,223,240,TEL,PLFR,"BYNUM, WILL",2FGM,Two Pointer,2,10,7,C,,,,19,02:00,38,35,
2007,PO,22,223,244,TEL,PLFR,"BYNUM, WILL",FTM,Free Throw In,1,-1,-1, ,,,,19,02:00,38,36,
2007,PO,22,223,245,BAR,P000751,"NEAL, GARY",2FGM,Two Pointer,2,317,330,B,,,,19,02:00,40,36,
2007,PO,22,223,246,TEL,PLTS,"MORRIS, TERENCE",2FGA,Missed Two Pointer,0,-7,48,D,,,,19,02:00,40,36,
2007,PO,22,223,248,TEL,PLTS,"MORRIS, TERENCE",2FGA,Missed Two Pointer,0,66,51,C,,,,19,02:00,40,36,
2007,PO,22,223,250,BAR,PADS,"BASILE, GIANLUCA",3FGA,Missed Three Pointer,0,-515,476,J,,,,19,02:00,40,36,
2007,PO,22,223,253,BAR,P000751,"NEAL, GARY",3FGA,Missed Three Pointer,0,479,487,G,,,,20,01:00,40,36,
2007,PO,22,223,258,TEL,PLFR,"BYNUM, WILL",FTM,Free Throw In,1,-1,-1, ,,,,20,01:00,40,37,
2007,PO,22,223,265,TEL,PLFR,"BYNUM, WILL",2FGA,Missed Two Pointer,0,53,12,C,,,,20,01:00,40,37,
2007,PO,22,223,267,TEL,PBES,"BLUTHENTHAL, DAVID",2FGA,Missed Two Pointer,0,-2,64,D,,,,20,01:00,40,37,
2007,PO,22,223,269,BAR,PLGC,"ACKER, ALEX",2FGA,Missed Two Pointer,0,223,12,C,,,,20,01:00,40,37,
2007,PO,22,223,271,TEL,PAOZ,"HALPERIN, YOTAM",3FGA,Missed Three Pointer,0,-410,620,J,,,,20,01:00,40,37,
2007,PO,22,223,273,BAR,PADS,"BASILE, GIANLUCA",3FGM,Three Pointer,3,-612,505,J,,,,20,01:00,43,37,
2007,PO,22,223,287,TEL,PLTS,"MORRIS, TERENCE",2FGA,Missed Two Pointer,0,-97,102,D,,,,21,10:00,43,37,
2007,PO,22,223,289,BAR,PATA,"LAKOVIC, JAKA",3FGA,Missed Three Pointer,0,230,653,G,,,,21,10:00,43,37,
2007,PO,22,223,291,TEL,PLTS,"MORRIS, TERENCE",2FGA,Missed Two Pointer,0,-76,35,D,,,,21,10:00,43,37,
2007,PO,22,223,296,TEL,PAPB,"VUJCIC, NIKOLA",3FGM,Three Pointer,3,28,689,G,,,,22,09:00,43,40,
2007,PO,22,223,298,BAR,PATA,"LAKOVIC, JAKA",2FGA,Missed Two Pointer,0,-97,469,I,,,,22,09:00,43,40,
2007,PO,22,223,300,BAR,PAXC,"VAZQUEZ, FRAN",2FGM,Two Pointer,2,17,23,C,,,,22,09:00,45,40,
2007,PO,22,223,302,TEL,PCQD,"CUMMINGS, VONTEEGO",2FGAB,Missed Two Pointer,0,-46,23,D,,,,23,08:00,45,40,
2007,PO,22,223,306,TEL,PJFO,"CASSPI, OMRI",2FGM,Two Pointer,2,7,5,C,,,,23,08:00,45,42,
2007,PO,22,223,307,BAR,PLGC,"ACKER, ALEX",2FGA,Missed Two Pointer,0,-74,148,D,,,,23,08:00,45,42,
2007,PO,22,223,309,TEL,PLTS,"MORRIS, TERENCE",2FGM,Two Pointer,2,74,48,C,,,,23,08:00,45,44,
2007,PO,22,223,314,BAR,PADS,"BASILE, GIANLUCA",3FGA,Missed Three Pointer,0,528,420,A,,,,24,07:00,45,44,
2007,PO,22,223,318,BAR,PADS,"BASILE, GIANLUCA",2FGM,Two Pointer,2,-5,10,D,,,,24,07:00,47,44,
2007,PO,22,223,321,TEL,PAPB,"VUJCIC, NIKOLA",2FGM,Two Pointer,2,5,5,C,,,,25,06:00,47,46,
2007,PO,22,223,323,BAR,PADS,"BASILE, GIANLUCA",3FGM,Three Pointer,3,464,610,G,,,,25,06:00,50,46,
2007,PO,22,223,324,TEL,PAPB,"VUJCIC, NIKOLA",2FGA,Missed Two Pointer,0,17,538,H,,,,25,06:00,50,46,
2007,PO,22,223,326,BAR,PBOD,"KASUN, MARIO",2FGA,Missed Two Pointer,0,33,117,C,,,,25,06:00,50,46,
2007,PO,22,223,328,BAR,PBOD,"KASUN, MARIO",2FGA,Missed Two Pointer,0,12,43,C,,,,25,06:00,50,46,
2007,PO,22,223,330,TEL,PLTS,"MORRIS, TERENCE",2FGA,Missed Two Pointer,0,-20,61,D,,,,25,06:00,50,46,
2007,PO,22,223,337,BAR,PBOD,"KASUN, MARIO",2FGA,Missed Two Pointer,0,92,41,C,,,,26,05:00,50,46,
2007,PO,22,223,339,BAR,PAXC,"VAZQUEZ, FRAN",2FGM,Two Pointer,2,-64,20,D,,,,26,05:00,52,46,
2007,PO,22,223,340,TEL,PAPB,"VUJCIC, NIKOLA",2FGA,Missed Two Pointer,0,-15,58,D,,,,26,05:00,52,46,
2007,PO,22,223,342,BAR,PADS,"BASILE, GIANLUCA",3FGM,Three Pointer,3,-594,338,F,,,,26,05:00,55,46,
2007,PO,22,223,349,TEL,PJFO,"CASSPI, OMRI",3FGM,Three Pointer,3,589,333,A,,,,26,05:00,55,49,
2007,PO,22,223,354,BAR,PBOD,"KASUN, MARIO",FTM,Free Throw In,1,-1,-1, ,,,,27,04:00,56,49,
2007,PO,22,223,355,BAR,PBOD,"KASUN, MARIO",FTM,Free Throw In,1,-1,-1, ,,,,27,04:00,57,49,
2007,PO,22,223,356,TEL,PJFO,"CASSPI, OMRI",2FGM,Two Pointer,2,-194,64,D,,,,27,04:00,57,51,
2007,PO,22,223,357,BAR,PADS,"BASILE, GIANLUCA",2FGA,Missed Two Pointer,0,-351,133,E,,,,27,04:00,57,51,
2007,PO,22,223,360,TEL,P000615,"GARCIA, ALEX",2FGA,Missed Two Pointer,0,69,17,C,,,,28,03:00,57,51,
2007,PO,22,223,368,BAR,PADS,"BASILE, GIANLUCA",3FGA,Missed Three Pointer,0,484,669,G,,,,28,03:00,57,51,
2007,PO,22,223,370,TEL,PLFR,"BYNUM, WILL",3FGA,Missed Three Pointer,0,-658,2,F,,,,28,03:00,57,51,
2007,PO,22,223,375,BAR,PADS,"BASILE, GIANLUCA",FTM,Free Throw In,1,-1,-1, ,,,,29,02:00,58,51,
2007,PO,22,223,376,BAR,PADS,"BASILE, GIANLUCA",FTM,Free Throw In,1,-1,-1, ,,,,29,02:00,59,51,
2007,PO,22,223,381,BAR,PBKE,"GRIMAU, ROGER",FTM,Free Throw In,1,-1,-1, ,,,,29,02:00,60,51,
2007,PO,22,223,382,BAR,PBKE,"GRIMAU, ROGER",FTM,Free Throw In,1,-1,-1, ,,,,29,02:00,61,51,
2007,PO,22,223,385,TEL,PLGD,"ELIYAHU, LIOR",2FGM,Two Pointer,2,66,128,C,,,,29,02:00,61,53,
2007,PO,22,223,388,BAR,PAXC,"VAZQUEZ, FRAN",2FGA,Missed Two Pointer,0,-176,389,D,,,,30,01:00,61,53,
2007,PO,22,223,390,TEL,PDHD,"BATISTA, ESTEBAN",2FGM,Two Pointer,2,-17,58,D,,,,30,01:00,61,55,
2007,PO,22,223,391,BAR,PADS,"BASILE, GIANLUCA",3FGM,Three Pointer,3,-225,648,J,,,,30,01:00,64,55,
2007,PO,22,223,395,TEL,PJFO,"CASSPI, OMRI",3FGA,Missed Three Pointer,0,256,625,G,,,,30,01:00,64,55,
2007,PO,22,223,397,TEL,PLFR,"BYNUM, WILL",3FGM,Three Pointer,3,-576,371,F,,,,30,01:00,64,58,
2007,PO,22,223,404,BAR,PAXC,"VAZQUEZ, FRAN",2FGM,Two Pointer,2,-423,102,E,,,,31,10:00,66,58,
2007,PO,22,223,406,TEL,PLFR,"BYNUM, WILL",2FGA,Missed Two Pointer,0,71,17,C,,,,31,10:00,66,58,
2007,PO,22,223,409,BAR,PADS,"BASILE, GIANLUCA",3FGM,Three Pointer,3,574,484,G,,,,32,09:00,69,58,
2007,PO,22,223,410,TEL,PAOU,"SHARP, DERRICK",2FGA,Missed Two Pointer,0,-420,220,E,,,,32,09:00,69,58,
2007,PO,22,223,415,BAR,PBKE,"GRIMAU, ROGER",FTM,Free Throw In,1,-1,-1, ,,,,32,09:00,70,58,
2007,PO,22,223,416,BAR,PBKE,"GRIMAU, ROGER",FTM,Free Throw In,1,-1,-1, ,,,,32,09:00,71,58,
2007,PO,22,223,417,TEL,PDHD,"BATISTA, ESTEBAN",2FGM,Two Pointer,2,128,46,C,,,,32,09:00,71,60,
2007,PO,22,223,422,BAR,PADS,"BASILE, GIANLUCA",FTM,Free Throw In,1,-1,-1, ,,,,33,08:00,72,60,
2007,PO,22,223,423,BAR,PADS,"BASILE, GIANLUCA",FTM,Free Throw In,1,-1,-1, ,,,,33,08:00,73,60,
2007,PO,22,223,426,TEL,PLGD,"ELIYAHU, LIOR",FTM,Free Throw In,1,-1,-1, ,,,,33,08:00,73,61,
2007,PO,22,223,427,TEL,PLGD,"ELIYAHU, LIOR",FTM,Free Throw In,1,-1,-1, ,,,,33,08:00,73,62,
2007,PO,22,223,428,BAR,PAXC,"VAZQUEZ, FRAN",3FGA,Missed Three Pointer,0,-441,502,J,,,,33,08:00,73,62,
2007,PO,22,223,430,TEL,PAOU,"SHARP, DERRICK",3FGM,Three Pointer,3,192,646,G,,,,33,08:00,73,65,
2007,PO,22,223,433,BAR,PADS,"BASILE, GIANLUCA",3FGA,Missed Three Pointer,0,584,710,G,,,,34,07:00,73,65,
2007,PO,22,223,435,TEL,PLGD,"ELIYAHU, LIOR",2FGA,Missed Two Pointer,0,79,169,C,,,,34,07:00,73,65,
2007,PO,22,223,437,BAR,PADS,"BASILE, GIANLUCA",2FGM,Two Pointer,2,10,-7,C,,,,34,07:00,75,65,
2007,PO,22,223,449,BAR,PAZU,"SANCHEZ, PEPE",3FGM,Three Pointer,3,-600,423,F,,,,35,06:00,78,65,
2007,PO,22,223,451,TEL,PLFR,"BYNUM, WILL",2FGM,Two Pointer,2,-23,12,D,,,,35,06:00,78,67,
2007,PO,22,223,453,BAR,PAHW,"MARCONATO, DENIS",2FGA,Missed Two Pointer,0,-46,558,I,,,,35,06:00,78,67,
2007,PO,22,223,456,BAR,PAZU,"SANCHEZ, PEPE",3FGA,Missed Three Pointer,0,-23,674,J,,,,36,05:00,78,67,
2007,PO,22,223,458,TEL,PAPB,"VUJCIC, NIKOLA",3FGA,Missed Three Pointer,0,66,674,G,,,,36,05:00,78,67,
2007,PO,22,223,461,TEL,PJFO,"CASSPI, OMRI",2FGAB,Missed Two Pointer,0,-97,53,D,,,,36,05:00,78,67,
2007,PO,22,223,465,TEL,PAPB,"VUJCIC, NIKOLA",2FGM,Two Pointer,2,-500,292,E,,,,36,05:00,78,69,
2007,PO,22,223,466,BAR,PBKE,"GRIMAU, ROGER",3FGM,Three Pointer,3,-420,523,J,,,,36,05:00,81,69,
2007,PO,22,223,469,TEL,PAOU,"SHARP, DERRICK",3FGAB,Missed Three Pointer,0,-664,23,F,,,,37,04:00,81,69,
2007,PO,22,223,473,TEL,PAPB,"VUJCIC, NIKOLA",3FGA,Missed Three Pointer,0,-497,430,J,,,,37,04:00,81,69,
2007,PO,22,223,475,BAR,PADS,"BASILE, GIANLUCA",3FGA,Missed Three Pointer,0,576,651,G,,,,37,04:00,81,69,
2007,PO,22,223,480,TEL,PAOU,"SHARP, DERRICK",3FGM,Three Pointer,3,97,679,G,,,,38,03:00,81,72,
2007,PO,22,223,481,BAR,PBKE,"GRIMAU, ROGER",2FGM,Two Pointer,2,35,5,C,,,,38,03:00,83,72,
2007,PO,22,223,484,TEL,PAOU,"SHARP, DERRICK",3FGA,Missed Three Pointer,0,-648,161,F,,,,38,03:00,83,72,
2007,PO,22,223,493,BAR,PAZU,"SANCHEZ, PEPE",3FGA,Missed Three Pointer,0,-641,153,F,,,,39,02:00,83,72,
2007,PO,22,223,495,TEL,PBES,"BLUTHENTHAL, DAVID",3FGA,Missed Three Pointer,0,-574,358,F,,,,39,02:00,83,72,
2007,PO,22,223,498,BAR,PAXC,"VAZQUEZ, FRAN",2FGA,Missed Two Pointer,0,-523,-5,E,,,,40,01:00,83,72,
2007,PO,22,223,503,TEL,PLTS,"MORRIS, TERENCE",FTM,Free Throw In,1,-1,-1, ,,,,40,01:00,83,73,
2007,PO,22,223,504,BAR,PBKE,"GRIMAU, ROGER",2FGA,Missed Two Pointer,0,43,51,C,,,,40,01:00,83,73,
2007,PO,22,223,510,TEL,PJFO,"CASSPI, OMRI",FTM,Free Throw In,1,-1,-1, ,,,,40,01:00,83,74,
2007,PO,22,224,4,CSK,PALC,"SMODIS, MATJAZ",2FGA,Missed Two Pointer,0,-125,330,D,,,,1,10:00,0,0,
2007,PO,22,224,6,OLY,PCRR,"GREER, LYNN",2FGM,Two Pointer,2,115,428,H,,,,1,10:00,2,0,
2007,PO,22,224,8,CSK,PAKT,"ANDERSEN, DAVID",2FGM,Two Pointer,2,64,51,C,,,,2,09:00,2,2,
2007,PO,22,224,10,OLY,PTFW,"TSAKALIDIS, JAKE",2FGM,Two Pointer,2,-7,2,D,,,,2,09:00,4,2,
2007,PO,22,224,14,CSK,PAQO,"HOLDEN, JON ROBERT",FTM,Free Throw In,1,-1,-1, ,,,,2,09:00,4,3,
2007,PO,22,224,20,CSK,PAQO,"HOLDEN, JON ROBERT",3FGA,Missed Three Pointer,0,-482,448,J,,,,3,08:00,4,3,
2007,PO,22,224,22,OLY,PTFW,"TSAKALIDIS, JAKE",2FGM,Two Pointer,2,-102,182,D,,,,3,08:00,6,3,
2007,PO,22,224,26,CSK,PJMM,"SISKAUSKAS, RAMUNAS",3FGA,Missed Three Pointer,0,-497,438,J,,,,4,07:00,6,3,
2007,PO,22,224,28,CSK,PAKT,"ANDERSEN, DAVID",2FGA,Missed Two Pointer,0,46,128,C,,,,4,07:00,6,3,
2007,PO,22,224,32,OLY,PTFV,"WOODS, QYNTEL",FTM,Free Throw In,1,-1,-1, ,,,,4,07:00,7,3,
2007,PO,22,224,33,OLY,PTFV,"WOODS, QYNTEL",FTM,Free Throw In,1,-1,-1, ,,,,4,07:00,8,3,
2007,PO,22,224,34,CSK,PAKT,"ANDERSEN, DAVID",2FGM,Two Pointer,2,-323,61,E,,,,4,07:00,8,5,
2007,PO,22,224,39,OLY,PTFV,"WOODS, QYNTEL",3FGA,Missed Three Pointer,0,-43,689,J,,,,5,06:00,8,5,
2007,PO,22,224,47,OLY,PAMM,"PRINTEZIS, GEORGIOS",2FGM,Two Pointer,2,38,61,C,,,,6,05:00,10,5,
2007,PO,22,224,53,OLY,PAMM,"PRINTEZIS, GEORGIOS",FTM,Free Throw In,1,-1,-1, ,,,,6,05:00,11,5,
2007,PO,22,224,54,CSK,PAQO,"HOLDEN, JON ROBERT",2FGM,Two Pointer,2,-364,479,I,,,,6,05:00,11,7,
2007,PO,22,224,56,OLY,PBFY,"BLAKNEY, RODERICK",2FGA,Missed Two Pointer,0,-469,312,E,,,,6,05:00,11,7,
2007,PO,22,224,59,CSK,PALC,"SMODIS, MATJAZ",3FGM,Three Pointer,3,338,576,G,,,,7,04:00,11,10,
2007,PO,22,224,61,OLY,PBFY,"BLAKNEY, RODERICK",3FGM,Three Pointer,3,358,561,G,,,,7,04:00,14,10,
2007,PO,22,224,63,CSK,PBEB,"LANGDON, TRAJAN",3FGM,Three Pointer,3,664,56,A,,,,7,04:00,14,13,
2007,PO,22,224,66,OLY,PAMM,"PRINTEZIS, GEORGIOS",3FGM,Three Pointer,3,-46,669,J,,,,8,03:00,17,13,
2007,PO,22,224,67,CSK,PAKT,"ANDERSEN, DAVID",2FGA,Missed Two Pointer,0,46,294,C,,,,8,03:00,17,13,
2007,PO,22,224,70,OLY,PTFV,"WOODS, QYNTEL",3FGM,Three Pointer,3,-617,271,F,,,,9,02:00,20,13,
2007,PO,22,224,72,CSK,PATW,"PAPALOUKAS, THEODOROS",3FGA,Missed Three Pointer,0,110,666,G,,,,9,02:00,20,13,
2007,PO,22,224,86,OLY,PCRR,"GREER, LYNN",FTM,Free Throw In,1,-1,-1, ,,,,9,02:00,21,13,
2007,PO,22,224,87,OLY,PCRR,"GREER, LYNN",FTM,Free Throw In,1,-1,-1, ,,,,9,02:00,22,13,
2007,PO,22,224,97,CSK,PAQO,"HOLDEN, JON ROBERT",2FGM,Two Pointer,2,-533,212,E,,,,10,01:00,22,15,
2007,PO,22,224,99,OLY,PAQU,"BOUROUSIS, IOANNIS",2FGM,Two Pointer,2,107,156,C,,,,10,01:00,24,15,
2007,PO,22,224,107,OLY,PAQU,"BOUROUSIS, IOANNIS",FTM,Free Throw In,1,-1,-1, ,,,,10,01:00,25,15,
2007,PO,22,224,108,CSK,PABN,"ZISIS, NIKOLAOS",2FGAB,Missed Two Pointer,0,84,61,C,,,,10,01:00,25,15,
2007,PO,22,224,111,OLY,PJRC,"MAVROKEFALIDES, LOUKAS",2FGM,Two Pointer,2,558,107,B,,,,10,01:00,27,15,
2007,PO,22,224,122,CSK,PAUC,"GOREE, MARCUS",2FGM,Two Pointer,2,79,66,C,,,,11,10:00,27,17,
2007,PO,22,224,126,OLY,PJDR,"TEODOSIC, MILOS",2FGA,Missed Two Pointer,0,-143,84,D,,,,11,10:00,27,17,
2007,PO,22,224,135,CSK,PBEB,"LANGDON, TRAJAN",2FGM,Two Pointer,2,-61,110,D,,,,12,09:00,27,19,
2007,PO,22,224,139,OLY,PCBV,"MACIJAUSKAS, ARVYDAS",3FGA,Missed Three Pointer,0,-507,441,J,,,,12,09:00,27,19,
2007,PO,22,224,141,CSK,PJMM,"SISKAUSKAS, RAMUNAS",3FGM,Three Pointer,3,682,12,A,,,,12,09:00,27,22,
2007,PO,22,224,143,OLY,PTFV,"WOODS, QYNTEL",2FGM,Two Pointer,2,-538,269,E,,,,12,09:00,29,22,
2007,PO,22,224,146,CSK,PBEB,"LANGDON, TRAJAN",3FGM,Three Pointer,3,548,402,A,,,,13,08:00,29,25,
2007,PO,22,224,151,OLY,PCRR,"GREER, LYNN",2FGAB,Missed Two Pointer,0,-141,71,D,,,,13,08:00,29,25,
2007,PO,22,224,155,CSK,PBEB,"LANGDON, TRAJAN",2FGM,Two Pointer,2,71,125,C,,,,13,08:00,29,27,
2007,PO,22,224,158,OLY,PJDR,"TEODOSIC, MILOS",3FGM,Three Pointer,3,-476,489,J,,,,14,07:00,32,27,
2007,PO,22,224,159,CSK,PJMM,"SISKAUSKAS, RAMUNAS",3FGA,Missed Three Pointer,0,541,379,A,,,,14,07:00,32,27,
2007,PO,22,224,161,CSK,PAUC,"GOREE, MARCUS",3FGA,Missed Three Pointer,0,-2,684,J,,,,14,07:00,32,27,
2007,PO,22,224,164,OLY,PCRR,"GREER, LYNN",2FGA,Missed Two Pointer,0,-66,71,D,,,,15,06:00,32,27,
2007,PO,22,224,172,CSK,PAKT,"ANDERSEN, DAVID",2FGM,Two Pointer,2,-5,117,D,,,,15,06:00,32,29,
2007,PO,22,224,177,CSK,PJMM,"SISKAUSKAS, RAMUNAS",3FGM,Three Pointer,3,669,66,A,,,,16,05:00,32,32,
2007,PO,22,224,178,OLY,PTFV,"WOODS, QYNTEL",2FGA,Missed Two Pointer,0,-448,207,E,,,,16,05:00,32,32,
2007,PO,22,224,180,CSK,PATW,"PAPALOUKAS, THEODOROS",2FGM,Two Pointer,2,58,58,C,,,,16,05:00,32,34,
2007,PO,22,224,185,CSK,PALC,"SMODIS, MATJAZ",2FGM,Two Pointer,2,20,69,C,,,,16,05:00,32,36,
2007,PO,22,224,187,OLY,PTFV,"WOODS, QYNTEL",2FGM,Two Pointer,2,-66,92,D,,,,17,04:00,34,36,
2007,PO,22,224,189,CSK,PJMM,"SISKAUSKAS, RAMUNAS",2FGM,Two Pointer,2,64,35,C,,,,17,04:00,34,38,
2007,PO,22,224,193,CSK,PJMM,"SISKAUSKAS, RAMUNAS",2FGM,Two Pointer,2,23,64,C,,,,18,03:00,34,40,
2007,PO,22,224,201,OLY,PAMM,"PRINTEZIS, GEORGIOS",FTM,Free Throw In,1,-1,-1, ,,,,18,03:00,35,40,
2007,PO,22,224,202,OLY,PAMM,"PRINTEZIS, GEORGIOS",FTM,Free Throw In,1,-1,-1, ,,,,18,03:00,36,40,
2007,PO,22,224,203,CSK,PALC,"SMODIS, MATJAZ",2FGA,Missed Two Pointer,0,261,110,B,,,,18,03:00,36,40,
2007,PO,22,224,207,CSK,PBEB,"LANGDON, TRAJAN",2FGM,Two Pointer,2,100,41,C,,,,19,02:00,36,42,
2007,PO,22,224,208,OLY,PTFV,"WOODS, QYNTEL",2FGA,Missed Two Pointer,0,-20,56,D,,,,19,02:00,36,42,
2007,PO,22,224,210,OLY,PTFV,"WOODS, QYNTEL",2FGM,Two Pointer,2,-41,89,D,,,,19,02:00,38,42,
2007,PO,22,224,219,OLY,PCRR,"GREER, LYNN",2FGAB,Missed Two Pointer,0,141,187,C,,,,20,01:00,38,42,
2007,PO,22,224,223,CSK,PAUC,"GOREE, MARCUS",2FGAB,Missed Two Pointer,0,-56,43,D,,,,20,01:00,38,42,
2007,PO,22,224,227,CSK,PBEB,"LANGDON, TRAJAN",2FGA,Missed Two Pointer,0,-97,184,D,,,,20,01:00,38,42,
2007,PO,22,224,233,OLY,PAMM,"PRINTEZIS, GEORGIOS",2FGA,Missed Two Pointer,0,-28,256,D,,,,20,01:00,38,42,
2007,PO,22,224,246,CSK,PAKT,"ANDERSEN, DAVID",2FGM,Two Pointer,2,87,41,C,,,,21,10:00,38,44,
2007,PO,22,224,251,OLY,PJRF,"VASILOPOULOS, PANAGIOTIS",2FGA,Missed Two Pointer,0,-79,94,D,,,,21,10:00,38,44,
2007,PO,22,224,253,CSK,PALC,"SMODIS, MATJAZ",3FGM,Three Pointer,3,71,664,G,,,,21,10:00,38,47,
2007,PO,22,224,256,OLY,PJRF,"VASILOPOULOS, PANAGIOTIS",3FGA,Missed Three Pointer,0,-48,669,J,,,,22,09:00,38,47,
2007,PO,22,224,258,CSK,PJMM,"SISKAUSKAS, RAMUNAS",2FGM,Two Pointer,2,200,179,C,,,,22,09:00,38,49,
2007,PO,22,224,259,OLY,PTFV,"WOODS, QYNTEL",3FGA,Missed Three Pointer,0,-623,317,F,,,,22,09:00,38,49,
2007,PO,22,224,261,OLY,PTFW,"TSAKALIDIS, JAKE",2FGM,Two Pointer,2,-71,43,D,,,,22,09:00,40,49,
2007,PO,22,224,264,CSK,PJMM,"SISKAUSKAS, RAMUNAS",3FGM,Three Pointer,3,-10,676,J,,,,23,08:00,40,52,
2007,PO,22,224,271,CSK,PJMM,"SISKAUSKAS, RAMUNAS",3FGM,Three Pointer,3,574,358,A,,,,23,08:00,40,55,
2007,PO,22,224,277,OLY,PTFV,"WOODS, QYNTEL",FTM,Free Throw In,1,-1,-1, ,,,,23,08:00,41,55,
2007,PO,22,224,278,OLY,PTFV,"WOODS, QYNTEL",FTM,Free Throw In,1,-1,-1, ,,,,23,08:00,42,55,
2007,PO,22,224,279,CSK,PATW,"PAPALOUKAS, THEODOROS",2FGM,Two Pointer,2,-51,33,D,,,,23,08:00,42,57,
2007,PO,22,224,282,OLY,PCRR,"GREER, LYNN",2FGM,Two Pointer,2,-146,289,D,,,,24,07:00,44,57,
2007,PO,22,224,285,CSK,PBEB,"LANGDON, TRAJAN",3FGM,Three Pointer,3,569,379,A,,,,24,07:00,44,60,
2007,PO,22,224,291,OLY,PTFV,"WOODS, QYNTEL",FTM,Free Throw In,1,-1,-1, ,,,,24,07:00,45,60,
2007,PO,22,224,295,CSK,PAKT,"ANDERSEN, DAVID",2FGA,Missed Two Pointer,0,307,74,B,,,,25,06:00,45,60,
2007,PO,22,224,297,OLY,PBFY,"BLAKNEY, RODERICK",2FGM,Two Pointer,2,-125,69,D,,,,25,06:00,47,60,
2007,PO,22,224,298,CSK,PBEB,"LANGDON, TRAJAN",2FGA,Missed Two Pointer,0,-171,315,D,,,,25,06:00,47,60,
2007,PO,22,224,301,OLY,PBFY,"BLAKNEY, RODERICK",2FGM,Two Pointer,2,74,20,C,,,,26,05:00,49,60,
2007,PO,22,224,302,CSK,PAQO,"HOLDEN, JON ROBERT",2FGM,Two Pointer,2,-30,56,D,,,,26,05:00,49,62,
2007,PO,22,224,314,OLY,PBFY,"BLAKNEY, RODERICK",FTM,Free Throw In,1,-1,-1, ,,,,27,04:00,50,62,
2007,PO,22,224,315,OLY,PBFY,"BLAKNEY, RODERICK",FTM,Free Throw In,1,-1,-1, ,,,,27,04:00,51,62,
2007,PO,22,224,318,CSK,PATW,"PAPALOUKAS, THEODOROS",FTM,Free Throw In,1,-1,-1, ,,,,27,04:00,51,63,
2007,PO,22,224,323,OLY,PAMM,"PRINTEZIS, GEORGIOS",3FGA,Missed Three Pointer,0,-643,189,F,,,,27,04:00,51,63,
2007,PO,22,224,325,CSK,PALC,"SMODIS, MATJAZ",3FGM,Three Pointer,3,579,338,A,,,,27,04:00,51,66,
2007,PO,22,224,328,OLY,PJRF,"VASILOPOULOS, PANAGIOTIS",2FGA,Missed Two Pointer,0,351,192,B,,,,28,03:00,51,66,
2007,PO,22,224,335,OLY,PAQU,"BOUROUSIS, IOANNIS",FTM,Free Throw In,1,-1,-1, ,,,,28,03:00,52,66,
2007,PO,22,224,336,CSK,PATW,"PAPALOUKAS, THEODOROS",3FGA,Missed Three Pointer,0,97,671,G,,,,28,03:00,52,66,
2007,PO,22,224,339,OLY,PAQU,"BOUROUSIS, IOANNIS",2FGA,Missed Two Pointer,0,-48,58,D,,,,29,02:00,52,66,
2007,PO,22,224,341,OLY,PAMM,"PRINTEZIS, GEORGIOS",2FGM,Two Pointer,2,-43,33,D,,,,29,02:00,54,66,
2007,PO,22,224,347,CSK,PABN,"ZISIS, NIKOLAOS",FTM,Free Throw In,1,-1,-1, ,,,,29,02:00,54,67,
2007,PO,22,224,350,OLY,PCBV,"MACIJAUSKAS, ARVYDAS",2FGA,Missed Two Pointer,0,289,38,B,,,,29,02:00,54,67,
2007,PO,22,224,352,OLY,PAMM,"PRINTEZIS, GEORGIOS",2FGM,Two Pointer,2,56,66,C,,,,29,02:00,56,67,
2007,PO,22,224,354,CSK,PBEB,"LANGDON, TRAJAN",3FGM,Three Pointer,3,484,512,G,,,,30,01:00,56,70,
2007,PO,22,224,355,OLY,PJDR,"TEODOSIC, MILOS",3FGA,Missed Three Pointer,0,-46,674,J,,,,30,01:00,56,70,
2007,PO,22,224,357,CSK,PABN,"ZISIS, NIKOLAOS",2FGA,Missed Two Pointer,0,7,366,C,,,,30,01:00,56,70,
2007,PO,22,224,367,OLY,PAMM,"PRINTEZIS, GEORGIOS",2FGM,Two Pointer,2,-207,66,D,,,,31,10:00,58,70,
2007,PO,22,224,371,CSK,PAKT,"ANDERSEN, DAVID",2FGA,Missed Two Pointer,0,84,100,C,,,,32,09:00,58,70,
2007,PO,22,224,373,OLY,PJRF,"VASILOPOULOS, PANAGIOTIS",3FGA,Missed Three Pointer,0,-494,446,J,,,,32,09:00,58,70,
2007,PO,22,224,380,CSK,PJMM,"SISKAUSKAS, RAMUNAS",2FGM,Two Pointer,2,-97,120,D,,,,32,09:00,58,72,
2007,PO,22,224,383,OLY,PAMM,"PRINTEZIS, GEORGIOS",2FGM,Two Pointer,2,-56,28,D,,,,33,08:00,60,72,
2007,PO,22,224,385,OLY,PAMM,"PRINTEZIS, GEORGIOS",FTM,Free Throw In,1,-1,-1, ,,,,33,08:00,61,72,
2007,PO,22,224,394,CSK,PALC,"SMODIS, MATJAZ",3FGM,Three Pointer,3,494,487,G,,,,33,08:00,61,75,
2007,PO,22,224,396,OLY,PAQU,"BOUROUSIS, IOANNIS",2FGM,Two Pointer,2,58,43,C,,,,33,08:00,63,75,
2007,PO,22,224,400,CSK,PAQO,"HOLDEN, JON ROBERT",FTM,Free Throw In,1,-1,-1, ,,,,34,07:00,63,76,
2007,PO,22,224,405,CSK,PALC,"SMODIS, MATJAZ",2FGA,Missed Two Pointer,0,17,133,C,,,,34,07:00,63,76,
2007,PO,22,224,407,OLY,PJDR,"TEODOSIC, MILOS",2FGAB,Missed Two Pointer,0,-82,30,D,,,,34,07:00,63,76,
2007,PO,22,224,411,CSK,PJMM,"SISKAUSKAS, RAMUNAS",3FGA,Missed Three Pointer,0,174,664,G,,,,34,07:00,63,76,
2007,PO,22,224,426,OLY,PAQU,"BOUROUSIS, IOANNIS",2FGA,Missed Two Pointer,0,-120,61,D,,,,35,06:00,63,76,
2007,PO,22,224,430,OLY,PTFV,"WOODS, QYNTEL",2FGA,Missed Two Pointer,0,-287,115,E,,,,36,05:00,63,76,
2007,PO,22,224,432,CSK,PAQO,"HOLDEN, JON ROBERT",3FGA,Missed Three Pointer,0,-241,700,J,,,,36,05:00,63,76,
2007,PO,22,224,434,OLY,PCRR,"GREER, LYNN",3FGA,Missed Three Pointer,0,-543,423,F,,,,36,05:00,63,76,
2007,PO,22,224,437,CSK,PABN,"ZISIS, NIKOLAOS",3FGA,Missed Three Pointer,0,561,384,A,,,,37,04:00,63,76,
2007,PO,22,224,439,OLY,PTFV,"WOODS, QYNTEL",2FGM,Two Pointer,2,-5,2,D,,,,37,04:00,65,76,
2007,PO,22,224,441,CSK,PAUC,"GOREE, MARCUS",2FGAB,Missed Two Pointer,0,71,48,C,,,,37,04:00,65,76,
2007,PO,22,224,450,CSK,PAUC,"GOREE, MARCUS",2FGM,Two Pointer,2,443,315,B,,,,38,03:00,65,78,
2007,PO,22,224,455,OLY,PJRF,"VASILOPOULOS, PANAGIOTIS",3FGA,Missed Three Pointer,0,-61,661,J,,,,38,03:00,65,78,
2007,PO,22,224,460,CSK,PALC,"SMODIS, MATJAZ",FTM,Free Throw In,1,-1,-1, ,,,,38,03:00,65,79,
2007,PO,22,224,461,OLY,PJRF,"VASILOPOULOS, PANAGIOTIS",3FGM,Three Pointer,3,-674,46,F,,,,38,03:00,68,79,
2007,PO,22,224,467,CSK,PAUC,"GOREE, MARCUS",3FGA,Missed Three Pointer,0,682,107,A,,,,39,02:00,68,79,
2007,PO,22,224,469,OLY,PTFV,"WOODS, QYNTEL",3FGM,Three Pointer,3,-661,-2,F,,,,39,02:00,71,79,
2007,PO,22,224,474,CSK,PATW,"PAPALOUKAS, THEODOROS",FTM,Free Throw In,1,-1,-1, ,,,,40,01:00,71,80,
2007,PO,22,224,475,CSK,PATW,"PAPALOUKAS, THEODOROS",FTM,Free Throw In,1,-1,-1, ,,,,40,01:00,71,81,
2007,PO,22,224,476,OLY,PCRR,"GREER, LYNN",3FGA,Missed Three Pointer,0,-12,669,J,,,,40,01:00,71,81,
2007,PO,22,224,478,CSK,PAUC,"GOREE, MARCUS",2FGA,Missed Two Pointer,0,58,128,C,,,,40,01:00,71,81,
2007,PO,22,224,480,CSK,PALC,"SMODIS, MATJAZ",2FGM,Two Pointer,2,69,71,C,,,,40,01:00,71,83,
2007,PO,22,224,481,OLY,PCRR,"GREER, LYNN",2FGM,Two Pointer,2,92,41,C,,,,40,01:00,73,83,
2007,PO,23,225,3,PAR,PTGU,"PALACIO, MILT",2FGAB,Missed Two Pointer,0,-61,51,D,,,,1,10:00,0,0,
2007,PO,23,225,10,PAR,PBFB,"TRIPKOVIC, UROS",FTM,Free Throw In,1,-1,-1, ,,,,1,10:00,0,1,
2007,PO,23,225,15,PAR,PBFE,"KECMAN, DUSAN",3FGA,Missed Three Pointer,0,456,530,G,,,,1,10:00,0,1,
2007,PO,23,225,17,PAR,PKNN,"PEKOVIC, NIKOLA",2FGA,Missed Two Pointer,0,105,51,C,,,,1,10:00,0,1,
2007,PO,23,225,21,PAR,PKNN,"PEKOVIC, NIKOLA",FTM,Free Throw In,1,-1,-1, ,,,,2,09:00,0,2,
2007,PO,23,225,22,PAR,PKNN,"PEKOVIC, NIKOLA",FTM,Free Throw In,1,-1,-1, ,,,,2,09:00,0,3,
2007,PO,23,225,25,BAS,PJZJ,"TELETOVIC, MIRZA",3FGA,Missed Three Pointer,0,-28,666,J,,,,2,09:00,0,3,
2007,PO,23,225,28,PAR,PJNN,"VELICKOVIC, NOVICA",3FGM,Three Pointer,3,128,674,G,,,,2,09:00,0,6,
2007,PO,23,225,29,BAS,PAFP,"PLANINIC, ZORAN",2FGM,Two Pointer,2,-64,43,D,,,,2,09:00,2,6,
2007,PO,23,225,39,BAS,PJWO,"MICKEAL, PETE",3FGA,Missed Three Pointer,0,-371,548,J,,,,3,08:00,2,6,
2007,PO,23,225,41,PAR,PLGH,"TEPIC, MILENKO",3FGA,Missed Three Pointer,0,-571,397,F,,,,3,08:00,2,6,
2007,PO,23,225,43,PAR,PJNN,"VELICKOVIC, NOVICA",2FGA,Missed Two Pointer,0,-38,112,D,,,,3,08:00,2,6,
2007,PO,23,225,47,PAR,PLGH,"TEPIC, MILENKO",2FGAB,Missed Two Pointer,0,-66,25,D,,,,3,08:00,2,6,
2007,PO,23,225,51,PAR,PBFE,"KECMAN, DUSAN",2FGM,Two Pointer,2,-58,33,D,,,,3,08:00,2,8,
2007,PO,23,225,61,BAS,PJZJ,"TELETOVIC, MIRZA",2FGA,Missed Two Pointer,0,246,69,C,,,,4,07:00,2,8,
2007,PO,23,225,63,BAS,PJWO,"MICKEAL, PETE",2FGM,Two Pointer,2,51,25,C,,,,4,07:00,4,8,
2007,PO,23,225,64,PAR,PJNN,"VELICKOVIC, NOVICA",2FGM,Two Pointer,2,-38,46,D,,,,4,07:00,4,10,
2007,PO,23,225,66,BAS,PCBY,"SPLITTER, TIAGO",2FGM,Two Pointer,2,-64,66,D,,,,5,06:00,6,10,
2007,PO,23,225,67,PAR,PJNN,"VELICKOVIC, NOVICA",2FGM,Two Pointer,2,74,125,C,,,,5,06:00,6,12,
2007,PO,23,225,68,BAS,PANB,"RAKOCEVIC, IGOR",3FGA,Missed Three Pointer,0,-271,597,J,,,,5,06:00,6,12,
2007,PO,23,225,70,PAR,PTGU,"PALACIO, MILT",2FGAB,Missed Two Pointer,0,-48,25,D,,,,5,06:00,6,12,
2007,PO,23,225,74,PAR,PBFE,"KECMAN, DUSAN",2FGM,Two Pointer,2,7,61,C,,,,5,06:00,6,14,
2007,PO,23,225,79,BAS,PJZJ,"TELETOVIC, MIRZA",FTM,Free Throw In,1,-1,-1, ,,,,6,05:00,7,14,
2007,PO,23,225,82,PAR,PBFE,"KECMAN, DUSAN",3FGA,Missed Three Pointer,0,635,176,A,,,,6,05:00,7,14,
2007,PO,23,225,84,BAS,PJWO,"MICKEAL, PETE",2FGA,Missed Two Pointer,0,58,25,C,,,,6,05:00,7,14,
2007,PO,23,225,86,BAS,PANB,"RAKOCEVIC, IGOR",3FGM,Three Pointer,3,-461,494,J,,,,6,05:00,10,14,
2007,PO,23,225,88,PAR,PBFE,"KECMAN, DUSAN",3FGA,Missed Three Pointer,0,-479,494,J,,,,7,04:00,10,14,
2007,PO,23,225,97,BAS,PANB,"RAKOCEVIC, IGOR",FTM,Free Throw In,1,-1,-1, ,,,,7,04:00,11,14,
2007,PO,23,225,98,BAS,PANB,"RAKOCEVIC, IGOR",FTM,Free Throw In,1,-1,-1, ,,,,7,04:00,12,14,
2007,PO,23,225,99,PAR,PTGU,"PALACIO, MILT",3FGA,Missed Three Pointer,0,-315,630,J,,,,7,04:00,12,14,
2007,PO,23,225,109,BAS,PCBY,"SPLITTER, TIAGO",FTM,Free Throw In,1,-1,-1, ,,,,8,03:00,13,14,
2007,PO,23,225,110,PAR,PLGH,"TEPIC, MILENKO",2FGM,Two Pointer,2,5,110,C,,,,8,03:00,13,16,
2007,PO,23,225,113,PAR,PLGH,"TEPIC, MILENKO",FTM,Free Throw In,1,-1,-1, ,,,,8,03:00,13,17,
2007,PO,23,225,114,BAS,PAFP,"PLANINIC, ZORAN",3FGA,Missed Three Pointer,0,243,641,G,,,,8,03:00,13,17,
2007,PO,23,225,128,BAS,PTGD,"SINGLETON, JAMES",2FGA,Missed Two Pointer,0,238,74,C,,,,9,02:00,13,17,
2007,PO,23,225,130,BAS,PCBY,"SPLITTER, TIAGO",2FGM,Two Pointer,2,15,64,C,,,,9,02:00,15,17,
2007,PO,23,225,131,PAR,PBXO,"VITKOVAC, CEDOMIR",2FGA,Missed Two Pointer,0,5,189,C,,,,9,02:00,15,17,
2007,PO,23,225,139,BAS,PCBX,"PRIGIONI, PABLO",FTM,Free Throw In,1,-1,-1, ,,,,9,02:00,16,17,
2007,PO,23,225,142,PAR,PKNN,"PEKOVIC, NIKOLA",2FGA,Missed Two Pointer,0,182,161,C,,,,9,02:00,16,17,
2007,PO,23,225,146,PAR,PJNN,"VELICKOVIC, NOVICA",3FGA,Missed Three Pointer,0,-335,633,J,,,,9,02:00,16,17,
2007,PO,23,225,152,PAR,PKNN,"PEKOVIC, NIKOLA",FTM,Free Throw In,1,-1,-1, ,,,,10,01:00,16,18,
2007,PO,23,225,153,PAR,PKNN,"PEKOVIC, NIKOLA",FTM,Free Throw In,1,-1,-1, ,,,,10,01:00,16,19,
2007,PO,23,225,156,BAS,PBVC,"JASAITIS, SIMAS",3FGA,Missed Three Pointer,0,-61,682,J,,,,10,01:00,16,19,
2007,PO,23,225,162,BAS,PTGD,"SINGLETON, JAMES",2FGAB,Missed Two Pointer,0,-51,0,D,,,,11,10:00,16,19,
2007,PO,23,225,168,BAS,PCBY,"SPLITTER, TIAGO",2FGM,Two Pointer,2,33,128,C,,,,11,10:00,18,19,
2007,PO,23,225,173,BAS,PCBY,"SPLITTER, TIAGO",2FGA,Missed Two Pointer,0,251,115,B,,,,12,09:00,18,19,
2007,PO,23,225,175,PAR,PKNN,"PEKOVIC, NIKOLA",2FGAB,Missed Two Pointer,0,53,23,C,,,,12,09:00,18,19,
2007,PO,23,225,183,PAR,PBFB,"TRIPKOVIC, UROS",3FGA,Missed Three Pointer,0,-456,579,J,,,,13,08:00,18,19,
2007,PO,23,225,191,BAS,PJZJ,"TELETOVIC, MIRZA",3FGM,Three Pointer,3,664,-46,A,,,,13,08:00,21,19,
2007,PO,23,225,192,PAR,PJNN,"VELICKOVIC, NOVICA",2FGA,Missed Two Pointer,0,369,66,B,,,,13,08:00,21,19,
2007,PO,23,225,194,PAR,PBGJ,"VRANES, SLAVKO",2FGA,Missed Two Pointer,0,-61,56,D,,,,13,08:00,21,19,
2007,PO,23,225,199,BAS,PCBY,"SPLITTER, TIAGO",FTM,Free Throw In,1,-1,-1, ,,,,14,07:00,22,19,
2007,PO,23,225,200,BAS,PCBY,"SPLITTER, TIAGO",FTM,Free Throw In,1,-1,-1, ,,,,14,07:00,23,19,
2007,PO,23,225,202,PAR,PBFB,"TRIPKOVIC, UROS",3FGM,Three Pointer,3,-238,625,J,,,,14,07:00,23,22,
2007,PO,23,225,203,BAS,PAJK,"VIDAL, SERGI",2FGM,Two Pointer,2,-94,15,D,,,,14,07:00,25,22,
2007,PO,23,225,215,PAR,PBFB,"TRIPKOVIC, UROS",3FGM,Three Pointer,3,202,664,G,,,,15,06:00,25,25,
2007,PO,23,225,216,BAS,PJZJ,"TELETOVIC, MIRZA",3FGA,Missed Three Pointer,0,-494,466,J,,,,15,06:00,25,25,
2007,PO,23,225,222,BAS,PJZJ,"TELETOVIC, MIRZA",3FGM,Three Pointer,3,405,525,G,,,,16,05:00,28,25,
2007,PO,23,225,223,PAR,PJNN,"VELICKOVIC, NOVICA",2FGA,Missed Two Pointer,0,-212,125,D,,,,16,05:00,28,25,
2007,PO,23,225,228,BAS,PCBY,"SPLITTER, TIAGO",2FGM,Two Pointer,2,-110,212,D,,,,16,05:00,30,25,
2007,PO,23,225,236,PAR,PKNN,"PEKOVIC, NIKOLA",2FGAB,Missed Two Pointer,0,-74,38,D,,,,17,04:00,30,25,
2007,PO,23,225,245,BAS,PCBX,"PRIGIONI, PABLO",FTM,Free Throw In,1,-1,-1, ,,,,17,04:00,31,25,
2007,PO,23,225,248,BAS,PANB,"RAKOCEVIC, IGOR",3FGA,Missed Three Pointer,0,-312,589,J,,,,17,04:00,31,25,
2007,PO,23,225,251,PAR,PBFB,"TRIPKOVIC, UROS",3FGA,Missed Three Pointer,0,100,697,G,,,,18,03:00,31,25,
2007,PO,23,225,253,BAS,PCBX,"PRIGIONI, PABLO",2FGM,Two Pointer,2,-61,12,D,,,,18,03:00,33,25,
2007,PO,23,225,260,PAR,PLGH,"TEPIC, MILENKO",FTM,Free Throw In,1,-1,-1, ,,,,18,03:00,33,26,
2007,PO,23,225,261,PAR,PLGH,"TEPIC, MILENKO",FTM,Free Throw In,1,-1,-1, ,,,,18,03:00,33,27,
2007,PO,23,225,266,PAR,PLGH,"TEPIC, MILENKO",2FGA,Missed Two Pointer,0,-41,79,D,,,,18,03:00,33,27,
2007,PO,23,225,268,PAR,PJNL,"BOROVNJAK, DEJAN",2FGA,Missed Two Pointer,0,112,179,C,,,,18,03:00,33,27,
2007,PO,23,225,270,PAR,PLGH,"TEPIC, MILENKO",2FGM,Two Pointer,2,-20,120,D,,,,18,03:00,33,29,
2007,PO,23,225,273,BAS,PCBY,"SPLITTER, TIAGO",2FGM,Two Pointer,2,43,20,C,,,,19,02:00,35,29,
2007,PO,23,225,274,PAR,PLGH,"TEPIC, MILENKO",2FGA,Missed Two Pointer,0,-10,100,D,,,,19,02:00,35,29,
2007,PO,23,225,278,BAS,PCBY,"SPLITTER, TIAGO",2FGM,Two Pointer,2,43,-12,C,,,,19,02:00,37,29,
2007,PO,23,225,282,BAS,PCBY,"SPLITTER, TIAGO",FTM,Free Throw In,1,-1,-1, ,,,,19,02:00,38,29,
2007,PO,23,225,293,BAS,PJZJ,"TELETOVIC, MIRZA",3FGA,Missed Three Pointer,0,-500,466,J,,,,20,01:00,38,29,
2007,PO,23,225,295,BAS,PANB,"RAKOCEVIC, IGOR",3FGA,Missed Three Pointer,0,-548,458,J,,,,20,01:00,38,29,
2007,PO,23,225,297,PAR,PTGU,"PALACIO, MILT",3FGM,Three Pointer,3,405,543,G,,,,20,01:00,38,32,
2007,PO,23,225,302,PAR,PLGH,"TEPIC, MILENKO",2FGM,Two Pointer,2,110,28,C,,,,21,10:00,38,34,
2007,PO,23,225,311,BAS,PAFP,"PLANINIC, ZORAN",3FGA,Missed Three Pointer,0,-617,230,F,,,,22,09:00,38,34,
2007,PO,23,225,313,BAS,PAFP,"PLANINIC, ZORAN",2FGM,Two Pointer,2,-48,28,D,,,,22,09:00,40,34,
2007,PO,23,225,316,PAR,PKNN,"PEKOVIC, NIKOLA",FTM,Free Throw In,1,-1,-1, ,,,,22,09:00,40,35,
2007,PO,23,225,317,PAR,PKNN,"PEKOVIC, NIKOLA",FTM,Free Throw In,1,-1,-1, ,,,,22,09:00,40,36,
2007,PO,23,225,321,PAR,PBFE,"KECMAN, DUSAN",2FGA,Missed Two Pointer,0,71,28,C,,,,22,09:00,40,36,
2007,PO,23,225,327,BAS,PANB,"RAKOCEVIC, IGOR",3FGM,Three Pointer,3,415,56,B,,,,23,08:00,43,36,
2007,PO,23,225,330,PAR,PJNN,"VELICKOVIC, NOVICA",2FGM,Two Pointer,2,-225,151,D,,,,23,08:00,43,38,
2007,PO,23,225,332,BAS,PAFP,"PLANINIC, ZORAN",2FGA,Missed Two Pointer,0,30,117,C,,,,24,07:00,43,38,
2007,PO,23,225,339,BAS,PJWO,"MICKEAL, PETE",2FGM,Two Pointer,2,74,51,C,,,,24,07:00,45,38,
2007,PO,23,225,347,BAS,PJWO,"MICKEAL, PETE",FTM,Free Throw In,1,-1,-1, ,,,,24,07:00,46,38,
2007,PO,23,225,348,PAR,PBXO,"VITKOVAC, CEDOMIR",2FGA,Missed Two Pointer,0,-579,92,E,,,,24,07:00,46,38,
2007,PO,23,225,350,BAS,PANB,"RAKOCEVIC, IGOR",3FGA,Missed Three Pointer,0,-464,694,J,,,,24,07:00,46,38,
2007,PO,23,225,352,BAS,PJWO,"MICKEAL, PETE",2FGM,Two Pointer,2,-156,56,D,,,,24,07:00,48,38,
2007,PO,23,225,354,PAR,PTGU,"PALACIO, MILT",2FGM,Two Pointer,2,71,17,C,,,,25,06:00,48,40,
2007,PO,23,225,355,BAS,PCBY,"SPLITTER, TIAGO",2FGM,Two Pointer,2,153,79,C,,,,25,06:00,50,40,
2007,PO,23,225,362,PAR,PBFB,"TRIPKOVIC, UROS",2FGM,Two Pointer,2,-164,307,D,,,,25,06:00,50,42,
2007,PO,23,225,364,BAS,PAFP,"PLANINIC, ZORAN",3FGA,Missed Three Pointer,0,-423,571,J,,,,26,05:00,50,42,
2007,PO,23,225,367,PAR,PKNN,"PEKOVIC, NIKOLA",2FGM,Two Pointer,2,53,0,C,,,,26,05:00,50,44,
2007,PO,23,225,369,BAS,PJZJ,"TELETOVIC, MIRZA",3FGM,Three Pointer,3,674,-35,A,,,,26,05:00,53,44,
2007,PO,23,225,377,PAR,PTGU,"PALACIO, MILT",FTM,Free Throw In,1,-1,-1, ,,,,27,04:00,53,45,
2007,PO,23,225,382,PAR,PKNN,"PEKOVIC, NIKOLA",2FGAB,Missed Two Pointer,0,56,33,C,,,,27,04:00,53,45,
2007,PO,23,225,388,BAS,PANB,"RAKOCEVIC, IGOR",FTM,Free Throw In,1,-1,-1, ,,,,27,04:00,54,45,
2007,PO,23,225,389,BAS,PANB,"RAKOCEVIC, IGOR",FTM,Free Throw In,1,-1,-1, ,,,,27,04:00,55,45,
2007,PO,23,225,392,PAR,PBFB,"TRIPKOVIC, UROS",3FGA,Missed Three Pointer,0,-646,187,F,,,,27,04:00,55,45,
2007,PO,23,225,394,PAR,PLGH,"TEPIC, MILENKO",3FGM,Three Pointer,3,453,505,G,,,,27,04:00,55,48,
2007,PO,23,225,396,BAS,PANB,"RAKOCEVIC, IGOR",3FGM,Three Pointer,3,553,364,A,,,,28,03:00,58,48,
2007,PO,23,225,398,PAR,PTGU,"PALACIO, MILT",3FGM,Three Pointer,3,225,625,G,,,,28,03:00,58,51,
2007,PO,23,225,403,PAR,PBFB,"TRIPKOVIC, UROS",2FGM,Two Pointer,2,-28,282,D,,,,29,02:00,58,53,
2007,PO,23,225,407,BAS,PJZJ,"TELETOVIC, MIRZA",3FGA,Missed Three Pointer,0,-671,-2,F,,,,29,02:00,58,53,
2007,PO,23,225,409,PAR,PBFB,"TRIPKOVIC, UROS",2FGA,Missed Two Pointer,0,64,548,H,,,,29,02:00,58,53,
2007,PO,23,225,412,BAS,PJTT,"MCDONALD, WILL",2FGM,Two Pointer,2,71,46,C,,,,30,01:00,60,53,
2007,PO,23,225,415,PAR,PBFB,"TRIPKOVIC, UROS",3FGA,Missed Three Pointer,0,-176,694,J,,,,30,01:00,60,53,
2007,PO,23,225,425,BAS,PAJK,"VIDAL, SERGI",2FGM,Two Pointer,2,125,71,C,,,,31,10:00,62,53,
2007,PO,23,225,426,PAR,PBFB,"TRIPKOVIC, UROS",2FGA,Missed Two Pointer,0,-158,15,D,,,,31,10:00,62,53,
2007,PO,23,225,428,PAR,PBFB,"TRIPKOVIC, UROS",3FGM,Three Pointer,3,-661,-61,F,,,,31,10:00,62,56,
2007,PO,23,225,431,BAS,PJWO,"MICKEAL, PETE",3FGM,Three Pointer,3,-100,689,J,,,,32,09:00,65,56,
2007,PO,23,225,432,PAR,PBFE,"KECMAN, DUSAN",3FGA,Missed Three Pointer,0,-574,335,F,,,,32,09:00,65,56,
2007,PO,23,225,434,PAR,PBFB,"TRIPKOVIC, UROS",3FGA,Missed Three Pointer,0,528,428,G,,,,32,09:00,65,56,
2007,PO,23,225,440,PAR,PKNN,"PEKOVIC, NIKOLA",FTM,Free Throw In,1,-1,-1, ,,,,32,09:00,65,57,
2007,PO,23,225,444,BAS,PJWO,"MICKEAL, PETE",2FGM,Two Pointer,2,-284,133,E,,,,33,08:00,67,57,
2007,PO,23,225,447,PAR,PBFB,"TRIPKOVIC, UROS",3FGA,Missed Three Pointer,0,484,476,G,,,,33,08:00,67,57,
2007,PO,23,225,450,BAS,PJTT,"MCDONALD, WILL",2FGM,Two Pointer,2,243,74,C,,,,34,07:00,69,57,
2007,PO,23,225,458,BAS,PCBX,"PRIGIONI, PABLO",FTM,Free Throw In,1,-1,-1, ,,,,34,07:00,70,57,
2007,PO,23,225,459,BAS,PCBX,"PRIGIONI, PABLO",FTM,Free Throw In,1,-1,-1, ,,,,34,07:00,71,57,
2007,PO,23,225,460,BAS,PCBX,"PRIGIONI, PABLO",FTM,Free Throw In,1,-1,-1, ,,,,34,07:00,72,57,
2007,PO,23,225,462,BAS,PAJK,"VIDAL, SERGI",3FGA,Missed Three Pointer,0,2,702,G,,,,34,07:00,72,57,
2007,PO,23,225,480,BAS,PTGD,"SINGLETON, JAMES",3FGA,Missed Three Pointer,0,658,-46,A,,,,34,07:00,72,57,
2007,PO,23,225,482,PAR,PTGU,"PALACIO, MILT",2FGAB,Missed Two Pointer,0,71,12,C,,,,34,07:00,72,57,
2007,PO,23,225,490,PAR,PJNN,"VELICKOVIC, NOVICA",3FGA,Missed Three Pointer,0,166,641,G,,,,35,06:00,72,57,
2007,PO,23,225,493,BAS,PJWO,"MICKEAL, PETE",3FGM,Three Pointer,3,474,479,G,,,,35,06:00,75,57,
2007,PO,23,225,504,PAR,PBFB,"TRIPKOVIC, UROS",2FGM,Two Pointer,2,166,438,H,,,,36,05:00,75,59,
2007,PO,23,225,506,BAS,PCBY,"SPLITTER, TIAGO",2FGA,Missed Two Pointer,0,-38,143,D,,,,37,04:00,75,59,
2007,PO,23,225,515,PAR,PJNN,"VELICKOVIC, NOVICA",2FGM,Two Pointer,2,-458,10,E,,,,37,04:00,75,61,
2007,PO,23,225,517,BAS,PANB,"RAKOCEVIC, IGOR",2FGM,Two Pointer,2,284,443,H,,,,38,03:00,77,61,
2007,PO,23,225,518,PAR,PBFE,"KECMAN, DUSAN",3FGA,Missed Three Pointer,0,-446,520,J,,,,38,03:00,77,61,
2007,PO,23,225,524,BAS,PAFP,"PLANINIC, ZORAN",FTM,Free Throw In,1,-1,-1, ,,,,38,03:00,78,61,
2007,PO,23,225,525,BAS,PAFP,"PLANINIC, ZORAN",FTM,Free Throw In,1,-1,-1, ,,,,38,03:00,79,61,
2007,PO,23,225,530,PAR,PBGJ,"VRANES, SLAVKO",2FGM,Two Pointer,2,-7,7,D,,,,38,03:00,79,63,
2007,PO,23,225,535,PAR,PJNN,"VELICKOVIC, NOVICA",3FGM,Three Pointer,3,212,635,G,,,,38,03:00,79,66,
2007,PO,23,225,539,BAS,PAFP,"PLANINIC, ZORAN",FTM,Free Throw In,1,-1,-1, ,,,,39,02:00,80,66,
2007,PO,23,225,540,BAS,PAFP,"PLANINIC, ZORAN",FTM,Free Throw In,1,-1,-1, ,,,,39,02:00,81,66,
2007,PO,23,225,543,BAS,PJWO,"MICKEAL, PETE",2FGM,Two Pointer,2,-51,23,D,,,,39,02:00,83,66,
2007,PO,23,225,548,PAR,PLGH,"TEPIC, MILENKO",2FGM,Two Pointer,2,53,33,C,,,,39,02:00,83,68,
2007,PO,23,225,550,BAS,PJWO,"MICKEAL, PETE",2FGM,Two Pointer,2,-202,364,E,,,,40,01:00,85,68,
2007,PO,23,225,551,PAR,PBFB,"TRIPKOVIC, UROS",3FGA,Missed Three Pointer,0,669,10,A,,,,40,01:00,85,68,
2007,PO,23,225,557,BAS,PCBY,"SPLITTER, TIAGO",3FGA,Missed Three Pointer,0,458,641,G,,,,40,01:00,85,68,
2007,PO,23,226,3,BAR,PAXC,"VAZQUEZ, FRAN",2FGM,Two Pointer,2,484,66,B,,,,1,10:00,0,2,
2007,PO,23,226,4,TEL,PLTS,"MORRIS, TERENCE",2FGA,Missed Two Pointer,0,-210,130,D,,,,1,10:00,0,2,
2007,PO,23,226,6,BAR,PLGC,"ACKER, ALEX",3FGA,Missed Three Pointer,0,620,330,A,,,,1,10:00,0,2,
2007,PO,23,226,13,TEL,PCQD,"CUMMINGS, VONTEEGO",2FGM,Two Pointer,2,-100,74,D,,,,2,09:00,2,2,
2007,PO,23,226,17,TEL,PCQD,"CUMMINGS, VONTEEGO",FTM,Free Throw In,1,-1,-1, ,,,,2,09:00,3,2,
2007,PO,23,226,18,BAR,PAXC,"VAZQUEZ, FRAN",2FGM,Two Pointer,2,48,133,C,,,,2,09:00,3,4,
2007,PO,23,226,22,BAR,PAXC,"VAZQUEZ, FRAN",FTM,Free Throw In,1,-1,-1, ,,,,2,09:00,3,5,
2007,PO,23,226,23,TEL,PJFO,"CASSPI, OMRI",3FGA,Missed Three Pointer,0,-41,717,J,,,,2,09:00,3,5,
2007,PO,23,226,25,BAR,PATA,"LAKOVIC, JAKA",3FGM,Three Pointer,3,584,543,G,,,,2,09:00,3,8,
2007,PO,23,226,31,TEL,PLTS,"MORRIS, TERENCE",2FGA,Missed Two Pointer,0,58,94,C,,,,3,08:00,3,8,
2007,PO,23,226,33,BAR,PAXC,"VAZQUEZ, FRAN",2FGA,Missed Two Pointer,0,435,187,B,,,,3,08:00,3,8,
2007,PO,23,226,35,TEL,PJFO,"CASSPI, OMRI",2FGA,Missed Two Pointer,0,-161,151,D,,,,3,08:00,3,8,
2007,PO,23,226,38,BAR,PAXC,"VAZQUEZ, FRAN",2FGAB,Missed Two Pointer,0,166,51,C,,,,4,07:00,3,8,
2007,PO,23,226,42,BAR,PADS,"BASILE, GIANLUCA",2FGM,Two Pointer,2,105,56,C,,,,4,07:00,3,10,
2007,PO,23,226,43,TEL,PAPB,"VUJCIC, NIKOLA",2FGM,Two Pointer,2,-102,243,D,,,,4,07:00,5,10,
2007,PO,23,226,44,BAR,PATA,"LAKOVIC, JAKA",3FGA,Missed Three Pointer,0,194,705,G,,,,4,07:00,5,10,
2007,PO,23,226,46,BAR,PATA,"LAKOVIC, JAKA",3FGA,Missed Three Pointer,0,661,179,A,,,,4,07:00,5,10,
2007,PO,23,226,52,BAR,PAHW,"MARCONATO, DENIS",FTM,Free Throw In,1,-1,-1, ,,,,4,07:00,5,11,
2007,PO,23,226,56,TEL,PAPB,"VUJCIC, NIKOLA",2FGM,Two Pointer,2,-20,105,D,,,,5,06:00,7,11,
2007,PO,23,226,57,TEL,PAPB,"VUJCIC, NIKOLA",FTM,Free Throw In,1,-1,-1, ,,,,5,06:00,8,11,
2007,PO,23,226,58,BAR,PADS,"BASILE, GIANLUCA",3FGA,Missed Three Pointer,0,430,692,G,,,,5,06:00,8,11,
2007,PO,23,226,63,BAR,PAXC,"VAZQUEZ, FRAN",2FGAB,Missed Two Pointer,0,-17,-30,D,,,,6,05:00,8,11,
2007,PO,23,226,68,BAR,PAHW,"MARCONATO, DENIS",2FGM,Two Pointer,2,15,41,C,,,,6,05:00,8,13,
2007,PO,23,226,69,TEL,PAOZ,"HALPERIN, YOTAM",2FGA,Missed Two Pointer,0,-30,84,D,,,,6,05:00,8,13,
2007,PO,23,226,72,BAR,PAXC,"VAZQUEZ, FRAN",2FGM,Two Pointer,2,66,392,C,,,,6,05:00,8,15,
2007,PO,23,226,81,TEL,PAPB,"VUJCIC, NIKOLA",FTM,Free Throw In,1,-1,-1, ,,,,7,04:00,9,15,
2007,PO,23,226,84,BAR,PLGC,"ACKER, ALEX",2FGA,Missed Two Pointer,0,202,169,C,,,,7,04:00,9,15,
2007,PO,23,226,86,TEL,PCQD,"CUMMINGS, VONTEEGO",2FGM,Two Pointer,2,-530,202,E,,,,7,04:00,11,15,
2007,PO,23,226,88,BAR,PBOD,"KASUN, MARIO",2FGM,Two Pointer,2,158,120,C,,,,7,04:00,11,17,
2007,PO,23,226,89,TEL,PCQD,"CUMMINGS, VONTEEGO",2FGM,Two Pointer,2,-97,-58,D,,,,7,04:00,13,17,
2007,PO,23,226,95,BAR,PBOD,"KASUN, MARIO",2FGA,Missed Two Pointer,0,51,135,C,,,,8,03:00,13,17,
2007,PO,23,226,97,TEL,PCQD,"CUMMINGS, VONTEEGO",3FGA,Missed Three Pointer,0,-653,371,F,,,,8,03:00,13,17,
2007,PO,23,226,108,TEL,PDHD,"BATISTA, ESTEBAN",2FGM,Two Pointer,2,84,61,C,,,,9,02:00,15,17,
2007,PO,23,226,111,BAR,PBOD,"KASUN, MARIO",2FGM,Two Pointer,2,133,48,C,,,,9,02:00,15,19,
2007,PO,23,226,119,TEL,PAOZ,"HALPERIN, YOTAM",2FGM,Two Pointer,2,-56,123,D,,,,10,01:00,17,19,
2007,PO,23,226,122,TEL,PAOZ,"HALPERIN, YOTAM",FTM,Free Throw In,1,-1,-1, ,,,,10,01:00,18,19,
2007,PO,23,226,127,BAR,PADS,"BASILE, GIANLUCA",3FGA,Missed Three Pointer,0,571,535,G,,,,10,01:00,18,19,
2007,PO,23,226,129,TEL,PLFR,"BYNUM, WILL",2FGA,Missed Two Pointer,0,-151,97,D,,,,10,01:00,18,19,
2007,PO,23,226,135,TEL,PLFR,"BYNUM, WILL",3FGM,Three Pointer,3,-694,53,F,,,,11,10:00,21,19,
2007,PO,23,226,138,TEL,PCQD,"CUMMINGS, VONTEEGO",3FGA,Missed Three Pointer,0,-682,-41,F,,,,11,10:00,21,19,
2007,PO,23,226,140,TEL,PBES,"BLUTHENTHAL, DAVID",3FGM,Three Pointer,3,-707,0,F,,,,11,10:00,24,19,
2007,PO,23,226,142,BAR,PJKP,"ILYASOVA, ERSAN",3FGA,Missed Three Pointer,0,520,566,G,,,,11,10:00,24,19,
2007,PO,23,226,152,BAR,PBKE,"GRIMAU, ROGER",2FGM,Two Pointer,2,61,30,C,,,,11,10:00,24,21,
2007,PO,23,226,156,TEL,PLFR,"BYNUM, WILL",2FGA,Missed Two Pointer,0,-120,25,D,,,,12,09:00,24,21,
2007,PO,23,226,158,BAR,P000751,"NEAL, GARY",2FGM,Two Pointer,2,279,230,B,,,,12,09:00,24,23,
2007,PO,23,226,160,TEL,PDHD,"BATISTA, ESTEBAN",2FGM,Two Pointer,2,-66,74,D,,,,12,09:00,26,23,
2007,PO,23,226,168,BAR,P000751,"NEAL, GARY",3FGA,Missed Three Pointer,0,569,389,A,,,,13,08:00,26,23,
2007,PO,23,226,170,TEL,PBES,"BLUTHENTHAL, DAVID",3FGM,Three Pointer,3,-220,684,J,,,,13,08:00,29,23,
2007,PO,23,226,172,BAR,PBKE,"GRIMAU, ROGER",3FGM,Three Pointer,3,394,643,G,,,,13,08:00,29,26,
2007,PO,23,226,173,TEL,PDHD,"BATISTA, ESTEBAN",2FGA,Missed Two Pointer,0,-338,94,E,,,,13,08:00,29,26,
2007,PO,23,226,176,BAR,PJKP,"ILYASOVA, ERSAN",3FGA,Missed Three Pointer,0,628,387,A,,,,14,07:00,29,26,
2007,PO,23,226,187,TEL,PLFR,"BYNUM, WILL",2FGM,Two Pointer,2,-66,125,D,,,,14,07:00,31,26,
2007,PO,23,226,190,BAR,PAZU,"SANCHEZ, PEPE",3FGA,Missed Three Pointer,0,497,515,G,,,,14,07:00,31,26,
2007,PO,23,226,193,BAR,PAZU,"SANCHEZ, PEPE",3FGA,Missed Three Pointer,0,574,500,G,,,,15,06:00,31,26,
2007,PO,23,226,195,TEL,PAPB,"VUJCIC, NIKOLA",3FGA,Missed Three Pointer,0,-346,651,J,,,,15,06:00,31,26,
2007,PO,23,226,205,TEL,PAOZ,"HALPERIN, YOTAM",FTM,Free Throw In,1,-1,-1, ,,,,16,05:00,32,26,
2007,PO,23,226,206,TEL,PAOZ,"HALPERIN, YOTAM",FTM,Free Throw In,1,-1,-1, ,,,,16,05:00,33,26,
2007,PO,23,226,217,BAR,PAZU,"SANCHEZ, PEPE",3FGM,Three Pointer,3,538,433,G,,,,17,04:00,33,29,
2007,PO,23,226,222,TEL,PLFR,"BYNUM, WILL",FTM,Free Throw In,1,-1,-1, ,,,,17,04:00,34,29,
2007,PO,23,226,223,TEL,PLFR,"BYNUM, WILL",FTM,Free Throw In,1,-1,-1, ,,,,17,04:00,35,29,
2007,PO,23,226,226,TEL,PLFR,"BYNUM, WILL",2FGM,Two Pointer,2,-79,30,D,,,,17,04:00,37,29,
2007,PO,23,226,231,TEL,PAOZ,"HALPERIN, YOTAM",2FGM,Two Pointer,2,-35,92,D,,,,17,04:00,39,29,
2007,PO,23,226,242,TEL,PAOZ,"HALPERIN, YOTAM",FTM,Free Throw In,1,-1,-1, ,,,,17,04:00,40,29,
2007,PO,23,226,243,BAR,PADS,"BASILE, GIANLUCA",3FGA,Missed Three Pointer,0,653,323,A,,,,17,04:00,40,29,
2007,PO,23,226,244,BAR,PAXC,"VAZQUEZ, FRAN",2FGA,Missed Two Pointer,0,20,56,C,,,,17,04:00,40,29,
2007,PO,23,226,246,BAR,PBKE,"GRIMAU, ROGER",2FGA,Missed Two Pointer,0,-17,82,D,,,,17,04:00,40,29,
2007,PO,23,226,248,BAR,PBKE,"GRIMAU, ROGER",2FGA,Missed Two Pointer,0,35,84,C,,,,17,04:00,40,29,
2007,PO,23,226,250,TEL,PLFR,"BYNUM, WILL",2FGA,Missed Two Pointer,0,-74,56,D,,,,17,04:00,40,29,
2007,PO,23,226,252,TEL,PLTS,"MORRIS, TERENCE",2FGA,Missed Two Pointer,0,0,61,D,,,,17,04:00,40,29,
2007,PO,23,226,254,BAR,PAZU,"SANCHEZ, PEPE",2FGA,Missed Two Pointer,0,266,256,B,,,,17,04:00,40,29,
2007,PO,23,226,263,BAR,PADS,"BASILE, GIANLUCA",FTM,Free Throw In,1,-1,-1, ,,,,18,03:00,40,30,
2007,PO,23,226,264,BAR,PADS,"BASILE, GIANLUCA",FTM,Free Throw In,1,-1,-1, ,,,,18,03:00,40,31,
2007,PO,23,226,267,TEL,PAPB,"VUJCIC, NIKOLA",2FGAB,Missed Two Pointer,0,-151,158,D,,,,19,02:00,40,31,
2007,PO,23,226,270,BAR,PBKE,"GRIMAU, ROGER",2FGA,Missed Two Pointer,0,189,64,C,,,,19,02:00,40,31,
2007,PO,23,226,272,BAR,PJKP,"ILYASOVA, ERSAN",3FGA,Missed Three Pointer,0,623,494,G,,,,19,02:00,40,31,
2007,PO,23,226,274,TEL,PAPB,"VUJCIC, NIKOLA",2FGA,Missed Two Pointer,0,-66,100,D,,,,19,02:00,40,31,
2007,PO,23,226,276,TEL,PLTS,"MORRIS, TERENCE",2FGM,Two Pointer,2,-74,25,D,,,,19,02:00,42,31,
2007,PO,23,226,277,BAR,PBKE,"GRIMAU, ROGER",2FGA,Missed Two Pointer,0,120,69,C,,,,19,02:00,42,31,
2007,PO,23,226,279,BAR,PAXC,"VAZQUEZ, FRAN",2FGM,Two Pointer,2,0,97,D,,,,19,02:00,42,33,
2007,PO,23,226,281,TEL,P000615,"GARCIA, ALEX",2FGA,Missed Two Pointer,0,-402,79,E,,,,20,01:00,42,33,
2007,PO,23,226,292,BAR,PADS,"BASILE, GIANLUCA",FTM,Free Throw In,1,-1,-1, ,,,,20,01:00,42,34,
2007,PO,23,226,295,TEL,PAOZ,"HALPERIN, YOTAM",FTM,Free Throw In,1,-1,-1, ,,,,20,01:00,43,34,
2007,PO,23,226,298,BAR,PAZU,"SANCHEZ, PEPE",3FGA,Missed Three Pointer,0,605,487,G,,,,20,01:00,43,34,
2007,PO,23,226,307,BAR,PAHW,"MARCONATO, DENIS",2FGA,Missed Two Pointer,0,174,105,C,,,,21,10:00,43,34,
2007,PO,23,226,309,BAR,PADS,"BASILE, GIANLUCA",2FGA,Missed Two Pointer,0,102,448,H,,,,21,10:00,43,34,
2007,PO,23,226,315,TEL,PDHD,"BATISTA, ESTEBAN",2FGM,Two Pointer,2,-64,61,D,,,,21,10:00,45,34,
2007,PO,23,226,316,BAR,PBKE,"GRIMAU, ROGER",2FGM,Two Pointer,2,35,76,C,,,,21,10:00,45,36,
2007,PO,23,226,319,BAR,PBKE,"GRIMAU, ROGER",FTM,Free Throw In,1,-1,-1, ,,,,21,10:00,45,37,
2007,PO,23,226,322,BAR,PBKE,"GRIMAU, ROGER",2FGM,Two Pointer,2,-41,-23,D,,,,21,10:00,45,39,
2007,PO,23,226,325,TEL,PLFR,"BYNUM, WILL",2FGA,Missed Two Pointer,0,20,205,C,,,,22,09:00,45,39,
2007,PO,23,226,328,BAR,PAXC,"VAZQUEZ, FRAN",2FGM,Two Pointer,2,179,207,C,,,,22,09:00,45,41,
2007,PO,23,226,330,TEL,PLFR,"BYNUM, WILL",3FGM,Three Pointer,3,-676,148,F,,,,22,09:00,48,41,
2007,PO,23,226,335,TEL,PAOZ,"HALPERIN, YOTAM",2FGM,Two Pointer,2,10,107,C,,,,22,09:00,50,41,
2007,PO,23,226,338,BAR,PADS,"BASILE, GIANLUCA",2FGM,Two Pointer,2,10,56,C,,,,24,07:00,50,43,
2007,PO,23,226,339,TEL,PCQD,"CUMMINGS, VONTEEGO",3FGA,Missed Three Pointer,0,-533,535,J,,,,24,07:00,50,43,
2007,PO,23,226,342,BAR,PAXC,"VAZQUEZ, FRAN",2FGM,Two Pointer,2,456,58,B,,,,24,07:00,50,45,
2007,PO,23,226,344,TEL,PLFR,"BYNUM, WILL",2FGA,Missed Two Pointer,0,-164,105,D,,,,25,06:00,50,45,
2007,PO,23,226,354,BAR,PAHW,"MARCONATO, DENIS",FTM,Free Throw In,1,-1,-1, ,,,,25,06:00,50,46,
2007,PO,23,226,355,BAR,PAHW,"MARCONATO, DENIS",FTM,Free Throw In,1,-1,-1, ,,,,25,06:00,50,47,
2007,PO,23,226,357,TEL,PAOZ,"HALPERIN, YOTAM",3FGA,Missed Three Pointer,0,-551,451,J,,,,26,05:00,50,47,
2007,PO,23,226,367,TEL,PBES,"BLUTHENTHAL, DAVID",2FGM,Two Pointer,2,-476,228,E,,,,26,05:00,52,47,
2007,PO,23,226,368,BAR,PAZU,"SANCHEZ, PEPE",3FGA,Missed Three Pointer,0,576,438,G,,,,26,05:00,52,47,
2007,PO,23,226,370,TEL,PLTS,"MORRIS, TERENCE",3FGM,Three Pointer,3,-58,720,J,,,,26,05:00,55,47,
2007,PO,23,226,375,BAR,PAZU,"SANCHEZ, PEPE",2FGA,Missed Two Pointer,0,305,153,B,,,,27,04:00,55,47,
2007,PO,23,226,377,TEL,PCQD,"CUMMINGS, VONTEEGO",2FGM,Two Pointer,2,-69,97,D,,,,27,04:00,57,47,
2007,PO,23,226,378,BAR,PAXC,"VAZQUEZ, FRAN",2FGA,Missed Two Pointer,0,484,169,B,,,,27,04:00,57,47,
2007,PO,23,226,387,BAR,PATA,"LAKOVIC, JAKA",FTM,Free Throw In,1,-1,-1, ,,,,28,03:00,57,48,
2007,PO,23,226,391,BAR,PATA,"LAKOVIC, JAKA",FTM,Free Throw In,1,-1,-1, ,,,,28,03:00,57,49,
2007,PO,23,226,392,BAR,PATA,"LAKOVIC, JAKA",FTM,Free Throw In,1,-1,-1, ,,,,28,03:00,57,50,
2007,PO,23,226,393,TEL,PAOZ,"HALPERIN, YOTAM",3FGA,Missed Three Pointer,0,-700,325,F,,,,28,03:00,57,50,
2007,PO,23,226,397,BAR,PATA,"LAKOVIC, JAKA",3FGA,Missed Three Pointer,0,635,382,A,,,,28,03:00,57,50,
2007,PO,23,226,400,BAR,PLGC,"ACKER, ALEX",3FGM,Three Pointer,3,625,335,A,,,,28,03:00,57,53,
2007,PO,23,226,402,TEL,PAOZ,"HALPERIN, YOTAM",2FGM,Two Pointer,2,-43,274,D,,,,29,02:00,59,53,
2007,PO,23,226,405,TEL,PAOZ,"HALPERIN, YOTAM",FTM,Free Throw In,1,-1,-1, ,,,,29,02:00,60,53,
2007,PO,23,226,406,BAR,PATA,"LAKOVIC, JAKA",3FGA,Missed Three Pointer,0,602,423,A,,,,29,02:00,60,53,
2007,PO,23,226,408,TEL,PLFR,"BYNUM, WILL",3FGM,Three Pointer,3,646,215,A,,,,29,02:00,63,53,
2007,PO,23,226,410,BAR,PLGC,"ACKER, ALEX",2FGA,Missed Two Pointer,0,379,84,B,,,,29,02:00,63,53,
2007,PO,23,226,412,TEL,PAPB,"VUJCIC, NIKOLA",3FGA,Missed Three Pointer,0,-482,571,J,,,,29,02:00,63,53,
2007,PO,23,226,414,BAR,PAZU,"SANCHEZ, PEPE",3FGA,Missed Three Pointer,0,584,564,G,,,,29,02:00,63,53,
2007,PO,23,226,419,TEL,PBES,"BLUTHENTHAL, DAVID",2FGM,Two Pointer,2,-87,112,D,,,,32,09:00,65,53,
2007,PO,23,226,421,BAR,PAHW,"MARCONATO, DENIS",2FGA,Missed Two Pointer,0,20,166,C,,,,32,09:00,65,53,
2007,PO,23,226,423,BAR,PLGC,"ACKER, ALEX",2FGA,Missed Two Pointer,0,133,164,C,,,,32,09:00,65,53,
2007,PO,23,226,426,TEL,PLTS,"MORRIS, TERENCE",2FGAB,Missed Two Pointer,0,5,100,C,,,,32,09:00,65,53,
2007,PO,23,226,429,BAR,PLGC,"ACKER, ALEX",3FGA,Missed Three Pointer,0,589,412,A,,,,32,09:00,65,53,
2007,PO,23,226,433,BAR,PATA,"LAKOVIC, JAKA",3FGM,Three Pointer,3,615,307,A,,,,32,09:00,65,56,
2007,PO,23,226,436,TEL,PBES,"BLUTHENTHAL, DAVID",3FGA,Missed Three Pointer,0,-694,153,F,,,,33,08:00,65,56,
2007,PO,23,226,439,TEL,PAOZ,"HALPERIN, YOTAM",2FGM,Two Pointer,2,-7,51,D,,,,33,08:00,67,56,
2007,PO,23,226,442,BAR,PAHW,"MARCONATO, DENIS",3FGA,Missed Three Pointer,0,343,717,G,,,,33,08:00,67,56,
2007,PO,23,226,446,TEL,PBES,"BLUTHENTHAL, DAVID",2FGM,Two Pointer,2,-100,41,D,,,,33,08:00,69,56,
2007,PO,23,226,454,BAR,PATA,"LAKOVIC, JAKA",3FGA,Missed Three Pointer,0,453,587,G,,,,34,07:00,69,56,
2007,PO,23,226,456,TEL,PBES,"BLUTHENTHAL, DAVID",3FGM,Three Pointer,3,-494,579,J,,,,34,07:00,72,56,
2007,PO,23,226,458,BAR,PJKP,"ILYASOVA, ERSAN",2FGM,Two Pointer,2,53,115,C,,,,34,07:00,72,58,
2007,PO,23,226,464,TEL,PBES,"BLUTHENTHAL, DAVID",3FGM,Three Pointer,3,-669,117,F,,,,34,07:00,75,58,
2007,PO,23,226,465,BAR,PBKE,"GRIMAU, ROGER",2FGM,Two Pointer,2,64,112,C,,,,34,07:00,75,60,
2007,PO,23,226,468,BAR,PBKE,"GRIMAU, ROGER",FTM,Free Throw In,1,-1,-1, ,,,,34,07:00,75,61,
2007,PO,23,226,469,TEL,PLFR,"BYNUM, WILL",3FGA,Missed Three Pointer,0,-674,-20,F,,,,34,07:00,75,61,
2007,PO,23,226,471,BAR,PATA,"LAKOVIC, JAKA",3FGA,Missed Three Pointer,0,643,482,G,,,,34,07:00,75,61,
2007,PO,23,226,483,BAR,PATA,"LAKOVIC, JAKA",2FGM,Two Pointer,2,58,-28,C,,,,36,05:00,75,63,
2007,PO,23,226,485,TEL,PLTS,"MORRIS, TERENCE",3FGM,Three Pointer,3,-682,102,F,,,,36,05:00,78,63,
2007,PO,23,226,489,BAR,PAXC,"VAZQUEZ, FRAN",FTM,Free Throw In,1,-1,-1, ,,,,36,05:00,78,64,
2007,PO,23,226,490,BAR,PAXC,"VAZQUEZ, FRAN",FTM,Free Throw In,1,-1,-1, ,,,,36,05:00,78,65,
2007,PO,23,226,496,TEL,PLFR,"BYNUM, WILL",3FGA,Missed Three Pointer,0,-682,-35,F,,,,37,04:00,78,65,
2007,PO,23,226,498,BAR,PATA,"LAKOVIC, JAKA",3FGA,Missed Three Pointer,0,571,502,G,,,,37,04:00,78,65,
2007,PO,23,226,508,TEL,PAOZ,"HALPERIN, YOTAM",FTM,Free Throw In,1,-1,-1, ,,,,38,03:00,79,65,
2007,PO,23,226,511,BAR,PATA,"LAKOVIC, JAKA",FTM,Free Throw In,1,-1,-1, ,,,,38,03:00,79,66,
2007,PO,23,226,512,BAR,PATA,"LAKOVIC, JAKA",FTM,Free Throw In,1,-1,-1, ,,,,38,03:00,79,67,
2007,PO,23,226,514,TEL,PAOZ,"HALPERIN, YOTAM",2FGAB,Missed Two Pointer,0,-51,82,D,,,,38,03:00,79,67,
2007,PO,23,226,519,BAR,PBKE,"GRIMAU, ROGER",3FGM,Three Pointer,3,661,194,A,,,,38,03:00,79,70,
2007,PO,23,226,523,TEL,PLFR,"BYNUM, WILL",FTM,Free Throw In,1,-1,-1, ,,,,38,03:00,80,70,
2007,PO,23,226,524,TEL,PLFR,"BYNUM, WILL",FTM,Free Throw In,1,-1,-1, ,,,,38,03:00,81,70,
2007,PO,23,226,527,BAR,PBKE,"GRIMAU, ROGER",FTM,Free Throw In,1,-1,-1, ,,,,38,03:00,81,71,
2007,PO,23,226,528,BAR,PBKE,"GRIMAU, ROGER",FTM,Free Throw In,1,-1,-1, ,,,,38,03:00,81,72,
2007,PO,23,226,529,TEL,PLFR,"BYNUM, WILL",2FGM,Two Pointer,2,-51,69,D,,,,38,03:00,83,72,
2007,PO,23,226,531,BAR,PAZU,"SANCHEZ, PEPE",3FGM,Three Pointer,3,653,215,A,,,,38,03:00,83,75,
2007,PO,23,226,532,TEL,PLFR,"BYNUM, WILL",3FGA,Missed Three Pointer,0,-687,194,F,,,,38,03:00,83,75,
2007,PO,23,226,534,BAR,PAZU,"SANCHEZ, PEPE",3FGA,Missed Three Pointer,0,676,358,A,,,,38,03:00,83,75,
2007,PO,23,226,539,TEL,PLFR,"BYNUM, WILL",FTM,Free Throw In,1,-1,-1, ,,,,39,02:00,84,75,
2007,PO,23,226,540,TEL,PLFR,"BYNUM, WILL",FTM,Free Throw In,1,-1,-1, ,,,,39,02:00,85,75,
2007,PO,23,226,541,BAR,PAXC,"VAZQUEZ, FRAN",3FGA,Missed Three Pointer,0,633,435,G,,,,39,02:00,85,75,
2007,PO,23,226,545,TEL,PBES,"BLUTHENTHAL, DAVID",3FGM,Three Pointer,3,-689,17,F,,,,39,02:00,88,75,
2007,PO,23,226,548,BAR,PBKE,"GRIMAU, ROGER",3FGA,Missed Three Pointer,0,623,300,A,,,,40,01:00,88,75,
2007,PO,23,227,4,OLY,PTFV,"WOODS, QYNTEL",2FGA,Missed Two Pointer,0,-582,-61,E,,,,1,10:00,0,0,
2007,PO,23,227,8,CSK,PAKT,"ANDERSEN, DAVID",2FGM,Two Pointer,2,-25,94,D,,,,1,10:00,2,0,
2007,PO,23,227,9,OLY,PAMM,"PRINTEZIS, GEORGIOS",3FGM,Three Pointer,3,-574,351,F,,,,1,10:00,2,3,
2007,PO,23,227,11,CSK,PJMM,"SISKAUSKAS, RAMUNAS",2FGM,Two Pointer,2,-74,30,D,,,,2,09:00,4,3,
2007,PO,23,227,15,CSK,PJMM,"SISKAUSKAS, RAMUNAS",FTM,Free Throw In,1,-1,-1, ,,,,2,09:00,5,3,
2007,PO,23,227,16,CSK,PJMM,"SISKAUSKAS, RAMUNAS",FTM,Free Throw In,1,-1,-1, ,,,,2,09:00,6,3,
2007,PO,23,227,17,CSK,PJMM,"SISKAUSKAS, RAMUNAS",FTM,Free Throw In,1,-1,-1, ,,,,2,09:00,7,3,
2007,PO,23,227,21,OLY,PCRR,"GREER, LYNN",2FGM,Two Pointer,2,382,17,B,,,,3,08:00,7,5,
2007,PO,23,227,22,CSK,PBEB,"LANGDON, TRAJAN",3FGA,Missed Three Pointer,0,466,512,G,,,,3,08:00,7,5,
2007,PO,23,227,24,OLY,PAMM,"PRINTEZIS, GEORGIOS",3FGA,Missed Three Pointer,0,-512,430,J,,,,3,08:00,7,5,
2007,PO,23,227,29,CSK,PAKT,"ANDERSEN, DAVID",2FGA,Missed Two Pointer,0,-117,66,D,,,,4,07:00,7,5,
2007,PO,23,227,35,OLY,PTFV,"WOODS, QYNTEL",3FGA,Missed Three Pointer,0,-628,238,F,,,,4,07:00,7,5,
2007,PO,23,227,41,OLY,PCRR,"GREER, LYNN",3FGA,Missed Three Pointer,0,-502,507,J,,,,5,06:00,7,5,
2007,PO,23,227,43,CSK,PAQO,"HOLDEN, JON ROBERT",3FGA,Missed Three Pointer,0,248,661,G,,,,5,06:00,7,5,
2007,PO,23,227,45,OLY,PTFW,"TSAKALIDIS, JAKE",2FGM,Two Pointer,2,-64,7,D,,,,5,06:00,7,7,
2007,PO,23,227,48,CSK,PAKT,"ANDERSEN, DAVID",2FGM,Two Pointer,2,-69,15,D,,,,6,05:00,9,7,
2007,PO,23,227,52,CSK,PBEB,"LANGDON, TRAJAN",2FGM,Two Pointer,2,-51,20,D,,,,6,05:00,11,7,
2007,PO,23,227,54,OLY,PBFY,"BLAKNEY, RODERICK",2FGM,Two Pointer,2,333,400,B,,,,6,05:00,11,9,
2007,PO,23,227,55,CSK,PALC,"SMODIS, MATJAZ",3FGM,Three Pointer,3,38,679,G,,,,6,05:00,14,9,
2007,PO,23,227,57,OLY,PTFW,"TSAKALIDIS, JAKE",2FGM,Two Pointer,2,-53,10,D,,,,7,04:00,14,11,
2007,PO,23,227,67,OLY,PTFW,"TSAKALIDIS, JAKE",FTM,Free Throw In,1,-1,-1, ,,,,7,04:00,14,12,
2007,PO,23,227,72,CSK,PJMM,"SISKAUSKAS, RAMUNAS",2FGM,Two Pointer,2,-79,176,D,,,,7,04:00,16,12,
2007,PO,23,227,74,OLY,PJRF,"VASILOPOULOS, PANAGIOTIS",2FGAB,Missed Two Pointer,0,94,25,C,,,,8,03:00,16,12,
2007,PO,23,227,78,CSK,PAUC,"GOREE, MARCUS",2FGAB,Missed Two Pointer,0,87,38,C,,,,8,03:00,16,12,
2007,PO,23,227,86,OLY,PCRR,"GREER, LYNN",FTM,Free Throw In,1,-1,-1, ,,,,8,03:00,16,13,
2007,PO,23,227,87,OLY,PCRR,"GREER, LYNN",FTM,Free Throw In,1,-1,-1, ,,,,8,03:00,16,14,
2007,PO,23,227,88,CSK,PAQO,"HOLDEN, JON ROBERT",3FGM,Three Pointer,3,615,258,A,,,,8,03:00,19,14,
2007,PO,23,227,91,OLY,PBFY,"BLAKNEY, RODERICK",2FGA,Missed Two Pointer,0,-338,135,E,,,,9,02:00,19,14,
2007,PO,23,227,93,CSK,PATW,"PAPALOUKAS, THEODOROS",3FGM,Three Pointer,3,-333,574,J,,,,9,02:00,22,14,
2007,PO,23,227,96,OLY,PCRR,"GREER, LYNN",3FGA,Missed Three Pointer,0,-2,674,J,,,,10,01:00,22,14,
2007,PO,23,227,98,CSK,PAUC,"GOREE, MARCUS",2FGA,Missed Two Pointer,0,-412,143,E,,,,10,01:00,22,14,
2007,PO,23,227,106,OLY,PCRR,"GREER, LYNN",FTM,Free Throw In,1,-1,-1, ,,,,10,01:00,22,15,
2007,PO,23,227,107,OLY,PCRR,"GREER, LYNN",FTM,Free Throw In,1,-1,-1, ,,,,10,01:00,22,16,
2007,PO,23,227,110,CSK,PAUC,"GOREE, MARCUS",2FGAB,Missed Two Pointer,0,-41,105,D,,,,10,01:00,22,16,
2007,PO,23,227,121,CSK,PBCQ,"KHRYAPA, VICTOR",3FGA,Missed Three Pointer,0,-15,669,J,,,,11,10:00,22,16,
2007,PO,23,227,123,OLY,PCRR,"GREER, LYNN",2FGAB,Missed Two Pointer,0,-66,102,D,,,,11,10:00,22,16,
2007,PO,23,227,131,CSK,PBEB,"LANGDON, TRAJAN",FTM,Free Throw In,1,-1,-1, ,,,,11,10:00,23,16,
2007,PO,23,227,132,CSK,PBEB,"LANGDON, TRAJAN",FTM,Free Throw In,1,-1,-1, ,,,,11,10:00,24,16,
2007,PO,23,227,138,CSK,PBCQ,"KHRYAPA, VICTOR",3FGA,Missed Three Pointer,0,466,466,G,,,,12,09:00,24,16,
2007,PO,23,227,140,OLY,PAMM,"PRINTEZIS, GEORGIOS",2FGM,Two Pointer,2,53,17,C,,,,12,09:00,24,18,
2007,PO,23,227,142,CSK,PBCQ,"KHRYAPA, VICTOR",3FGM,Three Pointer,3,-15,687,J,,,,12,09:00,27,18,
2007,PO,23,227,153,CSK,PJMM,"SISKAUSKAS, RAMUNAS",3FGA,Missed Three Pointer,0,-579,335,F,,,,13,08:00,27,18,
2007,PO,23,227,156,OLY,PJDR,"TEODOSIC, MILOS",2FGM,Two Pointer,2,46,23,C,,,,14,07:00,27,20,
2007,PO,23,227,162,OLY,PJDR,"TEODOSIC, MILOS",FTM,Free Throw In,1,-1,-1, ,,,,14,07:00,27,21,
2007,PO,23,227,167,CSK,PALC,"SMODIS, MATJAZ",3FGM,Three Pointer,3,584,323,A,,,,14,07:00,30,21,
2007,PO,23,227,169,OLY,PJRF,"VASILOPOULOS, PANAGIOTIS",3FGM,Three Pointer,3,-15,661,J,,,,14,07:00,30,24,
2007,PO,23,227,172,CSK,PBEB,"LANGDON, TRAJAN",2FGM,Two Pointer,2,51,17,C,,,,15,06:00,32,24,
2007,PO,23,227,173,OLY,PJRF,"VASILOPOULOS, PANAGIOTIS",3FGA,Missed Three Pointer,0,269,594,G,,,,15,06:00,32,24,
2007,PO,23,227,176,CSK,PALC,"SMODIS, MATJAZ",2FGA,Missed Two Pointer,0,76,35,C,,,,16,05:00,32,24,
2007,PO,23,227,185,OLY,PAMM,"PRINTEZIS, GEORGIOS",3FGA,Missed Three Pointer,0,-10,669,J,,,,16,05:00,32,24,
2007,PO,23,227,187,CSK,PATW,"PAPALOUKAS, THEODOROS",2FGM,Two Pointer,2,-53,12,D,,,,16,05:00,34,24,
2007,PO,23,227,190,OLY,PAMM,"PRINTEZIS, GEORGIOS",2FGA,Missed Two Pointer,0,-87,15,D,,,,17,04:00,34,24,
2007,PO,23,227,203,OLY,PCRR,"GREER, LYNN",3FGM,Three Pointer,3,-369,558,J,,,,17,04:00,34,27,
2007,PO,23,227,206,CSK,PATW,"PAPALOUKAS, THEODOROS",3FGA,Missed Three Pointer,0,602,261,A,,,,18,03:00,34,27,
2007,PO,23,227,208,OLY,PCRR,"GREER, LYNN",2FGA,Missed Two Pointer,0,-489,41,E,,,,18,03:00,34,27,
2007,PO,23,227,210,CSK,PJMM,"SISKAUSKAS, RAMUNAS",2FGM,Two Pointer,2,-423,66,E,,,,18,03:00,36,27,
2007,PO,23,227,219,OLY,PTFV,"WOODS, QYNTEL",FTM,Free Throw In,1,-1,-1, ,,,,19,02:00,36,28,
2007,PO,23,227,224,CSK,PAUC,"GOREE, MARCUS",FTM,Free Throw In,1,-1,-1, ,,,,19,02:00,37,28,
2007,PO,23,227,225,CSK,PAUC,"GOREE, MARCUS",FTM,Free Throw In,1,-1,-1, ,,,,19,02:00,38,28,
2007,PO,23,227,226,OLY,PCRR,"GREER, LYNN",3FGA,Missed Three Pointer,0,-248,620,J,,,,19,02:00,38,28,
2007,PO,23,227,233,OLY,PTFV,"WOODS, QYNTEL",FTM,Free Throw In,1,-1,-1, ,,,,19,02:00,38,29,
2007,PO,23,227,236,CSK,PATW,"PAPALOUKAS, THEODOROS",2FGM,Two Pointer,2,66,38,C,,,,19,02:00,40,29,
2007,PO,23,227,238,OLY,PBFY,"BLAKNEY, RODERICK",3FGA,Missed Three Pointer,0,405,543,G,,,,20,01:00,40,29,
2007,PO,23,227,247,CSK,PATW,"PAPALOUKAS, THEODOROS",FTM,Free Throw In,1,-1,-1, ,,,,20,01:00,41,29,
2007,PO,23,227,250,OLY,PCRR,"GREER, LYNN",2FGA,Missed Two Pointer,0,110,15,C,,,,20,01:00,41,29,
2007,PO,23,227,262,OLY,PAMM,"PRINTEZIS, GEORGIOS",2FGM,Two Pointer,2,-138,-10,D,,,,21,10:00,41,31,
2007,PO,23,227,264,CSK,PBEB,"LANGDON, TRAJAN",3FGM,Three Pointer,3,397,543,G,,,,21,10:00,44,31,
2007,PO,23,227,266,OLY,PAMM,"PRINTEZIS, GEORGIOS",2FGM,Two Pointer,2,-179,10,D,,,,21,10:00,44,33,
2007,PO,23,227,271,CSK,PJMM,"SISKAUSKAS, RAMUNAS",3FGM,Three Pointer,3,646,182,A,,,,22,09:00,47,33,
2007,PO,23,227,273,OLY,PCRR,"GREER, LYNN",2FGA,Missed Two Pointer,0,389,256,B,,,,22,09:00,47,33,
2007,PO,23,227,275,OLY,PTFW,"TSAKALIDIS, JAKE",2FGM,Two Pointer,2,-51,43,D,,,,22,09:00,47,35,
2007,PO,23,227,277,CSK,PAKT,"ANDERSEN, DAVID",2FGA,Missed Two Pointer,0,-174,20,D,,,,23,08:00,47,35,
2007,PO,23,227,281,CSK,PJMM,"SISKAUSKAS, RAMUNAS",3FGM,Three Pointer,3,164,648,G,,,,23,08:00,50,35,
2007,PO,23,227,283,OLY,PJRF,"VASILOPOULOS, PANAGIOTIS",3FGM,Three Pointer,3,-456,474,J,,,,23,08:00,50,38,
2007,PO,23,227,285,CSK,PBEB,"LANGDON, TRAJAN",3FGA,Missed Three Pointer,0,-669,-35,F,,,,23,08:00,50,38,
2007,PO,23,227,288,OLY,PJRF,"VASILOPOULOS, PANAGIOTIS",3FGM,Three Pointer,3,-651,61,F,,,,24,07:00,50,41,
2007,PO,23,227,291,CSK,PBEB,"LANGDON, TRAJAN",2FGA,Missed Two Pointer,0,328,212,B,,,,24,07:00,50,41,
2007,PO,23,227,293,OLY,PCRR,"GREER, LYNN",3FGA,Missed Three Pointer,0,397,533,G,,,,24,07:00,50,41,
2007,PO,23,227,296,CSK,PALC,"SMODIS, MATJAZ",3FGM,Three Pointer,3,-61,653,J,,,,25,06:00,53,41,
2007,PO,23,227,300,OLY,PBFY,"BLAKNEY, RODERICK",3FGM,Three Pointer,3,71,682,G,,,,25,06:00,53,44,
2007,PO,23,227,302,CSK,PJMM,"SISKAUSKAS, RAMUNAS",2FGA,Missed Two Pointer,0,58,25,C,,,,25,06:00,53,44,
2007,PO,23,227,305,OLY,PBFY,"BLAKNEY, RODERICK",2FGM,Two Pointer,2,117,189,C,,,,26,05:00,53,46,
2007,PO,23,227,310,CSK,PAUC,"GOREE, MARCUS",FTM,Free Throw In,1,-1,-1, ,,,,26,05:00,54,46,
2007,PO,23,227,311,CSK,PAUC,"GOREE, MARCUS",FTM,Free Throw In,1,-1,-1, ,,,,26,05:00,55,46,
2007,PO,23,227,319,CSK,PJMM,"SISKAUSKAS, RAMUNAS",3FGM,Three Pointer,3,-374,533,J,,,,27,04:00,58,46,
2007,PO,23,227,320,OLY,PBFY,"BLAKNEY, RODERICK",2FGA,Missed Two Pointer,0,-361,38,E,,,,27,04:00,58,46,
2007,PO,23,227,322,CSK,PAQO,"HOLDEN, JON ROBERT",2FGA,Missed Two Pointer,0,100,15,C,,,,27,04:00,58,46,
2007,PO,23,227,329,CSK,PJMM,"SISKAUSKAS, RAMUNAS",3FGM,Three Pointer,3,-471,479,J,,,,28,03:00,61,46,
2007,PO,23,227,333,OLY,PJRF,"VASILOPOULOS, PANAGIOTIS",2FGM,Two Pointer,2,110,179,C,,,,29,02:00,61,48,
2007,PO,23,227,348,OLY,PJRF,"VASILOPOULOS, PANAGIOTIS",2FGM,Two Pointer,2,-35,25,D,,,,30,01:00,61,50,
2007,PO,23,227,350,CSK,PBEB,"LANGDON, TRAJAN",3FGA,Missed Three Pointer,0,-387,592,J,,,,30,01:00,61,50,
2007,PO,23,227,357,CSK,PALC,"SMODIS, MATJAZ",2FGM,Two Pointer,2,-141,51,D,,,,31,10:00,63,50,
2007,PO,23,227,358,OLY,PJRF,"VASILOPOULOS, PANAGIOTIS",2FGA,Missed Two Pointer,0,-312,97,E,,,,31,10:00,63,50,
2007,PO,23,227,362,CSK,PJMM,"SISKAUSKAS, RAMUNAS",2FGAB,Missed Two Pointer,0,56,12,C,,,,32,09:00,63,50,
2007,PO,23,227,366,OLY,PBFY,"BLAKNEY, RODERICK",2FGM,Two Pointer,2,330,153,B,,,,32,09:00,63,52,
2007,PO,23,227,371,CSK,PALC,"SMODIS, MATJAZ",FTM,Free Throw In,1,-1,-1, ,,,,32,09:00,64,52,
2007,PO,23,227,372,CSK,PALC,"SMODIS, MATJAZ",FTM,Free Throw In,1,-1,-1, ,,,,32,09:00,65,52,
2007,PO,23,227,376,OLY,PJRF,"VASILOPOULOS, PANAGIOTIS",2FGM,Two Pointer,2,-51,35,D,,,,33,08:00,65,54,
2007,PO,23,227,380,OLY,PJRF,"VASILOPOULOS, PANAGIOTIS",2FGA,Missed Two Pointer,0,115,23,C,,,,33,08:00,65,54,
2007,PO,23,227,387,CSK,PAQO,"HOLDEN, JON ROBERT",3FGA,Missed Three Pointer,0,-448,510,J,,,,34,07:00,65,54,
2007,PO,23,227,389,CSK,PAKT,"ANDERSEN, DAVID",2FGM,Two Pointer,2,-407,417,E,,,,34,07:00,67,54,
2007,PO,23,227,391,OLY,PJDR,"TEODOSIC, MILOS",3FGA,Missed Three Pointer,0,666,787,G,,,,34,07:00,67,54,
2007,PO,23,227,394,CSK,PAKT,"ANDERSEN, DAVID",2FGM,Two Pointer,2,561,61,B,,,,35,06:00,69,54,
2007,PO,23,227,407,OLY,PCRR,"GREER, LYNN",3FGA,Missed Three Pointer,0,546,392,A,,,,35,06:00,69,54,
2007,PO,23,227,415,OLY,PAMM,"PRINTEZIS, GEORGIOS",3FGA,Missed Three Pointer,0,546,394,A,,,,36,05:00,69,54,
2007,PO,23,227,419,CSK,PJMM,"SISKAUSKAS, RAMUNAS",3FGM,Three Pointer,3,656,-23,A,,,,36,05:00,72,54,
2007,PO,23,227,428,OLY,PAMM,"PRINTEZIS, GEORGIOS",2FGA,Missed Two Pointer,0,-7,276,D,,,,37,04:00,72,54,
2007,PO,23,227,432,CSK,PATW,"PAPALOUKAS, THEODOROS",2FGM,Two Pointer,2,-61,-5,D,,,,37,04:00,74,54,
2007,PO,23,227,437,OLY,PJRF,"VASILOPOULOS, PANAGIOTIS",FTM,Free Throw In,1,-1,-1, ,,,,38,03:00,74,55,
2007,PO,23,227,440,CSK,PAUC,"GOREE, MARCUS",2FGA,Missed Two Pointer,0,-105,187,D,,,,38,03:00,74,55,
2007,PO,23,227,444,CSK,PAUC,"GOREE, MARCUS",2FGM,Two Pointer,2,-2,2,D,,,,39,02:00,76,55,
2007,PO,23,227,449,OLY,PAMM,"PRINTEZIS, GEORGIOS",2FGA,Missed Two Pointer,0,287,156,B,,,,39,02:00,76,55,
2007,PO,23,227,457,CSK,PATW,"PAPALOUKAS, THEODOROS",FTM,Free Throw In,1,-1,-1, ,,,,39,02:00,77,55,
2007,PO,23,227,458,CSK,PATW,"PAPALOUKAS, THEODOROS",FTM,Free Throw In,1,-1,-1, ,,,,39,02:00,78,55,
2007,PO,23,227,461,OLY,PJRF,"VASILOPOULOS, PANAGIOTIS",FTM,Free Throw In,1,-1,-1, ,,,,39,02:00,78,56,
2007,PO,23,227,466,OLY,PAMM,"PRINTEZIS, GEORGIOS",2FGA,Missed Two Pointer,0,-579,-17,E,,,,40,01:00,78,56,
2007,PO,23,227,468,CSK,PKVZ,"SHVED, ALEXEY",3FGM,Three Pointer,3,602,284,A,,,,40,01:00,81,56,
2007,PO,23,227,470,OLY,PJRF,"VASILOPOULOS, PANAGIOTIS",3FGA,Missed Three Pointer,0,664,12,A,,,,40,01:00,81,56,
2007,PO,23,227,472,CSK,PJEQ,"KASHIROV, ANATOLY",2FGA,Missed Two Pointer,0,-123,28,D,,,,40,01:00,81,56,
2007,PO,23,227,474,OLY,PCRR,"GREER, LYNN",3FGA,Missed Three Pointer,0,-356,551,J,,,,40,01:00,81,56,
2007,FF,24,228,3,SIE,PCCA,"THORNTON, BOOTSY",3FGA,Missed Three Pointer,0,294,623,G,,,,1,10:00,0,0,
2007,FF,24,228,5,SIE,PLMO,"SATO, ROMAIN",2FGA,Missed Two Pointer,0,89,87,C,,,,1,10:00,0,0,
2007,FF,24,228,7,SIE,PCQO,"EZE, BENJAMIN",2FGM,Two Pointer,2,43,35,C,,,,1,10:00,2,0,
2007,FF,24,228,9,TEL,PCQD,"CUMMINGS, VONTEEGO",3FGA,Missed Three Pointer,0,207,682,G,,,,2,09:00,2,0,
2007,FF,24,228,11,SIE,PJOC,"STONEROOK, SHAUN",3FGA,Missed Three Pointer,0,274,625,G,,,,2,09:00,2,0,
2007,FF,24,228,19,TEL,PLTS,"MORRIS, TERENCE",3FGA,Missed Three Pointer,0,-676,87,F,,,,2,09:00,2,0,
2007,FF,24,228,25,SIE,PKWI,"MCINTYRE, TERRELL",3FGM,Three Pointer,3,-561,420,F,,,,3,08:00,5,0,
2007,FF,24,228,26,TEL,PAOZ,"HALPERIN, YOTAM",3FGA,Missed Three Pointer,0,600,446,G,,,,3,08:00,5,0,
2007,FF,24,228,28,SIE,PKWI,"MCINTYRE, TERRELL",3FGM,Three Pointer,3,207,633,G,,,,3,08:00,8,0,
2007,FF,24,228,30,TEL,PLTS,"MORRIS, TERENCE",2FGM,Two Pointer,2,71,94,C,,,,4,07:00,8,2,
2007,FF,24,228,31,SIE,PCCA,"THORNTON, BOOTSY",3FGA,Missed Three Pointer,0,-369,615,J,,,,4,07:00,8,2,
2007,FF,24,228,37,TEL,PJFO,"CASSPI, OMRI",2FGA,Missed Two Pointer,0,56,366,C,,,,4,07:00,8,2,
2007,FF,24,228,42,SIE,PCQO,"EZE, BENJAMIN",2FGA,Missed Two Pointer,0,-379,187,E,,,,5,06:00,8,2,
2007,FF,24,228,54,SIE,PKWI,"MCINTYRE, TERRELL",3FGA,Missed Three Pointer,0,-53,689,J,,,,5,06:00,8,2,
2007,FF,24,228,56,SIE,PBLH,"LAVRINOVIC, KSISTOF",2FGA,Missed Two Pointer,0,28,79,C,,,,5,06:00,8,2,
2007,FF,24,228,58,TEL,PAPB,"VUJCIC, NIKOLA",2FGAB,Missed Two Pointer,0,-89,48,D,,,,5,06:00,8,2,
2007,FF,24,228,62,TEL,PLFR,"BYNUM, WILL",3FGA,Missed Three Pointer,0,366,597,G,,,,5,06:00,8,2,
2007,FF,24,228,64,TEL,PAPB,"VUJCIC, NIKOLA",2FGA,Missed Two Pointer,0,358,258,B,,,,5,06:00,8,2,
2007,FF,24,228,66,SIE,PJOC,"STONEROOK, SHAUN",3FGA,Missed Three Pointer,0,2,671,G,,,,5,06:00,8,2,
2007,FF,24,228,76,TEL,PLFR,"BYNUM, WILL",2FGM,Two Pointer,2,53,82,C,,,,6,05:00,8,4,
2007,FF,24,228,78,SIE,PCCA,"THORNTON, BOOTSY",2FGM,Two Pointer,2,-51,53,D,,,,6,05:00,10,4,
2007,FF,24,228,80,TEL,PDHD,"BATISTA, ESTEBAN",2FGA,Missed Two Pointer,0,71,102,C,,,,7,04:00,10,4,
2007,FF,24,228,82,SIE,PLMO,"SATO, ROMAIN",2FGAB,Missed Two Pointer,0,69,102,C,,,,7,04:00,10,4,
2007,FF,24,228,87,SIE,PJOC,"STONEROOK, SHAUN",3FGM,Three Pointer,3,-384,589,J,,,,7,04:00,13,4,
2007,FF,24,228,88,TEL,PBES,"BLUTHENTHAL, DAVID",3FGA,Missed Three Pointer,0,543,428,G,,,,7,04:00,13,4,
2007,FF,24,228,94,SIE,PKWI,"MCINTYRE, TERRELL",3FGA,Missed Three Pointer,0,-92,676,J,,,,8,03:00,13,4,
2007,FF,24,228,100,SIE,PBLH,"LAVRINOVIC, KSISTOF",FTM,Free Throw In,1,-1,-1, ,,,,8,03:00,14,4,
2007,FF,24,228,104,TEL,PDHD,"BATISTA, ESTEBAN",2FGM,Two Pointer,2,38,61,C,,,,8,03:00,14,6,
2007,FF,24,228,106,SIE,PBLH,"LAVRINOVIC, KSISTOF",2FGM,Two Pointer,2,-33,64,D,,,,9,02:00,16,6,
2007,FF,24,228,107,TEL,PLFR,"BYNUM, WILL",2FGA,Missed Two Pointer,0,94,87,C,,,,9,02:00,16,6,
2007,FF,24,228,115,SIE,PKWI,"MCINTYRE, TERRELL",FTM,Free Throw In,1,-1,-1, ,,,,9,02:00,17,6,
2007,FF,24,228,116,SIE,PKWI,"MCINTYRE, TERRELL",FTM,Free Throw In,1,-1,-1, ,,,,9,02:00,18,6,
2007,FF,24,228,123,SIE,PLMO,"SATO, ROMAIN",3FGA,Missed Three Pointer,0,-241,651,J,,,,10,01:00,18,6,
2007,FF,24,228,126,TEL,PLTS,"MORRIS, TERENCE",2FGM,Two Pointer,2,66,74,C,,,,10,01:00,18,8,
2007,FF,24,228,127,SIE,PLMO,"SATO, ROMAIN",2FGM,Two Pointer,2,-56,74,D,,,,10,01:00,20,8,
2007,FF,24,228,128,TEL,PBES,"BLUTHENTHAL, DAVID",3FGA,Missed Three Pointer,0,-179,656,J,,,,10,01:00,20,8,
2007,FF,24,228,133,TEL,PBES,"BLUTHENTHAL, DAVID",2FGA,Missed Two Pointer,0,71,74,C,,,,11,10:00,20,8,
2007,FF,24,228,141,SIE,PLMO,"SATO, ROMAIN",FTM,Free Throw In,1,-1,-1, ,,,,11,10:00,21,8,
2007,FF,24,228,142,SIE,PLMO,"SATO, ROMAIN",FTM,Free Throw In,1,-1,-1, ,,,,11,10:00,22,8,
2007,FF,24,228,143,TEL,PLGD,"ELIYAHU, LIOR",2FGM,Two Pointer,2,-2,2,D,,,,11,10:00,22,10,
2007,FF,24,228,145,SIE,P000754,"DIENER, DRAKE",3FGA,Missed Three Pointer,0,-538,502,J,,,,12,09:00,22,10,
2007,FF,24,228,152,SIE,PKWI,"MCINTYRE, TERRELL",FTM,Free Throw In,1,-1,-1, ,,,,12,09:00,23,10,
2007,FF,24,228,153,SIE,PKWI,"MCINTYRE, TERRELL",FTM,Free Throw In,1,-1,-1, ,,,,12,09:00,24,10,
2007,FF,24,228,154,SIE,PBLH,"LAVRINOVIC, KSISTOF",2FGAB,Missed Two Pointer,0,69,41,C,,,,12,09:00,24,10,
2007,FF,24,228,158,TEL,PLFR,"BYNUM, WILL",2FGM,Two Pointer,2,46,76,C,,,,12,09:00,24,12,
2007,FF,24,228,159,SIE,PKWI,"MCINTYRE, TERRELL",3FGM,Three Pointer,3,374,617,G,,,,12,09:00,27,12,
2007,FF,24,228,168,TEL,PLGD,"ELIYAHU, LIOR",2FGM,Two Pointer,2,-2,0,D,,,,13,08:00,27,14,
2007,FF,24,228,169,SIE,PBLH,"LAVRINOVIC, KSISTOF",2FGA,Missed Two Pointer,0,-248,451,I,,,,13,08:00,27,14,
2007,FF,24,228,171,SIE,PCCA,"THORNTON, BOOTSY",2FGA,Missed Two Pointer,0,71,64,C,,,,13,08:00,27,14,
2007,FF,24,228,173,TEL,PAOY,"BURSTEIN, TAL",3FGA,Missed Three Pointer,0,487,510,G,,,,13,08:00,27,14,
2007,FF,24,228,181,SIE,PBLH,"LAVRINOVIC, KSISTOF",2FGM,Two Pointer,2,-2,10,D,,,,14,07:00,29,14,
2007,FF,24,228,188,TEL,PLFR,"BYNUM, WILL",2FGA,Missed Two Pointer,0,130,115,C,,,,14,07:00,29,14,
2007,FF,24,228,190,SIE,P000717,"ROMERO, HECTOR",2FGA,Missed Two Pointer,0,66,74,C,,,,14,07:00,29,14,
2007,FF,24,228,192,SIE,PLMO,"SATO, ROMAIN",2FGM,Two Pointer,2,43,53,C,,,,14,07:00,31,14,
2007,FF,24,228,197,TEL,PLGD,"ELIYAHU, LIOR",2FGM,Two Pointer,2,5,87,C,,,,15,06:00,31,16,
2007,FF,24,228,203,SIE,PLMO,"SATO, ROMAIN",FTM,Free Throw In,1,-1,-1, ,,,,15,06:00,32,16,
2007,FF,24,228,204,SIE,PLMO,"SATO, ROMAIN",FTM,Free Throw In,1,-1,-1, ,,,,15,06:00,33,16,
2007,FF,24,228,206,TEL,PAOZ,"HALPERIN, YOTAM",2FGM,Two Pointer,2,28,76,C,,,,15,06:00,33,18,
2007,FF,24,228,207,SIE,PAPS,"ILIEVSKI, VLADO",3FGM,Three Pointer,3,-200,646,J,,,,15,06:00,36,18,
2007,FF,24,228,209,TEL,PBES,"BLUTHENTHAL, DAVID",2FGM,Two Pointer,2,-166,133,D,,,,16,05:00,36,20,
2007,FF,24,228,210,SIE,PCCA,"THORNTON, BOOTSY",3FGA,Missed Three Pointer,0,-353,574,J,,,,16,05:00,36,20,
2007,FF,24,228,211,SIE,PAPS,"ILIEVSKI, VLADO",2FGA,Missed Two Pointer,0,-48,76,D,,,,16,05:00,36,20,
2007,FF,24,228,212,SIE,PAPS,"ILIEVSKI, VLADO",2FGAB,Missed Two Pointer,0,-15,117,D,,,,16,05:00,36,20,
2007,FF,24,228,216,SIE,PCCA,"THORNTON, BOOTSY",3FGA,Missed Three Pointer,0,300,651,G,,,,16,05:00,36,20,
2007,FF,24,228,219,SIE,P000754,"DIENER, DRAKE",3FGA,Missed Three Pointer,0,374,625,G,,,,16,05:00,36,20,
2007,FF,24,228,222,SIE,PAPS,"ILIEVSKI, VLADO",3FGA,Missed Three Pointer,0,312,615,G,,,,17,04:00,36,20,
2007,FF,24,228,224,TEL,PLGD,"ELIYAHU, LIOR",2FGM,Two Pointer,2,28,87,C,,,,17,04:00,36,22,
2007,FF,24,228,236,SIE,PLMK,"CARRARETTO, MARCO",3FGA,Missed Three Pointer,0,412,558,G,,,,17,04:00,36,22,
2007,FF,24,228,238,SIE,PBLH,"LAVRINOVIC, KSISTOF",2FGM,Two Pointer,2,-76,269,D,,,,17,04:00,38,22,
2007,FF,24,228,241,TEL,PAOU,"SHARP, DERRICK",3FGM,Three Pointer,3,-630,233,F,,,,18,03:00,38,25,
2007,FF,24,228,242,SIE,PBLH,"LAVRINOVIC, KSISTOF",3FGA,Missed Three Pointer,0,335,589,G,,,,18,03:00,38,25,
2007,FF,24,228,244,SIE,PBLH,"LAVRINOVIC, KSISTOF",3FGAB,Missed Three Pointer,0,287,630,G,,,,18,03:00,38,25,
2007,FF,24,228,247,SIE,PBLH,"LAVRINOVIC, KSISTOF",3FGA,Missed Three Pointer,0,305,638,G,,,,18,03:00,38,25,
2007,FF,24,228,249,TEL,PLTS,"MORRIS, TERENCE",3FGM,Three Pointer,3,294,628,G,,,,18,03:00,38,28,
2007,FF,24,228,251,SIE,PAPS,"ILIEVSKI, VLADO",2FGM,Two Pointer,2,-351,346,E,,,,19,02:00,40,28,
2007,FF,24,228,256,TEL,P000615,"GARCIA, ALEX",FTM,Free Throw In,1,-1,-1, ,,,,19,02:00,40,29,
2007,FF,24,228,261,TEL,PAOZ,"HALPERIN, YOTAM",2FGM,Two Pointer,2,-53,110,D,,,,19,02:00,40,31,
2007,FF,24,228,263,SIE,PKWI,"MCINTYRE, TERRELL",3FGM,Three Pointer,3,-461,500,J,,,,20,01:00,43,31,
2007,FF,24,228,266,TEL,PLTS,"MORRIS, TERENCE",2FGM,Two Pointer,2,2,2,D,,,,20,01:00,43,33,
2007,FF,24,228,268,SIE,PBLH,"LAVRINOVIC, KSISTOF",2FGM,Two Pointer,2,-12,71,D,,,,20,01:00,45,33,
2007,FF,24,228,280,SIE,PKWI,"MCINTYRE, TERRELL",3FGA,Missed Three Pointer,0,382,592,G,,,,21,10:00,45,33,
2007,FF,24,228,282,TEL,P000615,"GARCIA, ALEX",2FGM,Two Pointer,2,-46,197,D,,,,21,10:00,45,35,
2007,FF,24,228,283,SIE,PLMO,"SATO, ROMAIN",2FGA,Missed Two Pointer,0,379,120,B,,,,21,10:00,45,35,
2007,FF,24,228,288,SIE,PCCA,"THORNTON, BOOTSY",2FGM,Two Pointer,2,53,79,C,,,,21,10:00,47,35,
2007,FF,24,228,294,SIE,PCCA,"THORNTON, BOOTSY",3FGA,Missed Three Pointer,0,-594,369,F,,,,22,09:00,47,35,
2007,FF,24,228,297,TEL,PAOU,"SHARP, DERRICK",3FGA,Missed Three Pointer,0,-607,405,F,,,,22,09:00,47,35,
2007,FF,24,228,300,SIE,PCCA,"THORNTON, BOOTSY",3FGA,Missed Three Pointer,0,576,464,G,,,,23,08:00,47,35,
2007,FF,24,228,305,SIE,PKWI,"MCINTYRE, TERRELL",3FGM,Three Pointer,3,546,425,A,,,,23,08:00,50,35,
2007,FF,24,228,307,TEL,PLTS,"MORRIS, TERENCE",2FGM,Two Pointer,2,35,89,C,,,,23,08:00,50,37,
2007,FF,24,228,313,TEL,PAOU,"SHARP, DERRICK",FTM,Free Throw In,1,-1,-1, ,,,,24,07:00,50,38,
2007,FF,24,228,314,TEL,PAOU,"SHARP, DERRICK",FTM,Free Throw In,1,-1,-1, ,,,,24,07:00,50,39,
2007,FF,24,228,317,TEL,PLGD,"ELIYAHU, LIOR",2FGA,Missed Two Pointer,0,35,156,C,,,,24,07:00,50,39,
2007,FF,24,228,319,TEL,PLTS,"MORRIS, TERENCE",2FGA,Missed Two Pointer,0,15,94,C,,,,24,07:00,50,39,
2007,FF,24,228,324,SIE,PKWI,"MCINTYRE, TERRELL",2FGM,Two Pointer,2,-38,58,D,,,,24,07:00,52,39,
2007,FF,24,228,331,SIE,PCCA,"THORNTON, BOOTSY",2FGM,Two Pointer,2,-74,69,D,,,,25,06:00,54,39,
2007,FF,24,228,334,TEL,P000615,"GARCIA, ALEX",FTM,Free Throw In,1,-1,-1, ,,,,25,06:00,54,40,
2007,FF,24,228,335,TEL,P000615,"GARCIA, ALEX",FTM,Free Throw In,1,-1,-1, ,,,,25,06:00,54,41,
2007,FF,24,228,337,SIE,PKWI,"MCINTYRE, TERRELL",3FGA,Missed Three Pointer,0,494,494,G,,,,26,05:00,54,41,
2007,FF,24,228,339,TEL,PDHD,"BATISTA, ESTEBAN",2FGA,Missed Two Pointer,0,89,25,C,,,,26,05:00,54,41,
2007,FF,24,228,341,SIE,PKWI,"MCINTYRE, TERRELL",3FGA,Missed Three Pointer,0,-320,674,J,,,,26,05:00,54,41,
2007,FF,24,228,343,TEL,P000615,"GARCIA, ALEX",3FGA,Missed Three Pointer,0,107,702,G,,,,26,05:00,54,41,
2007,FF,24,228,358,TEL,PAOU,"SHARP, DERRICK",3FGM,Three Pointer,3,671,100,A,,,,26,05:00,54,44,
2007,FF,24,228,361,SIE,PLMO,"SATO, ROMAIN",3FGM,Three Pointer,3,258,702,G,,,,27,04:00,57,44,
2007,FF,24,228,362,TEL,P000615,"GARCIA, ALEX",2FGM,Two Pointer,2,-84,112,D,,,,27,04:00,57,46,
2007,FF,24,228,367,SIE,PKWI,"MCINTYRE, TERRELL",3FGA,Missed Three Pointer,0,56,730,G,,,,27,04:00,57,46,
2007,FF,24,228,370,TEL,PAOU,"SHARP, DERRICK",3FGM,Three Pointer,3,676,53,A,,,,27,04:00,57,49,
2007,FF,24,228,377,SIE,PCCA,"THORNTON, BOOTSY",FTM,Free Throw In,1,-1,-1, ,,,,28,03:00,58,49,
2007,FF,24,228,380,TEL,PLFR,"BYNUM, WILL",3FGA,Missed Three Pointer,0,-671,184,F,,,,28,03:00,58,49,
2007,FF,24,228,386,SIE,PLMO,"SATO, ROMAIN",FTM,Free Throw In,1,-1,-1, ,,,,28,03:00,59,49,
2007,FF,24,228,387,SIE,PLMO,"SATO, ROMAIN",FTM,Free Throw In,1,-1,-1, ,,,,28,03:00,60,49,
2007,FF,24,228,393,TEL,P000615,"GARCIA, ALEX",FTM,Free Throw In,1,-1,-1, ,,,,28,03:00,60,50,
2007,FF,24,228,394,TEL,P000615,"GARCIA, ALEX",FTM,Free Throw In,1,-1,-1, ,,,,28,03:00,60,51,
2007,FF,24,228,396,SIE,PBLH,"LAVRINOVIC, KSISTOF",3FGA,Missed Three Pointer,0,425,584,G,,,,29,02:00,60,51,
2007,FF,24,228,398,TEL,PBES,"BLUTHENTHAL, DAVID",3FGM,Three Pointer,3,-471,515,J,,,,29,02:00,60,54,
2007,FF,24,228,401,SIE,PLMO,"SATO, ROMAIN",FTM,Free Throw In,1,-1,-1, ,,,,29,02:00,61,54,
2007,FF,24,228,402,SIE,PLMO,"SATO, ROMAIN",FTM,Free Throw In,1,-1,-1, ,,,,29,02:00,62,54,
2007,FF,24,228,404,TEL,PBES,"BLUTHENTHAL, DAVID",2FGA,Missed Two Pointer,0,248,500,H,,,,29,02:00,62,54,
2007,FF,24,228,408,SIE,PLMK,"CARRARETTO, MARCO",3FGA,Missed Three Pointer,0,323,633,G,,,,29,02:00,62,54,
2007,FF,24,228,410,SIE,PLMO,"SATO, ROMAIN",2FGA,Missed Two Pointer,0,-23,107,D,,,,29,02:00,62,54,
2007,FF,24,228,414,SIE,PLMO,"SATO, ROMAIN",FTM,Free Throw In,1,-1,-1, ,,,,29,02:00,63,54,
2007,FF,24,228,415,SIE,PLMO,"SATO, ROMAIN",FTM,Free Throw In,1,-1,-1, ,,,,29,02:00,64,54,
2007,FF,24,228,418,TEL,PAPB,"VUJCIC, NIKOLA",2FGM,Two Pointer,2,-46,92,D,,,,30,01:00,64,56,
2007,FF,24,228,423,SIE,PLMO,"SATO, ROMAIN",3FGA,Missed Three Pointer,0,-289,617,J,,,,30,01:00,64,56,
2007,FF,24,228,427,TEL,PAOU,"SHARP, DERRICK",FTM,Free Throw In,1,-1,-1, ,,,,30,01:00,64,57,
2007,FF,24,228,428,TEL,PAOU,"SHARP, DERRICK",FTM,Free Throw In,1,-1,-1, ,,,,30,01:00,64,58,
2007,FF,24,228,430,TEL,P000615,"GARCIA, ALEX",3FGM,Three Pointer,3,2,679,G,,,,30,01:00,64,61,
2007,FF,24,228,431,SIE,PKWI,"MCINTYRE, TERRELL",3FGA,Missed Three Pointer,0,-169,669,J,,,,30,01:00,64,61,
2007,FF,24,228,438,TEL,PAPB,"VUJCIC, NIKOLA",2FGA,Missed Two Pointer,0,156,87,C,,,,31,10:00,64,61,
2007,FF,24,228,440,TEL,PAPB,"VUJCIC, NIKOLA",2FGA,Missed Two Pointer,0,76,128,C,,,,31,10:00,64,61,
2007,FF,24,228,443,TEL,PBES,"BLUTHENTHAL, DAVID",3FGM,Three Pointer,3,-566,407,F,,,,31,10:00,64,64,
2007,FF,24,228,448,SIE,PAPS,"ILIEVSKI, VLADO",3FGA,Missed Three Pointer,0,-497,451,J,,,,31,10:00,64,64,
2007,FF,24,228,452,TEL,PLFR,"BYNUM, WILL",2FGA,Missed Two Pointer,0,56,200,C,,,,31,10:00,64,64,
2007,FF,24,228,454,SIE,PAPS,"ILIEVSKI, VLADO",2FGA,Missed Two Pointer,0,-110,174,D,,,,31,10:00,64,64,
2007,FF,24,228,457,TEL,P000615,"GARCIA, ALEX",2FGA,Missed Two Pointer,0,120,156,C,,,,32,09:00,64,64,
2007,FF,24,228,459,SIE,P000754,"DIENER, DRAKE",3FGA,Missed Three Pointer,0,512,574,G,,,,32,09:00,64,64,
2007,FF,24,228,462,TEL,PLFR,"BYNUM, WILL",3FGM,Three Pointer,3,484,543,G,,,,33,08:00,64,67,
2007,FF,24,228,464,SIE,PBLH,"LAVRINOVIC, KSISTOF",2FGM,Two Pointer,2,-48,92,D,,,,33,08:00,66,67,
2007,FF,24,228,467,TEL,PBES,"BLUTHENTHAL, DAVID",3FGM,Three Pointer,3,682,100,A,,,,34,07:00,66,70,
2007,FF,24,228,468,SIE,PAPS,"ILIEVSKI, VLADO",3FGA,Missed Three Pointer,0,-300,664,J,,,,34,07:00,66,70,
2007,FF,24,228,470,SIE,PBLH,"LAVRINOVIC, KSISTOF",2FGM,Two Pointer,2,-176,374,D,,,,34,07:00,68,70,
2007,FF,24,228,472,TEL,PLFR,"BYNUM, WILL",2FGA,Missed Two Pointer,0,12,217,C,,,,35,06:00,68,70,
2007,FF,24,228,474,SIE,P000754,"DIENER, DRAKE",3FGA,Missed Three Pointer,0,-505,482,J,,,,35,06:00,68,70,
2007,FF,24,228,482,TEL,PAPB,"VUJCIC, NIKOLA",2FGA,Missed Two Pointer,0,-89,158,D,,,,35,06:00,68,70,
2007,FF,24,228,485,TEL,PAOZ,"HALPERIN, YOTAM",3FGM,Three Pointer,3,-656,210,F,,,,35,06:00,68,73,
2007,FF,24,228,489,TEL,PAOU,"SHARP, DERRICK",2FGM,Two Pointer,2,-571,12,E,,,,36,05:00,68,75,
2007,FF,24,228,490,SIE,PKWI,"MCINTYRE, TERRELL",3FGM,Three Pointer,3,415,556,G,,,,36,05:00,71,75,
2007,FF,24,228,491,SIE,PCCA,"THORNTON, BOOTSY",3FGM,Three Pointer,3,464,541,G,,,,36,05:00,74,75,
2007,FF,24,228,499,SIE,PLMO,"SATO, ROMAIN",2FGA,Missed Two Pointer,0,12,130,C,,,,37,04:00,74,75,
2007,FF,24,228,502,TEL,P000615,"GARCIA, ALEX",3FGM,Three Pointer,3,-617,351,F,,,,37,04:00,74,78,
2007,FF,24,228,504,SIE,PBLH,"LAVRINOVIC, KSISTOF",2FGM,Two Pointer,2,92,189,C,,,,38,03:00,76,78,
2007,FF,24,228,505,TEL,P000615,"GARCIA, ALEX",3FGA,Missed Three Pointer,0,-646,274,F,,,,38,03:00,76,78,
2007,FF,24,228,512,SIE,PBLH,"LAVRINOVIC, KSISTOF",FTM,Free Throw In,1,-1,-1, ,,,,38,03:00,77,78,
2007,FF,24,228,513,SIE,PBLH,"LAVRINOVIC, KSISTOF",FTM,Free Throw In,1,-1,-1, ,,,,38,03:00,78,78,
2007,FF,24,228,515,TEL,PLFR,"BYNUM, WILL",2FGM,Two Pointer,2,51,53,C,,,,39,02:00,78,80,
2007,FF,24,228,518,TEL,PLFR,"BYNUM, WILL",FTM,Free Throw In,1,-1,-1, ,,,,39,02:00,78,81,
2007,FF,24,228,519,SIE,PBLH,"LAVRINOVIC, KSISTOF",2FGA,Missed Two Pointer,0,325,310,B,,,,39,02:00,78,81,
2007,FF,24,228,524,TEL,PLTS,"MORRIS, TERENCE",2FGM,Two Pointer,2,-2,10,D,,,,39,02:00,78,83,
2007,FF,24,228,525,SIE,PLMO,"SATO, ROMAIN",3FGA,Missed Three Pointer,0,666,128,A,,,,39,02:00,78,83,
2007,FF,24,228,527,SIE,PJOC,"STONEROOK, SHAUN",2FGA,Missed Two Pointer,0,76,41,C,,,,39,02:00,78,83,
2007,FF,24,228,532,TEL,P000615,"GARCIA, ALEX",FTM,Free Throw In,1,-1,-1, ,,,,39,02:00,78,84,
2007,FF,24,228,533,TEL,P000615,"GARCIA, ALEX",FTM,Free Throw In,1,-1,-1, ,,,,39,02:00,78,85,
2007,FF,24,228,534,SIE,PKWI,"MCINTYRE, TERRELL",3FGA,Missed Three Pointer,0,-348,633,J,,,,39,02:00,78,85,
2007,FF,24,228,541,TEL,P000615,"GARCIA, ALEX",FTM,Free Throw In,1,-1,-1, ,,,,39,02:00,78,86,
2007,FF,24,228,542,TEL,P000615,"GARCIA, ALEX",FTM,Free Throw In,1,-1,-1, ,,,,39,02:00,78,87,
2007,FF,24,228,545,SIE,PKWI,"MCINTYRE, TERRELL",FTM,Free Throw In,1,-1,-1, ,,,,39,02:00,79,87,
2007,FF,24,228,546,SIE,PKWI,"MCINTYRE, TERRELL",FTM,Free Throw In,1,-1,-1, ,,,,39,02:00,80,87,
2007,FF,24,228,549,TEL,PLTS,"MORRIS, TERENCE",2FGA,Missed Two Pointer,0,0,133,D,,,,40,01:00,80,87,
2007,FF,24,228,553,TEL,PLFR,"BYNUM, WILL",FTM,Free Throw In,1,-1,-1, ,,,,40,01:00,80,88,
2007,FF,24,228,554,TEL,PLFR,"BYNUM, WILL",FTM,Free Throw In,1,-1,-1, ,,,,40,01:00,80,89,
2007,FF,24,228,560,TEL,PLFR,"BYNUM, WILL",FTM,Free Throw In,1,-1,-1, ,,,,40,01:00,80,90,
2007,FF,24,228,563,SIE,PJOC,"STONEROOK, SHAUN",3FGA,Missed Three Pointer,0,-497,476,J,,,,40,01:00,80,90,
2007,FF,24,228,565,SIE,PJOC,"STONEROOK, SHAUN",2FGM,Two Pointer,2,-58,69,D,,,,40,01:00,82,90,
2007,FF,24,228,570,TEL,PAOU,"SHARP, DERRICK",FTM,Free Throw In,1,-1,-1, ,,,,40,01:00,82,91,
2007,FF,24,228,571,TEL,PAOU,"SHARP, DERRICK",FTM,Free Throw In,1,-1,-1, ,,,,40,01:00,82,92,
2007,FF,24,228,573,SIE,P000754,"DIENER, DRAKE",3FGM,Three Pointer,3,-694,0,F,,,,40,01:00,85,92,
2007,FF,24,228,576,SIE,P000754,"DIENER, DRAKE",3FGA,Missed Three Pointer,0,510,548,G,,,,40,01:00,85,92,
2007,FF,24,229,7,BAS,PANB,"RAKOCEVIC, IGOR",3FGA,Missed Three Pointer,0,223,669,G,,,,1,10:00,0,0,
2007,FF,24,229,9,CSK,PAKT,"ANDERSEN, DAVID",2FGM,Two Pointer,2,-269,82,E,,,,1,10:00,0,2,
2007,FF,24,229,13,BAS,PANB,"RAKOCEVIC, IGOR",2FGM,Two Pointer,2,179,97,C,,,,1,10:00,2,2,
2007,FF,24,229,15,CSK,PALC,"SMODIS, MATJAZ",2FGM,Two Pointer,2,64,525,H,,,,2,09:00,2,4,
2007,FF,24,229,18,BAS,PAFP,"PLANINIC, ZORAN",2FGM,Two Pointer,2,0,112,D,,,,2,09:00,4,4,
2007,FF,24,229,19,CSK,PAQO,"HOLDEN, JON ROBERT",2FGA,Missed Two Pointer,0,-23,166,D,,,,2,09:00,4,4,
2007,FF,24,229,24,CSK,PJMM,"SISKAUSKAS, RAMUNAS",2FGM,Two Pointer,2,15,87,C,,,,3,08:00,4,6,
2007,FF,24,229,30,BAS,PJTT,"MCDONALD, WILL",2FGM,Two Pointer,2,-2,0,D,,,,4,07:00,6,6,
2007,FF,24,229,31,CSK,PALC,"SMODIS, MATJAZ",3FGA,Missed Three Pointer,0,46,684,G,,,,4,07:00,6,6,
2007,FF,24,229,33,BAS,PANB,"RAKOCEVIC, IGOR",2FGM,Two Pointer,2,0,497,I,,,,4,07:00,8,6,
2007,FF,24,229,37,BAS,PANB,"RAKOCEVIC, IGOR",FTM,Free Throw In,1,-1,-1, ,,,,4,07:00,9,6,
2007,FF,24,229,38,CSK,PBEB,"LANGDON, TRAJAN",3FGA,Missed Three Pointer,0,-512,492,J,,,,4,07:00,9,6,
2007,FF,24,229,41,CSK,PJMM,"SISKAUSKAS, RAMUNAS",2FGM,Two Pointer,2,64,64,C,,,,5,06:00,9,8,
2007,FF,24,229,43,CSK,PALC,"SMODIS, MATJAZ",3FGA,Missed Three Pointer,0,197,658,G,,,,5,06:00,9,8,
2007,FF,24,229,45,CSK,PJMM,"SISKAUSKAS, RAMUNAS",3FGM,Three Pointer,3,589,379,A,,,,5,06:00,9,11,
2007,FF,24,229,53,BAS,PAFP,"PLANINIC, ZORAN",FTM,Free Throw In,1,-1,-1, ,,,,6,05:00,10,11,
2007,FF,24,229,54,BAS,PAFP,"PLANINIC, ZORAN",FTM,Free Throw In,1,-1,-1, ,,,,6,05:00,11,11,
2007,FF,24,229,64,CSK,PAUC,"GOREE, MARCUS",FTM,Free Throw In,1,-1,-1, ,,,,6,05:00,11,12,
2007,FF,24,229,67,BAS,PCBY,"SPLITTER, TIAGO",2FGM,Two Pointer,2,-53,87,D,,,,6,05:00,13,12,
2007,FF,24,229,69,CSK,PAKT,"ANDERSEN, DAVID",2FGM,Two Pointer,2,-20,84,D,,,,7,04:00,13,14,
2007,FF,24,229,89,CSK,PAUC,"GOREE, MARCUS",2FGM,Two Pointer,2,71,69,C,,,,8,03:00,13,16,
2007,FF,24,229,95,BAS,PJWO,"MICKEAL, PETE",2FGA,Missed Two Pointer,0,-307,169,E,,,,8,03:00,13,16,
2007,FF,24,229,101,CSK,PATW,"PAPALOUKAS, THEODOROS",FTM,Free Throw In,1,-1,-1, ,,,,8,03:00,13,17,
2007,FF,24,229,102,CSK,PATW,"PAPALOUKAS, THEODOROS",FTM,Free Throw In,1,-1,-1, ,,,,8,03:00,13,18,
2007,FF,24,229,104,BAS,PJWO,"MICKEAL, PETE",2FGM,Two Pointer,2,-5,10,D,,,,9,02:00,15,18,
2007,FF,24,229,105,CSK,PJMM,"SISKAUSKAS, RAMUNAS",3FGA,Missed Three Pointer,0,-289,661,J,,,,9,02:00,15,18,
2007,FF,24,229,107,BAS,PCBY,"SPLITTER, TIAGO",2FGA,Missed Two Pointer,0,-58,92,D,,,,9,02:00,15,18,
2007,FF,24,229,110,CSK,PALC,"SMODIS, MATJAZ",3FGA,Missed Three Pointer,0,-679,205,F,,,,10,01:00,15,18,
2007,FF,24,229,113,BAS,PJZJ,"TELETOVIC, MIRZA",3FGM,Three Pointer,3,656,210,A,,,,10,01:00,18,18,
2007,FF,24,229,119,CSK,PALC,"SMODIS, MATJAZ",2FGM,Two Pointer,2,56,76,C,,,,10,01:00,18,20,
2007,FF,24,229,122,BAS,PJWO,"MICKEAL, PETE",2FGM,Two Pointer,2,502,300,B,,,,10,01:00,20,20,
2007,FF,24,229,129,BAS,PCBX,"PRIGIONI, PABLO",3FGA,Missed Three Pointer,0,435,541,G,,,,11,10:00,20,20,
2007,FF,24,229,148,BAS,PCBY,"SPLITTER, TIAGO",2FGM,Two Pointer,2,23,120,C,,,,12,09:00,22,20,
2007,FF,24,229,149,CSK,PALC,"SMODIS, MATJAZ",3FGA,Missed Three Pointer,0,684,117,A,,,,12,09:00,22,20,
2007,FF,24,229,151,BAS,PJZJ,"TELETOVIC, MIRZA",3FGA,Missed Three Pointer,0,25,684,G,,,,12,09:00,22,20,
2007,FF,24,229,154,BAS,PAJK,"VIDAL, SERGI",3FGA,Missed Three Pointer,0,420,556,G,,,,13,08:00,22,20,
2007,FF,24,229,156,CSK,PAQO,"HOLDEN, JON ROBERT",2FGA,Missed Two Pointer,0,-89,74,D,,,,13,08:00,22,20,
2007,FF,24,229,159,BAS,PCBY,"SPLITTER, TIAGO",2FGM,Two Pointer,2,0,110,D,,,,13,08:00,24,20,
2007,FF,24,229,166,CSK,PALC,"SMODIS, MATJAZ",3FGA,Missed Three Pointer,0,-492,458,J,,,,14,07:00,24,20,
2007,FF,24,229,174,CSK,PALC,"SMODIS, MATJAZ",2FGM,Two Pointer,2,-46,112,D,,,,14,07:00,24,22,
2007,FF,24,229,187,BAS,PCBY,"SPLITTER, TIAGO",FTM,Free Throw In,1,-1,-1, ,,,,15,06:00,25,22,
2007,FF,24,229,192,BAS,PAFP,"PLANINIC, ZORAN",FTM,Free Throw In,1,-1,-1, ,,,,15,06:00,26,22,
2007,FF,24,229,193,BAS,PAFP,"PLANINIC, ZORAN",FTM,Free Throw In,1,-1,-1, ,,,,15,06:00,27,22,
2007,FF,24,229,196,CSK,PALC,"SMODIS, MATJAZ",2FGM,Two Pointer,2,417,271,B,,,,15,06:00,27,24,
2007,FF,24,229,203,CSK,PALC,"SMODIS, MATJAZ",2FGA,Missed Two Pointer,0,-294,358,E,,,,16,05:00,27,24,
2007,FF,24,229,206,BAS,PANB,"RAKOCEVIC, IGOR",3FGM,Three Pointer,3,489,494,G,,,,16,05:00,30,24,
2007,FF,24,229,215,CSK,PALC,"SMODIS, MATJAZ",FTM,Free Throw In,1,-1,-1, ,,,,16,05:00,30,25,
2007,FF,24,229,217,BAS,PCBY,"SPLITTER, TIAGO",2FGA,Missed Two Pointer,0,-128,112,D,,,,17,04:00,30,25,
2007,FF,24,229,224,BAS,PJTT,"MCDONALD, WILL",FTM,Free Throw In,1,-1,-1, ,,,,17,04:00,31,25,
2007,FF,24,229,225,CSK,PALC,"SMODIS, MATJAZ",2FGAB,Missed Two Pointer,0,-15,107,D,,,,17,04:00,31,25,
2007,FF,24,229,227,CSK,PAQO,"HOLDEN, JON ROBERT",3FGM,Three Pointer,3,58,771,G,,,,17,04:00,31,28,
2007,FF,24,229,228,BAS,PAFP,"PLANINIC, ZORAN",3FGM,Three Pointer,3,-374,594,J,,,,17,04:00,34,28,
2007,FF,24,229,230,CSK,PALC,"SMODIS, MATJAZ",3FGA,Missed Three Pointer,0,638,289,A,,,,18,03:00,34,28,
2007,FF,24,229,232,CSK,PAQO,"HOLDEN, JON ROBERT",2FGM,Two Pointer,2,453,76,B,,,,18,03:00,34,30,
2007,FF,24,229,235,BAS,PANB,"RAKOCEVIC, IGOR",2FGA,Missed Two Pointer,0,461,197,B,,,,18,03:00,34,30,
2007,FF,24,229,238,CSK,PAQO,"HOLDEN, JON ROBERT",2FGAB,Missed Two Pointer,0,-87,110,D,,,,19,02:00,34,30,
2007,FF,24,229,242,CSK,PAUC,"GOREE, MARCUS",2FGA,Missed Two Pointer,0,-51,184,D,,,,19,02:00,34,30,
2007,FF,24,229,244,BAS,PANB,"RAKOCEVIC, IGOR",2FGA,Missed Two Pointer,0,84,164,C,,,,19,02:00,34,30,
2007,FF,24,229,246,BAS,PJTT,"MCDONALD, WILL",2FGM,Two Pointer,2,69,84,C,,,,19,02:00,36,30,
2007,FF,24,229,247,CSK,PATW,"PAPALOUKAS, THEODOROS",2FGA,Missed Two Pointer,0,84,100,C,,,,19,02:00,36,30,
2007,FF,24,229,251,BAS,PCBY,"SPLITTER, TIAGO",2FGM,Two Pointer,2,-2,215,D,,,,20,01:00,38,30,
2007,FF,24,229,252,CSK,PAQO,"HOLDEN, JON ROBERT",3FGM,Three Pointer,3,225,679,G,,,,20,01:00,38,33,
2007,FF,24,229,258,BAS,PCBY,"SPLITTER, TIAGO",FTM,Free Throw In,1,-1,-1, ,,,,20,01:00,39,33,
2007,FF,24,229,259,CSK,PBCQ,"KHRYAPA, VICTOR",3FGA,Missed Three Pointer,0,56,720,G,,,,20,01:00,39,33,
2007,FF,24,229,272,CSK,PJMM,"SISKAUSKAS, RAMUNAS",2FGM,Two Pointer,2,-38,87,D,,,,21,10:00,39,35,
2007,FF,24,229,277,BAS,PANB,"RAKOCEVIC, IGOR",2FGM,Two Pointer,2,251,466,H,,,,22,09:00,41,35,
2007,FF,24,229,278,CSK,PAKT,"ANDERSEN, DAVID",2FGM,Two Pointer,2,-25,97,D,,,,22,09:00,41,37,
2007,FF,24,229,279,BAS,PAFP,"PLANINIC, ZORAN",2FGM,Two Pointer,2,-138,253,D,,,,22,09:00,43,37,
2007,FF,24,229,283,CSK,PAQO,"HOLDEN, JON ROBERT",3FGM,Three Pointer,3,-530,433,J,,,,22,09:00,43,40,
2007,FF,24,229,288,CSK,PBEB,"LANGDON, TRAJAN",3FGM,Three Pointer,3,-638,223,F,,,,23,08:00,43,43,
2007,FF,24,229,290,BAS,PJTT,"MCDONALD, WILL",2FGA,Missed Two Pointer,0,287,192,B,,,,23,08:00,43,43,
2007,FF,24,229,294,CSK,PALC,"SMODIS, MATJAZ",FTM,Free Throw In,1,-1,-1, ,,,,23,08:00,43,44,
2007,FF,24,229,295,CSK,PALC,"SMODIS, MATJAZ",FTM,Free Throw In,1,-1,-1, ,,,,23,08:00,43,45,
2007,FF,24,229,299,BAS,PCBY,"SPLITTER, TIAGO",FTM,Free Throw In,1,-1,-1, ,,,,24,07:00,44,45,
2007,FF,24,229,303,CSK,PALC,"SMODIS, MATJAZ",2FGM,Two Pointer,2,30,79,C,,,,24,07:00,44,47,
2007,FF,24,229,306,CSK,PALC,"SMODIS, MATJAZ",FTM,Free Throw In,1,-1,-1, ,,,,24,07:00,44,48,
2007,FF,24,229,307,BAS,PJTT,"MCDONALD, WILL",2FGM,Two Pointer,2,-53,212,D,,,,24,07:00,46,48,
2007,FF,24,229,309,CSK,PJMM,"SISKAUSKAS, RAMUNAS",3FGA,Missed Three Pointer,0,-530,466,J,,,,25,06:00,46,48,
2007,FF,24,229,311,CSK,PBEB,"LANGDON, TRAJAN",2FGM,Two Pointer,2,10,107,C,,,,25,06:00,46,50,
2007,FF,24,229,319,CSK,PAQO,"HOLDEN, JON ROBERT",2FGA,Missed Two Pointer,0,-241,535,I,,,,25,06:00,46,50,
2007,FF,24,229,322,BAS,PJWO,"MICKEAL, PETE",2FGM,Two Pointer,2,-74,133,D,,,,26,05:00,48,50,
2007,FF,24,229,324,CSK,PAKT,"ANDERSEN, DAVID",2FGM,Two Pointer,2,482,310,B,,,,26,05:00,48,52,
2007,FF,24,229,325,BAS,PAFP,"PLANINIC, ZORAN",2FGM,Two Pointer,2,-64,69,D,,,,26,05:00,50,52,
2007,FF,24,229,335,BAS,PCBY,"SPLITTER, TIAGO",2FGM,Two Pointer,2,-58,117,D,,,,27,04:00,52,52,
2007,FF,24,229,339,CSK,PJMM,"SISKAUSKAS, RAMUNAS",FTM,Free Throw In,1,-1,-1, ,,,,27,04:00,52,53,
2007,FF,24,229,343,BAS,PJWO,"MICKEAL, PETE",2FGM,Two Pointer,2,200,133,C,,,,28,03:00,54,53,
2007,FF,24,229,348,CSK,PJMM,"SISKAUSKAS, RAMUNAS",FTM,Free Throw In,1,-1,-1, ,,,,28,03:00,54,54,
2007,FF,24,229,349,CSK,PJMM,"SISKAUSKAS, RAMUNAS",FTM,Free Throw In,1,-1,-1, ,,,,28,03:00,54,55,
2007,FF,24,229,354,BAS,PJTT,"MCDONALD, WILL",2FGM,Two Pointer,2,158,89,C,,,,28,03:00,56,55,
2007,FF,24,229,358,CSK,PATW,"PAPALOUKAS, THEODOROS",FTM,Free Throw In,1,-1,-1, ,,,,29,02:00,56,56,
2007,FF,24,229,359,CSK,PATW,"PAPALOUKAS, THEODOROS",FTM,Free Throw In,1,-1,-1, ,,,,29,02:00,56,57,
2007,FF,24,229,360,BAS,PCBX,"PRIGIONI, PABLO",3FGA,Missed Three Pointer,0,497,571,G,,,,29,02:00,56,57,
2007,FF,24,229,362,CSK,PAKT,"ANDERSEN, DAVID",3FGA,Missed Three Pointer,0,-484,600,J,,,,29,02:00,56,57,
2007,FF,24,229,365,BAS,PAJK,"VIDAL, SERGI",3FGA,Missed Three Pointer,0,71,694,G,,,,30,01:00,56,57,
2007,FF,24,229,367,CSK,PAQO,"HOLDEN, JON ROBERT",2FGA,Missed Two Pointer,0,-28,164,D,,,,30,01:00,56,57,
2007,FF,24,229,369,BAS,PCBX,"PRIGIONI, PABLO",3FGA,Missed Three Pointer,0,420,602,G,,,,30,01:00,56,57,
2007,FF,24,229,371,CSK,PAQO,"HOLDEN, JON ROBERT",3FGA,Missed Three Pointer,0,-315,615,J,,,,30,01:00,56,57,
2007,FF,24,229,381,BAS,PJZJ,"TELETOVIC, MIRZA",3FGA,Missed Three Pointer,0,-671,130,F,,,,31,10:00,56,57,
2007,FF,24,229,384,CSK,PALC,"SMODIS, MATJAZ",2FGA,Missed Two Pointer,0,112,158,C,,,,31,10:00,56,57,
2007,FF,24,229,386,BAS,PANB,"RAKOCEVIC, IGOR",2FGA,Missed Two Pointer,0,-428,89,E,,,,31,10:00,56,57,
2007,FF,24,229,391,CSK,PAQO,"HOLDEN, JON ROBERT",FTM,Free Throw In,1,-1,-1, ,,,,31,10:00,56,58,
2007,FF,24,229,392,CSK,PAQO,"HOLDEN, JON ROBERT",FTM,Free Throw In,1,-1,-1, ,,,,31,10:00,56,59,
2007,FF,24,229,396,CSK,PALC,"SMODIS, MATJAZ",3FGA,Missed Three Pointer,0,-41,682,J,,,,32,09:00,56,59,
2007,FF,24,229,399,BAS,PANB,"RAKOCEVIC, IGOR",3FGM,Three Pointer,3,-158,666,J,,,,32,09:00,59,59,
2007,FF,24,229,407,BAS,PJZJ,"TELETOVIC, MIRZA",3FGA,Missed Three Pointer,0,-671,202,F,,,,33,08:00,59,59,
2007,FF,24,229,411,CSK,PJMM,"SISKAUSKAS, RAMUNAS",3FGA,Missed Three Pointer,0,-669,182,F,,,,33,08:00,59,59,
2007,FF,24,229,419,BAS,PCBY,"SPLITTER, TIAGO",FTM,Free Throw In,1,-1,-1, ,,,,33,08:00,60,59,
2007,FF,24,229,420,BAS,PCBY,"SPLITTER, TIAGO",FTM,Free Throw In,1,-1,-1, ,,,,33,08:00,61,59,
2007,FF,24,229,422,CSK,PAQO,"HOLDEN, JON ROBERT",2FGM,Two Pointer,2,12,151,C,,,,34,07:00,61,61,
2007,FF,24,229,423,BAS,PANB,"RAKOCEVIC, IGOR",3FGA,Missed Three Pointer,0,-346,630,J,,,,34,07:00,61,61,
2007,FF,24,229,427,CSK,PAKT,"ANDERSEN, DAVID",2FGM,Two Pointer,2,-335,135,E,,,,34,07:00,61,63,
2007,FF,24,229,437,CSK,PBEB,"LANGDON, TRAJAN",FTM,Free Throw In,1,-1,-1, ,,,,35,06:00,61,64,
2007,FF,24,229,438,CSK,PBEB,"LANGDON, TRAJAN",FTM,Free Throw In,1,-1,-1, ,,,,35,06:00,61,65,
2007,FF,24,229,439,BAS,PCBX,"PRIGIONI, PABLO",3FGA,Missed Three Pointer,0,-320,623,J,,,,35,06:00,61,65,
2007,FF,24,229,441,CSK,PATW,"PAPALOUKAS, THEODOROS",2FGM,Two Pointer,2,89,156,C,,,,35,06:00,61,67,
2007,FF,24,229,446,BAS,PJWO,"MICKEAL, PETE",2FGA,Missed Two Pointer,0,-23,143,D,,,,36,05:00,61,67,
2007,FF,24,229,449,CSK,PATW,"PAPALOUKAS, THEODOROS",2FGM,Two Pointer,2,-7,-5,D,,,,36,05:00,61,69,
2007,FF,24,229,450,BAS,PAFP,"PLANINIC, ZORAN",2FGM,Two Pointer,2,182,223,C,,,,36,05:00,63,69,
2007,FF,24,229,451,CSK,PAKT,"ANDERSEN, DAVID",2FGM,Two Pointer,2,384,217,B,,,,36,05:00,63,71,
2007,FF,24,229,458,BAS,PJWO,"MICKEAL, PETE",3FGM,Three Pointer,3,566,410,A,,,,37,04:00,66,71,
2007,FF,24,229,462,CSK,PBEB,"LANGDON, TRAJAN",FTM,Free Throw In,1,-1,-1, ,,,,38,03:00,66,72,
2007,FF,24,229,463,CSK,PBEB,"LANGDON, TRAJAN",FTM,Free Throw In,1,-1,-1, ,,,,38,03:00,66,73,
2007,FF,24,229,468,BAS,PJZJ,"TELETOVIC, MIRZA",2FGA,Missed Two Pointer,0,-556,84,E,,,,38,03:00,66,73,
2007,FF,24,229,470,CSK,PALC,"SMODIS, MATJAZ",2FGA,Missed Two Pointer,0,87,117,C,,,,38,03:00,66,73,
2007,FF,24,229,472,CSK,PAKT,"ANDERSEN, DAVID",2FGM,Two Pointer,2,-292,276,E,,,,38,03:00,66,75,
2007,FF,24,229,477,BAS,PCBY,"SPLITTER, TIAGO",FTM,Free Throw In,1,-1,-1, ,,,,38,03:00,67,75,
2007,FF,24,229,478,BAS,PCBY,"SPLITTER, TIAGO",FTM,Free Throw In,1,-1,-1, ,,,,38,03:00,68,75,
2007,FF,24,229,479,CSK,PATW,"PAPALOUKAS, THEODOROS",2FGA,Missed Two Pointer,0,148,148,C,,,,38,03:00,68,75,
2007,FF,24,229,482,BAS,PAFP,"PLANINIC, ZORAN",3FGA,Missed Three Pointer,0,-335,638,J,,,,39,02:00,68,75,
2007,FF,24,229,484,CSK,PJMM,"SISKAUSKAS, RAMUNAS",2FGA,Missed Two Pointer,0,-51,128,D,,,,39,02:00,68,75,
2007,FF,24,229,486,CSK,PAKT,"ANDERSEN, DAVID",2FGM,Two Pointer,2,-5,7,D,,,,39,02:00,68,77,
2007,FF,24,229,492,BAS,PANB,"RAKOCEVIC, IGOR",FTM,Free Throw In,1,-1,-1, ,,,,39,02:00,69,77,
2007,FF,24,229,493,BAS,PANB,"RAKOCEVIC, IGOR",FTM,Free Throw In,1,-1,-1, ,,,,39,02:00,70,77,
2007,FF,24,229,496,CSK,PJMM,"SISKAUSKAS, RAMUNAS",FTM,Free Throw In,1,-1,-1, ,,,,39,02:00,70,78,
2007,FF,24,229,497,CSK,PJMM,"SISKAUSKAS, RAMUNAS",FTM,Free Throw In,1,-1,-1, ,,,,39,02:00,70,79,
2007,FF,24,229,500,BAS,PAFP,"PLANINIC, ZORAN",2FGM,Two Pointer,2,120,112,C,,,,40,01:00,72,79,
2007,FF,24,229,504,BAS,PCBX,"PRIGIONI, PABLO",3FGM,Three Pointer,3,584,410,A,,,,40,01:00,75,79,
2007,FF,24,229,509,CSK,PATW,"PAPALOUKAS, THEODOROS",FTM,Free Throw In,1,-1,-1, ,,,,40,01:00,75,80,
2007,FF,24,229,514,BAS,PANB,"RAKOCEVIC, IGOR",FTM,Free Throw In,1,-1,-1, ,,,,40,01:00,76,80,
2007,FF,24,229,521,CSK,PATW,"PAPALOUKAS, THEODOROS",FTM,Free Throw In,1,-1,-1, ,,,,40,01:00,76,81,
2007,FF,24,229,524,BAS,PCBX,"PRIGIONI, PABLO",3FGA,Missed Three Pointer,0,571,443,G,,,,40,01:00,76,81,
2007,FF,24,229,527,BAS,PANB,"RAKOCEVIC, IGOR",3FGM,Three Pointer,3,-671,158,F,,,,40,01:00,79,81,
2007,FF,24,229,530,CSK,PJMM,"SISKAUSKAS, RAMUNAS",FTM,Free Throw In,1,-1,-1, ,,,,40,01:00,79,82,
2007,FF,24,229,531,CSK,PJMM,"SISKAUSKAS, RAMUNAS",FTM,Free Throw In,1,-1,-1, ,,,,40,01:00,79,83,
2007,FF,24,229,532,BAS,PAFP,"PLANINIC, ZORAN",3FGA,Missed Three Pointer,0,-151,671,J,,,,40,01:00,79,83,
2007,FF,25,230,3,SIE,PLMO,"SATO, ROMAIN",3FGA,Missed Three Pointer,0,707,58,A,,,,1,10:00,0,0,
2007,FF,25,230,5,SIE,PCCA,"THORNTON, BOOTSY",2FGA,Missed Two Pointer,0,420,184,B,,,,1,10:00,0,0,
2007,FF,25,230,9,SIE,PCQO,"EZE, BENJAMIN",2FGA,Missed Two Pointer,0,-348,74,E,,,,2,09:00,0,0,
2007,FF,25,230,12,SIE,PKWI,"MCINTYRE, TERRELL",2FGA,Missed Two Pointer,0,-182,38,D,,,,2,09:00,0,0,
2007,FF,25,230,14,BAS,PANB,"RAKOCEVIC, IGOR",3FGA,Missed Three Pointer,0,-461,566,J,,,,2,09:00,0,0,
2007,FF,25,230,16,SIE,PLMO,"SATO, ROMAIN",2FGA,Missed Two Pointer,0,102,266,C,,,,2,09:00,0,0,
2007,FF,25,230,18,BAS,PANB,"RAKOCEVIC, IGOR",3FGA,Missed Three Pointer,0,307,617,G,,,,2,09:00,0,0,
2007,FF,25,230,21,BAS,PJWO,"MICKEAL, PETE",2FGA,Missed Two Pointer,0,-69,184,D,,,,3,08:00,0,0,
2007,FF,25,230,24,BAS,PAFP,"PLANINIC, ZORAN",3FGM,Three Pointer,3,117,684,G,,,,3,08:00,0,3,
2007,FF,25,230,25,SIE,PLMO,"SATO, ROMAIN",2FGM,Two Pointer,2,-7,194,D,,,,3,08:00,2,3,
2007,FF,25,230,27,BAS,PJWO,"MICKEAL, PETE",2FGA,Missed Two Pointer,0,330,138,B,,,,3,08:00,2,3,
2007,FF,25,230,29,SIE,PCCA,"THORNTON, BOOTSY",2FGM,Two Pointer,2,-69,153,D,,,,3,08:00,4,3,
2007,FF,25,230,32,BAS,PJZJ,"TELETOVIC, MIRZA",3FGM,Three Pointer,3,405,610,G,,,,4,07:00,4,6,
2007,FF,25,230,43,BAS,PAFP,"PLANINIC, ZORAN",FTM,Free Throw In,1,-1,-1, ,,,,4,07:00,4,7,
2007,FF,25,230,44,BAS,PAFP,"PLANINIC, ZORAN",FTM,Free Throw In,1,-1,-1, ,,,,4,07:00,4,8,
2007,FF,25,230,48,SIE,PJOC,"STONEROOK, SHAUN",3FGA,Missed Three Pointer,0,612,384,A,,,,5,06:00,4,8,
2007,FF,25,230,52,SIE,PKWI,"MCINTYRE, TERRELL",2FGA,Missed Two Pointer,0,69,82,C,,,,5,06:00,4,8,
2007,FF,25,230,54,SIE,PCQO,"EZE, BENJAMIN",2FGM,Two Pointer,2,-17,74,D,,,,5,06:00,6,8,
2007,FF,25,230,56,BAS,PJZJ,"TELETOVIC, MIRZA",3FGA,Missed Three Pointer,0,176,843,G,,,,6,05:00,6,8,
2007,FF,25,230,58,SIE,PCCA,"THORNTON, BOOTSY",2FGM,Two Pointer,2,-558,43,E,,,,6,05:00,8,8,
2007,FF,25,230,63,BAS,PJTT,"MCDONALD, WILL",2FGA,Missed Two Pointer,0,-97,133,D,,,,6,05:00,8,8,
2007,FF,25,230,65,SIE,PKWI,"MCINTYRE, TERRELL",3FGA,Missed Three Pointer,0,20,792,G,,,,6,05:00,8,8,
2007,FF,25,230,71,BAS,PJTT,"MCDONALD, WILL",FTM,Free Throw In,1,-1,-1, ,,,,6,05:00,8,9,
2007,FF,25,230,75,SIE,PCCA,"THORNTON, BOOTSY",2FGM,Two Pointer,2,5,115,C,,,,6,05:00,10,9,
2007,FF,25,230,78,BAS,PJZJ,"TELETOVIC, MIRZA",3FGM,Three Pointer,3,-123,697,J,,,,7,04:00,10,12,
2007,FF,25,230,79,SIE,PKWI,"MCINTYRE, TERRELL",3FGM,Three Pointer,3,-197,700,J,,,,7,04:00,13,12,
2007,FF,25,230,80,BAS,PJWO,"MICKEAL, PETE",2FGA,Missed Two Pointer,0,-215,220,D,,,,7,04:00,13,12,
2007,FF,25,230,90,BAS,PJZJ,"TELETOVIC, MIRZA",3FGM,Three Pointer,3,-89,705,J,,,,8,03:00,13,15,
2007,FF,25,230,91,SIE,PBLH,"LAVRINOVIC, KSISTOF",3FGA,Missed Three Pointer,0,323,620,G,,,,8,03:00,13,15,
2007,FF,25,230,94,BAS,PJZJ,"TELETOVIC, MIRZA",2FGM,Two Pointer,2,-15,100,D,,,,8,03:00,13,17,
2007,FF,25,230,101,SIE,PBLH,"LAVRINOVIC, KSISTOF",FTM,Free Throw In,1,-1,-1, ,,,,9,02:00,14,17,
2007,FF,25,230,102,SIE,PBLH,"LAVRINOVIC, KSISTOF",FTM,Free Throw In,1,-1,-1, ,,,,9,02:00,15,17,
2007,FF,25,230,109,BAS,PCBX,"PRIGIONI, PABLO",FTM,Free Throw In,1,-1,-1, ,,,,9,02:00,15,18,
2007,FF,25,230,110,BAS,PCBX,"PRIGIONI, PABLO",FTM,Free Throw In,1,-1,-1, ,,,,9,02:00,15,19,
2007,FF,25,230,114,SIE,PBLH,"LAVRINOVIC, KSISTOF",FTM,Free Throw In,1,-1,-1, ,,,,9,02:00,16,19,
2007,FF,25,230,117,SIE,PBLH,"LAVRINOVIC, KSISTOF",2FGM,Two Pointer,2,35,115,C,,,,10,01:00,18,19,
2007,FF,25,230,119,SIE,PAPS,"ILIEVSKI, VLADO",2FGM,Two Pointer,2,-89,69,D,,,,10,01:00,20,19,
2007,FF,25,230,125,SIE,PJOC,"STONEROOK, SHAUN",FTM,Free Throw In,1,-1,-1, ,,,,10,01:00,21,19,
2007,FF,25,230,126,BAS,PAJK,"VIDAL, SERGI",3FGA,Missed Three Pointer,0,582,743,G,,,,10,01:00,21,19,
2007,FF,25,230,134,SIE,PBLH,"LAVRINOVIC, KSISTOF",2FGA,Missed Two Pointer,0,-223,71,D,,,,11,10:00,21,19,
2007,FF,25,230,137,BAS,PBVC,"JASAITIS, SIMAS",2FGM,Two Pointer,2,-58,100,D,,,,11,10:00,21,21,
2007,FF,25,230,150,SIE,PLMO,"SATO, ROMAIN",2FGA,Missed Two Pointer,0,-117,484,I,,,,12,09:00,21,21,
2007,FF,25,230,157,BAS,PCBY,"SPLITTER, TIAGO",2FGA,Missed Two Pointer,0,-43,105,D,,,,13,08:00,21,21,
2007,FF,25,230,159,BAS,PTGD,"SINGLETON, JAMES",2FGM,Two Pointer,2,-20,79,D,,,,13,08:00,21,23,
2007,FF,25,230,162,BAS,PTGD,"SINGLETON, JAMES",FTM,Free Throw In,1,-1,-1, ,,,,13,08:00,21,24,
2007,FF,25,230,165,SIE,PBLH,"LAVRINOVIC, KSISTOF",2FGA,Missed Two Pointer,0,20,307,C,,,,13,08:00,21,24,
2007,FF,25,230,167,SIE,PAPS,"ILIEVSKI, VLADO",2FGM,Two Pointer,2,-269,348,E,,,,13,08:00,23,24,
2007,FF,25,230,169,BAS,PBVC,"JASAITIS, SIMAS",2FGAB,Missed Two Pointer,0,71,138,C,,,,14,07:00,23,24,
2007,FF,25,230,173,SIE,PLMK,"CARRARETTO, MARCO",2FGA,Missed Two Pointer,0,105,238,C,,,,14,07:00,23,24,
2007,FF,25,230,181,SIE,PLMK,"CARRARETTO, MARCO",3FGA,Missed Three Pointer,0,676,79,A,,,,14,07:00,23,24,
2007,FF,25,230,184,SIE,PLMK,"CARRARETTO, MARCO",2FGM,Two Pointer,2,35,89,C,,,,14,07:00,25,24,
2007,FF,25,230,186,BAS,PCBY,"SPLITTER, TIAGO",2FGA,Missed Two Pointer,0,97,102,C,,,,15,06:00,25,24,
2007,FF,25,230,191,BAS,PCBY,"SPLITTER, TIAGO",2FGA,Missed Two Pointer,0,-12,187,D,,,,15,06:00,25,24,
2007,FF,25,230,194,SIE,PLMK,"CARRARETTO, MARCO",2FGA,Missed Two Pointer,0,317,143,B,,,,16,05:00,25,24,
2007,FF,25,230,197,BAS,PBVC,"JASAITIS, SIMAS",3FGM,Three Pointer,3,379,582,G,,,,16,05:00,25,27,
2007,FF,25,230,198,SIE,P000754,"DIENER, DRAKE",3FGA,Missed Three Pointer,0,605,400,A,,,,16,05:00,25,27,
2007,FF,25,230,201,BAS,PCBY,"SPLITTER, TIAGO",2FGM,Two Pointer,2,25,110,C,,,,16,05:00,25,29,
2007,FF,25,230,221,SIE,P000754,"DIENER, DRAKE",FTM,Free Throw In,1,-1,-1, ,,,,16,05:00,26,29,
2007,FF,25,230,226,SIE,P000754,"DIENER, DRAKE",3FGM,Three Pointer,3,458,602,G,,,,17,04:00,29,29,
2007,FF,25,230,229,BAS,PCBX,"PRIGIONI, PABLO",3FGM,Three Pointer,3,420,623,G,,,,17,04:00,29,32,
2007,FF,25,230,230,SIE,PLMK,"CARRARETTO, MARCO",2FGA,Missed Two Pointer,0,-217,92,D,,,,17,04:00,29,32,
2007,FF,25,230,235,BAS,PANB,"RAKOCEVIC, IGOR",FTM,Free Throw In,1,-1,-1, ,,,,17,04:00,29,33,
2007,FF,25,230,237,BAS,PANB,"RAKOCEVIC, IGOR",2FGA,Missed Two Pointer,0,61,141,C,,,,17,04:00,29,33,
2007,FF,25,230,239,SIE,PKWI,"MCINTYRE, TERRELL",2FGM,Two Pointer,2,-12,123,D,,,,17,04:00,31,33,
2007,FF,25,230,245,BAS,PJWO,"MICKEAL, PETE",FTM,Free Throw In,1,-1,-1, ,,,,17,04:00,31,34,
2007,FF,25,230,246,BAS,PJWO,"MICKEAL, PETE",FTM,Free Throw In,1,-1,-1, ,,,,17,04:00,31,35,
2007,FF,25,230,247,SIE,PJOC,"STONEROOK, SHAUN",2FGA,Missed Two Pointer,0,-30,153,D,,,,17,04:00,31,35,
2007,FF,25,230,249,BAS,PJWO,"MICKEAL, PETE",2FGM,Two Pointer,2,43,94,C,,,,17,04:00,31,37,
2007,FF,25,230,251,SIE,PJOC,"STONEROOK, SHAUN",2FGM,Two Pointer,2,-64,92,D,,,,17,04:00,33,37,
2007,FF,25,230,263,SIE,PCCA,"THORNTON, BOOTSY",3FGA,Missed Three Pointer,0,-661,174,F,,,,19,02:00,33,37,
2007,FF,25,230,265,BAS,PANB,"RAKOCEVIC, IGOR",2FGA,Missed Two Pointer,0,-69,107,D,,,,19,02:00,33,37,
2007,FF,25,230,272,BAS,PJWO,"MICKEAL, PETE",FTM,Free Throw In,1,-1,-1, ,,,,20,01:00,33,38,
2007,FF,25,230,273,BAS,PJWO,"MICKEAL, PETE",FTM,Free Throw In,1,-1,-1, ,,,,20,01:00,33,39,
2007,FF,25,230,278,SIE,PCCA,"THORNTON, BOOTSY",FTM,Free Throw In,1,-1,-1, ,,,,20,01:00,34,39,
2007,FF,25,230,279,SIE,PCCA,"THORNTON, BOOTSY",FTM,Free Throw In,1,-1,-1, ,,,,20,01:00,35,39,
2007,FF,25,230,282,BAS,PJTT,"MCDONALD, WILL",FTM,Free Throw In,1,-1,-1, ,,,,20,01:00,35,40,
2007,FF,25,230,283,BAS,PJTT,"MCDONALD, WILL",FTM,Free Throw In,1,-1,-1, ,,,,20,01:00,35,41,
2007,FF,25,230,285,SIE,P000754,"DIENER, DRAKE",3FGM,Three Pointer,3,443,543,G,,,,20,01:00,38,41,
2007,FF,25,230,303,SIE,PLMO,"SATO, ROMAIN",2FGM,Two Pointer,2,133,317,C,,,,21,10:00,40,41,
2007,FF,25,230,305,SIE,PCCA,"THORNTON, BOOTSY",3FGA,Missed Three Pointer,0,661,197,A,,,,21,10:00,40,41,
2007,FF,25,230,308,BAS,PCBY,"SPLITTER, TIAGO",2FGA,Missed Two Pointer,0,-5,266,D,,,,22,09:00,40,41,
2007,FF,25,230,311,SIE,PBLH,"LAVRINOVIC, KSISTOF",2FGM,Two Pointer,2,25,138,C,,,,22,09:00,42,41,
2007,FF,25,230,312,BAS,PCBY,"SPLITTER, TIAGO",2FGA,Missed Two Pointer,0,2,200,D,,,,22,09:00,42,41,
2007,FF,25,230,318,SIE,PKWI,"MCINTYRE, TERRELL",FTM,Free Throw In,1,-1,-1, ,,,,22,09:00,43,41,
2007,FF,25,230,319,SIE,PKWI,"MCINTYRE, TERRELL",FTM,Free Throw In,1,-1,-1, ,,,,22,09:00,44,41,
2007,FF,25,230,320,SIE,PKWI,"MCINTYRE, TERRELL",FTM,Free Throw In,1,-1,-1, ,,,,22,09:00,45,41,
2007,FF,25,230,321,BAS,PAFP,"PLANINIC, ZORAN",2FGA,Missed Two Pointer,0,-212,292,E,,,,22,09:00,45,41,
2007,FF,25,230,323,BAS,PJTT,"MCDONALD, WILL",2FGM,Two Pointer,2,12,94,C,,,,22,09:00,45,43,
2007,FF,25,230,325,SIE,PLMO,"SATO, ROMAIN",2FGM,Two Pointer,2,353,92,B,,,,23,08:00,47,43,
2007,FF,25,230,326,BAS,PANB,"RAKOCEVIC, IGOR",3FGM,Three Pointer,3,33,707,G,,,,23,08:00,47,46,
2007,FF,25,230,327,SIE,PCCA,"THORNTON, BOOTSY",2FGM,Two Pointer,2,402,97,B,,,,23,08:00,49,46,
2007,FF,25,230,328,BAS,PJWO,"MICKEAL, PETE",2FGM,Two Pointer,2,-217,217,D,,,,23,08:00,49,48,
2007,FF,25,230,331,BAS,PJWO,"MICKEAL, PETE",FTM,Free Throw In,1,-1,-1, ,,,,23,08:00,49,49,
2007,FF,25,230,337,SIE,PLMO,"SATO, ROMAIN",3FGA,Missed Three Pointer,0,494,507,G,,,,24,07:00,49,49,
2007,FF,25,230,341,SIE,PLMO,"SATO, ROMAIN",2FGA,Missed Two Pointer,0,61,84,C,,,,24,07:00,49,49,
2007,FF,25,230,344,BAS,PJWO,"MICKEAL, PETE",2FGM,Two Pointer,2,-76,82,D,,,,24,07:00,49,51,
2007,FF,25,230,346,SIE,PLMO,"SATO, ROMAIN",2FGM,Two Pointer,2,351,205,B,,,,25,06:00,51,51,
2007,FF,25,230,352,BAS,PAJK,"VIDAL, SERGI",3FGA,Missed Three Pointer,0,-435,543,J,,,,25,06:00,51,51,
2007,FF,25,230,359,SIE,PJOC,"STONEROOK, SHAUN",2FGM,Two Pointer,2,10,0,C,,,,26,05:00,53,51,
2007,FF,25,230,363,BAS,PJWO,"MICKEAL, PETE",2FGM,Two Pointer,2,353,269,B,,,,26,05:00,53,53,
2007,FF,25,230,365,SIE,PLMO,"SATO, ROMAIN",2FGA,Missed Two Pointer,0,-405,82,E,,,,27,04:00,53,53,
2007,FF,25,230,371,BAS,PAFP,"PLANINIC, ZORAN",2FGAB,Missed Two Pointer,0,-56,48,D,,,,27,04:00,53,53,
2007,FF,25,230,375,SIE,PJOC,"STONEROOK, SHAUN",3FGM,Three Pointer,3,315,615,G,,,,27,04:00,56,53,
2007,FF,25,230,377,BAS,PAFP,"PLANINIC, ZORAN",2FGA,Missed Two Pointer,0,-56,105,D,,,,27,04:00,56,53,
2007,FF,25,230,378,BAS,PJTT,"MCDONALD, WILL",2FGM,Two Pointer,2,-25,76,D,,,,27,04:00,56,55,
2007,FF,25,230,380,SIE,PKWI,"MCINTYRE, TERRELL",3FGA,Missed Three Pointer,0,-264,620,J,,,,27,04:00,56,55,
2007,FF,25,230,382,BAS,PJWO,"MICKEAL, PETE",2FGA,Missed Two Pointer,0,-76,92,D,,,,27,04:00,56,55,
2007,FF,25,230,386,SIE,PLMO,"SATO, ROMAIN",3FGM,Three Pointer,3,671,189,A,,,,28,03:00,59,55,
2007,FF,25,230,391,BAS,PCBX,"PRIGIONI, PABLO",3FGA,Missed Three Pointer,0,664,212,A,,,,28,03:00,59,55,
2007,FF,25,230,394,SIE,PCQO,"EZE, BENJAMIN",2FGM,Two Pointer,2,0,-5,D,,,,28,03:00,61,55,
2007,FF,25,230,398,BAS,PCBY,"SPLITTER, TIAGO",FTM,Free Throw In,1,-1,-1, ,,,,28,03:00,61,56,
2007,FF,25,230,401,SIE,P000754,"DIENER, DRAKE",3FGA,Missed Three Pointer,0,433,556,G,,,,28,03:00,61,56,
2007,FF,25,230,408,SIE,P000754,"DIENER, DRAKE",3FGA,Missed Three Pointer,0,389,610,G,,,,28,03:00,61,56,
2007,FF,25,230,412,SIE,P000754,"DIENER, DRAKE",3FGA,Missed Three Pointer,0,423,546,G,,,,29,02:00,61,56,
2007,FF,25,230,416,BAS,PAJK,"VIDAL, SERGI",3FGM,Three Pointer,3,-479,505,J,,,,30,01:00,61,59,
2007,FF,25,230,419,BAS,PJWO,"MICKEAL, PETE",2FGM,Two Pointer,2,33,92,C,,,,30,01:00,61,61,
2007,FF,25,230,424,SIE,PAPS,"ILIEVSKI, VLADO",2FGA,Missed Two Pointer,0,-405,210,E,,,,30,01:00,61,61,
2007,FF,25,230,426,BAS,PCBX,"PRIGIONI, PABLO",3FGA,Missed Three Pointer,0,341,964,G,,,,30,01:00,61,61,
2007,FF,25,230,434,SIE,P000754,"DIENER, DRAKE",3FGA,Missed Three Pointer,0,394,605,G,,,,31,10:00,61,61,
2007,FF,25,230,441,BAS,PAJK,"VIDAL, SERGI",2FGA,Missed Two Pointer,0,-141,141,D,,,,32,09:00,61,61,
2007,FF,25,230,443,BAS,PCBY,"SPLITTER, TIAGO",2FGA,Missed Two Pointer,0,-79,105,D,,,,32,09:00,61,61,
2007,FF,25,230,445,BAS,PJWO,"MICKEAL, PETE",2FGA,Missed Two Pointer,0,-33,115,D,,,,32,09:00,61,61,
2007,FF,25,230,453,SIE,PBLH,"LAVRINOVIC, KSISTOF",2FGM,Two Pointer,2,5,-2,C,,,,32,09:00,63,61,
2007,FF,25,230,454,BAS,PCBY,"SPLITTER, TIAGO",2FGM,Two Pointer,2,5,0,C,,,,32,09:00,63,63,
2007,FF,25,230,462,BAS,PCBX,"PRIGIONI, PABLO",3FGA,Missed Three Pointer,0,628,292,A,,,,33,08:00,63,63,
2007,FF,25,230,466,BAS,PTGD,"SINGLETON, JAMES",FTM,Free Throw In,1,-1,-1, ,,,,33,08:00,63,64,
2007,FF,25,230,467,BAS,PTGD,"SINGLETON, JAMES",FTM,Free Throw In,1,-1,-1, ,,,,33,08:00,63,65,
2007,FF,25,230,468,SIE,PCCA,"THORNTON, BOOTSY",2FGM,Two Pointer,2,30,146,C,,,,33,08:00,65,65,
2007,FF,25,230,470,BAS,PAJK,"VIDAL, SERGI",3FGA,Missed Three Pointer,0,646,271,A,,,,34,07:00,65,65,
2007,FF,25,230,477,SIE,PCCA,"THORNTON, BOOTSY",FTM,Free Throw In,1,-1,-1, ,,,,34,07:00,66,65,
2007,FF,25,230,478,SIE,PCCA,"THORNTON, BOOTSY",FTM,Free Throw In,1,-1,-1, ,,,,34,07:00,67,65,
2007,FF,25,230,485,BAS,PANB,"RAKOCEVIC, IGOR",FTM,Free Throw In,1,-1,-1, ,,,,34,07:00,67,66,
2007,FF,25,230,486,BAS,PANB,"RAKOCEVIC, IGOR",FTM,Free Throw In,1,-1,-1, ,,,,34,07:00,67,67,
2007,FF,25,230,488,SIE,PBLH,"LAVRINOVIC, KSISTOF",2FGM,Two Pointer,2,38,53,C,,,,34,07:00,69,67,
2007,FF,25,230,490,BAS,PCBY,"SPLITTER, TIAGO",2FGM,Two Pointer,2,38,84,C,,,,34,07:00,69,69,
2007,FF,25,230,493,BAS,PCBY,"SPLITTER, TIAGO",FTM,Free Throw In,1,-1,-1, ,,,,34,07:00,69,70,
2007,FF,25,230,495,SIE,PKWI,"MCINTYRE, TERRELL",3FGM,Three Pointer,3,-633,269,F,,,,35,06:00,72,70,
2007,FF,25,230,496,BAS,PCBX,"PRIGIONI, PABLO",3FGA,Missed Three Pointer,0,517,489,G,,,,35,06:00,72,70,
2007,FF,25,230,499,SIE,PKWI,"MCINTYRE, TERRELL",3FGA,Missed Three Pointer,0,51,735,G,,,,35,06:00,72,70,
2007,FF,25,230,506,BAS,PJZJ,"TELETOVIC, MIRZA",2FGAB,Missed Two Pointer,0,-56,58,D,,,,36,05:00,72,70,
2007,FF,25,230,512,SIE,PLMO,"SATO, ROMAIN",FTM,Free Throw In,1,-1,-1, ,,,,36,05:00,73,70,
2007,FF,25,230,513,SIE,PLMO,"SATO, ROMAIN",FTM,Free Throw In,1,-1,-1, ,,,,36,05:00,74,70,
2007,FF,25,230,516,BAS,PANB,"RAKOCEVIC, IGOR",FTM,Free Throw In,1,-1,-1, ,,,,36,05:00,74,71,
2007,FF,25,230,517,BAS,PANB,"RAKOCEVIC, IGOR",FTM,Free Throw In,1,-1,-1, ,,,,36,05:00,74,72,
2007,FF,25,230,518,SIE,PLMO,"SATO, ROMAIN",2FGA,Missed Two Pointer,0,-392,148,E,,,,36,05:00,74,72,
2007,FF,25,230,520,BAS,PJWO,"MICKEAL, PETE",2FGAB,Missed Two Pointer,0,-38,100,D,,,,36,05:00,74,72,
2007,FF,25,230,524,SIE,PLMK,"CARRARETTO, MARCO",2FGM,Two Pointer,2,-94,107,D,,,,36,05:00,76,72,
2007,FF,25,230,527,BAS,PCBY,"SPLITTER, TIAGO",2FGM,Two Pointer,2,33,89,C,,,,37,04:00,76,74,
2007,FF,25,230,532,BAS,PCBY,"SPLITTER, TIAGO",FTM,Free Throw In,1,-1,-1, ,,,,37,04:00,76,75,
2007,FF,25,230,533,SIE,PLMK,"CARRARETTO, MARCO",2FGA,Missed Two Pointer,0,-392,187,E,,,,37,04:00,76,75,
2007,FF,25,230,538,BAS,PCBY,"SPLITTER, TIAGO",2FGM,Two Pointer,2,-12,110,D,,,,38,03:00,76,77,
2007,FF,25,230,542,SIE,PLMO,"SATO, ROMAIN",2FGAB,Missed Two Pointer,0,30,56,C,,,,38,03:00,76,77,
2007,FF,25,230,544,SIE,PLMO,"SATO, ROMAIN",FTM,Free Throw In,1,-1,-1, ,,,,38,03:00,77,77,
2007,FF,25,230,545,SIE,PLMO,"SATO, ROMAIN",FTM,Free Throw In,1,-1,-1, ,,,,38,03:00,78,77,
2007,FF,25,230,559,BAS,PCBY,"SPLITTER, TIAGO",2FGM,Two Pointer,2,-51,79,D,,,,39,02:00,78,79,
2007,FF,25,230,560,SIE,PLMO,"SATO, ROMAIN",2FGA,Missed Two Pointer,0,-10,484,I,,,,39,02:00,78,79,
2007,FF,25,230,562,BAS,PANB,"RAKOCEVIC, IGOR",3FGA,Missed Three Pointer,0,123,697,G,,,,39,02:00,78,79,
2007,FF,25,230,565,SIE,PJOC,"STONEROOK, SHAUN",3FGA,Missed Three Pointer,0,-12,707,J,,,,40,01:00,78,79,
2007,FF,25,230,570,BAS,PJWO,"MICKEAL, PETE",2FGA,Missed Two Pointer,0,417,241,B,,,,40,01:00,78,79,
2007,FF,25,230,572,SIE,PKWI,"MCINTYRE, TERRELL",3FGA,Missed Three Pointer,0,-415,564,J,,,,40,01:00,78,79,
2007,FF,25,230,577,SIE,PLMO,"SATO, ROMAIN",2FGA,Missed Two Pointer,0,20,76,C,,,,40,01:00,78,79,
2007,FF,25,230,578,SIE,PBLH,"LAVRINOVIC, KSISTOF",FTM,Free Throw In,1,-1,-1, ,,,,40,01:00,79,79,
2007,FF,25,230,586,BAS,PAFP,"PLANINIC, ZORAN",2FGA,Missed Two Pointer,0,-5,102,D,,,,40,01:00,79,79,
2007,FF,25,230,598,SIE,PKWI,"MCINTYRE, TERRELL",FTM,Free Throw In,1,-1,-1, ,,,,41,05:00,80,79,
2007,FF,25,230,599,SIE,PKWI,"MCINTYRE, TERRELL",FTM,Free Throw In,1,-1,-1, ,,,,41,05:00,81,79,
2007,FF,25,230,600,SIE,PKWI,"MCINTYRE, TERRELL",FTM,Free Throw In,1,-1,-1, ,,,,41,05:00,82,79,
2007,FF,25,230,601,BAS,PANB,"RAKOCEVIC, IGOR",3FGA,Missed Three Pointer,0,551,435,G,,,,41,05:00,82,79,
2007,FF,25,230,606,BAS,PANB,"RAKOCEVIC, IGOR",2FGM,Two Pointer,2,66,112,C,,,,41,05:00,82,81,
2007,FF,25,230,607,SIE,PLMO,"SATO, ROMAIN",2FGA,Missed Two Pointer,0,-107,112,D,,,,41,05:00,82,81,
2007,FF,25,230,613,SIE,PBLH,"LAVRINOVIC, KSISTOF",FTM,Free Throw In,1,-1,-1, ,,,,42,04:00,83,81,
2007,FF,25,230,614,SIE,PBLH,"LAVRINOVIC, KSISTOF",FTM,Free Throw In,1,-1,-1, ,,,,42,04:00,84,81,
2007,FF,25,230,619,BAS,PJWO,"MICKEAL, PETE",FTM,Free Throw In,1,-1,-1, ,,,,42,04:00,84,82,
2007,FF,25,230,622,SIE,PJOC,"STONEROOK, SHAUN",3FGA,Missed Three Pointer,0,-351,630,J,,,,42,04:00,84,82,
2007,FF,25,230,631,BAS,PTGD,"SINGLETON, JAMES",3FGM,Three Pointer,3,228,661,G,,,,43,03:00,84,85,
2007,FF,25,230,633,SIE,PBLH,"LAVRINOVIC, KSISTOF",3FGM,Three Pointer,3,-33,679,J,,,,43,03:00,87,85,
2007,FF,25,230,635,BAS,PJWO,"MICKEAL, PETE",2FGA,Missed Two Pointer,0,-241,307,E,,,,44,02:00,87,85,
2007,FF,25,230,641,SIE,PJOC,"STONEROOK, SHAUN",FTM,Free Throw In,1,-1,-1, ,,,,44,02:00,88,85,
2007,FF,25,230,644,BAS,PTGD,"SINGLETON, JAMES",2FGA,Missed Two Pointer,0,382,33,B,,,,44,02:00,88,85,
2007,FF,25,230,647,SIE,PAPS,"ILIEVSKI, VLADO",2FGM,Two Pointer,2,-82,89,D,,,,45,01:00,90,85,
2007,FF,25,230,649,BAS,PANB,"RAKOCEVIC, IGOR",2FGA,Missed Two Pointer,0,-7,123,D,,,,45,01:00,90,85,
2007,FF,25,230,651,BAS,PANB,"RAKOCEVIC, IGOR",2FGA,Missed Two Pointer,0,-28,71,D,,,,45,01:00,90,85,
2007,FF,25,230,653,SIE,PJOC,"STONEROOK, SHAUN",3FGM,Three Pointer,3,61,679,G,,,,45,01:00,93,85,
2007,FF,25,230,655,BAS,PJZJ,"TELETOVIC, MIRZA",3FGM,Three Pointer,3,-89,689,J,,,,45,01:00,93,88,
2007,FF,25,230,658,SIE,PKWI,"MCINTYRE, TERRELL",FTM,Free Throw In,1,-1,-1, ,,,,45,01:00,94,88,
2007,FF,25,230,659,SIE,PKWI,"MCINTYRE, TERRELL",FTM,Free Throw In,1,-1,-1, ,,,,45,01:00,95,88,
2007,FF,25,230,661,BAS,PTGD,"SINGLETON, JAMES",3FGM,Three Pointer,3,-300,630,J,,,,45,01:00,95,91,
2007,FF,25,230,663,SIE,PBLH,"LAVRINOVIC, KSISTOF",2FGM,Two Pointer,2,0,2,D,,,,45,01:00,97,91,
2007,FF,25,230,670,BAS,PTGD,"SINGLETON, JAMES",2FGM,Two Pointer,2,-20,74,D,,,,45,01:00,97,93,
2007,FF,25,231,3,TEL,PAPB,"VUJCIC, NIKOLA",2FGM,Two Pointer,2,379,300,B,,,,1,10:00,2,0,
2007,FF,25,231,4,CSK,PAKT,"ANDERSEN, DAVID",2FGA,Missed Two Pointer,0,-405,125,E,,,,1,10:00,2,0,
2007,FF,25,231,7,TEL,PJFO,"CASSPI, OMRI",2FGM,Two Pointer,2,184,117,C,,,,1,10:00,4,0,
2007,FF,25,231,10,TEL,PJFO,"CASSPI, OMRI",FTM,Free Throw In,1,-1,-1, ,,,,1,10:00,5,0,
2007,FF,25,231,12,CSK,PAQO,"HOLDEN, JON ROBERT",3FGA,Missed Three Pointer,0,-210,653,J,,,,2,09:00,5,0,
2007,FF,25,231,15,CSK,PALC,"SMODIS, MATJAZ",3FGA,Missed Three Pointer,0,125,692,G,,,,2,09:00,5,0,
2007,FF,25,231,20,CSK,PBEB,"LANGDON, TRAJAN",3FGM,Three Pointer,3,682,84,A,,,,2,09:00,5,3,
2007,FF,25,231,27,CSK,PBEB,"LANGDON, TRAJAN",FTM,Free Throw In,1,-1,-1, ,,,,3,08:00,5,4,
2007,FF,25,231,28,CSK,PBEB,"LANGDON, TRAJAN",FTM,Free Throw In,1,-1,-1, ,,,,3,08:00,5,5,
2007,FF,25,231,29,TEL,PAOZ,"HALPERIN, YOTAM",3FGA,Missed Three Pointer,0,635,341,A,,,,3,08:00,5,5,
2007,FF,25,231,32,CSK,PJMM,"SISKAUSKAS, RAMUNAS",2FGA,Missed Two Pointer,0,-56,184,D,,,,4,07:00,5,5,
2007,FF,25,231,34,CSK,PAKT,"ANDERSEN, DAVID",2FGA,Missed Two Pointer,0,30,120,C,,,,4,07:00,5,5,
2007,FF,25,231,36,CSK,PAKT,"ANDERSEN, DAVID",2FGM,Two Pointer,2,10,123,C,,,,4,07:00,5,7,
2007,FF,25,231,37,TEL,PLFR,"BYNUM, WILL",3FGA,Missed Three Pointer,0,561,489,G,,,,4,07:00,5,7,
2007,FF,25,231,40,TEL,PJFO,"CASSPI, OMRI",2FGM,Two Pointer,2,79,61,C,,,,4,07:00,7,7,
2007,FF,25,231,42,CSK,PJMM,"SISKAUSKAS, RAMUNAS",3FGA,Missed Three Pointer,0,-300,633,J,,,,5,06:00,7,7,
2007,FF,25,231,44,CSK,PJMM,"SISKAUSKAS, RAMUNAS",2FGM,Two Pointer,2,61,156,C,,,,5,06:00,7,9,
2007,FF,25,231,45,TEL,PLFR,"BYNUM, WILL",2FGM,Two Pointer,2,74,66,C,,,,5,06:00,9,9,
2007,FF,25,231,48,TEL,PLFR,"BYNUM, WILL",FTM,Free Throw In,1,-1,-1, ,,,,5,06:00,10,9,
2007,FF,25,231,49,CSK,PALC,"SMODIS, MATJAZ",2FGAB,Missed Two Pointer,0,25,102,C,,,,5,06:00,10,9,
2007,FF,25,231,56,CSK,PALC,"SMODIS, MATJAZ",FTM,Free Throw In,1,-1,-1, ,,,,5,06:00,10,10,
2007,FF,25,231,66,CSK,PAQO,"HOLDEN, JON ROBERT",3FGM,Three Pointer,3,702,89,A,,,,6,05:00,10,13,
2007,FF,25,231,69,TEL,PAOZ,"HALPERIN, YOTAM",2FGA,Missed Two Pointer,0,-92,94,D,,,,6,05:00,10,13,
2007,FF,25,231,72,CSK,PBEB,"LANGDON, TRAJAN",3FGM,Three Pointer,3,-53,702,J,,,,6,05:00,10,16,
2007,FF,25,231,74,TEL,PLTS,"MORRIS, TERENCE",3FGM,Three Pointer,3,479,551,G,,,,6,05:00,13,16,
2007,FF,25,231,78,CSK,PAKT,"ANDERSEN, DAVID",2FGM,Two Pointer,2,371,71,B,,,,7,04:00,13,18,
2007,FF,25,231,80,TEL,PJFO,"CASSPI, OMRI",2FGM,Two Pointer,2,-84,74,D,,,,7,04:00,15,18,
2007,FF,25,231,81,CSK,PATW,"PAPALOUKAS, THEODOROS",2FGA,Missed Two Pointer,0,-12,243,D,,,,7,04:00,15,18,
2007,FF,25,231,107,CSK,PAUC,"GOREE, MARCUS",FTM,Free Throw In,1,-1,-1, ,,,,8,03:00,15,19,
2007,FF,25,231,108,CSK,PAUC,"GOREE, MARCUS",FTM,Free Throw In,1,-1,-1, ,,,,8,03:00,15,20,
2007,FF,25,231,109,TEL,PDHD,"BATISTA, ESTEBAN",2FGM,Two Pointer,2,102,76,C,,,,8,03:00,17,20,
2007,FF,25,231,111,CSK,PJMM,"SISKAUSKAS, RAMUNAS",2FGA,Missed Two Pointer,0,2,292,D,,,,9,02:00,17,20,
2007,FF,25,231,113,TEL,P000615,"GARCIA, ALEX",2FGA,Missed Two Pointer,0,43,482,H,,,,9,02:00,17,20,
2007,FF,25,231,118,CSK,PAQO,"HOLDEN, JON ROBERT",FTM,Free Throw In,1,-1,-1, ,,,,9,02:00,17,21,
2007,FF,25,231,124,TEL,PDHD,"BATISTA, ESTEBAN",FTM,Free Throw In,1,-1,-1, ,,,,9,02:00,18,21,
2007,FF,25,231,125,TEL,PDHD,"BATISTA, ESTEBAN",FTM,Free Throw In,1,-1,-1, ,,,,9,02:00,19,21,
2007,FF,25,231,131,TEL,PLTS,"MORRIS, TERENCE",2FGM,Two Pointer,2,105,79,C,,,,9,02:00,21,21,
2007,FF,25,231,137,CSK,PATW,"PAPALOUKAS, THEODOROS",FTM,Free Throw In,1,-1,-1, ,,,,10,01:00,21,22,
2007,FF,25,231,140,TEL,PDHD,"BATISTA, ESTEBAN",2FGA,Missed Two Pointer,0,-56,100,D,,,,10,01:00,21,22,
2007,FF,25,231,142,CSK,PBCQ,"KHRYAPA, VICTOR",3FGA,Missed Three Pointer,0,692,79,A,,,,10,01:00,21,22,
2007,FF,25,231,148,CSK,PAKT,"ANDERSEN, DAVID",2FGA,Missed Two Pointer,0,-12,292,D,,,,11,10:00,21,22,
2007,FF,25,231,150,TEL,PBES,"BLUTHENTHAL, DAVID",3FGA,Missed Three Pointer,0,500,553,G,,,,11,10:00,21,22,
2007,FF,25,231,152,TEL,PDHD,"BATISTA, ESTEBAN",2FGA,Missed Two Pointer,0,97,100,C,,,,11,10:00,21,22,
2007,FF,25,231,154,TEL,PDHD,"BATISTA, ESTEBAN",2FGM,Two Pointer,2,-12,84,D,,,,11,10:00,23,22,
2007,FF,25,231,156,CSK,PAKT,"ANDERSEN, DAVID",2FGM,Two Pointer,2,-7,525,I,,,,11,10:00,23,24,
2007,FF,25,231,158,TEL,PLTS,"MORRIS, TERENCE",2FGM,Two Pointer,2,71,53,C,,,,12,09:00,25,24,
2007,FF,25,231,160,CSK,PATW,"PAPALOUKAS, THEODOROS",3FGM,Three Pointer,3,-520,523,J,,,,12,09:00,25,27,
2007,FF,25,231,163,TEL,PDHD,"BATISTA, ESTEBAN",2FGM,Two Pointer,2,-35,61,D,,,,13,08:00,27,27,
2007,FF,25,231,164,CSK,PATW,"PAPALOUKAS, THEODOROS",3FGA,Missed Three Pointer,0,674,161,A,,,,13,08:00,27,27,
2007,FF,25,231,172,TEL,PCQD,"CUMMINGS, VONTEEGO",2FGA,Missed Two Pointer,0,56,58,C,,,,13,08:00,27,27,
2007,FF,25,231,174,TEL,PDHD,"BATISTA, ESTEBAN",2FGM,Two Pointer,2,-41,82,D,,,,13,08:00,29,27,
2007,FF,25,231,176,CSK,PALC,"SMODIS, MATJAZ",2FGM,Two Pointer,2,66,92,C,,,,14,07:00,29,29,
2007,FF,25,231,179,CSK,PALC,"SMODIS, MATJAZ",FTM,Free Throw In,1,-1,-1, ,,,,14,07:00,29,30,
2007,FF,25,231,187,CSK,PBEB,"LANGDON, TRAJAN",3FGM,Three Pointer,3,238,641,G,,,,14,07:00,29,33,
2007,FF,25,231,191,CSK,PAQO,"HOLDEN, JON ROBERT",2FGA,Missed Two Pointer,0,348,484,H,,,,15,06:00,29,33,
2007,FF,25,231,201,TEL,PLFR,"BYNUM, WILL",2FGM,Two Pointer,2,-61,92,D,,,,15,06:00,31,33,
2007,FF,25,231,202,CSK,PAQO,"HOLDEN, JON ROBERT",2FGM,Two Pointer,2,74,97,C,,,,15,06:00,31,35,
2007,FF,25,231,204,TEL,P000615,"GARCIA, ALEX",2FGA,Missed Two Pointer,0,-92,84,D,,,,16,05:00,31,35,
2007,FF,25,231,209,CSK,PJMM,"SISKAUSKAS, RAMUNAS",3FGA,Missed Three Pointer,0,112,684,G,,,,16,05:00,31,35,
2007,FF,25,231,212,CSK,PBEB,"LANGDON, TRAJAN",3FGM,Three Pointer,3,-684,179,F,,,,16,05:00,31,38,
2007,FF,25,231,214,TEL,P000615,"GARCIA, ALEX",2FGA,Missed Two Pointer,0,-348,46,E,,,,17,04:00,31,38,
2007,FF,25,231,224,TEL,PLFR,"BYNUM, WILL",FTM,Free Throw In,1,-1,-1, ,,,,17,04:00,32,38,
2007,FF,25,231,225,TEL,PLFR,"BYNUM, WILL",FTM,Free Throw In,1,-1,-1, ,,,,17,04:00,33,38,
2007,FF,25,231,229,CSK,PAKT,"ANDERSEN, DAVID",2FGA,Missed Two Pointer,0,284,235,B,,,,18,03:00,33,38,
2007,FF,25,231,231,TEL,PLFR,"BYNUM, WILL",2FGM,Two Pointer,2,-89,128,D,,,,18,03:00,35,38,
2007,FF,25,231,232,CSK,PJMM,"SISKAUSKAS, RAMUNAS",2FGA,Missed Two Pointer,0,-325,215,E,,,,18,03:00,35,38,
2007,FF,25,231,234,CSK,PJMM,"SISKAUSKAS, RAMUNAS",2FGA,Missed Two Pointer,0,-94,143,D,,,,18,03:00,35,38,
2007,FF,25,231,238,TEL,PBES,"BLUTHENTHAL, DAVID",3FGM,Three Pointer,3,517,510,G,,,,18,03:00,38,38,
2007,FF,25,231,251,CSK,PALC,"SMODIS, MATJAZ",FTM,Free Throw In,1,-1,-1, ,,,,19,02:00,38,39,
2007,FF,25,231,252,CSK,PALC,"SMODIS, MATJAZ",FTM,Free Throw In,1,-1,-1, ,,,,19,02:00,38,40,
2007,FF,25,231,254,TEL,PLFR,"BYNUM, WILL",2FGA,Missed Two Pointer,0,-64,74,D,,,,20,01:00,38,40,
2007,FF,25,231,256,CSK,PATW,"PAPALOUKAS, THEODOROS",2FGM,Two Pointer,2,-48,115,D,,,,20,01:00,38,42,
2007,FF,25,231,258,TEL,PLFR,"BYNUM, WILL",2FGA,Missed Two Pointer,0,0,117,D,,,,20,01:00,38,42,
2007,FF,25,231,260,CSK,PALC,"SMODIS, MATJAZ",3FGA,Missed Three Pointer,0,138,689,G,,,,20,01:00,38,42,
2007,FF,25,231,262,TEL,PLFR,"BYNUM, WILL",3FGM,Three Pointer,3,43,676,G,,,,20,01:00,41,42,
2007,FF,25,231,269,CSK,PATW,"PAPALOUKAS, THEODOROS",3FGA,Missed Three Pointer,0,494,1076,G,,,,20,01:00,41,42,
2007,FF,25,231,285,CSK,PAQO,"HOLDEN, JON ROBERT",3FGM,Three Pointer,3,-343,607,J,,,,21,10:00,41,45,
2007,FF,25,231,287,TEL,PJFO,"CASSPI, OMRI",2FGA,Missed Two Pointer,0,41,105,C,,,,22,09:00,41,45,
2007,FF,25,231,289,CSK,PAQO,"HOLDEN, JON ROBERT",3FGM,Three Pointer,3,-158,684,J,,,,22,09:00,41,48,
2007,FF,25,231,290,TEL,PJFO,"CASSPI, OMRI",2FGA,Missed Two Pointer,0,-146,292,D,,,,22,09:00,41,48,
2007,FF,25,231,297,CSK,PALC,"SMODIS, MATJAZ",3FGA,Missed Three Pointer,0,-653,123,F,,,,23,08:00,41,48,
2007,FF,25,231,299,CSK,PAQO,"HOLDEN, JON ROBERT",3FGA,Missed Three Pointer,0,676,143,A,,,,23,08:00,41,48,
2007,FF,25,231,307,TEL,PLFR,"BYNUM, WILL",FTM,Free Throw In,1,-1,-1, ,,,,23,08:00,42,48,
2007,FF,25,231,308,TEL,PLFR,"BYNUM, WILL",FTM,Free Throw In,1,-1,-1, ,,,,23,08:00,43,48,
2007,FF,25,231,309,CSK,PAKT,"ANDERSEN, DAVID",2FGM,Two Pointer,2,-87,97,D,,,,23,08:00,43,50,
2007,FF,25,231,310,TEL,PLTS,"MORRIS, TERENCE",3FGA,Missed Three Pointer,0,-33,682,J,,,,23,08:00,43,50,
2007,FF,25,231,313,TEL,PLTS,"MORRIS, TERENCE",2FGA,Missed Two Pointer,0,35,100,C,,,,24,07:00,43,50,
2007,FF,25,231,319,TEL,PLFR,"BYNUM, WILL",3FGA,Missed Three Pointer,0,-7,697,J,,,,24,07:00,43,50,
2007,FF,25,231,324,CSK,PBEB,"LANGDON, TRAJAN",3FGA,Missed Three Pointer,0,-2,700,J,,,,25,06:00,43,50,
2007,FF,25,231,326,TEL,PAOU,"SHARP, DERRICK",3FGA,Missed Three Pointer,0,-246,653,J,,,,25,06:00,43,50,
2007,FF,25,231,328,CSK,PAKT,"ANDERSEN, DAVID",2FGM,Two Pointer,2,-402,130,E,,,,25,06:00,43,52,
2007,FF,25,231,338,TEL,PLFR,"BYNUM, WILL",FTM,Free Throw In,1,-1,-1, ,,,,26,05:00,44,52,
2007,FF,25,231,339,TEL,PLFR,"BYNUM, WILL",FTM,Free Throw In,1,-1,-1, ,,,,26,05:00,45,52,
2007,FF,25,231,346,CSK,PBEB,"LANGDON, TRAJAN",FTM,Free Throw In,1,-1,-1, ,,,,26,05:00,45,53,
2007,FF,25,231,349,TEL,PDHD,"BATISTA, ESTEBAN",2FGM,Two Pointer,2,-10,107,D,,,,26,05:00,47,53,
2007,FF,25,231,351,CSK,PAKT,"ANDERSEN, DAVID",3FGM,Three Pointer,3,161,684,G,,,,26,05:00,47,56,
2007,FF,25,231,353,TEL,PDHD,"BATISTA, ESTEBAN",2FGAB,Missed Two Pointer,0,17,125,C,,,,27,04:00,47,56,
2007,FF,25,231,362,TEL,PDHD,"BATISTA, ESTEBAN",FTM,Free Throw In,1,-1,-1, ,,,,27,04:00,48,56,
2007,FF,25,231,363,TEL,PDHD,"BATISTA, ESTEBAN",FTM,Free Throw In,1,-1,-1, ,,,,27,04:00,49,56,
2007,FF,25,231,365,CSK,PASG,"VAN DEN SPIEGEL, TOMAS",2FGM,Two Pointer,2,-2,2,D,,,,27,04:00,49,58,
2007,FF,25,231,372,CSK,PAQO,"HOLDEN, JON ROBERT",2FGA,Missed Two Pointer,0,315,387,B,,,,28,03:00,49,58,
2007,FF,25,231,374,TEL,PBES,"BLUTHENTHAL, DAVID",2FGM,Two Pointer,2,346,276,B,,,,28,03:00,51,58,
2007,FF,25,231,377,TEL,P000615,"GARCIA, ALEX",2FGA,Missed Two Pointer,0,23,89,C,,,,28,03:00,51,58,
2007,FF,25,231,384,CSK,PBEB,"LANGDON, TRAJAN",FTM,Free Throw In,1,-1,-1, ,,,,29,02:00,51,59,
2007,FF,25,231,385,CSK,PBEB,"LANGDON, TRAJAN",FTM,Free Throw In,1,-1,-1, ,,,,29,02:00,51,60,
2007,FF,25,231,393,TEL,PLTS,"MORRIS, TERENCE",FTM,Free Throw In,1,-1,-1, ,,,,29,02:00,52,60,
2007,FF,25,231,398,CSK,PJMM,"SISKAUSKAS, RAMUNAS",3FGAB,Missed Three Pointer,0,610,346,A,,,,29,02:00,52,60,
2007,FF,25,231,402,TEL,PJFO,"CASSPI, OMRI",2FGA,Missed Two Pointer,0,153,156,C,,,,29,02:00,52,60,
2007,FF,25,231,410,CSK,PASG,"VAN DEN SPIEGEL, TOMAS",FTM,Free Throw In,1,-1,-1, ,,,,30,01:00,52,61,
2007,FF,25,231,411,CSK,PABN,"ZISIS, NIKOLAOS",3FGA,Missed Three Pointer,0,207,671,G,,,,30,01:00,52,61,
2007,FF,25,231,415,TEL,PJFO,"CASSPI, OMRI",FTM,Free Throw In,1,-1,-1, ,,,,30,01:00,53,61,
2007,FF,25,231,416,TEL,PJFO,"CASSPI, OMRI",FTM,Free Throw In,1,-1,-1, ,,,,30,01:00,54,61,
2007,FF,25,231,425,CSK,PJMM,"SISKAUSKAS, RAMUNAS",FTM,Free Throw In,1,-1,-1, ,,,,30,01:00,54,62,
2007,FF,25,231,426,CSK,PJMM,"SISKAUSKAS, RAMUNAS",FTM,Free Throw In,1,-1,-1, ,,,,30,01:00,54,63,
2007,FF,25,231,427,TEL,PLFR,"BYNUM, WILL",3FGM,Three Pointer,3,-23,689,J,,,,30,01:00,57,63,
2007,FF,25,231,434,CSK,PAKT,"ANDERSEN, DAVID",2FGA,Missed Two Pointer,0,-56,133,D,,,,31,10:00,57,63,
2007,FF,25,231,436,TEL,PDHD,"BATISTA, ESTEBAN",2FGA,Missed Two Pointer,0,-2,105,D,,,,31,10:00,57,63,
2007,FF,25,231,439,CSK,PJMM,"SISKAUSKAS, RAMUNAS",3FGM,Three Pointer,3,676,17,A,,,,31,10:00,57,66,
2007,FF,25,231,441,TEL,PBES,"BLUTHENTHAL, DAVID",3FGA,Missed Three Pointer,0,-482,523,J,,,,32,09:00,57,66,
2007,FF,25,231,449,TEL,PLFR,"BYNUM, WILL",3FGA,Missed Three Pointer,0,217,653,G,,,,32,09:00,57,66,
2007,FF,25,231,451,TEL,PAOZ,"HALPERIN, YOTAM",3FGA,Missed Three Pointer,0,-487,523,J,,,,32,09:00,57,66,
2007,FF,25,231,456,CSK,PAQO,"HOLDEN, JON ROBERT",2FGA,Missed Two Pointer,0,-392,423,E,,,,33,08:00,57,66,
2007,FF,25,231,469,CSK,PALC,"SMODIS, MATJAZ",FTM,Free Throw In,1,-1,-1, ,,,,33,08:00,57,67,
2007,FF,25,231,470,CSK,PALC,"SMODIS, MATJAZ",FTM,Free Throw In,1,-1,-1, ,,,,33,08:00,57,68,
2007,FF,25,231,472,TEL,P000615,"GARCIA, ALEX",3FGA,Missed Three Pointer,0,682,161,A,,,,34,07:00,57,68,
2007,FF,25,231,475,CSK,PALC,"SMODIS, MATJAZ",3FGM,Three Pointer,3,646,248,A,,,,34,07:00,57,71,
2007,FF,25,231,479,TEL,PLFR,"BYNUM, WILL",2FGA,Missed Two Pointer,0,117,215,C,,,,34,07:00,57,71,
2007,FF,25,231,485,CSK,PALC,"SMODIS, MATJAZ",FTM,Free Throw In,1,-1,-1, ,,,,34,07:00,57,72,
2007,FF,25,231,486,CSK,PALC,"SMODIS, MATJAZ",FTM,Free Throw In,1,-1,-1, ,,,,34,07:00,57,73,
2007,FF,25,231,492,CSK,PAKT,"ANDERSEN, DAVID",2FGA,Missed Two Pointer,0,-169,148,D,,,,35,06:00,57,73,
2007,FF,25,231,500,TEL,PAOU,"SHARP, DERRICK",3FGA,Missed Three Pointer,0,397,594,G,,,,35,06:00,57,73,
2007,FF,25,231,504,TEL,PLFR,"BYNUM, WILL",2FGM,Two Pointer,2,48,102,C,,,,35,06:00,59,73,
2007,FF,25,231,506,CSK,PAQO,"HOLDEN, JON ROBERT",3FGA,Missed Three Pointer,0,-282,674,J,,,,36,05:00,59,73,
2007,FF,25,231,508,TEL,PBES,"BLUTHENTHAL, DAVID",2FGA,Missed Two Pointer,0,-253,482,I,,,,36,05:00,59,73,
2007,FF,25,231,510,CSK,PAQO,"HOLDEN, JON ROBERT",3FGA,Missed Three Pointer,0,666,282,A,,,,36,05:00,59,73,
2007,FF,25,231,513,TEL,P000615,"GARCIA, ALEX",2FGM,Two Pointer,2,-38,66,D,,,,36,05:00,61,73,
2007,FF,25,231,516,CSK,PJMM,"SISKAUSKAS, RAMUNAS",2FGA,Missed Two Pointer,0,464,235,B,,,,36,05:00,61,73,
2007,FF,25,231,518,TEL,PLTS,"MORRIS, TERENCE",3FGA,Missed Three Pointer,0,-569,448,J,,,,36,05:00,61,73,
2007,FF,25,231,525,TEL,PLFR,"BYNUM, WILL",2FGM,Two Pointer,2,-43,74,D,,,,37,04:00,63,73,
2007,FF,25,231,530,CSK,PJMM,"SISKAUSKAS, RAMUNAS",FTM,Free Throw In,1,-1,-1, ,,,,37,04:00,63,74,
2007,FF,25,231,531,CSK,PJMM,"SISKAUSKAS, RAMUNAS",FTM,Free Throw In,1,-1,-1, ,,,,37,04:00,63,75,
2007,FF,25,231,534,CSK,PALC,"SMODIS, MATJAZ",2FGAB,Missed Two Pointer,0,-35,71,D,,,,38,03:00,63,75,
2007,FF,25,231,538,CSK,PBEB,"LANGDON, TRAJAN",2FGM,Two Pointer,2,-15,79,D,,,,38,03:00,63,77,
2007,FF,25,231,543,CSK,PATW,"PAPALOUKAS, THEODOROS",2FGM,Two Pointer,2,-43,79,D,,,,38,03:00,63,79,
2007,FF,25,231,545,TEL,PLTS,"MORRIS, TERENCE",3FGM,Three Pointer,3,694,125,A,,,,39,02:00,66,79,
2007,FF,25,231,547,CSK,PATW,"PAPALOUKAS, THEODOROS",3FGA,Missed Three Pointer,0,548,461,G,,,,39,02:00,66,79,
2007,FF,25,231,551,CSK,PATW,"PAPALOUKAS, THEODOROS",FTM,Free Throw In,1,-1,-1, ,,,,39,02:00,66,80,
2007,FF,25,231,552,CSK,PATW,"PAPALOUKAS, THEODOROS",FTM,Free Throw In,1,-1,-1, ,,,,39,02:00,66,81,
2007,FF,25,231,555,TEL,PAOZ,"HALPERIN, YOTAM",FTM,Free Throw In,1,-1,-1, ,,,,39,02:00,67,81,
2007,FF,25,231,556,TEL,PAOZ,"HALPERIN, YOTAM",FTM,Free Throw In,1,-1,-1, ,,,,39,02:00,68,81,
2007,FF,25,231,558,CSK,PATW,"PAPALOUKAS, THEODOROS",2FGM,Two Pointer,2,-2,-5,D,,,,39,02:00,68,83,
2007,FF,25,231,559,TEL,PAOU,"SHARP, DERRICK",3FGA,Missed Three Pointer,0,346,605,G,,,,39,02:00,68,83,
2007,FF,25,231,561,TEL,PAOZ,"HALPERIN, YOTAM",2FGM,Two Pointer,2,82,87,C,,,,39,02:00,70,83,
2007,FF,25,231,565,CSK,PAQO,"HOLDEN, JON ROBERT",FTM,Free Throw In,1,-1,-1, ,,,,40,01:00,70,84,
2007,FF,25,231,566,CSK,PAQO,"HOLDEN, JON ROBERT",FTM,Free Throw In,1,-1,-1, ,,,,40,01:00,70,85,
2007,FF,25,231,567,TEL,PAOZ,"HALPERIN, YOTAM",2FGM,Two Pointer,2,56,76,C,,,,40,01:00,72,85,
2007,FF,25,231,570,TEL,PAOZ,"HALPERIN, YOTAM",FTM,Free Throw In,1,-1,-1, ,,,,40,01:00,73,85,
2007,FF,25,231,575,TEL,PAOZ,"HALPERIN, YOTAM",FTM,Free Throw In,1,-1,-1, ,,,,40,01:00,74,85,
2007,FF,25,231,576,TEL,PAOZ,"HALPERIN, YOTAM",FTM,Free Throw In,1,-1,-1, ,,,,40,01:00,75,85,
2007,FF,25,231,579,CSK,PJMM,"SISKAUSKAS, RAMUNAS",FTM,Free Throw In,1,-1,-1, ,,,,40,01:00,75,86,
2007,FF,25,231,580,CSK,PJMM,"SISKAUSKAS, RAMUNAS",FTM,Free Throw In,1,-1,-1, ,,,,40,01:00,75,87,
2007,FF,25,231,582,TEL,PLTS,"MORRIS, TERENCE",2FGM,Two Pointer,2,-5,123,D,,,,40,01:00,77,87,
2007,FF,25,231,586,CSK,PJMM,"SISKAUSKAS, RAMUNAS",FTM,Free Throw In,1,-1,-1, ,,,,40,01:00,77,88,
2007,FF,25,231,587,CSK,PJMM,"SISKAUSKAS, RAMUNAS",FTM,Free Throw In,1,-1,-1, ,,,,40,01:00,77,89,
2007,FF,25,231,588,CSK,PBEB,"LANGDON, TRAJAN",2FGM,Two Pointer,2,-61,71,D,,,,40,01:00,77,91,
